SEASON_ID,PLAYER_ID,PLAYER_NAME,TEAM_ID,TEAM_ABBREVIATION,TEAM_NAME,GAME_ID,GAME_DATE,MATCHUP,WL,MIN,FGM,FGA,FG_PCT,FG3M,FG3A,FG3_PCT,FTM,FTA,FT_PCT,OREB,DREB,REB,AST,STL,BLK,TOV,PF,PTS,PLUS_MINUS,FANTASY_PTS,VIDEO_AVAILABLE,SEASON
22015,200757,Thabo Sefolosha,1610612737,ATL,Atlanta Hawks,0021500001,2015-10-27,ATL vs. DET,L,19,1,3,0.333,0,1,0.0,0,0,,1,6,7,3,4,0,0,1,2,-1,26.9,1,2015-16
22015,201952,Jeff Teague,1610612737,ATL,Atlanta Hawks,0021500001,2015-10-27,ATL vs. DET,L,32,7,16,0.438,1,3,0.333,3,4,0.75,0,2,2,4,0,0,5,1,18,-23,21.4,1,2015-16
22015,203145,Kent Bazemore,1610612737,ATL,Atlanta Hawks,0021500001,2015-10-27,ATL vs. DET,L,21,0,3,0.0,0,1,0.0,0,0,,0,7,7,1,0,0,4,3,0,-17,5.9,1,2015-16
22015,2760,Anderson Varejao,1610612739,CLE,Cleveland Cavaliers,0021500002,2015-10-27,CLE @ CHI,L,12,0,1,0.0,0,0,,2,2,1.0,1,1,2,0,0,1,0,1,2,9,7.4,1,2015-16
22015,202389,Timofey Mozgov,1610612739,CLE,Cleveland Cavaliers,0021500002,2015-10-27,CLE @ CHI,L,21,2,6,0.333,0,0,,1,2,0.5,2,3,5,2,0,2,3,2,5,-1,17.0,1,2015-16
22015,202684,Tristan Thompson,1610612739,CLE,Cleveland Cavaliers,0021500002,2015-10-27,CLE @ CHI,L,25,1,4,0.25,0,0,,0,0,,2,10,12,0,1,0,1,4,2,-6,18.4,1,2015-16
22015,203099,Jared Cunningham,1610612739,CLE,Cleveland Cavaliers,0021500002,2015-10-27,CLE @ CHI,L,3,0,2,0.0,0,0,,0,0,,0,0,0,0,0,0,0,0,0,-8,0.0,1,2015-16
22015,201569,Eric Gordon,1610612740,NOP,New Orleans Pelicans,0021500003,2015-10-27,NOP @ GSW,L,33,5,17,0.294,2,7,0.286,2,2,1.0,0,4,4,4,1,0,4,1,14,-9,23.8,1,2015-16
22015,201582,Alexis Ajinca,1610612740,NOP,New Orleans Pelicans,0021500003,2015-10-27,NOP @ GSW,L,17,3,7,0.429,0,0,,0,0,,3,1,4,0,0,0,1,3,6,4,9.8,1,2015-16
22015,201583,Ryan Anderson,1610612740,NOP,New Orleans Pelicans,0021500003,2015-10-27,NOP @ GSW,L,29,2,7,0.286,1,3,0.333,4,5,0.8,2,4,6,1,1,0,3,2,9,-8,17.7,1,2015-16
22015,202087,Alonzo Gee,1610612740,NOP,New Orleans Pelicans,0021500003,2015-10-27,NOP @ GSW,L,27,4,5,0.8,0,0,,0,0,,0,5,5,1,3,0,3,3,8,-8,21.5,1,2015-16
22015,2200,Pau Gasol,1610612741,CHI,Chicago Bulls,0021500002,2015-10-27,CHI vs. CLE,W,32,1,7,0.143,0,1,0.0,0,0,,0,2,2,0,1,6,0,1,2,-8,25.4,1,2015-16
22015,203503,Tony Snell,1610612741,CHI,Chicago Bulls,0021500002,2015-10-27,CHI vs. CLE,W,29,4,9,0.444,2,5,0.4,1,2,0.5,0,2,2,0,0,0,1,4,11,-1,12.4,1,2015-16
22015,101141,Ersan Ilyasova,1610612765,DET,Detroit Pistons,0021500001,2015-10-27,DET @ ATL,W,34,6,12,0.5,3,6,0.5,1,2,0.5,3,4,7,3,0,1,3,4,16,20,28.9,1,2015-16
22015,203382,Aron Baynes,1610612765,DET,Detroit Pistons,0021500001,2015-10-27,DET @ ATL,W,11,3,5,0.6,0,0,,0,0,,1,4,5,0,0,0,1,2,6,-11,11.0,1,2015-16
22015,1626169,Stanley Johnson,1610612765,DET,Detroit Pistons,0021500001,2015-10-27,DET @ ATL,W,24,3,10,0.3,1,3,0.333,0,0,,3,1,4,3,0,0,1,1,7,-13,15.3,1,2015-16
22015,200794,Paul Millsap,1610612737,ATL,Atlanta Hawks,0021500001,2015-10-27,ATL vs. DET,L,36,7,15,0.467,2,6,0.333,3,4,0.75,1,7,8,3,0,0,2,4,19,-22,31.1,1,2015-16
22015,201143,Al Horford,1610612737,ATL,Atlanta Hawks,0021500001,2015-10-27,ATL vs. DET,L,30,6,11,0.545,1,3,0.333,2,3,0.667,1,3,4,4,2,3,1,1,15,-5,39.8,1,2015-16
22015,203488,Mike Muscala,1610612737,ATL,Atlanta Hawks,0021500001,2015-10-27,ATL vs. DET,L,8,0,1,0.0,0,0,,0,0,,0,1,1,0,0,0,1,2,0,5,0.2,1,2015-16
22015,2590,Mo Williams,1610612739,CLE,Cleveland Cavaliers,0021500002,2015-10-27,CLE @ CHI,L,37,7,15,0.467,3,7,0.429,2,3,0.667,0,4,4,7,1,1,1,2,19,5,39.3,1,2015-16
22015,2747,JR Smith,1610612739,CLE,Cleveland Cavaliers,0021500002,2015-10-27,CLE @ CHI,L,30,3,10,0.3,0,2,0.0,2,4,0.5,1,4,5,3,1,0,0,4,8,0,21.5,1,2015-16
22015,2570,Kendrick Perkins,1610612740,NOP,New Orleans Pelicans,0021500003,2015-10-27,NOP @ GSW,L,16,5,5,1.0,0,0,,0,0,,0,4,4,1,0,0,0,1,10,-12,16.3,1,2015-16
22015,101126,Nate Robinson,1610612740,NOP,New Orleans Pelicans,0021500003,2015-10-27,NOP @ GSW,L,19,0,1,0.0,0,1,0.0,0,0,,0,0,0,3,1,0,0,5,0,-21,7.5,1,2015-16
22015,201967,Dante Cunningham,1610612740,NOP,New Orleans Pelicans,0021500003,2015-10-27,NOP @ GSW,L,27,5,8,0.625,2,3,0.667,1,1,1.0,1,1,2,0,0,0,0,2,13,-15,15.4,1,2015-16
22015,202397,Ish Smith,1610612740,NOP,New Orleans Pelicans,0021500003,2015-10-27,NOP @ GSW,L,38,7,13,0.538,1,2,0.5,2,4,0.5,1,1,2,9,3,0,2,5,17,5,39.9,1,2015-16
22015,203076,Anthony Davis,1610612740,NOP,New Orleans Pelicans,0021500003,2015-10-27,NOP @ GSW,L,35,4,20,0.2,0,2,0.0,10,15,0.667,1,5,6,2,0,3,5,4,18,-16,32.2,1,2015-16
22015,202734,E'Twaun Moore,1610612741,CHI,Chicago Bulls,0021500002,2015-10-27,CHI vs. CLE,W,14,5,8,0.625,1,2,0.5,0,0,,0,3,3,1,0,0,0,3,11,4,16.1,1,2015-16
22015,2733,Shaun Livingston,1610612744,GSW,Golden State Warriors,0021500003,2015-10-27,GSW vs. NOP,W,21,3,6,0.5,0,2,0.0,0,0,,0,3,3,2,0,1,0,1,6,12,15.6,1,2015-16
22015,2738,Andre Iguodala,1610612744,GSW,Golden State Warriors,0021500003,2015-10-27,GSW vs. NOP,W,23,1,3,0.333,0,1,0.0,0,0,,1,4,5,3,1,0,1,2,2,1,14.5,1,2015-16
22015,203949,James Michael McAdoo,1610612744,GSW,Golden State Warriors,0021500003,2015-10-27,GSW vs. NOP,W,3,0,0,,0,0,,2,2,1.0,0,0,0,0,1,0,2,4,2,2,3.0,1,2015-16
22015,203484,Kentavious Caldwell-Pope,1610612765,DET,Detroit Pistons,0021500001,2015-10-27,DET @ ATL,W,37,7,14,0.5,4,7,0.571,3,3,1.0,1,3,4,1,1,0,2,1,21,17,28.3,1,2015-16
22015,2594,Kyle Korver,1610612737,ATL,Atlanta Hawks,0021500001,2015-10-27,ATL vs. DET,L,29,3,9,0.333,1,5,0.2,0,0,,0,2,2,1,1,0,1,4,7,-9,12.9,1,2015-16
22015,203934,Lamar Patterson,1610612737,ATL,Atlanta Hawks,0021500001,2015-10-27,ATL vs. DET,L,18,1,1,1.0,1,1,1.0,2,2,1.0,0,1,1,2,0,0,0,4,5,10,9.2,1,2015-16
22015,203521,Matthew Dellavedova,1610612739,CLE,Cleveland Cavaliers,0021500002,2015-10-27,CLE @ CHI,L,20,3,8,0.375,0,2,0.0,0,0,,1,3,4,4,0,0,1,1,6,1,15.8,1,2015-16
22015,202703,Nikola Mirotic,1610612741,CHI,Chicago Bulls,0021500002,2015-10-27,CHI vs. CLE,W,25,6,11,0.545,3,4,0.75,4,4,1.0,2,7,9,1,1,0,4,5,19,9,30.3,1,2015-16
22015,101106,Andrew Bogut,1610612744,GSW,Golden State Warriors,0021500003,2015-10-27,GSW vs. NOP,W,19,6,6,1.0,0,0,,0,0,,1,4,5,5,0,2,0,2,12,17,31.5,1,2015-16
22015,203105,Festus Ezeli,1610612744,GSW,Golden State Warriors,0021500003,2015-10-27,GSW vs. NOP,W,17,6,10,0.6,0,0,,1,2,0.5,3,1,4,1,1,1,1,2,13,-7,24.3,1,2015-16
22015,202694,Marcus Morris Sr.,1610612765,DET,Detroit Pistons,0021500001,2015-10-27,DET @ ATL,W,37,6,19,0.316,1,4,0.25,5,6,0.833,5,5,10,4,0,0,0,1,18,17,36.0,1,2015-16
22015,202704,Reggie Jackson,1610612765,DET,Detroit Pistons,0021500001,2015-10-27,DET @ ATL,W,32,4,10,0.4,2,4,0.5,5,5,1.0,1,7,8,5,2,0,2,0,15,26,36.1,1,2015-16
22015,203083,Andre Drummond,1610612765,DET,Detroit Pistons,0021500001,2015-10-27,DET @ ATL,W,37,6,16,0.375,0,0,,6,10,0.6,8,11,19,3,1,2,2,4,18,23,52.3,1,2015-16
22015,203471,Dennis Schröder,1610612737,ATL,Atlanta Hawks,0021500001,2015-10-27,ATL vs. DET,L,25,8,14,0.571,2,5,0.4,2,2,1.0,1,2,3,4,2,0,1,1,20,4,34.6,1,2015-16
22015,2544,LeBron James,1610612739,CLE,Cleveland Cavaliers,0021500002,2015-10-27,CLE @ CHI,L,36,12,22,0.545,1,5,0.2,0,3,0.0,0,10,10,5,1,0,1,3,25,1,46.5,1,2015-16
22015,201567,Kevin Love,1610612739,CLE,Cleveland Cavaliers,0021500002,2015-10-27,CLE @ CHI,L,35,6,17,0.353,3,7,0.429,3,3,1.0,4,4,8,4,0,2,2,0,18,1,37.6,1,2015-16
22015,201149,Joakim Noah,1610612741,CHI,Chicago Bulls,0021500002,2015-10-27,CHI vs. CLE,W,17,0,0,,0,0,,0,2,0.0,2,7,9,4,1,0,1,1,0,1,18.8,1,2015-16
22015,201565,Derrick Rose,1610612741,CHI,Chicago Bulls,0021500002,2015-10-27,CHI vs. CLE,W,32,8,22,0.364,0,2,0.0,2,4,0.5,0,1,1,5,1,0,2,0,18,-1,27.7,1,2015-16
22015,201959,Taj Gibson,1610612741,CHI,Chicago Bulls,0021500002,2015-10-27,CHI vs. CLE,W,22,1,3,0.333,0,0,,3,4,0.75,2,8,10,0,0,3,3,6,5,2,23.0,1,2015-16
22015,2571,Leandro Barbosa,1610612744,GSW,Golden State Warriors,0021500003,2015-10-27,GSW vs. NOP,W,21,0,6,0.0,0,2,0.0,0,0,,1,5,6,2,0,1,3,3,0,-3,10.2,1,2015-16
22015,202691,Klay Thompson,1610612744,GSW,Golden State Warriors,0021500003,2015-10-27,GSW vs. NOP,W,26,3,8,0.375,0,2,0.0,3,3,1.0,0,5,5,3,1,1,7,5,9,4,18.5,1,2015-16
22015,203084,Harrison Barnes,1610612744,GSW,Golden State Warriors,0021500003,2015-10-27,GSW vs. NOP,W,33,3,12,0.25,1,5,0.2,1,2,0.5,5,4,9,3,1,0,1,3,8,17,25.3,1,2015-16
22015,201168,Tiago Splitter,1610612737,ATL,Atlanta Hawks,0021500001,2015-10-27,ATL vs. DET,L,16,2,5,0.4,0,0,,0,0,,3,1,4,0,0,1,0,4,4,-3,11.8,1,2015-16
22015,203118,Mike Scott,1610612737,ATL,Atlanta Hawks,0021500001,2015-10-27,ATL vs. DET,L,5,2,4,0.5,0,2,0.0,0,0,,0,1,1,0,0,0,0,0,4,1,5.2,1,2015-16
22015,2210,Richard Jefferson,1610612739,CLE,Cleveland Cavaliers,0021500002,2015-10-27,CLE @ CHI,L,17,4,7,0.571,2,4,0.5,0,0,,0,0,0,1,1,0,1,3,10,-5,13.5,1,2015-16
22015,2592,James Jones,1610612739,CLE,Cleveland Cavaliers,0021500002,2015-10-27,CLE @ CHI,L,4,0,2,0.0,0,2,0.0,0,0,,0,0,0,0,0,1,0,1,0,-7,3.0,1,2015-16
22015,201166,Aaron Brooks,1610612741,CHI,Chicago Bulls,0021500002,2015-10-27,CHI vs. CLE,W,16,3,9,0.333,0,1,0.0,0,0,,0,2,2,0,0,0,2,1,6,3,6.4,1,2015-16
22015,202710,Jimmy Butler III,1610612741,CHI,Chicago Bulls,0021500002,2015-10-27,CHI vs. CLE,W,37,6,14,0.429,0,2,0.0,5,5,1.0,1,4,5,2,2,1,0,1,17,3,35.0,1,2015-16
22015,203926,Doug McDermott,1610612741,CHI,Chicago Bulls,0021500002,2015-10-27,CHI vs. CLE,W,16,3,4,0.75,1,2,0.5,1,2,0.5,0,4,4,0,0,0,0,0,8,-2,12.8,1,2015-16
22015,201575,Brandon Rush,1610612744,GSW,Golden State Warriors,0021500003,2015-10-27,GSW vs. NOP,W,2,0,0,,0,0,,0,0,,0,0,0,0,0,0,0,0,0,3,0.0,1,2015-16
22015,201939,Stephen Curry,1610612744,GSW,Golden State Warriors,0021500003,2015-10-27,GSW vs. NOP,W,36,14,26,0.538,5,12,0.417,7,7,1.0,3,3,6,7,2,0,2,1,40,12,61.7,1,2015-16
22015,203110,Draymond Green,1610612744,GSW,Golden State Warriors,0021500003,2015-10-27,GSW vs. NOP,W,29,3,12,0.25,2,5,0.4,2,2,1.0,3,5,8,2,1,0,1,5,10,20,24.6,1,2015-16
22015,2581,Steve Blake,1610612765,DET,Detroit Pistons,0021500001,2015-10-27,DET @ ATL,W,16,1,6,0.167,1,5,0.2,0,0,,0,0,0,4,1,0,3,1,3,-14,9.0,1,2015-16
22015,201975,Jodie Meeks,1610612765,DET,Detroit Pistons,0021500001,2015-10-27,DET @ ATL,W,11,1,4,0.25,0,0,,0,0,,1,1,2,0,0,0,1,1,2,-5,3.4,1,2015-16
22015,201578,Marreese Speights,1610612744,GSW,Golden State Warriors,0021500003,2015-10-27,GSW vs. NOP,W,11,2,7,0.286,1,1,1.0,4,4,1.0,4,1,5,1,0,1,2,1,9,2,17.5,1,2015-16
22015,2544,LeBron James,1610612739,CLE,Cleveland Cavaliers,0021500011,2015-10-28,CLE @ MEM,W,31,4,13,0.308,0,3,0.0,4,8,0.5,1,6,7,5,3,0,3,1,12,10,33.9,1,2015-16
22015,2760,Anderson Varejao,1610612739,CLE,Cleveland Cavaliers,0021500011,2015-10-28,CLE @ MEM,W,11,2,6,0.333,0,0,,0,0,,2,3,5,2,0,0,1,2,4,17,12.0,1,2015-16
22015,201569,Eric Gordon,1610612740,NOP,New Orleans Pelicans,0021500015,2015-10-28,NOP @ POR,L,41,6,13,0.462,3,8,0.375,5,7,0.714,1,1,2,3,1,0,1,1,20,-22,28.9,1,2015-16
22015,202087,Alonzo Gee,1610612740,NOP,New Orleans Pelicans,0021500015,2015-10-28,NOP @ POR,L,18,1,3,0.333,0,1,0.0,1,1,1.0,0,1,1,2,0,0,1,2,3,-30,6.2,1,2015-16
22015,2200,Pau Gasol,1610612741,CHI,Chicago Bulls,0021500006,2015-10-28,CHI @ BKN,W,30,7,11,0.636,0,0,,2,2,1.0,1,8,9,3,0,1,3,2,16,23,31.3,1,2015-16
22015,101114,Deron Williams,1610612742,DAL,Dallas Mavericks,0021500014,2015-10-28,DAL @ PHX,W,20,5,8,0.625,2,2,1.0,0,0,,0,2,2,7,1,0,1,2,12,16,26.9,1,2015-16
22015,202083,Wesley Matthews,1610612742,DAL,Dallas Mavericks,0021500014,2015-10-28,DAL @ PHX,W,26,3,7,0.429,2,4,0.5,1,2,0.5,0,3,3,1,1,0,0,2,9,21,17.1,1,2015-16
22015,202379,Jeremy Evans,1610612742,DAL,Dallas Mavericks,0021500014,2015-10-28,DAL @ PHX,W,26,3,4,0.75,1,1,1.0,0,0,,1,5,6,0,1,1,0,1,7,5,20.2,1,2015-16
22015,203098,John Jenkins,1610612742,DAL,Dallas Mavericks,0021500014,2015-10-28,DAL @ PHX,W,4,0,1,0.0,0,0,,0,0,,0,0,0,0,0,0,0,1,0,-10,0.0,1,2015-16
22015,203939,Dwight Powell,1610612742,DAL,Dallas Mavericks,0021500014,2015-10-28,DAL @ PHX,W,17,4,7,0.571,0,0,,4,8,0.5,0,6,6,1,0,0,1,4,12,1,19.7,1,2015-16
22015,1626147,Justin Anderson,1610612742,DAL,Dallas Mavericks,0021500014,2015-10-28,DAL @ PHX,W,3,1,2,0.5,0,1,0.0,0,0,,0,1,1,0,0,0,0,2,2,-11,3.2,1,2015-16
22015,201568,Danilo Gallinari,1610612743,DEN,Denver Nuggets,0021500010,2015-10-28,DEN @ HOU,W,36,7,15,0.467,3,5,0.6,6,6,1.0,2,6,8,3,1,3,0,1,23,20,49.1,1,2015-16
22015,203115,Will Barton,1610612743,DEN,Denver Nuggets,0021500010,2015-10-28,DEN @ HOU,W,20,5,10,0.5,1,2,0.5,0,0,,1,3,4,0,1,0,0,0,11,4,18.8,1,2015-16
22015,203530,Joffrey Lauvergne,1610612743,DEN,Denver Nuggets,0021500010,2015-10-28,DEN @ HOU,W,22,4,5,0.8,1,1,1.0,2,2,1.0,2,5,7,1,0,1,1,3,11,16,22.9,1,2015-16
22015,203914,Gary Harris,1610612743,DEN,Denver Nuggets,0021500010,2015-10-28,DEN @ HOU,W,29,2,5,0.4,1,2,0.5,0,0,,0,5,5,5,3,1,1,4,5,23,29.5,1,2015-16
22015,1626144,Emmanuel Mudiay,1610612743,DEN,Denver Nuggets,0021500010,2015-10-28,DEN @ HOU,W,38,6,13,0.462,3,5,0.6,2,4,0.5,0,5,5,9,0,0,11,4,17,13,25.5,1,2015-16
22015,1891,Jason Terry,1610612745,HOU,Houston Rockets,0021500010,2015-10-28,HOU vs. DEN,L,11,0,1,0.0,0,1,0.0,0,0,,0,1,1,2,1,0,0,0,0,-1,7.2,1,2015-16
22015,201147,Corey Brewer,1610612745,HOU,Houston Rockets,0021500010,2015-10-28,HOU vs. DEN,L,29,2,12,0.167,1,3,0.333,0,2,0.0,0,7,7,0,2,1,1,3,5,-12,21.4,1,2015-16
22015,2037,Jamal Crawford,1610612746,LAC,LA Clippers,0021500016,2015-10-28,LAC @ SAC,W,21,5,9,0.556,0,1,0.0,1,2,0.5,0,0,0,1,1,0,0,2,11,-5,15.5,1,2015-16
22015,101108,Chris Paul,1610612746,LAC,LA Clippers,0021500016,2015-10-28,LAC @ SAC,W,37,6,14,0.429,1,4,0.25,5,6,0.833,0,5,5,11,2,0,2,1,18,15,44.5,1,2015-16
22015,202325,Wesley Johnson,1610612746,LAC,LA Clippers,0021500016,2015-10-28,LAC @ SAC,W,11,1,2,0.5,1,1,1.0,0,0,,0,0,0,0,1,0,0,0,3,-8,6.0,1,2015-16
22015,202362,Lance Stephenson,1610612746,LAC,LA Clippers,0021500016,2015-10-28,LAC @ SAC,W,19,3,5,0.6,1,2,0.5,0,0,,1,1,2,2,1,0,1,0,7,11,14.4,1,2015-16
22015,1626273,Marcelo Huertas,1610612747,LAL,Los Angeles Lakers,0021500017,2015-10-28,LAL vs. MIN,L,13,1,2,0.5,0,1,0.0,0,0,,1,1,2,2,0,0,1,2,2,-3,6.4,1,2015-16
22015,202355,Hassan Whiteside,1610612748,MIA,Miami Heat,0021500008,2015-10-28,MIA vs. CHA,W,20,2,4,0.5,0,0,,0,0,,0,6,6,0,0,2,2,3,4,4,15.2,1,2015-16
22015,2419,Tayshaun Prince,1610612750,MIN,Minnesota Timberwolves,0021500017,2015-10-28,MIN @ LAL,W,15,0,0,,0,0,,2,4,0.5,1,1,2,1,0,0,0,2,2,4,5.9,1,2015-16
22015,201937,Ricky Rubio,1610612750,MIN,Minnesota Timberwolves,0021500017,2015-10-28,MIN @ LAL,W,32,10,17,0.588,2,4,0.5,6,7,0.857,0,2,2,14,1,0,1,3,28,12,53.4,1,2015-16
22015,202357,Nemanja Bjelica,1610612750,MIN,Minnesota Timberwolves,0021500017,2015-10-28,MIN @ LAL,W,23,3,6,0.5,2,4,0.5,0,0,,0,5,5,2,0,1,0,5,8,6,20.0,1,2015-16
22015,203476,Gorgui Dieng,1610612750,MIN,Minnesota Timberwolves,0021500017,2015-10-28,MIN @ LAL,W,20,1,4,0.25,0,0,,2,2,1.0,1,3,4,1,1,2,1,3,4,-13,18.3,1,2015-16
22015,204014,Damjan Rudez,1610612750,MIN,Minnesota Timberwolves,0021500017,2015-10-28,MIN @ LAL,W,5,1,1,1.0,0,0,,0,0,,1,0,1,0,0,0,0,1,2,-7,3.2,1,2015-16
22015,200745,Andrea Bargnani,1610612751,BKN,Brooklyn Nets,0021500006,2015-10-28,BKN vs. CHI,L,22,6,13,0.462,0,1,0.0,5,5,1.0,2,5,7,0,1,1,1,4,17,2,30.4,1,2015-16
22015,2756,Sasha Vujacic,1610612752,NYK,New York Knicks,0021500012,2015-10-28,NYK @ MIL,W,29,4,6,0.667,1,2,0.5,2,3,0.667,1,5,6,3,4,0,0,1,11,16,34.7,1,2015-16
22015,202682,Derrick Williams,1610612752,NYK,New York Knicks,0021500012,2015-10-28,NYK @ MIL,W,21,8,17,0.471,1,3,0.333,7,9,0.778,4,3,7,1,0,1,2,1,24,20,34.9,1,2015-16
22015,203124,Kyle O'Quinn,1610612752,NYK,New York Knicks,0021500012,2015-10-28,NYK @ MIL,W,23,4,10,0.4,0,1,0.0,0,0,,7,4,11,3,1,2,1,4,8,23,33.7,1,2015-16
22015,203921,Cleanthony Early,1610612752,NYK,New York Knicks,0021500012,2015-10-28,NYK @ MIL,W,7,1,1,1.0,0,0,,0,0,,0,1,1,1,1,0,0,1,2,7,7.7,1,2015-16
22015,204038,Langston Galloway,1610612752,NYK,New York Knicks,0021500012,2015-10-28,NYK @ MIL,W,25,5,10,0.5,4,5,0.8,2,2,1.0,2,2,4,3,0,0,0,4,16,13,25.3,1,2015-16
22015,201160,Jason Smith,1610612753,ORL,Orlando Magic,0021500004,2015-10-28,ORL vs. WAS,L,5,1,2,0.5,0,0,,0,0,,1,0,1,0,1,0,0,1,2,-5,6.2,1,2015-16
22015,203506,Victor Oladipo,1610612753,ORL,Orlando Magic,0021500004,2015-10-28,ORL vs. WAS,L,36,7,20,0.35,1,8,0.125,2,2,1.0,3,8,11,2,2,0,1,2,17,-10,38.2,1,2015-16
22015,201978,Chase Budinger,1610612754,IND,Indiana Pacers,0021500009,2015-10-28,IND @ TOR,L,15,0,4,0.0,0,2,0.0,0,0,,0,2,2,1,0,0,0,1,0,-9,3.9,1,2015-16
22015,203138,Hollis Thompson,1610612755,PHI,Philadelphia 76ers,0021500005,2015-10-28,PHI @ BOS,L,36,3,14,0.214,3,9,0.333,0,0,,1,2,3,3,0,0,2,6,9,-15,15.1,1,2015-16
22015,203477,Isaiah Canaan,1610612755,PHI,Philadelphia 76ers,0021500005,2015-10-28,PHI @ BOS,L,38,6,14,0.429,4,10,0.4,2,2,1.0,1,6,7,2,1,0,3,0,18,-3,29.4,1,2015-16
22015,1626158,Richaun Holmes,1610612755,PHI,Philadelphia 76ers,0021500005,2015-10-28,PHI @ BOS,L,6,1,3,0.333,0,0,,0,0,,1,2,3,0,0,1,0,1,2,-4,8.6,1,2015-16
22015,202688,Brandon Knight,1610612756,PHX,Phoenix Suns,0021500014,2015-10-28,PHX vs. DAL,L,34,6,13,0.462,1,4,0.25,2,2,1.0,1,5,6,3,0,1,6,4,15,-23,23.7,1,2015-16
22015,203933,T.J. Warren,1610612756,PHX,Phoenix Suns,0021500014,2015-10-28,PHX vs. DAL,L,20,4,13,0.308,1,3,0.333,0,0,,1,3,4,0,0,0,1,0,9,-4,12.8,1,2015-16
22015,1626164,Devin Booker,1610612756,PHX,Phoenix Suns,0021500014,2015-10-28,PHX vs. DAL,L,21,6,7,0.857,1,2,0.5,1,3,0.333,0,3,3,0,1,0,0,2,14,4,20.6,1,2015-16
22015,201988,Patty Mills,1610612759,SAS,San Antonio Spurs,0021500013,2015-10-28,SAS @ OKC,L,22,3,7,0.429,2,3,0.667,1,2,0.5,0,3,3,2,0,0,0,3,9,-4,15.6,1,2015-16
22015,201586,Serge Ibaka,1610612760,OKC,Oklahoma City Thunder,0021500013,2015-10-28,OKC vs. SAS,W,34,4,9,0.444,0,1,0.0,2,2,1.0,2,3,5,1,0,2,4,1,10,10,19.5,1,2015-16
22015,201949,James Johnson,1610612761,TOR,Toronto Raptors,0021500009,2015-10-28,TOR vs. IND,W,3,0,0,,0,0,,0,0,,0,0,0,0,0,0,0,0,0,6,0.0,1,2015-16
22015,201960,DeMarre Carroll,1610612761,TOR,Toronto Raptors,0021500009,2015-10-28,TOR vs. IND,W,41,5,14,0.357,1,4,0.25,3,6,0.5,2,6,8,4,2,0,2,2,14,7,33.6,1,2015-16
22015,202335,Patrick Patterson,1610612761,TOR,Toronto Raptors,0021500009,2015-10-28,TOR vs. IND,W,19,3,7,0.429,2,5,0.4,0,0,,0,4,4,1,1,0,2,0,8,4,15.3,1,2015-16
22015,2216,Zach Randolph,1610612763,MEM,Memphis Grizzlies,0021500011,2015-10-28,MEM vs. CLE,L,31,5,11,0.455,0,1,0.0,2,4,0.5,3,5,8,0,1,0,2,1,12,-7,22.6,1,2015-16
22015,201145,Jeff Green,1610612763,MEM,Memphis Grizzlies,0021500011,2015-10-28,MEM vs. CLE,L,20,3,9,0.333,1,3,0.333,1,2,0.5,0,1,1,2,0,0,0,5,8,-21,12.2,1,2015-16
22015,201148,Brandan Wright,1610612763,MEM,Memphis Grizzlies,0021500011,2015-10-28,MEM vs. CLE,L,17,2,5,0.4,0,0,,4,4,1.0,1,1,2,0,0,1,2,1,8,-22,11.4,1,2015-16
22015,201584,Courtney Lee,1610612763,MEM,Memphis Grizzlies,0021500011,2015-10-28,MEM vs. CLE,L,31,2,9,0.222,1,4,0.25,2,2,1.0,0,2,2,2,2,1,0,0,7,-12,21.4,1,2015-16
22015,203210,JaMychal Green,1610612763,MEM,Memphis Grizzlies,0021500011,2015-10-28,MEM vs. CLE,L,14,2,5,0.4,0,1,0.0,0,2,0.0,4,3,7,0,0,0,0,2,4,-17,12.4,1,2015-16
22015,202322,John Wall,1610612764,WAS,Washington Wizards,0021500004,2015-10-28,WAS @ ORL,W,39,9,18,0.5,2,6,0.333,2,6,0.333,1,6,7,6,3,5,6,3,22,10,57.4,1,2015-16
22015,203078,Bradley Beal,1610612764,WAS,Washington Wizards,0021500004,2015-10-28,WAS @ ORL,W,38,9,19,0.474,2,8,0.25,4,7,0.571,3,3,6,0,0,1,4,2,24,4,30.2,1,2015-16
22015,201975,Jodie Meeks,1610612765,DET,Detroit Pistons,0021500007,2015-10-28,DET vs. UTA,W,6,0,1,0.0,0,0,,0,0,,0,0,0,0,0,0,0,1,0,5,0.0,1,2015-16
22015,203382,Aron Baynes,1610612765,DET,Detroit Pistons,0021500007,2015-10-28,DET vs. UTA,W,12,1,4,0.25,0,0,,2,2,1.0,2,1,3,0,0,1,0,3,4,-9,10.6,1,2015-16
22015,101161,Amir Johnson,1610612738,BOS,Boston Celtics,0021500005,2015-10-28,BOS vs. PHI,W,20,6,11,0.545,1,2,0.5,2,2,1.0,3,4,7,1,0,2,1,3,15,16,29.9,1,2015-16
22015,202323,Evan Turner,1610612738,BOS,Boston Celtics,0021500005,2015-10-28,BOS vs. PHI,W,22,2,5,0.4,0,1,0.0,2,2,1.0,1,3,4,2,0,0,3,0,6,23,10.8,1,2015-16
22015,203109,Jae Crowder,1610612738,BOS,Boston Celtics,0021500005,2015-10-28,BOS vs. PHI,W,31,4,7,0.571,2,4,0.5,4,4,1.0,2,4,6,3,2,0,3,3,14,-4,28.7,1,2015-16
22015,1626179,Terry Rozier,1610612738,BOS,Boston Celtics,0021500005,2015-10-28,BOS vs. PHI,W,2,0,2,0.0,0,0,,0,0,,1,0,1,0,0,0,0,0,0,0,1.2,1,2015-16
22015,2747,JR Smith,1610612739,CLE,Cleveland Cavaliers,0021500011,2015-10-28,CLE @ MEM,W,34,4,10,0.4,1,2,0.5,0,0,,2,5,7,7,1,0,1,2,9,16,29.9,1,2015-16
22015,201567,Kevin Love,1610612739,CLE,Cleveland Cavaliers,0021500011,2015-10-28,CLE @ MEM,W,29,7,14,0.5,2,7,0.286,1,1,1.0,2,11,13,3,0,0,3,2,17,18,34.1,1,2015-16
22015,202684,Tristan Thompson,1610612739,CLE,Cleveland Cavaliers,0021500011,2015-10-28,CLE @ MEM,W,20,2,2,1.0,0,0,,1,2,0.5,3,5,8,1,0,0,2,4,5,19,14.1,1,2015-16
22015,2570,Kendrick Perkins,1610612740,NOP,New Orleans Pelicans,0021500015,2015-10-28,NOP @ POR,L,9,2,4,0.5,0,0,,0,0,,1,3,4,0,0,0,0,0,4,-16,8.8,1,2015-16
22015,201950,Jrue Holiday,1610612740,NOP,New Orleans Pelicans,0021500015,2015-10-28,NOP @ POR,L,21,5,14,0.357,1,4,0.25,1,1,1.0,0,1,1,3,0,0,2,2,12,-13,15.7,1,2015-16
22015,201967,Dante Cunningham,1610612740,NOP,New Orleans Pelicans,0021500015,2015-10-28,NOP @ POR,L,31,0,3,0.0,0,3,0.0,0,0,,0,6,6,1,1,0,0,3,0,9,11.7,1,2015-16
22015,203076,Anthony Davis,1610612740,NOP,New Orleans Pelicans,0021500015,2015-10-28,NOP @ POR,L,41,10,17,0.588,3,5,0.6,2,4,0.5,2,8,10,0,2,2,2,1,25,-8,47.0,1,2015-16
22015,2550,Kirk Hinrich,1610612741,CHI,Chicago Bulls,0021500006,2015-10-28,CHI @ BKN,W,5,0,0,,0,0,,0,0,,0,0,0,1,0,0,0,0,0,-7,1.5,1,2015-16
22015,201959,Taj Gibson,1610612741,CHI,Chicago Bulls,0021500006,2015-10-28,CHI @ BKN,W,18,1,4,0.25,0,0,,1,2,0.5,1,0,1,0,0,0,3,3,3,-15,1.2,1,2015-16
22015,203926,Doug McDermott,1610612741,CHI,Chicago Bulls,0021500006,2015-10-28,CHI @ BKN,W,20,3,7,0.429,2,4,0.5,0,0,,1,1,2,1,0,0,3,2,8,-14,8.9,1,2015-16
22015,2585,Zaza Pachulia,1610612742,DAL,Dallas Mavericks,0021500014,2015-10-28,DAL @ PHX,W,25,2,10,0.2,0,0,,6,6,1.0,3,7,10,3,2,1,1,2,10,26,34.5,1,2015-16
22015,202702,Kenneth Faried,1610612743,DEN,Denver Nuggets,0021500010,2015-10-28,DEN @ HOU,W,31,8,10,0.8,0,0,,2,6,0.333,3,6,9,1,1,3,2,5,18,21,40.3,1,2015-16
22015,203475,Erick Green,1610612743,DEN,Denver Nuggets,0021500010,2015-10-28,DEN @ HOU,W,1,0,0,,0,0,,0,0,,0,0,0,1,0,0,0,0,0,2,1.5,1,2015-16
22015,2772,Trevor Ariza,1610612745,HOU,Houston Rockets,0021500010,2015-10-28,HOU vs. DEN,L,33,2,10,0.2,1,7,0.143,1,2,0.5,1,1,2,1,3,1,3,2,6,-13,18.9,1,2015-16
22015,201976,Patrick Beverley,1610612745,HOU,Houston Rockets,0021500010,2015-10-28,HOU vs. DEN,L,21,3,9,0.333,2,7,0.286,0,0,,2,6,8,1,2,0,3,2,8,-2,22.1,1,2015-16
22015,203093,Terrence Jones,1610612745,HOU,Houston Rockets,0021500010,2015-10-28,HOU vs. DEN,L,29,6,13,0.462,0,2,0.0,3,5,0.6,4,2,6,0,1,1,2,4,15,-18,26.2,1,2015-16
22015,203991,Clint Capela,1610612745,HOU,Houston Rockets,0021500010,2015-10-28,HOU vs. DEN,L,25,4,7,0.571,0,0,,1,2,0.5,6,1,7,0,2,3,1,2,9,-16,31.4,1,2015-16
22015,1626149,Montrezl Harrell,1610612745,HOU,Houston Rockets,0021500010,2015-10-28,HOU vs. DEN,L,16,4,4,1.0,0,0,,0,0,,1,2,3,1,0,0,0,4,8,2,13.1,1,2015-16
22015,2746,Josh Smith,1610612746,LAC,LA Clippers,0021500016,2015-10-28,LAC @ SAC,W,16,0,2,0.0,0,0,,1,2,0.5,0,6,6,0,0,4,5,4,1,-14,15.2,1,2015-16
22015,200755,JJ Redick,1610612746,LAC,LA Clippers,0021500016,2015-10-28,LAC @ SAC,W,31,5,11,0.455,2,5,0.4,3,3,1.0,0,0,0,0,1,0,2,3,15,17,16.0,1,2015-16
22015,201599,DeAndre Jordan,1610612746,LAC,LA Clippers,0021500016,2015-10-28,LAC @ SAC,W,27,4,6,0.667,0,0,,0,3,0.0,2,10,12,1,0,4,1,5,8,15,34.9,1,2015-16
22015,201933,Blake Griffin,1610612746,LAC,LA Clippers,0021500016,2015-10-28,LAC @ SAC,W,38,14,20,0.7,0,0,,5,7,0.714,2,6,8,4,0,0,2,3,33,16,46.6,1,2015-16
22015,203085,Austin Rivers,1610612746,LAC,LA Clippers,0021500016,2015-10-28,LAC @ SAC,W,16,0,3,0.0,0,2,0.0,3,4,0.75,0,2,2,1,2,1,1,1,3,-8,14.9,1,2015-16
22015,1626156,D'Angelo Russell,1610612747,LAL,Los Angeles Lakers,0021500017,2015-10-28,LAL vs. MIN,L,26,2,7,0.286,0,3,0.0,0,0,,2,1,3,2,0,0,3,3,4,-9,7.6,1,2015-16
22015,2547,Chris Bosh,1610612748,MIA,Miami Heat,0021500008,2015-10-28,MIA vs. CHA,W,32,5,13,0.385,2,5,0.4,9,10,0.9,0,10,10,1,1,1,1,1,21,10,39.5,1,2015-16
22015,2617,Udonis Haslem,1610612748,MIA,Miami Heat,0021500008,2015-10-28,MIA vs. CHA,W,11,3,4,0.75,0,1,0.0,0,0,,0,4,4,1,1,0,1,2,6,1,14.3,1,2015-16
22015,203114,Khris Middleton,1610612749,MIL,Milwaukee Bucks,0021500012,2015-10-28,MIL vs. NYK,L,35,4,15,0.267,3,6,0.5,0,0,,1,1,2,0,0,0,2,4,11,-12,11.4,1,2015-16
22015,203142,Chris Copeland,1610612749,MIL,Milwaukee Bucks,0021500012,2015-10-28,MIL vs. NYK,L,19,3,7,0.429,2,3,0.667,0,0,,1,1,2,0,1,0,1,3,8,-17,12.4,1,2015-16
22015,203996,Damien Inglis,1610612749,MIL,Milwaukee Bucks,0021500012,2015-10-28,MIL vs. NYK,L,15,1,2,0.5,1,2,0.5,0,0,,1,3,4,1,1,0,1,3,3,-6,11.3,1,2015-16
22015,201152,Thaddeus Young,1610612751,BKN,Brooklyn Nets,0021500006,2015-10-28,BKN vs. CHI,L,24,6,12,0.5,0,0,,0,0,,3,2,5,0,1,0,3,4,12,-15,18.0,1,2015-16
22015,201961,Wayne Ellington,1610612751,BKN,Brooklyn Nets,0021500006,2015-10-28,BKN vs. CHI,L,12,0,3,0.0,0,1,0.0,0,0,,0,2,2,1,0,1,0,0,0,-17,6.9,1,2015-16
22015,203080,Thomas Robinson,1610612751,BKN,Brooklyn Nets,0021500006,2015-10-28,BKN vs. CHI,L,15,1,3,0.333,0,0,,2,4,0.5,2,3,5,2,2,0,1,0,4,5,18.0,1,2015-16
22015,203900,Markel Brown,1610612751,BKN,Brooklyn Nets,0021500006,2015-10-28,BKN vs. CHI,L,9,2,4,0.5,0,1,0.0,2,4,0.5,0,1,1,2,0,0,0,0,6,-3,10.2,1,2015-16
22015,1626178,Rondae Hollis-Jefferson,1610612751,BKN,Brooklyn Nets,0021500006,2015-10-28,BKN vs. CHI,L,24,4,6,0.667,0,0,,0,0,,0,5,5,0,2,1,1,0,8,16,22.0,1,2015-16
22015,101181,Jose Calderon,1610612752,NYK,New York Knicks,0021500012,2015-10-28,NYK @ MIL,W,18,1,5,0.2,1,4,0.25,0,0,,0,3,3,1,0,0,1,4,3,1,7.1,1,2015-16
22015,202696,Nikola Vučević,1610612753,ORL,Orlando Magic,0021500004,2015-10-28,ORL vs. WAS,L,28,5,13,0.385,0,0,,0,0,,1,6,7,2,1,2,2,4,10,-10,28.4,1,2015-16
22015,202699,Tobias Harris,1610612753,ORL,Orlando Magic,0021500004,2015-10-28,ORL vs. WAS,L,31,7,14,0.5,0,3,0.0,1,2,0.5,2,5,7,3,0,1,2,4,15,-1,28.9,1,2015-16
22015,203901,Elfrid Payton,1610612753,ORL,Orlando Magic,0021500004,2015-10-28,ORL vs. WAS,L,35,5,15,0.333,1,3,0.333,0,0,,4,6,10,8,1,0,2,1,11,-11,36.0,1,2015-16
22015,101133,Ian Mahinmi,1610612754,IND,Indiana Pacers,0021500009,2015-10-28,IND @ TOR,L,25,5,8,0.625,0,0,,0,0,,3,5,8,3,2,2,1,6,10,-5,35.1,1,2015-16
22015,201588,George Hill,1610612754,IND,Indiana Pacers,0021500009,2015-10-28,IND @ TOR,L,38,6,10,0.6,5,7,0.714,2,3,0.667,0,3,3,2,2,1,2,5,19,-1,32.6,1,2015-16
22015,202331,Paul George,1610612754,IND,Indiana Pacers,0021500009,2015-10-28,IND @ TOR,L,37,4,17,0.235,0,4,0.0,9,10,0.9,3,9,12,8,3,0,3,3,17,-4,49.4,1,2015-16
22015,203960,JaKarr Sampson,1610612755,PHI,Philadelphia 76ers,0021500005,2015-10-28,PHI @ BOS,L,27,5,9,0.556,0,1,0.0,3,3,1.0,0,4,4,0,1,0,3,1,13,1,17.8,1,2015-16
22015,1626174,Christian Wood,1610612755,PHI,Philadelphia 76ers,0021500005,2015-10-28,PHI @ BOS,L,6,0,2,0.0,0,0,,0,0,,2,0,2,0,0,0,0,0,0,-12,2.4,1,2015-16
22015,101179,Ronnie Price,1610612756,PHX,Phoenix Suns,0021500014,2015-10-28,PHX vs. DAL,L,11,0,1,0.0,0,1,0.0,0,0,,0,0,0,0,0,0,2,2,0,7,-2.0,1,2015-16
22015,200782,P.J. Tucker,1610612756,PHX,Phoenix Suns,0021500014,2015-10-28,PHX vs. DAL,L,9,1,3,0.333,0,1,0.0,0,2,0.0,1,0,1,0,0,0,0,2,2,-15,3.2,1,2015-16
22015,201603,Sonny Weems,1610612756,PHX,Phoenix Suns,0021500014,2015-10-28,PHX vs. DAL,L,15,0,2,0.0,0,1,0.0,0,0,,0,3,3,2,1,0,1,1,0,8,8.6,1,2015-16
22015,202339,Eric Bledsoe,1610612756,PHX,Phoenix Suns,0021500014,2015-10-28,PHX vs. DAL,L,31,4,12,0.333,0,2,0.0,5,7,0.714,1,3,4,4,0,0,2,4,13,-25,21.8,1,2015-16
22015,202334,Ed Davis,1610612757,POR,Portland Trail Blazers,0021500015,2015-10-28,POR vs. NOP,W,29,5,6,0.833,0,0,,2,2,1.0,2,9,11,0,1,0,0,5,12,18,28.2,1,2015-16
22015,203081,Damian Lillard,1610612757,POR,Portland Trail Blazers,0021500015,2015-10-28,POR vs. NOP,W,36,8,21,0.381,1,7,0.143,4,4,1.0,0,5,5,11,2,0,4,2,21,17,45.5,1,2015-16
22015,203486,Mason Plumlee,1610612757,POR,Portland Trail Blazers,0021500015,2015-10-28,POR vs. NOP,W,19,3,4,0.75,0,0,,1,3,0.333,1,5,6,6,0,0,0,4,7,0,23.2,1,2015-16
22015,2406,Caron Butler,1610612758,SAC,Sacramento Kings,0021500016,2015-10-28,SAC vs. LAC,L,13,4,7,0.571,0,1,0.0,0,0,,1,1,2,0,1,0,0,1,8,-2,13.4,1,2015-16
22015,201158,Marco Belinelli,1610612758,SAC,Sacramento Kings,0021500016,2015-10-28,SAC vs. LAC,L,32,3,12,0.25,3,7,0.429,0,0,,0,2,2,7,1,0,0,3,9,-1,24.9,1,2015-16
22015,201954,Darren Collison,1610612758,SAC,Sacramento Kings,0021500016,2015-10-28,SAC vs. LAC,L,30,5,12,0.417,1,4,0.25,2,5,0.4,1,0,1,6,1,0,1,3,13,1,25.2,1,2015-16
22015,201956,Omri Casspi,1610612758,SAC,Sacramento Kings,0021500016,2015-10-28,SAC vs. LAC,L,20,2,5,0.4,1,1,1.0,0,0,,1,8,9,0,1,0,2,2,5,8,16.8,1,2015-16
22015,2225,Tony Parker,1610612759,SAS,San Antonio Spurs,0021500013,2015-10-28,SAS @ OKC,L,26,5,11,0.455,0,0,,0,0,,0,3,3,3,0,0,2,5,10,-2,16.1,1,2015-16
22015,2561,David West,1610612759,SAS,San Antonio Spurs,0021500013,2015-10-28,SAS @ OKC,L,18,4,7,0.571,0,0,,0,0,,1,1,2,1,0,0,1,1,8,3,10.9,1,2015-16
22015,200746,LaMarcus Aldridge,1610612759,SAS,San Antonio Spurs,0021500013,2015-10-28,SAS @ OKC,L,32,4,12,0.333,0,1,0.0,3,4,0.75,2,3,5,1,0,1,0,2,11,-7,21.5,1,2015-16
22015,2449,Luis Scola,1610612761,TOR,Toronto Raptors,0021500009,2015-10-28,TOR vs. IND,W,17,0,0,,0,0,,0,0,,2,6,8,0,1,0,4,1,0,1,8.6,1,2015-16
22015,203082,Terrence Ross,1610612761,TOR,Toronto Raptors,0021500009,2015-10-28,TOR vs. IND,W,8,1,4,0.25,1,2,0.5,2,2,1.0,0,0,0,1,0,0,0,4,5,5,6.5,1,2015-16
22015,202330,Gordon Hayward,1610612762,UTA,Utah Jazz,0021500007,2015-10-28,UTA @ DET,L,35,5,11,0.455,0,2,0.0,3,6,0.5,1,3,4,1,1,1,4,3,13,1,21.3,1,2015-16
22015,204060,Joe Ingles,1610612762,UTA,Utah Jazz,0021500007,2015-10-28,UTA @ DET,L,16,2,4,0.5,0,1,0.0,0,0,,0,2,2,0,0,0,0,1,4,-1,6.4,1,2015-16
22015,1626168,Trey Lyles,1610612762,UTA,Utah Jazz,0021500007,2015-10-28,UTA @ DET,L,8,0,1,0.0,0,0,,0,0,,0,1,1,1,0,0,0,0,0,-15,2.7,1,2015-16
22015,2440,Matt Barnes,1610612763,MEM,Memphis Grizzlies,0021500011,2015-10-28,MEM vs. CLE,L,18,0,4,0.0,0,3,0.0,0,0,,0,2,2,1,0,0,2,2,0,-28,1.9,1,2015-16
22015,2754,Tony Allen,1610612763,MEM,Memphis Grizzlies,0021500011,2015-10-28,MEM vs. CLE,L,23,3,6,0.5,0,0,,0,0,,3,4,7,2,2,1,2,1,6,-6,24.4,1,2015-16
22015,201188,Marc Gasol,1610612763,MEM,Memphis Grizzlies,0021500011,2015-10-28,MEM vs. CLE,L,30,6,12,0.5,0,0,,0,0,,0,5,5,0,0,0,1,3,12,-6,17.0,1,2015-16
22015,2743,Kris Humphries,1610612764,WAS,Washington Wizards,0021500004,2015-10-28,WAS @ ORL,W,26,4,9,0.444,1,3,0.333,2,2,1.0,2,4,6,0,1,0,3,2,11,9,18.2,1,2015-16
22015,2581,Steve Blake,1610612765,DET,Detroit Pistons,0021500007,2015-10-28,DET vs. UTA,W,17,1,3,0.333,0,1,0.0,0,0,,0,4,4,7,0,0,1,0,2,10,16.3,1,2015-16
22015,101141,Ersan Ilyasova,1610612765,DET,Detroit Pistons,0021500007,2015-10-28,DET vs. UTA,W,22,3,6,0.5,2,4,0.5,0,0,,0,2,2,1,1,0,1,4,8,-6,13.9,1,2015-16
22015,202694,Marcus Morris Sr.,1610612765,DET,Detroit Pistons,0021500007,2015-10-28,DET vs. UTA,W,35,5,10,0.5,1,1,1.0,3,3,1.0,1,5,6,1,0,0,2,3,14,13,20.7,1,2015-16
22015,2744,Al Jefferson,1610612766,CHA,Charlotte Hornets,0021500008,2015-10-28,CHA @ MIA,L,22,8,14,0.571,0,0,,1,3,0.333,2,3,5,1,1,0,1,1,17,-8,26.5,1,2015-16
22015,201150,Spencer Hawes,1610612766,CHA,Charlotte Hornets,0021500008,2015-10-28,CHA @ MIA,L,18,3,5,0.6,0,1,0.0,1,2,0.5,0,3,3,0,0,0,0,2,7,-14,10.6,1,2015-16
22015,101135,David Lee,1610612738,BOS,Boston Celtics,0021500005,2015-10-28,BOS vs. PHI,W,22,2,8,0.25,0,0,,4,4,1.0,1,4,5,5,0,1,2,3,8,-4,22.5,1,2015-16
22015,201973,Jonas Jerebko,1610612738,BOS,Boston Celtics,0021500005,2015-10-28,BOS vs. PHI,W,15,2,7,0.286,1,2,0.5,0,0,,0,3,3,3,0,1,0,1,5,14,16.1,1,2015-16
22015,203096,Jared Sullinger,1610612738,BOS,Boston Celtics,0021500005,2015-10-28,BOS vs. PHI,W,21,6,8,0.75,0,2,0.0,0,0,,0,7,7,2,1,1,1,3,12,5,28.4,1,2015-16
22015,2592,James Jones,1610612739,CLE,Cleveland Cavaliers,0021500011,2015-10-28,CLE @ MEM,W,5,1,2,0.5,1,1,1.0,0,0,,0,0,0,0,0,0,1,1,3,2,2.0,1,2015-16
22015,101126,Nate Robinson,1610612740,NOP,New Orleans Pelicans,0021500015,2015-10-28,NOP @ POR,L,4,0,0,,0,0,,0,0,,0,0,0,1,0,0,0,0,0,1,1.5,1,2015-16
22015,201166,Aaron Brooks,1610612741,CHI,Chicago Bulls,0021500006,2015-10-28,CHI @ BKN,W,16,5,9,0.556,2,6,0.333,0,0,,0,1,1,3,1,0,1,4,12,1,19.7,1,2015-16
22015,203503,Tony Snell,1610612741,CHI,Chicago Bulls,0021500006,2015-10-28,CHI @ BKN,W,22,3,7,0.429,2,4,0.5,2,2,1.0,0,5,5,0,0,0,0,3,10,25,16.0,1,2015-16
22015,203999,Nikola Jokić,1610612743,DEN,Denver Nuggets,0021500010,2015-10-28,DEN @ HOU,W,4,1,1,1.0,0,0,,0,0,,0,0,0,0,0,0,1,0,2,1,1.0,1,2015-16
22015,1626155,Sam Dekker,1610612745,HOU,Houston Rockets,0021500010,2015-10-28,HOU vs. DEN,L,1,0,0,,0,0,,0,0,,0,0,0,0,0,0,0,0,0,-2,0.0,1,2015-16
22015,1718,Paul Pierce,1610612746,LAC,LA Clippers,0021500016,2015-10-28,LAC @ SAC,W,24,4,8,0.5,1,4,0.25,3,4,0.75,1,6,7,0,0,0,1,0,12,-4,19.4,1,2015-16
22015,977,Kobe Bryant,1610612747,LAL,Los Angeles Lakers,0021500017,2015-10-28,LAL vs. MIN,L,29,8,24,0.333,3,13,0.231,5,5,1.0,0,4,4,1,2,0,0,1,24,-6,36.3,1,2015-16
22015,203903,Jordan Clarkson,1610612747,LAL,Los Angeles Lakers,0021500017,2015-10-28,LAL vs. MIN,L,30,5,10,0.5,0,2,0.0,4,6,0.667,0,2,2,3,0,0,2,4,14,7,18.9,1,2015-16
22015,202328,Greg Monroe,1610612749,MIL,Milwaukee Bucks,0021500012,2015-10-28,MIL vs. NYK,L,35,7,17,0.412,0,0,,8,10,0.8,7,7,14,4,2,2,0,3,22,-15,56.8,1,2015-16
22015,203101,Miles Plumlee,1610612749,MIL,Milwaukee Bucks,0021500012,2015-10-28,MIL vs. NYK,L,3,0,1,0.0,0,0,,0,0,,1,0,1,0,0,0,1,1,0,-9,0.2,1,2015-16
22015,1626173,Rashad Vaughn,1610612749,MIL,Milwaukee Bucks,0021500012,2015-10-28,MIL vs. NYK,L,13,3,5,0.6,1,2,0.5,0,0,,1,1,2,0,0,1,1,0,7,-13,11.4,1,2015-16
22015,708,Kevin Garnett,1610612750,MIN,Minnesota Timberwolves,0021500017,2015-10-28,MIN @ LAL,W,13,2,4,0.5,0,0,,0,0,,0,7,7,2,0,1,0,2,4,12,18.4,1,2015-16
22015,203897,Zach LaVine,1610612750,MIN,Minnesota Timberwolves,0021500017,2015-10-28,MIN @ LAL,W,20,4,10,0.4,0,2,0.0,0,0,,1,2,3,3,1,0,0,0,8,-4,19.1,1,2015-16
22015,1626157,Karl-Anthony Towns,1610612750,MIN,Minnesota Timberwolves,0021500017,2015-10-28,MIN @ LAL,W,32,6,10,0.6,0,1,0.0,2,2,1.0,2,10,12,1,0,0,3,4,14,6,26.9,1,2015-16
22015,201572,Brook Lopez,1610612751,BKN,Brooklyn Nets,0021500006,2015-10-28,BKN vs. CHI,L,33,10,17,0.588,0,0,,6,7,0.857,4,3,7,2,0,1,3,2,26,-20,37.4,1,2015-16
22015,201577,Robin Lopez,1610612752,NYK,New York Knicks,0021500012,2015-10-28,NYK @ MIL,W,20,3,5,0.6,0,0,,2,2,1.0,2,0,2,0,0,2,2,3,8,0,14.4,1,2015-16
22015,203095,Evan Fournier,1610612753,ORL,Orlando Magic,0021500004,2015-10-28,ORL vs. WAS,L,27,1,7,0.143,0,3,0.0,1,2,0.5,0,4,4,1,2,0,1,1,3,-1,14.3,1,2015-16
22015,101139,CJ Miles,1610612754,IND,Indiana Pacers,0021500009,2015-10-28,IND @ TOR,L,36,6,14,0.429,4,8,0.5,2,2,1.0,1,0,1,1,3,0,3,3,18,-6,26.7,1,2015-16
22015,101145,Monta Ellis,1610612754,IND,Indiana Pacers,0021500009,2015-10-28,IND @ TOR,L,29,3,11,0.273,0,1,0.0,3,4,0.75,0,0,0,6,2,0,2,4,9,-5,22.0,1,2015-16
22015,1626202,Joe Young,1610612754,IND,Indiana Pacers,0021500009,2015-10-28,IND @ TOR,L,2,0,0,,0,0,,0,0,,0,0,0,0,0,0,0,1,0,-1,0.0,1,2015-16
22015,1626143,Jahlil Okafor,1610612755,PHI,Philadelphia 76ers,0021500005,2015-10-28,PHI @ BOS,L,38,10,16,0.625,0,0,,6,6,1.0,4,3,7,1,1,2,8,4,26,-9,36.9,1,2015-16
22015,2199,Tyson Chandler,1610612756,PHX,Phoenix Suns,0021500014,2015-10-28,PHX vs. DAL,L,17,1,2,0.5,0,0,,1,2,0.5,3,3,6,1,0,1,2,3,3,-23,12.7,1,2015-16
22015,202720,Jon Leuer,1610612756,PHX,Phoenix Suns,0021500014,2015-10-28,PHX vs. DAL,L,20,5,9,0.556,1,3,0.333,3,4,0.75,2,5,7,3,0,1,0,3,14,1,29.9,1,2015-16
22015,203463,Ben McLemore,1610612758,SAC,Sacramento Kings,0021500016,2015-10-28,SAC vs. LAC,L,20,2,5,0.4,1,2,0.5,0,0,,0,0,0,0,1,0,0,4,5,-14,8.0,1,2015-16
22015,1626161,Willie Cauley-Stein,1610612758,SAC,Sacramento Kings,0021500016,2015-10-28,SAC vs. LAC,L,8,1,2,0.5,0,0,,0,0,,1,1,2,0,0,0,0,0,2,1,4.4,1,2015-16
22015,1938,Manu Ginobili,1610612759,SAS,San Antonio Spurs,0021500013,2015-10-28,SAS @ OKC,L,19,5,8,0.625,1,1,1.0,0,0,,0,0,0,7,2,0,3,0,11,-4,24.5,1,2015-16
22015,2564,Boris Diaw,1610612759,SAS,San Antonio Spurs,0021500013,2015-10-28,SAS @ OKC,L,20,4,5,0.8,1,1,1.0,0,0,,0,0,0,6,2,3,1,1,9,0,32.0,1,2015-16
22015,201566,Russell Westbrook,1610612760,OKC,Oklahoma City Thunder,0021500013,2015-10-28,OKC vs. SAS,W,37,12,23,0.522,3,6,0.5,6,7,0.857,1,1,2,10,2,0,5,3,33,7,51.4,1,2015-16
22015,201571,D.J. Augustin,1610612760,OKC,Oklahoma City Thunder,0021500013,2015-10-28,OKC vs. SAS,W,13,2,5,0.4,0,0,,4,4,1.0,0,1,1,4,3,0,1,1,8,-3,23.2,1,2015-16
22015,202683,Enes Freedom,1610612760,OKC,Oklahoma City Thunder,0021500013,2015-10-28,OKC vs. SAS,W,24,7,11,0.636,0,0,,1,1,1.0,6,10,16,0,0,0,0,1,15,0,34.2,1,2015-16
22015,203460,Andre Roberson,1610612760,OKC,Oklahoma City Thunder,0021500013,2015-10-28,OKC vs. SAS,W,17,1,1,1.0,0,0,,0,0,,0,1,1,2,1,1,0,1,2,-4,12.2,1,2015-16
22015,203500,Steven Adams,1610612760,OKC,Oklahoma City Thunder,0021500013,2015-10-28,OKC vs. SAS,W,30,3,4,0.75,0,0,,0,0,,1,6,7,1,0,1,2,4,6,4,16.9,1,2015-16
22015,200768,Kyle Lowry,1610612761,TOR,Toronto Raptors,0021500009,2015-10-28,TOR vs. IND,W,39,8,17,0.471,2,4,0.5,5,6,0.833,1,2,3,6,2,0,5,4,23,8,36.6,1,2015-16
22015,201942,DeMar DeRozan,1610612761,TOR,Toronto Raptors,0021500009,2015-10-28,TOR vs. IND,W,36,7,17,0.412,1,2,0.5,10,16,0.625,0,5,5,6,2,0,2,2,25,0,44.0,1,2015-16
22015,202685,Jonas Valančiūnas,1610612761,TOR,Toronto Raptors,0021500009,2015-10-28,TOR vs. IND,W,32,8,11,0.727,0,0,,5,6,0.833,1,14,15,0,0,1,2,4,21,8,40.0,1,2015-16
22015,202709,Cory Joseph,1610612761,TOR,Toronto Raptors,0021500009,2015-10-28,TOR vs. IND,W,28,1,4,0.25,0,1,0.0,1,2,0.5,0,2,2,1,0,0,3,1,3,-3,3.9,1,2015-16
22015,202407,Elijah Millsap,1610612762,UTA,Utah Jazz,0021500007,2015-10-28,UTA @ DET,L,10,0,1,0.0,0,0,,0,0,,0,1,1,0,1,0,0,2,0,0,4.2,1,2015-16
22015,202692,Alec Burks,1610612762,UTA,Utah Jazz,0021500007,2015-10-28,UTA @ DET,L,26,6,14,0.429,0,0,,6,7,0.857,0,6,6,1,0,0,0,4,18,-12,26.7,1,2015-16
22015,203497,Rudy Gobert,1610612762,UTA,Utah Jazz,0021500007,2015-10-28,UTA @ DET,L,37,3,6,0.5,0,0,,0,0,,0,12,12,1,1,3,3,4,6,1,30.9,1,2015-16
22015,203893,Russ Smith,1610612763,MEM,Memphis Grizzlies,0021500011,2015-10-28,MEM vs. CLE,L,6,1,4,0.25,0,0,,1,1,1.0,0,2,2,0,1,0,1,1,3,-1,7.4,1,2015-16
22015,201196,Ramon Sessions,1610612764,WAS,Washington Wizards,0021500004,2015-10-28,WAS @ ORL,W,14,0,2,0.0,0,0,,4,6,0.667,0,3,3,2,1,0,0,1,4,-19,13.6,1,2015-16
22015,203083,Andre Drummond,1610612765,DET,Detroit Pistons,0021500007,2015-10-28,DET vs. UTA,W,36,5,11,0.455,0,0,,8,11,0.727,2,8,10,0,1,2,0,2,18,14,39.0,1,2015-16
22015,203484,Kentavious Caldwell-Pope,1610612765,DET,Detroit Pistons,0021500007,2015-10-28,DET vs. UTA,W,36,5,11,0.455,2,5,0.4,4,4,1.0,0,5,5,1,0,1,2,2,16,2,24.5,1,2015-16
22015,101107,Marvin Williams,1610612766,CHA,Charlotte Hornets,0021500008,2015-10-28,CHA @ MIA,L,38,4,10,0.4,0,5,0.0,2,2,1.0,2,8,10,3,0,0,1,1,10,4,25.5,1,2015-16
22015,202391,Jeremy Lin,1610612766,CHA,Charlotte Hornets,0021500008,2015-10-28,CHA @ MIA,L,27,5,10,0.5,2,3,0.667,5,6,0.833,0,1,1,2,0,0,2,3,17,-2,19.2,1,2015-16
22015,202340,Avery Bradley,1610612738,BOS,Boston Celtics,0021500005,2015-10-28,BOS vs. PHI,W,33,2,6,0.333,0,1,0.0,0,0,,0,1,1,2,2,0,2,2,4,0,12.2,1,2015-16
22015,202738,Isaiah Thomas,1610612738,BOS,Boston Celtics,0021500005,2015-10-28,BOS vs. PHI,W,29,10,19,0.526,1,6,0.167,6,7,0.857,1,1,2,7,3,0,3,1,27,19,45.9,1,2015-16
22015,203935,Marcus Smart,1610612738,BOS,Boston Celtics,0021500005,2015-10-28,BOS vs. PHI,W,32,3,8,0.375,3,6,0.5,4,4,1.0,0,2,2,5,2,1,1,3,13,22,30.9,1,2015-16
22015,1626175,Jordan Mickey,1610612738,BOS,Boston Celtics,0021500005,2015-10-28,BOS vs. PHI,W,2,0,0,,0,0,,2,2,1.0,1,1,2,1,0,0,0,1,2,0,5.9,1,2015-16
22015,201619,Sasha Kaun,1610612739,CLE,Cleveland Cavaliers,0021500011,2015-10-28,CLE @ MEM,W,6,0,0,,0,0,,0,0,,1,0,1,1,1,1,1,3,0,1,7.7,1,2015-16
22015,203099,Jared Cunningham,1610612739,CLE,Cleveland Cavaliers,0021500011,2015-10-28,CLE @ MEM,W,15,4,5,0.8,1,1,1.0,3,4,0.75,0,1,1,1,0,1,1,2,12,13,16.7,1,2015-16
22015,201582,Alexis Ajinca,1610612740,NOP,New Orleans Pelicans,0021500015,2015-10-28,NOP @ POR,L,7,0,3,0.0,0,0,,2,2,1.0,1,1,2,0,0,0,0,2,2,-10,4.4,1,2015-16
22015,201583,Ryan Anderson,1610612740,NOP,New Orleans Pelicans,0021500015,2015-10-28,NOP @ POR,L,39,9,20,0.45,3,9,0.333,0,1,0.0,0,9,9,1,1,0,2,1,21,-2,34.3,1,2015-16
22015,202397,Ish Smith,1610612740,NOP,New Orleans Pelicans,0021500015,2015-10-28,NOP @ POR,L,29,3,14,0.214,1,3,0.333,0,2,0.0,0,4,4,8,2,0,3,5,7,1,26.8,1,2015-16
22015,202703,Nikola Mirotic,1610612741,CHI,Chicago Bulls,0021500006,2015-10-28,CHI @ BKN,W,30,5,10,0.5,4,8,0.5,4,4,1.0,0,9,9,1,2,1,2,3,18,30,37.3,1,2015-16
22015,202710,Jimmy Butler III,1610612741,CHI,Chicago Bulls,0021500006,2015-10-28,CHI @ BKN,W,34,9,11,0.818,3,3,1.0,3,3,1.0,1,3,4,6,2,0,1,0,24,23,42.8,1,2015-16
22015,202734,E'Twaun Moore,1610612741,CHI,Chicago Bulls,0021500006,2015-10-28,CHI @ BKN,W,17,4,5,0.8,1,2,0.5,0,0,,0,0,0,0,1,0,2,0,9,-1,10.0,1,2015-16
22015,1717,Dirk Nowitzki,1610612742,DAL,Dallas Mavericks,0021500014,2015-10-28,DAL @ PHX,W,21,5,10,0.5,1,1,1.0,0,0,,1,8,9,3,1,1,0,2,11,21,32.3,1,2015-16
22015,200826,J.J. Barea,1610612742,DAL,Dallas Mavericks,0021500014,2015-10-28,DAL @ PHX,W,25,3,9,0.333,0,3,0.0,4,6,0.667,0,4,4,1,0,0,3,3,10,-12,13.3,1,2015-16
22015,200751,Randy Foye,1610612743,DEN,Denver Nuggets,0021500010,2015-10-28,DEN @ HOU,W,18,1,6,0.167,1,6,0.167,0,0,,0,4,4,2,2,0,1,1,3,-5,15.8,1,2015-16
22015,203527,Ryan Kelly,1610612747,LAL,Los Angeles Lakers,0021500017,2015-10-28,LAL vs. MIN,L,21,1,5,0.2,0,2,0.0,1,1,1.0,1,5,6,3,0,1,1,4,3,2,16.7,1,2015-16
22015,2736,Luol Deng,1610612748,MIA,Miami Heat,0021500008,2015-10-28,MIA vs. CHA,W,30,5,8,0.625,3,3,1.0,0,0,,1,2,3,1,1,1,1,2,13,-4,23.1,1,2015-16
22015,101123,Gerald Green,1610612748,MIA,Miami Heat,0021500008,2015-10-28,MIA vs. CHA,W,30,7,15,0.467,5,8,0.625,0,0,,0,1,1,1,0,0,2,4,19,0,19.7,1,2015-16
22015,202349,Greivis Vasquez,1610612749,MIL,Milwaukee Bucks,0021500012,2015-10-28,MIL vs. NYK,L,29,4,10,0.4,2,4,0.5,8,8,1.0,1,6,7,5,0,0,2,2,18,-16,31.9,1,2015-16
22015,203948,Johnny O'Bryant III,1610612749,MIL,Milwaukee Bucks,0021500012,2015-10-28,MIL vs. NYK,L,17,0,1,0.0,0,0,,0,0,,1,2,3,0,0,0,0,3,0,-10,3.6,1,2015-16
22015,204001,Kristaps Porziņģis,1610612752,NYK,New York Knicks,0021500012,2015-10-28,NYK @ MIL,W,24,3,11,0.273,1,2,0.5,9,12,0.75,2,3,5,1,1,1,2,3,16,1,27.5,1,2015-16
22015,1626170,Jerian Grant,1610612752,NYK,New York Knicks,0021500012,2015-10-28,NYK @ MIL,W,24,4,7,0.571,0,1,0.0,2,2,1.0,0,1,1,5,3,0,0,2,10,20,27.7,1,2015-16
22015,201228,C.J. Watson,1610612753,ORL,Orlando Magic,0021500004,2015-10-28,ORL vs. WAS,L,21,1,6,0.167,0,2,0.0,0,0,,0,0,0,1,1,0,1,2,2,17,5.5,1,2015-16
22015,203473,Dewayne Dedmon,1610612753,ORL,Orlando Magic,0021500004,2015-10-28,ORL vs. WAS,L,15,2,6,0.333,0,0,,0,0,,2,4,6,0,1,2,1,4,4,12,19.2,1,2015-16
22015,1626209,Mario Hezonja,1610612753,ORL,Orlando Magic,0021500004,2015-10-28,ORL vs. WAS,L,25,4,9,0.444,3,5,0.6,0,0,,0,3,3,2,0,0,4,3,11,2,13.6,1,2015-16
22015,201155,Rodney Stuckey,1610612754,IND,Indiana Pacers,0021500009,2015-10-28,IND @ TOR,L,24,5,13,0.385,0,1,0.0,6,6,1.0,0,4,4,2,1,0,2,2,16,0,24.8,1,2015-16
22015,201941,Jordan Hill,1610612754,IND,Indiana Pacers,0021500009,2015-10-28,IND @ TOR,L,23,2,7,0.286,0,0,,4,6,0.667,1,7,8,0,1,0,0,4,8,-2,20.6,1,2015-16
22015,202730,Lavoy Allen,1610612754,IND,Indiana Pacers,0021500009,2015-10-28,IND @ TOR,L,12,1,2,0.5,0,0,,0,0,,0,2,2,0,0,0,0,1,2,-2,4.4,1,2015-16
22015,203457,Nerlens Noel,1610612755,PHI,Philadelphia 76ers,0021500005,2015-10-28,PHI @ BOS,L,35,5,13,0.385,0,0,,4,7,0.571,3,10,13,2,3,2,3,4,14,-2,44.6,1,2015-16
22015,202693,Markieff Morris,1610612756,PHX,Phoenix Suns,0021500014,2015-10-28,PHX vs. DAL,L,11,1,6,0.167,0,0,,2,2,1.0,0,1,1,0,1,0,0,5,4,-11,8.2,1,2015-16
22015,203462,Archie Goodwin,1610612756,PHX,Phoenix Suns,0021500014,2015-10-28,PHX vs. DAL,L,17,3,6,0.5,1,2,0.5,5,6,0.833,0,5,5,1,0,0,1,0,12,5,18.5,1,2015-16
22015,202329,Al-Farouq Aminu,1610612757,POR,Portland Trail Blazers,0021500015,2015-10-28,POR vs. NOP,W,31,3,7,0.429,1,3,0.333,2,2,1.0,0,8,8,0,1,2,3,0,9,27,24.6,1,2015-16
22015,203086,Meyers Leonard,1610612757,POR,Portland Trail Blazers,0021500015,2015-10-28,POR vs. NOP,W,34,5,12,0.417,2,7,0.286,0,0,,2,6,8,3,1,1,2,2,12,29,30.1,1,2015-16
22015,203468,CJ McCollum,1610612757,POR,Portland Trail Blazers,0021500015,2015-10-28,POR vs. NOP,W,37,14,22,0.636,6,9,0.667,3,3,1.0,1,5,6,1,1,0,0,3,37,22,48.7,1,2015-16
22015,200752,Rudy Gay,1610612758,SAC,Sacramento Kings,0021500016,2015-10-28,SAC vs. LAC,L,31,7,16,0.438,1,3,0.333,1,2,0.5,1,5,6,3,0,0,2,2,16,-2,25.7,1,2015-16
22015,200765,Rajon Rondo,1610612758,SAC,Sacramento Kings,0021500016,2015-10-28,SAC vs. LAC,L,25,2,8,0.25,0,1,0.0,0,0,,1,6,7,4,1,0,2,3,4,-8,19.4,1,2015-16
22015,202326,DeMarcus Cousins,1610612758,SAC,Sacramento Kings,0021500016,2015-10-28,SAC vs. LAC,L,35,10,21,0.476,4,5,0.8,8,11,0.727,3,10,13,3,0,1,8,6,32,-7,47.1,1,2015-16
22015,201980,Danny Green,1610612759,SAS,San Antonio Spurs,0021500013,2015-10-28,SAS @ OKC,L,29,2,9,0.222,0,5,0.0,0,0,,0,8,8,2,1,0,2,1,4,-4,17.6,1,2015-16
22015,202695,Kawhi Leonard,1610612759,SAS,San Antonio Spurs,0021500013,2015-10-28,SAS @ OKC,L,35,13,22,0.591,1,3,0.333,5,5,1.0,1,7,8,0,3,2,3,3,32,4,53.6,1,2015-16
22015,203937,Kyle Anderson,1610612759,SAS,San Antonio Spurs,0021500013,2015-10-28,SAS @ OKC,L,13,2,4,0.5,0,1,0.0,0,0,,0,1,1,0,1,0,0,0,4,-10,8.2,1,2015-16
22015,2555,Nick Collison,1610612760,OKC,Oklahoma City Thunder,0021500013,2015-10-28,OKC vs. SAS,W,8,0,0,,0,0,,0,0,,0,3,3,1,0,0,3,3,0,-4,2.1,1,2015-16
22015,201627,Anthony Morrow,1610612760,OKC,Oklahoma City Thunder,0021500013,2015-10-28,OKC vs. SAS,W,22,3,6,0.5,2,4,0.5,0,0,,0,0,0,0,1,0,0,1,8,5,11.0,1,2015-16
22015,202687,Bismack Biyombo,1610612761,TOR,Toronto Raptors,0021500009,2015-10-28,TOR vs. IND,W,16,3,6,0.5,0,0,,1,1,1.0,3,2,5,0,0,1,0,6,7,-1,16.0,1,2015-16
22015,203526,Raul Neto,1610612762,UTA,Utah Jazz,0021500007,2015-10-28,UTA @ DET,L,26,3,6,0.5,2,2,1.0,0,0,,0,1,1,3,0,0,1,1,8,12,12.7,1,2015-16
22015,203918,Rodney Hood,1610612762,UTA,Utah Jazz,0021500007,2015-10-28,UTA @ DET,L,29,6,15,0.4,0,7,0.0,0,0,,1,3,4,6,0,0,1,5,12,7,24.8,1,2015-16
22015,2757,Beno Udrih,1610612763,MEM,Memphis Grizzlies,0021500011,2015-10-28,MEM vs. CLE,L,15,2,5,0.4,0,1,0.0,1,1,1.0,0,0,0,2,0,0,4,1,5,-12,4.0,1,2015-16
22015,203919,Jordan Adams,1610612763,MEM,Memphis Grizzlies,0021500011,2015-10-28,MEM vs. CLE,L,7,1,4,0.25,0,1,0.0,1,2,0.5,0,0,0,0,2,0,1,0,3,0,8.0,1,2015-16
22015,2400,Drew Gooden,1610612764,WAS,Washington Wizards,0021500004,2015-10-28,WAS @ ORL,W,20,1,6,0.167,1,4,0.25,0,0,,4,3,7,1,0,1,0,2,3,-14,15.9,1,2015-16
22015,2403,Nene,1610612764,WAS,Washington Wizards,0021500004,2015-10-28,WAS @ ORL,W,12,0,6,0.0,0,0,,1,2,0.5,1,1,2,1,1,0,1,2,1,-13,6.9,1,2015-16
22015,101162,Marcin Gortat,1610612764,WAS,Washington Wizards,0021500004,2015-10-28,WAS @ ORL,W,36,4,6,0.667,0,0,,2,2,1.0,2,6,8,2,0,2,2,1,10,14,26.6,1,2015-16
22015,202390,Gary Neal,1610612764,WAS,Washington Wizards,0021500004,2015-10-28,WAS @ ORL,W,18,3,8,0.375,0,2,0.0,0,0,,0,2,2,0,0,0,0,0,6,-5,8.4,1,2015-16
22015,201229,Anthony Tolliver,1610612765,DET,Detroit Pistons,0021500007,2015-10-28,DET vs. UTA,W,19,0,3,0.0,0,1,0.0,0,3,0.0,1,5,6,2,0,0,0,1,0,3,10.2,1,2015-16
22015,203493,Reggie Bullock Jr.,1610612765,DET,Detroit Pistons,0021500007,2015-10-28,DET vs. UTA,W,6,0,1,0.0,0,1,0.0,0,0,,0,0,0,0,0,0,0,0,0,-2,0.0,1,2015-16
22015,201587,Nicolas Batum,1610612766,CHA,Charlotte Hornets,0021500008,2015-10-28,CHA @ MIA,L,33,3,12,0.25,2,6,0.333,1,2,0.5,2,4,6,3,0,0,3,3,9,-3,17.7,1,2015-16
22015,203469,Cody Zeller,1610612766,CHA,Charlotte Hornets,0021500008,2015-10-28,CHA @ MIA,L,30,2,4,0.5,0,0,,3,4,0.75,4,8,12,0,1,0,1,2,7,-7,23.4,1,2015-16
22015,203798,PJ Hairston,1610612766,CHA,Charlotte Hornets,0021500008,2015-10-28,CHA @ MIA,L,18,1,5,0.2,1,4,0.25,0,0,,0,0,0,2,0,0,0,1,3,-6,6.0,1,2015-16
22015,203092,Tyler Zeller,1610612738,BOS,Boston Celtics,0021500005,2015-10-28,BOS vs. PHI,W,11,2,4,0.5,0,0,,2,2,1.0,0,1,1,0,0,1,1,3,6,-6,9.2,1,2015-16
22015,2210,Richard Jefferson,1610612739,CLE,Cleveland Cavaliers,0021500011,2015-10-28,CLE @ MEM,W,18,5,6,0.833,3,3,1.0,1,1,1.0,0,3,3,0,0,0,2,3,14,19,15.6,1,2015-16
22015,2590,Mo Williams,1610612739,CLE,Cleveland Cavaliers,0021500011,2015-10-28,CLE @ MEM,W,23,3,8,0.375,3,6,0.5,0,0,,0,2,2,5,0,0,2,1,9,1,16.9,1,2015-16
22015,202389,Timofey Mozgov,1610612739,CLE,Cleveland Cavaliers,0021500011,2015-10-28,CLE @ MEM,W,25,4,8,0.5,0,1,0.0,1,1,1.0,1,3,4,0,0,0,2,2,9,3,11.8,1,2015-16
22015,203521,Matthew Dellavedova,1610612739,CLE,Cleveland Cavaliers,0021500011,2015-10-28,CLE @ MEM,W,18,5,9,0.556,2,4,0.5,0,0,,0,1,1,3,2,0,0,2,12,29,23.7,1,2015-16
22015,203925,Joe Harris,1610612739,CLE,Cleveland Cavaliers,0021500011,2015-10-28,CLE @ MEM,W,5,0,1,0.0,0,1,0.0,0,0,,0,2,2,1,0,0,0,0,0,2,3.9,1,2015-16
22015,201149,Joakim Noah,1610612741,CHI,Chicago Bulls,0021500006,2015-10-28,CHI @ BKN,W,18,0,3,0.0,0,0,,0,2,0.0,1,5,6,2,2,1,2,5,0,-8,17.2,1,2015-16
22015,201565,Derrick Rose,1610612741,CHI,Chicago Bulls,0021500006,2015-10-28,CHI @ BKN,W,29,5,11,0.455,0,1,0.0,5,5,1.0,0,2,2,3,1,0,2,2,15,18,22.9,1,2015-16
22015,2734,Devin Harris,1610612742,DAL,Dallas Mavericks,0021500014,2015-10-28,DAL @ PHX,W,23,3,8,0.375,0,3,0.0,4,7,0.571,0,1,1,2,1,0,2,1,10,3,15.2,1,2015-16
22015,101109,Raymond Felton,1610612742,DAL,Dallas Mavericks,0021500014,2015-10-28,DAL @ PHX,W,33,7,14,0.5,2,3,0.667,2,2,1.0,1,3,4,6,0,0,0,2,18,25,31.8,1,2015-16
22015,101111,Charlie Villanueva,1610612742,DAL,Dallas Mavericks,0021500014,2015-10-28,DAL @ PHX,W,15,4,5,0.8,2,3,0.667,0,0,,0,1,1,0,0,0,0,3,10,4,11.2,1,2015-16
22015,1626257,Salah Mejri,1610612742,DAL,Dallas Mavericks,0021500014,2015-10-28,DAL @ PHX,W,2,0,0,,0,0,,0,0,,0,1,1,0,0,0,0,0,0,-9,1.2,1,2015-16
22015,2034,Mike Miller,1610612743,DEN,Denver Nuggets,0021500010,2015-10-28,DEN @ HOU,W,1,0,0,,0,0,,0,0,,0,0,0,0,0,0,0,1,0,2,0.0,1,2015-16
22015,2749,Jameer Nelson,1610612743,DEN,Denver Nuggets,0021500010,2015-10-28,DEN @ HOU,W,25,4,9,0.444,2,5,0.4,0,0,,0,5,5,3,1,0,3,6,10,6,20.5,1,2015-16
22015,201589,Darrell Arthur,1610612743,DEN,Denver Nuggets,0021500010,2015-10-28,DEN @ HOU,W,16,2,5,0.4,1,1,1.0,0,0,,1,1,2,1,0,2,1,1,5,-3,13.9,1,2015-16
22015,201951,Ty Lawson,1610612745,HOU,Houston Rockets,0021500010,2015-10-28,HOU vs. DEN,L,37,3,10,0.3,2,3,0.667,4,6,0.667,0,4,4,6,0,0,3,0,12,-16,22.8,1,2015-16
22015,203909,KJ McDaniels,1610612745,HOU,Houston Rockets,0021500010,2015-10-28,HOU vs. DEN,L,1,0,0,,0,0,,0,0,,0,0,0,0,0,0,0,0,0,-2,0.0,1,2015-16
22015,202332,Cole Aldrich,1610612746,LAC,LA Clippers,0021500016,2015-10-28,LAC @ SAC,W,0,0,0,,0,0,,0,0,,0,0,0,0,0,0,0,0,0,0,0.0,1,2015-16
22015,101150,Lou Williams,1610612747,LAL,Los Angeles Lakers,0021500017,2015-10-28,LAL vs. MIN,L,27,6,13,0.462,2,6,0.333,7,7,1.0,0,2,2,1,0,1,1,3,21,3,26.9,1,2015-16
22015,201156,Nick Young,1610612747,LAL,Los Angeles Lakers,0021500017,2015-10-28,LAL vs. MIN,L,19,5,8,0.625,4,7,0.571,0,0,,0,2,2,0,0,0,0,3,14,5,16.4,1,2015-16
22015,201579,Roy Hibbert,1610612747,LAL,Los Angeles Lakers,0021500017,2015-10-28,LAL vs. MIN,L,28,1,4,0.25,0,0,,10,10,1.0,5,5,10,4,0,2,2,4,12,-8,34.0,1,2015-16
22015,2548,Dwyane Wade,1610612748,MIA,Miami Heat,0021500008,2015-10-28,MIA vs. CHA,W,29,7,16,0.438,0,0,,6,6,1.0,1,2,3,5,0,1,1,2,20,-2,33.1,1,2015-16
22015,201177,Josh McRoberts,1610612748,MIA,Miami Heat,0021500008,2015-10-28,MIA vs. CHA,W,13,0,0,,0,0,,0,0,,0,3,3,2,0,0,0,1,0,5,6.6,1,2015-16
22015,201596,Mario Chalmers,1610612748,MIA,Miami Heat,0021500008,2015-10-28,MIA vs. CHA,W,17,1,3,0.333,1,2,0.5,5,5,1.0,0,3,3,4,2,0,2,2,8,8,21.6,1,2015-16
22015,201609,Goran Dragic,1610612748,MIA,Miami Heat,0021500008,2015-10-28,MIA vs. CHA,W,31,4,8,0.5,0,0,,0,0,,0,1,1,6,0,2,1,4,8,2,23.2,1,2015-16
22015,1626159,Justise Winslow,1610612748,MIA,Miami Heat,0021500008,2015-10-28,MIA vs. CHA,W,26,2,2,1.0,1,1,1.0,0,0,,0,7,7,2,0,0,2,4,5,26,14.4,1,2015-16
22015,203487,Michael Carter-Williams,1610612749,MIL,Milwaukee Bucks,0021500012,2015-10-28,MIL vs. NYK,L,34,6,17,0.353,0,1,0.0,8,9,0.889,2,3,5,4,1,0,6,4,20,-11,29.0,1,2015-16
22015,2755,Kevin Martin,1610612750,MIN,Minnesota Timberwolves,0021500017,2015-10-28,MIN @ LAL,W,29,6,15,0.4,0,5,0.0,11,12,0.917,0,1,1,0,0,0,0,2,23,-10,24.2,1,2015-16
22015,203498,Shabazz Muhammad,1610612750,MIN,Minnesota Timberwolves,0021500017,2015-10-28,MIN @ LAL,W,19,3,5,0.6,1,2,0.5,3,4,0.75,0,1,1,0,0,0,1,1,10,-7,10.2,1,2015-16
22015,203940,Adreian Payne,1610612750,MIN,Minnesota Timberwolves,0021500017,2015-10-28,MIN @ LAL,W,4,0,1,0.0,0,0,,0,0,,0,0,0,0,0,0,0,0,0,-2,0.0,1,2015-16
22015,203952,Andrew Wiggins,1610612750,MIN,Minnesota Timberwolves,0021500017,2015-10-28,MIN @ LAL,W,29,2,10,0.2,0,2,0.0,5,6,0.833,0,1,1,0,0,0,2,3,9,8,8.2,1,2015-16
22015,2207,Joe Johnson,1610612751,BKN,Brooklyn Nets,0021500006,2015-10-28,BKN vs. CHI,L,32,4,15,0.267,0,2,0.0,2,3,0.667,4,6,10,3,1,0,0,3,10,-29,29.5,1,2015-16
22015,202388,Donald Sloan,1610612751,BKN,Brooklyn Nets,0021500006,2015-10-28,BKN vs. CHI,L,15,0,4,0.0,0,0,,2,2,1.0,1,1,2,0,1,0,0,1,2,-9,7.4,1,2015-16
22015,202711,Bojan Bogdanovic,1610612751,BKN,Brooklyn Nets,0021500006,2015-10-28,BKN vs. CHI,L,29,3,8,0.375,0,2,0.0,3,3,1.0,0,1,1,1,0,0,2,1,9,-2,9.7,1,2015-16
22015,203499,Shane Larkin,1610612751,BKN,Brooklyn Nets,0021500006,2015-10-28,BKN vs. CHI,L,23,3,8,0.375,0,2,0.0,0,0,,0,0,0,8,3,1,2,3,6,-3,28.0,1,2015-16
22015,202498,Lance Thomas,1610612752,NYK,New York Knicks,0021500012,2015-10-28,NYK @ MIL,W,20,5,5,1.0,0,0,,3,3,1.0,1,2,3,1,0,0,1,1,13,20,17.1,1,2015-16
22015,203932,Aaron Gordon,1610612753,ORL,Orlando Magic,0021500004,2015-10-28,ORL vs. WAS,L,17,4,8,0.5,0,2,0.0,4,6,0.667,4,3,7,1,0,1,0,0,12,2,24.9,1,2015-16
22015,203141,Mirza Teletovic,1610612756,PHX,Phoenix Suns,0021500014,2015-10-28,PHX vs. DAL,L,18,2,10,0.2,1,5,0.2,0,1,0.0,1,4,5,1,0,0,1,2,5,6,11.5,1,2015-16
22015,203090,Maurice Harkless,1610612757,POR,Portland Trail Blazers,0021500015,2015-10-28,POR vs. NOP,W,18,3,6,0.5,2,3,0.667,0,0,,0,4,4,0,0,1,1,0,8,-7,14.8,1,2015-16
22015,203459,Allen Crabbe,1610612757,POR,Portland Trail Blazers,0021500015,2015-10-28,POR vs. NOP,W,22,2,6,0.333,0,2,0.0,0,0,,0,3,3,1,1,0,1,3,4,-5,11.1,1,2015-16
22015,203943,Noah Vonleh,1610612757,POR,Portland Trail Blazers,0021500015,2015-10-28,POR vs. NOP,W,14,1,4,0.25,0,1,0.0,0,0,,0,0,0,0,0,0,1,2,2,-11,1.0,1,2015-16
22015,202341,James Anderson,1610612758,SAC,Sacramento Kings,0021500016,2015-10-28,SAC vs. LAC,L,3,0,0,,0,0,,0,0,,0,0,0,0,1,0,0,1,0,-1,3.0,1,2015-16
22015,1495,Tim Duncan,1610612759,SAS,San Antonio Spurs,0021500013,2015-10-28,SAS @ OKC,L,26,3,8,0.375,0,0,,2,2,1.0,3,3,6,0,2,3,1,2,8,-6,29.2,1,2015-16
22015,201142,Kevin Durant,1610612760,OKC,Oklahoma City Thunder,0021500013,2015-10-28,OKC vs. SAS,W,35,6,19,0.316,2,6,0.333,8,8,1.0,0,6,6,0,0,0,1,2,22,0,28.2,1,2015-16
22015,202324,Derrick Favors,1610612762,UTA,Utah Jazz,0021500007,2015-10-28,UTA @ DET,L,35,10,15,0.667,0,0,,6,8,0.75,2,4,6,1,1,1,2,3,26,-3,38.7,1,2015-16
22015,203504,Trey Burke,1610612762,UTA,Utah Jazz,0021500007,2015-10-28,UTA @ DET,L,16,0,2,0.0,0,0,,0,0,,0,1,1,1,0,0,1,2,0,-15,1.7,1,2015-16
22015,203490,Otto Porter Jr.,1610612764,WAS,Washington Wizards,0021500004,2015-10-28,WAS @ ORL,W,37,3,10,0.3,1,5,0.2,0,0,,2,6,8,5,2,0,1,1,7,19,29.1,1,2015-16
22015,202704,Reggie Jackson,1610612765,DET,Detroit Pistons,0021500007,2015-10-28,DET vs. UTA,W,31,7,14,0.5,1,3,0.333,4,7,0.571,0,2,2,4,0,0,4,1,19,-5,23.4,1,2015-16
22015,1626169,Stanley Johnson,1610612765,DET,Detroit Pistons,0021500007,2015-10-28,DET vs. UTA,W,20,3,10,0.3,1,3,0.333,4,4,1.0,2,3,5,0,0,0,0,3,11,0,17.0,1,2015-16
22015,202689,Kemba Walker,1610612766,CHA,Charlotte Hornets,0021500008,2015-10-28,CHA @ MIA,L,35,5,16,0.313,1,4,0.25,8,9,0.889,1,3,4,4,2,1,0,2,19,-14,38.8,1,2015-16
22015,203148,Brian Roberts,1610612766,CHA,Charlotte Hornets,0021500008,2015-10-28,CHA @ MIA,L,13,2,6,0.333,0,0,,1,1,1.0,0,1,1,1,0,0,0,1,5,4,7.7,1,2015-16
22015,1626163,Frank Kaminsky,1610612766,CHA,Charlotte Hornets,0021500008,2015-10-28,CHA @ MIA,L,6,0,2,0.0,0,1,0.0,0,0,,0,1,1,0,0,0,0,0,0,-4,1.2,1,2015-16
22015,201935,James Harden,1610612745,HOU,Houston Rockets,0021500010,2015-10-28,HOU vs. DEN,L,36,6,21,0.286,2,12,0.167,8,9,0.889,1,5,6,6,2,2,3,2,22,-20,47.2,1,2015-16
22015,101138,Brandon Bass,1610612747,LAL,Los Angeles Lakers,0021500017,2015-10-28,LAL vs. MIN,L,17,1,4,0.25,0,0,,0,0,,1,5,6,0,0,0,2,2,2,2,7.2,1,2015-16
22015,203944,Julius Randle,1610612747,LAL,Los Angeles Lakers,0021500017,2015-10-28,LAL vs. MIN,L,30,5,13,0.385,0,0,,5,6,0.833,2,9,11,2,0,0,1,3,15,2,30.2,1,2015-16
22015,201573,Jerryd Bayless,1610612749,MIL,Milwaukee Bucks,0021500012,2015-10-28,MIL vs. NYK,L,30,0,6,0.0,0,0,,4,4,1.0,1,5,6,2,2,0,3,2,4,-15,17.2,1,2015-16
22015,203089,John Henson,1610612749,MIL,Milwaukee Bucks,0021500012,2015-10-28,MIL vs. NYK,L,10,2,5,0.4,0,0,,0,0,,1,0,1,1,0,1,1,2,4,-1,8.7,1,2015-16
22015,2546,Carmelo Anthony,1610612752,NYK,New York Knicks,0021500012,2015-10-28,NYK @ MIL,W,29,4,16,0.25,1,5,0.2,2,2,1.0,0,6,6,5,1,1,2,4,11,4,29.7,1,2015-16
22015,203924,Jerami Grant,1610612755,PHI,Philadelphia 76ers,0021500005,2015-10-28,PHI @ BOS,L,27,2,7,0.286,0,1,0.0,5,5,1.0,1,5,6,0,2,0,0,2,9,-22,22.2,1,2015-16
22015,204456,T.J. McConnell,1610612755,PHI,Philadelphia 76ers,0021500005,2015-10-28,PHI @ BOS,L,28,2,5,0.4,0,1,0.0,0,0,,1,0,1,4,3,1,3,4,4,-19,20.2,1,2015-16
22015,203458,Alex Len,1610612756,PHX,Phoenix Suns,0021500014,2015-10-28,PHX vs. DAL,L,14,1,3,0.333,0,0,,2,4,0.5,3,5,8,0,0,0,2,2,4,-10,11.6,1,2015-16
22015,201585,Kosta Koufos,1610612758,SAC,Sacramento Kings,0021500016,2015-10-28,SAC vs. LAC,L,23,5,6,0.833,0,0,,0,0,,3,4,7,1,1,2,1,2,10,-10,27.9,1,2015-16
22015,203079,Dion Waiters,1610612760,OKC,Oklahoma City Thunder,0021500013,2015-10-28,OKC vs. SAS,W,21,4,8,0.5,0,2,0.0,0,0,,1,3,4,2,0,0,3,2,8,15,12.8,1,2015-16
22015,201144,Mike Conley,1610612763,MEM,Memphis Grizzlies,0021500011,2015-10-28,MEM vs. CLE,L,29,2,8,0.25,0,2,0.0,4,4,1.0,0,4,4,6,0,0,1,1,8,-18,20.8,1,2015-16
22015,2734,Devin Harris,1610612742,DAL,Dallas Mavericks,0021500020,2015-10-29,DAL @ LAC,L,23,4,10,0.4,2,6,0.333,2,3,0.667,1,5,6,2,0,0,0,3,12,-2,22.2,1,2015-16
22015,101109,Raymond Felton,1610612742,DAL,Dallas Mavericks,0021500020,2015-10-29,DAL @ LAC,L,25,2,9,0.222,0,2,0.0,0,0,,1,0,1,4,1,0,3,4,4,-18,11.2,1,2015-16
22015,1626147,Justin Anderson,1610612742,DAL,Dallas Mavericks,0021500020,2015-10-29,DAL @ LAC,L,18,2,8,0.25,1,5,0.2,0,0,,0,6,6,1,1,1,2,0,5,3,17.7,1,2015-16
22015,1626257,Salah Mejri,1610612742,DAL,Dallas Mavericks,0021500020,2015-10-29,DAL @ LAC,L,7,0,1,0.0,0,0,,0,0,,1,2,3,0,1,1,0,1,0,13,9.6,1,2015-16
22015,202332,Cole Aldrich,1610612746,LAC,LA Clippers,0021500020,2015-10-29,LAC vs. DAL,W,7,1,2,0.5,0,0,,0,0,,0,0,0,0,0,0,1,1,2,-8,1.0,1,2015-16
22015,203085,Austin Rivers,1610612746,LAC,LA Clippers,0021500020,2015-10-29,LAC vs. DAL,W,24,5,10,0.5,2,4,0.5,2,4,0.5,0,2,2,1,1,0,0,1,14,4,20.9,1,2015-16
22015,2546,Carmelo Anthony,1610612752,NYK,New York Knicks,0021500019,2015-10-29,NYK vs. ATL,L,32,10,27,0.37,0,7,0.0,5,5,1.0,3,4,7,3,3,0,1,4,25,-18,45.9,1,2015-16
22015,1626170,Jerian Grant,1610612752,NYK,New York Knicks,0021500019,2015-10-29,NYK vs. ATL,L,29,2,4,0.5,0,0,,1,2,0.5,1,6,7,7,0,0,3,3,5,6,20.9,1,2015-16
22015,202331,Paul George,1610612754,IND,Indiana Pacers,0021500018,2015-10-29,IND vs. MEM,L,35,5,15,0.333,2,8,0.25,6,6,1.0,3,5,8,5,1,1,4,3,18,-10,37.1,1,2015-16
22015,201952,Jeff Teague,1610612737,ATL,Atlanta Hawks,0021500019,2015-10-29,ATL @ NYK,W,30,7,12,0.583,0,2,0.0,9,10,0.9,0,4,4,8,1,0,3,1,23,18,39.8,1,2015-16
22015,203118,Mike Scott,1610612737,ATL,Atlanta Hawks,0021500019,2015-10-29,ATL @ NYK,W,11,1,4,0.25,0,1,0.0,0,0,,0,1,1,1,0,0,0,2,2,-3,4.7,1,2015-16
22015,203934,Lamar Patterson,1610612737,ATL,Atlanta Hawks,0021500019,2015-10-29,ATL @ NYK,W,21,3,5,0.6,2,3,0.667,1,2,0.5,1,1,2,0,0,0,1,4,9,-7,10.4,1,2015-16
22015,1717,Dirk Nowitzki,1610612742,DAL,Dallas Mavericks,0021500020,2015-10-29,DAL @ LAC,L,25,6,15,0.4,1,3,0.333,3,3,1.0,1,6,7,2,1,0,0,1,16,-12,30.4,1,2015-16
22015,1718,Paul Pierce,1610612746,LAC,LA Clippers,0021500020,2015-10-29,LAC vs. DAL,W,20,1,6,0.167,0,3,0.0,4,4,1.0,0,4,4,2,2,0,0,2,6,17,19.8,1,2015-16
22015,2037,Jamal Crawford,1610612746,LAC,LA Clippers,0021500020,2015-10-29,LAC vs. DAL,W,17,6,11,0.545,2,4,0.5,1,1,1.0,0,2,2,2,0,0,0,0,15,12,20.4,1,2015-16
22015,2746,Josh Smith,1610612746,LAC,LA Clippers,0021500020,2015-10-29,LAC vs. DAL,W,14,1,5,0.2,0,1,0.0,3,6,0.5,3,3,6,1,0,2,1,4,5,9,18.7,1,2015-16
22015,201599,DeAndre Jordan,1610612746,LAC,LA Clippers,0021500020,2015-10-29,LAC vs. DAL,W,26,2,2,1.0,0,0,,2,8,0.25,2,13,15,2,0,4,1,1,6,11,38.0,1,2015-16
22015,202362,Lance Stephenson,1610612746,LAC,LA Clippers,0021500020,2015-10-29,LAC vs. DAL,W,21,1,5,0.2,1,4,0.25,0,0,,0,2,2,2,0,0,1,3,3,7,7.4,1,2015-16
22015,2756,Sasha Vujacic,1610612752,NYK,New York Knicks,0021500019,2015-10-29,NYK vs. ATL,L,25,2,8,0.25,2,6,0.333,0,0,,2,0,2,2,0,1,2,3,6,-18,12.4,1,2015-16
22015,101181,Jose Calderon,1610612752,NYK,New York Knicks,0021500019,2015-10-29,NYK vs. ATL,L,18,0,5,0.0,0,2,0.0,2,2,1.0,0,1,1,1,1,0,0,2,2,-18,7.7,1,2015-16
22015,204001,Kristaps Porziņģis,1610612752,NYK,New York Knicks,0021500019,2015-10-29,NYK vs. ATL,L,26,4,10,0.4,0,4,0.0,2,2,1.0,2,6,8,0,3,1,4,5,10,-5,27.6,1,2015-16
22015,204038,Langston Galloway,1610612752,NYK,New York Knicks,0021500019,2015-10-29,NYK vs. ATL,L,25,2,4,0.5,2,4,0.5,2,2,1.0,0,4,4,3,1,0,0,2,8,5,20.3,1,2015-16
22015,201155,Rodney Stuckey,1610612754,IND,Indiana Pacers,0021500018,2015-10-29,IND vs. MEM,L,26,4,6,0.667,0,1,0.0,1,2,0.5,0,4,4,5,1,1,3,0,9,4,24.3,1,2015-16
22015,201941,Jordan Hill,1610612754,IND,Indiana Pacers,0021500018,2015-10-29,IND vs. MEM,L,20,2,6,0.333,0,0,,0,0,,3,3,6,0,0,0,0,4,4,-4,11.2,1,2015-16
22015,2440,Matt Barnes,1610612763,MEM,Memphis Grizzlies,0021500018,2015-10-29,MEM @ IND,W,21,3,7,0.429,3,6,0.5,1,2,0.5,0,3,3,1,3,0,0,2,10,-5,24.1,1,2015-16
22015,2754,Tony Allen,1610612763,MEM,Memphis Grizzlies,0021500018,2015-10-29,MEM @ IND,W,22,4,11,0.364,0,1,0.0,1,2,0.5,4,3,7,0,4,0,1,5,9,-7,28.4,1,2015-16
22015,201144,Mike Conley,1610612763,MEM,Memphis Grizzlies,0021500018,2015-10-29,MEM @ IND,W,30,5,11,0.455,1,1,1.0,2,2,1.0,2,2,4,10,2,0,4,4,13,3,34.8,1,2015-16
22015,201143,Al Horford,1610612737,ATL,Atlanta Hawks,0021500019,2015-10-29,ATL @ NYK,W,31,9,18,0.5,2,5,0.4,1,2,0.5,2,7,9,1,2,3,3,0,21,5,45.3,1,2015-16
22015,203471,Dennis Schröder,1610612737,ATL,Atlanta Hawks,0021500019,2015-10-29,ATL @ NYK,W,18,6,11,0.545,1,3,0.333,0,0,,0,1,1,2,0,0,1,0,13,-7,16.2,1,2015-16
22015,202379,Jeremy Evans,1610612742,DAL,Dallas Mavericks,0021500020,2015-10-29,DAL @ LAC,L,24,0,1,0.0,0,1,0.0,2,2,1.0,1,3,4,0,0,0,1,1,2,-16,5.8,1,2015-16
22015,202325,Wesley Johnson,1610612746,LAC,LA Clippers,0021500020,2015-10-29,LAC vs. DAL,W,22,3,7,0.429,0,4,0.0,0,0,,1,6,7,0,0,1,0,2,6,3,17.4,1,2015-16
22015,201577,Robin Lopez,1610612752,NYK,New York Knicks,0021500019,2015-10-29,NYK vs. ATL,L,21,8,11,0.727,0,0,,2,2,1.0,2,2,4,1,0,1,5,0,18,-13,22.3,1,2015-16
22015,203124,Kyle O'Quinn,1610612752,NYK,New York Knicks,0021500019,2015-10-29,NYK vs. ATL,L,22,5,9,0.556,0,0,,0,0,,6,4,10,3,1,1,3,1,10,9,29.5,1,2015-16
22015,203921,Cleanthony Early,1610612752,NYK,New York Knicks,0021500019,2015-10-29,NYK vs. ATL,L,1,0,0,,0,0,,0,0,,0,0,0,0,0,0,0,1,0,3,0.0,1,2015-16
22015,101139,CJ Miles,1610612754,IND,Indiana Pacers,0021500018,2015-10-29,IND vs. MEM,L,21,6,8,0.75,4,6,0.667,2,3,0.667,0,1,1,2,1,0,2,3,18,1,23.2,1,2015-16
22015,101145,Monta Ellis,1610612754,IND,Indiana Pacers,0021500018,2015-10-29,IND vs. MEM,L,32,3,12,0.25,1,4,0.25,2,3,0.667,1,1,2,3,0,0,4,3,9,-21,11.9,1,2015-16
22015,201188,Marc Gasol,1610612763,MEM,Memphis Grizzlies,0021500018,2015-10-29,MEM @ IND,W,33,7,13,0.538,0,0,,6,7,0.857,1,7,8,3,0,1,0,1,20,13,37.1,1,2015-16
22015,203200,Justin Holiday,1610612737,ATL,Atlanta Hawks,0021500019,2015-10-29,ATL @ NYK,W,13,1,2,0.5,0,1,0.0,0,0,,0,0,0,0,0,0,0,1,2,-9,2.0,1,2015-16
22015,204002,Edy Tavares,1610612737,ATL,Atlanta Hawks,0021500019,2015-10-29,ATL @ NYK,W,1,0,0,,0,0,,1,2,0.5,1,0,1,0,0,0,0,0,1,-3,2.2,1,2015-16
22015,2585,Zaza Pachulia,1610612742,DAL,Dallas Mavericks,0021500020,2015-10-29,DAL @ LAC,L,18,2,8,0.25,0,0,,0,0,,5,3,8,1,0,0,1,3,4,-6,14.1,1,2015-16
22015,101111,Charlie Villanueva,1610612742,DAL,Dallas Mavericks,0021500020,2015-10-29,DAL @ LAC,L,23,3,11,0.273,0,6,0.0,1,2,0.5,0,5,5,0,0,0,0,4,7,-4,13.0,1,2015-16
22015,200826,J.J. Barea,1610612742,DAL,Dallas Mavericks,0021500020,2015-10-29,DAL @ LAC,L,21,4,10,0.4,2,3,0.667,2,2,1.0,1,0,1,9,0,0,2,5,12,0,24.7,1,2015-16
22015,203939,Dwight Powell,1610612742,DAL,Dallas Mavericks,0021500020,2015-10-29,DAL @ LAC,L,19,4,8,0.5,0,0,,1,2,0.5,2,6,8,0,0,0,1,3,9,-14,17.6,1,2015-16
22015,201601,Luc Mbah a Moute,1610612746,LAC,LA Clippers,0021500020,2015-10-29,LAC vs. DAL,W,7,0,1,0.0,0,0,,0,0,,0,0,0,1,0,0,0,0,0,-8,1.5,1,2015-16
22015,203143,Pablo Prigioni,1610612746,LAC,LA Clippers,0021500020,2015-10-29,LAC vs. DAL,W,7,0,4,0.0,0,3,0.0,0,0,,0,1,1,1,0,0,1,0,0,-8,1.7,1,2015-16
22015,201978,Chase Budinger,1610612754,IND,Indiana Pacers,0021500018,2015-10-29,IND vs. MEM,L,13,2,3,0.667,2,3,0.667,0,0,,0,0,0,3,1,0,0,0,6,1,13.5,1,2015-16
22015,2594,Kyle Korver,1610612737,ATL,Atlanta Hawks,0021500019,2015-10-29,ATL @ NYK,W,32,6,8,0.75,3,5,0.6,0,0,,0,7,7,2,1,0,1,2,15,22,28.4,1,2015-16
22015,200794,Paul Millsap,1610612737,ATL,Atlanta Hawks,0021500019,2015-10-29,ATL @ NYK,W,35,3,11,0.273,1,2,0.5,4,8,0.5,3,8,11,5,5,0,3,2,11,14,43.7,1,2015-16
22015,201168,Tiago Splitter,1610612737,ATL,Atlanta Hawks,0021500019,2015-10-29,ATL @ NYK,W,23,4,6,0.667,0,0,,2,2,1.0,0,2,2,2,0,1,2,4,10,8,16.4,1,2015-16
22015,203145,Kent Bazemore,1610612737,ATL,Atlanta Hawks,0021500019,2015-10-29,ATL @ NYK,W,25,2,6,0.333,1,2,0.5,0,0,,0,1,1,5,2,0,1,2,5,17,18.7,1,2015-16
22015,101108,Chris Paul,1610612746,LAC,LA Clippers,0021500020,2015-10-29,LAC vs. DAL,W,24,3,8,0.375,1,4,0.25,2,2,1.0,0,3,3,5,1,0,0,1,9,15,23.1,1,2015-16
22015,200755,JJ Redick,1610612746,LAC,LA Clippers,0021500020,2015-10-29,LAC vs. DAL,W,24,4,9,0.444,2,4,0.5,2,2,1.0,0,1,1,2,1,0,0,1,12,14,19.2,1,2015-16
22015,201933,Blake Griffin,1610612746,LAC,LA Clippers,0021500020,2015-10-29,LAC vs. DAL,W,27,11,17,0.647,0,0,,4,6,0.667,2,8,10,2,1,1,3,1,26,12,44.0,1,2015-16
22015,202498,Lance Thomas,1610612752,NYK,New York Knicks,0021500019,2015-10-29,NYK vs. ATL,L,22,2,6,0.333,2,3,0.667,2,2,1.0,0,3,3,1,0,0,2,3,8,-4,11.1,1,2015-16
22015,202682,Derrick Williams,1610612752,NYK,New York Knicks,0021500019,2015-10-29,NYK vs. ATL,L,18,3,9,0.333,0,3,0.0,3,4,0.75,0,2,2,0,1,0,1,0,9,-2,13.4,1,2015-16
22015,101133,Ian Mahinmi,1610612754,IND,Indiana Pacers,0021500018,2015-10-29,IND vs. MEM,L,29,5,7,0.714,0,0,,1,2,0.5,2,7,9,0,0,1,0,3,11,-10,24.8,1,2015-16
22015,202730,Lavoy Allen,1610612754,IND,Indiana Pacers,0021500018,2015-10-29,IND vs. MEM,L,7,0,0,,0,0,,0,0,,0,1,1,1,0,0,0,0,0,-6,2.7,1,2015-16
22015,1626167,Myles Turner,1610612754,IND,Indiana Pacers,0021500018,2015-10-29,IND vs. MEM,L,18,4,6,0.667,0,0,,0,2,0.0,1,3,4,0,2,1,2,4,8,3,19.8,1,2015-16
22015,2216,Zach Randolph,1610612763,MEM,Memphis Grizzlies,0021500018,2015-10-29,MEM @ IND,W,30,3,11,0.273,0,0,,5,6,0.833,2,6,8,2,0,0,2,3,11,17,21.6,1,2015-16
22015,2757,Beno Udrih,1610612763,MEM,Memphis Grizzlies,0021500018,2015-10-29,MEM @ IND,W,18,5,6,0.833,1,2,0.5,2,2,1.0,0,2,2,6,1,0,1,1,13,6,26.4,1,2015-16
22015,201145,Jeff Green,1610612763,MEM,Memphis Grizzlies,0021500018,2015-10-29,MEM @ IND,W,29,5,6,0.833,2,2,1.0,0,0,,0,3,3,3,1,1,3,5,12,14,23.1,1,2015-16
22015,201148,Brandan Wright,1610612763,MEM,Memphis Grizzlies,0021500018,2015-10-29,MEM @ IND,W,15,4,4,1.0,0,0,,1,2,0.5,0,1,1,0,0,2,0,1,9,-4,16.2,1,2015-16
22015,203210,JaMychal Green,1610612763,MEM,Memphis Grizzlies,0021500018,2015-10-29,MEM @ IND,W,13,1,4,0.25,0,0,,3,4,0.75,2,2,4,0,0,1,2,2,5,-1,10.8,1,2015-16
22015,203098,John Jenkins,1610612742,DAL,Dallas Mavericks,0021500020,2015-10-29,DAL @ LAC,L,35,8,16,0.5,0,4,0.0,1,1,1.0,1,5,6,3,0,0,2,1,17,-24,26.7,1,2015-16
22015,201588,George Hill,1610612754,IND,Indiana Pacers,0021500018,2015-10-29,IND vs. MEM,L,39,6,15,0.4,3,8,0.375,5,6,0.833,0,3,3,4,1,0,5,2,20,-3,27.6,1,2015-16
22015,201584,Courtney Lee,1610612763,MEM,Memphis Grizzlies,0021500018,2015-10-29,MEM @ IND,W,29,4,9,0.444,0,4,0.0,2,2,1.0,1,1,2,1,1,0,1,1,10,9,15.9,1,2015-16
22015,201143,Al Horford,1610612737,ATL,Atlanta Hawks,0021500026,2015-10-30,ATL vs. CHA,W,35,8,15,0.533,2,5,0.4,0,0,,1,5,6,3,0,1,2,2,18,12,30.7,1,2015-16
22015,203471,Dennis Schröder,1610612737,ATL,Atlanta Hawks,0021500026,2015-10-30,ATL vs. CHA,W,33,6,15,0.4,0,3,0.0,2,2,1.0,0,5,5,2,2,0,2,2,14,-3,27.0,1,2015-16
22015,101135,David Lee,1610612738,BOS,Boston Celtics,0021500024,2015-10-30,BOS vs. TOR,L,17,2,5,0.4,0,0,,2,2,1.0,2,4,6,2,1,0,1,2,6,-9,18.2,1,2015-16
22015,202323,Evan Turner,1610612738,BOS,Boston Celtics,0021500024,2015-10-30,BOS vs. TOR,L,28,2,11,0.182,0,1,0.0,2,4,0.5,1,3,4,1,1,0,4,2,6,-6,11.3,1,2015-16
22015,201567,Kevin Love,1610612739,CLE,Cleveland Cavaliers,0021500021,2015-10-30,CLE vs. MIA,W,33,6,15,0.4,3,7,0.429,9,9,1.0,6,8,14,5,0,1,0,2,24,3,51.3,1,2015-16
22015,202703,Nikola Mirotic,1610612741,CHI,Chicago Bulls,0021500025,2015-10-30,CHI @ DET,L,39,7,14,0.5,3,8,0.375,5,6,0.833,1,5,6,0,2,0,4,1,22,2,31.2,1,2015-16
22015,202710,Jimmy Butler III,1610612741,CHI,Chicago Bulls,0021500025,2015-10-30,CHI @ DET,L,42,5,19,0.263,1,3,0.333,12,14,0.857,0,11,11,0,3,0,1,3,23,-2,44.2,1,2015-16
22015,203503,Tony Snell,1610612741,CHI,Chicago Bulls,0021500025,2015-10-30,CHI @ DET,L,30,2,5,0.4,0,2,0.0,0,0,,1,1,2,1,1,0,0,4,4,-2,10.9,1,2015-16
22015,2749,Jameer Nelson,1610612743,DEN,Denver Nuggets,0021500029,2015-10-30,DEN vs. MIN,L,26,1,10,0.1,1,4,0.25,0,0,,0,2,2,4,1,0,1,2,3,2,13.4,1,2015-16
22015,203999,Nikola Jokić,1610612743,DEN,Denver Nuggets,0021500029,2015-10-30,DEN vs. MIN,L,18,5,8,0.625,0,0,,0,0,,3,6,9,1,0,0,2,3,10,10,20.3,1,2015-16
22015,2738,Andre Iguodala,1610612744,GSW,Golden State Warriors,0021500030,2015-10-30,GSW @ HOU,W,30,5,9,0.556,2,5,0.4,0,0,,3,3,6,4,2,0,0,0,12,23,31.2,1,2015-16
22015,101150,Lou Williams,1610612747,LAL,Los Angeles Lakers,0021500031,2015-10-30,LAL @ SAC,L,26,3,9,0.333,0,3,0.0,2,2,1.0,0,4,4,5,1,0,2,2,8,-2,21.3,1,2015-16
22015,1626156,D'Angelo Russell,1610612747,LAL,Los Angeles Lakers,0021500031,2015-10-30,LAL @ SAC,L,23,5,10,0.5,2,5,0.4,1,2,0.5,0,2,2,2,0,0,1,0,13,-13,17.4,1,2015-16
22015,1626273,Marcelo Huertas,1610612747,LAL,Los Angeles Lakers,0021500031,2015-10-30,LAL @ SAC,L,18,1,5,0.2,1,2,0.5,0,0,,1,1,2,4,1,0,1,3,3,-5,13.4,1,2015-16
22015,201177,Josh McRoberts,1610612748,MIA,Miami Heat,0021500021,2015-10-30,MIA @ CLE,L,13,1,2,0.5,0,1,0.0,0,0,,1,1,2,1,0,0,1,2,2,-17,4.9,1,2015-16
22015,203101,Miles Plumlee,1610612749,MIL,Milwaukee Bucks,0021500027,2015-10-30,MIL vs. WAS,L,13,2,3,0.667,0,0,,0,0,,0,2,2,0,0,0,1,2,4,-8,5.4,1,2015-16
22015,203114,Khris Middleton,1610612749,MIL,Milwaukee Bucks,0021500027,2015-10-30,MIL vs. WAS,L,39,6,14,0.429,1,4,0.25,5,6,0.833,0,3,3,5,1,0,1,4,18,1,31.1,1,2015-16
22015,203948,Johnny O'Bryant III,1610612749,MIL,Milwaukee Bucks,0021500027,2015-10-30,MIL vs. WAS,L,28,2,5,0.4,0,0,,5,6,0.833,1,1,2,2,1,0,0,4,9,4,17.4,1,2015-16
22015,203952,Andrew Wiggins,1610612750,MIN,Minnesota Timberwolves,0021500029,2015-10-30,MIN @ DEN,W,31,5,13,0.385,0,1,0.0,8,10,0.8,2,2,4,1,0,1,4,2,18,14,23.3,1,2015-16
22015,2199,Tyson Chandler,1610612756,PHX,Phoenix Suns,0021500032,2015-10-30,PHX vs. POR,W,26,3,7,0.429,0,0,,9,12,0.75,5,8,13,1,1,1,1,2,15,14,37.1,1,2015-16
22015,203462,Archie Goodwin,1610612756,PHX,Phoenix Suns,0021500032,2015-10-30,PHX vs. POR,W,2,0,0,,0,0,,1,2,0.5,0,1,1,0,0,1,1,0,1,-1,4.2,1,2015-16
22015,203486,Mason Plumlee,1610612757,POR,Portland Trail Blazers,0021500032,2015-10-30,POR @ PHX,L,26,7,13,0.538,0,0,,1,2,0.5,3,2,5,1,3,0,1,4,15,-15,30.5,1,2015-16
22015,202326,DeMarcus Cousins,1610612758,SAC,Sacramento Kings,0021500031,2015-10-30,SAC vs. LAL,W,28,5,15,0.333,0,2,0.0,11,14,0.786,3,8,11,3,0,2,0,3,21,17,44.7,1,2015-16
22015,1495,Tim Duncan,1610612759,SAS,San Antonio Spurs,0021500028,2015-10-30,SAS vs. BKN,W,29,4,7,0.571,0,0,,7,7,1.0,0,8,8,1,0,0,2,2,15,26,24.1,1,2015-16
22015,2564,Boris Diaw,1610612759,SAS,San Antonio Spurs,0021500028,2015-10-30,SAS vs. BKN,W,19,3,5,0.6,1,1,1.0,0,0,,0,3,3,3,1,0,2,2,7,1,16.1,1,2015-16
22015,203937,Kyle Anderson,1610612759,SAS,San Antonio Spurs,0021500028,2015-10-30,SAS vs. BKN,W,11,0,1,0.0,0,0,,0,0,,0,2,2,0,1,1,0,3,0,3,8.4,1,2015-16
22015,201586,Serge Ibaka,1610612760,OKC,Oklahoma City Thunder,0021500022,2015-10-30,OKC @ ORL,W,33,4,12,0.333,0,1,0.0,0,0,,6,6,12,0,1,2,1,3,8,-18,30.4,1,2015-16
22015,201627,Anthony Morrow,1610612760,OKC,Oklahoma City Thunder,0021500022,2015-10-30,OKC @ ORL,W,14,1,3,0.333,1,3,0.333,0,0,,0,1,1,0,2,0,1,0,3,-8,9.2,1,2015-16
22015,203079,Dion Waiters,1610612760,OKC,Oklahoma City Thunder,0021500022,2015-10-30,OKC @ ORL,W,29,1,6,0.167,1,3,0.333,0,0,,0,7,7,2,0,1,3,3,3,24,14.4,1,2015-16
22015,201960,DeMarre Carroll,1610612761,TOR,Toronto Raptors,0021500024,2015-10-30,TOR @ BOS,W,35,8,16,0.5,4,7,0.571,1,2,0.5,1,4,5,2,2,0,4,3,21,-1,32.0,1,2015-16
22015,202335,Patrick Patterson,1610612761,TOR,Toronto Raptors,0021500024,2015-10-30,TOR @ BOS,W,25,2,6,0.333,2,5,0.4,2,2,1.0,0,0,0,0,1,0,1,3,8,2,10.0,1,2015-16
22015,202687,Bismack Biyombo,1610612761,TOR,Toronto Raptors,0021500024,2015-10-30,TOR @ BOS,W,16,1,2,0.5,0,0,,2,2,1.0,2,4,6,0,0,1,1,5,4,6,13.2,1,2015-16
22015,203461,Anthony Bennett,1610612761,TOR,Toronto Raptors,0021500024,2015-10-30,TOR @ BOS,W,3,0,0,,0,0,,0,0,,0,3,3,0,1,0,2,3,0,3,4.6,1,2015-16
22015,202344,Trevor Booker,1610612762,UTA,Utah Jazz,0021500023,2015-10-30,UTA @ PHI,W,18,1,5,0.2,0,0,,0,0,,0,3,3,0,0,0,0,2,2,5,5.6,1,2015-16
22015,202407,Elijah Millsap,1610612762,UTA,Utah Jazz,0021500023,2015-10-30,UTA @ PHI,W,5,1,3,0.333,0,0,,0,0,,1,0,1,0,0,0,0,2,2,7,3.2,1,2015-16
22015,202692,Alec Burks,1610612762,UTA,Utah Jazz,0021500023,2015-10-30,UTA @ PHI,W,27,6,8,0.75,1,1,1.0,2,3,0.667,1,6,7,1,1,0,3,1,15,24,24.9,1,2015-16
22015,203504,Trey Burke,1610612762,UTA,Utah Jazz,0021500023,2015-10-30,UTA @ PHI,W,27,5,10,0.5,0,0,,0,0,,0,3,3,6,1,0,0,0,10,14,25.6,1,2015-16
22015,204060,Joe Ingles,1610612762,UTA,Utah Jazz,0021500023,2015-10-30,UTA @ PHI,W,14,1,2,0.5,0,1,0.0,0,0,,0,1,1,0,1,0,0,2,2,-5,6.2,1,2015-16
22015,1626168,Trey Lyles,1610612762,UTA,Utah Jazz,0021500023,2015-10-30,UTA @ PHI,W,8,0,3,0.0,0,0,,0,0,,0,2,2,0,0,0,1,2,0,3,1.4,1,2015-16
22015,202066,Garrett Temple,1610612764,WAS,Washington Wizards,0021500027,2015-10-30,WAS @ MIL,W,0,0,0,,0,0,,0,0,,0,0,0,0,0,0,0,1,0,-4,0.0,1,2015-16
22015,202322,John Wall,1610612764,WAS,Washington Wizards,0021500027,2015-10-30,WAS @ MIL,W,34,4,10,0.4,1,4,0.25,10,10,1.0,0,1,1,10,2,1,5,1,19,3,39.2,1,2015-16
22015,202390,Gary Neal,1610612764,WAS,Washington Wizards,0021500027,2015-10-30,WAS @ MIL,W,22,3,9,0.333,1,2,0.5,6,6,1.0,1,1,2,2,0,0,0,1,13,8,18.4,1,2015-16
22015,203078,Bradley Beal,1610612764,WAS,Washington Wizards,0021500027,2015-10-30,WAS @ MIL,W,30,9,16,0.563,5,6,0.833,3,4,0.75,1,2,3,3,0,0,5,5,26,9,29.1,1,2015-16
22015,101141,Ersan Ilyasova,1610612765,DET,Detroit Pistons,0021500025,2015-10-30,DET vs. CHI,W,22,1,5,0.2,0,3,0.0,0,0,,3,2,5,0,0,0,1,3,2,6,7.0,1,2015-16
22015,1626169,Stanley Johnson,1610612765,DET,Detroit Pistons,0021500025,2015-10-30,DET vs. CHI,W,12,3,8,0.375,0,1,0.0,1,1,1.0,2,2,4,1,1,0,1,1,7,-4,15.3,1,2015-16
22015,201952,Jeff Teague,1610612737,ATL,Atlanta Hawks,0021500026,2015-10-30,ATL vs. CHA,W,34,6,14,0.429,0,4,0.0,2,2,1.0,0,1,1,4,0,1,3,2,14,-3,21.2,1,2015-16
22015,203935,Marcus Smart,1610612738,BOS,Boston Celtics,0021500024,2015-10-30,BOS vs. TOR,L,28,2,11,0.182,1,5,0.2,1,2,0.5,0,3,3,2,1,0,0,3,6,-6,15.6,1,2015-16
22015,2747,JR Smith,1610612739,CLE,Cleveland Cavaliers,0021500021,2015-10-30,CLE vs. MIA,W,22,1,8,0.125,0,3,0.0,0,0,,0,2,2,0,0,1,2,4,2,-3,5.4,1,2015-16
22015,2760,Anderson Varejao,1610612739,CLE,Cleveland Cavaliers,0021500021,2015-10-30,CLE vs. MIA,W,16,1,2,0.5,0,0,,0,0,,2,6,8,0,0,0,0,1,2,11,11.6,1,2015-16
22015,201619,Sasha Kaun,1610612739,CLE,Cleveland Cavaliers,0021500021,2015-10-30,CLE vs. MIA,W,1,0,0,,0,0,,0,0,,0,0,0,0,0,0,0,1,0,-4,0.0,1,2015-16
22015,202684,Tristan Thompson,1610612739,CLE,Cleveland Cavaliers,0021500021,2015-10-30,CLE vs. MIA,W,26,6,9,0.667,0,0,,1,2,0.5,2,7,9,1,0,1,0,1,13,14,28.3,1,2015-16
22015,202734,E'Twaun Moore,1610612741,CHI,Chicago Bulls,0021500025,2015-10-30,CHI @ DET,L,18,0,1,0.0,0,1,0.0,0,0,,0,2,2,0,0,1,1,0,0,-5,4.4,1,2015-16
22015,2034,Mike Miller,1610612743,DEN,Denver Nuggets,0021500029,2015-10-30,DEN vs. MIN,L,9,0,1,0.0,0,1,0.0,0,0,,0,2,2,0,0,0,1,0,0,5,1.4,1,2015-16
22015,200751,Randy Foye,1610612743,DEN,Denver Nuggets,0021500029,2015-10-30,DEN vs. MIN,L,8,0,2,0.0,0,2,0.0,0,0,,0,0,0,0,0,0,1,0,0,-7,-1.0,1,2015-16
22015,203115,Will Barton,1610612743,DEN,Denver Nuggets,0021500029,2015-10-30,DEN vs. MIN,L,30,4,14,0.286,1,4,0.25,5,6,0.833,1,3,4,1,2,1,0,4,14,-5,29.3,1,2015-16
22015,2571,Leandro Barbosa,1610612744,GSW,Golden State Warriors,0021500030,2015-10-30,GSW @ HOU,W,19,2,6,0.333,1,1,1.0,0,0,,0,2,2,2,3,0,1,3,5,14,18.4,1,2015-16
22015,201575,Brandon Rush,1610612744,GSW,Golden State Warriors,0021500030,2015-10-30,GSW @ HOU,W,6,1,4,0.25,0,1,0.0,0,0,,1,1,2,0,0,0,0,0,2,-2,4.4,1,2015-16
22015,201976,Patrick Beverley,1610612745,HOU,Houston Rockets,0021500030,2015-10-30,HOU vs. GSW,L,21,2,6,0.333,0,1,0.0,0,0,,1,3,4,2,0,0,1,5,4,-12,10.8,1,2015-16
22015,203909,KJ McDaniels,1610612745,HOU,Houston Rockets,0021500030,2015-10-30,HOU vs. GSW,L,5,1,4,0.25,0,2,0.0,0,0,,0,1,1,0,0,1,0,1,2,3,6.2,1,2015-16
22015,201579,Roy Hibbert,1610612747,LAL,Los Angeles Lakers,0021500031,2015-10-30,LAL @ SAC,L,21,3,6,0.5,0,1,0.0,4,4,1.0,3,2,5,0,0,5,1,4,10,-4,30.0,1,2015-16
22015,203903,Jordan Clarkson,1610612747,LAL,Los Angeles Lakers,0021500031,2015-10-30,LAL @ SAC,L,29,10,15,0.667,2,3,0.667,0,0,,0,4,4,0,1,1,2,1,22,-16,30.8,1,2015-16
22015,204028,Tarik Black,1610612747,LAL,Los Angeles Lakers,0021500031,2015-10-30,LAL @ SAC,L,7,0,1,0.0,0,0,,0,0,,0,1,1,0,0,0,0,3,0,-5,1.2,1,2015-16
22015,2405,Amar'e Stoudemire,1610612748,MIA,Miami Heat,0021500021,2015-10-30,MIA @ CLE,L,12,1,2,0.5,0,0,,0,0,,2,1,3,0,0,0,0,2,2,-16,5.6,1,2015-16
22015,2548,Dwyane Wade,1610612748,MIA,Miami Heat,0021500021,2015-10-30,MIA @ CLE,L,30,8,15,0.533,1,2,0.5,8,8,1.0,0,4,4,3,2,1,7,4,25,4,36.3,1,2015-16
22015,201596,Mario Chalmers,1610612748,MIA,Miami Heat,0021500021,2015-10-30,MIA @ CLE,L,14,3,6,0.5,0,2,0.0,2,2,1.0,0,1,1,2,0,0,0,1,8,-19,12.2,1,2015-16
22015,203142,Chris Copeland,1610612749,MIL,Milwaukee Bucks,0021500027,2015-10-30,MIL vs. WAS,L,9,2,4,0.5,2,4,0.5,0,0,,0,2,2,1,0,0,0,5,6,6,9.9,1,2015-16
22015,708,Kevin Garnett,1610612750,MIN,Minnesota Timberwolves,0021500029,2015-10-30,MIN @ DEN,W,22,1,3,0.333,0,0,,2,2,1.0,1,5,6,0,2,0,0,2,4,16,17.2,1,2015-16
22015,2419,Tayshaun Prince,1610612750,MIN,Minnesota Timberwolves,0021500029,2015-10-30,MIN @ DEN,W,29,1,3,0.333,0,2,0.0,0,0,,0,3,3,2,2,0,0,2,2,22,14.6,1,2015-16
22015,2755,Kevin Martin,1610612750,MIN,Minnesota Timberwolves,0021500029,2015-10-30,MIN @ DEN,W,21,4,9,0.444,1,2,0.5,5,6,0.833,0,3,3,1,1,0,2,1,14,-1,20.1,1,2015-16
22015,203498,Shabazz Muhammad,1610612750,MIN,Minnesota Timberwolves,0021500029,2015-10-30,MIN @ DEN,W,16,1,5,0.2,0,2,0.0,0,0,,0,1,1,0,0,0,1,3,2,1,2.2,1,2015-16
22015,202711,Bojan Bogdanovic,1610612751,BKN,Brooklyn Nets,0021500028,2015-10-30,BKN @ SAS,L,20,3,6,0.5,0,2,0.0,0,2,0.0,0,4,4,0,0,0,2,1,6,-2,8.8,1,2015-16
22015,203508,Sergey Karasev,1610612751,BKN,Brooklyn Nets,0021500028,2015-10-30,BKN @ SAS,L,2,0,0,,0,0,,2,2,1.0,0,0,0,0,0,0,1,0,2,0,1.0,1,2015-16
22015,203894,Shabazz Napier,1610612753,ORL,Orlando Magic,0021500022,2015-10-30,ORL vs. OKC,L,0,0,0,,0,0,,0,0,,0,0,0,0,0,0,0,0,0,0,0.0,1,2015-16
22015,203917,Nik Stauskas,1610612755,PHI,Philadelphia 76ers,0021500023,2015-10-30,PHI vs. UTA,L,21,3,6,0.5,2,3,0.667,4,5,0.8,0,3,3,2,0,0,1,0,12,-6,17.6,1,2015-16
22015,203924,Jerami Grant,1610612755,PHI,Philadelphia 76ers,0021500023,2015-10-30,PHI vs. UTA,L,25,4,9,0.444,1,2,0.5,3,4,0.75,0,5,5,2,0,2,3,1,12,-1,24.0,1,2015-16
22015,101179,Ronnie Price,1610612756,PHX,Phoenix Suns,0021500032,2015-10-30,PHX vs. POR,W,11,1,3,0.333,0,2,0.0,4,4,1.0,0,2,2,2,2,0,0,1,6,7,17.4,1,2015-16
22015,200782,P.J. Tucker,1610612756,PHX,Phoenix Suns,0021500032,2015-10-30,PHX vs. POR,W,24,2,6,0.333,0,3,0.0,0,0,,0,4,4,1,2,0,2,2,4,13,14.3,1,2015-16
22015,202339,Eric Bledsoe,1610612756,PHX,Phoenix Suns,0021500032,2015-10-30,PHX vs. POR,W,33,6,14,0.429,0,2,0.0,10,11,0.909,0,2,2,3,2,1,3,0,22,15,34.9,1,2015-16
22015,1626164,Devin Booker,1610612756,PHX,Phoenix Suns,0021500032,2015-10-30,PHX vs. POR,W,2,0,1,0.0,0,0,,0,0,,0,0,0,0,0,0,1,1,0,-1,-1.0,1,2015-16
22015,203086,Meyers Leonard,1610612757,POR,Portland Trail Blazers,0021500032,2015-10-30,POR @ PHX,L,18,0,5,0.0,0,2,0.0,0,0,,0,3,3,2,0,0,2,5,0,-13,4.6,1,2015-16
22015,203468,CJ McCollum,1610612757,POR,Portland Trail Blazers,0021500032,2015-10-30,POR @ PHX,L,33,7,22,0.318,2,7,0.286,0,0,,1,3,4,3,2,0,2,4,16,-18,29.3,1,2015-16
22015,201158,Marco Belinelli,1610612758,SAC,Sacramento Kings,0021500031,2015-10-30,SAC vs. LAL,W,22,2,7,0.286,1,5,0.2,1,2,0.5,0,2,2,2,1,0,2,2,6,4,12.4,1,2015-16
22015,201585,Kosta Koufos,1610612758,SAC,Sacramento Kings,0021500031,2015-10-30,SAC vs. LAL,W,21,4,11,0.364,0,0,,0,0,,5,5,10,2,0,1,2,4,8,-3,24.0,1,2015-16
22015,201956,Omri Casspi,1610612758,SAC,Sacramento Kings,0021500031,2015-10-30,SAC vs. LAL,W,22,5,9,0.556,0,2,0.0,2,3,0.667,3,6,9,2,0,0,0,3,12,-4,25.8,1,2015-16
22015,203552,Seth Curry,1610612758,SAC,Sacramento Kings,0021500031,2015-10-30,SAC vs. LAL,W,4,1,2,0.5,0,0,,0,0,,0,1,1,1,0,0,0,0,2,-3,4.7,1,2015-16
22015,203961,Eric Moreland,1610612758,SAC,Sacramento Kings,0021500031,2015-10-30,SAC vs. LAL,W,4,1,1,1.0,0,0,,0,0,,0,1,1,0,0,1,0,0,2,-3,6.2,1,2015-16
22015,200746,LaMarcus Aldridge,1610612759,SAS,San Antonio Spurs,0021500028,2015-10-30,SAS vs. BKN,W,30,5,11,0.455,0,0,,0,0,,5,6,11,4,0,1,1,0,10,28,31.2,1,2015-16
22015,201980,Danny Green,1610612759,SAS,San Antonio Spurs,0021500028,2015-10-30,SAS vs. BKN,W,27,3,6,0.5,2,5,0.4,0,0,,2,2,4,2,0,0,2,0,8,20,13.8,1,2015-16
22015,201988,Patty Mills,1610612759,SAS,San Antonio Spurs,0021500028,2015-10-30,SAS vs. BKN,W,18,4,6,0.667,3,5,0.6,0,0,,1,2,3,3,0,0,0,0,11,-1,19.1,1,2015-16
22015,201949,James Johnson,1610612761,TOR,Toronto Raptors,0021500024,2015-10-30,TOR @ BOS,W,8,0,0,,0,0,,0,0,,0,1,1,1,0,0,0,1,0,4,2.7,1,2015-16
22015,202709,Cory Joseph,1610612761,TOR,Toronto Raptors,0021500024,2015-10-30,TOR @ BOS,W,18,3,5,0.6,1,2,0.5,0,0,,0,1,1,2,1,0,1,4,7,1,13.2,1,2015-16
22015,202324,Derrick Favors,1610612762,UTA,Utah Jazz,0021500023,2015-10-30,UTA @ PHI,W,29,6,17,0.353,0,0,,8,10,0.8,2,10,12,1,3,2,0,2,20,16,50.9,1,2015-16
22015,202330,Gordon Hayward,1610612762,UTA,Utah Jazz,0021500023,2015-10-30,UTA @ PHI,W,31,3,12,0.25,1,3,0.333,5,6,0.833,2,5,7,4,1,0,1,2,12,16,28.4,1,2015-16
22015,202353,Tibor Pleiss,1610612762,UTA,Utah Jazz,0021500023,2015-10-30,UTA @ PHI,W,2,1,1,1.0,0,0,,0,0,,0,1,1,0,0,0,0,2,2,-2,3.2,1,2015-16
22015,203526,Raul Neto,1610612762,UTA,Utah Jazz,0021500023,2015-10-30,UTA @ PHI,W,21,2,5,0.4,2,2,1.0,1,2,0.5,0,0,0,3,3,0,0,2,7,14,20.5,1,2015-16
22015,203490,Otto Porter Jr.,1610612764,WAS,Washington Wizards,0021500027,2015-10-30,WAS @ MIL,W,31,2,5,0.4,1,3,0.333,1,2,0.5,0,4,4,3,1,1,3,3,6,-17,18.3,1,2015-16
22015,1626162,Kelly Oubre Jr.,1610612764,WAS,Washington Wizards,0021500027,2015-10-30,WAS @ MIL,W,1,0,0,,0,0,,0,0,,0,0,0,0,0,0,0,0,0,0,0.0,1,2015-16
22015,202704,Reggie Jackson,1610612765,DET,Detroit Pistons,0021500025,2015-10-30,DET vs. CHI,W,37,9,24,0.375,1,4,0.25,3,4,0.75,1,6,7,7,2,0,5,3,22,7,41.9,1,2015-16
22015,203382,Aron Baynes,1610612765,DET,Detroit Pistons,0021500025,2015-10-30,DET vs. CHI,W,14,2,4,0.5,0,0,,0,2,0.0,1,5,6,1,0,0,0,1,4,-8,12.7,1,2015-16
22015,101107,Marvin Williams,1610612766,CHA,Charlotte Hornets,0021500026,2015-10-30,CHA @ ATL,L,36,5,11,0.455,3,5,0.6,0,0,,3,9,12,3,0,1,2,2,13,6,32.9,1,2015-16
22015,202689,Kemba Walker,1610612766,CHA,Charlotte Hornets,0021500026,2015-10-30,CHA @ ATL,L,35,5,15,0.333,1,5,0.2,2,2,1.0,0,4,4,6,1,0,3,3,13,6,26.8,1,2015-16
22015,203469,Cody Zeller,1610612766,CHA,Charlotte Hornets,0021500026,2015-10-30,CHA @ ATL,L,17,2,5,0.4,0,1,0.0,1,1,1.0,1,1,2,0,1,0,0,3,5,-27,10.4,1,2015-16
22015,1626163,Frank Kaminsky,1610612766,CHA,Charlotte Hornets,0021500026,2015-10-30,CHA @ ATL,L,14,2,5,0.4,1,2,0.5,0,0,,0,3,3,1,0,0,0,1,5,8,10.1,1,2015-16
22015,101161,Amir Johnson,1610612738,BOS,Boston Celtics,0021500024,2015-10-30,BOS vs. TOR,L,19,3,3,1.0,1,1,1.0,4,6,0.667,1,7,8,2,2,0,3,1,11,0,26.6,1,2015-16
22015,201973,Jonas Jerebko,1610612738,BOS,Boston Celtics,0021500024,2015-10-30,BOS vs. TOR,L,8,0,1,0.0,0,1,0.0,2,2,1.0,1,1,2,0,0,0,1,0,2,-6,3.4,1,2015-16
22015,202738,Isaiah Thomas,1610612738,BOS,Boston Celtics,0021500024,2015-10-30,BOS vs. TOR,L,29,7,16,0.438,1,4,0.25,10,11,0.909,0,1,1,7,2,0,3,5,25,4,39.7,1,2015-16
22015,203092,Tyler Zeller,1610612738,BOS,Boston Celtics,0021500024,2015-10-30,BOS vs. TOR,L,16,4,8,0.5,0,0,,2,2,1.0,0,0,0,1,0,0,0,3,10,-7,11.5,1,2015-16
22015,203109,Jae Crowder,1610612738,BOS,Boston Celtics,0021500024,2015-10-30,BOS vs. TOR,L,34,1,6,0.167,0,2,0.0,5,6,0.833,1,3,4,4,3,1,2,3,7,-7,27.8,1,2015-16
22015,2544,LeBron James,1610612739,CLE,Cleveland Cavaliers,0021500021,2015-10-30,CLE vs. MIA,W,34,13,19,0.684,0,2,0.0,3,5,0.6,2,3,5,4,1,0,4,3,29,7,40.0,1,2015-16
22015,202389,Timofey Mozgov,1610612739,CLE,Cleveland Cavaliers,0021500021,2015-10-30,CLE vs. MIA,W,18,4,6,0.667,0,0,,1,1,1.0,1,4,5,0,0,1,1,2,9,0,17.0,1,2015-16
22015,201149,Joakim Noah,1610612741,CHI,Chicago Bulls,0021500025,2015-10-30,CHI @ DET,L,17,1,1,1.0,0,0,,0,2,0.0,0,3,3,2,0,1,2,0,2,2,9.6,1,2015-16
22015,201166,Aaron Brooks,1610612741,CHI,Chicago Bulls,0021500025,2015-10-30,CHI @ DET,L,18,2,6,0.333,1,4,0.25,0,0,,0,4,4,4,0,0,0,1,5,10,15.8,1,2015-16
22015,203475,Erick Green,1610612743,DEN,Denver Nuggets,0021500029,2015-10-30,DEN vs. MIN,L,2,0,0,,0,0,,0,0,,0,0,0,0,0,0,0,0,0,-2,0.0,1,2015-16
22015,203914,Gary Harris,1610612743,DEN,Denver Nuggets,0021500029,2015-10-30,DEN vs. MIN,L,18,2,8,0.25,0,2,0.0,0,0,,1,0,1,1,1,0,1,3,4,-15,8.7,1,2015-16
22015,203949,James Michael McAdoo,1610612744,GSW,Golden State Warriors,0021500030,2015-10-30,GSW @ HOU,W,7,1,2,0.5,0,0,,1,2,0.5,0,1,1,1,0,0,1,3,3,-8,4.7,1,2015-16
22015,201935,James Harden,1610612745,HOU,Houston Rockets,0021500030,2015-10-30,HOU vs. GSW,L,37,4,18,0.222,1,10,0.1,7,8,0.875,2,5,7,5,1,1,4,2,16,-22,33.9,1,2015-16
22015,201951,Ty Lawson,1610612745,HOU,Houston Rockets,0021500030,2015-10-30,HOU vs. GSW,L,36,2,8,0.25,1,3,0.333,6,9,0.667,0,4,4,5,0,1,2,2,11,-11,24.3,1,2015-16
22015,203093,Terrence Jones,1610612745,HOU,Houston Rockets,0021500030,2015-10-30,HOU vs. GSW,L,18,2,7,0.286,0,1,0.0,0,0,,1,3,4,1,0,1,0,0,4,-6,13.3,1,2015-16
22015,203991,Clint Capela,1610612745,HOU,Houston Rockets,0021500030,2015-10-30,HOU vs. GSW,L,18,3,4,0.75,0,0,,1,1,1.0,1,7,8,1,0,2,2,2,7,-1,22.1,1,2015-16
22015,1626155,Sam Dekker,1610612745,HOU,Houston Rockets,0021500030,2015-10-30,HOU vs. GSW,L,5,0,0,,0,0,,0,0,,0,1,1,0,1,0,0,0,0,3,4.2,1,2015-16
22015,977,Kobe Bryant,1610612747,LAL,Los Angeles Lakers,0021500031,2015-10-30,LAL @ SAC,L,22,5,12,0.417,1,8,0.125,2,3,0.667,2,2,4,3,0,0,3,2,13,-18,19.3,1,2015-16
22015,201156,Nick Young,1610612747,LAL,Los Angeles Lakers,0021500031,2015-10-30,LAL @ SAC,L,22,5,11,0.455,3,7,0.429,4,4,1.0,0,2,2,3,3,0,0,0,17,-3,32.9,1,2015-16
22015,203944,Julius Randle,1610612747,LAL,Los Angeles Lakers,0021500031,2015-10-30,LAL @ SAC,L,16,1,4,0.25,0,0,,1,4,0.25,0,2,2,1,0,0,5,5,3,-27,1.9,1,2015-16
22015,202355,Hassan Whiteside,1610612748,MIA,Miami Heat,0021500021,2015-10-30,MIA @ CLE,L,36,4,7,0.571,0,0,,3,4,0.75,1,8,9,2,0,6,2,2,11,6,40.8,1,2015-16
22015,203516,James Ennis III,1610612748,MIA,Miami Heat,0021500021,2015-10-30,MIA @ CLE,L,1,0,0,,0,0,,0,0,,0,0,0,1,0,0,0,0,0,4,1.5,1,2015-16
22015,203507,Giannis Antetokounmpo,1610612749,MIL,Milwaukee Bucks,0021500027,2015-10-30,MIL vs. WAS,L,34,9,15,0.6,1,3,0.333,8,10,0.8,3,6,9,2,3,0,6,6,27,-10,43.8,1,2015-16
22015,203897,Zach LaVine,1610612750,MIN,Minnesota Timberwolves,0021500029,2015-10-30,MIN @ DEN,W,18,3,6,0.5,0,1,0.0,4,4,1.0,0,4,4,3,0,0,4,3,10,-4,15.3,1,2015-16
22015,2207,Joe Johnson,1610612751,BKN,Brooklyn Nets,0021500028,2015-10-30,BKN @ SAS,L,25,1,7,0.143,0,1,0.0,0,0,,0,2,2,1,1,0,1,5,2,-22,7.9,1,2015-16
22015,101127,Jarrett Jack,1610612751,BKN,Brooklyn Nets,0021500028,2015-10-30,BKN @ SAS,L,27,5,13,0.385,2,3,0.667,0,0,,0,6,6,7,1,0,2,0,12,-24,30.7,1,2015-16
22015,201572,Brook Lopez,1610612751,BKN,Brooklyn Nets,0021500028,2015-10-30,BKN @ SAS,L,32,6,11,0.545,0,0,,5,6,0.833,0,3,3,4,0,1,2,3,17,-23,27.6,1,2015-16
22015,203080,Thomas Robinson,1610612751,BKN,Brooklyn Nets,0021500028,2015-10-30,BKN @ SAS,L,15,1,2,0.5,0,0,,0,0,,0,4,4,0,0,2,1,1,2,3,11.8,1,2015-16
22015,202699,Tobias Harris,1610612753,ORL,Orlando Magic,0021500022,2015-10-30,ORL vs. OKC,L,46,9,19,0.474,2,4,0.5,10,12,0.833,4,5,9,4,0,1,5,3,30,-2,44.8,1,2015-16
22015,203095,Evan Fournier,1610612753,ORL,Orlando Magic,0021500022,2015-10-30,ORL vs. OKC,L,45,8,21,0.381,2,8,0.25,4,6,0.667,1,4,5,3,2,0,2,3,22,5,36.5,1,2015-16
22015,203473,Dewayne Dedmon,1610612753,ORL,Orlando Magic,0021500022,2015-10-30,ORL vs. OKC,L,13,1,2,0.5,0,0,,0,0,,4,2,6,0,0,2,0,2,2,-5,15.2,1,2015-16
22015,1626209,Mario Hezonja,1610612753,ORL,Orlando Magic,0021500022,2015-10-30,ORL vs. OKC,L,14,1,3,0.333,1,3,0.333,0,0,,0,0,0,0,1,0,2,2,3,4,4.0,1,2015-16
22015,203477,Isaiah Canaan,1610612755,PHI,Philadelphia 76ers,0021500023,2015-10-30,PHI vs. UTA,L,31,1,9,0.111,1,6,0.167,7,10,0.7,1,4,5,2,0,0,4,4,10,-16,15.0,1,2015-16
22015,203960,JaKarr Sampson,1610612755,PHI,Philadelphia 76ers,0021500023,2015-10-30,PHI vs. UTA,L,20,1,3,0.333,0,0,,1,2,0.5,0,4,4,1,1,0,2,6,3,-31,10.3,1,2015-16
22015,201603,Sonny Weems,1610612756,PHX,Phoenix Suns,0021500032,2015-10-30,PHX vs. POR,W,17,1,2,0.5,0,1,0.0,1,1,1.0,0,3,3,0,0,0,4,0,3,1,2.6,1,2015-16
22015,202693,Markieff Morris,1610612756,PHX,Phoenix Suns,0021500032,2015-10-30,PHX vs. POR,W,34,6,17,0.353,1,3,0.333,0,0,,3,5,8,2,1,2,3,3,13,18,31.6,1,2015-16
22015,202720,Jon Leuer,1610612756,PHX,Phoenix Suns,0021500032,2015-10-30,PHX vs. POR,W,15,0,3,0.0,0,0,,1,2,0.5,0,8,8,2,0,0,0,2,1,5,13.6,1,2015-16
22015,203458,Alex Len,1610612756,PHX,Phoenix Suns,0021500032,2015-10-30,PHX vs. POR,W,19,4,6,0.667,0,0,,2,4,0.5,1,3,4,1,1,2,1,1,10,0,24.3,1,2015-16
22015,203090,Maurice Harkless,1610612757,POR,Portland Trail Blazers,0021500032,2015-10-30,POR @ PHX,L,24,4,6,0.667,1,2,0.5,0,0,,1,4,5,1,0,1,1,3,9,0,18.5,1,2015-16
22015,203943,Noah Vonleh,1610612757,POR,Portland Trail Blazers,0021500032,2015-10-30,POR @ PHX,L,21,1,2,0.5,0,0,,0,0,,2,4,6,1,0,1,0,2,2,-5,13.7,1,2015-16
22015,204025,Tim Frazier,1610612757,POR,Portland Trail Blazers,0021500032,2015-10-30,POR @ PHX,L,2,0,0,,0,0,,0,0,,0,0,0,1,1,0,0,1,0,1,4.5,1,2015-16
22015,1626192,Pat Connaughton,1610612757,POR,Portland Trail Blazers,0021500032,2015-10-30,POR @ PHX,L,3,1,2,0.5,1,1,1.0,2,2,1.0,0,0,0,0,0,0,0,0,5,1,5.0,1,2015-16
22015,1938,Manu Ginobili,1610612759,SAS,San Antonio Spurs,0021500028,2015-10-30,SAS vs. BKN,W,22,5,12,0.417,2,6,0.333,0,0,,0,5,5,4,1,1,1,0,12,16,29.0,1,2015-16
22015,2225,Tony Parker,1610612759,SAS,San Antonio Spurs,0021500028,2015-10-30,SAS vs. BKN,W,24,5,8,0.625,0,0,,0,0,,0,1,1,4,0,0,1,3,10,23,16.2,1,2015-16
22015,2446,Rasual Butler,1610612759,SAS,San Antonio Spurs,0021500028,2015-10-30,SAS vs. BKN,W,11,1,4,0.25,1,3,0.333,0,0,,0,1,1,0,0,0,0,0,3,-1,4.2,1,2015-16
22015,2561,David West,1610612759,SAS,San Antonio Spurs,0021500028,2015-10-30,SAS vs. BKN,W,14,1,4,0.25,0,0,,0,0,,0,3,3,0,0,0,2,2,2,-5,3.6,1,2015-16
22015,201571,D.J. Augustin,1610612760,OKC,Oklahoma City Thunder,0021500022,2015-10-30,OKC @ ORL,W,28,4,6,0.667,2,4,0.5,2,2,1.0,1,1,2,5,0,0,0,3,12,24,21.9,1,2015-16
22015,202683,Enes Freedom,1610612760,OKC,Oklahoma City Thunder,0021500022,2015-10-30,OKC @ ORL,W,18,4,8,0.5,0,0,,2,3,0.667,4,2,6,0,0,1,2,6,10,9,18.2,1,2015-16
22015,201229,Anthony Tolliver,1610612765,DET,Detroit Pistons,0021500025,2015-10-30,DET vs. CHI,W,30,4,9,0.444,3,8,0.375,0,0,,0,3,3,0,2,0,0,1,11,2,20.6,1,2015-16
22015,203087,Jeremy Lamb,1610612766,CHA,Charlotte Hornets,0021500026,2015-10-30,CHA @ ATL,L,15,4,8,0.5,3,5,0.6,0,0,,0,2,2,1,0,2,1,0,11,-9,19.9,1,2015-16
22015,200757,Thabo Sefolosha,1610612737,ATL,Atlanta Hawks,0021500026,2015-10-30,ATL vs. CHA,W,21,2,4,0.5,0,0,,0,2,0.0,1,5,6,3,2,0,1,1,4,12,20.7,1,2015-16
22015,201168,Tiago Splitter,1610612737,ATL,Atlanta Hawks,0021500026,2015-10-30,ATL vs. CHA,W,16,2,7,0.286,0,0,,3,3,1.0,1,2,3,0,1,0,1,1,7,7,12.6,1,2015-16
22015,203934,Lamar Patterson,1610612737,ATL,Atlanta Hawks,0021500026,2015-10-30,ATL vs. CHA,W,21,0,2,0.0,0,2,0.0,3,4,0.75,1,1,2,3,2,0,1,1,3,3,14.9,1,2015-16
22015,2592,James Jones,1610612739,CLE,Cleveland Cavaliers,0021500021,2015-10-30,CLE vs. MIA,W,1,0,0,,0,0,,0,0,,0,1,1,0,0,0,0,0,0,-4,1.2,1,2015-16
22015,203099,Jared Cunningham,1610612739,CLE,Cleveland Cavaliers,0021500021,2015-10-30,CLE vs. MIA,W,9,2,4,0.5,0,1,0.0,0,0,,0,0,0,2,0,0,0,1,4,2,7.0,1,2015-16
22015,203925,Joe Harris,1610612739,CLE,Cleveland Cavaliers,0021500021,2015-10-30,CLE vs. MIA,W,1,1,1,1.0,1,1,1.0,0,0,,0,0,0,0,0,0,0,0,3,-4,3.0,1,2015-16
22015,203926,Doug McDermott,1610612741,CHI,Chicago Bulls,0021500025,2015-10-30,CHI @ DET,L,15,2,4,0.5,2,2,1.0,0,0,,0,1,1,2,0,0,2,3,6,4,8.2,1,2015-16
22015,201568,Danilo Gallinari,1610612743,DEN,Denver Nuggets,0021500029,2015-10-30,DEN vs. MIN,L,33,4,13,0.308,0,3,0.0,2,2,1.0,0,2,2,1,0,0,1,4,10,-25,12.9,1,2015-16
22015,201589,Darrell Arthur,1610612743,DEN,Denver Nuggets,0021500029,2015-10-30,DEN vs. MIN,L,26,1,7,0.143,1,3,0.333,0,0,,3,6,9,2,0,1,1,5,3,-6,18.8,1,2015-16
22015,203530,Joffrey Lauvergne,1610612743,DEN,Denver Nuggets,0021500029,2015-10-30,DEN vs. MIN,L,16,4,7,0.571,0,1,0.0,2,2,1.0,3,2,5,2,0,0,0,3,10,-5,19.0,1,2015-16
22015,2733,Shaun Livingston,1610612744,GSW,Golden State Warriors,0021500030,2015-10-30,GSW @ HOU,W,20,0,3,0.0,0,0,,4,5,0.8,0,1,1,0,0,0,0,0,4,11,5.2,1,2015-16
22015,201578,Marreese Speights,1610612744,GSW,Golden State Warriors,0021500030,2015-10-30,GSW @ HOU,W,13,6,11,0.545,0,1,0.0,2,2,1.0,2,2,4,1,0,1,0,3,14,10,23.3,1,2015-16
22015,203110,Draymond Green,1610612744,GSW,Golden State Warriors,0021500030,2015-10-30,GSW @ HOU,W,31,3,8,0.375,1,2,0.5,2,4,0.5,1,6,7,7,2,1,1,2,9,15,35.9,1,2015-16
22015,2772,Trevor Ariza,1610612745,HOU,Houston Rockets,0021500030,2015-10-30,HOU vs. GSW,L,30,3,9,0.333,2,4,0.5,3,3,1.0,1,4,5,1,0,0,1,1,11,-16,17.5,1,2015-16
22015,201147,Corey Brewer,1610612745,HOU,Houston Rockets,0021500030,2015-10-30,HOU vs. GSW,L,29,2,6,0.333,1,2,0.5,6,8,0.75,1,4,5,2,0,1,2,1,11,-11,21.0,1,2015-16
22015,203135,Robert Sacre,1610612747,LAL,Los Angeles Lakers,0021500031,2015-10-30,LAL @ SAC,L,4,1,3,0.333,0,0,,0,0,,1,1,2,0,0,0,1,0,2,3,3.4,1,2015-16
22015,1626148,Anthony Brown,1610612747,LAL,Los Angeles Lakers,0021500031,2015-10-30,LAL @ SAC,L,4,1,2,0.5,1,2,0.5,2,2,1.0,0,0,0,0,0,0,0,0,5,3,5.0,1,2015-16
22015,2547,Chris Bosh,1610612748,MIA,Miami Heat,0021500021,2015-10-30,MIA @ CLE,L,33,7,15,0.467,2,4,0.5,0,0,,0,5,5,3,1,0,0,0,16,3,29.5,1,2015-16
22015,2736,Luol Deng,1610612748,MIA,Miami Heat,0021500021,2015-10-30,MIA @ CLE,L,29,4,8,0.5,1,3,0.333,1,2,0.5,2,4,6,2,1,0,1,3,10,6,22.2,1,2015-16
22015,201609,Goran Dragic,1610612748,MIA,Miami Heat,0021500021,2015-10-30,MIA @ CLE,L,34,3,9,0.333,1,3,0.333,4,4,1.0,0,3,3,6,1,0,1,3,11,9,25.6,1,2015-16
22015,1626159,Justise Winslow,1610612748,MIA,Miami Heat,0021500021,2015-10-30,MIA @ CLE,L,19,1,4,0.25,0,2,0.0,0,0,,0,4,4,1,0,0,0,2,2,-16,8.3,1,2015-16
22015,201573,Jerryd Bayless,1610612749,MIL,Milwaukee Bucks,0021500027,2015-10-30,MIL vs. WAS,L,27,5,11,0.455,2,7,0.286,2,3,0.667,0,0,0,4,1,0,1,1,14,-11,22.0,1,2015-16
22015,202328,Greg Monroe,1610612749,MIL,Milwaukee Bucks,0021500027,2015-10-30,MIL vs. WAS,L,35,10,14,0.714,0,0,,2,3,0.667,2,3,5,3,2,0,2,2,22,3,36.5,1,2015-16
22015,203996,Damien Inglis,1610612749,MIL,Milwaukee Bucks,0021500027,2015-10-30,MIL vs. WAS,L,3,0,1,0.0,0,0,,0,0,,0,1,1,0,0,0,0,1,0,-7,1.2,1,2015-16
22015,201937,Ricky Rubio,1610612750,MIN,Minnesota Timberwolves,0021500029,2015-10-30,MIN @ DEN,W,30,2,8,0.25,0,2,0.0,8,9,0.889,1,4,5,8,1,0,2,3,12,21,31.0,1,2015-16
22015,202357,Nemanja Bjelica,1610612750,MIN,Minnesota Timberwolves,0021500029,2015-10-30,MIN @ DEN,W,26,1,2,0.5,1,1,1.0,0,3,0.0,0,8,8,1,1,0,2,4,3,1,15.1,1,2015-16
22015,203476,Gorgui Dieng,1610612750,MIN,Minnesota Timberwolves,0021500029,2015-10-30,MIN @ DEN,W,13,1,3,0.333,0,0,,0,0,,0,1,1,0,0,1,1,1,2,0,5.2,1,2015-16
22015,200745,Andrea Bargnani,1610612751,BKN,Brooklyn Nets,0021500028,2015-10-30,BKN @ SAS,L,16,2,4,0.5,1,1,1.0,0,0,,0,1,1,0,0,0,0,0,5,-8,6.2,1,2015-16
22015,202388,Donald Sloan,1610612751,BKN,Brooklyn Nets,0021500028,2015-10-30,BKN @ SAS,L,5,0,1,0.0,0,0,,0,0,,0,0,0,0,1,0,1,0,0,-4,2.0,1,2015-16
22015,1626178,Rondae Hollis-Jefferson,1610612751,BKN,Brooklyn Nets,0021500028,2015-10-30,BKN @ SAS,L,26,5,7,0.714,0,0,,0,0,,0,4,4,0,0,2,3,1,10,0,17.8,1,2015-16
22015,1626158,Richaun Holmes,1610612755,PHI,Philadelphia 76ers,0021500023,2015-10-30,PHI vs. UTA,L,6,0,0,,0,0,,1,2,0.5,0,0,0,0,0,1,0,0,1,1,4.0,1,2015-16
22015,1626174,Christian Wood,1610612755,PHI,Philadelphia 76ers,0021500023,2015-10-30,PHI vs. UTA,L,5,0,1,0.0,0,1,0.0,3,4,0.75,0,0,0,0,0,0,0,0,3,-5,3.0,1,2015-16
22015,202329,Al-Farouq Aminu,1610612757,POR,Portland Trail Blazers,0021500032,2015-10-30,POR @ PHX,L,32,5,9,0.556,2,3,0.667,4,5,0.8,3,7,10,0,0,2,6,5,16,-12,28.0,1,2015-16
22015,202334,Ed Davis,1610612757,POR,Portland Trail Blazers,0021500032,2015-10-30,POR @ PHX,L,20,2,3,0.667,0,0,,1,3,0.333,1,1,2,1,0,1,2,2,5,-4,9.9,1,2015-16
22015,203081,Damian Lillard,1610612757,POR,Portland Trail Blazers,0021500032,2015-10-30,POR @ PHX,L,37,7,20,0.35,3,8,0.375,7,7,1.0,0,3,3,6,0,0,7,4,24,-17,29.6,1,2015-16
22015,203459,Allen Crabbe,1610612757,POR,Portland Trail Blazers,0021500032,2015-10-30,POR @ PHX,L,23,0,3,0.0,0,1,0.0,0,0,,0,3,3,1,3,0,1,3,0,-9,13.1,1,2015-16
22015,200752,Rudy Gay,1610612758,SAC,Sacramento Kings,0021500031,2015-10-30,SAC vs. LAL,W,31,8,12,0.667,2,3,0.667,1,2,0.5,1,5,6,3,2,0,0,1,19,30,36.7,1,2015-16
22015,1626161,Willie Cauley-Stein,1610612758,SAC,Sacramento Kings,0021500031,2015-10-30,SAC vs. LAL,W,30,7,8,0.875,0,0,,3,5,0.6,3,6,9,1,1,3,2,5,17,23,39.3,1,2015-16
22015,1626246,Boban Marjanovic,1610612759,SAS,San Antonio Spurs,0021500028,2015-10-30,SAS vs. BKN,W,5,2,5,0.4,0,0,,2,2,1.0,3,2,5,1,0,0,2,0,6,4,11.5,1,2015-16
22015,203500,Steven Adams,1610612760,OKC,Oklahoma City Thunder,0021500022,2015-10-30,OKC @ ORL,W,36,3,5,0.6,0,0,,3,4,0.75,5,3,8,2,2,2,2,5,9,-3,31.6,1,2015-16
22015,200768,Kyle Lowry,1610612761,TOR,Toronto Raptors,0021500024,2015-10-30,TOR @ BOS,W,34,3,11,0.273,0,1,0.0,8,10,0.8,1,6,7,9,3,2,3,4,14,3,47.9,1,2015-16
22015,203082,Terrence Ross,1610612761,TOR,Toronto Raptors,0021500024,2015-10-30,TOR @ BOS,W,21,8,12,0.667,2,6,0.333,3,3,1.0,0,4,4,0,0,0,2,0,21,2,23.8,1,2015-16
22015,203187,Chris Johnson,1610612762,UTA,Utah Jazz,0021500023,2015-10-30,UTA @ PHI,W,4,1,2,0.5,0,0,,0,0,,1,2,3,1,0,0,0,0,2,-1,7.1,1,2015-16
22015,101162,Marcin Gortat,1610612764,WAS,Washington Wizards,0021500027,2015-10-30,WAS @ MIL,W,26,3,6,0.5,0,0,,3,4,0.75,3,6,9,1,0,1,3,2,9,-12,21.3,1,2015-16
22015,2581,Steve Blake,1610612765,DET,Detroit Pistons,0021500025,2015-10-30,DET vs. CHI,W,16,0,7,0.0,0,4,0.0,0,0,,1,2,3,5,0,0,0,0,0,-3,11.1,1,2015-16
22015,202694,Marcus Morris Sr.,1610612765,DET,Detroit Pistons,0021500025,2015-10-30,DET vs. CHI,W,42,10,15,0.667,2,2,1.0,4,9,0.444,1,6,7,2,0,0,2,4,26,6,35.4,1,2015-16
22015,202391,Jeremy Lin,1610612766,CHA,Charlotte Hornets,0021500026,2015-10-30,CHA @ ATL,L,27,2,8,0.25,2,4,0.5,6,6,1.0,2,2,4,4,1,0,3,2,12,3,22.8,1,2015-16
22015,203798,PJ Hairston,1610612766,CHA,Charlotte Hornets,0021500026,2015-10-30,CHA @ ATL,L,17,1,5,0.2,1,4,0.25,0,0,,0,1,1,0,0,1,0,1,3,-6,7.2,1,2015-16
22015,200794,Paul Millsap,1610612737,ATL,Atlanta Hawks,0021500026,2015-10-30,ATL vs. CHA,W,37,5,10,0.5,2,4,0.5,6,7,0.857,1,9,10,4,2,2,4,3,18,1,44.0,1,2015-16
22015,203118,Mike Scott,1610612737,ATL,Atlanta Hawks,0021500026,2015-10-30,ATL vs. CHA,W,13,0,3,0.0,0,0,,0,0,,1,2,3,3,0,0,0,2,0,-4,8.1,1,2015-16
22015,203145,Kent Bazemore,1610612737,ATL,Atlanta Hawks,0021500026,2015-10-30,ATL vs. CHA,W,31,7,13,0.538,4,5,0.8,1,2,0.5,2,7,9,1,0,0,1,3,19,-10,30.3,1,2015-16
22015,203482,Kelly Olynyk,1610612738,BOS,Boston Celtics,0021500024,2015-10-30,BOS vs. TOR,L,17,4,10,0.4,1,5,0.2,2,3,0.667,1,1,2,0,2,0,0,0,11,1,19.4,1,2015-16
22015,2210,Richard Jefferson,1610612739,CLE,Cleveland Cavaliers,0021500021,2015-10-30,CLE vs. MIA,W,24,2,7,0.286,1,3,0.333,0,0,,0,0,0,0,1,0,3,1,5,9,5.0,1,2015-16
22015,2590,Mo Williams,1610612739,CLE,Cleveland Cavaliers,0021500021,2015-10-30,CLE vs. MIA,W,26,2,10,0.2,0,4,0.0,2,2,1.0,0,0,0,3,1,0,1,3,6,-4,12.5,1,2015-16
22015,203521,Matthew Dellavedova,1610612739,CLE,Cleveland Cavaliers,0021500021,2015-10-30,CLE vs. MIA,W,27,1,5,0.2,1,4,0.25,2,2,1.0,1,4,5,10,1,0,0,0,5,23,29.0,1,2015-16
22015,2200,Pau Gasol,1610612741,CHI,Chicago Bulls,0021500025,2015-10-30,CHI @ DET,L,32,7,14,0.5,0,1,0.0,2,2,1.0,3,9,12,3,2,3,3,4,16,-16,46.9,1,2015-16
22015,202702,Kenneth Faried,1610612743,DEN,Denver Nuggets,0021500029,2015-10-30,DEN vs. MIN,L,27,3,10,0.3,0,0,,3,4,0.75,6,9,15,1,1,0,2,1,9,-24,29.5,1,2015-16
22015,1626144,Emmanuel Mudiay,1610612743,DEN,Denver Nuggets,0021500029,2015-10-30,DEN vs. MIN,L,27,5,15,0.333,2,5,0.4,3,6,0.5,0,2,2,2,2,2,4,2,15,-13,28.4,1,2015-16
22015,201574,Jason Thompson,1610612744,GSW,Golden State Warriors,0021500030,2015-10-30,GSW @ HOU,W,6,2,3,0.667,0,0,,0,0,,1,2,3,0,0,0,0,1,4,-3,7.6,1,2015-16
22015,201939,Stephen Curry,1610612744,GSW,Golden State Warriors,0021500030,2015-10-30,GSW @ HOU,W,27,9,15,0.6,4,9,0.444,3,4,0.75,0,7,7,6,1,0,1,4,25,12,44.4,1,2015-16
22015,203546,Ian Clark,1610612744,GSW,Golden State Warriors,0021500030,2015-10-30,GSW @ HOU,W,5,1,3,0.333,0,1,0.0,0,0,,0,0,0,2,0,0,0,1,2,-5,5.0,1,2015-16
22015,2730,Dwight Howard,1610612745,HOU,Houston Rockets,0021500030,2015-10-30,HOU vs. GSW,L,22,4,11,0.364,0,0,,1,2,0.5,4,3,7,2,1,1,4,5,9,-16,22.4,1,2015-16
22015,1626149,Montrezl Harrell,1610612745,HOU,Houston Rockets,0021500030,2015-10-30,HOU vs. GSW,L,21,7,9,0.778,0,0,,3,5,0.6,1,2,3,0,0,1,0,1,17,-11,23.6,1,2015-16
22015,101138,Brandon Bass,1610612747,LAL,Los Angeles Lakers,0021500031,2015-10-30,LAL @ SAC,L,20,2,4,0.5,0,0,,4,4,1.0,1,2,3,1,0,0,1,4,8,-9,12.1,1,2015-16
22015,203527,Ryan Kelly,1610612747,LAL,Los Angeles Lakers,0021500031,2015-10-30,LAL @ SAC,L,28,4,7,0.571,1,3,0.333,1,2,0.5,0,6,6,1,1,3,2,0,10,6,28.7,1,2015-16
22015,204020,Tyler Johnson,1610612748,MIA,Miami Heat,0021500021,2015-10-30,MIA @ CLE,L,1,0,0,,0,0,,0,0,,0,0,0,0,0,0,0,0,0,4,0.0,1,2015-16
22015,202349,Greivis Vasquez,1610612749,MIL,Milwaukee Bucks,0021500027,2015-10-30,MIL vs. WAS,L,17,0,3,0.0,0,1,0.0,0,0,,0,2,2,5,0,0,2,4,0,-10,7.9,1,2015-16
22015,1626157,Karl-Anthony Towns,1610612750,MIN,Minnesota Timberwolves,0021500029,2015-10-30,MIN @ DEN,W,33,11,19,0.579,0,0,,6,7,0.857,3,11,14,2,0,4,1,3,28,15,58.8,1,2015-16
22015,201961,Wayne Ellington,1610612751,BKN,Brooklyn Nets,0021500028,2015-10-30,BKN @ SAS,L,18,1,6,0.167,1,4,0.25,0,0,,0,1,1,0,2,0,0,2,3,-18,10.2,1,2015-16
22015,203499,Shane Larkin,1610612751,BKN,Brooklyn Nets,0021500028,2015-10-30,BKN @ SAS,L,16,3,5,0.6,0,0,,1,2,0.5,0,0,0,4,0,1,1,0,7,1,15.0,1,2015-16
22015,203900,Markel Brown,1610612751,BKN,Brooklyn Nets,0021500028,2015-10-30,BKN @ SAS,L,8,0,4,0.0,0,3,0.0,0,0,,0,0,0,1,1,0,0,2,0,-14,4.5,1,2015-16
22015,202696,Nikola Vučević,1610612753,ORL,Orlando Magic,0021500022,2015-10-30,ORL vs. OKC,L,45,10,14,0.714,0,0,,6,8,0.75,3,4,7,0,1,5,1,5,26,3,51.4,1,2015-16
22015,203901,Elfrid Payton,1610612753,ORL,Orlando Magic,0021500022,2015-10-30,ORL vs. OKC,L,37,5,11,0.455,2,4,0.5,2,2,1.0,1,2,3,5,1,0,0,5,14,-7,28.1,1,2015-16
22015,203457,Nerlens Noel,1610612755,PHI,Philadelphia 76ers,0021500023,2015-10-30,PHI vs. UTA,L,36,2,12,0.167,0,0,,4,4,1.0,4,6,10,2,0,2,2,3,8,-20,27.0,1,2015-16
22015,1626143,Jahlil Okafor,1610612755,PHI,Philadelphia 76ers,0021500023,2015-10-30,PHI vs. UTA,L,36,4,12,0.333,0,0,,2,4,0.5,1,5,6,1,1,0,2,3,10,-35,19.7,1,2015-16
22015,202688,Brandon Knight,1610612756,PHX,Phoenix Suns,0021500032,2015-10-30,PHX vs. POR,W,33,7,14,0.5,2,5,0.4,2,2,1.0,1,3,4,4,3,0,2,3,18,14,35.8,1,2015-16
22015,203141,Mirza Teletovic,1610612756,PHX,Phoenix Suns,0021500032,2015-10-30,PHX vs. POR,W,2,0,0,,0,0,,0,0,,0,0,0,0,1,0,0,0,0,-1,3.0,1,2015-16
22015,1626242,Luis Montero,1610612757,POR,Portland Trail Blazers,0021500032,2015-10-30,POR @ PHX,L,2,0,1,0.0,0,0,,0,0,,0,1,1,0,0,0,1,0,0,1,0.2,1,2015-16
22015,200765,Rajon Rondo,1610612758,SAC,Sacramento Kings,0021500031,2015-10-30,SAC vs. LAL,W,24,9,13,0.692,1,2,0.5,2,2,1.0,0,3,3,8,1,0,4,1,21,13,35.6,1,2015-16
22015,201954,Darren Collison,1610612758,SAC,Sacramento Kings,0021500031,2015-10-30,SAC vs. LAL,W,24,7,13,0.538,0,3,0.0,0,0,,0,1,1,3,1,0,1,0,14,-4,21.7,1,2015-16
22015,201142,Kevin Durant,1610612760,OKC,Oklahoma City Thunder,0021500022,2015-10-30,OKC @ ORL,W,54,15,30,0.5,3,9,0.333,10,11,0.909,1,11,12,2,1,2,2,4,43,3,67.4,1,2015-16
22015,201566,Russell Westbrook,1610612760,OKC,Oklahoma City Thunder,0021500022,2015-10-30,OKC @ ORL,W,48,17,36,0.472,1,5,0.2,13,16,0.813,5,6,11,8,1,1,6,3,48,2,73.2,1,2015-16
22015,202713,Kyle Singler,1610612760,OKC,Oklahoma City Thunder,0021500022,2015-10-30,OKC @ ORL,W,13,1,3,0.333,0,1,0.0,1,2,0.5,0,1,1,0,1,0,1,1,3,-5,6.2,1,2015-16
22015,203460,Andre Roberson,1610612760,OKC,Oklahoma City Thunder,0021500022,2015-10-30,OKC @ ORL,W,19,0,1,0.0,0,1,0.0,0,0,,0,2,2,0,0,0,2,0,0,-13,0.4,1,2015-16
22015,202685,Jonas Valančiūnas,1610612761,TOR,Toronto Raptors,0021500024,2015-10-30,TOR @ BOS,W,23,2,6,0.333,0,0,,2,2,1.0,1,9,10,2,0,0,2,4,6,6,19.0,1,2015-16
22015,203497,Rudy Gobert,1610612762,UTA,Utah Jazz,0021500023,2015-10-30,UTA @ PHI,W,32,3,6,0.5,0,0,,2,2,1.0,6,5,11,2,0,7,1,2,8,34,44.2,1,2015-16
22015,2400,Drew Gooden,1610612764,WAS,Washington Wizards,0021500027,2015-10-30,WAS @ MIL,W,8,0,0,,0,0,,2,2,1.0,0,1,1,0,1,1,0,0,2,5,9.2,1,2015-16
22015,2403,Nene,1610612764,WAS,Washington Wizards,0021500027,2015-10-30,WAS @ MIL,W,22,3,3,1.0,0,0,,3,6,0.5,1,7,8,4,0,0,1,2,9,17,23.6,1,2015-16
22015,2743,Kris Humphries,1610612764,WAS,Washington Wizards,0021500027,2015-10-30,WAS @ MIL,W,14,1,4,0.25,1,2,0.5,2,2,1.0,2,1,3,0,0,0,1,0,5,-15,7.6,1,2015-16
22015,201162,Jared Dudley,1610612764,WAS,Washington Wizards,0021500027,2015-10-30,WAS @ MIL,W,25,2,3,0.667,1,1,1.0,1,2,0.5,0,6,6,2,1,1,1,3,6,15,21.2,1,2015-16
22015,201196,Ramon Sessions,1610612764,WAS,Washington Wizards,0021500027,2015-10-30,WAS @ MIL,W,26,8,12,0.667,2,3,0.667,5,6,0.833,0,0,0,0,2,0,2,2,23,16,27.0,1,2015-16
22015,203083,Andre Drummond,1610612765,DET,Detroit Pistons,0021500025,2015-10-30,DET vs. CHI,W,39,8,19,0.421,0,0,,4,10,0.4,9,11,20,0,2,2,3,3,20,12,53.0,1,2015-16
22015,203484,Kentavious Caldwell-Pope,1610612765,DET,Detroit Pistons,0021500025,2015-10-30,DET vs. CHI,W,39,2,12,0.167,0,5,0.0,2,2,1.0,1,3,4,2,2,0,2,2,6,8,17.8,1,2015-16
22015,203493,Reggie Bullock Jr.,1610612765,DET,Detroit Pistons,0021500025,2015-10-30,DET vs. CHI,W,15,0,1,0.0,0,1,0.0,0,0,,1,1,2,0,0,0,0,1,0,-6,2.4,1,2015-16
22015,201150,Spencer Hawes,1610612766,CHA,Charlotte Hornets,0021500026,2015-10-30,CHA @ ATL,L,18,4,6,0.667,0,0,,0,3,0.0,1,3,4,4,2,0,2,5,8,-9,22.8,1,2015-16
22015,201587,Nicolas Batum,1610612766,CHA,Charlotte Hornets,0021500026,2015-10-30,CHA @ ATL,L,33,6,10,0.6,1,4,0.25,1,1,1.0,2,9,11,4,1,0,7,2,14,6,29.2,1,2015-16
22015,202340,Avery Bradley,1610612738,BOS,Boston Celtics,0021500024,2015-10-30,BOS vs. TOR,L,30,4,11,0.364,3,7,0.429,2,2,1.0,0,5,5,3,1,1,2,3,13,-11,27.5,1,2015-16
22015,203096,Jared Sullinger,1610612738,BOS,Boston Celtics,0021500024,2015-10-30,BOS vs. TOR,L,14,3,3,1.0,0,0,,0,1,0.0,0,3,3,1,1,1,1,6,6,-3,16.1,1,2015-16
22015,201565,Derrick Rose,1610612741,CHI,Chicago Bulls,0021500025,2015-10-30,CHI @ DET,L,34,4,13,0.308,0,1,0.0,0,0,,0,2,2,6,0,0,5,3,8,-14,14.4,1,2015-16
22015,201959,Taj Gibson,1610612741,CHI,Chicago Bulls,0021500025,2015-10-30,CHI @ DET,L,20,4,7,0.571,0,0,,0,2,0.0,3,4,7,0,0,3,1,5,8,1,24.4,1,2015-16
22015,202691,Klay Thompson,1610612744,GSW,Golden State Warriors,0021500030,2015-10-30,GSW @ HOU,W,24,4,10,0.4,1,5,0.2,2,2,1.0,0,2,2,0,1,0,2,3,11,7,14.4,1,2015-16
22015,203084,Harrison Barnes,1610612744,GSW,Golden State Warriors,0021500030,2015-10-30,GSW @ HOU,W,26,5,10,0.5,0,1,0.0,2,2,1.0,0,5,5,2,0,0,0,2,12,11,21.0,1,2015-16
22015,203105,Festus Ezeli,1610612744,GSW,Golden State Warriors,0021500030,2015-10-30,GSW @ HOU,W,25,4,9,0.444,0,0,,1,4,0.25,3,4,7,1,0,2,2,2,9,15,22.9,1,2015-16
22015,101123,Gerald Green,1610612748,MIA,Miami Heat,0021500021,2015-10-30,MIA @ CLE,L,16,1,9,0.111,1,4,0.25,2,2,1.0,0,1,1,0,0,0,1,1,5,-18,5.2,1,2015-16
22015,203487,Michael Carter-Williams,1610612749,MIL,Milwaukee Bucks,0021500027,2015-10-30,MIL vs. WAS,L,36,6,12,0.5,1,5,0.2,0,0,,0,6,6,11,1,2,3,3,13,7,42.7,1,2015-16
22015,201152,Thaddeus Young,1610612751,BKN,Brooklyn Nets,0021500028,2015-10-30,BKN @ SAS,L,28,4,11,0.364,1,2,0.5,0,3,0.0,2,5,7,0,0,0,1,2,9,-24,16.4,1,2015-16
22015,201228,C.J. Watson,1610612753,ORL,Orlando Magic,0021500022,2015-10-30,ORL vs. OKC,L,21,1,5,0.2,1,3,0.333,0,0,,0,3,3,3,1,0,0,1,3,2,14.1,1,2015-16
22015,203506,Victor Oladipo,1610612753,ORL,Orlando Magic,0021500022,2015-10-30,ORL vs. OKC,L,51,8,27,0.296,3,10,0.3,2,2,1.0,0,13,13,10,3,1,5,5,21,-9,58.6,1,2015-16
22015,203932,Aaron Gordon,1610612753,ORL,Orlando Magic,0021500022,2015-10-30,ORL vs. OKC,L,18,4,4,1.0,1,1,1.0,6,8,0.75,1,2,3,0,1,1,1,5,15,-6,23.6,1,2015-16
22015,203138,Hollis Thompson,1610612755,PHI,Philadelphia 76ers,0021500023,2015-10-30,PHI vs. UTA,L,32,3,7,0.429,2,3,0.667,2,2,1.0,1,3,4,1,0,0,1,4,10,-25,15.3,1,2015-16
22015,204456,T.J. McConnell,1610612755,PHI,Philadelphia 76ers,0021500023,2015-10-30,PHI vs. UTA,L,26,1,4,0.25,0,0,,0,0,,1,1,2,4,2,0,3,1,2,-2,13.4,1,2015-16
22015,203933,T.J. Warren,1610612756,PHX,Phoenix Suns,0021500032,2015-10-30,PHX vs. POR,W,22,7,10,0.7,1,2,0.5,2,4,0.5,1,5,6,1,0,0,1,2,17,6,24.7,1,2015-16
22015,202341,James Anderson,1610612758,SAC,Sacramento Kings,0021500031,2015-10-30,SAC vs. LAL,W,4,1,2,0.5,1,2,0.5,0,0,,0,0,0,0,0,0,2,0,3,-5,1.0,1,2015-16
22015,203463,Ben McLemore,1610612758,SAC,Sacramento Kings,0021500031,2015-10-30,SAC vs. LAL,W,25,2,8,0.25,1,3,0.333,2,2,1.0,1,2,3,1,0,0,1,4,7,25,11.1,1,2015-16
22015,202695,Kawhi Leonard,1610612759,SAS,San Antonio Spurs,0021500028,2015-10-30,SAS vs. BKN,W,26,6,16,0.375,0,2,0.0,4,4,1.0,1,9,10,1,2,1,4,3,16,16,34.5,1,2015-16
22015,203492,Ray McCallum,1610612759,SAS,San Antonio Spurs,0021500028,2015-10-30,SAS vs. BKN,W,6,1,1,1.0,0,0,,0,0,,0,0,0,0,2,0,1,1,2,5,7.0,1,2015-16
22015,2449,Luis Scola,1610612761,TOR,Toronto Raptors,0021500024,2015-10-30,TOR @ BOS,W,22,4,9,0.444,1,1,1.0,0,0,,3,6,9,1,1,0,2,2,9,11,22.3,1,2015-16
22015,201942,DeMar DeRozan,1610612761,TOR,Toronto Raptors,0021500024,2015-10-30,TOR @ BOS,W,35,5,15,0.333,1,4,0.25,12,14,0.857,1,6,7,6,2,0,3,4,23,13,43.4,1,2015-16
22015,203918,Rodney Hood,1610612762,UTA,Utah Jazz,0021500023,2015-10-30,UTA @ PHI,W,23,6,14,0.429,3,6,0.5,2,2,1.0,0,0,0,1,0,0,1,3,17,15,17.5,1,2015-16
22015,2744,Al Jefferson,1610612766,CHA,Charlotte Hornets,0021500026,2015-10-30,CHA @ ATL,L,30,5,15,0.333,0,0,,0,0,,4,7,11,0,1,2,0,1,10,7,32.2,1,2015-16
22015,201582,Alexis Ajinca,1610612740,NOP,New Orleans Pelicans,0021500035,2015-10-31,NOP vs. GSW,L,6,3,5,0.6,0,0,,1,1,1.0,4,1,5,1,1,0,0,0,7,5,17.5,1,2015-16
22015,201583,Ryan Anderson,1610612740,NOP,New Orleans Pelicans,0021500035,2015-10-31,NOP vs. GSW,L,30,8,16,0.5,2,4,0.5,1,1,1.0,3,4,7,0,0,1,1,0,19,-2,29.4,1,2015-16
22015,201967,Dante Cunningham,1610612740,NOP,New Orleans Pelicans,0021500035,2015-10-31,NOP vs. GSW,L,22,3,4,0.75,2,2,1.0,0,0,,0,1,1,0,0,1,0,2,8,-11,12.2,1,2015-16
22015,202337,Luke Babbitt,1610612740,NOP,New Orleans Pelicans,0021500035,2015-10-31,NOP vs. GSW,L,30,2,6,0.333,0,4,0.0,0,0,,0,6,6,1,0,0,1,2,4,-8,11.7,1,2015-16
22015,201578,Marreese Speights,1610612744,GSW,Golden State Warriors,0021500035,2015-10-31,GSW @ NOP,W,14,2,4,0.5,0,0,,1,2,0.5,0,1,1,2,0,1,2,1,5,-1,10.2,1,2015-16
22015,201939,Stephen Curry,1610612744,GSW,Golden State Warriors,0021500035,2015-10-31,GSW @ NOP,W,36,17,27,0.63,8,14,0.571,11,11,1.0,0,4,4,9,4,0,2,3,53,16,81.3,1,2015-16
22015,200755,JJ Redick,1610612746,LAC,LA Clippers,0021500038,2015-10-31,LAC vs. SAC,W,33,8,9,0.889,2,2,1.0,5,5,1.0,0,0,0,2,0,1,0,4,23,15,29.0,1,2015-16
22015,201933,Blake Griffin,1610612746,LAC,LA Clippers,0021500038,2015-10-31,LAC vs. SAC,W,36,13,22,0.591,0,0,,11,15,0.733,1,8,9,6,2,0,3,4,37,23,59.8,1,2015-16
22015,203085,Austin Rivers,1610612746,LAC,LA Clippers,0021500038,2015-10-31,LAC vs. SAC,W,12,0,3,0.0,0,2,0.0,0,0,,0,0,0,0,0,0,2,3,0,-17,-2.0,1,2015-16
22015,101127,Jarrett Jack,1610612751,BKN,Brooklyn Nets,0021500036,2015-10-31,BKN @ MEM,L,35,7,17,0.412,0,3,0.0,1,1,1.0,1,2,3,9,0,0,2,3,15,-6,30.1,1,2015-16
22015,201152,Thaddeus Young,1610612751,BKN,Brooklyn Nets,0021500036,2015-10-31,BKN @ MEM,L,32,5,8,0.625,0,0,,1,2,0.5,0,9,9,2,2,1,2,4,11,2,31.8,1,2015-16
22015,201961,Wayne Ellington,1610612751,BKN,Brooklyn Nets,0021500036,2015-10-31,BKN @ MEM,L,9,2,4,0.5,2,4,0.5,0,0,,0,0,0,0,0,0,0,0,6,-4,6.0,1,2015-16
22015,204038,Langston Galloway,1610612752,NYK,New York Knicks,0021500034,2015-10-31,NYK @ WAS,W,28,4,8,0.5,2,3,0.667,4,5,0.8,1,6,7,4,1,1,1,3,14,8,33.4,1,2015-16
22015,201155,Rodney Stuckey,1610612754,IND,Indiana Pacers,0021500033,2015-10-31,IND vs. UTA,L,23,2,6,0.333,0,1,0.0,0,0,,0,2,2,1,1,0,1,1,4,-5,9.9,1,2015-16
22015,201978,Chase Budinger,1610612754,IND,Indiana Pacers,0021500033,2015-10-31,IND vs. UTA,L,14,1,2,0.5,1,2,0.5,0,0,,0,3,3,1,0,0,0,1,3,-2,8.1,1,2015-16
22015,201603,Sonny Weems,1610612756,PHX,Phoenix Suns,0021500037,2015-10-31,PHX @ POR,W,6,0,1,0.0,0,1,0.0,0,0,,0,0,0,1,1,0,0,0,0,0,4.5,1,2015-16
22015,202339,Eric Bledsoe,1610612756,PHX,Phoenix Suns,0021500037,2015-10-31,PHX @ POR,W,38,12,21,0.571,2,6,0.333,7,9,0.778,0,3,3,6,4,2,2,1,33,11,61.6,1,2015-16
22015,202693,Markieff Morris,1610612756,PHX,Phoenix Suns,0021500037,2015-10-31,PHX @ POR,W,23,6,17,0.353,3,6,0.5,0,0,,3,6,9,1,1,1,3,5,15,25,30.3,1,2015-16
22015,202329,Al-Farouq Aminu,1610612757,POR,Portland Trail Blazers,0021500037,2015-10-31,POR vs. PHX,L,34,5,14,0.357,2,4,0.5,4,4,1.0,0,7,7,5,0,0,2,2,16,-10,29.9,1,2015-16
22015,201956,Omri Casspi,1610612758,SAC,Sacramento Kings,0021500038,2015-10-31,SAC @ LAC,L,21,4,6,0.667,1,1,1.0,1,2,0.5,1,3,4,2,0,0,3,2,10,13,14.8,1,2015-16
22015,1626161,Willie Cauley-Stein,1610612758,SAC,Sacramento Kings,0021500038,2015-10-31,SAC @ LAC,L,23,3,5,0.6,0,0,,2,4,0.5,5,4,9,0,3,1,2,5,8,4,28.8,1,2015-16
22015,202692,Alec Burks,1610612762,UTA,Utah Jazz,0021500033,2015-10-31,UTA @ IND,W,21,4,13,0.308,0,0,,2,2,1.0,0,1,1,0,1,0,1,1,10,6,13.2,1,2015-16
22015,203187,Chris Johnson,1610612762,UTA,Utah Jazz,0021500033,2015-10-31,UTA @ IND,W,2,0,0,,0,0,,1,2,0.5,0,0,0,0,1,0,0,0,1,4,4.0,1,2015-16
22015,203504,Trey Burke,1610612762,UTA,Utah Jazz,0021500033,2015-10-31,UTA @ IND,W,21,6,11,0.545,1,3,0.333,2,2,1.0,1,2,3,3,2,0,3,3,15,4,26.1,1,2015-16
22015,201144,Mike Conley,1610612763,MEM,Memphis Grizzlies,0021500036,2015-10-31,MEM vs. BKN,W,32,7,12,0.583,4,7,0.571,4,4,1.0,0,2,2,8,1,0,1,0,22,6,38.4,1,2015-16
22015,202390,Gary Neal,1610612764,WAS,Washington Wizards,0021500034,2015-10-31,WAS vs. NYK,L,15,3,7,0.429,0,1,0.0,0,0,,0,0,0,1,0,0,2,1,6,-1,5.5,1,2015-16
22015,201569,Eric Gordon,1610612740,NOP,New Orleans Pelicans,0021500035,2015-10-31,NOP vs. GSW,L,24,3,11,0.273,1,3,0.333,2,2,1.0,1,3,4,2,1,0,0,5,9,6,19.8,1,2015-16
22015,201962,Toney Douglas,1610612740,NOP,New Orleans Pelicans,0021500035,2015-10-31,NOP vs. GSW,L,23,7,12,0.583,1,1,1.0,2,3,0.667,1,2,3,4,1,0,3,3,17,-4,26.6,1,2015-16
22015,202691,Klay Thompson,1610612744,GSW,Golden State Warriors,0021500035,2015-10-31,GSW @ NOP,W,27,6,12,0.5,2,5,0.4,5,5,1.0,0,3,3,1,0,1,0,4,19,9,27.1,1,2015-16
22015,203105,Festus Ezeli,1610612744,GSW,Golden State Warriors,0021500035,2015-10-31,GSW @ NOP,W,15,0,2,0.0,0,0,,1,6,0.167,0,5,5,1,1,1,0,3,1,3,14.5,1,2015-16
22015,2037,Jamal Crawford,1610612746,LAC,LA Clippers,0021500038,2015-10-31,LAC vs. SAC,W,23,3,10,0.3,0,3,0.0,4,4,1.0,0,1,1,0,0,0,0,1,10,-11,11.2,1,2015-16
22015,201599,DeAndre Jordan,1610612746,LAC,LA Clippers,0021500038,2015-10-31,LAC vs. SAC,W,36,5,6,0.833,0,0,,5,12,0.417,3,15,18,1,1,7,1,1,15,24,61.1,1,2015-16
22015,202362,Lance Stephenson,1610612746,LAC,LA Clippers,0021500038,2015-10-31,LAC vs. SAC,W,24,3,6,0.5,0,1,0.0,1,2,0.5,0,2,2,4,0,0,2,3,7,20,13.4,1,2015-16
22015,203080,Thomas Robinson,1610612751,BKN,Brooklyn Nets,0021500036,2015-10-31,BKN @ MEM,L,15,4,5,0.8,0,0,,0,1,0.0,4,8,12,0,0,1,2,1,8,-1,23.4,1,2015-16
22015,203499,Shane Larkin,1610612751,BKN,Brooklyn Nets,0021500036,2015-10-31,BKN @ MEM,L,13,1,5,0.2,0,0,,0,0,,0,1,1,2,0,0,0,1,2,-4,6.2,1,2015-16
22015,203900,Markel Brown,1610612751,BKN,Brooklyn Nets,0021500036,2015-10-31,BKN @ MEM,L,14,1,3,0.333,0,1,0.0,0,0,,0,0,0,2,0,0,2,2,2,-10,3.0,1,2015-16
22015,2546,Carmelo Anthony,1610612752,NYK,New York Knicks,0021500034,2015-10-31,NYK @ WAS,W,36,11,18,0.611,4,5,0.8,11,12,0.917,1,6,7,4,0,1,2,3,37,6,52.4,1,2015-16
22015,2756,Sasha Vujacic,1610612752,NYK,New York Knicks,0021500034,2015-10-31,NYK @ WAS,W,26,2,10,0.2,0,4,0.0,0,0,,1,5,6,4,1,0,1,2,4,6,19.2,1,2015-16
22015,202682,Derrick Williams,1610612752,NYK,New York Knicks,0021500034,2015-10-31,NYK @ WAS,W,15,2,5,0.4,1,2,0.5,2,4,0.5,0,1,1,1,1,0,1,2,7,2,11.7,1,2015-16
22015,101145,Monta Ellis,1610612754,IND,Indiana Pacers,0021500033,2015-10-31,IND vs. UTA,L,32,5,14,0.357,0,2,0.0,2,2,1.0,0,4,4,3,2,2,4,1,12,-13,29.3,1,2015-16
22015,203524,Solomon Hill,1610612754,IND,Indiana Pacers,0021500033,2015-10-31,IND vs. UTA,L,2,0,0,,0,0,,0,0,,0,0,0,0,0,0,0,0,0,-4,0.0,1,2015-16
22015,203963,Shayne Whittington,1610612754,IND,Indiana Pacers,0021500033,2015-10-31,IND vs. UTA,L,2,0,0,,0,0,,0,0,,0,0,0,0,0,0,2,1,0,-4,-2.0,1,2015-16
22015,203141,Mirza Teletovic,1610612756,PHX,Phoenix Suns,0021500037,2015-10-31,PHX @ POR,W,4,0,2,0.0,0,2,0.0,0,0,,0,0,0,0,0,0,0,0,0,2,0.0,1,2015-16
22015,203090,Maurice Harkless,1610612757,POR,Portland Trail Blazers,0021500037,2015-10-31,POR vs. PHX,L,28,3,9,0.333,1,4,0.25,0,2,0.0,3,1,4,0,2,0,2,0,7,8,15.8,1,2015-16
22015,203486,Mason Plumlee,1610612757,POR,Portland Trail Blazers,0021500037,2015-10-31,POR vs. PHX,L,27,4,4,1.0,0,0,,0,4,0.0,1,6,7,2,0,2,3,3,8,-4,22.4,1,2015-16
22015,204025,Tim Frazier,1610612757,POR,Portland Trail Blazers,0021500037,2015-10-31,POR vs. PHX,L,5,0,1,0.0,0,0,,0,0,,1,1,2,0,0,0,1,1,0,0,1.4,1,2015-16
22015,201585,Kosta Koufos,1610612758,SAC,Sacramento Kings,0021500038,2015-10-31,SAC @ LAC,L,29,2,5,0.4,0,0,,0,0,,4,3,7,0,0,1,0,6,4,-8,15.4,1,2015-16
22015,201954,Darren Collison,1610612758,SAC,Sacramento Kings,0021500038,2015-10-31,SAC @ LAC,L,35,6,16,0.375,1,2,0.5,2,2,1.0,1,2,3,6,0,0,2,4,15,-4,25.6,1,2015-16
22015,202326,DeMarcus Cousins,1610612758,SAC,Sacramento Kings,0021500038,2015-10-31,SAC @ LAC,L,15,6,14,0.429,0,3,0.0,1,2,0.5,2,7,9,1,1,0,2,3,13,-11,26.3,1,2015-16
22015,202330,Gordon Hayward,1610612762,UTA,Utah Jazz,0021500033,2015-10-31,UTA @ IND,W,28,4,11,0.364,2,3,0.667,1,1,1.0,0,0,0,3,1,0,3,4,11,12,15.5,1,2015-16
22015,203497,Rudy Gobert,1610612762,UTA,Utah Jazz,0021500033,2015-10-31,UTA @ IND,W,31,3,5,0.6,0,0,,3,4,0.75,5,12,17,2,0,3,2,2,9,9,39.4,1,2015-16
22015,2440,Matt Barnes,1610612763,MEM,Memphis Grizzlies,0021500036,2015-10-31,MEM vs. BKN,W,16,2,8,0.25,0,4,0.0,0,0,,1,0,1,0,1,0,0,4,4,5,8.2,1,2015-16
22015,101162,Marcin Gortat,1610612764,WAS,Washington Wizards,0021500034,2015-10-31,WAS vs. NYK,L,26,2,8,0.25,0,0,,5,6,0.833,1,4,5,1,1,0,4,5,9,-12,15.5,1,2015-16
22015,201196,Ramon Sessions,1610612764,WAS,Washington Wizards,0021500034,2015-10-31,WAS vs. NYK,L,12,1,4,0.25,0,2,0.0,5,5,1.0,1,1,2,3,0,0,1,1,7,2,12.9,1,2015-16
22015,201971,DeJuan Blair,1610612764,WAS,Washington Wizards,0021500034,2015-10-31,WAS vs. NYK,L,4,0,1,0.0,0,0,,0,0,,1,0,1,0,0,0,2,2,0,3,-0.8,1,2015-16
22015,202322,John Wall,1610612764,WAS,Washington Wizards,0021500034,2015-10-31,WAS vs. NYK,L,36,8,17,0.471,2,4,0.5,7,11,0.636,2,1,3,4,1,2,3,3,25,-9,40.6,1,2015-16
22015,201600,Omer Asik,1610612740,NOP,New Orleans Pelicans,0021500035,2015-10-31,NOP vs. GSW,L,10,0,0,,0,0,,0,0,,1,0,1,0,1,0,0,2,0,-12,4.2,1,2015-16
22015,202087,Alonzo Gee,1610612740,NOP,New Orleans Pelicans,0021500035,2015-10-31,NOP vs. GSW,L,16,1,3,0.333,0,1,0.0,0,0,,0,2,2,0,0,0,0,1,2,-16,4.4,1,2015-16
22015,203546,Ian Clark,1610612744,GSW,Golden State Warriors,0021500035,2015-10-31,GSW @ NOP,W,1,0,0,,0,0,,0,0,,0,0,0,0,0,0,0,0,0,1,0.0,1,2015-16
22015,203949,James Michael McAdoo,1610612744,GSW,Golden State Warriors,0021500035,2015-10-31,GSW @ NOP,W,4,0,0,,0,0,,0,0,,0,0,0,0,0,0,0,0,0,5,0.0,1,2015-16
22015,101108,Chris Paul,1610612746,LAC,LA Clippers,0021500038,2015-10-31,LAC vs. SAC,W,38,5,13,0.385,1,5,0.2,6,8,0.75,0,6,6,11,1,0,5,2,17,19,38.7,1,2015-16
22015,204001,Kristaps Porziņģis,1610612752,NYK,New York Knicks,0021500034,2015-10-31,NYK @ WAS,W,21,3,6,0.5,0,0,,2,2,1.0,1,5,6,0,0,0,1,4,8,10,14.2,1,2015-16
22015,201588,George Hill,1610612754,IND,Indiana Pacers,0021500033,2015-10-31,IND vs. UTA,L,37,5,9,0.556,3,5,0.6,4,5,0.8,2,4,6,1,2,0,7,3,17,-16,24.7,1,2015-16
22015,202730,Lavoy Allen,1610612754,IND,Indiana Pacers,0021500033,2015-10-31,IND vs. UTA,L,22,1,4,0.25,0,0,,1,2,0.5,2,3,5,1,0,1,4,1,3,-12,9.5,1,2015-16
22015,1626202,Joe Young,1610612754,IND,Indiana Pacers,0021500033,2015-10-31,IND vs. UTA,L,2,0,0,,0,0,,0,0,,0,0,0,0,0,0,1,0,0,-4,-1.0,1,2015-16
22015,202720,Jon Leuer,1610612756,PHX,Phoenix Suns,0021500037,2015-10-31,PHX @ POR,W,22,3,7,0.429,2,3,0.667,0,0,,1,7,8,1,0,0,1,2,8,-8,18.1,1,2015-16
22015,203933,T.J. Warren,1610612756,PHX,Phoenix Suns,0021500037,2015-10-31,PHX @ POR,W,19,0,6,0.0,0,2,0.0,0,0,,0,1,1,0,0,0,0,3,0,2,1.2,1,2015-16
22015,202334,Ed Davis,1610612757,POR,Portland Trail Blazers,0021500037,2015-10-31,POR vs. PHX,L,21,0,2,0.0,0,0,,1,4,0.25,3,8,11,0,1,2,1,1,1,-7,22.2,1,2015-16
22015,203943,Noah Vonleh,1610612757,POR,Portland Trail Blazers,0021500037,2015-10-31,POR vs. PHX,L,6,0,1,0.0,0,0,,0,0,,1,3,4,1,0,0,0,0,0,2,6.3,1,2015-16
22015,2406,Caron Butler,1610612758,SAC,Sacramento Kings,0021500038,2015-10-31,SAC @ LAC,L,14,2,4,0.5,0,1,0.0,0,0,,0,0,0,0,0,0,0,2,4,-3,4.0,1,2015-16
22015,203526,Raul Neto,1610612762,UTA,Utah Jazz,0021500033,2015-10-31,UTA @ IND,W,20,0,5,0.0,0,1,0.0,0,0,,2,0,2,2,0,0,3,1,0,17,2.4,1,2015-16
22015,2757,Beno Udrih,1610612763,MEM,Memphis Grizzlies,0021500036,2015-10-31,MEM vs. BKN,W,15,3,8,0.375,2,3,0.667,0,0,,0,2,2,3,0,1,0,0,8,4,17.9,1,2015-16
22015,201188,Marc Gasol,1610612763,MEM,Memphis Grizzlies,0021500036,2015-10-31,MEM vs. BKN,W,30,2,10,0.2,0,1,0.0,3,4,0.75,1,3,4,6,0,0,3,4,7,7,17.8,1,2015-16
22015,201584,Courtney Lee,1610612763,MEM,Memphis Grizzlies,0021500036,2015-10-31,MEM vs. BKN,W,34,4,9,0.444,1,3,0.333,6,6,1.0,1,0,1,1,2,0,1,0,15,5,22.7,1,2015-16
22015,203210,JaMychal Green,1610612763,MEM,Memphis Grizzlies,0021500036,2015-10-31,MEM vs. BKN,W,11,2,5,0.4,1,1,1.0,0,0,,1,2,3,0,0,1,0,2,5,2,11.6,1,2015-16
22015,203078,Bradley Beal,1610612764,WAS,Washington Wizards,0021500034,2015-10-31,WAS vs. NYK,L,37,9,23,0.391,3,6,0.5,5,5,1.0,0,4,4,0,2,0,1,4,26,-9,35.8,1,2015-16
22015,203490,Otto Porter Jr.,1610612764,WAS,Washington Wizards,0021500034,2015-10-31,WAS vs. NYK,L,35,7,13,0.538,0,4,0.0,2,2,1.0,2,7,9,1,2,0,1,3,16,-10,33.3,1,2015-16
22015,201950,Jrue Holiday,1610612740,NOP,New Orleans Pelicans,0021500035,2015-10-31,NOP vs. GSW,L,27,8,19,0.421,1,4,0.25,5,5,1.0,0,2,2,6,0,0,4,4,22,-11,29.4,1,2015-16
22015,2733,Shaun Livingston,1610612744,GSW,Golden State Warriors,0021500035,2015-10-31,GSW @ NOP,W,22,0,3,0.0,0,0,,2,2,1.0,0,1,1,3,2,0,2,2,2,4,11.7,1,2015-16
22015,201575,Brandon Rush,1610612744,GSW,Golden State Warriors,0021500035,2015-10-31,GSW @ NOP,W,11,2,2,1.0,1,1,1.0,0,0,,0,4,4,1,1,0,0,0,5,1,14.3,1,2015-16
22015,203110,Draymond Green,1610612744,GSW,Golden State Warriors,0021500035,2015-10-31,GSW @ NOP,W,37,7,12,0.583,4,5,0.8,3,6,0.5,1,5,6,4,1,1,3,4,21,19,37.2,1,2015-16
22015,202325,Wesley Johnson,1610612746,LAC,LA Clippers,0021500038,2015-10-31,LAC vs. SAC,W,11,0,2,0.0,0,2,0.0,0,0,,0,1,1,0,0,0,0,3,0,-13,1.2,1,2015-16
22015,200745,Andrea Bargnani,1610612751,BKN,Brooklyn Nets,0021500036,2015-10-31,BKN @ MEM,L,15,2,2,1.0,0,0,,1,2,0.5,0,1,1,0,0,0,2,2,5,-11,4.2,1,2015-16
22015,201572,Brook Lopez,1610612751,BKN,Brooklyn Nets,0021500036,2015-10-31,BKN @ MEM,L,28,4,11,0.364,0,0,,4,6,0.667,2,8,10,0,0,1,0,3,12,-2,27.0,1,2015-16
22015,202711,Bojan Bogdanovic,1610612751,BKN,Brooklyn Nets,0021500036,2015-10-31,BKN @ MEM,L,34,8,15,0.533,0,3,0.0,3,4,0.75,0,2,2,2,1,0,1,3,19,0,26.4,1,2015-16
22015,202498,Lance Thomas,1610612752,NYK,New York Knicks,0021500034,2015-10-31,NYK @ WAS,W,26,6,8,0.75,0,0,,0,1,0.0,0,1,1,1,1,0,2,2,12,0,15.7,1,2015-16
22015,101133,Ian Mahinmi,1610612754,IND,Indiana Pacers,0021500033,2015-10-31,IND vs. UTA,L,23,3,7,0.429,0,0,,0,0,,2,3,5,0,0,2,0,5,6,-12,18.0,1,2015-16
22015,2199,Tyson Chandler,1610612756,PHX,Phoenix Suns,0021500037,2015-10-31,PHX @ POR,W,33,2,5,0.4,0,1,0.0,1,2,0.5,2,9,11,1,2,2,3,4,5,2,28.7,1,2015-16
22015,203458,Alex Len,1610612756,PHX,Phoenix Suns,0021500037,2015-10-31,PHX @ POR,W,13,1,8,0.125,0,0,,0,0,,2,2,4,0,1,0,2,2,2,5,7.8,1,2015-16
22015,203081,Damian Lillard,1610612757,POR,Portland Trail Blazers,0021500037,2015-10-31,POR vs. PHX,L,36,8,17,0.471,3,8,0.375,4,6,0.667,0,4,4,8,2,0,5,5,23,-8,40.8,1,2015-16
22015,203459,Allen Crabbe,1610612757,POR,Portland Trail Blazers,0021500037,2015-10-31,POR vs. PHX,L,17,4,8,0.5,1,4,0.25,2,2,1.0,0,0,0,0,0,0,1,5,11,-12,10.0,1,2015-16
22015,200752,Rudy Gay,1610612758,SAC,Sacramento Kings,0021500038,2015-10-31,SAC @ LAC,L,31,8,23,0.348,2,5,0.4,2,2,1.0,5,4,9,2,2,0,3,4,20,-4,36.8,1,2015-16
22015,202324,Derrick Favors,1610612762,UTA,Utah Jazz,0021500033,2015-10-31,UTA @ IND,W,31,9,16,0.563,0,0,,0,1,0.0,2,5,7,2,3,1,1,3,18,18,40.4,1,2015-16
22015,202344,Trevor Booker,1610612762,UTA,Utah Jazz,0021500033,2015-10-31,UTA @ IND,W,28,2,7,0.286,0,1,0.0,0,0,,1,4,5,0,0,0,0,3,4,10,10.0,1,2015-16
22015,1626168,Trey Lyles,1610612762,UTA,Utah Jazz,0021500033,2015-10-31,UTA @ IND,W,5,0,2,0.0,0,0,,2,4,0.5,3,1,4,0,0,0,1,1,2,2,5.8,1,2015-16
22015,201145,Jeff Green,1610612763,MEM,Memphis Grizzlies,0021500036,2015-10-31,MEM vs. BKN,W,27,2,5,0.4,1,3,0.333,8,10,0.8,0,4,4,5,0,0,0,3,13,11,25.3,1,2015-16
22015,2743,Kris Humphries,1610612764,WAS,Washington Wizards,0021500034,2015-10-31,WAS vs. NYK,L,15,0,1,0.0,0,0,,2,2,1.0,0,3,3,3,0,0,0,2,2,-2,10.1,1,2015-16
22015,201162,Jared Dudley,1610612764,WAS,Washington Wizards,0021500034,2015-10-31,WAS vs. NYK,L,18,0,2,0.0,0,2,0.0,0,0,,0,3,3,1,1,0,1,3,0,-2,7.1,1,2015-16
22015,2570,Kendrick Perkins,1610612740,NOP,New Orleans Pelicans,0021500035,2015-10-31,NOP vs. GSW,L,2,1,1,1.0,0,0,,0,0,,0,0,0,1,0,0,0,1,2,4,3.5,1,2015-16
22015,202397,Ish Smith,1610612740,NOP,New Orleans Pelicans,0021500035,2015-10-31,NOP vs. GSW,L,11,2,6,0.333,0,1,0.0,0,0,,1,1,2,3,0,0,3,1,4,-2,7.9,1,2015-16
22015,203076,Anthony Davis,1610612740,NOP,New Orleans Pelicans,0021500035,2015-10-31,NOP vs. GSW,L,37,8,17,0.471,1,2,0.5,9,11,0.818,5,10,15,4,0,2,3,2,26,-19,53.0,1,2015-16
22015,2571,Leandro Barbosa,1610612744,GSW,Golden State Warriors,0021500035,2015-10-31,GSW @ NOP,W,12,4,6,0.667,1,1,1.0,0,0,,0,0,0,0,0,0,0,2,9,-7,9.0,1,2015-16
22015,203084,Harrison Barnes,1610612744,GSW,Golden State Warriors,0021500035,2015-10-31,GSW @ NOP,W,32,5,10,0.5,0,2,0.0,1,1,1.0,1,6,7,2,0,0,1,2,11,11,21.4,1,2015-16
22015,2746,Josh Smith,1610612746,LAC,LA Clippers,0021500038,2015-10-31,LAC vs. SAC,W,12,1,4,0.25,0,1,0.0,0,0,,2,0,2,1,0,1,2,0,2,-17,6.9,1,2015-16
22015,1626178,Rondae Hollis-Jefferson,1610612751,BKN,Brooklyn Nets,0021500036,2015-10-31,BKN @ MEM,L,13,0,2,0.0,0,0,,0,0,,1,2,3,1,0,0,0,2,0,-8,5.1,1,2015-16
22015,203124,Kyle O'Quinn,1610612752,NYK,New York Knicks,0021500034,2015-10-31,NYK @ WAS,W,15,3,5,0.6,0,0,,4,5,0.8,0,2,2,1,0,1,2,4,10,-10,14.9,1,2015-16
22015,1626170,Jerian Grant,1610612752,NYK,New York Knicks,0021500034,2015-10-31,NYK @ WAS,W,21,3,7,0.429,1,1,1.0,0,0,,1,1,2,0,3,0,3,3,7,7,15.4,1,2015-16
22015,101139,CJ Miles,1610612754,IND,Indiana Pacers,0021500033,2015-10-31,IND vs. UTA,L,26,1,9,0.111,0,6,0.0,3,4,0.75,0,2,2,2,2,1,1,2,5,-9,18.4,1,2015-16
22015,202331,Paul George,1610612754,IND,Indiana Pacers,0021500033,2015-10-31,IND vs. UTA,L,34,6,11,0.545,0,1,0.0,4,6,0.667,0,3,3,1,1,0,3,3,16,-19,21.1,1,2015-16
22015,1626167,Myles Turner,1610612754,IND,Indiana Pacers,0021500033,2015-10-31,IND vs. UTA,L,23,4,8,0.5,0,0,,2,2,1.0,1,3,4,0,0,1,1,1,10,-5,16.8,1,2015-16
22015,200782,P.J. Tucker,1610612756,PHX,Phoenix Suns,0021500037,2015-10-31,PHX @ POR,W,31,2,4,0.5,0,2,0.0,0,0,,2,4,6,0,0,0,0,1,4,5,11.2,1,2015-16
22015,203086,Meyers Leonard,1610612757,POR,Portland Trail Blazers,0021500037,2015-10-31,POR vs. PHX,L,31,3,8,0.375,0,4,0.0,3,4,0.75,0,1,1,0,1,1,0,1,9,-17,16.2,1,2015-16
22015,203468,CJ McCollum,1610612757,POR,Portland Trail Blazers,0021500037,2015-10-31,POR vs. PHX,L,34,6,15,0.4,1,6,0.167,2,2,1.0,1,4,5,4,1,0,1,2,15,-7,29.0,1,2015-16
22015,200765,Rajon Rondo,1610612758,SAC,Sacramento Kings,0021500038,2015-10-31,SAC @ LAC,L,33,9,17,0.529,1,4,0.25,2,6,0.333,1,4,5,8,2,0,1,5,21,-3,44.0,1,2015-16
22015,201158,Marco Belinelli,1610612758,SAC,Sacramento Kings,0021500038,2015-10-31,SAC @ LAC,L,28,2,8,0.25,1,2,0.5,6,6,1.0,0,2,2,1,1,0,0,2,11,0,17.9,1,2015-16
22015,203463,Ben McLemore,1610612758,SAC,Sacramento Kings,0021500038,2015-10-31,SAC @ LAC,L,10,1,3,0.333,0,0,,1,1,1.0,0,1,1,0,0,0,0,1,3,-9,4.2,1,2015-16
22015,202407,Elijah Millsap,1610612762,UTA,Utah Jazz,0021500033,2015-10-31,UTA @ IND,W,4,0,0,,0,0,,0,0,,0,0,0,0,0,0,0,1,0,-1,0.0,1,2015-16
22015,203481,Jeff Withey,1610612762,UTA,Utah Jazz,0021500033,2015-10-31,UTA @ IND,W,1,0,0,,0,0,,0,0,,0,0,0,0,0,0,0,0,0,3,0.0,1,2015-16
22015,204060,Joe Ingles,1610612762,UTA,Utah Jazz,0021500033,2015-10-31,UTA @ IND,W,19,3,5,0.6,2,4,0.5,2,2,1.0,0,3,3,2,1,0,0,1,10,9,19.6,1,2015-16
22015,2216,Zach Randolph,1610612763,MEM,Memphis Grizzlies,0021500036,2015-10-31,MEM vs. BKN,W,30,6,12,0.5,0,0,,3,4,0.75,3,10,13,1,0,0,3,2,15,8,29.1,1,2015-16
22015,2754,Tony Allen,1610612763,MEM,Memphis Grizzlies,0021500036,2015-10-31,MEM vs. BKN,W,29,3,6,0.5,0,1,0.0,0,0,,1,6,7,2,2,0,0,4,6,6,23.4,1,2015-16
22015,201148,Brandan Wright,1610612763,MEM,Memphis Grizzlies,0021500036,2015-10-31,MEM vs. BKN,W,16,3,5,0.6,0,0,,0,0,,3,2,5,0,0,0,1,0,6,-4,11.0,1,2015-16
22015,2400,Drew Gooden,1610612764,WAS,Washington Wizards,0021500034,2015-10-31,WAS vs. NYK,L,24,5,10,0.5,1,3,0.333,0,0,,4,7,11,2,1,1,2,2,11,3,31.2,1,2015-16
22015,2738,Andre Iguodala,1610612744,GSW,Golden State Warriors,0021500035,2015-10-31,GSW @ NOP,W,30,3,6,0.5,1,2,0.5,1,2,0.5,1,6,7,3,1,0,0,3,8,9,23.9,1,2015-16
22015,1718,Paul Pierce,1610612746,LAC,LA Clippers,0021500038,2015-10-31,LAC vs. SAC,W,14,1,1,1.0,1,1,1.0,0,0,,0,2,2,0,0,0,2,1,3,-18,3.4,1,2015-16
22015,201601,Luc Mbah a Moute,1610612746,LAC,LA Clippers,0021500038,2015-10-31,LAC vs. SAC,W,0,0,0,,0,0,,0,0,,0,0,0,0,0,0,0,0,0,0,0.0,1,2015-16
22015,2207,Joe Johnson,1610612751,BKN,Brooklyn Nets,0021500036,2015-10-31,BKN @ MEM,L,32,4,7,0.571,1,2,0.5,2,2,1.0,0,2,2,3,0,0,1,1,11,-6,16.9,1,2015-16
22015,101181,Jose Calderon,1610612752,NYK,New York Knicks,0021500034,2015-10-31,NYK @ WAS,W,21,4,9,0.444,1,4,0.25,1,1,1.0,0,0,0,3,1,0,2,3,10,-7,15.5,1,2015-16
22015,201577,Robin Lopez,1610612752,NYK,New York Knicks,0021500034,2015-10-31,NYK @ WAS,W,31,3,10,0.3,0,0,,2,2,1.0,4,4,8,3,0,2,3,4,8,13,25.1,1,2015-16
22015,101179,Ronnie Price,1610612756,PHX,Phoenix Suns,0021500037,2015-10-31,PHX @ POR,W,17,3,4,0.75,0,0,,1,1,1.0,0,1,1,1,0,0,0,0,7,-5,9.7,1,2015-16
22015,202688,Brandon Knight,1610612756,PHX,Phoenix Suns,0021500037,2015-10-31,PHX @ POR,W,34,10,19,0.526,4,9,0.444,3,4,0.75,1,4,5,5,2,1,2,2,27,16,47.5,1,2015-16
22015,203918,Rodney Hood,1610612762,UTA,Utah Jazz,0021500033,2015-10-31,UTA @ IND,W,29,8,13,0.615,1,3,0.333,0,0,,1,4,5,1,4,0,3,4,17,12,33.5,1,2015-16
22015,2403,Nene,1610612764,WAS,Washington Wizards,0021500034,2015-10-31,WAS vs. NYK,L,18,3,4,0.75,0,0,,2,2,1.0,0,2,2,1,1,0,0,6,8,2,14.9,1,2015-16
22015,200794,Paul Millsap,1610612737,ATL,Atlanta Hawks,0021500039,2015-11-01,ATL @ CHA,W,35,7,13,0.538,2,5,0.4,0,0,,1,5,6,6,0,2,0,3,16,-3,38.2,1,2015-16
22015,201143,Al Horford,1610612737,ATL,Atlanta Hawks,0021500039,2015-11-01,ATL @ CHA,W,35,7,14,0.5,0,5,0.0,2,2,1.0,2,10,12,1,0,3,3,1,16,-3,37.9,1,2015-16
22015,203096,Jared Sullinger,1610612738,BOS,Boston Celtics,0021500040,2015-11-01,BOS vs. SAS,L,24,4,12,0.333,2,4,0.5,0,0,,4,4,8,2,1,0,1,3,10,-10,24.6,1,2015-16
22015,202710,Jimmy Butler III,1610612741,CHI,Chicago Bulls,0021500043,2015-11-01,CHI vs. ORL,W,33,4,10,0.4,0,2,0.0,6,8,0.75,0,4,4,5,4,2,0,0,14,4,44.3,1,2015-16
22015,203926,Doug McDermott,1610612741,CHI,Chicago Bulls,0021500043,2015-11-01,CHI vs. ORL,W,18,5,10,0.5,2,4,0.5,0,0,,1,0,1,0,0,0,1,2,12,3,12.2,1,2015-16
22015,200826,J.J. Barea,1610612742,DAL,Dallas Mavericks,0021500045,2015-11-01,DAL @ LAL,W,24,4,7,0.571,1,2,0.5,1,1,1.0,1,2,3,7,0,0,3,0,10,-4,21.1,1,2015-16
22015,202083,Wesley Matthews,1610612742,DAL,Dallas Mavericks,0021500045,2015-11-01,DAL @ LAL,W,26,3,10,0.3,3,8,0.375,1,2,0.5,1,1,2,1,0,0,0,1,10,8,13.9,1,2015-16
22015,203530,Joffrey Lauvergne,1610612743,DEN,Denver Nuggets,0021500044,2015-11-01,DEN @ OKC,L,19,4,6,0.667,2,2,1.0,1,1,1.0,2,5,7,3,1,0,1,3,11,-17,25.9,1,2015-16
22015,203999,Nikola Jokić,1610612743,DEN,Denver Nuggets,0021500044,2015-11-01,DEN @ OKC,L,24,4,9,0.444,0,0,,0,0,,3,1,4,0,0,0,1,2,8,-2,11.8,1,2015-16
22015,2772,Trevor Ariza,1610612745,HOU,Houston Rockets,0021500041,2015-11-01,HOU @ MIA,L,41,3,13,0.231,3,8,0.375,0,0,,0,7,7,4,3,0,2,2,9,-13,30.4,1,2015-16
22015,201935,James Harden,1610612745,HOU,Houston Rockets,0021500041,2015-11-01,HOU @ MIA,L,39,2,15,0.133,0,10,0.0,12,14,0.857,0,6,6,7,3,1,5,2,16,-23,40.7,1,2015-16
22015,201951,Ty Lawson,1610612745,HOU,Houston Rockets,0021500041,2015-11-01,HOU @ MIA,L,37,1,3,0.333,0,0,,2,2,1.0,0,4,4,4,1,0,3,3,4,-23,14.8,1,2015-16
22015,977,Kobe Bryant,1610612747,LAL,Los Angeles Lakers,0021500045,2015-11-01,LAL vs. DAL,L,31,3,15,0.2,2,8,0.25,7,7,1.0,2,3,5,1,0,0,1,5,15,-2,21.5,1,2015-16
22015,101138,Brandon Bass,1610612747,LAL,Los Angeles Lakers,0021500045,2015-11-01,LAL vs. DAL,L,20,4,6,0.667,0,0,,2,3,0.667,2,3,5,2,0,0,0,0,10,-8,19.0,1,2015-16
22015,101150,Lou Williams,1610612747,LAL,Los Angeles Lakers,0021500045,2015-11-01,LAL vs. DAL,L,27,4,12,0.333,3,9,0.333,2,2,1.0,0,1,1,1,1,0,3,3,13,0,15.7,1,2015-16
22015,203527,Ryan Kelly,1610612747,LAL,Los Angeles Lakers,0021500045,2015-11-01,LAL vs. DAL,L,14,0,4,0.0,0,2,0.0,0,0,,0,4,4,1,1,1,0,0,0,-12,12.3,1,2015-16
22015,203944,Julius Randle,1610612747,LAL,Los Angeles Lakers,0021500045,2015-11-01,LAL vs. DAL,L,34,9,17,0.529,0,0,,4,8,0.5,0,15,15,4,4,1,2,2,22,2,59.0,1,2015-16
22015,2547,Chris Bosh,1610612748,MIA,Miami Heat,0021500041,2015-11-01,MIA vs. HOU,W,25,4,11,0.364,2,4,0.5,0,0,,1,7,8,0,0,2,0,1,10,1,25.6,1,2015-16
22015,202355,Hassan Whiteside,1610612748,MIA,Miami Heat,0021500041,2015-11-01,MIA vs. HOU,W,34,12,15,0.8,0,0,,1,3,0.333,1,14,15,1,3,2,3,2,25,20,56.5,1,2015-16
22015,1626159,Justise Winslow,1610612748,MIA,Miami Heat,0021500041,2015-11-01,MIA vs. HOU,W,31,4,8,0.5,2,2,1.0,0,0,,2,1,3,2,2,0,1,2,10,24,21.6,1,2015-16
22015,203114,Khris Middleton,1610612749,MIL,Milwaukee Bucks,0021500042,2015-11-01,MIL @ TOR,L,29,3,10,0.3,0,2,0.0,2,2,1.0,0,2,2,0,0,0,2,5,8,-11,8.4,1,2015-16
22015,203487,Michael Carter-Williams,1610612749,MIL,Milwaukee Bucks,0021500042,2015-11-01,MIL @ TOR,L,33,3,10,0.3,2,5,0.4,4,4,1.0,1,4,5,7,2,0,4,2,12,-15,30.5,1,2015-16
22015,201228,C.J. Watson,1610612753,ORL,Orlando Magic,0021500043,2015-11-01,ORL @ CHI,L,14,2,4,0.5,1,2,0.5,0,2,0.0,1,2,3,2,0,0,0,0,5,-10,11.6,1,2015-16
22015,203894,Shabazz Napier,1610612753,ORL,Orlando Magic,0021500043,2015-11-01,ORL @ CHI,L,16,2,5,0.4,1,2,0.5,2,2,1.0,0,0,0,1,1,0,0,3,7,7,11.5,1,2015-16
22015,1938,Manu Ginobili,1610612759,SAS,San Antonio Spurs,0021500040,2015-11-01,SAS @ BOS,W,24,4,8,0.5,2,4,0.5,3,4,0.75,1,7,8,3,3,0,3,2,13,12,33.1,1,2015-16
22015,2446,Rasual Butler,1610612759,SAS,San Antonio Spurs,0021500040,2015-11-01,SAS @ BOS,W,8,0,2,0.0,0,2,0.0,2,2,1.0,0,1,1,0,0,2,0,0,2,7,9.2,1,2015-16
22015,201980,Danny Green,1610612759,SAS,San Antonio Spurs,0021500040,2015-11-01,SAS @ BOS,W,29,2,10,0.2,0,5,0.0,0,2,0.0,1,5,6,1,4,1,0,1,4,-6,27.7,1,2015-16
22015,201571,D.J. Augustin,1610612760,OKC,Oklahoma City Thunder,0021500044,2015-11-01,OKC vs. DEN,W,18,5,8,0.625,4,5,0.8,0,0,,1,1,2,3,0,0,0,0,14,3,20.9,1,2015-16
22015,202713,Kyle Singler,1610612760,OKC,Oklahoma City Thunder,0021500044,2015-11-01,OKC vs. DEN,W,20,1,7,0.143,1,2,0.5,0,0,,1,1,2,0,1,2,1,5,3,7,13.4,1,2015-16
22015,203460,Andre Roberson,1610612760,OKC,Oklahoma City Thunder,0021500044,2015-11-01,OKC vs. DEN,W,20,4,7,0.571,1,3,0.333,1,2,0.5,1,6,7,1,1,0,1,3,10,16,21.9,1,2015-16
22015,201942,DeMar DeRozan,1610612761,TOR,Toronto Raptors,0021500042,2015-11-01,TOR vs. MIL,W,37,7,13,0.538,0,1,0.0,1,2,0.5,0,1,1,4,1,1,2,1,15,25,26.2,1,2015-16
22015,201949,James Johnson,1610612761,TOR,Toronto Raptors,0021500042,2015-11-01,TOR vs. MIL,W,2,0,0,,0,0,,0,0,,0,0,0,0,0,0,1,0,0,-2,-1.0,1,2015-16
22015,202335,Patrick Patterson,1610612761,TOR,Toronto Raptors,0021500042,2015-11-01,TOR vs. MIL,W,24,6,9,0.667,4,5,0.8,0,0,,0,3,3,1,0,0,1,2,16,15,20.1,1,2015-16
22015,202391,Jeremy Lin,1610612766,CHA,Charlotte Hornets,0021500039,2015-11-01,CHA vs. ATL,L,21,2,9,0.222,1,6,0.167,2,2,1.0,1,1,2,5,1,2,1,2,7,-2,24.9,1,2015-16
22015,203469,Cody Zeller,1610612766,CHA,Charlotte Hornets,0021500039,2015-11-01,CHA vs. ATL,L,23,3,6,0.5,0,0,,0,0,,2,3,5,0,1,1,1,0,6,-15,17.0,1,2015-16
22015,203145,Kent Bazemore,1610612737,ATL,Atlanta Hawks,0021500039,2015-11-01,ATL @ CHA,W,28,6,12,0.5,2,5,0.4,6,6,1.0,0,4,4,1,3,1,0,1,20,-6,38.3,1,2015-16
22015,101161,Amir Johnson,1610612738,BOS,Boston Celtics,0021500040,2015-11-01,BOS vs. SAS,L,28,5,10,0.5,0,2,0.0,0,0,,3,1,4,1,0,1,0,4,10,-6,19.3,1,2015-16
22015,201149,Joakim Noah,1610612741,CHI,Chicago Bulls,0021500043,2015-11-01,CHI vs. ORL,W,24,3,6,0.5,0,0,,2,2,1.0,3,6,9,4,1,1,2,3,8,-3,28.8,1,2015-16
22015,202734,E'Twaun Moore,1610612741,CHI,Chicago Bulls,0021500043,2015-11-01,CHI vs. ORL,W,19,0,7,0.0,0,2,0.0,0,0,,0,2,2,3,0,0,1,3,0,3,5.9,1,2015-16
22015,101109,Raymond Felton,1610612742,DAL,Dallas Mavericks,0021500045,2015-11-01,DAL @ LAL,W,28,5,8,0.625,1,2,0.5,0,0,,1,1,2,2,1,0,1,2,11,5,18.4,1,2015-16
22015,203939,Dwight Powell,1610612742,DAL,Dallas Mavericks,0021500045,2015-11-01,DAL @ LAL,W,25,4,7,0.571,0,0,,0,1,0.0,2,6,8,2,0,2,1,4,8,-2,25.6,1,2015-16
22015,202702,Kenneth Faried,1610612743,DEN,Denver Nuggets,0021500044,2015-11-01,DEN @ OKC,L,14,4,6,0.667,0,0,,0,1,0.0,2,0,2,1,0,2,1,1,8,-18,16.9,1,2015-16
22015,201977,Marcus Thornton,1610612745,HOU,Houston Rockets,0021500041,2015-11-01,HOU @ MIA,L,31,8,16,0.5,5,9,0.556,0,0,,0,2,2,2,0,0,2,4,21,-15,24.4,1,2015-16
22015,1626149,Montrezl Harrell,1610612745,HOU,Houston Rockets,0021500041,2015-11-01,HOU @ MIA,L,22,3,4,0.75,0,0,,1,2,0.5,2,3,5,0,0,1,1,2,7,-18,15.0,1,2015-16
22015,1626156,D'Angelo Russell,1610612747,LAL,Los Angeles Lakers,0021500045,2015-11-01,LAL vs. DAL,L,27,4,13,0.308,2,7,0.286,0,0,,0,3,3,1,1,1,1,0,10,-1,20.1,1,2015-16
22015,101123,Gerald Green,1610612748,MIA,Miami Heat,0021500041,2015-11-01,MIA vs. HOU,W,18,2,7,0.286,1,5,0.2,2,2,1.0,0,0,0,0,0,0,0,2,7,7,7.0,1,2015-16
22015,201596,Mario Chalmers,1610612748,MIA,Miami Heat,0021500041,2015-11-01,MIA vs. HOU,W,23,1,3,0.333,0,1,0.0,2,3,0.667,1,0,1,3,2,0,3,3,4,27,12.7,1,2015-16
22015,201609,Goran Dragic,1610612748,MIA,Miami Heat,0021500041,2015-11-01,MIA vs. HOU,W,24,3,7,0.429,0,1,0.0,2,2,1.0,0,3,3,6,1,0,1,4,8,-6,22.6,1,2015-16
22015,202328,Greg Monroe,1610612749,MIL,Milwaukee Bucks,0021500042,2015-11-01,MIL @ TOR,L,28,5,7,0.714,0,0,,4,4,1.0,2,4,6,5,1,2,2,5,14,-18,35.7,1,2015-16
22015,203142,Chris Copeland,1610612749,MIL,Milwaukee Bucks,0021500042,2015-11-01,MIL @ TOR,L,21,3,6,0.5,2,4,0.5,2,2,1.0,0,0,0,0,0,0,2,0,10,-14,8.0,1,2015-16
22015,203901,Elfrid Payton,1610612753,ORL,Orlando Magic,0021500043,2015-11-01,ORL @ CHI,L,22,2,7,0.286,0,2,0.0,0,0,,0,1,1,3,0,1,3,5,4,-11,9.7,1,2015-16
22015,2555,Nick Collison,1610612760,OKC,Oklahoma City Thunder,0021500044,2015-11-01,OKC vs. DEN,W,10,0,0,,0,0,,2,2,1.0,1,3,4,1,1,0,0,0,2,-2,11.3,1,2015-16
22015,202683,Enes Freedom,1610612760,OKC,Oklahoma City Thunder,0021500044,2015-11-01,OKC vs. DEN,W,18,6,11,0.545,0,0,,0,0,,3,7,10,1,0,0,6,5,12,-3,19.5,1,2015-16
22015,1626181,Norman Powell,1610612761,TOR,Toronto Raptors,0021500042,2015-11-01,TOR vs. MIL,W,2,0,1,0.0,0,0,,0,0,,0,0,0,0,0,0,0,0,0,-2,0.0,1,2015-16
22015,101107,Marvin Williams,1610612766,CHA,Charlotte Hornets,0021500039,2015-11-01,CHA vs. ATL,L,33,5,10,0.5,5,8,0.625,0,0,,0,5,5,1,0,3,2,0,15,4,29.5,1,2015-16
22015,2594,Kyle Korver,1610612737,ATL,Atlanta Hawks,0021500039,2015-11-01,ATL @ CHA,W,31,3,9,0.333,0,4,0.0,0,0,,0,2,2,2,0,0,1,3,6,-2,10.4,1,2015-16
22015,201952,Jeff Teague,1610612737,ATL,Atlanta Hawks,0021500039,2015-11-01,ATL @ CHA,W,32,6,16,0.375,2,4,0.5,4,4,1.0,0,6,6,4,1,0,1,2,18,-3,33.2,1,2015-16
22015,201973,Jonas Jerebko,1610612738,BOS,Boston Celtics,0021500040,2015-11-01,BOS vs. SAS,L,14,3,3,1.0,0,0,,0,0,,0,2,2,0,0,0,1,3,6,-4,7.4,1,2015-16
22015,201565,Derrick Rose,1610612741,CHI,Chicago Bulls,0021500043,2015-11-01,CHI vs. ORL,W,32,2,8,0.25,0,1,0.0,2,2,1.0,0,7,7,8,0,0,3,1,6,6,23.4,1,2015-16
22015,1717,Dirk Nowitzki,1610612742,DAL,Dallas Mavericks,0021500045,2015-11-01,DAL @ LAL,W,30,10,13,0.769,3,5,0.6,2,2,1.0,0,9,9,1,1,0,1,3,25,12,39.3,1,2015-16
22015,101111,Charlie Villanueva,1610612742,DAL,Dallas Mavericks,0021500045,2015-11-01,DAL @ LAL,W,12,1,6,0.167,1,4,0.25,0,0,,0,2,2,1,0,1,0,2,3,3,9.9,1,2015-16
22015,101114,Deron Williams,1610612742,DAL,Dallas Mavericks,0021500045,2015-11-01,DAL @ LAL,W,31,5,12,0.417,1,4,0.25,0,0,,0,5,5,8,0,0,1,1,11,9,28.0,1,2015-16
22015,202379,Jeremy Evans,1610612742,DAL,Dallas Mavericks,0021500045,2015-11-01,DAL @ LAL,W,1,0,0,,0,0,,0,0,,0,0,0,0,0,0,0,0,0,-6,0.0,1,2015-16
22015,200751,Randy Foye,1610612743,DEN,Denver Nuggets,0021500044,2015-11-01,DEN @ OKC,L,16,1,6,0.167,1,5,0.2,0,0,,0,0,0,1,0,0,0,0,3,-1,4.5,1,2015-16
22015,203115,Will Barton,1610612743,DEN,Denver Nuggets,0021500044,2015-11-01,DEN @ OKC,L,24,6,12,0.5,1,3,0.333,2,3,0.667,0,3,3,1,2,0,0,0,15,5,26.1,1,2015-16
22015,101236,Chuck Hayes,1610612745,HOU,Houston Rockets,0021500041,2015-11-01,HOU @ MIA,L,9,0,0,,0,0,,0,0,,0,1,1,0,0,0,0,2,0,-1,1.2,1,2015-16
22015,201156,Nick Young,1610612747,LAL,Los Angeles Lakers,0021500045,2015-11-01,LAL vs. DAL,L,19,2,5,0.4,2,4,0.5,2,2,1.0,0,0,0,0,0,1,1,2,8,-11,10.0,1,2015-16
22015,1626273,Marcelo Huertas,1610612747,LAL,Los Angeles Lakers,0021500045,2015-11-01,LAL vs. DAL,L,11,2,3,0.667,0,0,,0,0,,1,0,1,3,0,1,0,2,4,-3,12.7,1,2015-16
22015,2548,Dwyane Wade,1610612748,MIA,Miami Heat,0021500041,2015-11-01,MIA vs. HOU,W,33,6,16,0.375,2,3,0.667,6,6,1.0,0,2,2,8,2,0,1,1,20,15,39.4,1,2015-16
22015,201177,Josh McRoberts,1610612748,MIA,Miami Heat,0021500041,2015-11-01,MIA vs. HOU,W,5,0,0,,0,0,,0,0,,0,2,2,0,0,0,2,0,0,-10,0.4,1,2015-16
22015,204020,Tyler Johnson,1610612748,MIA,Miami Heat,0021500041,2015-11-01,MIA vs. HOU,W,21,5,7,0.714,1,2,0.5,0,1,0.0,3,5,8,3,1,1,0,0,11,25,31.1,1,2015-16
22015,201573,Jerryd Bayless,1610612749,MIL,Milwaukee Bucks,0021500042,2015-11-01,MIL @ TOR,L,22,1,3,0.333,0,1,0.0,0,0,,1,0,1,2,0,1,3,1,2,-13,6.2,1,2015-16
22015,203101,Miles Plumlee,1610612749,MIL,Milwaukee Bucks,0021500042,2015-11-01,MIL @ TOR,L,15,3,5,0.6,0,0,,2,2,1.0,3,0,3,0,1,4,1,3,8,-2,25.6,1,2015-16
22015,203507,Giannis Antetokounmpo,1610612749,MIL,Milwaukee Bucks,0021500042,2015-11-01,MIL @ TOR,L,33,8,12,0.667,1,1,1.0,3,3,1.0,0,9,9,2,0,1,0,1,20,-7,36.8,1,2015-16
22015,1626173,Rashad Vaughn,1610612749,MIL,Milwaukee Bucks,0021500042,2015-11-01,MIL @ TOR,L,4,0,2,0.0,0,1,0.0,0,0,,0,0,0,0,0,0,0,0,0,0,0.0,1,2015-16
22015,202696,Nikola Vučević,1610612753,ORL,Orlando Magic,0021500043,2015-11-01,ORL @ CHI,L,35,6,12,0.5,0,0,,3,3,1.0,3,8,11,3,2,3,5,1,15,-2,42.7,1,2015-16
22015,202699,Tobias Harris,1610612753,ORL,Orlando Magic,0021500043,2015-11-01,ORL @ CHI,L,22,5,14,0.357,0,2,0.0,1,2,0.5,4,3,7,2,0,0,3,2,11,-2,19.4,1,2015-16
22015,203932,Aaron Gordon,1610612753,ORL,Orlando Magic,0021500043,2015-11-01,ORL @ CHI,L,25,2,7,0.286,0,1,0.0,0,0,,2,5,7,1,2,2,3,1,4,-4,22.9,1,2015-16
22015,2449,Luis Scola,1610612761,TOR,Toronto Raptors,0021500042,2015-11-01,TOR vs. MIL,W,21,3,9,0.333,0,0,,1,2,0.5,3,4,7,1,0,1,0,2,7,6,19.9,1,2015-16
22015,200768,Kyle Lowry,1610612761,TOR,Toronto Raptors,0021500042,2015-11-01,TOR vs. MIL,W,29,5,10,0.5,1,5,0.2,4,4,1.0,2,3,5,7,4,0,1,3,15,19,42.5,1,2015-16
22015,201960,DeMarre Carroll,1610612761,TOR,Toronto Raptors,0021500042,2015-11-01,TOR vs. MIL,W,31,5,13,0.385,3,8,0.375,1,2,0.5,3,0,3,1,0,0,3,1,14,6,16.1,1,2015-16
22015,202685,Jonas Valančiūnas,1610612761,TOR,Toronto Raptors,0021500042,2015-11-01,TOR vs. MIL,W,29,7,12,0.583,0,0,,5,8,0.625,4,4,8,0,2,0,2,3,19,21,32.6,1,2015-16
22015,202709,Cory Joseph,1610612761,TOR,Toronto Raptors,0021500042,2015-11-01,TOR vs. MIL,W,19,2,5,0.4,0,0,,0,0,,0,2,2,6,3,0,0,0,4,9,24.4,1,2015-16
22015,203082,Terrence Ross,1610612761,TOR,Toronto Raptors,0021500042,2015-11-01,TOR vs. MIL,W,21,4,9,0.444,3,5,0.6,0,0,,1,3,4,2,2,0,1,2,11,4,23.8,1,2015-16
22015,203461,Anthony Bennett,1610612761,TOR,Toronto Raptors,0021500042,2015-11-01,TOR vs. MIL,W,2,1,1,1.0,0,0,,0,0,,1,1,2,0,0,0,1,1,2,-2,3.4,1,2015-16
22015,2744,Al Jefferson,1610612766,CHA,Charlotte Hornets,0021500039,2015-11-01,CHA vs. ATL,L,29,5,12,0.417,0,0,,0,0,,0,10,10,2,0,2,0,1,10,2,31.0,1,2015-16
22015,201150,Spencer Hawes,1610612766,CHA,Charlotte Hornets,0021500039,2015-11-01,CHA vs. ATL,L,18,1,8,0.125,0,2,0.0,0,0,,1,3,4,2,1,1,1,4,2,-2,14.8,1,2015-16
22015,201587,Nicolas Batum,1610612766,CHA,Charlotte Hornets,0021500039,2015-11-01,CHA vs. ATL,L,36,5,14,0.357,4,9,0.444,2,2,1.0,3,2,5,8,2,2,2,2,16,3,44.0,1,2015-16
22015,202689,Kemba Walker,1610612766,CHA,Charlotte Hornets,0021500039,2015-11-01,CHA vs. ATL,L,31,4,9,0.444,2,3,0.667,7,8,0.875,2,4,6,6,2,0,2,3,17,-1,37.2,1,2015-16
22015,200757,Thabo Sefolosha,1610612737,ATL,Atlanta Hawks,0021500039,2015-11-01,ATL @ CHA,W,18,2,5,0.4,1,1,1.0,0,0,,2,2,4,0,2,0,3,1,5,0,12.8,1,2015-16
22015,203118,Mike Scott,1610612737,ATL,Atlanta Hawks,0021500039,2015-11-01,ATL @ CHA,W,13,0,3,0.0,0,2,0.0,0,0,,0,3,3,2,0,0,0,1,0,5,6.6,1,2015-16
22015,203934,Lamar Patterson,1610612737,ATL,Atlanta Hawks,0021500039,2015-11-01,ATL @ CHA,W,9,0,3,0.0,0,1,0.0,0,0,,0,1,1,2,0,0,1,0,0,3,3.2,1,2015-16
22015,101135,David Lee,1610612738,BOS,Boston Celtics,0021500040,2015-11-01,BOS vs. SAS,L,21,1,7,0.143,0,0,,0,0,,3,5,8,1,0,0,2,1,2,0,11.1,1,2015-16
22015,202323,Evan Turner,1610612738,BOS,Boston Celtics,0021500040,2015-11-01,BOS vs. SAS,L,16,1,4,0.25,0,1,0.0,0,0,,1,3,4,3,0,1,1,2,2,0,13.3,1,2015-16
22015,202738,Isaiah Thomas,1610612738,BOS,Boston Celtics,0021500040,2015-11-01,BOS vs. SAS,L,27,4,18,0.222,1,5,0.2,6,6,1.0,0,1,1,5,1,0,2,1,15,-15,24.7,1,2015-16
22015,203935,Marcus Smart,1610612738,BOS,Boston Celtics,0021500040,2015-11-01,BOS vs. SAS,L,39,7,12,0.583,1,5,0.2,2,4,0.5,1,1,2,3,4,1,1,3,17,-1,37.9,1,2015-16
22015,2200,Pau Gasol,1610612741,CHI,Chicago Bulls,0021500043,2015-11-01,CHI vs. ORL,W,24,7,14,0.5,0,2,0.0,2,2,1.0,3,5,8,1,1,1,1,1,16,8,32.1,1,2015-16
22015,201166,Aaron Brooks,1610612741,CHI,Chicago Bulls,0021500043,2015-11-01,CHI vs. ORL,W,16,3,11,0.273,0,5,0.0,0,0,,2,1,3,1,1,1,1,4,6,-1,16.1,1,2015-16
22015,201959,Taj Gibson,1610612741,CHI,Chicago Bulls,0021500043,2015-11-01,CHI vs. ORL,W,20,2,3,0.667,0,0,,2,2,1.0,1,5,6,1,0,0,1,0,6,0,13.7,1,2015-16
22015,203503,Tony Snell,1610612741,CHI,Chicago Bulls,0021500043,2015-11-01,CHI vs. ORL,W,26,3,6,0.5,2,4,0.5,0,0,,0,4,4,0,0,1,1,1,8,0,14.8,1,2015-16
22015,2749,Jameer Nelson,1610612743,DEN,Denver Nuggets,0021500044,2015-11-01,DEN @ OKC,L,27,5,13,0.385,2,5,0.4,1,1,1.0,1,0,1,7,1,0,2,3,13,-6,25.7,1,2015-16
22015,201568,Danilo Gallinari,1610612743,DEN,Denver Nuggets,0021500044,2015-11-01,DEN @ OKC,L,27,3,13,0.231,2,5,0.4,7,8,0.875,2,2,4,0,1,0,1,2,15,-31,21.8,1,2015-16
22015,203475,Erick Green,1610612743,DEN,Denver Nuggets,0021500044,2015-11-01,DEN @ OKC,L,4,0,1,0.0,0,1,0.0,0,0,,0,1,1,0,0,0,0,0,0,1,1.2,1,2015-16
22015,203914,Gary Harris,1610612743,DEN,Denver Nuggets,0021500044,2015-11-01,DEN @ OKC,L,27,2,5,0.4,1,2,0.5,2,3,0.667,1,3,4,0,0,0,3,0,7,-22,8.8,1,2015-16
22015,1626144,Emmanuel Mudiay,1610612743,DEN,Denver Nuggets,0021500044,2015-11-01,DEN @ OKC,L,27,3,14,0.214,0,3,0.0,0,0,,1,3,4,5,1,0,4,1,6,-20,17.3,1,2015-16
22015,1891,Jason Terry,1610612745,HOU,Houston Rockets,0021500041,2015-11-01,HOU @ MIA,L,5,1,3,0.333,1,3,0.333,0,0,,0,0,0,0,0,0,0,0,3,4,3.0,1,2015-16
22015,201976,Patrick Beverley,1610612745,HOU,Houston Rockets,0021500041,2015-11-01,HOU @ MIA,L,20,4,7,0.571,1,3,0.333,0,0,,0,3,3,0,0,0,3,3,9,-5,9.6,1,2015-16
22015,203991,Clint Capela,1610612745,HOU,Houston Rockets,0021500041,2015-11-01,HOU @ MIA,L,14,5,5,1.0,0,0,,0,0,,1,4,5,0,0,1,1,2,10,4,18.0,1,2015-16
22015,203996,Damien Inglis,1610612749,MIL,Milwaukee Bucks,0021500042,2015-11-01,MIL @ TOR,L,4,0,2,0.0,0,1,0.0,2,2,1.0,0,0,0,0,1,0,1,0,2,0,4.0,1,2015-16
22015,101112,Channing Frye,1610612753,ORL,Orlando Magic,0021500043,2015-11-01,ORL @ CHI,L,9,0,2,0.0,0,2,0.0,1,2,0.5,1,1,2,1,0,0,0,0,1,-5,4.9,1,2015-16
22015,1626209,Mario Hezonja,1610612753,ORL,Orlando Magic,0021500043,2015-11-01,ORL @ CHI,L,5,0,3,0.0,0,0,,0,0,,1,0,1,0,0,0,0,1,0,-1,1.2,1,2015-16
22015,1495,Tim Duncan,1610612759,SAS,San Antonio Spurs,0021500040,2015-11-01,SAS @ BOS,W,29,3,9,0.333,0,1,0.0,1,2,0.5,1,8,9,5,0,1,4,4,7,5,24.3,1,2015-16
22015,201988,Patty Mills,1610612759,SAS,San Antonio Spurs,0021500040,2015-11-01,SAS @ BOS,W,21,3,3,1.0,2,2,1.0,0,0,,0,1,1,1,0,0,2,1,8,14,8.7,1,2015-16
22015,202695,Kawhi Leonard,1610612759,SAS,San Antonio Spurs,0021500040,2015-11-01,SAS @ BOS,W,34,8,18,0.444,1,3,0.333,2,2,1.0,0,5,5,2,2,1,2,2,19,3,35.0,1,2015-16
22015,203937,Kyle Anderson,1610612759,SAS,San Antonio Spurs,0021500040,2015-11-01,SAS @ BOS,W,1,0,0,,0,0,,0,0,,0,0,0,0,0,0,0,0,0,0,0.0,1,2015-16
22015,201142,Kevin Durant,1610612760,OKC,Oklahoma City Thunder,0021500044,2015-11-01,OKC vs. DEN,W,28,8,11,0.727,3,5,0.6,6,6,1.0,0,2,2,5,0,1,2,2,25,17,35.9,1,2015-16
22015,201566,Russell Westbrook,1610612760,OKC,Oklahoma City Thunder,0021500044,2015-11-01,OKC vs. DEN,W,25,7,13,0.538,1,4,0.25,0,0,,2,7,9,8,3,0,4,0,15,22,42.8,1,2015-16
22015,1626166,Cameron Payne,1610612760,OKC,Oklahoma City Thunder,0021500044,2015-11-01,OKC vs. DEN,W,4,0,0,,0,0,,0,0,,0,0,0,3,1,0,0,1,0,-1,7.5,1,2015-16
22015,1626153,Delon Wright,1610612761,TOR,Toronto Raptors,0021500042,2015-11-01,TOR vs. MIL,W,2,0,1,0.0,0,1,0.0,0,0,,0,1,1,0,0,0,1,0,0,-2,0.2,1,2015-16
22015,203798,PJ Hairston,1610612766,CHA,Charlotte Hornets,0021500039,2015-11-01,CHA vs. ATL,L,23,2,6,0.333,0,4,0.0,3,3,1.0,0,4,4,1,0,0,2,1,7,4,11.3,1,2015-16
22015,201168,Tiago Splitter,1610612737,ATL,Atlanta Hawks,0021500039,2015-11-01,ATL @ CHA,W,18,3,4,0.75,0,0,,1,2,0.5,3,4,7,1,2,0,1,2,7,11,21.9,1,2015-16
22015,203471,Dennis Schröder,1610612737,ATL,Atlanta Hawks,0021500039,2015-11-01,ATL @ CHA,W,21,3,9,0.333,0,2,0.0,0,0,,1,2,3,3,1,0,1,2,6,8,16.1,1,2015-16
22015,203092,Tyler Zeller,1610612738,BOS,Boston Celtics,0021500040,2015-11-01,BOS vs. SAS,L,6,0,2,0.0,0,0,,0,0,,0,1,1,1,0,0,1,0,0,-3,1.7,1,2015-16
22015,203482,Kelly Olynyk,1610612738,BOS,Boston Celtics,0021500040,2015-11-01,BOS vs. SAS,L,13,0,3,0.0,0,3,0.0,0,0,,1,6,7,1,1,1,2,0,0,6,13.9,1,2015-16
22015,202703,Nikola Mirotic,1610612741,CHI,Chicago Bulls,0021500043,2015-11-01,CHI vs. ORL,W,28,4,12,0.333,3,8,0.375,5,6,0.833,1,2,3,0,0,2,2,1,16,5,23.6,1,2015-16
22015,2734,Devin Harris,1610612742,DAL,Dallas Mavericks,0021500045,2015-11-01,DAL @ LAL,W,22,3,10,0.3,1,4,0.25,0,0,,0,3,3,2,2,0,1,3,7,6,18.6,1,2015-16
22015,202718,Chandler Parsons,1610612742,DAL,Dallas Mavericks,0021500045,2015-11-01,DAL @ LAL,W,12,1,6,0.167,0,1,0.0,0,0,,0,3,3,3,1,0,0,2,2,12,13.1,1,2015-16
22015,201581,JJ Hickson,1610612743,DEN,Denver Nuggets,0021500044,2015-11-01,DEN @ OKC,L,3,0,0,,0,0,,1,2,0.5,0,1,1,0,1,0,0,0,1,3,5.2,1,2015-16
22015,201589,Darrell Arthur,1610612743,DEN,Denver Nuggets,0021500044,2015-11-01,DEN @ OKC,L,24,3,7,0.429,0,0,,0,0,,2,2,4,1,1,1,0,5,6,-15,18.3,1,2015-16
22015,201579,Roy Hibbert,1610612747,LAL,Los Angeles Lakers,0021500045,2015-11-01,LAL vs. DAL,L,26,1,2,0.5,0,0,,2,4,0.5,3,5,8,2,0,2,3,4,4,-2,19.6,1,2015-16
22015,203903,Jordan Clarkson,1610612747,LAL,Los Angeles Lakers,0021500045,2015-11-01,LAL vs. DAL,L,30,2,8,0.25,1,4,0.25,2,2,1.0,0,0,0,3,1,2,1,2,7,-13,19.5,1,2015-16
22015,2736,Luol Deng,1610612748,MIA,Miami Heat,0021500041,2015-11-01,MIA vs. HOU,W,27,5,12,0.417,1,4,0.25,3,4,0.75,3,3,6,1,0,0,1,1,14,-3,21.7,1,2015-16
22015,203948,Johnny O'Bryant III,1610612749,MIL,Milwaukee Bucks,0021500042,2015-11-01,MIL @ TOR,L,27,1,5,0.2,0,0,,0,0,,0,4,4,1,0,0,0,2,2,-5,8.3,1,2015-16
22015,201160,Jason Smith,1610612753,ORL,Orlando Magic,0021500043,2015-11-01,ORL @ CHI,L,14,3,7,0.429,1,2,0.5,1,2,0.5,0,2,2,1,0,2,0,1,8,7,17.9,1,2015-16
22015,203094,Andrew Nicholson,1610612753,ORL,Orlando Magic,0021500043,2015-11-01,ORL @ CHI,L,4,0,1,0.0,0,0,,0,0,,0,1,1,0,0,0,1,1,0,6,0.2,1,2015-16
22015,203506,Victor Oladipo,1610612753,ORL,Orlando Magic,0021500043,2015-11-01,ORL @ CHI,L,39,5,13,0.385,2,6,0.333,1,2,0.5,0,3,3,5,2,3,0,1,13,5,39.1,1,2015-16
22015,2225,Tony Parker,1610612759,SAS,San Antonio Spurs,0021500040,2015-11-01,SAS @ BOS,W,27,3,6,0.5,0,0,,0,0,,1,3,4,1,0,0,3,2,6,-6,9.3,1,2015-16
22015,2561,David West,1610612759,SAS,San Antonio Spurs,0021500040,2015-11-01,SAS @ BOS,W,9,1,1,1.0,0,0,,0,0,,2,0,2,0,0,0,2,2,2,-5,2.4,1,2015-16
22015,2564,Boris Diaw,1610612759,SAS,San Antonio Spurs,0021500040,2015-11-01,SAS @ BOS,W,24,4,8,0.5,0,1,0.0,2,3,0.667,0,1,1,4,0,0,0,1,10,11,17.2,1,2015-16
22015,201586,Serge Ibaka,1610612760,OKC,Oklahoma City Thunder,0021500044,2015-11-01,OKC vs. DEN,W,31,8,13,0.615,0,0,,2,3,0.667,1,6,7,4,0,5,1,3,18,27,46.4,1,2015-16
22015,201627,Anthony Morrow,1610612760,OKC,Oklahoma City Thunder,0021500044,2015-11-01,OKC vs. DEN,W,16,2,5,0.4,2,4,0.5,0,0,,0,3,3,1,1,0,0,0,6,2,14.1,1,2015-16
22015,203079,Dion Waiters,1610612760,OKC,Oklahoma City Thunder,0021500044,2015-11-01,OKC vs. DEN,W,24,3,8,0.375,1,2,0.5,3,3,1.0,0,1,1,4,1,0,0,0,10,9,20.2,1,2015-16
22015,203500,Steven Adams,1610612760,OKC,Oklahoma City Thunder,0021500044,2015-11-01,OKC vs. DEN,W,22,1,3,0.333,0,0,,0,2,0.0,3,0,3,1,0,2,2,4,2,24,11.1,1,2015-16
22015,203956,Mitch McGary,1610612760,OKC,Oklahoma City Thunder,0021500044,2015-11-01,OKC vs. DEN,W,4,0,0,,0,0,,0,0,,0,0,0,0,0,0,2,0,0,-1,-2.0,1,2015-16
22015,202687,Bismack Biyombo,1610612761,TOR,Toronto Raptors,0021500042,2015-11-01,TOR vs. MIL,W,19,1,7,0.143,0,0,,1,2,0.5,4,6,10,0,0,1,0,4,3,-2,18.0,1,2015-16
22015,203087,Jeremy Lamb,1610612766,CHA,Charlotte Hornets,0021500039,2015-11-01,CHA vs. ATL,L,18,4,11,0.364,1,4,0.25,0,0,,0,4,4,2,0,2,0,1,9,-5,22.8,1,2015-16
22015,1626163,Frank Kaminsky,1610612766,CHA,Charlotte Hornets,0021500039,2015-11-01,CHA vs. ATL,L,6,1,1,1.0,1,1,1.0,0,0,,0,0,0,0,0,0,0,0,3,2,3.0,1,2015-16
22015,202340,Avery Bradley,1610612738,BOS,Boston Celtics,0021500040,2015-11-01,BOS vs. SAS,L,30,7,18,0.389,1,4,0.25,3,4,0.75,2,2,4,3,0,0,1,2,18,3,26.3,1,2015-16
22015,203109,Jae Crowder,1610612738,BOS,Boston Celtics,0021500040,2015-11-01,BOS vs. SAS,L,23,3,9,0.333,1,5,0.2,0,0,,1,3,4,1,3,1,4,4,7,-10,21.3,1,2015-16
22015,2585,Zaza Pachulia,1610612742,DAL,Dallas Mavericks,0021500045,2015-11-01,DAL @ LAL,W,29,4,8,0.5,0,0,,8,10,0.8,3,9,12,1,0,1,3,4,16,7,31.9,1,2015-16
22015,2034,Mike Miller,1610612743,DEN,Denver Nuggets,0021500044,2015-11-01,DEN @ OKC,L,3,0,0,,0,0,,0,0,,0,0,0,1,0,0,0,0,0,3,1.5,1,2015-16
22015,201147,Corey Brewer,1610612745,HOU,Houston Rockets,0021500041,2015-11-01,HOU @ MIA,L,21,5,13,0.385,0,3,0.0,0,0,,0,1,1,3,2,0,0,3,10,-10,21.7,1,2015-16
22015,202349,Greivis Vasquez,1610612749,MIL,Milwaukee Bucks,0021500042,2015-11-01,MIL @ TOR,L,25,2,7,0.286,0,4,0.0,5,5,1.0,0,3,3,4,1,0,3,2,9,-10,18.6,1,2015-16
22015,203095,Evan Fournier,1610612753,ORL,Orlando Magic,0021500043,2015-11-01,ORL @ CHI,L,35,8,15,0.533,2,4,0.5,1,2,0.5,0,5,5,2,0,0,1,3,19,-15,27.0,1,2015-16
22015,200746,LaMarcus Aldridge,1610612759,SAS,San Antonio Spurs,0021500040,2015-11-01,SAS @ BOS,W,35,8,18,0.444,0,1,0.0,8,10,0.8,4,10,14,5,1,1,2,1,24,5,52.3,1,2015-16
22015,2760,Anderson Varejao,1610612739,CLE,Cleveland Cavaliers,0021500046,2015-11-02,CLE @ PHI,W,4,0,1,0.0,0,1,0.0,0,0,,0,0,0,0,0,0,2,0,0,-9,-2.0,1,2015-16
22015,201567,Kevin Love,1610612739,CLE,Cleveland Cavaliers,0021500046,2015-11-02,CLE @ PHI,W,29,7,14,0.5,0,4,0.0,1,1,1.0,1,7,8,2,0,0,2,2,15,24,25.6,1,2015-16
22015,202389,Timofey Mozgov,1610612739,CLE,Cleveland Cavaliers,0021500046,2015-11-02,CLE @ PHI,W,22,2,7,0.286,0,0,,2,2,1.0,3,4,7,1,0,4,2,2,6,-1,25.9,1,2015-16
22015,202684,Tristan Thompson,1610612739,CLE,Cleveland Cavaliers,0021500046,2015-11-02,CLE @ PHI,W,26,4,7,0.571,0,0,,0,2,0.0,0,9,9,1,0,3,0,2,8,5,29.3,1,2015-16
22015,203925,Joe Harris,1610612739,CLE,Cleveland Cavaliers,0021500046,2015-11-02,CLE @ PHI,W,5,0,1,0.0,0,1,0.0,0,0,,0,0,0,1,0,0,0,0,0,-14,1.5,1,2015-16
22015,201578,Marreese Speights,1610612744,GSW,Golden State Warriors,0021500051,2015-11-02,GSW vs. MEM,W,19,2,8,0.25,0,0,,0,0,,1,7,8,1,0,0,0,4,4,7,15.1,1,2015-16
22015,201976,Patrick Beverley,1610612745,HOU,Houston Rockets,0021500049,2015-11-02,HOU vs. OKC,W,21,2,5,0.4,2,3,0.667,0,0,,0,2,2,2,2,0,2,4,6,-9,15.4,1,2015-16
22015,101108,Chris Paul,1610612746,LAC,LA Clippers,0021500052,2015-11-02,LAC vs. PHX,W,31,7,15,0.467,1,2,0.5,2,2,1.0,0,3,3,5,1,0,5,3,17,-4,26.1,1,2015-16
22015,201599,DeAndre Jordan,1610612746,LAC,LA Clippers,0021500052,2015-11-02,LAC vs. PHX,W,32,3,3,1.0,0,0,,1,2,0.5,0,9,9,0,1,3,1,3,7,10,28.8,1,2015-16
22015,201933,Blake Griffin,1610612746,LAC,LA Clippers,0021500052,2015-11-02,LAC vs. PHX,W,34,8,15,0.533,0,0,,6,7,0.857,1,9,10,2,0,1,0,2,22,-9,40.0,1,2015-16
22015,203952,Andrew Wiggins,1610612750,MIN,Minnesota Timberwolves,0021500050,2015-11-02,MIN vs. POR,L,23,5,17,0.294,0,3,0.0,6,7,0.857,3,3,6,3,1,0,3,2,16,-6,27.7,1,2015-16
22015,2207,Joe Johnson,1610612751,BKN,Brooklyn Nets,0021500047,2015-11-02,BKN vs. MIL,L,41,5,14,0.357,2,7,0.286,2,2,1.0,1,2,3,6,0,0,0,2,14,-6,26.6,1,2015-16
22015,201961,Wayne Ellington,1610612751,BKN,Brooklyn Nets,0021500047,2015-11-02,BKN vs. MIL,L,7,0,1,0.0,0,1,0.0,0,0,,0,0,0,0,0,0,0,1,0,-3,0.0,1,2015-16
22015,202711,Bojan Bogdanovic,1610612751,BKN,Brooklyn Nets,0021500047,2015-11-02,BKN vs. MIL,L,25,5,10,0.5,2,4,0.5,2,3,0.667,1,1,2,1,2,0,3,1,14,-15,20.9,1,2015-16
22015,203900,Markel Brown,1610612751,BKN,Brooklyn Nets,0021500047,2015-11-02,BKN vs. MIL,L,26,3,7,0.429,1,4,0.25,0,0,,0,2,2,2,0,1,0,2,7,1,15.4,1,2015-16
22015,201577,Robin Lopez,1610612752,NYK,New York Knicks,0021500048,2015-11-02,NYK vs. SAS,L,32,5,12,0.417,0,0,,0,0,,1,4,5,4,1,0,1,2,10,-15,24.0,1,2015-16
22015,204001,Kristaps Porziņģis,1610612752,NYK,New York Knicks,0021500048,2015-11-02,NYK vs. SAS,L,24,5,15,0.333,1,5,0.2,2,2,1.0,8,6,14,1,3,2,2,5,13,-8,44.3,1,2015-16
22015,203496,Robert Covington,1610612755,PHI,Philadelphia 76ers,0021500046,2015-11-02,PHI vs. CLE,L,22,1,9,0.111,0,5,0.0,2,2,1.0,0,2,2,0,2,1,2,3,4,-25,13.4,1,2015-16
22015,203960,JaKarr Sampson,1610612755,PHI,Philadelphia 76ers,0021500046,2015-11-02,PHI vs. CLE,L,4,1,1,1.0,0,0,,0,0,,1,1,2,0,0,0,1,0,2,-8,3.4,1,2015-16
22015,201566,Russell Westbrook,1610612760,OKC,Oklahoma City Thunder,0021500049,2015-11-02,OKC @ HOU,L,32,10,16,0.625,3,6,0.5,2,2,1.0,2,6,8,11,2,0,7,5,25,4,50.1,1,2015-16
22015,201571,D.J. Augustin,1610612760,OKC,Oklahoma City Thunder,0021500049,2015-11-02,OKC @ HOU,L,22,4,9,0.444,1,3,0.333,3,5,0.6,0,5,5,0,1,0,6,2,12,-12,15.0,1,2015-16
22015,201627,Anthony Morrow,1610612760,OKC,Oklahoma City Thunder,0021500049,2015-11-02,OKC @ HOU,L,5,0,0,,0,0,,0,0,,0,0,0,0,1,0,1,0,0,5,2.0,1,2015-16
22015,203460,Andre Roberson,1610612760,OKC,Oklahoma City Thunder,0021500049,2015-11-02,OKC @ HOU,L,22,3,5,0.6,1,1,1.0,0,0,,1,2,3,0,0,2,0,4,7,-2,16.6,1,2015-16
22015,2544,LeBron James,1610612739,CLE,Cleveland Cavaliers,0021500046,2015-11-02,CLE @ PHI,W,33,9,19,0.474,0,3,0.0,4,4,1.0,0,9,9,11,4,2,3,3,22,21,64.3,1,2015-16
22015,2590,Mo Williams,1610612739,CLE,Cleveland Cavaliers,0021500046,2015-11-02,CLE @ PHI,W,28,8,10,0.8,2,3,0.667,3,3,1.0,0,1,1,3,1,0,2,2,21,19,27.7,1,2015-16
22015,2747,JR Smith,1610612739,CLE,Cleveland Cavaliers,0021500046,2015-11-02,CLE @ PHI,W,5,0,1,0.0,0,0,,0,0,,0,0,0,0,0,0,2,2,0,-1,-2.0,1,2015-16
22015,203099,Jared Cunningham,1610612739,CLE,Cleveland Cavaliers,0021500046,2015-11-02,CLE @ PHI,W,17,1,3,0.333,0,0,,2,4,0.5,0,2,2,0,0,0,0,2,4,-8,6.4,1,2015-16
22015,2571,Leandro Barbosa,1610612744,GSW,Golden State Warriors,0021500051,2015-11-02,GSW vs. MEM,W,15,1,4,0.25,1,2,0.5,0,0,,0,0,0,2,0,1,0,2,3,8,9.0,1,2015-16
22015,203110,Draymond Green,1610612744,GSW,Golden State Warriors,0021500051,2015-11-02,GSW vs. MEM,W,27,4,7,0.571,3,4,0.75,0,0,,0,9,9,8,0,3,2,2,11,41,40.8,1,2015-16
22015,201935,James Harden,1610612745,HOU,Houston Rockets,0021500049,2015-11-02,HOU vs. OKC,W,38,12,26,0.462,4,12,0.333,9,11,0.818,0,5,5,3,3,2,2,1,37,6,60.5,1,2015-16
22015,201977,Marcus Thornton,1610612745,HOU,Houston Rockets,0021500049,2015-11-02,HOU vs. OKC,W,37,5,14,0.357,2,6,0.333,0,0,,2,5,7,1,1,0,1,1,12,14,23.9,1,2015-16
22015,201573,Jerryd Bayless,1610612749,MIL,Milwaukee Bucks,0021500047,2015-11-02,MIL @ BKN,W,47,8,15,0.533,6,10,0.6,4,7,0.571,0,3,3,2,0,0,2,2,26,11,30.6,1,2015-16
22015,202349,Greivis Vasquez,1610612749,MIL,Milwaukee Bucks,0021500047,2015-11-02,MIL @ BKN,W,27,0,8,0.0,0,5,0.0,0,0,,1,0,1,8,1,0,1,1,0,-3,15.2,1,2015-16
22015,203507,Giannis Antetokounmpo,1610612749,MIL,Milwaukee Bucks,0021500047,2015-11-02,MIL @ BKN,W,42,8,16,0.5,1,3,0.333,4,5,0.8,3,5,8,3,0,2,4,4,21,4,37.1,1,2015-16
22015,2419,Tayshaun Prince,1610612750,MIN,Minnesota Timberwolves,0021500050,2015-11-02,MIN vs. POR,L,20,0,3,0.0,0,0,,2,2,1.0,0,0,0,0,2,0,0,0,2,2,8.0,1,2015-16
22015,202357,Nemanja Bjelica,1610612750,MIN,Minnesota Timberwolves,0021500050,2015-11-02,MIN vs. POR,L,31,2,4,0.5,0,2,0.0,1,2,0.5,3,6,9,2,2,0,2,4,5,5,22.8,1,2015-16
22015,203476,Gorgui Dieng,1610612750,MIN,Minnesota Timberwolves,0021500050,2015-11-02,MIN vs. POR,L,21,6,9,0.667,0,0,,0,1,0.0,1,4,5,1,0,0,0,2,12,0,19.5,1,2015-16
22015,1626157,Karl-Anthony Towns,1610612750,MIN,Minnesota Timberwolves,0021500050,2015-11-02,MIN vs. POR,L,27,5,9,0.556,1,1,1.0,0,0,,1,4,5,0,0,4,4,5,11,-5,25.0,1,2015-16
22015,101127,Jarrett Jack,1610612751,BKN,Brooklyn Nets,0021500047,2015-11-02,BKN vs. MIL,L,35,5,11,0.455,1,1,1.0,4,5,0.8,0,3,3,4,0,0,5,3,15,1,19.6,1,2015-16
22015,203080,Thomas Robinson,1610612751,BKN,Brooklyn Nets,0021500047,2015-11-02,BKN vs. MIL,L,9,0,2,0.0,0,0,,0,0,,1,1,2,1,0,0,1,2,0,-8,2.9,1,2015-16
22015,203499,Shane Larkin,1610612751,BKN,Brooklyn Nets,0021500047,2015-11-02,BKN vs. MIL,L,18,5,5,1.0,0,0,,0,1,0.0,0,3,3,1,1,0,2,1,10,-12,16.1,1,2015-16
22015,2546,Carmelo Anthony,1610612752,NYK,New York Knicks,0021500048,2015-11-02,NYK vs. SAS,L,35,4,17,0.235,1,3,0.333,10,12,0.833,3,4,7,2,1,0,1,3,19,-9,32.4,1,2015-16
22015,202338,Kevin Seraphin,1610612752,NYK,New York Knicks,0021500048,2015-11-02,NYK vs. SAS,L,5,1,3,0.333,0,0,,0,0,,0,2,2,0,0,0,0,1,2,1,4.4,1,2015-16
22015,203138,Hollis Thompson,1610612755,PHI,Philadelphia 76ers,0021500046,2015-11-02,PHI vs. CLE,L,31,3,7,0.429,1,4,0.25,5,6,0.833,1,5,6,4,1,0,1,1,12,16,27.2,1,2015-16
22015,203477,Isaiah Canaan,1610612755,PHI,Philadelphia 76ers,0021500046,2015-11-02,PHI vs. CLE,L,31,2,8,0.25,1,3,0.333,2,2,1.0,0,2,2,1,0,0,0,0,7,-19,10.9,1,2015-16
22015,201603,Sonny Weems,1610612756,PHX,Phoenix Suns,0021500052,2015-11-02,PHX @ LAC,L,8,0,1,0.0,0,0,,0,0,,0,2,2,0,0,0,1,1,0,-8,1.4,1,2015-16
22015,202339,Eric Bledsoe,1610612756,PHX,Phoenix Suns,0021500052,2015-11-02,PHX @ LAC,L,32,6,19,0.316,1,4,0.25,3,4,0.75,0,4,4,7,2,1,3,3,16,-12,37.3,1,2015-16
22015,203081,Damian Lillard,1610612757,POR,Portland Trail Blazers,0021500050,2015-11-02,POR @ MIN,W,38,14,25,0.56,4,9,0.444,2,3,0.667,1,1,2,7,2,1,2,4,34,1,53.9,1,2015-16
22015,203086,Meyers Leonard,1610612757,POR,Portland Trail Blazers,0021500050,2015-11-02,POR @ MIN,W,24,1,7,0.143,0,4,0.0,2,2,1.0,1,6,7,1,0,1,1,3,4,-3,15.9,1,2015-16
22015,203943,Noah Vonleh,1610612757,POR,Portland Trail Blazers,0021500050,2015-11-02,POR @ MIN,W,19,1,3,0.333,0,1,0.0,3,4,0.75,0,3,3,0,0,0,2,3,5,8,6.6,1,2015-16
22015,1938,Manu Ginobili,1610612759,SAS,San Antonio Spurs,0021500048,2015-11-02,SAS @ NYK,W,17,3,5,0.6,1,2,0.5,0,0,,0,0,0,3,0,0,2,0,7,-6,9.5,1,2015-16
22015,2225,Tony Parker,1610612759,SAS,San Antonio Spurs,0021500048,2015-11-02,SAS @ NYK,W,29,7,12,0.583,0,0,,2,2,1.0,0,1,1,3,0,0,0,0,16,18,21.7,1,2015-16
22015,2446,Rasual Butler,1610612759,SAS,San Antonio Spurs,0021500048,2015-11-02,SAS @ NYK,W,1,0,0,,0,0,,0,0,,0,0,0,0,0,0,0,0,0,-3,0.0,1,2015-16
22015,2561,David West,1610612759,SAS,San Antonio Spurs,0021500048,2015-11-02,SAS @ NYK,W,7,1,1,1.0,0,0,,0,0,,1,1,2,3,1,0,1,0,2,12,10.9,1,2015-16
22015,203492,Ray McCallum,1610612759,SAS,San Antonio Spurs,0021500048,2015-11-02,SAS @ NYK,W,1,0,1,0.0,0,0,,0,0,,0,0,0,0,0,0,0,0,0,-3,0.0,1,2015-16
22015,201142,Kevin Durant,1610612760,OKC,Oklahoma City Thunder,0021500049,2015-11-02,OKC @ HOU,L,35,9,19,0.474,4,9,0.444,7,9,0.778,1,3,4,0,0,2,5,0,29,-4,34.8,1,2015-16
22015,202683,Enes Freedom,1610612760,OKC,Oklahoma City Thunder,0021500049,2015-11-02,OKC @ HOU,L,22,3,8,0.375,0,0,,0,0,,3,9,12,3,0,1,2,1,6,1,25.9,1,2015-16
22015,202713,Kyle Singler,1610612760,OKC,Oklahoma City Thunder,0021500049,2015-11-02,OKC @ HOU,L,16,0,2,0.0,0,2,0.0,0,0,,0,2,2,0,0,0,1,3,0,0,1.4,1,2015-16
22015,203079,Dion Waiters,1610612760,OKC,Oklahoma City Thunder,0021500049,2015-11-02,OKC @ HOU,L,32,3,8,0.375,1,1,1.0,2,4,0.5,1,3,4,1,1,0,1,5,9,1,17.3,1,2015-16
22015,2440,Matt Barnes,1610612763,MEM,Memphis Grizzlies,0021500051,2015-11-02,MEM @ GSW,L,26,4,12,0.333,1,6,0.167,0,0,,2,4,6,1,1,3,2,4,9,-36,27.7,1,2015-16
22015,2754,Tony Allen,1610612763,MEM,Memphis Grizzlies,0021500051,2015-11-02,MEM @ GSW,L,12,0,6,0.0,0,2,0.0,0,0,,1,1,2,1,1,1,1,3,0,-8,8.9,1,2015-16
22015,201145,Jeff Green,1610612763,MEM,Memphis Grizzlies,0021500051,2015-11-02,MEM @ GSW,L,20,1,8,0.125,0,1,0.0,0,0,,1,2,3,1,0,0,3,1,2,-17,4.1,1,2015-16
22015,201188,Marc Gasol,1610612763,MEM,Memphis Grizzlies,0021500051,2015-11-02,MEM @ GSW,L,26,5,12,0.417,0,0,,3,3,1.0,3,6,9,3,0,1,2,2,13,-32,29.3,1,2015-16
22015,201584,Courtney Lee,1610612763,MEM,Memphis Grizzlies,0021500051,2015-11-02,MEM @ GSW,L,25,2,11,0.182,0,5,0.0,2,3,0.667,1,2,3,0,1,0,0,3,6,-44,12.6,1,2015-16
22015,2733,Shaun Livingston,1610612744,GSW,Golden State Warriors,0021500051,2015-11-02,GSW vs. MEM,W,10,2,2,1.0,0,0,,0,0,,0,2,2,2,0,1,0,0,4,4,12.4,1,2015-16
22015,201939,Stephen Curry,1610612744,GSW,Golden State Warriors,0021500051,2015-11-02,GSW vs. MEM,W,28,10,16,0.625,4,8,0.5,6,6,1.0,1,2,3,3,3,1,3,2,30,37,47.1,1,2015-16
22015,1718,Paul Pierce,1610612746,LAC,LA Clippers,0021500052,2015-11-02,LAC vs. PHX,W,23,3,6,0.5,1,4,0.25,0,0,,0,6,6,2,0,0,1,1,7,7,16.2,1,2015-16
22015,2746,Josh Smith,1610612746,LAC,LA Clippers,0021500052,2015-11-02,LAC vs. PHX,W,16,2,5,0.4,2,4,0.5,1,2,0.5,0,4,4,3,0,1,1,2,7,-7,18.3,1,2015-16
22015,201601,Luc Mbah a Moute,1610612746,LAC,LA Clippers,0021500052,2015-11-02,LAC vs. PHX,W,0,0,0,,0,0,,0,0,,0,0,0,0,0,0,0,0,0,-2,0.0,1,2015-16
22015,202325,Wesley Johnson,1610612746,LAC,LA Clippers,0021500052,2015-11-02,LAC vs. PHX,W,14,4,5,0.8,0,1,0.0,1,1,1.0,0,3,3,0,0,0,0,1,9,15,12.6,1,2015-16
22015,203114,Khris Middleton,1610612749,MIL,Milwaukee Bucks,0021500047,2015-11-02,MIL @ BKN,W,39,6,12,0.5,2,5,0.4,3,4,0.75,1,4,5,3,1,1,0,2,17,0,33.5,1,2015-16
22015,201152,Thaddeus Young,1610612751,BKN,Brooklyn Nets,0021500047,2015-11-02,BKN vs. MIL,L,25,6,11,0.545,0,0,,1,1,1.0,2,4,6,5,0,1,1,2,13,12,29.7,1,2015-16
22015,101181,Jose Calderon,1610612752,NYK,New York Knicks,0021500048,2015-11-02,NYK vs. SAS,L,23,2,5,0.4,2,2,1.0,0,0,,0,0,0,2,1,0,1,2,6,-1,11.0,1,2015-16
22015,204038,Langston Galloway,1610612752,NYK,New York Knicks,0021500048,2015-11-02,NYK vs. SAS,L,29,2,5,0.4,0,0,,2,4,0.5,1,4,5,1,1,0,1,0,6,-14,15.5,1,2015-16
22015,203457,Nerlens Noel,1610612755,PHI,Philadelphia 76ers,0021500046,2015-11-02,PHI vs. CLE,L,33,7,13,0.538,0,0,,0,2,0.0,3,5,8,2,1,3,4,2,14,-13,34.6,1,2015-16
22015,204456,T.J. McConnell,1610612755,PHI,Philadelphia 76ers,0021500046,2015-11-02,PHI vs. CLE,L,23,3,4,0.75,0,0,,0,0,,1,6,7,12,1,0,0,1,6,12,35.4,1,2015-16
22015,1626143,Jahlil Okafor,1610612755,PHI,Philadelphia 76ers,0021500046,2015-11-02,PHI vs. CLE,L,27,11,21,0.524,0,0,,2,3,0.667,2,1,3,0,0,0,1,4,24,-15,26.6,1,2015-16
22015,1626158,Richaun Holmes,1610612755,PHI,Philadelphia 76ers,0021500046,2015-11-02,PHI vs. CLE,L,11,1,1,1.0,1,1,1.0,1,2,0.5,0,1,1,0,0,1,0,1,4,16,8.2,1,2015-16
22015,1626174,Christian Wood,1610612755,PHI,Philadelphia 76ers,0021500046,2015-11-02,PHI vs. CLE,L,5,2,3,0.667,1,1,1.0,0,0,,0,0,0,1,0,0,0,0,5,11,6.5,1,2015-16
22015,2199,Tyson Chandler,1610612756,PHX,Phoenix Suns,0021500052,2015-11-02,PHX @ LAC,L,36,7,10,0.7,0,0,,0,1,0.0,6,11,17,1,0,0,0,3,14,-13,35.9,1,2015-16
22015,203141,Mirza Teletovic,1610612756,PHX,Phoenix Suns,0021500052,2015-11-02,PHX @ LAC,L,5,0,0,,0,0,,0,0,,0,0,0,0,0,0,0,2,0,-1,0.0,1,2015-16
22015,203458,Alex Len,1610612756,PHX,Phoenix Suns,0021500052,2015-11-02,PHX @ LAC,L,7,0,3,0.0,0,0,,2,2,1.0,0,4,4,0,0,0,1,1,2,8,5.8,1,2015-16
22015,203459,Allen Crabbe,1610612757,POR,Portland Trail Blazers,0021500050,2015-11-02,POR @ MIN,W,25,3,10,0.3,1,4,0.25,0,0,,0,0,0,1,1,0,1,0,7,-6,10.5,1,2015-16
22015,1495,Tim Duncan,1610612759,SAS,San Antonio Spurs,0021500048,2015-11-02,SAS @ NYK,W,35,6,10,0.6,0,0,,4,6,0.667,1,9,10,6,1,2,1,4,16,20,45.0,1,2015-16
22015,201988,Patty Mills,1610612759,SAS,San Antonio Spurs,0021500048,2015-11-02,SAS @ NYK,W,25,2,6,0.333,1,3,0.333,0,0,,0,2,2,2,2,0,1,1,5,2,15.4,1,2015-16
22015,203937,Kyle Anderson,1610612759,SAS,San Antonio Spurs,0021500048,2015-11-02,SAS @ NYK,W,6,0,1,0.0,0,0,,0,0,,0,1,1,1,0,0,0,0,0,3,2.7,1,2015-16
22015,1626246,Boban Marjanovic,1610612759,SAS,San Antonio Spurs,0021500048,2015-11-02,SAS @ NYK,W,1,0,0,,0,0,,1,2,0.5,0,0,0,0,0,0,0,0,1,-3,1.0,1,2015-16
22015,203500,Steven Adams,1610612760,OKC,Oklahoma City Thunder,0021500049,2015-11-02,OKC @ HOU,L,19,2,3,0.667,0,0,,1,2,0.5,0,3,3,0,1,0,0,1,5,-8,11.6,1,2015-16
22015,201148,Brandan Wright,1610612763,MEM,Memphis Grizzlies,0021500051,2015-11-02,MEM @ GSW,L,20,3,6,0.5,0,0,,1,2,0.5,0,6,6,1,0,2,0,2,7,-12,21.7,1,2015-16
22015,2210,Richard Jefferson,1610612739,CLE,Cleveland Cavaliers,0021500046,2015-11-02,CLE @ PHI,W,22,2,4,0.5,1,2,0.5,2,2,1.0,0,1,1,0,0,0,0,2,7,-4,8.2,1,2015-16
22015,203521,Matthew Dellavedova,1610612739,CLE,Cleveland Cavaliers,0021500046,2015-11-02,CLE @ PHI,W,34,5,8,0.625,1,3,0.333,1,2,0.5,3,2,5,9,0,0,3,2,12,8,28.5,1,2015-16
22015,201574,Jason Thompson,1610612744,GSW,Golden State Warriors,0021500051,2015-11-02,GSW vs. MEM,W,10,1,3,0.333,0,0,,0,0,,1,3,4,2,2,1,1,1,2,8,17.8,1,2015-16
22015,201575,Brandon Rush,1610612744,GSW,Golden State Warriors,0021500051,2015-11-02,GSW vs. MEM,W,13,0,5,0.0,0,3,0.0,2,4,0.5,0,6,6,2,0,0,2,1,2,6,10.2,1,2015-16
22015,202691,Klay Thompson,1610612744,GSW,Golden State Warriors,0021500051,2015-11-02,GSW vs. MEM,W,26,6,11,0.545,2,3,0.667,0,0,,0,7,7,2,0,2,2,0,14,41,29.4,1,2015-16
22015,203546,Ian Clark,1610612744,GSW,Golden State Warriors,0021500051,2015-11-02,GSW vs. MEM,W,12,4,4,1.0,1,1,1.0,6,6,1.0,1,2,3,1,0,0,0,0,15,6,20.1,1,2015-16
22015,203949,James Michael McAdoo,1610612744,GSW,Golden State Warriors,0021500051,2015-11-02,GSW vs. MEM,W,16,4,6,0.667,0,0,,1,7,0.143,1,6,7,1,0,0,0,1,9,8,18.9,1,2015-16
22015,2730,Dwight Howard,1610612745,HOU,Houston Rockets,0021500049,2015-11-02,HOU vs. OKC,W,35,6,13,0.462,0,0,,4,7,0.571,2,6,8,0,2,4,1,2,16,2,42.6,1,2015-16
22015,201951,Ty Lawson,1610612745,HOU,Houston Rockets,0021500049,2015-11-02,HOU vs. OKC,W,37,6,10,0.6,0,2,0.0,2,7,0.286,2,3,5,11,4,0,4,3,14,-1,44.5,1,2015-16
22015,203991,Clint Capela,1610612745,HOU,Houston Rockets,0021500049,2015-11-02,HOU vs. OKC,W,11,2,2,1.0,0,0,,0,0,,0,1,1,0,1,1,1,4,4,7,10.2,1,2015-16
22015,1626149,Montrezl Harrell,1610612745,HOU,Houston Rockets,0021500049,2015-11-02,HOU vs. OKC,W,3,0,0,,0,0,,0,0,,0,0,0,0,1,0,0,1,0,-4,3.0,1,2015-16
22015,2037,Jamal Crawford,1610612746,LAC,LA Clippers,0021500052,2015-11-02,LAC vs. PHX,W,26,2,8,0.25,1,4,0.25,6,6,1.0,0,2,2,3,1,0,0,2,11,8,20.9,1,2015-16
22015,200755,JJ Redick,1610612746,LAC,LA Clippers,0021500052,2015-11-02,LAC vs. PHX,W,28,3,12,0.25,3,10,0.3,1,1,1.0,1,2,3,2,0,0,1,1,10,4,15.6,1,2015-16
22015,202328,Greg Monroe,1610612749,MIL,Milwaukee Bucks,0021500047,2015-11-02,MIL @ BKN,W,39,10,14,0.714,0,0,,3,4,0.75,1,12,13,1,1,1,2,4,23,15,44.1,1,2015-16
22015,203101,Miles Plumlee,1610612749,MIL,Milwaukee Bucks,0021500047,2015-11-02,MIL @ BKN,W,6,1,1,1.0,0,0,,0,0,,1,1,2,1,0,0,3,4,2,-5,2.9,1,2015-16
22015,203142,Chris Copeland,1610612749,MIL,Milwaukee Bucks,0021500047,2015-11-02,MIL @ BKN,W,0,0,0,,0,0,,0,0,,0,0,0,0,0,0,0,0,0,0,0.0,1,2015-16
22015,203487,Michael Carter-Williams,1610612749,MIL,Milwaukee Bucks,0021500047,2015-11-02,MIL @ BKN,W,23,2,3,0.667,0,0,,2,4,0.5,0,2,2,5,3,2,2,5,6,10,28.9,1,2015-16
22015,708,Kevin Garnett,1610612750,MIN,Minnesota Timberwolves,0021500050,2015-11-02,MIN vs. POR,L,17,0,3,0.0,0,0,,0,2,0.0,0,1,1,1,1,0,0,0,0,-10,5.7,1,2015-16
22015,203498,Shabazz Muhammad,1610612750,MIN,Minnesota Timberwolves,0021500050,2015-11-02,MIN vs. POR,L,17,2,5,0.4,0,0,,5,6,0.833,0,4,4,0,1,0,0,1,9,-5,16.8,1,2015-16
22015,201572,Brook Lopez,1610612751,BKN,Brooklyn Nets,0021500047,2015-11-02,BKN vs. MIL,L,34,6,10,0.6,0,1,0.0,6,7,0.857,1,8,9,1,0,2,4,5,18,1,32.3,1,2015-16
22015,202498,Lance Thomas,1610612752,NYK,New York Knicks,0021500048,2015-11-02,NYK vs. SAS,L,16,1,4,0.25,0,0,,0,0,,0,0,0,0,0,0,0,0,2,3,2.0,1,2015-16
22015,203124,Kyle O'Quinn,1610612752,NYK,New York Knicks,0021500048,2015-11-02,NYK vs. SAS,L,19,3,6,0.5,0,0,,0,0,,2,3,5,1,1,0,0,3,6,7,16.5,1,2015-16
22015,1626170,Jerian Grant,1610612752,NYK,New York Knicks,0021500048,2015-11-02,NYK vs. SAS,L,23,5,8,0.625,0,0,,2,3,0.667,0,4,4,3,0,0,1,2,12,5,20.3,1,2015-16
22015,203917,Nik Stauskas,1610612755,PHI,Philadelphia 76ers,0021500046,2015-11-02,PHI vs. CLE,L,29,4,10,0.4,3,9,0.333,4,4,1.0,0,4,4,1,1,0,2,3,15,-16,22.3,1,2015-16
22015,203924,Jerami Grant,1610612755,PHI,Philadelphia 76ers,0021500046,2015-11-02,PHI vs. CLE,L,23,3,8,0.375,0,1,0.0,1,2,0.5,1,1,2,1,1,0,2,3,7,6,11.9,1,2015-16
22015,200782,P.J. Tucker,1610612756,PHX,Phoenix Suns,0021500052,2015-11-02,PHX @ LAC,L,27,1,2,0.5,1,1,1.0,3,4,0.75,1,2,3,2,1,0,0,2,6,0,15.6,1,2015-16
22015,202688,Brandon Knight,1610612756,PHX,Phoenix Suns,0021500052,2015-11-02,PHX @ LAC,L,41,4,20,0.2,1,8,0.125,3,3,1.0,1,6,7,8,2,0,1,0,12,3,37.4,1,2015-16
22015,202693,Markieff Morris,1610612756,PHX,Phoenix Suns,0021500052,2015-11-02,PHX @ LAC,L,36,7,22,0.318,2,8,0.25,3,5,0.6,2,6,8,2,0,0,2,2,19,-5,29.6,1,2015-16
22015,202334,Ed Davis,1610612757,POR,Portland Trail Blazers,0021500050,2015-11-02,POR @ MIN,W,20,2,4,0.5,0,0,,3,4,0.75,4,7,11,1,1,1,0,4,7,-4,27.7,1,2015-16
22015,203090,Maurice Harkless,1610612757,POR,Portland Trail Blazers,0021500050,2015-11-02,POR @ MIN,W,17,2,5,0.4,0,1,0.0,1,1,1.0,1,3,4,1,0,0,0,2,5,-8,11.3,1,2015-16
22015,203468,CJ McCollum,1610612757,POR,Portland Trail Blazers,0021500050,2015-11-02,POR @ MIN,W,36,7,18,0.389,2,6,0.333,2,2,1.0,0,6,6,4,1,1,4,4,18,17,33.2,1,2015-16
22015,203486,Mason Plumlee,1610612757,POR,Portland Trail Blazers,0021500050,2015-11-02,POR @ MIN,W,28,4,5,0.8,0,0,,1,2,0.5,1,3,4,2,0,1,6,2,9,9,13.8,1,2015-16
22015,201980,Danny Green,1610612759,SAS,San Antonio Spurs,0021500048,2015-11-02,SAS @ NYK,W,27,2,6,0.333,0,2,0.0,0,0,,2,3,5,1,0,1,1,0,4,7,13.5,1,2015-16
22015,2216,Zach Randolph,1610612763,MEM,Memphis Grizzlies,0021500051,2015-11-02,MEM @ GSW,L,19,2,9,0.222,0,0,,0,0,,1,2,3,0,0,0,0,1,4,-30,7.6,1,2015-16
22015,2757,Beno Udrih,1610612763,MEM,Memphis Grizzlies,0021500051,2015-11-02,MEM @ GSW,L,15,0,5,0.0,0,1,0.0,0,0,,0,2,2,5,1,0,0,1,0,1,12.9,1,2015-16
22015,203919,Jordan Adams,1610612763,MEM,Memphis Grizzlies,0021500051,2015-11-02,MEM @ GSW,L,8,1,2,0.5,0,0,,2,3,0.667,0,2,2,3,1,0,1,2,4,4,12.9,1,2015-16
22015,2592,James Jones,1610612739,CLE,Cleveland Cavaliers,0021500046,2015-11-02,CLE @ PHI,W,15,4,6,0.667,4,5,0.8,0,0,,0,1,1,0,0,0,0,0,12,-5,13.2,1,2015-16
22015,2738,Andre Iguodala,1610612744,GSW,Golden State Warriors,0021500051,2015-11-02,GSW vs. MEM,W,22,3,8,0.375,0,3,0.0,0,0,,1,2,3,4,2,1,2,0,6,24,22.6,1,2015-16
22015,203084,Harrison Barnes,1610612744,GSW,Golden State Warriors,0021500051,2015-11-02,GSW vs. MEM,W,20,2,5,0.4,0,1,0.0,4,4,1.0,1,2,3,4,1,0,1,0,8,23,19.6,1,2015-16
22015,202362,Lance Stephenson,1610612746,LAC,LA Clippers,0021500052,2015-11-02,LAC vs. PHX,W,18,2,6,0.333,0,0,,1,1,1.0,1,5,6,2,0,0,1,3,5,0,14.2,1,2015-16
22015,203085,Austin Rivers,1610612746,LAC,LA Clippers,0021500052,2015-11-02,LAC vs. PHX,W,18,3,6,0.5,0,1,0.0,1,1,1.0,0,0,0,1,1,0,1,0,7,8,10.5,1,2015-16
22015,203948,Johnny O'Bryant III,1610612749,MIL,Milwaukee Bucks,0021500047,2015-11-02,MIL @ BKN,W,17,3,4,0.75,0,0,,2,2,1.0,1,1,2,1,0,1,0,1,8,13,14.9,1,2015-16
22015,2755,Kevin Martin,1610612750,MIN,Minnesota Timberwolves,0021500050,2015-11-02,MIN vs. POR,L,35,7,12,0.583,2,4,0.5,8,11,0.727,0,2,2,1,0,0,3,3,24,-1,24.9,1,2015-16
22015,201937,Ricky Rubio,1610612750,MIN,Minnesota Timberwolves,0021500050,2015-11-02,MIN vs. POR,L,32,4,10,0.4,0,2,0.0,4,4,1.0,0,9,9,9,3,0,1,4,12,3,44.3,1,2015-16
22015,203897,Zach LaVine,1610612750,MIN,Minnesota Timberwolves,0021500050,2015-11-02,MIN vs. POR,L,16,3,7,0.429,0,1,0.0,4,4,1.0,0,0,0,5,0,0,2,1,10,-8,15.5,1,2015-16
22015,200745,Andrea Bargnani,1610612751,BKN,Brooklyn Nets,0021500047,2015-11-02,BKN vs. MIL,L,16,1,8,0.125,0,1,0.0,3,3,1.0,4,1,5,0,0,0,2,3,5,-15,9.0,1,2015-16
22015,1626178,Rondae Hollis-Jefferson,1610612751,BKN,Brooklyn Nets,0021500047,2015-11-02,BKN vs. MIL,L,4,0,0,,0,0,,0,0,,0,0,0,0,0,0,0,1,0,-1,0.0,1,2015-16
22015,2756,Sasha Vujacic,1610612752,NYK,New York Knicks,0021500048,2015-11-02,NYK vs. SAS,L,20,1,7,0.143,0,2,0.0,0,0,,2,2,4,3,0,0,2,0,2,-10,9.3,1,2015-16
22015,202682,Derrick Williams,1610612752,NYK,New York Knicks,0021500048,2015-11-02,NYK vs. SAS,L,11,3,7,0.429,0,1,0.0,0,0,,0,2,2,0,0,1,1,0,6,-12,10.4,1,2015-16
22015,203921,Cleanthony Early,1610612752,NYK,New York Knicks,0021500048,2015-11-02,NYK vs. SAS,L,1,0,0,,0,0,,0,0,,0,1,1,0,0,0,0,0,0,3,1.2,1,2015-16
22015,101179,Ronnie Price,1610612756,PHX,Phoenix Suns,0021500052,2015-11-02,PHX @ LAC,L,16,3,6,0.5,3,6,0.5,0,0,,0,2,2,2,1,0,1,3,9,2,16.4,1,2015-16
22015,202720,Jon Leuer,1610612756,PHX,Phoenix Suns,0021500052,2015-11-02,PHX @ LAC,L,12,3,4,0.75,1,2,0.5,0,0,,2,1,3,0,1,0,0,1,7,1,13.6,1,2015-16
22015,203933,T.J. Warren,1610612756,PHX,Phoenix Suns,0021500052,2015-11-02,PHX @ LAC,L,21,5,11,0.455,0,1,0.0,1,2,0.5,4,1,5,1,1,0,0,2,11,-5,21.5,1,2015-16
22015,202329,Al-Farouq Aminu,1610612757,POR,Portland Trail Blazers,0021500050,2015-11-02,POR @ MIN,W,32,7,12,0.583,2,5,0.4,1,2,0.5,3,6,9,1,0,1,0,5,17,11,32.3,1,2015-16
22015,2564,Boris Diaw,1610612759,SAS,San Antonio Spurs,0021500048,2015-11-02,SAS @ NYK,W,20,2,6,0.333,1,2,0.5,1,2,0.5,1,3,4,1,0,0,3,2,6,-5,9.3,1,2015-16
22015,200746,LaMarcus Aldridge,1610612759,SAS,San Antonio Spurs,0021500048,2015-11-02,SAS @ NYK,W,32,8,15,0.533,0,0,,3,4,0.75,1,5,6,0,0,0,2,1,19,-4,24.2,1,2015-16
22015,202695,Kawhi Leonard,1610612759,SAS,San Antonio Spurs,0021500048,2015-11-02,SAS @ NYK,W,36,8,16,0.5,1,4,0.25,1,1,1.0,2,12,14,1,2,4,2,4,18,12,52.3,1,2015-16
22015,201586,Serge Ibaka,1610612760,OKC,Oklahoma City Thunder,0021500049,2015-11-02,OKC @ HOU,L,34,6,14,0.429,0,1,0.0,0,0,,6,8,14,2,1,4,1,3,12,-10,45.8,1,2015-16
22015,1713,Vince Carter,1610612763,MEM,Memphis Grizzlies,0021500051,2015-11-02,MEM @ GSW,L,16,1,4,0.25,1,3,0.333,0,0,,0,1,1,0,1,0,1,2,3,-13,6.2,1,2015-16
22015,203210,JaMychal Green,1610612763,MEM,Memphis Grizzlies,0021500051,2015-11-02,MEM @ GSW,L,21,3,8,0.375,0,1,0.0,0,0,,1,3,4,1,1,0,0,1,6,-12,15.3,1,2015-16
22015,203893,Russ Smith,1610612763,MEM,Memphis Grizzlies,0021500051,2015-11-02,MEM @ GSW,L,6,2,5,0.4,1,2,0.5,0,2,0.0,1,0,1,0,0,0,1,1,5,-10,5.2,1,2015-16
22015,203105,Festus Ezeli,1610612744,GSW,Golden State Warriors,0021500051,2015-11-02,GSW vs. MEM,W,20,4,5,0.8,0,0,,3,3,1.0,3,7,10,0,0,3,1,2,11,37,31.0,1,2015-16
22015,2772,Trevor Ariza,1610612745,HOU,Houston Rockets,0021500049,2015-11-02,HOU vs. OKC,W,36,3,8,0.375,1,4,0.25,2,2,1.0,1,3,4,2,1,0,0,3,9,12,19.8,1,2015-16
22015,201147,Corey Brewer,1610612745,HOU,Houston Rockets,0021500049,2015-11-02,HOU vs. OKC,W,22,5,11,0.455,0,2,0.0,2,2,1.0,0,2,2,3,3,0,1,3,12,-2,26.9,1,2015-16
22015,201144,Mike Conley,1610612763,MEM,Memphis Grizzlies,0021500051,2015-11-02,MEM @ GSW,L,26,2,8,0.25,0,2,0.0,6,7,0.857,0,2,2,5,1,0,0,1,10,-41,22.9,1,2015-16
22015,201143,Al Horford,1610612737,ATL,Atlanta Hawks,0021500055,2015-11-03,ATL @ MIA,W,34,8,17,0.471,0,0,,1,1,1.0,7,6,13,2,1,0,1,1,17,11,37.6,1,2015-16
22015,201952,Jeff Teague,1610612737,ATL,Atlanta Hawks,0021500055,2015-11-03,ATL @ MIA,W,34,9,18,0.5,2,2,1.0,6,7,0.857,2,4,6,9,1,0,3,3,26,20,46.7,1,2015-16
22015,203118,Mike Scott,1610612737,ATL,Atlanta Hawks,0021500055,2015-11-03,ATL @ MIA,W,12,2,5,0.4,1,2,0.5,2,2,1.0,1,2,3,0,0,0,0,1,7,6,10.6,1,2015-16
22015,201962,Toney Douglas,1610612740,NOP,New Orleans Pelicans,0021500056,2015-11-03,NOP vs. ORL,L,20,4,6,0.667,0,2,0.0,1,1,1.0,2,4,6,4,2,0,2,5,9,-14,26.2,1,2015-16
22015,201166,Aaron Brooks,1610612741,CHI,Chicago Bulls,0021500053,2015-11-03,CHI @ CHA,L,17,5,8,0.625,4,5,0.8,0,0,,0,0,0,4,1,0,0,4,14,-11,23.0,1,2015-16
22015,1626257,Salah Mejri,1610612742,DAL,Dallas Mavericks,0021500057,2015-11-03,DAL vs. TOR,L,1,0,0,,0,0,,0,0,,0,0,0,0,0,0,0,0,0,2,0.0,1,2015-16
22015,201581,JJ Hickson,1610612743,DEN,Denver Nuggets,0021500059,2015-11-03,DEN @ LAL,W,25,8,9,0.889,0,0,,1,3,0.333,1,6,7,2,0,2,0,4,17,10,34.4,1,2015-16
22015,203115,Will Barton,1610612743,DEN,Denver Nuggets,0021500059,2015-11-03,DEN @ LAL,W,21,3,6,0.5,0,2,0.0,4,4,1.0,1,3,4,1,1,1,0,2,10,3,22.3,1,2015-16
22015,203914,Gary Harris,1610612743,DEN,Denver Nuggets,0021500059,2015-11-03,DEN @ LAL,W,22,5,9,0.556,1,3,0.333,0,1,0.0,0,3,3,2,2,0,0,1,11,0,23.6,1,2015-16
22015,1626144,Emmanuel Mudiay,1610612743,DEN,Denver Nuggets,0021500059,2015-11-03,DEN @ LAL,W,31,3,13,0.231,3,4,0.75,3,3,1.0,1,1,2,10,1,1,6,4,12,10,29.4,1,2015-16
22015,201579,Roy Hibbert,1610612747,LAL,Los Angeles Lakers,0021500059,2015-11-03,LAL vs. DEN,L,17,2,3,0.667,0,0,,2,2,1.0,1,1,2,0,0,2,0,2,6,1,14.4,1,2015-16
22015,203527,Ryan Kelly,1610612747,LAL,Los Angeles Lakers,0021500059,2015-11-03,LAL vs. DEN,L,9,1,3,0.333,0,1,0.0,1,1,1.0,0,2,2,0,0,0,0,1,3,-7,5.4,1,2015-16
22015,204028,Tarik Black,1610612747,LAL,Los Angeles Lakers,0021500059,2015-11-03,LAL vs. DEN,L,18,3,4,0.75,0,0,,1,2,0.5,2,6,8,0,0,0,1,4,7,-1,15.6,1,2015-16
22015,2365,Chris Andersen,1610612748,MIA,Miami Heat,0021500055,2015-11-03,MIA vs. ATL,L,10,1,1,1.0,0,0,,1,2,0.5,1,3,4,0,0,0,2,1,3,8,5.8,1,2015-16
22015,202699,Tobias Harris,1610612753,ORL,Orlando Magic,0021500056,2015-11-03,ORL @ NOP,W,29,4,11,0.364,1,3,0.333,0,0,,4,9,13,1,1,0,1,4,9,-3,28.1,1,2015-16
22015,203506,Victor Oladipo,1610612753,ORL,Orlando Magic,0021500056,2015-11-03,ORL @ NOP,W,36,4,8,0.5,1,3,0.333,3,3,1.0,0,7,7,3,0,1,2,2,12,9,25.9,1,2015-16
22015,101139,CJ Miles,1610612754,IND,Indiana Pacers,0021500054,2015-11-03,IND @ DET,W,30,2,9,0.222,2,5,0.4,2,2,1.0,1,2,3,1,2,0,2,1,8,3,17.1,1,2015-16
22015,201588,George Hill,1610612754,IND,Indiana Pacers,0021500054,2015-11-03,IND @ DET,W,36,5,12,0.417,2,6,0.333,0,0,,1,5,6,6,4,1,0,1,12,7,43.2,1,2015-16
22015,201941,Jordan Hill,1610612754,IND,Indiana Pacers,0021500054,2015-11-03,IND @ DET,W,23,5,9,0.556,0,0,,0,0,,4,2,6,1,1,0,1,3,10,11,20.7,1,2015-16
22015,1626167,Myles Turner,1610612754,IND,Indiana Pacers,0021500054,2015-11-03,IND @ DET,W,15,3,4,0.75,0,0,,0,0,,0,4,4,0,1,3,0,3,6,2,22.8,1,2015-16
22015,201960,DeMarre Carroll,1610612761,TOR,Toronto Raptors,0021500057,2015-11-03,TOR @ DAL,W,34,1,8,0.125,0,2,0.0,1,2,0.5,2,3,5,1,0,1,0,3,3,1,13.5,1,2015-16
22015,202687,Bismack Biyombo,1610612761,TOR,Toronto Raptors,0021500057,2015-11-03,TOR @ DAL,W,14,2,4,0.5,0,0,,1,2,0.5,2,4,6,0,0,1,2,3,5,-3,13.2,1,2015-16
22015,202709,Cory Joseph,1610612761,TOR,Toronto Raptors,0021500057,2015-11-03,TOR @ DAL,W,20,1,3,0.333,0,0,,4,4,1.0,0,0,0,2,0,0,2,1,6,-3,7.0,1,2015-16
22015,2216,Zach Randolph,1610612763,MEM,Memphis Grizzlies,0021500058,2015-11-03,MEM @ SAC,W,29,9,14,0.643,0,0,,2,2,1.0,3,8,11,2,0,0,4,2,20,15,32.2,1,2015-16
22015,202704,Reggie Jackson,1610612765,DET,Detroit Pistons,0021500054,2015-11-03,DET vs. IND,L,34,8,20,0.4,2,4,0.5,2,2,1.0,0,0,0,6,1,1,6,3,20,8,29.0,1,2015-16
22015,203148,Brian Roberts,1610612766,CHA,Charlotte Hornets,0021500053,2015-11-03,CHA vs. CHI,W,6,1,3,0.333,0,1,0.0,0,0,,0,0,0,0,0,0,0,0,2,-5,2.0,1,2015-16
22015,203584,Troy Daniels,1610612766,CHA,Charlotte Hornets,0021500053,2015-11-03,CHA vs. CHI,W,6,1,3,0.333,1,2,0.5,0,0,,0,1,1,0,0,0,1,1,3,-5,3.2,1,2015-16
22015,201168,Tiago Splitter,1610612737,ATL,Atlanta Hawks,0021500055,2015-11-03,ATL @ MIA,W,20,2,6,0.333,0,0,,2,2,1.0,2,5,7,1,1,0,0,2,6,-2,18.9,1,2015-16
22015,201582,Alexis Ajinca,1610612740,NOP,New Orleans Pelicans,0021500056,2015-11-03,NOP vs. ORL,L,20,2,5,0.4,0,0,,0,0,,1,3,4,1,0,2,1,2,4,-1,15.3,1,2015-16
22015,202087,Alonzo Gee,1610612740,NOP,New Orleans Pelicans,0021500056,2015-11-03,NOP vs. ORL,L,10,1,4,0.25,0,1,0.0,0,0,,2,0,2,0,1,0,1,0,2,-11,6.4,1,2015-16
22015,201149,Joakim Noah,1610612741,CHI,Chicago Bulls,0021500053,2015-11-03,CHI @ CHA,L,17,0,1,0.0,0,0,,0,0,,0,5,5,2,0,0,4,4,0,-22,5.0,1,2015-16
22015,201959,Taj Gibson,1610612741,CHI,Chicago Bulls,0021500053,2015-11-03,CHI @ CHA,L,16,3,3,1.0,0,0,,0,1,0.0,1,2,3,1,0,0,1,1,6,-20,10.1,1,2015-16
22015,202703,Nikola Mirotic,1610612741,CHI,Chicago Bulls,0021500053,2015-11-03,CHI @ CHA,L,24,2,11,0.182,1,5,0.2,0,0,,1,4,5,2,0,0,2,1,5,-15,12.0,1,2015-16
22015,2585,Zaza Pachulia,1610612742,DAL,Dallas Mavericks,0021500057,2015-11-03,DAL vs. TOR,L,28,1,4,0.25,0,0,,2,2,1.0,5,2,7,0,0,0,3,5,4,-23,9.4,1,2015-16
22015,101114,Deron Williams,1610612742,DAL,Dallas Mavericks,0021500057,2015-11-03,DAL vs. TOR,L,36,4,15,0.267,1,5,0.2,4,4,1.0,1,2,3,4,0,0,1,4,13,-18,21.6,1,2015-16
22015,202083,Wesley Matthews,1610612742,DAL,Dallas Mavericks,0021500057,2015-11-03,DAL vs. TOR,L,28,3,7,0.429,1,3,0.333,1,2,0.5,1,2,3,3,0,0,2,5,8,-13,14.1,1,2015-16
22015,201589,Darrell Arthur,1610612743,DEN,Denver Nuggets,0021500059,2015-11-03,DEN @ LAL,W,16,1,5,0.2,0,1,0.0,0,0,,0,4,4,1,0,1,0,2,2,-1,11.3,1,2015-16
22015,101150,Lou Williams,1610612747,LAL,Los Angeles Lakers,0021500059,2015-11-03,LAL vs. DEN,L,33,4,11,0.364,0,5,0.0,16,19,0.842,0,5,5,2,3,1,0,3,24,-9,45.0,1,2015-16
22015,203903,Jordan Clarkson,1610612747,LAL,Los Angeles Lakers,0021500059,2015-11-03,LAL vs. DEN,L,37,12,19,0.632,4,6,0.667,2,3,0.667,1,2,3,2,1,0,0,2,30,-9,39.6,1,2015-16
22015,2547,Chris Bosh,1610612748,MIA,Miami Heat,0021500055,2015-11-03,MIA vs. ATL,L,39,4,14,0.286,1,6,0.167,0,0,,2,12,14,2,3,2,0,4,9,-5,43.8,1,2015-16
22015,201228,C.J. Watson,1610612753,ORL,Orlando Magic,0021500056,2015-11-03,ORL @ NOP,W,20,1,1,1.0,0,0,,3,3,1.0,0,2,2,2,0,0,1,0,5,6,9.4,1,2015-16
22015,202696,Nikola Vučević,1610612753,ORL,Orlando Magic,0021500056,2015-11-03,ORL @ NOP,W,34,10,21,0.476,0,0,,2,2,1.0,4,9,13,3,1,1,2,3,22,-4,46.1,1,2015-16
22015,203894,Shabazz Napier,1610612753,ORL,Orlando Magic,0021500056,2015-11-03,ORL @ NOP,W,1,0,0,,0,0,,0,0,,0,0,0,0,0,0,0,0,0,-3,0.0,1,2015-16
22015,201585,Kosta Koufos,1610612758,SAC,Sacramento Kings,0021500058,2015-11-03,SAC vs. MEM,L,26,5,6,0.833,0,0,,1,2,0.5,1,5,6,0,1,0,1,5,11,-9,20.2,1,2015-16
22015,1626161,Willie Cauley-Stein,1610612758,SAC,Sacramento Kings,0021500058,2015-11-03,SAC vs. MEM,L,34,3,4,0.75,0,0,,3,6,0.5,3,4,7,1,1,1,1,3,9,-15,23.9,1,2015-16
22015,203082,Terrence Ross,1610612761,TOR,Toronto Raptors,0021500057,2015-11-03,TOR @ DAL,W,23,2,8,0.25,0,4,0.0,0,0,,0,1,1,2,1,0,1,5,4,1,10.2,1,2015-16
22015,201144,Mike Conley,1610612763,MEM,Memphis Grizzlies,0021500058,2015-11-03,MEM @ SAC,W,25,5,9,0.556,1,4,0.25,3,3,1.0,1,2,3,6,1,0,1,2,14,9,28.6,1,2015-16
22015,201584,Courtney Lee,1610612763,MEM,Memphis Grizzlies,0021500058,2015-11-03,MEM @ SAC,W,31,6,12,0.5,0,2,0.0,2,2,1.0,1,4,5,1,1,0,2,4,14,8,22.5,1,2015-16
22015,2581,Steve Blake,1610612765,DET,Detroit Pistons,0021500054,2015-11-03,DET vs. IND,L,7,0,1,0.0,0,1,0.0,0,0,,0,0,0,1,0,1,3,2,0,-20,1.5,1,2015-16
22015,203083,Andre Drummond,1610612765,DET,Detroit Pistons,0021500054,2015-11-03,DET vs. IND,L,43,12,17,0.706,0,0,,1,2,0.5,11,18,29,0,3,1,4,3,25,8,67.8,1,2015-16
22015,2744,Al Jefferson,1610612766,CHA,Charlotte Hornets,0021500053,2015-11-03,CHA vs. CHI,W,21,7,12,0.583,0,0,,0,0,,2,1,3,2,2,1,0,3,14,3,29.6,1,2015-16
22015,201946,Tyler Hansbrough,1610612766,CHA,Charlotte Hornets,0021500053,2015-11-03,CHA vs. CHI,W,7,1,4,0.25,0,0,,4,4,1.0,3,0,3,0,0,0,1,1,6,-2,8.6,1,2015-16
22015,203469,Cody Zeller,1610612766,CHA,Charlotte Hornets,0021500053,2015-11-03,CHA vs. CHI,W,16,2,5,0.4,0,1,0.0,2,2,1.0,2,3,5,1,1,0,1,0,6,18,15.5,1,2015-16
22015,1626163,Frank Kaminsky,1610612766,CHA,Charlotte Hornets,0021500053,2015-11-03,CHA vs. CHI,W,21,2,6,0.333,2,2,1.0,0,0,,1,2,3,3,1,0,0,0,6,-2,17.1,1,2015-16
22015,203934,Lamar Patterson,1610612737,ATL,Atlanta Hawks,0021500055,2015-11-03,ATL @ MIA,W,8,0,0,,0,0,,0,0,,0,0,0,0,0,0,0,0,0,0,0.0,1,2015-16
22015,201569,Eric Gordon,1610612740,NOP,New Orleans Pelicans,0021500056,2015-11-03,NOP vs. ORL,L,38,8,19,0.421,4,12,0.333,1,2,0.5,1,1,2,4,0,0,4,2,21,4,25.4,1,2015-16
22015,201583,Ryan Anderson,1610612740,NOP,New Orleans Pelicans,0021500056,2015-11-03,NOP vs. ORL,L,27,4,15,0.267,3,7,0.429,3,4,0.75,1,3,4,0,3,1,0,1,14,-12,30.8,1,2015-16
22015,201967,Dante Cunningham,1610612740,NOP,New Orleans Pelicans,0021500056,2015-11-03,NOP vs. ORL,L,21,2,5,0.4,0,2,0.0,1,2,0.5,1,5,6,1,1,0,0,1,5,1,16.7,1,2015-16
22015,202337,Luke Babbitt,1610612740,NOP,New Orleans Pelicans,0021500056,2015-11-03,NOP vs. ORL,L,28,3,8,0.375,2,6,0.333,0,0,,0,8,8,1,1,0,0,1,8,-11,22.1,1,2015-16
22015,202397,Ish Smith,1610612740,NOP,New Orleans Pelicans,0021500056,2015-11-03,NOP vs. ORL,L,17,1,3,0.333,1,1,1.0,0,0,,1,2,3,7,1,0,1,0,3,-7,19.1,1,2015-16
22015,203076,Anthony Davis,1610612740,NOP,New Orleans Pelicans,0021500056,2015-11-03,NOP vs. ORL,L,36,3,12,0.25,0,2,0.0,8,10,0.8,1,8,9,1,1,5,2,2,14,-2,42.3,1,2015-16
22015,201565,Derrick Rose,1610612741,CHI,Chicago Bulls,0021500053,2015-11-03,CHI @ CHA,L,24,2,8,0.25,0,3,0.0,0,0,,0,2,2,5,0,0,2,0,4,-16,11.9,1,2015-16
22015,1717,Dirk Nowitzki,1610612742,DAL,Dallas Mavericks,0021500057,2015-11-03,DAL vs. TOR,L,35,6,10,0.6,3,4,0.75,3,3,1.0,1,6,7,2,1,1,2,1,18,-8,33.4,1,2015-16
22015,2734,Devin Harris,1610612742,DAL,Dallas Mavericks,0021500057,2015-11-03,DAL vs. TOR,L,24,3,8,0.375,0,3,0.0,3,6,0.5,2,4,6,1,1,2,1,2,9,-10,25.7,1,2015-16
22015,101111,Charlie Villanueva,1610612742,DAL,Dallas Mavericks,0021500057,2015-11-03,DAL vs. TOR,L,5,2,4,0.5,0,2,0.0,0,0,,1,1,2,0,0,0,0,2,4,-6,6.4,1,2015-16
22015,202718,Chandler Parsons,1610612742,DAL,Dallas Mavericks,0021500057,2015-11-03,DAL vs. TOR,L,14,3,6,0.5,2,3,0.667,1,4,0.25,1,1,2,1,0,0,2,1,9,-2,10.9,1,2015-16
22015,201596,Mario Chalmers,1610612748,MIA,Miami Heat,0021500055,2015-11-03,MIA vs. ATL,L,22,1,9,0.111,0,4,0.0,0,0,,0,1,1,3,2,0,1,4,2,-2,12.7,1,2015-16
22015,201609,Goran Dragic,1610612748,MIA,Miami Heat,0021500055,2015-11-03,MIA vs. ATL,L,32,6,11,0.545,3,5,0.6,4,4,1.0,2,3,5,2,3,1,4,2,19,2,36.0,1,2015-16
22015,202355,Hassan Whiteside,1610612748,MIA,Miami Heat,0021500055,2015-11-03,MIA vs. ATL,L,31,11,12,0.917,0,0,,1,2,0.5,5,9,14,0,0,4,3,0,23,-4,48.8,1,2015-16
22015,1626159,Justise Winslow,1610612748,MIA,Miami Heat,0021500055,2015-11-03,MIA vs. ATL,L,23,2,7,0.286,0,3,0.0,0,0,,1,3,4,0,0,0,3,2,4,-5,5.8,1,2015-16
22015,201160,Jason Smith,1610612753,ORL,Orlando Magic,0021500056,2015-11-03,ORL @ NOP,W,16,2,8,0.25,0,0,,2,2,1.0,0,3,3,0,0,0,1,2,6,12,8.6,1,2015-16
22015,203932,Aaron Gordon,1610612753,ORL,Orlando Magic,0021500056,2015-11-03,ORL @ NOP,W,4,1,2,0.5,0,0,,0,0,,0,2,2,0,0,0,1,2,2,3,3.4,1,2015-16
22015,101133,Ian Mahinmi,1610612754,IND,Indiana Pacers,0021500054,2015-11-03,IND @ DET,W,5,0,0,,0,0,,0,0,,0,0,0,0,0,0,1,1,0,-4,-1.0,1,2015-16
22015,201978,Chase Budinger,1610612754,IND,Indiana Pacers,0021500054,2015-11-03,IND @ DET,W,10,0,0,,0,0,,0,0,,0,1,1,0,0,0,0,1,0,11,1.2,1,2015-16
22015,200752,Rudy Gay,1610612758,SAC,Sacramento Kings,0021500058,2015-11-03,SAC vs. MEM,L,32,7,17,0.412,1,4,0.25,4,4,1.0,1,4,5,3,1,0,2,3,19,-12,30.5,1,2015-16
22015,200765,Rajon Rondo,1610612758,SAC,Sacramento Kings,0021500058,2015-11-03,SAC vs. MEM,L,27,2,10,0.2,0,1,0.0,1,4,0.25,1,5,6,4,1,0,2,1,5,-17,19.2,1,2015-16
22015,203463,Ben McLemore,1610612758,SAC,Sacramento Kings,0021500058,2015-11-03,SAC vs. MEM,L,20,1,5,0.2,0,2,0.0,0,0,,0,2,2,2,0,0,2,3,2,-12,5.4,1,2015-16
22015,2449,Luis Scola,1610612761,TOR,Toronto Raptors,0021500057,2015-11-03,TOR @ DAL,W,31,9,13,0.692,1,2,0.5,0,0,,2,10,12,1,2,0,0,2,19,15,40.9,1,2015-16
22015,202685,Jonas Valančiūnas,1610612761,TOR,Toronto Raptors,0021500057,2015-11-03,TOR @ DAL,W,34,6,10,0.6,0,0,,4,5,0.8,2,6,8,0,0,2,4,3,16,16,27.6,1,2015-16
22015,1626181,Norman Powell,1610612761,TOR,Toronto Raptors,0021500057,2015-11-03,TOR @ DAL,W,3,1,2,0.5,0,1,0.0,0,0,,0,1,1,0,0,0,0,1,2,-5,3.2,1,2015-16
22015,2754,Tony Allen,1610612763,MEM,Memphis Grizzlies,0021500058,2015-11-03,MEM @ SAC,W,20,2,3,0.667,1,1,1.0,0,0,,1,3,4,2,0,0,0,4,5,13,12.8,1,2015-16
22015,201148,Brandan Wright,1610612763,MEM,Memphis Grizzlies,0021500058,2015-11-03,MEM @ SAC,W,28,4,5,0.8,0,0,,2,7,0.286,1,5,6,3,0,4,1,3,10,2,32.7,1,2015-16
22015,201229,Anthony Tolliver,1610612765,DET,Detroit Pistons,0021500054,2015-11-03,DET vs. IND,L,13,0,2,0.0,0,2,0.0,0,0,,0,1,1,0,0,0,1,1,0,-12,0.2,1,2015-16
22015,203382,Aron Baynes,1610612765,DET,Detroit Pistons,0021500054,2015-11-03,DET vs. IND,L,5,0,1,0.0,0,0,,0,0,,0,0,0,0,0,0,0,0,0,-20,0.0,1,2015-16
22015,203484,Kentavious Caldwell-Pope,1610612765,DET,Detroit Pistons,0021500054,2015-11-03,DET vs. IND,L,42,4,13,0.308,0,3,0.0,4,5,0.8,0,5,5,5,1,0,2,3,12,5,26.5,1,2015-16
22015,2594,Kyle Korver,1610612737,ATL,Atlanta Hawks,0021500055,2015-11-03,ATL @ MIA,W,34,4,11,0.364,1,6,0.167,0,0,,0,3,3,3,1,0,3,1,9,11,17.1,1,2015-16
22015,201950,Jrue Holiday,1610612740,NOP,New Orleans Pelicans,0021500056,2015-11-03,NOP vs. ORL,L,23,4,13,0.308,2,3,0.667,4,6,0.667,0,2,2,4,2,1,3,0,14,8,28.4,1,2015-16
22015,1626171,Bobby Portis,1610612741,CHI,Chicago Bulls,0021500053,2015-11-03,CHI @ CHA,L,10,5,7,0.714,0,0,,0,0,,1,1,2,0,0,0,1,1,10,8,11.4,1,2015-16
22015,203939,Dwight Powell,1610612742,DAL,Dallas Mavericks,0021500057,2015-11-03,DAL vs. TOR,L,26,4,14,0.286,0,0,,2,2,1.0,1,9,10,3,2,0,0,2,10,13,32.5,1,2015-16
22015,1626147,Justin Anderson,1610612742,DAL,Dallas Mavericks,0021500057,2015-11-03,DAL vs. TOR,L,1,1,2,0.5,0,0,,0,0,,0,0,0,0,0,0,0,0,2,2,2.0,1,2015-16
22015,2034,Mike Miller,1610612743,DEN,Denver Nuggets,0021500059,2015-11-03,DEN @ LAL,W,8,3,4,0.75,3,4,0.75,0,0,,0,2,2,0,0,0,0,1,9,5,11.4,1,2015-16
22015,2749,Jameer Nelson,1610612743,DEN,Denver Nuggets,0021500059,2015-11-03,DEN @ LAL,W,26,1,7,0.143,0,3,0.0,2,2,1.0,0,4,4,9,0,0,3,4,4,9,19.3,1,2015-16
22015,201568,Danilo Gallinari,1610612743,DEN,Denver Nuggets,0021500059,2015-11-03,DEN @ LAL,W,35,6,12,0.5,0,0,,9,10,0.9,4,4,8,3,1,1,0,1,21,9,41.1,1,2015-16
22015,202702,Kenneth Faried,1610612743,DEN,Denver Nuggets,0021500059,2015-11-03,DEN @ LAL,W,40,10,13,0.769,0,0,,8,8,1.0,4,11,15,1,0,0,4,2,28,6,43.5,1,2015-16
22015,1626156,D'Angelo Russell,1610612747,LAL,Los Angeles Lakers,0021500059,2015-11-03,LAL vs. DEN,L,20,3,11,0.273,1,5,0.2,0,0,,0,2,2,6,0,0,1,4,7,-2,17.4,1,2015-16
22015,1626273,Marcelo Huertas,1610612747,LAL,Los Angeles Lakers,0021500059,2015-11-03,LAL vs. DEN,L,9,0,3,0.0,0,1,0.0,0,0,,0,1,1,1,0,0,1,3,0,-3,1.7,1,2015-16
22015,2548,Dwyane Wade,1610612748,MIA,Miami Heat,0021500055,2015-11-03,MIA vs. ATL,L,27,8,15,0.533,1,3,0.333,4,6,0.667,1,0,1,3,0,1,4,1,21,-6,25.7,1,2015-16
22015,204020,Tyler Johnson,1610612748,MIA,Miami Heat,0021500055,2015-11-03,MIA vs. ATL,L,21,3,6,0.5,0,1,0.0,1,2,0.5,1,1,2,1,2,0,1,1,7,-7,15.9,1,2015-16
22015,203095,Evan Fournier,1610612753,ORL,Orlando Magic,0021500056,2015-11-03,ORL @ NOP,W,43,12,20,0.6,4,9,0.444,2,2,1.0,0,5,5,4,2,0,2,2,30,7,46.0,1,2015-16
22015,203473,Dewayne Dedmon,1610612753,ORL,Orlando Magic,0021500056,2015-11-03,ORL @ NOP,W,12,3,5,0.6,0,0,,0,0,,0,4,4,0,0,1,0,1,6,10,13.8,1,2015-16
22015,203901,Elfrid Payton,1610612753,ORL,Orlando Magic,0021500056,2015-11-03,ORL @ NOP,W,29,4,12,0.333,0,2,0.0,0,0,,2,2,4,10,1,0,5,2,8,4,25.8,1,2015-16
22015,202331,Paul George,1610612754,IND,Indiana Pacers,0021500054,2015-11-03,IND @ DET,W,38,5,17,0.294,2,7,0.286,4,4,1.0,2,7,9,6,2,0,4,2,16,1,37.8,1,2015-16
22015,202730,Lavoy Allen,1610612754,IND,Indiana Pacers,0021500054,2015-11-03,IND @ DET,W,22,2,7,0.286,0,0,,0,0,,3,3,6,2,1,1,2,1,4,12,18.2,1,2015-16
22015,201956,Omri Casspi,1610612758,SAC,Sacramento Kings,0021500058,2015-11-03,SAC vs. MEM,L,23,1,7,0.143,1,2,0.5,1,4,0.25,1,2,3,2,2,0,2,2,4,2,14.6,1,2015-16
22015,202341,James Anderson,1610612758,SAC,Sacramento Kings,0021500058,2015-11-03,SAC vs. MEM,L,4,0,1,0.0,0,0,,3,4,0.75,0,1,1,0,1,0,0,0,3,5,7.2,1,2015-16
22015,202335,Patrick Patterson,1610612761,TOR,Toronto Raptors,0021500057,2015-11-03,TOR @ DAL,W,17,0,6,0.0,0,3,0.0,0,0,,1,4,5,0,1,0,0,1,0,-4,9.0,1,2015-16
22015,2440,Matt Barnes,1610612763,MEM,Memphis Grizzlies,0021500058,2015-11-03,MEM @ SAC,W,24,1,9,0.111,0,5,0.0,5,5,1.0,0,3,3,2,1,2,0,5,7,9,22.6,1,2015-16
22015,203210,JaMychal Green,1610612763,MEM,Memphis Grizzlies,0021500058,2015-11-03,MEM @ SAC,W,20,4,7,0.571,0,1,0.0,4,4,1.0,4,8,12,0,1,0,3,3,12,5,26.4,1,2015-16
22015,203893,Russ Smith,1610612763,MEM,Memphis Grizzlies,0021500058,2015-11-03,MEM @ SAC,W,3,0,1,0.0,0,1,0.0,2,2,1.0,0,0,0,0,0,0,0,0,2,-3,2.0,1,2015-16
22015,203493,Reggie Bullock Jr.,1610612765,DET,Detroit Pistons,0021500054,2015-11-03,DET vs. IND,L,4,0,2,0.0,0,1,0.0,0,0,,0,0,0,0,0,0,0,0,0,-16,0.0,1,2015-16
22015,1626169,Stanley Johnson,1610612765,DET,Detroit Pistons,0021500054,2015-11-03,DET vs. IND,L,12,0,5,0.0,0,1,0.0,0,2,0.0,1,2,3,2,0,0,1,4,0,-8,5.6,1,2015-16
22015,201150,Spencer Hawes,1610612766,CHA,Charlotte Hornets,0021500053,2015-11-03,CHA vs. CHI,W,20,5,6,0.833,3,3,1.0,0,0,,0,3,3,2,0,0,1,1,13,24,18.6,1,2015-16
22015,201587,Nicolas Batum,1610612766,CHA,Charlotte Hornets,0021500053,2015-11-03,CHA vs. CHI,W,28,4,11,0.364,1,2,0.5,9,9,1.0,0,8,8,3,0,0,1,1,18,17,31.1,1,2015-16
22015,202689,Kemba Walker,1610612766,CHA,Charlotte Hornets,0021500053,2015-11-03,CHA vs. CHI,W,26,6,12,0.5,1,2,0.5,0,0,,1,1,2,5,0,2,2,0,13,8,26.9,1,2015-16
22015,203798,PJ Hairston,1610612766,CHA,Charlotte Hornets,0021500053,2015-11-03,CHA vs. CHI,W,20,3,5,0.6,2,3,0.667,2,2,1.0,0,5,5,0,0,0,0,3,10,4,16.0,1,2015-16
22015,200794,Paul Millsap,1610612737,ATL,Atlanta Hawks,0021500055,2015-11-03,ATL @ MIA,W,36,4,12,0.333,0,3,0.0,4,8,0.5,4,6,10,3,3,1,1,3,12,0,39.5,1,2015-16
22015,203145,Kent Bazemore,1610612737,ATL,Atlanta Hawks,0021500055,2015-11-03,ATL @ MIA,W,32,4,8,0.5,2,3,0.667,0,0,,0,5,5,3,1,0,2,1,10,-8,21.5,1,2015-16
22015,203200,Justin Holiday,1610612737,ATL,Atlanta Hawks,0021500055,2015-11-03,ATL @ MIA,W,13,3,7,0.429,1,5,0.2,0,0,,0,2,2,1,1,0,1,1,7,4,12.9,1,2015-16
22015,203471,Dennis Schröder,1610612737,ATL,Atlanta Hawks,0021500055,2015-11-03,ATL @ MIA,W,16,1,6,0.167,0,0,,2,2,1.0,0,2,2,3,1,0,4,1,4,-12,9.9,1,2015-16
22015,2200,Pau Gasol,1610612741,CHI,Chicago Bulls,0021500053,2015-11-03,CHI @ CHA,L,23,6,11,0.545,0,1,0.0,1,2,0.5,1,7,8,3,0,0,0,0,13,-6,27.1,1,2015-16
22015,202734,E'Twaun Moore,1610612741,CHI,Chicago Bulls,0021500053,2015-11-03,CHI @ CHA,L,16,4,7,0.571,0,1,0.0,0,0,,0,0,0,1,0,0,1,1,8,-6,8.5,1,2015-16
22015,203503,Tony Snell,1610612741,CHI,Chicago Bulls,0021500053,2015-11-03,CHI @ CHA,L,25,0,4,0.0,0,0,,0,0,,0,2,2,4,1,0,1,2,0,-6,10.4,1,2015-16
22015,203926,Doug McDermott,1610612741,CHI,Chicago Bulls,0021500053,2015-11-03,CHI @ CHA,L,30,6,12,0.5,5,8,0.625,0,0,,0,4,4,3,1,0,0,2,17,-17,29.3,1,2015-16
22015,203946,Cameron Bairstow,1610612741,CHI,Chicago Bulls,0021500053,2015-11-03,CHI @ CHA,L,6,1,2,0.5,0,1,0.0,0,0,,0,1,1,0,0,0,0,1,2,5,3.2,1,2015-16
22015,101109,Raymond Felton,1610612742,DAL,Dallas Mavericks,0021500057,2015-11-03,DAL vs. TOR,L,19,3,6,0.5,0,0,,0,0,,0,2,2,0,0,0,3,2,6,-2,5.4,1,2015-16
22015,200826,J.J. Barea,1610612742,DAL,Dallas Mavericks,0021500057,2015-11-03,DAL vs. TOR,L,23,3,10,0.3,0,3,0.0,2,2,1.0,1,1,2,6,1,0,1,1,8,10,21.4,1,2015-16
22015,200751,Randy Foye,1610612743,DEN,Denver Nuggets,0021500059,2015-11-03,DEN @ LAL,W,16,3,7,0.429,0,3,0.0,0,0,,0,0,0,1,0,1,1,2,6,4,9.5,1,2015-16
22015,977,Kobe Bryant,1610612747,LAL,Los Angeles Lakers,0021500059,2015-11-03,LAL vs. DEN,L,29,4,11,0.364,1,5,0.2,2,3,0.667,1,1,2,5,2,0,1,5,11,-4,25.9,1,2015-16
22015,101138,Brandon Bass,1610612747,LAL,Los Angeles Lakers,0021500059,2015-11-03,LAL vs. DEN,L,19,0,4,0.0,0,0,,2,2,1.0,6,1,7,0,1,0,3,2,2,-8,10.4,1,2015-16
22015,201156,Nick Young,1610612747,LAL,Los Angeles Lakers,0021500059,2015-11-03,LAL vs. DEN,L,15,0,3,0.0,0,3,0.0,3,3,1.0,0,3,3,0,1,0,1,0,3,-6,8.6,1,2015-16
22015,2736,Luol Deng,1610612748,MIA,Miami Heat,0021500055,2015-11-03,MIA vs. ATL,L,25,2,9,0.222,0,4,0.0,0,0,,0,2,2,1,0,1,0,1,4,-5,10.9,1,2015-16
22015,201177,Josh McRoberts,1610612748,MIA,Miami Heat,0021500055,2015-11-03,MIA vs. ATL,L,10,0,2,0.0,0,2,0.0,0,0,,0,2,2,1,0,0,0,5,0,-6,3.9,1,2015-16
22015,1626209,Mario Hezonja,1610612753,ORL,Orlando Magic,0021500056,2015-11-03,ORL @ NOP,W,15,1,2,0.5,1,1,1.0,0,0,,0,2,2,1,0,0,3,0,3,4,3.9,1,2015-16
22015,101145,Monta Ellis,1610612754,IND,Indiana Pacers,0021500054,2015-11-03,IND @ DET,W,33,7,16,0.438,1,4,0.25,0,0,,1,2,3,3,3,0,3,4,15,1,29.1,1,2015-16
22015,201155,Rodney Stuckey,1610612754,IND,Indiana Pacers,0021500054,2015-11-03,IND @ DET,W,26,9,14,0.643,0,1,0.0,5,6,0.833,0,4,4,2,1,0,2,2,23,16,31.8,1,2015-16
22015,2406,Caron Butler,1610612758,SAC,Sacramento Kings,0021500058,2015-11-03,SAC vs. MEM,L,10,1,2,0.5,0,1,0.0,0,0,,1,2,3,0,0,0,1,0,2,-7,4.6,1,2015-16
22015,201158,Marco Belinelli,1610612758,SAC,Sacramento Kings,0021500058,2015-11-03,SAC vs. MEM,L,25,3,9,0.333,2,6,0.333,4,6,0.667,0,0,0,3,0,0,1,3,12,-6,15.5,1,2015-16
22015,201954,Darren Collison,1610612758,SAC,Sacramento Kings,0021500058,2015-11-03,SAC vs. MEM,L,31,4,10,0.4,3,4,0.75,7,8,0.875,0,1,1,1,1,0,1,1,18,-9,22.7,1,2015-16
22015,203961,Eric Moreland,1610612758,SAC,Sacramento Kings,0021500058,2015-11-03,SAC vs. MEM,L,4,0,1,0.0,0,0,,0,2,0.0,0,1,1,0,0,0,0,0,0,5,1.2,1,2015-16
22015,200768,Kyle Lowry,1610612761,TOR,Toronto Raptors,0021500057,2015-11-03,TOR @ DAL,W,37,9,15,0.6,4,5,0.8,5,5,1.0,0,5,5,10,3,2,4,4,27,25,59.0,1,2015-16
22015,201942,DeMar DeRozan,1610612761,TOR,Toronto Raptors,0021500057,2015-11-03,TOR @ DAL,W,28,6,13,0.462,0,0,,8,8,1.0,1,3,4,2,1,0,3,3,20,12,27.8,1,2015-16
22015,2757,Beno Udrih,1610612763,MEM,Memphis Grizzlies,0021500058,2015-11-03,MEM @ SAC,W,21,3,7,0.429,0,2,0.0,0,0,,0,0,0,3,1,0,3,5,6,-1,10.5,1,2015-16
22015,201145,Jeff Green,1610612763,MEM,Memphis Grizzlies,0021500058,2015-11-03,MEM @ SAC,W,22,2,8,0.25,1,4,0.25,0,0,,1,3,4,2,0,0,1,2,5,6,11.8,1,2015-16
22015,201188,Marc Gasol,1610612763,MEM,Memphis Grizzlies,0021500058,2015-11-03,MEM @ SAC,W,18,4,8,0.5,0,0,,0,0,,0,2,2,2,0,1,1,1,8,7,15.4,1,2015-16
22015,101141,Ersan Ilyasova,1610612765,DET,Detroit Pistons,0021500054,2015-11-03,DET vs. IND,L,35,5,13,0.385,2,4,0.5,0,0,,4,0,4,0,1,0,0,0,12,0,19.8,1,2015-16
22015,202694,Marcus Morris Sr.,1610612765,DET,Detroit Pistons,0021500054,2015-11-03,DET vs. IND,L,39,3,11,0.273,1,6,0.167,4,4,1.0,3,4,7,0,2,2,4,2,11,-5,27.4,1,2015-16
22015,101107,Marvin Williams,1610612766,CHA,Charlotte Hornets,0021500053,2015-11-03,CHA vs. CHI,W,25,2,6,0.333,0,2,0.0,0,0,,2,8,10,3,0,0,0,0,4,22,20.5,1,2015-16
22015,202391,Jeremy Lin,1610612766,CHA,Charlotte Hornets,0021500053,2015-11-03,CHA vs. CHI,W,19,4,8,0.5,2,2,1.0,5,5,1.0,1,4,5,4,0,1,1,1,15,21,29.0,1,2015-16
22015,202710,Jimmy Butler III,1610612741,CHI,Chicago Bulls,0021500053,2015-11-03,CHI @ CHA,L,32,10,16,0.625,4,6,0.667,2,5,0.4,0,1,1,1,2,0,0,2,26,-19,34.7,1,2015-16
22015,203944,Julius Randle,1610612747,LAL,Los Angeles Lakers,0021500059,2015-11-03,LAL vs. DEN,L,32,7,14,0.5,0,0,,2,3,0.667,0,5,5,2,1,1,2,2,16,-7,29.0,1,2015-16
22015,203552,Seth Curry,1610612758,SAC,Sacramento Kings,0021500058,2015-11-03,SAC vs. MEM,L,3,2,2,1.0,0,0,,0,0,,0,0,0,1,0,0,0,0,4,5,5.5,1,2015-16
22015,203915,Spencer Dinwiddie,1610612765,DET,Detroit Pistons,0021500054,2015-11-03,DET vs. IND,L,7,1,1,1.0,0,0,,0,2,0.0,0,1,1,0,0,0,2,3,2,0,1.2,1,2015-16
22015,203087,Jeremy Lamb,1610612766,CHA,Charlotte Hornets,0021500053,2015-11-03,CHA vs. CHI,W,26,9,10,0.9,2,3,0.667,0,1,0.0,0,4,4,3,2,0,1,0,20,22,34.3,1,2015-16
22015,203934,Lamar Patterson,1610612737,ATL,Atlanta Hawks,0021500062,2015-11-04,ATL vs. BKN,W,2,0,1,0.0,0,1,0.0,0,0,,0,0,0,0,0,0,0,0,0,0,0.0,1,2015-16
22015,202738,Isaiah Thomas,1610612738,BOS,Boston Celtics,0021500060,2015-11-04,BOS @ IND,L,36,9,19,0.474,4,7,0.571,5,5,1.0,1,0,1,7,2,0,5,1,27,1,39.7,1,2015-16
22015,1626179,Terry Rozier,1610612738,BOS,Boston Celtics,0021500060,2015-11-04,BOS @ IND,L,6,0,4,0.0,0,1,0.0,0,0,,1,4,5,0,0,0,2,1,0,0,4.0,1,2015-16
22015,2592,James Jones,1610612739,CLE,Cleveland Cavaliers,0021500063,2015-11-04,CLE vs. NYK,W,11,1,3,0.333,0,2,0.0,3,3,1.0,0,0,0,0,0,0,0,1,5,-3,5.0,1,2015-16
22015,203521,Matthew Dellavedova,1610612739,CLE,Cleveland Cavaliers,0021500063,2015-11-04,CLE vs. NYK,W,27,2,7,0.286,1,1,1.0,0,0,,1,2,3,7,0,0,3,2,5,13,16.1,1,2015-16
22015,2733,Shaun Livingston,1610612744,GSW,Golden State Warriors,0021500069,2015-11-04,GSW vs. LAC,W,17,2,5,0.4,0,0,,0,0,,1,2,3,3,0,0,2,4,4,-9,10.1,1,2015-16
22015,2738,Andre Iguodala,1610612744,GSW,Golden State Warriors,0021500069,2015-11-04,GSW vs. LAC,W,32,2,7,0.286,0,4,0.0,2,4,0.5,1,4,5,5,1,0,1,3,6,9,21.5,1,2015-16
22015,201578,Marreese Speights,1610612744,GSW,Golden State Warriors,0021500069,2015-11-04,GSW vs. LAC,W,15,2,7,0.286,0,0,,3,4,0.75,0,5,5,0,0,1,1,0,7,-2,15.0,1,2015-16
22015,201939,Stephen Curry,1610612744,GSW,Golden State Warriors,0021500069,2015-11-04,GSW vs. LAC,W,33,8,17,0.471,7,11,0.636,8,9,0.889,0,5,5,4,1,0,0,3,31,7,46.0,1,2015-16
22015,203105,Festus Ezeli,1610612744,GSW,Golden State Warriors,0021500069,2015-11-04,GSW vs. LAC,W,23,6,8,0.75,0,0,,0,1,0.0,1,3,4,2,0,2,0,3,12,-10,25.8,1,2015-16
22015,203110,Draymond Green,1610612744,GSW,Golden State Warriors,0021500069,2015-11-04,GSW vs. LAC,W,39,3,11,0.273,1,6,0.167,3,4,0.75,2,3,5,5,2,0,3,5,10,1,26.5,1,2015-16
22015,203949,James Michael McAdoo,1610612744,GSW,Golden State Warriors,0021500069,2015-11-04,GSW vs. LAC,W,0,0,0,,0,0,,0,0,,0,0,0,0,0,0,0,0,0,0,0.0,1,2015-16
22015,203142,Chris Copeland,1610612749,MIL,Milwaukee Bucks,0021500065,2015-11-04,MIL vs. PHI,W,10,3,9,0.333,1,7,0.143,1,1,1.0,0,0,0,2,0,0,0,0,8,10,11.0,1,2015-16
22015,203948,Johnny O'Bryant III,1610612749,MIL,Milwaukee Bucks,0021500065,2015-11-04,MIL vs. PHI,W,12,1,3,0.333,0,0,,0,1,0.0,3,1,4,1,0,1,0,1,2,0,11.3,1,2015-16
22015,200745,Andrea Bargnani,1610612751,BKN,Brooklyn Nets,0021500062,2015-11-04,BKN @ ATL,L,10,2,2,1.0,0,0,,0,0,,0,0,0,0,0,0,2,3,4,-8,2.0,1,2015-16
22015,203499,Shane Larkin,1610612751,BKN,Brooklyn Nets,0021500062,2015-11-04,BKN @ ATL,L,17,1,3,0.333,0,0,,2,2,1.0,0,2,2,2,0,0,4,2,4,-8,5.4,1,2015-16
22015,204038,Langston Galloway,1610612752,NYK,New York Knicks,0021500063,2015-11-04,NYK @ CLE,L,29,4,9,0.444,3,5,0.6,1,2,0.5,2,2,4,0,2,0,1,1,12,-22,21.8,1,2015-16
22015,201160,Jason Smith,1610612753,ORL,Orlando Magic,0021500064,2015-11-04,ORL @ HOU,L,10,4,5,0.8,0,0,,0,0,,0,0,0,0,0,1,1,1,8,-2,10.0,1,2015-16
22015,201228,C.J. Watson,1610612753,ORL,Orlando Magic,0021500064,2015-11-04,ORL @ HOU,L,20,3,5,0.6,1,2,0.5,0,0,,0,0,0,6,4,0,2,1,7,7,26.0,1,2015-16
22015,203506,Victor Oladipo,1610612753,ORL,Orlando Magic,0021500064,2015-11-04,ORL @ HOU,L,44,7,16,0.438,1,5,0.2,3,3,1.0,0,7,7,3,2,0,1,2,18,0,35.9,1,2015-16
22015,203901,Elfrid Payton,1610612753,ORL,Orlando Magic,0021500064,2015-11-04,ORL @ HOU,L,29,2,8,0.25,1,1,1.0,0,0,,1,1,2,7,2,1,3,4,5,-13,23.9,1,2015-16
22015,1626167,Myles Turner,1610612754,IND,Indiana Pacers,0021500060,2015-11-04,IND vs. BOS,W,18,2,6,0.333,0,0,,3,4,0.75,3,1,4,1,0,1,0,1,7,0,16.3,1,2015-16
22015,203457,Nerlens Noel,1610612755,PHI,Philadelphia 76ers,0021500065,2015-11-04,PHI @ MIL,L,33,8,16,0.5,0,0,,1,2,0.5,5,7,12,1,1,1,3,5,17,9,35.9,1,2015-16
22015,203924,Jerami Grant,1610612755,PHI,Philadelphia 76ers,0021500065,2015-11-04,PHI @ MIL,L,23,3,9,0.333,0,3,0.0,2,2,1.0,1,6,7,3,0,4,0,2,8,22,32.9,1,2015-16
22015,202693,Markieff Morris,1610612756,PHX,Phoenix Suns,0021500067,2015-11-04,PHX vs. SAC,W,25,4,8,0.5,0,1,0.0,3,3,1.0,0,3,3,3,0,1,0,0,11,12,22.1,1,2015-16
22015,203933,T.J. Warren,1610612756,PHX,Phoenix Suns,0021500067,2015-11-04,PHX vs. SAC,W,27,6,9,0.667,1,2,0.5,0,0,,0,4,4,2,1,0,1,1,13,15,22.8,1,2015-16
22015,203468,CJ McCollum,1610612757,POR,Portland Trail Blazers,0021500068,2015-11-04,POR @ UTA,W,35,10,13,0.769,3,5,0.6,4,6,0.667,0,1,1,4,0,0,3,2,27,21,31.2,1,2015-16
22015,201585,Kosta Koufos,1610612758,SAC,Sacramento Kings,0021500067,2015-11-04,SAC @ PHX,L,28,8,11,0.727,0,0,,0,0,,4,3,7,0,1,2,1,5,16,-15,32.4,1,2015-16
22015,201956,Omri Casspi,1610612758,SAC,Sacramento Kings,0021500067,2015-11-04,SAC @ PHX,L,20,2,5,0.4,2,2,1.0,2,4,0.5,0,4,4,1,1,0,2,0,8,-21,15.3,1,2015-16
22015,202341,James Anderson,1610612758,SAC,Sacramento Kings,0021500067,2015-11-04,SAC @ PHX,L,25,5,15,0.333,4,10,0.4,1,1,1.0,0,0,0,2,2,0,3,1,15,-13,21.0,1,2015-16
22015,2225,Tony Parker,1610612759,SAS,San Antonio Spurs,0021500061,2015-11-04,SAS @ WAS,L,30,6,11,0.545,1,1,1.0,4,5,0.8,0,2,2,4,1,0,3,1,17,-18,25.4,1,2015-16
22015,2564,Boris Diaw,1610612759,SAS,San Antonio Spurs,0021500061,2015-11-04,SAS @ WAS,L,15,0,1,0.0,0,1,0.0,1,2,0.5,0,1,1,3,0,0,0,0,1,18,6.7,1,2015-16
22015,201142,Kevin Durant,1610612760,OKC,Oklahoma City Thunder,0021500066,2015-11-04,OKC vs. TOR,L,38,10,18,0.556,2,5,0.4,5,6,0.833,0,7,7,4,2,3,1,1,27,3,55.4,1,2015-16
22015,201571,D.J. Augustin,1610612760,OKC,Oklahoma City Thunder,0021500066,2015-11-04,OKC vs. TOR,L,13,0,0,,0,0,,0,0,,0,0,0,3,0,0,4,2,0,-8,0.5,1,2015-16
22015,202683,Enes Freedom,1610612760,OKC,Oklahoma City Thunder,0021500066,2015-11-04,OKC vs. TOR,L,17,7,11,0.636,1,1,1.0,0,0,,2,4,6,1,0,0,1,2,15,-1,22.7,1,2015-16
22015,202709,Cory Joseph,1610612761,TOR,Toronto Raptors,0021500066,2015-11-04,TOR @ OKC,W,26,4,7,0.571,0,0,,1,2,0.5,1,3,4,3,3,0,1,0,9,22,26.3,1,2015-16
22015,203082,Terrence Ross,1610612761,TOR,Toronto Raptors,0021500066,2015-11-04,TOR @ OKC,W,14,1,4,0.25,1,3,0.333,0,0,,0,2,2,0,0,0,1,0,3,5,4.4,1,2015-16
22015,203497,Rudy Gobert,1610612762,UTA,Utah Jazz,0021500068,2015-11-04,UTA vs. POR,L,30,4,6,0.667,0,0,,0,2,0.0,5,4,9,0,1,4,2,3,8,-20,31.8,1,2015-16
22015,203526,Raul Neto,1610612762,UTA,Utah Jazz,0021500068,2015-11-04,UTA vs. POR,L,15,2,5,0.4,2,5,0.4,0,0,,1,2,3,0,1,0,1,0,6,-10,11.6,1,2015-16
22015,101162,Marcin Gortat,1610612764,WAS,Washington Wizards,0021500061,2015-11-04,WAS vs. SAS,W,28,4,9,0.444,0,0,,2,2,1.0,0,8,8,1,0,1,3,3,10,4,21.1,1,2015-16
22015,201952,Jeff Teague,1610612737,ATL,Atlanta Hawks,0021500062,2015-11-04,ATL vs. BKN,W,28,4,8,0.5,0,2,0.0,8,10,0.8,0,1,1,6,3,1,2,2,16,-3,36.2,1,2015-16
22015,202714,Shelvin Mack,1610612737,ATL,Atlanta Hawks,0021500062,2015-11-04,ATL vs. BKN,W,8,0,2,0.0,0,0,,0,0,,0,2,2,0,0,0,2,1,0,0,0.4,1,2015-16
22015,203145,Kent Bazemore,1610612737,ATL,Atlanta Hawks,0021500062,2015-11-04,ATL vs. BKN,W,27,3,6,0.5,2,3,0.667,0,0,,0,4,4,3,3,2,1,3,8,7,31.3,1,2015-16
22015,201973,Jonas Jerebko,1610612738,BOS,Boston Celtics,0021500060,2015-11-04,BOS @ IND,L,16,2,2,1.0,0,0,,0,0,,1,3,4,0,0,0,1,2,4,-1,7.8,1,2015-16
22015,202340,Avery Bradley,1610612738,BOS,Boston Celtics,0021500060,2015-11-04,BOS @ IND,L,35,8,16,0.5,3,8,0.375,2,2,1.0,2,3,5,3,1,0,2,3,21,-8,32.5,1,2015-16
22015,203084,Harrison Barnes,1610612744,GSW,Golden State Warriors,0021500069,2015-11-04,GSW vs. LAC,W,36,5,8,0.625,2,3,0.667,5,5,1.0,2,7,9,3,0,1,2,1,17,14,33.3,1,2015-16
22015,1891,Jason Terry,1610612745,HOU,Houston Rockets,0021500064,2015-11-04,HOU vs. ORL,W,9,1,1,1.0,0,0,,0,0,,0,2,2,3,0,0,0,1,2,-7,8.9,1,2015-16
22015,201951,Ty Lawson,1610612745,HOU,Houston Rockets,0021500064,2015-11-04,HOU vs. ORL,W,41,5,14,0.357,2,7,0.286,4,4,1.0,1,3,4,8,1,0,5,1,16,15,30.8,1,2015-16
22015,201976,Patrick Beverley,1610612745,HOU,Houston Rockets,0021500064,2015-11-04,HOU vs. ORL,W,12,1,4,0.25,1,2,0.5,0,0,,0,2,2,0,1,0,0,2,3,0,8.4,1,2015-16
22015,201977,Marcus Thornton,1610612745,HOU,Houston Rockets,0021500064,2015-11-04,HOU vs. ORL,W,29,8,14,0.571,2,5,0.4,0,0,,2,1,3,3,1,0,1,0,18,-3,28.1,1,2015-16
22015,203991,Clint Capela,1610612745,HOU,Houston Rockets,0021500064,2015-11-04,HOU vs. ORL,W,19,4,5,0.8,0,0,,0,0,,3,2,5,1,1,1,0,1,8,8,21.5,1,2015-16
22015,101108,Chris Paul,1610612746,LAC,LA Clippers,0021500069,2015-11-04,LAC @ GSW,L,31,9,15,0.6,1,3,0.333,5,7,0.714,0,3,3,9,3,0,2,4,24,-2,48.1,1,2015-16
22015,200755,JJ Redick,1610612746,LAC,LA Clippers,0021500069,2015-11-04,LAC @ GSW,L,29,5,8,0.625,3,4,0.75,0,0,,0,1,1,3,0,0,1,1,13,4,17.7,1,2015-16
22015,201599,DeAndre Jordan,1610612746,LAC,LA Clippers,0021500069,2015-11-04,LAC @ GSW,L,34,5,7,0.714,0,0,,1,4,0.25,5,8,13,1,0,2,3,3,11,10,31.1,1,2015-16
22015,202362,Lance Stephenson,1610612746,LAC,LA Clippers,0021500069,2015-11-04,LAC @ GSW,L,23,2,5,0.4,2,2,1.0,1,2,0.5,0,5,5,3,0,0,1,3,7,15,16.5,1,2015-16
22015,203114,Khris Middleton,1610612749,MIL,Milwaukee Bucks,0021500065,2015-11-04,MIL vs. PHI,W,36,7,20,0.35,3,7,0.429,4,4,1.0,1,2,3,3,1,0,1,2,21,7,31.1,1,2015-16
22015,203898,Tyler Ennis,1610612749,MIL,Milwaukee Bucks,0021500065,2015-11-04,MIL vs. PHI,W,8,1,2,0.5,0,0,,0,0,,0,2,2,1,0,0,1,2,2,-7,4.9,1,2015-16
22015,2207,Joe Johnson,1610612751,BKN,Brooklyn Nets,0021500062,2015-11-04,BKN @ ATL,L,30,1,10,0.1,0,3,0.0,3,4,0.75,2,4,6,6,0,0,1,1,5,-3,20.2,1,2015-16
22015,101181,Jose Calderon,1610612752,NYK,New York Knicks,0021500063,2015-11-04,NYK @ CLE,L,29,1,5,0.2,0,1,0.0,0,0,,1,2,3,5,0,0,1,0,2,0,12.1,1,2015-16
22015,203124,Kyle O'Quinn,1610612752,NYK,New York Knicks,0021500063,2015-11-04,NYK @ CLE,L,19,4,6,0.667,0,1,0.0,0,0,,1,4,5,1,1,2,2,3,8,-4,22.5,1,2015-16
22015,201155,Rodney Stuckey,1610612754,IND,Indiana Pacers,0021500060,2015-11-04,IND vs. BOS,W,27,3,10,0.3,1,1,1.0,0,0,,2,3,5,0,0,0,1,3,7,-5,12.0,1,2015-16
22015,203138,Hollis Thompson,1610612755,PHI,Philadelphia 76ers,0021500065,2015-11-04,PHI @ MIL,L,28,3,7,0.429,1,4,0.25,0,0,,1,3,4,1,1,1,5,2,7,-22,14.3,1,2015-16
22015,203477,Isaiah Canaan,1610612755,PHI,Philadelphia 76ers,0021500065,2015-11-04,PHI @ MIL,L,15,0,4,0.0,0,3,0.0,3,3,1.0,0,1,1,1,1,1,1,2,3,-16,10.7,1,2015-16
22015,101179,Ronnie Price,1610612756,PHX,Phoenix Suns,0021500067,2015-11-04,PHX vs. SAC,W,17,2,4,0.5,2,3,0.667,0,0,,0,0,0,1,3,0,1,1,6,10,15.5,1,2015-16
22015,203141,Mirza Teletovic,1610612756,PHX,Phoenix Suns,0021500067,2015-11-04,PHX vs. SAC,W,6,1,1,1.0,1,1,1.0,0,0,,0,2,2,2,1,0,0,0,3,-3,11.4,1,2015-16
22015,203458,Alex Len,1610612756,PHX,Phoenix Suns,0021500067,2015-11-04,PHX vs. SAC,W,22,7,12,0.583,0,0,,2,3,0.667,4,3,7,1,1,0,4,2,16,12,24.9,1,2015-16
22015,203462,Archie Goodwin,1610612756,PHX,Phoenix Suns,0021500067,2015-11-04,PHX vs. SAC,W,4,1,1,1.0,0,0,,0,0,,0,0,0,0,0,0,1,0,2,1,1.0,1,2015-16
22015,203086,Meyers Leonard,1610612757,POR,Portland Trail Blazers,0021500068,2015-11-04,POR @ UTA,W,11,1,2,0.5,0,1,0.0,0,0,,0,0,0,0,0,2,0,1,2,-1,8.0,1,2015-16
22015,203943,Noah Vonleh,1610612757,POR,Portland Trail Blazers,0021500068,2015-11-04,POR @ UTA,W,13,0,3,0.0,0,2,0.0,1,2,0.5,0,0,0,0,0,0,1,3,1,4,0.0,1,2015-16
22015,200752,Rudy Gay,1610612758,SAC,Sacramento Kings,0021500067,2015-11-04,SAC @ PHX,L,30,4,13,0.308,0,1,0.0,1,2,0.5,2,6,8,3,2,1,1,5,9,-7,31.1,1,2015-16
22015,200765,Rajon Rondo,1610612758,SAC,Sacramento Kings,0021500067,2015-11-04,SAC @ PHX,L,29,4,10,0.4,1,2,0.5,0,2,0.0,0,3,3,6,1,0,2,2,9,-18,22.6,1,2015-16
22015,201954,Darren Collison,1610612758,SAC,Sacramento Kings,0021500067,2015-11-04,SAC @ PHX,L,32,6,10,0.6,0,0,,1,2,0.5,0,1,1,6,0,0,4,2,13,-10,19.2,1,2015-16
22015,203112,Quincy Acy,1610612758,SAC,Sacramento Kings,0021500067,2015-11-04,SAC @ PHX,L,4,0,0,,0,0,,0,0,,0,1,1,1,0,0,0,0,0,-1,2.7,1,2015-16
22015,203961,Eric Moreland,1610612758,SAC,Sacramento Kings,0021500067,2015-11-04,SAC @ PHX,L,3,0,0,,0,0,,0,0,,1,0,1,0,0,0,0,0,0,-1,1.2,1,2015-16
22015,1626161,Willie Cauley-Stein,1610612758,SAC,Sacramento Kings,0021500067,2015-11-04,SAC @ PHX,L,16,0,0,,0,0,,0,0,,0,4,4,0,0,1,0,1,0,-5,7.8,1,2015-16
22015,201566,Russell Westbrook,1610612760,OKC,Oklahoma City Thunder,0021500066,2015-11-04,OKC vs. TOR,L,35,8,21,0.381,3,9,0.333,3,4,0.75,0,5,5,16,2,0,8,4,22,3,50.0,1,2015-16
22015,201942,DeMar DeRozan,1610612761,TOR,Toronto Raptors,0021500066,2015-11-04,TOR @ OKC,W,39,7,18,0.389,0,0,,14,15,0.933,1,4,5,3,2,0,2,1,28,2,42.5,1,2015-16
22015,202687,Bismack Biyombo,1610612761,TOR,Toronto Raptors,0021500066,2015-11-04,TOR @ OKC,W,19,2,4,0.5,0,0,,3,6,0.5,3,2,5,0,0,1,2,2,7,-1,14.0,1,2015-16
22015,202324,Derrick Favors,1610612762,UTA,Utah Jazz,0021500068,2015-11-04,UTA vs. POR,L,25,2,7,0.286,0,0,,2,6,0.333,4,6,10,1,4,2,1,4,6,-3,36.5,1,2015-16
22015,202407,Elijah Millsap,1610612762,UTA,Utah Jazz,0021500068,2015-11-04,UTA vs. POR,L,6,0,2,0.0,0,1,0.0,0,0,,0,0,0,0,0,1,1,2,0,2,2.0,1,2015-16
22015,202692,Alec Burks,1610612762,UTA,Utah Jazz,0021500068,2015-11-04,UTA vs. POR,L,32,5,13,0.385,0,2,0.0,11,15,0.733,1,3,4,1,1,0,0,3,21,-5,30.3,1,2015-16
22015,203187,Chris Johnson,1610612762,UTA,Utah Jazz,0021500068,2015-11-04,UTA vs. POR,L,1,0,1,0.0,0,1,0.0,0,0,,0,0,0,0,0,0,0,0,0,-3,0.0,1,2015-16
22015,203504,Trey Burke,1610612762,UTA,Utah Jazz,0021500068,2015-11-04,UTA vs. POR,L,26,7,13,0.538,1,4,0.25,2,2,1.0,1,1,2,0,1,0,2,1,17,-4,20.4,1,2015-16
22015,203918,Rodney Hood,1610612762,UTA,Utah Jazz,0021500068,2015-11-04,UTA vs. POR,L,23,4,10,0.4,0,3,0.0,2,2,1.0,1,1,2,4,1,0,0,4,10,-16,21.4,1,2015-16
22015,204060,Joe Ingles,1610612762,UTA,Utah Jazz,0021500068,2015-11-04,UTA vs. POR,L,21,2,3,0.667,1,2,0.5,0,0,,1,4,5,2,1,0,0,1,5,-4,17.0,1,2015-16
22015,202390,Gary Neal,1610612764,WAS,Washington Wizards,0021500061,2015-11-04,WAS vs. SAS,W,16,4,6,0.667,1,1,1.0,0,0,,0,0,0,0,0,0,0,1,9,-10,9.0,1,2015-16
22015,203490,Otto Porter Jr.,1610612764,WAS,Washington Wizards,0021500061,2015-11-04,WAS vs. SAS,W,38,8,10,0.8,1,1,1.0,2,2,1.0,1,1,2,2,0,1,1,1,19,12,26.4,1,2015-16
22015,201168,Tiago Splitter,1610612737,ATL,Atlanta Hawks,0021500062,2015-11-04,ATL vs. BKN,W,20,4,7,0.571,0,0,,0,0,,1,2,3,2,1,0,2,4,8,21,15.6,1,2015-16
22015,101161,Amir Johnson,1610612738,BOS,Boston Celtics,0021500060,2015-11-04,BOS @ IND,L,21,0,2,0.0,0,1,0.0,2,2,1.0,0,4,4,1,0,0,2,3,2,-4,6.3,1,2015-16
22015,2210,Richard Jefferson,1610612739,CLE,Cleveland Cavaliers,0021500063,2015-11-04,CLE vs. NYK,W,35,2,6,0.333,1,5,0.2,4,6,0.667,0,4,4,3,0,0,1,2,9,1,17.3,1,2015-16
22015,203099,Jared Cunningham,1610612739,CLE,Cleveland Cavaliers,0021500063,2015-11-04,CLE vs. NYK,W,10,0,0,,0,0,,1,4,0.25,0,0,0,0,0,0,0,1,1,-1,1.0,1,2015-16
22015,2571,Leandro Barbosa,1610612744,GSW,Golden State Warriors,0021500069,2015-11-04,GSW vs. LAC,W,13,4,4,1.0,0,0,,1,2,0.5,1,0,1,1,0,0,1,1,9,8,10.7,1,2015-16
22015,202691,Klay Thompson,1610612744,GSW,Golden State Warriors,0021500069,2015-11-04,GSW vs. LAC,W,32,7,18,0.389,0,2,0.0,2,2,1.0,1,4,5,5,2,1,2,2,16,2,36.5,1,2015-16
22015,2772,Trevor Ariza,1610612745,HOU,Houston Rockets,0021500064,2015-11-04,HOU vs. ORL,W,41,6,11,0.545,4,7,0.571,3,4,0.75,0,7,7,2,3,0,3,3,19,4,36.4,1,2015-16
22015,1626149,Montrezl Harrell,1610612745,HOU,Houston Rockets,0021500064,2015-11-04,HOU vs. ORL,W,3,0,0,,0,0,,0,0,,0,0,0,0,0,0,0,0,0,-6,0.0,1,2015-16
22015,2746,Josh Smith,1610612746,LAC,LA Clippers,0021500069,2015-11-04,LAC @ GSW,L,13,2,4,0.5,1,2,0.5,0,0,,1,1,2,1,1,0,2,2,5,-12,9.9,1,2015-16
22015,202328,Greg Monroe,1610612749,MIL,Milwaukee Bucks,0021500065,2015-11-04,MIL vs. PHI,W,36,7,14,0.5,0,0,,4,5,0.8,2,6,8,4,3,0,2,3,18,6,40.6,1,2015-16
22015,203507,Giannis Antetokounmpo,1610612749,MIL,Milwaukee Bucks,0021500065,2015-11-04,MIL vs. PHI,W,41,7,11,0.636,1,1,1.0,2,3,0.667,0,5,5,3,1,1,3,2,17,0,30.5,1,2015-16
22015,101127,Jarrett Jack,1610612751,BKN,Brooklyn Nets,0021500062,2015-11-04,BKN @ ATL,L,27,3,10,0.3,0,2,0.0,0,0,,2,3,5,5,0,1,2,5,6,-3,20.5,1,2015-16
22015,203080,Thomas Robinson,1610612751,BKN,Brooklyn Nets,0021500062,2015-11-04,BKN @ ATL,L,10,0,1,0.0,0,0,,0,0,,0,1,1,0,1,1,0,0,0,-8,7.2,1,2015-16
22015,203508,Sergey Karasev,1610612751,BKN,Brooklyn Nets,0021500062,2015-11-04,BKN @ ATL,L,2,0,1,0.0,0,1,0.0,0,0,,0,0,0,0,0,0,0,0,0,0,0.0,1,2015-16
22015,1626178,Rondae Hollis-Jefferson,1610612751,BKN,Brooklyn Nets,0021500062,2015-11-04,BKN @ ATL,L,11,0,2,0.0,0,0,,0,0,,0,3,3,1,3,0,0,0,0,13,14.1,1,2015-16
22015,2546,Carmelo Anthony,1610612752,NYK,New York Knicks,0021500063,2015-11-04,NYK @ CLE,L,37,6,18,0.333,2,5,0.4,3,4,0.75,2,10,12,4,1,2,1,4,17,-11,45.4,1,2015-16
22015,202498,Lance Thomas,1610612752,NYK,New York Knicks,0021500063,2015-11-04,NYK @ CLE,L,15,1,3,0.333,0,0,,0,1,0.0,1,0,1,1,0,0,1,3,2,-10,3.7,1,2015-16
22015,1626209,Mario Hezonja,1610612753,ORL,Orlando Magic,0021500064,2015-11-04,ORL @ HOU,L,11,0,1,0.0,0,0,,0,0,,0,0,0,0,0,0,1,1,0,-9,-1.0,1,2015-16
22015,101145,Monta Ellis,1610612754,IND,Indiana Pacers,0021500060,2015-11-04,IND vs. BOS,W,33,5,15,0.333,1,4,0.25,2,2,1.0,1,4,5,8,1,0,3,2,13,15,31.0,1,2015-16
22015,201941,Jordan Hill,1610612754,IND,Indiana Pacers,0021500060,2015-11-04,IND vs. BOS,W,29,7,14,0.5,0,0,,2,2,1.0,4,6,10,0,2,0,2,2,16,0,32.0,1,2015-16
22015,201978,Chase Budinger,1610612754,IND,Indiana Pacers,0021500060,2015-11-04,IND vs. BOS,W,19,2,6,0.333,0,3,0.0,0,0,,1,3,4,1,1,0,1,1,4,-4,12.3,1,2015-16
22015,203515,Phil Pressey,1610612755,PHI,Philadelphia 76ers,0021500065,2015-11-04,PHI @ MIL,L,3,0,0,,0,0,,0,0,,0,1,1,1,0,0,0,0,0,6,2.7,1,2015-16
22015,203917,Nik Stauskas,1610612755,PHI,Philadelphia 76ers,0021500065,2015-11-04,PHI @ MIL,L,35,5,19,0.263,3,14,0.214,1,1,1.0,1,6,7,4,0,0,4,1,14,17,24.4,1,2015-16
22015,202339,Eric Bledsoe,1610612756,PHX,Phoenix Suns,0021500067,2015-11-04,PHX vs. SAC,W,33,8,18,0.444,2,4,0.5,1,3,0.333,0,6,6,8,4,1,4,0,19,25,49.2,1,2015-16
22015,202334,Ed Davis,1610612757,POR,Portland Trail Blazers,0021500068,2015-11-04,POR @ UTA,W,19,1,3,0.333,0,0,,0,2,0.0,2,4,6,1,0,0,0,5,2,-3,10.7,1,2015-16
22015,203081,Damian Lillard,1610612757,POR,Portland Trail Blazers,0021500068,2015-11-04,POR @ UTA,W,40,14,27,0.519,5,11,0.455,2,2,1.0,0,4,4,3,1,0,6,3,35,10,41.3,1,2015-16
22015,203459,Allen Crabbe,1610612757,POR,Portland Trail Blazers,0021500068,2015-11-04,POR @ UTA,W,21,0,3,0.0,0,2,0.0,1,2,0.5,2,1,3,0,0,0,0,1,1,7,4.6,1,2015-16
22015,203486,Mason Plumlee,1610612757,POR,Portland Trail Blazers,0021500068,2015-11-04,POR @ UTA,W,35,5,9,0.556,0,0,,2,9,0.222,3,13,16,2,2,2,5,4,12,18,41.2,1,2015-16
22015,201158,Marco Belinelli,1610612758,SAC,Sacramento Kings,0021500067,2015-11-04,SAC @ PHX,L,26,6,11,0.545,2,5,0.4,1,1,1.0,0,2,2,3,1,0,1,2,15,-8,23.9,1,2015-16
22015,203463,Ben McLemore,1610612758,SAC,Sacramento Kings,0021500067,2015-11-04,SAC @ PHX,L,14,4,6,0.667,1,1,1.0,0,0,,0,2,2,1,0,0,3,4,9,-2,9.9,1,2015-16
22015,1495,Tim Duncan,1610612759,SAS,San Antonio Spurs,0021500061,2015-11-04,SAS @ WAS,L,27,3,5,0.6,0,0,,2,2,1.0,2,9,11,5,0,0,4,4,8,-12,24.7,1,2015-16
22015,2561,David West,1610612759,SAS,San Antonio Spurs,0021500061,2015-11-04,SAS @ WAS,L,12,1,1,1.0,0,0,,0,0,,0,2,2,1,0,0,1,2,2,-4,4.9,1,2015-16
22015,201627,Anthony Morrow,1610612760,OKC,Oklahoma City Thunder,0021500066,2015-11-04,OKC vs. TOR,L,6,0,3,0.0,0,2,0.0,0,0,,0,0,0,0,0,0,0,1,0,-11,0.0,1,2015-16
22015,203460,Andre Roberson,1610612760,OKC,Oklahoma City Thunder,0021500066,2015-11-04,OKC vs. TOR,L,27,1,3,0.333,1,3,0.333,2,2,1.0,0,1,1,0,0,0,0,4,5,1,6.2,1,2015-16
22015,200768,Kyle Lowry,1610612761,TOR,Toronto Raptors,0021500066,2015-11-04,TOR @ OKC,W,34,5,14,0.357,3,8,0.375,4,6,0.667,0,4,4,1,2,0,5,4,17,3,24.3,1,2015-16
22015,201960,DeMarre Carroll,1610612761,TOR,Toronto Raptors,0021500066,2015-11-04,TOR @ OKC,W,37,4,12,0.333,0,1,0.0,5,5,1.0,2,5,7,0,4,0,1,3,13,-4,32.4,1,2015-16
22015,2403,Nene,1610612764,WAS,Washington Wizards,0021500061,2015-11-04,WAS vs. SAS,W,20,3,5,0.6,0,0,,0,3,0.0,0,3,3,2,0,0,2,4,6,-1,10.6,1,2015-16
22015,2743,Kris Humphries,1610612764,WAS,Washington Wizards,0021500061,2015-11-04,WAS vs. SAS,W,23,3,7,0.429,1,4,0.25,0,0,,0,6,6,0,0,0,0,2,7,6,14.2,1,2015-16
22015,201162,Jared Dudley,1610612764,WAS,Washington Wizards,0021500061,2015-11-04,WAS vs. SAS,W,17,2,3,0.667,0,1,0.0,0,0,,0,2,2,1,1,0,1,1,4,14,9.9,1,2015-16
22015,201196,Ramon Sessions,1610612764,WAS,Washington Wizards,0021500061,2015-11-04,WAS vs. SAS,W,16,1,5,0.2,1,1,1.0,2,2,1.0,0,2,2,3,2,0,1,0,5,-10,16.9,1,2015-16
22015,201143,Al Horford,1610612737,ATL,Atlanta Hawks,0021500062,2015-11-04,ATL vs. BKN,W,30,8,10,0.8,1,1,1.0,4,4,1.0,3,5,8,4,0,2,0,0,21,-2,42.6,1,2015-16
22015,203471,Dennis Schröder,1610612737,ATL,Atlanta Hawks,0021500062,2015-11-04,ATL vs. BKN,W,28,7,15,0.467,3,6,0.5,3,4,0.75,1,2,3,4,1,0,4,2,20,11,28.6,1,2015-16
22015,203488,Mike Muscala,1610612737,ATL,Atlanta Hawks,0021500062,2015-11-04,ATL vs. BKN,W,2,0,1,0.0,0,1,0.0,0,0,,0,0,0,0,0,0,0,0,0,0,0.0,1,2015-16
22015,202323,Evan Turner,1610612738,BOS,Boston Celtics,0021500060,2015-11-04,BOS @ IND,L,21,5,10,0.5,1,2,0.5,0,0,,0,4,4,4,0,1,1,1,11,-2,23.8,1,2015-16
22015,203092,Tyler Zeller,1610612738,BOS,Boston Celtics,0021500060,2015-11-04,BOS @ IND,L,3,0,2,0.0,0,0,,0,0,,1,0,1,1,0,0,0,0,0,-1,2.7,1,2015-16
22015,203096,Jared Sullinger,1610612738,BOS,Boston Celtics,0021500060,2015-11-04,BOS @ IND,L,27,3,10,0.3,1,3,0.333,2,2,1.0,6,5,11,2,2,2,1,3,9,2,36.2,1,2015-16
22015,1626154,RJ Hunter,1610612738,BOS,Boston Celtics,0021500060,2015-11-04,BOS @ IND,L,13,1,2,0.5,0,1,0.0,0,0,,0,0,0,0,0,0,1,4,2,8,1.0,1,2015-16
22015,2590,Mo Williams,1610612739,CLE,Cleveland Cavaliers,0021500063,2015-11-04,CLE vs. NYK,W,36,8,19,0.421,2,8,0.25,4,4,1.0,0,6,6,4,0,0,1,2,22,3,34.2,1,2015-16
22015,201567,Kevin Love,1610612739,CLE,Cleveland Cavaliers,0021500063,2015-11-04,CLE vs. NYK,W,32,4,13,0.308,2,6,0.333,1,2,0.5,2,10,12,1,0,0,1,0,11,10,25.9,1,2015-16
22015,202389,Timofey Mozgov,1610612739,CLE,Cleveland Cavaliers,0021500063,2015-11-04,CLE vs. NYK,W,22,3,6,0.5,0,0,,4,4,1.0,0,3,3,2,0,0,0,1,10,-7,16.6,1,2015-16
22015,202684,Tristan Thompson,1610612739,CLE,Cleveland Cavaliers,0021500063,2015-11-04,CLE vs. NYK,W,26,4,6,0.667,0,0,,2,2,1.0,4,9,13,1,0,1,1,1,10,15,29.1,1,2015-16
22015,2730,Dwight Howard,1610612745,HOU,Houston Rockets,0021500064,2015-11-04,HOU vs. ORL,W,31,10,10,1.0,0,0,,3,7,0.429,6,8,14,2,0,0,3,4,23,3,39.8,1,2015-16
22015,201147,Corey Brewer,1610612745,HOU,Houston Rockets,0021500064,2015-11-04,HOU vs. ORL,W,35,1,7,0.143,0,2,0.0,0,2,0.0,2,2,4,5,1,0,0,3,2,9,17.3,1,2015-16
22015,201935,James Harden,1610612745,HOU,Houston Rockets,0021500064,2015-11-04,HOU vs. ORL,W,44,6,22,0.273,2,11,0.182,14,17,0.824,2,5,7,4,0,0,7,5,28,2,35.4,1,2015-16
22015,1718,Paul Pierce,1610612746,LAC,LA Clippers,0021500069,2015-11-04,LAC @ GSW,L,18,0,3,0.0,0,3,0.0,4,6,0.667,0,2,2,0,1,0,0,0,4,-18,9.4,1,2015-16
22015,2037,Jamal Crawford,1610612746,LAC,LA Clippers,0021500069,2015-11-04,LAC @ GSW,L,20,4,15,0.267,0,3,0.0,0,0,,2,3,5,1,1,0,0,0,8,-10,18.5,1,2015-16
22015,202349,Greivis Vasquez,1610612749,MIL,Milwaukee Bucks,0021500065,2015-11-04,MIL vs. PHI,W,22,4,12,0.333,1,4,0.25,2,3,0.667,1,0,1,5,1,0,1,5,11,20,21.7,1,2015-16
22015,203101,Miles Plumlee,1610612749,MIL,Milwaukee Bucks,0021500065,2015-11-04,MIL vs. PHI,W,12,1,1,1.0,0,0,,0,0,,0,4,4,1,0,2,1,2,2,-2,13.3,1,2015-16
22015,1626173,Rashad Vaughn,1610612749,MIL,Milwaukee Bucks,0021500065,2015-11-04,MIL vs. PHI,W,17,1,3,0.333,1,2,0.5,0,0,,1,1,2,0,0,0,0,0,3,1,5.4,1,2015-16
22015,201572,Brook Lopez,1610612751,BKN,Brooklyn Nets,0021500062,2015-11-04,BKN @ ATL,L,36,11,16,0.688,0,0,,5,7,0.714,5,6,11,3,0,1,2,1,27,-6,45.7,1,2015-16
22015,202711,Bojan Bogdanovic,1610612751,BKN,Brooklyn Nets,0021500062,2015-11-04,BKN @ ATL,L,25,5,11,0.455,2,4,0.5,0,0,,0,1,1,2,0,0,2,0,12,-19,14.2,1,2015-16
22015,2756,Sasha Vujacic,1610612752,NYK,New York Knicks,0021500063,2015-11-04,NYK @ CLE,L,22,4,10,0.4,1,5,0.2,0,0,,0,4,4,0,0,0,2,0,9,7,11.8,1,2015-16
22015,201577,Robin Lopez,1610612752,NYK,New York Knicks,0021500063,2015-11-04,NYK @ CLE,L,28,3,9,0.333,0,0,,0,0,,1,3,4,2,0,0,3,3,6,-13,10.8,1,2015-16
22015,202682,Derrick Williams,1610612752,NYK,New York Knicks,0021500063,2015-11-04,NYK @ CLE,L,11,2,4,0.5,1,1,1.0,2,2,1.0,0,2,2,0,0,0,1,1,7,1,8.4,1,2015-16
22015,204001,Kristaps Porziņģis,1610612752,NYK,New York Knicks,0021500063,2015-11-04,NYK @ CLE,L,21,6,11,0.545,1,4,0.25,0,0,,1,3,4,1,2,2,0,5,13,-1,31.3,1,2015-16
22015,203095,Evan Fournier,1610612753,ORL,Orlando Magic,0021500064,2015-11-04,ORL @ HOU,L,46,11,21,0.524,3,8,0.375,4,5,0.8,1,5,6,4,1,0,1,5,29,-3,44.2,1,2015-16
22015,202730,Lavoy Allen,1610612754,IND,Indiana Pacers,0021500060,2015-11-04,IND vs. BOS,W,29,3,8,0.375,0,0,,1,2,0.5,6,5,11,1,0,0,1,5,7,-1,20.7,1,2015-16
22015,1626143,Jahlil Okafor,1610612755,PHI,Philadelphia 76ers,0021500065,2015-11-04,PHI @ MIL,L,35,9,13,0.692,0,0,,3,3,1.0,1,5,6,0,0,2,2,3,21,-4,32.2,1,2015-16
22015,2199,Tyson Chandler,1610612756,PHX,Phoenix Suns,0021500067,2015-11-04,PHX vs. SAC,W,26,1,3,0.333,0,0,,5,6,0.833,3,8,11,0,1,0,0,0,7,9,23.2,1,2015-16
22015,200782,P.J. Tucker,1610612756,PHX,Phoenix Suns,0021500067,2015-11-04,PHX vs. SAC,W,21,3,4,0.75,3,4,0.75,1,3,0.333,0,0,0,2,1,0,2,2,10,8,14.0,1,2015-16
22015,1626164,Devin Booker,1610612756,PHX,Phoenix Suns,0021500067,2015-11-04,PHX vs. SAC,W,6,2,3,0.667,1,1,1.0,0,0,,0,0,0,0,1,1,1,0,5,-3,10.0,1,2015-16
22015,203090,Maurice Harkless,1610612757,POR,Portland Trail Blazers,0021500068,2015-11-04,POR @ UTA,W,29,5,8,0.625,2,2,1.0,3,4,0.75,5,5,10,0,0,3,2,3,15,11,34.0,1,2015-16
22015,2406,Caron Butler,1610612758,SAC,Sacramento Kings,0021500067,2015-11-04,SAC @ PHX,L,6,0,1,0.0,0,1,0.0,0,0,,0,0,0,0,1,0,0,0,0,-1,3.0,1,2015-16
22015,203552,Seth Curry,1610612758,SAC,Sacramento Kings,0021500067,2015-11-04,SAC @ PHX,L,5,1,2,0.5,1,2,0.5,0,0,,0,0,0,2,0,0,0,0,3,-3,6.0,1,2015-16
22015,2446,Rasual Butler,1610612759,SAS,San Antonio Spurs,0021500061,2015-11-04,SAS @ WAS,L,9,3,4,0.75,0,1,0.0,0,0,,0,2,2,2,1,2,0,0,6,-1,20.4,1,2015-16
22015,202713,Kyle Singler,1610612760,OKC,Oklahoma City Thunder,0021500066,2015-11-04,OKC vs. TOR,L,6,0,0,,0,0,,0,0,,0,0,0,0,0,0,1,3,0,-4,-1.0,1,2015-16
22015,203500,Steven Adams,1610612760,OKC,Oklahoma City Thunder,0021500066,2015-11-04,OKC vs. TOR,L,27,5,7,0.714,0,0,,0,0,,3,4,7,1,0,4,2,3,10,8,29.9,1,2015-16
22015,2449,Luis Scola,1610612761,TOR,Toronto Raptors,0021500066,2015-11-04,TOR @ OKC,W,19,1,6,0.167,0,0,,0,0,,0,5,5,1,1,0,0,0,2,-11,12.5,1,2015-16
22015,202335,Patrick Patterson,1610612761,TOR,Toronto Raptors,0021500066,2015-11-04,TOR @ OKC,W,23,3,5,0.6,1,2,0.5,0,0,,0,2,2,3,2,2,1,1,7,3,24.9,1,2015-16
22015,1626168,Trey Lyles,1610612762,UTA,Utah Jazz,0021500068,2015-11-04,UTA vs. POR,L,9,0,2,0.0,0,1,0.0,0,0,,0,0,0,1,0,0,0,1,0,-8,1.5,1,2015-16
22015,200757,Thabo Sefolosha,1610612737,ATL,Atlanta Hawks,0021500062,2015-11-04,ATL vs. BKN,W,22,2,4,0.5,1,2,0.5,1,2,0.5,0,3,3,2,1,1,0,0,6,10,18.6,1,2015-16
22015,200794,Paul Millsap,1610612737,ATL,Atlanta Hawks,0021500062,2015-11-04,ATL vs. BKN,W,31,5,10,0.5,1,4,0.25,1,2,0.5,1,8,9,3,5,0,1,3,12,9,41.3,1,2015-16
22015,203118,Mike Scott,1610612737,ATL,Atlanta Hawks,0021500062,2015-11-04,ATL vs. BKN,W,14,1,3,0.333,0,0,,2,2,1.0,0,0,0,1,0,0,0,1,4,0,5.5,1,2015-16
22015,203200,Justin Holiday,1610612737,ATL,Atlanta Hawks,0021500062,2015-11-04,ATL vs. BKN,W,29,3,9,0.333,0,2,0.0,0,0,,0,1,1,2,1,4,1,1,6,17,24.2,1,2015-16
22015,101135,David Lee,1610612738,BOS,Boston Celtics,0021500060,2015-11-04,BOS @ IND,L,18,4,6,0.667,0,0,,2,3,0.667,2,4,6,1,0,0,1,2,10,5,17.7,1,2015-16
22015,203109,Jae Crowder,1610612738,BOS,Boston Celtics,0021500060,2015-11-04,BOS @ IND,L,33,3,5,0.6,1,2,0.5,5,8,0.625,0,6,6,1,2,0,2,1,12,-7,24.7,1,2015-16
22015,203482,Kelly Olynyk,1610612738,BOS,Boston Celtics,0021500060,2015-11-04,BOS @ IND,L,11,0,5,0.0,0,2,0.0,0,0,,1,1,2,0,0,2,1,1,0,-3,7.4,1,2015-16
22015,2544,LeBron James,1610612739,CLE,Cleveland Cavaliers,0021500063,2015-11-04,CLE vs. NYK,W,35,9,23,0.391,1,5,0.2,4,7,0.571,2,3,5,3,4,1,3,1,23,14,45.5,1,2015-16
22015,2760,Anderson Varejao,1610612739,CLE,Cleveland Cavaliers,0021500063,2015-11-04,CLE vs. NYK,W,5,0,0,,0,0,,0,0,,0,2,2,0,1,0,1,1,0,5,4.4,1,2015-16
22015,201933,Blake Griffin,1610612746,LAC,LA Clippers,0021500069,2015-11-04,LAC @ GSW,L,38,10,21,0.476,0,2,0.0,3,3,1.0,2,8,10,6,0,1,2,4,23,8,45.0,1,2015-16
22015,201573,Jerryd Bayless,1610612749,MIL,Milwaukee Bucks,0021500065,2015-11-04,MIL vs. PHI,W,30,2,6,0.333,1,2,0.5,0,0,,0,4,4,3,0,0,1,2,5,-7,13.3,1,2015-16
22015,203953,Jabari Parker,1610612749,MIL,Milwaukee Bucks,0021500065,2015-11-04,MIL vs. PHI,W,16,1,5,0.2,0,0,,0,0,,0,3,3,1,0,0,0,0,2,-8,7.1,1,2015-16
22015,201152,Thaddeus Young,1610612751,BKN,Brooklyn Nets,0021500062,2015-11-04,BKN @ ATL,L,34,7,13,0.538,0,1,0.0,0,0,,4,5,9,3,1,1,4,3,14,-11,31.3,1,2015-16
22015,201961,Wayne Ellington,1610612751,BKN,Brooklyn Nets,0021500062,2015-11-04,BKN @ ATL,L,18,4,8,0.5,1,4,0.25,0,0,,1,3,4,2,2,0,0,1,9,-11,22.8,1,2015-16
22015,203900,Markel Brown,1610612751,BKN,Brooklyn Nets,0021500062,2015-11-04,BKN @ ATL,L,20,2,6,0.333,2,6,0.333,0,0,,0,1,1,0,2,0,2,3,6,-6,11.2,1,2015-16
22015,202338,Kevin Seraphin,1610612752,NYK,New York Knicks,0021500063,2015-11-04,NYK @ CLE,L,10,2,4,0.5,0,0,,0,0,,0,0,0,0,0,1,0,1,4,6,7.0,1,2015-16
22015,1626170,Jerian Grant,1610612752,NYK,New York Knicks,0021500063,2015-11-04,NYK @ CLE,L,17,0,5,0.0,0,2,0.0,6,6,1.0,0,1,1,2,0,0,0,2,6,-5,10.2,1,2015-16
22015,202696,Nikola Vučević,1610612753,ORL,Orlando Magic,0021500064,2015-11-04,ORL @ HOU,L,17,3,6,0.5,0,0,,0,0,,0,2,2,2,0,1,0,1,6,3,14.4,1,2015-16
22015,202699,Tobias Harris,1610612753,ORL,Orlando Magic,0021500064,2015-11-04,ORL @ HOU,L,21,6,10,0.6,1,2,0.5,3,4,0.75,2,3,5,2,1,0,2,3,16,-1,26.0,1,2015-16
22015,203473,Dewayne Dedmon,1610612753,ORL,Orlando Magic,0021500064,2015-11-04,ORL @ HOU,L,26,2,5,0.4,0,0,,0,0,,1,6,7,1,2,2,1,6,4,-6,24.9,1,2015-16
22015,201588,George Hill,1610612754,IND,Indiana Pacers,0021500060,2015-11-04,IND vs. BOS,W,34,2,10,0.2,1,4,0.25,5,8,0.625,0,2,2,4,3,0,3,2,10,-4,24.4,1,2015-16
22015,203922,Glenn Robinson III,1610612754,IND,Indiana Pacers,0021500060,2015-11-04,IND vs. BOS,W,19,3,4,0.75,0,0,,4,5,0.8,1,1,2,0,1,0,1,0,10,-4,14.4,1,2015-16
22015,203960,JaKarr Sampson,1610612755,PHI,Philadelphia 76ers,0021500065,2015-11-04,PHI @ MIL,L,16,1,3,0.333,1,1,1.0,0,0,,1,1,2,0,0,0,1,4,3,-16,4.4,1,2015-16
22015,204456,T.J. McConnell,1610612755,PHI,Philadelphia 76ers,0021500065,2015-11-04,PHI @ MIL,L,35,3,4,0.75,1,1,1.0,0,0,,1,8,9,12,0,0,1,2,7,4,34.8,1,2015-16
22015,1626158,Richaun Holmes,1610612755,PHI,Philadelphia 76ers,0021500065,2015-11-04,PHI @ MIL,L,19,2,6,0.333,0,2,0.0,3,4,0.75,1,1,2,0,1,0,1,2,7,-20,11.4,1,2015-16
22015,201603,Sonny Weems,1610612756,PHX,Phoenix Suns,0021500067,2015-11-04,PHX vs. SAC,W,7,1,1,1.0,0,0,,2,2,1.0,1,2,3,1,0,0,1,1,4,5,8.1,1,2015-16
22015,202688,Brandon Knight,1610612756,PHX,Phoenix Suns,0021500067,2015-11-04,PHX vs. SAC,W,33,7,16,0.438,3,6,0.5,0,0,,1,1,2,7,1,1,3,1,17,5,32.9,1,2015-16
22015,202720,Jon Leuer,1610612756,PHX,Phoenix Suns,0021500067,2015-11-04,PHX vs. SAC,W,15,2,3,0.667,1,1,1.0,0,2,0.0,0,3,3,0,0,0,0,3,5,9,8.6,1,2015-16
22015,202329,Al-Farouq Aminu,1610612757,POR,Portland Trail Blazers,0021500068,2015-11-04,POR @ UTA,W,36,5,9,0.556,1,2,0.5,2,5,0.4,1,7,8,1,2,0,2,3,13,13,28.1,1,2015-16
22015,200746,LaMarcus Aldridge,1610612759,SAS,San Antonio Spurs,0021500061,2015-11-04,SAS @ WAS,L,35,4,14,0.286,0,0,,2,2,1.0,4,11,15,1,1,0,5,4,10,-3,27.5,1,2015-16
22015,201980,Danny Green,1610612759,SAS,San Antonio Spurs,0021500061,2015-11-04,SAS @ WAS,L,29,3,10,0.3,3,8,0.375,3,3,1.0,0,3,3,2,0,1,4,2,12,-17,17.6,1,2015-16
22015,201988,Patty Mills,1610612759,SAS,San Antonio Spurs,0021500061,2015-11-04,SAS @ WAS,L,21,2,4,0.5,0,2,0.0,0,0,,0,1,1,1,0,0,2,3,4,14,4.7,1,2015-16
22015,202695,Kawhi Leonard,1610612759,SAS,San Antonio Spurs,0021500061,2015-11-04,SAS @ WAS,L,35,10,22,0.455,1,4,0.25,2,2,1.0,3,6,9,0,1,0,1,4,23,-12,35.8,1,2015-16
22015,203937,Kyle Anderson,1610612759,SAS,San Antonio Spurs,0021500061,2015-11-04,SAS @ WAS,L,5,1,2,0.5,0,1,0.0,2,2,1.0,0,1,1,0,0,0,0,1,4,11,5.2,1,2015-16
22015,201586,Serge Ibaka,1610612760,OKC,Oklahoma City Thunder,0021500066,2015-11-04,OKC vs. TOR,L,33,4,7,0.571,0,0,,2,2,1.0,1,5,6,0,0,3,1,5,10,-5,25.2,1,2015-16
22015,203079,Dion Waiters,1610612760,OKC,Oklahoma City Thunder,0021500066,2015-11-04,OKC vs. TOR,L,24,3,8,0.375,1,3,0.333,0,0,,3,3,6,1,2,0,1,2,7,-11,20.7,1,2015-16
22015,202330,Gordon Hayward,1610612762,UTA,Utah Jazz,0021500068,2015-11-04,UTA vs. POR,L,38,7,20,0.35,1,5,0.2,4,6,0.667,0,2,2,0,0,0,2,2,19,-19,19.4,1,2015-16
22015,202344,Trevor Booker,1610612762,UTA,Utah Jazz,0021500068,2015-11-04,UTA vs. POR,L,13,0,6,0.0,0,0,,0,0,,2,1,3,0,2,1,0,1,0,10,12.6,1,2015-16
22015,2400,Drew Gooden,1610612764,WAS,Washington Wizards,0021500061,2015-11-04,WAS vs. SAS,W,8,0,4,0.0,0,2,0.0,0,0,,1,2,3,0,1,0,0,1,0,-17,6.6,1,2015-16
22015,202322,John Wall,1610612764,WAS,Washington Wizards,0021500061,2015-11-04,WAS vs. SAS,W,35,6,16,0.375,1,5,0.2,4,5,0.8,0,2,2,13,4,1,1,3,17,14,52.9,1,2015-16
22015,203078,Bradley Beal,1610612764,WAS,Washington Wizards,0021500061,2015-11-04,WAS vs. SAS,W,36,11,22,0.5,3,8,0.375,0,0,,2,3,5,4,3,0,1,3,25,10,45.0,1,2015-16
22015,202325,Wesley Johnson,1610612746,LAC,LA Clippers,0021500069,2015-11-04,LAC @ GSW,L,10,2,2,1.0,1,1,1.0,0,0,,0,0,0,0,0,0,0,3,5,-12,5.0,1,2015-16
22015,203085,Austin Rivers,1610612746,LAC,LA Clippers,0021500069,2015-11-04,LAC @ GSW,L,24,4,8,0.5,0,2,0.0,0,0,,0,0,0,0,0,1,0,6,8,-3,11.0,1,2015-16
22015,203921,Cleanthony Early,1610612752,NYK,New York Knicks,0021500063,2015-11-04,NYK @ CLE,L,3,0,0,,0,0,,0,0,,0,0,0,0,0,0,0,0,0,2,0.0,1,2015-16
22015,203894,Shabazz Napier,1610612753,ORL,Orlando Magic,0021500064,2015-11-04,ORL @ HOU,L,9,1,3,0.333,0,2,0.0,0,0,,0,1,1,2,0,0,1,0,2,3,5.2,1,2015-16
22015,203932,Aaron Gordon,1610612753,ORL,Orlando Magic,0021500064,2015-11-04,ORL @ HOU,L,32,7,11,0.636,0,0,,5,7,0.714,4,4,8,1,0,1,1,1,19,-4,32.1,1,2015-16
22015,202331,Paul George,1610612754,IND,Indiana Pacers,0021500060,2015-11-04,IND vs. BOS,W,31,8,18,0.444,5,11,0.455,5,6,0.833,3,7,10,3,2,0,2,4,26,13,46.5,1,2015-16
22015,1938,Manu Ginobili,1610612759,SAS,San Antonio Spurs,0021500061,2015-11-04,SAS @ WAS,L,22,4,7,0.571,2,4,0.5,2,2,1.0,0,2,2,2,1,0,0,0,12,9,20.4,1,2015-16
22015,2555,Nick Collison,1610612760,OKC,Oklahoma City Thunder,0021500066,2015-11-04,OKC vs. TOR,L,15,1,4,0.25,0,0,,0,0,,2,1,3,0,2,0,0,2,2,0,11.6,1,2015-16
22015,202685,Jonas Valančiūnas,1610612761,TOR,Toronto Raptors,0021500066,2015-11-04,TOR @ OKC,W,29,6,9,0.667,0,0,,5,5,1.0,5,6,11,1,0,0,1,5,17,6,30.7,1,2015-16
22015,202066,Garrett Temple,1610612764,WAS,Washington Wizards,0021500061,2015-11-04,WAS vs. SAS,W,3,0,0,,0,0,,0,0,,0,0,0,1,0,0,0,0,0,-7,1.5,1,2015-16
22015,101109,Raymond Felton,1610612742,DAL,Dallas Mavericks,0021500072,2015-11-05,DAL vs. CHA,L,24,3,7,0.429,1,3,0.333,0,0,,0,2,2,1,0,0,3,3,7,-8,7.9,1,2015-16
22015,101114,Deron Williams,1610612742,DAL,Dallas Mavericks,0021500072,2015-11-05,DAL vs. CHA,L,28,6,10,0.6,0,2,0.0,3,3,1.0,0,3,3,5,1,0,1,3,15,-18,28.1,1,2015-16
22015,202083,Wesley Matthews,1610612742,DAL,Dallas Mavericks,0021500072,2015-11-05,DAL vs. CHA,L,26,2,9,0.222,2,7,0.286,5,6,0.833,0,1,1,0,1,0,1,1,11,-6,14.2,1,2015-16
22015,202379,Jeremy Evans,1610612742,DAL,Dallas Mavericks,0021500072,2015-11-05,DAL vs. CHA,L,10,0,1,0.0,0,1,0.0,0,0,,0,1,1,0,0,0,0,0,0,3,1.2,1,2015-16
22015,203098,John Jenkins,1610612742,DAL,Dallas Mavericks,0021500072,2015-11-05,DAL vs. CHA,L,4,0,2,0.0,0,0,,2,2,1.0,0,2,2,1,0,0,0,0,2,6,5.9,1,2015-16
22015,2034,Mike Miller,1610612743,DEN,Denver Nuggets,0021500073,2015-11-05,DEN vs. UTA,L,2,0,1,0.0,0,1,0.0,0,0,,0,0,0,0,0,0,0,0,0,2,0.0,1,2015-16
22015,203914,Gary Harris,1610612743,DEN,Denver Nuggets,0021500073,2015-11-05,DEN vs. UTA,L,28,3,5,0.6,1,1,1.0,0,0,,0,2,2,2,0,1,3,0,7,1,12.4,1,2015-16
22015,203516,James Ennis III,1610612748,MIA,Miami Heat,0021500071,2015-11-05,MIA @ MIN,W,2,0,0,,0,0,,0,0,,0,0,0,0,0,0,0,0,0,-5,0.0,1,2015-16
22015,204020,Tyler Johnson,1610612748,MIA,Miami Heat,0021500071,2015-11-05,MIA @ MIN,W,25,2,4,0.5,1,2,0.5,3,4,0.75,1,3,4,3,0,0,1,5,8,-7,16.3,1,2015-16
22015,2755,Kevin Martin,1610612750,MIN,Minnesota Timberwolves,0021500071,2015-11-05,MIN vs. MIA,L,27,4,10,0.4,0,2,0.0,6,6,1.0,0,3,3,0,0,0,2,5,14,-15,15.6,1,2015-16
22015,203897,Zach LaVine,1610612750,MIN,Minnesota Timberwolves,0021500071,2015-11-05,MIN vs. MIA,L,20,1,5,0.2,1,1,1.0,0,0,,0,2,2,3,0,0,3,3,3,-4,6.9,1,2015-16
22015,203459,Allen Crabbe,1610612757,POR,Portland Trail Blazers,0021500074,2015-11-05,POR vs. MEM,W,21,5,7,0.714,1,1,1.0,0,0,,0,1,1,3,1,0,1,1,11,18,18.7,1,2015-16
22015,2555,Nick Collison,1610612760,OKC,Oklahoma City Thunder,0021500070,2015-11-05,OKC @ CHI,L,9,0,0,,0,0,,0,0,,0,0,0,0,0,0,1,2,0,-14,-1.0,1,2015-16
22015,201571,D.J. Augustin,1610612760,OKC,Oklahoma City Thunder,0021500070,2015-11-05,OKC @ CHI,L,14,1,4,0.25,0,1,0.0,2,2,1.0,0,3,3,1,0,1,0,0,4,-15,12.1,1,2015-16
22015,202683,Enes Freedom,1610612760,OKC,Oklahoma City Thunder,0021500070,2015-11-05,OKC @ CHI,L,22,3,7,0.429,0,0,,5,5,1.0,4,4,8,1,0,1,1,3,11,-9,24.1,1,2015-16
22015,203079,Dion Waiters,1610612760,OKC,Oklahoma City Thunder,0021500070,2015-11-05,OKC @ CHI,L,27,2,3,0.667,0,0,,0,0,,1,4,5,1,0,0,1,3,4,-8,10.5,1,2015-16
22015,202330,Gordon Hayward,1610612762,UTA,Utah Jazz,0021500073,2015-11-05,UTA @ DEN,W,34,7,13,0.538,2,5,0.4,4,4,1.0,0,3,3,3,1,0,0,2,20,8,31.1,1,2015-16
22015,203504,Trey Burke,1610612762,UTA,Utah Jazz,0021500073,2015-11-05,UTA @ DEN,W,20,4,12,0.333,2,5,0.4,2,2,1.0,0,2,2,1,1,0,3,4,12,17,15.9,1,2015-16
22015,2754,Tony Allen,1610612763,MEM,Memphis Grizzlies,0021500074,2015-11-05,MEM @ POR,L,24,3,6,0.5,0,1,0.0,0,0,,0,1,1,1,0,1,0,3,6,-11,11.7,1,2015-16
22015,201145,Jeff Green,1610612763,MEM,Memphis Grizzlies,0021500074,2015-11-05,MEM @ POR,L,20,3,8,0.375,0,3,0.0,0,0,,0,2,2,0,1,0,1,1,6,-14,10.4,1,2015-16
22015,203950,Jarnell Stokes,1610612763,MEM,Memphis Grizzlies,0021500074,2015-11-05,MEM @ POR,L,3,0,0,,0,0,,0,0,,1,1,2,0,0,0,0,0,0,5,2.4,1,2015-16
22015,201150,Spencer Hawes,1610612766,CHA,Charlotte Hornets,0021500072,2015-11-05,CHA @ DAL,W,18,0,4,0.0,0,2,0.0,0,0,,0,4,4,3,0,1,2,3,0,8,10.3,1,2015-16
22015,203087,Jeremy Lamb,1610612766,CHA,Charlotte Hornets,0021500072,2015-11-05,CHA @ DAL,W,24,7,11,0.636,2,4,0.5,0,0,,2,2,4,0,0,0,0,2,16,3,20.8,1,2015-16
22015,202734,E'Twaun Moore,1610612741,CHI,Chicago Bulls,0021500070,2015-11-05,CHI vs. OKC,W,22,0,1,0.0,0,0,,0,0,,0,5,5,0,1,1,0,1,0,11,12.0,1,2015-16
22015,1717,Dirk Nowitzki,1610612742,DAL,Dallas Mavericks,0021500072,2015-11-05,DAL vs. CHA,L,28,4,12,0.333,0,3,0.0,6,6,1.0,1,5,6,0,0,0,0,1,14,-15,21.2,1,2015-16
22015,2734,Devin Harris,1610612742,DAL,Dallas Mavericks,0021500072,2015-11-05,DAL vs. CHA,L,20,0,3,0.0,0,1,0.0,0,0,,0,1,1,1,1,0,3,1,0,-5,2.7,1,2015-16
22015,203939,Dwight Powell,1610612742,DAL,Dallas Mavericks,0021500072,2015-11-05,DAL vs. CHA,L,23,6,12,0.5,0,0,,2,4,0.5,2,7,9,1,1,1,0,2,14,3,32.3,1,2015-16
22015,201589,Darrell Arthur,1610612743,DEN,Denver Nuggets,0021500073,2015-11-05,DEN vs. UTA,L,14,1,5,0.2,0,1,0.0,0,0,,2,2,4,1,2,0,0,2,2,-14,14.3,1,2015-16
22015,2365,Chris Andersen,1610612748,MIA,Miami Heat,0021500071,2015-11-05,MIA @ MIN,W,2,0,0,,0,0,,0,0,,0,0,0,0,0,0,0,0,0,-5,0.0,1,2015-16
22015,2548,Dwyane Wade,1610612748,MIA,Miami Heat,0021500071,2015-11-05,MIA @ MIN,W,31,11,19,0.579,1,2,0.5,2,5,0.4,1,4,5,2,3,0,2,1,25,23,41.0,1,2015-16
22015,2736,Luol Deng,1610612748,MIA,Miami Heat,0021500071,2015-11-05,MIA @ MIN,W,28,4,12,0.333,0,3,0.0,2,3,0.667,1,3,4,1,1,1,1,2,10,17,21.3,1,2015-16
22015,202355,Hassan Whiteside,1610612748,MIA,Miami Heat,0021500071,2015-11-05,MIA @ MIN,W,30,5,9,0.556,0,0,,2,2,1.0,1,8,9,0,0,4,7,5,12,14,27.8,1,2015-16
22015,1626159,Justise Winslow,1610612748,MIA,Miami Heat,0021500071,2015-11-05,MIA @ MIN,W,36,3,7,0.429,0,2,0.0,1,1,1.0,1,2,3,2,1,1,1,1,7,12,18.6,1,2015-16
22015,708,Kevin Garnett,1610612750,MIN,Minnesota Timberwolves,0021500071,2015-11-05,MIN vs. MIA,L,11,0,1,0.0,0,0,,0,0,,0,4,4,1,0,0,0,2,0,4,6.3,1,2015-16
22015,203081,Damian Lillard,1610612757,POR,Portland Trail Blazers,0021500074,2015-11-05,POR vs. MEM,W,33,9,18,0.5,7,11,0.636,2,2,1.0,1,0,1,5,0,1,0,0,27,24,38.7,1,2015-16
22015,203086,Meyers Leonard,1610612757,POR,Portland Trail Blazers,0021500074,2015-11-05,POR vs. MEM,W,27,5,7,0.714,1,3,0.333,3,3,1.0,1,4,5,2,0,0,0,5,14,19,23.0,1,2015-16
22015,203468,CJ McCollum,1610612757,POR,Portland Trail Blazers,0021500074,2015-11-05,POR vs. MEM,W,30,7,18,0.389,4,6,0.667,2,3,0.667,2,2,4,5,0,0,1,2,20,13,31.3,1,2015-16
22015,201142,Kevin Durant,1610612760,OKC,Oklahoma City Thunder,0021500070,2015-11-05,OKC @ CHI,L,41,13,29,0.448,3,6,0.5,4,5,0.8,0,6,6,5,0,2,3,2,33,1,50.7,1,2015-16
22015,201566,Russell Westbrook,1610612760,OKC,Oklahoma City Thunder,0021500070,2015-11-05,OKC @ CHI,L,39,7,18,0.389,0,2,0.0,6,6,1.0,2,6,8,10,1,0,2,2,20,8,45.6,1,2015-16
22015,201586,Serge Ibaka,1610612760,OKC,Oklahoma City Thunder,0021500070,2015-11-05,OKC @ CHI,L,40,8,14,0.571,1,1,1.0,0,2,0.0,1,5,6,1,0,2,1,2,17,0,30.7,1,2015-16
22015,202692,Alec Burks,1610612762,UTA,Utah Jazz,0021500073,2015-11-05,UTA @ DEN,W,31,5,12,0.417,1,2,0.5,1,1,1.0,0,3,3,8,1,0,3,4,12,9,27.6,1,2015-16
22015,203526,Raul Neto,1610612762,UTA,Utah Jazz,0021500073,2015-11-05,UTA @ DEN,W,13,1,4,0.25,0,2,0.0,0,0,,0,1,1,0,1,1,0,2,2,-5,9.2,1,2015-16
22015,2216,Zach Randolph,1610612763,MEM,Memphis Grizzlies,0021500074,2015-11-05,MEM @ POR,L,33,8,12,0.667,0,0,,0,0,,2,8,10,2,1,0,3,1,16,-14,31.0,1,2015-16
22015,2440,Matt Barnes,1610612763,MEM,Memphis Grizzlies,0021500074,2015-11-05,MEM @ POR,L,24,2,6,0.333,1,4,0.25,0,0,,1,4,5,3,0,1,0,3,5,-13,18.5,1,2015-16
22015,201148,Brandan Wright,1610612763,MEM,Memphis Grizzlies,0021500074,2015-11-05,MEM @ POR,L,18,2,4,0.5,0,0,,2,3,0.667,1,3,4,0,0,1,0,1,6,-4,13.8,1,2015-16
22015,2744,Al Jefferson,1610612766,CHA,Charlotte Hornets,0021500072,2015-11-05,CHA @ DAL,W,27,15,18,0.833,0,0,,1,1,1.0,3,6,9,1,0,1,2,3,31,10,44.3,1,2015-16
22015,101107,Marvin Williams,1610612766,CHA,Charlotte Hornets,0021500072,2015-11-05,CHA @ DAL,W,32,6,11,0.545,3,5,0.6,2,3,0.667,2,10,12,2,0,1,1,3,17,16,36.4,1,2015-16
22015,201587,Nicolas Batum,1610612766,CHA,Charlotte Hornets,0021500072,2015-11-05,CHA @ DAL,W,34,3,10,0.3,0,5,0.0,2,2,1.0,1,6,7,4,2,1,1,1,8,11,30.4,1,2015-16
22015,201946,Tyler Hansbrough,1610612766,CHA,Charlotte Hornets,0021500072,2015-11-05,CHA @ DAL,W,3,0,1,0.0,0,0,,0,0,,0,0,0,0,0,0,0,1,0,-4,0.0,1,2015-16
22015,1626163,Frank Kaminsky,1610612766,CHA,Charlotte Hornets,0021500072,2015-11-05,CHA @ DAL,W,5,0,0,,0,0,,0,0,,0,0,0,0,0,0,0,1,0,-4,0.0,1,2015-16
22015,201149,Joakim Noah,1610612741,CHI,Chicago Bulls,0021500070,2015-11-05,CHI vs. OKC,W,26,2,5,0.4,0,0,,0,0,,4,3,7,5,0,1,1,4,4,16,21.9,1,2015-16
22015,201565,Derrick Rose,1610612741,CHI,Chicago Bulls,0021500070,2015-11-05,CHI vs. OKC,W,37,12,25,0.48,0,1,0.0,5,6,0.833,1,4,5,6,0,0,2,1,29,4,42.0,1,2015-16
22015,201959,Taj Gibson,1610612741,CHI,Chicago Bulls,0021500070,2015-11-05,CHI vs. OKC,W,22,4,5,0.8,0,0,,1,1,1.0,0,4,4,3,0,2,0,2,9,14,24.3,1,2015-16
22015,2585,Zaza Pachulia,1610612742,DAL,Dallas Mavericks,0021500072,2015-11-05,DAL vs. CHA,L,26,4,6,0.667,0,0,,6,6,1.0,2,8,10,2,2,1,2,1,14,-12,36.0,1,2015-16
22015,1626147,Justin Anderson,1610612742,DAL,Dallas Mavericks,0021500072,2015-11-05,DAL vs. CHA,L,4,0,1,0.0,0,0,,0,0,,1,0,1,0,0,0,0,0,0,6,1.2,1,2015-16
22015,2749,Jameer Nelson,1610612743,DEN,Denver Nuggets,0021500073,2015-11-05,DEN vs. UTA,L,19,1,4,0.25,0,2,0.0,2,3,0.667,0,1,1,4,1,0,2,0,4,-12,12.2,1,2015-16
22015,203940,Adreian Payne,1610612750,MIN,Minnesota Timberwolves,0021500071,2015-11-05,MIN vs. MIA,L,13,3,4,0.75,1,1,1.0,2,2,1.0,1,5,6,1,0,1,2,5,9,1,18.7,1,2015-16
22015,203952,Andrew Wiggins,1610612750,MIN,Minnesota Timberwolves,0021500071,2015-11-05,MIN vs. MIA,L,31,5,18,0.278,1,3,0.333,1,2,0.5,3,1,4,0,1,0,0,1,12,-19,19.8,1,2015-16
22015,204014,Damjan Rudez,1610612750,MIN,Minnesota Timberwolves,0021500071,2015-11-05,MIN vs. MIA,L,2,0,0,,0,0,,0,0,,0,0,0,0,0,0,1,1,0,5,-1.0,1,2015-16
22015,1626157,Karl-Anthony Towns,1610612750,MIN,Minnesota Timberwolves,0021500071,2015-11-05,MIN vs. MIA,L,22,3,13,0.231,0,0,,0,0,,0,4,4,1,0,3,0,3,6,-21,21.3,1,2015-16
22015,202329,Al-Farouq Aminu,1610612757,POR,Portland Trail Blazers,0021500074,2015-11-05,POR vs. MEM,W,33,4,11,0.364,1,4,0.25,2,4,0.5,2,8,10,5,1,0,2,4,11,11,31.5,1,2015-16
22015,202334,Ed Davis,1610612757,POR,Portland Trail Blazers,0021500074,2015-11-05,POR vs. MEM,W,23,4,5,0.8,0,0,,1,3,0.333,1,7,8,2,0,0,1,1,9,23,20.6,1,2015-16
22015,1626192,Pat Connaughton,1610612757,POR,Portland Trail Blazers,0021500074,2015-11-05,POR vs. MEM,W,4,0,1,0.0,0,0,,0,0,,0,0,0,0,0,0,1,0,0,-5,-1.0,1,2015-16
22015,203460,Andre Roberson,1610612760,OKC,Oklahoma City Thunder,0021500070,2015-11-05,OKC @ CHI,L,15,1,3,0.333,1,2,0.5,0,0,,1,1,2,1,1,0,0,2,3,11,9.9,1,2015-16
22015,202324,Derrick Favors,1610612762,UTA,Utah Jazz,0021500073,2015-11-05,UTA @ DEN,W,15,3,7,0.429,0,0,,0,0,,2,1,3,0,0,0,1,1,6,-5,8.6,1,2015-16
22015,203497,Rudy Gobert,1610612762,UTA,Utah Jazz,0021500073,2015-11-05,UTA @ DEN,W,35,2,8,0.25,0,0,,4,10,0.4,4,12,16,2,0,3,1,2,8,2,38.2,1,2015-16
22015,203918,Rodney Hood,1610612762,UTA,Utah Jazz,0021500073,2015-11-05,UTA @ DEN,W,23,3,7,0.429,2,5,0.4,0,0,,0,1,1,4,0,1,1,4,8,-2,17.2,1,2015-16
22015,201144,Mike Conley,1610612763,MEM,Memphis Grizzlies,0021500074,2015-11-05,MEM @ POR,L,31,2,8,0.25,0,2,0.0,3,4,0.75,0,2,2,3,0,0,2,0,7,-19,11.9,1,2015-16
22015,201166,Aaron Brooks,1610612741,CHI,Chicago Bulls,0021500070,2015-11-05,CHI vs. OKC,W,13,4,8,0.5,1,3,0.333,0,0,,1,1,2,0,0,0,0,1,9,11,11.4,1,2015-16
22015,202710,Jimmy Butler III,1610612741,CHI,Chicago Bulls,0021500070,2015-11-05,CHI vs. OKC,W,38,8,20,0.4,4,5,0.8,6,6,1.0,1,3,4,2,1,2,0,4,26,-1,42.8,1,2015-16
22015,101111,Charlie Villanueva,1610612742,DAL,Dallas Mavericks,0021500072,2015-11-05,DAL vs. CHA,L,13,3,8,0.375,1,5,0.2,0,0,,1,6,7,0,1,0,2,1,7,-4,16.4,1,2015-16
22015,201568,Danilo Gallinari,1610612743,DEN,Denver Nuggets,0021500073,2015-11-05,DEN vs. UTA,L,37,6,12,0.5,0,2,0.0,6,9,0.667,2,3,5,1,0,2,0,2,18,-8,31.5,1,2015-16
22015,201581,JJ Hickson,1610612743,DEN,Denver Nuggets,0021500073,2015-11-05,DEN vs. UTA,L,25,4,9,0.444,0,0,,0,4,0.0,2,5,7,1,0,1,4,2,8,1,16.9,1,2015-16
22015,203999,Nikola Jokić,1610612743,DEN,Denver Nuggets,0021500073,2015-11-05,DEN vs. UTA,L,18,1,4,0.25,0,0,,3,4,0.75,1,2,3,0,0,1,1,1,5,-6,10.6,1,2015-16
22015,1626144,Emmanuel Mudiay,1610612743,DEN,Denver Nuggets,0021500073,2015-11-05,DEN vs. UTA,L,30,2,8,0.25,1,3,0.333,3,4,0.75,1,6,7,3,0,0,3,2,8,-9,17.9,1,2015-16
22015,201609,Goran Dragic,1610612748,MIA,Miami Heat,0021500071,2015-11-05,MIA @ MIN,W,33,7,12,0.583,1,3,0.333,3,4,0.75,2,1,3,2,0,0,2,1,18,18,22.6,1,2015-16
22015,202357,Nemanja Bjelica,1610612750,MIN,Minnesota Timberwolves,0021500071,2015-11-05,MIN vs. MIA,L,24,2,7,0.286,1,4,0.25,0,0,,1,6,7,3,0,0,1,1,5,-17,16.9,1,2015-16
22015,203498,Shabazz Muhammad,1610612750,MIN,Minnesota Timberwolves,0021500071,2015-11-05,MIN vs. MIA,L,23,5,10,0.5,0,1,0.0,4,5,0.8,4,2,6,1,0,1,1,2,14,6,24.7,1,2015-16
22015,2549,Chris Kaman,1610612757,POR,Portland Trail Blazers,0021500074,2015-11-05,POR vs. MEM,W,4,0,2,0.0,0,0,,0,0,,0,0,0,0,0,0,0,0,0,-5,0.0,1,2015-16
22015,203090,Maurice Harkless,1610612757,POR,Portland Trail Blazers,0021500074,2015-11-05,POR vs. MEM,W,25,4,7,0.571,0,2,0.0,2,3,0.667,2,1,3,4,0,0,0,1,10,17,19.6,1,2015-16
22015,203486,Mason Plumlee,1610612757,POR,Portland Trail Blazers,0021500074,2015-11-05,POR vs. MEM,W,22,4,6,0.667,0,0,,0,2,0.0,5,7,12,3,1,0,0,4,8,1,29.9,1,2015-16
22015,201627,Anthony Morrow,1610612760,OKC,Oklahoma City Thunder,0021500070,2015-11-05,OKC @ CHI,L,5,0,0,,0,0,,0,0,,0,0,0,0,0,0,0,0,0,-13,0.0,1,2015-16
22015,1626168,Trey Lyles,1610612762,UTA,Utah Jazz,0021500073,2015-11-05,UTA @ DEN,W,7,2,5,0.4,0,0,,0,0,,2,1,3,0,1,0,0,3,4,1,10.6,1,2015-16
22015,2757,Beno Udrih,1610612763,MEM,Memphis Grizzlies,0021500074,2015-11-05,MEM @ POR,L,16,4,5,0.8,1,1,1.0,0,0,,0,0,0,6,0,0,0,2,9,0,18.0,1,2015-16
22015,201188,Marc Gasol,1610612763,MEM,Memphis Grizzlies,0021500074,2015-11-05,MEM @ POR,L,28,4,13,0.308,0,0,,7,10,0.7,1,4,5,3,0,2,1,2,15,-21,30.5,1,2015-16
22015,202391,Jeremy Lin,1610612766,CHA,Charlotte Hornets,0021500072,2015-11-05,CHA @ DAL,W,17,3,8,0.375,0,3,0.0,1,1,1.0,0,1,1,2,2,1,4,2,7,7,16.2,1,2015-16
22015,202689,Kemba Walker,1610612766,CHA,Charlotte Hornets,0021500072,2015-11-05,CHA @ DAL,W,30,4,11,0.364,1,5,0.2,5,6,0.833,0,2,2,7,1,0,1,2,14,10,28.9,1,2015-16
22015,203148,Brian Roberts,1610612766,CHA,Charlotte Hornets,0021500072,2015-11-05,CHA @ DAL,W,6,0,2,0.0,0,0,,0,0,,0,1,1,0,0,0,0,0,0,-7,1.2,1,2015-16
22015,203469,Cody Zeller,1610612766,CHA,Charlotte Hornets,0021500072,2015-11-05,CHA @ DAL,W,19,4,6,0.667,0,0,,3,4,0.75,0,3,3,0,2,1,0,3,11,12,23.6,1,2015-16
22015,2200,Pau Gasol,1610612741,CHI,Chicago Bulls,0021500070,2015-11-05,CHI vs. OKC,W,32,5,12,0.417,0,0,,1,4,0.25,3,7,10,2,1,1,0,1,11,-6,32.0,1,2015-16
22015,202703,Nikola Mirotic,1610612741,CHI,Chicago Bulls,0021500070,2015-11-05,CHI vs. OKC,W,16,1,5,0.2,0,3,0.0,0,0,,1,3,4,1,0,0,2,1,2,-12,6.3,1,2015-16
22015,203503,Tony Snell,1610612741,CHI,Chicago Bulls,0021500070,2015-11-05,CHI vs. OKC,W,11,1,4,0.25,1,3,0.333,2,2,1.0,0,5,5,1,0,0,1,1,5,7,11.5,1,2015-16
22015,200826,J.J. Barea,1610612742,DAL,Dallas Mavericks,0021500072,2015-11-05,DAL vs. CHA,L,21,3,6,0.5,2,4,0.5,0,0,,0,0,0,6,0,0,1,0,8,-4,16.0,1,2015-16
22015,202718,Chandler Parsons,1610612742,DAL,Dallas Mavericks,0021500072,2015-11-05,DAL vs. CHA,L,14,1,5,0.2,0,3,0.0,0,0,,1,0,1,0,1,0,0,0,2,-16,6.2,1,2015-16
22015,202702,Kenneth Faried,1610612743,DEN,Denver Nuggets,0021500073,2015-11-05,DEN vs. UTA,L,30,4,8,0.5,0,0,,1,2,0.5,2,8,10,2,0,0,0,4,9,-8,24.0,1,2015-16
22015,203115,Will Barton,1610612743,DEN,Denver Nuggets,0021500073,2015-11-05,DEN vs. UTA,L,20,3,7,0.429,0,2,0.0,6,6,1.0,1,3,4,1,1,1,0,1,12,-5,24.3,1,2015-16
22015,203123,Kostas Papanikolaou,1610612743,DEN,Denver Nuggets,0021500073,2015-11-05,DEN vs. UTA,L,1,0,0,,0,0,,0,0,,0,0,0,0,0,0,0,0,0,0,0.0,1,2015-16
22015,2547,Chris Bosh,1610612748,MIA,Miami Heat,0021500071,2015-11-05,MIA @ MIN,W,28,5,11,0.455,1,2,0.5,5,6,0.833,0,12,12,2,1,0,1,1,16,3,35.4,1,2015-16
22015,1626196,Josh Richardson,1610612748,MIA,Miami Heat,0021500071,2015-11-05,MIA @ MIN,W,7,0,1,0.0,0,0,,0,0,,0,0,0,0,0,0,1,2,0,-10,-1.0,1,2015-16
22015,201937,Ricky Rubio,1610612750,MIN,Minnesota Timberwolves,0021500071,2015-11-05,MIN vs. MIA,L,24,2,6,0.333,0,0,,5,5,1.0,0,1,1,5,3,0,3,0,9,-17,23.7,1,2015-16
22015,203476,Gorgui Dieng,1610612750,MIN,Minnesota Timberwolves,0021500071,2015-11-05,MIN vs. MIA,L,26,4,8,0.5,0,0,,2,2,1.0,1,5,6,0,2,1,3,3,10,9,23.2,1,2015-16
22015,204025,Tim Frazier,1610612757,POR,Portland Trail Blazers,0021500074,2015-11-05,POR vs. MEM,W,4,0,0,,0,0,,0,0,,0,0,0,0,0,0,0,0,0,-5,0.0,1,2015-16
22015,202713,Kyle Singler,1610612760,OKC,Oklahoma City Thunder,0021500070,2015-11-05,OKC @ CHI,L,4,0,2,0.0,0,1,0.0,0,0,,0,0,0,0,0,0,0,1,0,-2,0.0,1,2015-16
22015,203500,Steven Adams,1610612760,OKC,Oklahoma City Thunder,0021500070,2015-11-05,OKC @ CHI,L,25,3,4,0.75,0,0,,0,0,,0,6,6,1,0,2,0,1,6,11,20.7,1,2015-16
22015,202344,Trevor Booker,1610612762,UTA,Utah Jazz,0021500073,2015-11-05,UTA @ DEN,W,28,6,9,0.667,1,1,1.0,0,0,,4,5,9,3,1,1,1,3,13,15,33.3,1,2015-16
22015,202407,Elijah Millsap,1610612762,UTA,Utah Jazz,0021500073,2015-11-05,UTA @ DEN,W,1,0,1,0.0,0,0,,0,0,,0,0,0,0,0,0,0,0,0,0,0.0,1,2015-16
22015,203187,Chris Johnson,1610612762,UTA,Utah Jazz,0021500073,2015-11-05,UTA @ DEN,W,5,1,2,0.5,1,1,1.0,0,0,,0,0,0,0,0,0,0,1,3,-3,3.0,1,2015-16
22015,204060,Joe Ingles,1610612762,UTA,Utah Jazz,0021500073,2015-11-05,UTA @ DEN,W,26,3,5,0.6,2,3,0.667,0,0,,0,2,2,2,0,0,0,0,8,23,13.4,1,2015-16
22015,201584,Courtney Lee,1610612763,MEM,Memphis Grizzlies,0021500074,2015-11-05,MEM @ POR,L,30,6,10,0.6,3,6,0.5,3,4,0.75,1,1,2,0,1,0,0,0,18,-13,23.4,1,2015-16
22015,203893,Russ Smith,1610612763,MEM,Memphis Grizzlies,0021500074,2015-11-05,MEM @ POR,L,4,0,1,0.0,0,1,0.0,0,0,,0,0,0,2,0,0,1,0,0,5,2.0,1,2015-16
22015,203584,Troy Daniels,1610612766,CHA,Charlotte Hornets,0021500072,2015-11-05,CHA @ DAL,W,3,0,2,0.0,0,1,0.0,0,0,,0,2,2,0,0,0,0,0,0,-4,2.4,1,2015-16
22015,203798,PJ Hairston,1610612766,CHA,Charlotte Hornets,0021500072,2015-11-05,CHA @ DAL,W,22,2,5,0.4,0,2,0.0,0,0,,0,3,3,0,1,0,0,4,4,12,10.6,1,2015-16
22015,203926,Doug McDermott,1610612741,CHI,Chicago Bulls,0021500070,2015-11-05,CHI vs. OKC,W,23,3,5,0.6,1,3,0.333,2,2,1.0,0,1,1,0,0,0,0,1,9,-14,10.2,1,2015-16
22015,200751,Randy Foye,1610612743,DEN,Denver Nuggets,0021500073,2015-11-05,DEN vs. UTA,L,17,3,9,0.333,3,8,0.375,2,2,1.0,0,2,2,1,0,0,0,0,11,-2,14.9,1,2015-16
22015,201177,Josh McRoberts,1610612748,MIA,Miami Heat,0021500071,2015-11-05,MIA @ MIN,W,17,0,1,0.0,0,0,,0,0,,0,2,2,2,0,0,0,1,0,0,5.4,1,2015-16
22015,1889,Andre Miller,1610612750,MIN,Minnesota Timberwolves,0021500071,2015-11-05,MIN vs. MIA,L,4,0,0,,0,0,,0,0,,0,0,0,1,1,0,0,0,0,9,4.5,1,2015-16
22015,2419,Tayshaun Prince,1610612750,MIN,Minnesota Timberwolves,0021500071,2015-11-05,MIN vs. MIA,L,13,1,3,0.333,0,0,,0,0,,0,1,1,0,0,0,0,1,2,-1,3.2,1,2015-16
22015,203943,Noah Vonleh,1610612757,POR,Portland Trail Blazers,0021500074,2015-11-05,POR vs. MEM,W,11,1,4,0.25,0,2,0.0,0,0,,0,3,3,0,0,2,2,1,2,-11,9.6,1,2015-16
22015,1626242,Luis Montero,1610612757,POR,Portland Trail Blazers,0021500074,2015-11-05,POR vs. MEM,W,4,1,1,1.0,1,1,1.0,0,0,,0,0,0,0,0,0,0,0,3,-5,3.0,1,2015-16
22015,202353,Tibor Pleiss,1610612762,UTA,Utah Jazz,0021500073,2015-11-05,UTA @ DEN,W,1,0,0,,0,0,,0,0,,0,0,0,0,0,0,0,0,0,0,0.0,1,2015-16
22015,203210,JaMychal Green,1610612763,MEM,Memphis Grizzlies,0021500074,2015-11-05,MEM @ POR,L,10,3,4,0.75,2,2,1.0,0,0,,0,3,3,0,1,0,0,1,8,4,14.6,1,2015-16
22015,201952,Jeff Teague,1610612737,ATL,Atlanta Hawks,0021500081,2015-11-06,ATL @ NOP,W,32,5,16,0.313,1,4,0.25,8,10,0.8,1,1,2,7,1,1,3,2,19,2,34.9,1,2015-16
22015,203934,Lamar Patterson,1610612737,ATL,Atlanta Hawks,0021500081,2015-11-06,ATL @ NOP,W,10,0,1,0.0,0,0,,0,0,,0,1,1,2,0,0,0,1,0,-3,4.2,1,2015-16
22015,203096,Jared Sullinger,1610612738,BOS,Boston Celtics,0021500076,2015-11-06,BOS vs. WAS,W,22,9,13,0.692,3,4,0.75,0,0,,3,5,8,3,1,2,2,2,21,9,42.1,1,2015-16
22015,2592,James Jones,1610612739,CLE,Cleveland Cavaliers,0021500078,2015-11-06,CLE vs. PHI,W,13,1,6,0.167,1,4,0.25,0,0,,2,2,4,2,0,0,1,1,3,-4,9.8,1,2015-16
22015,2760,Anderson Varejao,1610612739,CLE,Cleveland Cavaliers,0021500078,2015-11-06,CLE vs. PHI,W,7,1,1,1.0,0,0,,0,0,,0,0,0,0,1,0,1,1,2,-4,4.0,1,2015-16
22015,203925,Joe Harris,1610612739,CLE,Cleveland Cavaliers,0021500078,2015-11-06,CLE vs. PHI,W,3,0,0,,0,0,,0,0,,0,1,1,0,0,0,0,0,0,-4,1.2,1,2015-16
22015,202397,Ish Smith,1610612740,NOP,New Orleans Pelicans,0021500081,2015-11-06,NOP vs. ATL,L,34,4,11,0.364,0,3,0.0,0,0,,1,3,4,11,2,0,0,2,8,3,35.3,1,2015-16
22015,203999,Nikola Jokić,1610612743,DEN,Denver Nuggets,0021500083,2015-11-06,DEN @ GSW,L,17,2,4,0.5,0,0,,0,2,0.0,2,2,4,1,1,1,1,1,4,-5,15.3,1,2015-16
22015,2738,Andre Iguodala,1610612744,GSW,Golden State Warriors,0021500083,2015-11-06,GSW vs. DEN,W,23,1,3,0.333,0,1,0.0,0,0,,0,2,2,7,2,1,0,2,2,13,23.9,1,2015-16
22015,203909,KJ McDaniels,1610612745,HOU,Houston Rockets,0021500084,2015-11-06,HOU @ SAC,W,0,0,0,,0,0,,0,0,,0,0,0,0,0,0,0,0,0,-3,0.0,1,2015-16
22015,101138,Brandon Bass,1610612747,LAL,Los Angeles Lakers,0021500077,2015-11-06,LAL @ BKN,W,3,1,1,1.0,0,0,,0,0,,0,1,1,0,0,0,0,0,2,3,3.2,1,2015-16
22015,201579,Roy Hibbert,1610612747,LAL,Los Angeles Lakers,0021500077,2015-11-06,LAL @ BKN,W,27,1,4,0.25,0,0,,0,0,,1,6,7,1,0,3,2,4,2,-3,18.9,1,2015-16
22015,1626204,Larry Nance Jr.,1610612747,LAL,Los Angeles Lakers,0021500077,2015-11-06,LAL @ BKN,W,16,2,4,0.5,0,0,,2,4,0.5,0,5,5,0,0,0,1,3,6,9,11.0,1,2015-16
22015,201596,Mario Chalmers,1610612748,MIA,Miami Heat,0021500080,2015-11-06,MIA @ IND,L,19,1,3,0.333,0,1,0.0,0,0,,0,1,1,1,1,0,0,3,2,21,7.7,1,2015-16
22015,204020,Tyler Johnson,1610612748,MIA,Miami Heat,0021500080,2015-11-06,MIA @ IND,L,19,2,5,0.4,1,2,0.5,1,2,0.5,0,1,1,2,1,0,1,2,6,1,12.2,1,2015-16
22015,202328,Greg Monroe,1610612749,MIL,Milwaukee Bucks,0021500079,2015-11-06,MIL @ NYK,W,23,3,12,0.25,0,0,,2,2,1.0,4,3,7,3,0,1,3,2,8,2,20.9,1,2015-16
22015,203142,Chris Copeland,1610612749,MIL,Milwaukee Bucks,0021500079,2015-11-06,MIL @ NYK,W,9,0,3,0.0,0,2,0.0,0,0,,0,2,2,1,0,0,0,0,0,-4,3.9,1,2015-16
22015,101127,Jarrett Jack,1610612751,BKN,Brooklyn Nets,0021500077,2015-11-06,BKN vs. LAL,L,38,8,22,0.364,1,6,0.167,1,2,0.5,1,6,7,12,1,0,2,4,18,7,45.4,1,2015-16
22015,203080,Thomas Robinson,1610612751,BKN,Brooklyn Nets,0021500077,2015-11-06,BKN vs. LAL,L,12,4,6,0.667,0,0,,1,2,0.5,2,5,7,0,0,0,1,2,9,1,16.4,1,2015-16
22015,1626178,Rondae Hollis-Jefferson,1610612751,BKN,Brooklyn Nets,0021500077,2015-11-06,BKN vs. LAL,L,25,2,3,0.667,0,0,,1,4,0.25,4,7,11,3,1,0,2,5,5,5,23.7,1,2015-16
22015,2546,Carmelo Anthony,1610612752,NYK,New York Knicks,0021500079,2015-11-06,NYK vs. MIL,L,34,6,16,0.375,1,3,0.333,4,4,1.0,0,4,4,6,0,0,5,2,17,0,25.8,1,2015-16
22015,2756,Sasha Vujacic,1610612752,NYK,New York Knicks,0021500079,2015-11-06,NYK vs. MIL,L,27,1,5,0.2,0,3,0.0,0,0,,0,4,4,3,0,0,3,3,2,-17,8.3,1,2015-16
22015,204038,Langston Galloway,1610612752,NYK,New York Knicks,0021500079,2015-11-06,NYK vs. MIL,L,32,3,9,0.333,2,5,0.4,5,7,0.714,1,6,7,2,1,0,0,2,13,0,27.4,1,2015-16
22015,1626170,Jerian Grant,1610612752,NYK,New York Knicks,0021500079,2015-11-06,NYK vs. MIL,L,23,2,5,0.4,0,2,0.0,4,6,0.667,0,2,2,3,1,0,1,4,8,12,16.9,1,2015-16
22015,203894,Shabazz Napier,1610612753,ORL,Orlando Magic,0021500075,2015-11-06,ORL vs. TOR,W,17,2,4,0.5,1,2,0.5,0,0,,0,2,2,6,0,0,1,1,5,12,15.4,1,2015-16
22015,203932,Aaron Gordon,1610612753,ORL,Orlando Magic,0021500075,2015-11-06,ORL vs. TOR,W,12,2,8,0.25,1,3,0.333,0,0,,2,2,4,1,0,1,1,2,5,4,13.3,1,2015-16
22015,201155,Rodney Stuckey,1610612754,IND,Indiana Pacers,0021500080,2015-11-06,IND vs. MIA,W,10,3,6,0.5,0,0,,0,0,,0,1,1,1,0,0,0,0,6,-12,8.7,1,2015-16
22015,202331,Paul George,1610612754,IND,Indiana Pacers,0021500080,2015-11-06,IND vs. MIA,W,38,14,27,0.519,2,6,0.333,6,8,0.75,3,9,12,3,3,1,4,0,36,8,62.9,1,2015-16
22015,203917,Nik Stauskas,1610612755,PHI,Philadelphia 76ers,0021500078,2015-11-06,PHI @ CLE,L,38,6,10,0.6,2,6,0.333,0,0,,0,3,3,2,1,0,3,2,14,-15,20.6,1,2015-16
22015,101179,Ronnie Price,1610612756,PHX,Phoenix Suns,0021500082,2015-11-06,PHX vs. DET,L,12,2,6,0.333,2,5,0.4,0,0,,0,1,1,2,0,1,0,4,6,-12,13.2,1,2015-16
22015,203458,Alex Len,1610612756,PHX,Phoenix Suns,0021500082,2015-11-06,PHX vs. DET,L,9,1,2,0.5,0,0,,2,2,1.0,2,5,7,0,0,0,2,2,4,-5,10.4,1,2015-16
22015,200752,Rudy Gay,1610612758,SAC,Sacramento Kings,0021500084,2015-11-06,SAC vs. HOU,L,26,5,15,0.333,1,2,0.5,4,6,0.667,1,4,5,2,1,0,2,4,15,-23,25.0,1,2015-16
22015,201585,Kosta Koufos,1610612758,SAC,Sacramento Kings,0021500084,2015-11-06,SAC vs. HOU,L,25,3,7,0.429,0,0,,0,0,,4,3,7,0,1,1,1,3,6,-32,19.4,1,2015-16
22015,203552,Seth Curry,1610612758,SAC,Sacramento Kings,0021500084,2015-11-06,SAC vs. HOU,L,15,3,4,0.75,2,2,1.0,0,0,,0,0,0,2,0,0,0,0,8,10,11.0,1,2015-16
22015,200768,Kyle Lowry,1610612761,TOR,Toronto Raptors,0021500075,2015-11-06,TOR @ ORL,L,32,6,16,0.375,3,7,0.429,2,3,0.667,1,4,5,3,1,0,3,3,17,-2,27.5,1,2015-16
22015,2403,Nene,1610612764,WAS,Washington Wizards,0021500076,2015-11-06,WAS @ BOS,L,15,1,4,0.25,0,0,,3,4,0.75,2,2,4,0,0,0,2,1,5,-20,7.8,1,2015-16
22015,101162,Marcin Gortat,1610612764,WAS,Washington Wizards,0021500076,2015-11-06,WAS @ BOS,L,26,4,7,0.571,0,0,,2,3,0.667,1,7,8,5,1,3,1,2,10,6,38.1,1,2015-16
22015,201971,DeJuan Blair,1610612764,WAS,Washington Wizards,0021500076,2015-11-06,WAS @ BOS,L,8,0,1,0.0,0,0,,0,0,,1,1,2,0,1,0,3,5,0,-6,2.4,1,2015-16
22015,202390,Gary Neal,1610612764,WAS,Washington Wizards,0021500076,2015-11-06,WAS @ BOS,L,17,1,4,0.25,0,1,0.0,0,0,,0,1,1,0,0,0,2,2,2,-24,1.2,1,2015-16
22015,1626162,Kelly Oubre Jr.,1610612764,WAS,Washington Wizards,0021500076,2015-11-06,WAS @ BOS,L,14,3,9,0.333,0,4,0.0,1,3,0.333,0,2,2,2,0,0,1,3,7,3,11.4,1,2015-16
22015,101141,Ersan Ilyasova,1610612765,DET,Detroit Pistons,0021500082,2015-11-06,DET @ PHX,W,21,2,6,0.333,1,3,0.333,1,1,1.0,1,3,4,0,1,1,2,2,6,3,14.8,1,2015-16
22015,203484,Kentavious Caldwell-Pope,1610612765,DET,Detroit Pistons,0021500082,2015-11-06,DET @ PHX,W,36,8,10,0.8,1,1,1.0,1,1,1.0,0,2,2,1,1,0,1,1,18,4,23.9,1,2015-16
22015,1626169,Stanley Johnson,1610612765,DET,Detroit Pistons,0021500082,2015-11-06,DET @ PHX,W,22,2,5,0.4,0,2,0.0,1,3,0.333,0,5,5,2,1,0,3,5,5,7,14.0,1,2015-16
22015,201143,Al Horford,1610612737,ATL,Atlanta Hawks,0021500081,2015-11-06,ATL @ NOP,W,30,7,15,0.467,0,3,0.0,0,0,,1,4,5,4,1,2,2,5,14,10,33.0,1,2015-16
22015,203200,Justin Holiday,1610612737,ATL,Atlanta Hawks,0021500081,2015-11-06,ATL @ NOP,W,15,2,3,0.667,0,0,,0,0,,0,2,2,1,0,0,1,2,4,-1,6.9,1,2015-16
22015,101161,Amir Johnson,1610612738,BOS,Boston Celtics,0021500076,2015-11-06,BOS vs. WAS,W,18,2,4,0.5,0,1,0.0,1,2,0.5,2,4,6,0,0,0,2,4,5,-8,10.2,1,2015-16
22015,202340,Avery Bradley,1610612738,BOS,Boston Celtics,0021500076,2015-11-06,BOS vs. WAS,W,26,2,6,0.333,2,5,0.4,0,0,,0,0,0,2,2,0,2,1,6,6,13.0,1,2015-16
22015,203109,Jae Crowder,1610612738,BOS,Boston Celtics,0021500076,2015-11-06,BOS vs. WAS,W,28,4,12,0.333,0,3,0.0,4,5,0.8,3,7,10,2,5,1,1,0,12,9,44.0,1,2015-16
22015,203482,Kelly Olynyk,1610612738,BOS,Boston Celtics,0021500076,2015-11-06,BOS vs. WAS,W,27,7,11,0.636,3,5,0.6,2,3,0.667,2,5,7,4,4,1,3,0,19,29,45.4,1,2015-16
22015,1626154,RJ Hunter,1610612738,BOS,Boston Celtics,0021500076,2015-11-06,BOS vs. WAS,W,5,0,3,0.0,0,2,0.0,0,0,,0,1,1,0,0,0,0,2,0,-4,1.2,1,2015-16
22015,1626175,Jordan Mickey,1610612738,BOS,Boston Celtics,0021500076,2015-11-06,BOS vs. WAS,W,3,1,2,0.5,0,0,,1,1,1.0,1,0,1,0,0,1,0,0,3,1,7.2,1,2015-16
22015,2210,Richard Jefferson,1610612739,CLE,Cleveland Cavaliers,0021500078,2015-11-06,CLE vs. PHI,W,29,7,11,0.636,3,3,1.0,0,0,,0,1,1,2,0,0,2,3,17,-8,19.2,1,2015-16
22015,201567,Kevin Love,1610612739,CLE,Cleveland Cavaliers,0021500078,2015-11-06,CLE vs. PHI,W,34,5,16,0.313,2,10,0.2,0,0,,5,9,14,2,2,0,5,2,12,14,32.8,1,2015-16
22015,202389,Timofey Mozgov,1610612739,CLE,Cleveland Cavaliers,0021500078,2015-11-06,CLE vs. PHI,W,19,6,7,0.857,0,0,,1,2,0.5,2,4,6,0,0,0,1,2,13,12,19.2,1,2015-16
22015,201962,Toney Douglas,1610612740,NOP,New Orleans Pelicans,0021500081,2015-11-06,NOP vs. ATL,L,8,1,3,0.333,1,2,0.5,0,0,,0,0,0,0,0,0,1,0,3,-2,2.0,1,2015-16
22015,202087,Alonzo Gee,1610612740,NOP,New Orleans Pelicans,0021500081,2015-11-06,NOP vs. ATL,L,4,0,2,0.0,0,0,,0,0,,1,0,1,0,0,0,0,0,0,-5,1.2,1,2015-16
22015,2749,Jameer Nelson,1610612743,DEN,Denver Nuggets,0021500083,2015-11-06,DEN @ GSW,L,21,4,8,0.5,2,6,0.333,0,0,,0,1,1,4,2,0,4,3,10,-12,19.2,1,2015-16
22015,200751,Randy Foye,1610612743,DEN,Denver Nuggets,0021500083,2015-11-06,DEN @ GSW,L,18,0,5,0.0,0,2,0.0,0,0,,0,3,3,3,0,0,2,0,0,-6,6.1,1,2015-16
22015,203123,Kostas Papanikolaou,1610612743,DEN,Denver Nuggets,0021500083,2015-11-06,DEN @ GSW,L,2,0,0,,0,0,,0,0,,0,1,1,0,0,0,0,0,0,2,1.2,1,2015-16
22015,201939,Stephen Curry,1610612744,GSW,Golden State Warriors,0021500083,2015-11-06,GSW vs. DEN,W,35,12,22,0.545,8,16,0.5,2,3,0.667,0,7,7,10,3,1,4,1,34,14,65.4,1,2015-16
22015,203105,Festus Ezeli,1610612744,GSW,Golden State Warriors,0021500083,2015-11-06,GSW vs. DEN,W,18,7,7,1.0,0,0,,2,4,0.5,3,4,7,2,1,2,3,4,16,4,33.4,1,2015-16
22015,203949,James Michael McAdoo,1610612744,GSW,Golden State Warriors,0021500083,2015-11-06,GSW vs. DEN,W,10,1,4,0.25,0,0,,1,4,0.25,2,0,2,1,1,0,0,0,3,2,9.9,1,2015-16
22015,201951,Ty Lawson,1610612745,HOU,Houston Rockets,0021500084,2015-11-06,HOU @ SAC,W,41,5,12,0.417,3,6,0.5,0,0,,2,3,5,2,2,0,3,4,13,15,25.0,1,2015-16
22015,1626149,Montrezl Harrell,1610612745,HOU,Houston Rockets,0021500084,2015-11-06,HOU @ SAC,W,7,1,4,0.25,0,0,,1,2,0.5,2,0,2,0,0,0,2,1,3,-10,3.4,1,2015-16
22015,204028,Tarik Black,1610612747,LAL,Los Angeles Lakers,0021500077,2015-11-06,LAL @ BKN,W,18,1,2,0.5,0,0,,5,8,0.625,2,4,6,0,1,0,2,4,7,6,15.2,1,2015-16
22015,203114,Khris Middleton,1610612749,MIL,Milwaukee Bucks,0021500079,2015-11-06,MIL @ NYK,W,38,3,9,0.333,1,3,0.333,6,6,1.0,0,5,5,2,1,0,2,5,13,14,23.0,1,2015-16
22015,203898,Tyler Ennis,1610612749,MIL,Milwaukee Bucks,0021500079,2015-11-06,MIL @ NYK,W,17,1,4,0.25,0,0,,2,2,1.0,1,3,4,3,0,0,1,3,4,-1,12.3,1,2015-16
22015,203948,Johnny O'Bryant III,1610612749,MIL,Milwaukee Bucks,0021500079,2015-11-06,MIL @ NYK,W,16,4,4,1.0,0,0,,3,5,0.6,2,1,3,0,0,0,0,3,11,-5,14.6,1,2015-16
22015,2207,Joe Johnson,1610612751,BKN,Brooklyn Nets,0021500077,2015-11-06,BKN vs. LAL,L,38,8,16,0.5,1,5,0.2,5,5,1.0,0,3,3,2,2,1,3,2,22,-6,34.6,1,2015-16
22015,200745,Andrea Bargnani,1610612751,BKN,Brooklyn Nets,0021500077,2015-11-06,BKN vs. LAL,L,10,0,2,0.0,0,0,,0,0,,0,0,0,0,0,0,1,4,0,-3,-1.0,1,2015-16
22015,101181,Jose Calderon,1610612752,NYK,New York Knicks,0021500079,2015-11-06,NYK vs. MIL,L,16,0,3,0.0,0,3,0.0,0,0,,1,1,2,5,0,0,1,2,0,-7,8.9,1,2015-16
22015,201577,Robin Lopez,1610612752,NYK,New York Knicks,0021500079,2015-11-06,NYK vs. MIL,L,22,6,9,0.667,0,0,,0,0,,0,2,2,0,0,1,1,3,12,1,16.4,1,2015-16
22015,202338,Kevin Seraphin,1610612752,NYK,New York Knicks,0021500079,2015-11-06,NYK vs. MIL,L,4,0,0,,0,0,,0,0,,0,1,1,0,0,0,0,0,0,0,1.2,1,2015-16
22015,203095,Evan Fournier,1610612753,ORL,Orlando Magic,0021500075,2015-11-06,ORL vs. TOR,W,28,3,11,0.273,1,4,0.25,4,4,1.0,0,1,1,1,0,0,1,1,11,-10,12.7,1,2015-16
22015,203138,Hollis Thompson,1610612755,PHI,Philadelphia 76ers,0021500078,2015-11-06,PHI @ CLE,L,26,3,6,0.5,2,4,0.5,0,0,,1,7,8,3,0,0,0,2,8,9,22.1,1,2015-16
22015,203477,Isaiah Canaan,1610612755,PHI,Philadelphia 76ers,0021500078,2015-11-06,PHI @ CLE,L,22,5,8,0.625,3,5,0.6,4,4,1.0,0,0,0,4,0,0,1,1,17,9,22.0,1,2015-16
22015,200765,Rajon Rondo,1610612758,SAC,Sacramento Kings,0021500084,2015-11-06,SAC vs. HOU,L,24,6,14,0.429,0,2,0.0,0,0,,3,5,8,5,3,0,4,1,12,-17,34.1,1,2015-16
22015,202341,James Anderson,1610612758,SAC,Sacramento Kings,0021500084,2015-11-06,SAC vs. HOU,L,18,0,4,0.0,0,3,0.0,2,2,1.0,1,4,5,0,0,0,0,0,2,-18,8.0,1,2015-16
22015,201942,DeMar DeRozan,1610612761,TOR,Toronto Raptors,0021500075,2015-11-06,TOR @ ORL,L,41,7,15,0.467,0,1,0.0,9,12,0.75,3,4,7,2,0,2,2,1,23,3,38.4,1,2015-16
22015,202685,Jonas Valančiūnas,1610612761,TOR,Toronto Raptors,0021500075,2015-11-06,TOR @ ORL,L,23,3,6,0.5,0,0,,2,3,0.667,4,9,13,0,0,2,0,3,8,10,29.6,1,2015-16
22015,203461,Anthony Bennett,1610612761,TOR,Toronto Raptors,0021500075,2015-11-06,TOR @ ORL,L,6,0,2,0.0,0,2,0.0,2,2,1.0,1,0,1,0,2,0,0,0,2,-8,9.2,1,2015-16
22015,203078,Bradley Beal,1610612764,WAS,Washington Wizards,0021500076,2015-11-06,WAS @ BOS,L,31,9,15,0.6,3,4,0.75,3,3,1.0,0,5,5,2,1,1,2,1,24,-7,37.0,1,2015-16
22015,201229,Anthony Tolliver,1610612765,DET,Detroit Pistons,0021500082,2015-11-06,DET @ PHX,W,25,1,5,0.2,1,5,0.2,1,2,0.5,0,6,6,0,0,0,0,2,4,4,11.2,1,2015-16
22015,202694,Marcus Morris Sr.,1610612765,DET,Detroit Pistons,0021500082,2015-11-06,DET @ PHX,W,39,7,14,0.5,2,4,0.5,4,6,0.667,1,5,6,2,2,0,1,1,20,6,35.2,1,2015-16
22015,202704,Reggie Jackson,1610612765,DET,Detroit Pistons,0021500082,2015-11-06,DET @ PHX,W,30,8,18,0.444,1,4,0.25,6,8,0.75,0,6,6,7,0,1,4,3,23,7,39.7,1,2015-16
22015,203083,Andre Drummond,1610612765,DET,Detroit Pistons,0021500082,2015-11-06,DET @ PHX,W,36,5,9,0.556,0,0,,2,13,0.154,4,13,17,0,2,1,3,4,12,1,38.4,1,2015-16
22015,203382,Aron Baynes,1610612765,DET,Detroit Pistons,0021500082,2015-11-06,DET @ PHX,W,12,1,1,1.0,0,0,,2,2,1.0,0,0,0,1,1,0,0,3,4,7,8.5,1,2015-16
22015,203471,Dennis Schröder,1610612737,ATL,Atlanta Hawks,0021500081,2015-11-06,ATL @ NOP,W,19,6,8,0.75,3,4,0.75,0,0,,0,0,0,5,0,0,1,0,15,2,21.5,1,2015-16
22015,201973,Jonas Jerebko,1610612738,BOS,Boston Celtics,0021500076,2015-11-06,BOS vs. WAS,W,20,1,3,0.333,0,0,,4,4,1.0,2,5,7,0,0,0,1,2,6,18,13.4,1,2015-16
22015,202738,Isaiah Thomas,1610612738,BOS,Boston Celtics,0021500076,2015-11-06,BOS vs. WAS,W,26,5,15,0.333,1,3,0.333,5,6,0.833,0,1,1,8,2,0,3,0,16,9,32.2,1,2015-16
22015,203092,Tyler Zeller,1610612738,BOS,Boston Celtics,0021500076,2015-11-06,BOS vs. WAS,W,5,3,4,0.75,0,0,,1,2,0.5,1,1,2,0,0,0,0,2,7,-4,9.4,1,2015-16
22015,203521,Matthew Dellavedova,1610612739,CLE,Cleveland Cavaliers,0021500078,2015-11-06,CLE vs. PHI,W,26,4,11,0.364,1,2,0.5,2,2,1.0,0,1,1,1,1,0,2,4,11,-15,14.7,1,2015-16
22015,201967,Dante Cunningham,1610612740,NOP,New Orleans Pelicans,0021500081,2015-11-06,NOP vs. ATL,L,23,3,6,0.5,1,2,0.5,1,1,1.0,0,3,3,1,0,0,0,3,8,-9,13.1,1,2015-16
22015,202337,Luke Babbitt,1610612740,NOP,New Orleans Pelicans,0021500081,2015-11-06,NOP vs. ATL,L,29,5,10,0.5,1,6,0.167,2,2,1.0,0,4,4,1,0,0,1,5,13,-2,18.3,1,2015-16
22015,201589,Darrell Arthur,1610612743,DEN,Denver Nuggets,0021500083,2015-11-06,DEN @ GSW,L,12,1,5,0.2,0,1,0.0,2,2,1.0,2,1,3,1,1,0,0,4,4,6,12.1,1,2015-16
22015,203084,Harrison Barnes,1610612744,GSW,Golden State Warriors,0021500083,2015-11-06,GSW vs. DEN,W,31,8,13,0.615,2,4,0.5,3,3,1.0,1,4,5,1,1,0,0,3,21,6,31.5,1,2015-16
22015,203546,Ian Clark,1610612744,GSW,Golden State Warriors,0021500083,2015-11-06,GSW vs. DEN,W,8,0,2,0.0,0,1,0.0,0,0,,0,1,1,3,0,0,1,0,0,0,4.7,1,2015-16
22015,201935,James Harden,1610612745,HOU,Houston Rockets,0021500084,2015-11-06,HOU @ SAC,W,42,13,23,0.565,4,10,0.4,13,16,0.813,2,4,6,13,2,0,7,0,43,24,68.7,1,2015-16
22015,203991,Clint Capela,1610612745,HOU,Houston Rockets,0021500084,2015-11-06,HOU @ SAC,W,26,6,8,0.75,0,0,,1,3,0.333,2,10,12,2,0,4,2,5,13,19,40.4,1,2015-16
22015,201156,Nick Young,1610612747,LAL,Los Angeles Lakers,0021500077,2015-11-06,LAL @ BKN,W,16,3,9,0.333,2,5,0.4,2,2,1.0,0,1,1,0,0,1,0,1,10,6,14.2,1,2015-16
22015,203944,Julius Randle,1610612747,LAL,Los Angeles Lakers,0021500077,2015-11-06,LAL @ BKN,W,32,5,9,0.556,0,0,,4,6,0.667,0,7,7,3,1,1,3,2,14,-6,29.9,1,2015-16
22015,2547,Chris Bosh,1610612748,MIA,Miami Heat,0021500080,2015-11-06,MIA @ IND,L,35,7,16,0.438,1,5,0.2,6,7,0.857,2,9,11,2,1,1,0,0,21,6,43.2,1,2015-16
22015,2736,Luol Deng,1610612748,MIA,Miami Heat,0021500080,2015-11-06,MIA @ IND,L,26,4,7,0.571,1,2,0.5,0,0,,1,1,2,0,0,0,2,1,9,-14,9.4,1,2015-16
22015,201177,Josh McRoberts,1610612748,MIA,Miami Heat,0021500080,2015-11-06,MIA @ IND,L,17,3,4,0.75,2,3,0.667,0,0,,0,2,2,5,0,0,2,1,8,14,15.9,1,2015-16
22015,201609,Goran Dragic,1610612748,MIA,Miami Heat,0021500080,2015-11-06,MIA @ IND,L,31,5,11,0.455,1,2,0.5,0,0,,0,2,2,4,0,0,5,4,11,-6,14.4,1,2015-16
22015,202355,Hassan Whiteside,1610612748,MIA,Miami Heat,0021500080,2015-11-06,MIA @ IND,L,33,4,10,0.4,0,0,,0,1,0.0,1,11,12,0,1,4,1,1,8,-23,36.4,1,2015-16
22015,1626159,Justise Winslow,1610612748,MIA,Miami Heat,0021500080,2015-11-06,MIA @ IND,L,31,6,10,0.6,0,1,0.0,1,1,1.0,2,6,8,1,0,0,0,5,13,10,24.1,1,2015-16
22015,201573,Jerryd Bayless,1610612749,MIL,Milwaukee Bucks,0021500079,2015-11-06,MIL @ NYK,W,28,2,9,0.222,1,5,0.2,0,0,,0,2,2,4,1,0,2,3,5,-3,14.4,1,2015-16
22015,203953,Jabari Parker,1610612749,MIL,Milwaukee Bucks,0021500079,2015-11-06,MIL @ NYK,W,18,3,6,0.5,0,0,,0,0,,0,1,1,1,0,0,1,1,6,10,7.7,1,2015-16
22015,201961,Wayne Ellington,1610612751,BKN,Brooklyn Nets,0021500077,2015-11-06,BKN vs. LAL,L,12,1,4,0.25,0,1,0.0,0,0,,0,1,1,0,0,0,0,1,2,0,3.2,1,2015-16
22015,202498,Lance Thomas,1610612752,NYK,New York Knicks,0021500079,2015-11-06,NYK vs. MIL,L,17,2,5,0.4,0,1,0.0,1,1,1.0,0,2,2,0,0,0,0,1,5,-9,7.4,1,2015-16
22015,203124,Kyle O'Quinn,1610612752,NYK,New York Knicks,0021500079,2015-11-06,NYK vs. MIL,L,17,3,5,0.6,0,0,,0,0,,2,3,5,0,0,3,2,1,6,-5,19.0,1,2015-16
22015,203473,Dewayne Dedmon,1610612753,ORL,Orlando Magic,0021500075,2015-11-06,ORL vs. TOR,W,30,3,5,0.6,0,0,,4,6,0.667,0,4,4,1,0,3,1,6,10,-6,24.3,1,2015-16
22015,203901,Elfrid Payton,1610612753,ORL,Orlando Magic,0021500075,2015-11-06,ORL vs. TOR,W,15,0,4,0.0,0,1,0.0,0,0,,1,1,2,2,0,0,2,2,0,-17,3.4,1,2015-16
22015,101133,Ian Mahinmi,1610612754,IND,Indiana Pacers,0021500080,2015-11-06,IND vs. MIA,W,25,3,8,0.375,0,0,,0,2,0.0,1,5,6,2,0,3,1,3,6,10,24.2,1,2015-16
22015,101145,Monta Ellis,1610612754,IND,Indiana Pacers,0021500080,2015-11-06,IND vs. MIA,W,36,2,8,0.25,0,2,0.0,0,0,,0,4,4,8,1,0,3,1,4,7,20.8,1,2015-16
22015,201941,Jordan Hill,1610612754,IND,Indiana Pacers,0021500080,2015-11-06,IND vs. MIA,W,24,5,10,0.5,0,0,,0,0,,3,7,10,0,0,1,2,2,10,13,23.0,1,2015-16
22015,201978,Chase Budinger,1610612754,IND,Indiana Pacers,0021500080,2015-11-06,IND vs. MIA,W,15,0,2,0.0,0,2,0.0,3,5,0.6,0,1,1,0,0,0,1,1,3,-26,3.2,1,2015-16
22015,203922,Glenn Robinson III,1610612754,IND,Indiana Pacers,0021500080,2015-11-06,IND vs. MIA,W,16,3,5,0.6,0,1,0.0,1,2,0.5,1,1,2,1,0,0,0,0,7,2,10.9,1,2015-16
22015,1626167,Myles Turner,1610612754,IND,Indiana Pacers,0021500080,2015-11-06,IND vs. MIA,W,13,1,4,0.25,0,0,,0,0,,0,2,2,0,0,0,1,3,2,-22,3.4,1,2015-16
22015,203960,JaKarr Sampson,1610612755,PHI,Philadelphia 76ers,0021500078,2015-11-06,PHI @ CLE,L,10,2,3,0.667,0,0,,1,2,0.5,0,2,2,0,1,0,1,4,5,-3,9.4,1,2015-16
22015,1626174,Christian Wood,1610612755,PHI,Philadelphia 76ers,0021500078,2015-11-06,PHI @ CLE,L,1,0,0,,0,0,,0,0,,0,0,0,0,0,0,0,0,0,3,0.0,1,2015-16
22015,202688,Brandon Knight,1610612756,PHX,Phoenix Suns,0021500082,2015-11-06,PHX vs. DET,L,39,8,19,0.421,3,9,0.333,3,4,0.75,0,2,2,3,1,2,2,1,22,0,35.9,1,2015-16
22015,202720,Jon Leuer,1610612756,PHX,Phoenix Suns,0021500082,2015-11-06,PHX vs. DET,L,13,1,4,0.25,1,2,0.5,0,0,,2,2,4,1,0,0,2,1,3,-2,7.3,1,2015-16
22015,203933,T.J. Warren,1610612756,PHX,Phoenix Suns,0021500082,2015-11-06,PHX vs. DET,L,16,2,6,0.333,0,0,,1,2,0.5,2,1,3,0,1,0,0,3,5,-14,11.6,1,2015-16
22015,201954,Darren Collison,1610612758,SAC,Sacramento Kings,0021500084,2015-11-06,SAC vs. HOU,L,31,7,16,0.438,3,6,0.5,5,6,0.833,0,0,0,9,2,0,3,1,22,17,38.5,1,2015-16
22015,203463,Ben McLemore,1610612758,SAC,Sacramento Kings,0021500084,2015-11-06,SAC vs. HOU,L,23,3,8,0.375,1,5,0.2,4,6,0.667,0,4,4,4,3,0,3,2,11,12,27.8,1,2015-16
22015,201960,DeMarre Carroll,1610612761,TOR,Toronto Raptors,0021500075,2015-11-06,TOR @ ORL,L,36,3,13,0.231,1,5,0.2,2,2,1.0,0,2,2,2,0,0,0,2,9,-15,14.4,1,2015-16
22015,203082,Terrence Ross,1610612761,TOR,Toronto Raptors,0021500075,2015-11-06,TOR @ ORL,L,15,0,3,0.0,0,2,0.0,0,0,,0,0,0,0,1,0,0,2,0,-6,3.0,1,2015-16
22015,202322,John Wall,1610612764,WAS,Washington Wizards,0021500076,2015-11-06,WAS @ BOS,L,28,6,17,0.353,0,3,0.0,1,1,1.0,2,3,5,8,3,3,8,4,13,4,41.0,1,2015-16
22015,2581,Steve Blake,1610612765,DET,Detroit Pistons,0021500082,2015-11-06,DET @ PHX,W,18,3,6,0.5,2,3,0.667,0,0,,0,1,1,2,0,0,1,0,8,1,11.2,1,2015-16
22015,201168,Tiago Splitter,1610612737,ATL,Atlanta Hawks,0021500081,2015-11-06,ATL @ NOP,W,20,1,5,0.2,0,0,,4,4,1.0,2,3,5,0,0,0,0,1,6,-4,12.0,1,2015-16
22015,203118,Mike Scott,1610612737,ATL,Atlanta Hawks,0021500081,2015-11-06,ATL @ NOP,W,14,3,5,0.6,1,3,0.333,2,2,1.0,1,1,2,1,0,0,2,1,9,6,10.9,1,2015-16
22015,203145,Kent Bazemore,1610612737,ATL,Atlanta Hawks,0021500081,2015-11-06,ATL @ NOP,W,33,2,5,0.4,0,1,0.0,6,7,0.857,0,5,5,4,3,1,2,3,10,2,32.0,1,2015-16
22015,202323,Evan Turner,1610612738,BOS,Boston Celtics,0021500076,2015-11-06,BOS vs. WAS,W,30,7,12,0.583,2,4,0.5,0,0,,0,6,6,2,3,0,2,3,16,26,33.2,1,2015-16
22015,1626179,Terry Rozier,1610612738,BOS,Boston Celtics,0021500076,2015-11-06,BOS vs. WAS,W,19,2,8,0.25,1,3,0.333,0,0,,1,0,1,3,0,0,0,2,5,4,10.7,1,2015-16
22015,2544,LeBron James,1610612739,CLE,Cleveland Cavaliers,0021500078,2015-11-06,CLE vs. PHI,W,36,12,22,0.545,3,5,0.6,4,6,0.667,0,4,4,13,2,0,2,1,31,24,59.3,1,2015-16
22015,203099,Jared Cunningham,1610612739,CLE,Cleveland Cavaliers,0021500078,2015-11-06,CLE vs. PHI,W,20,0,1,0.0,0,0,,0,0,,0,1,1,1,1,0,1,2,0,16,4.7,1,2015-16
22015,201950,Jrue Holiday,1610612740,NOP,New Orleans Pelicans,0021500081,2015-11-06,NOP vs. ATL,L,23,1,2,0.5,1,2,0.5,1,2,0.5,0,1,1,8,1,0,7,0,4,0,13.2,1,2015-16
22015,201568,Danilo Gallinari,1610612743,DEN,Denver Nuggets,0021500083,2015-11-06,DEN @ GSW,L,34,7,13,0.538,2,4,0.5,9,9,1.0,1,2,3,1,0,0,1,1,25,-11,29.1,1,2015-16
22015,203115,Will Barton,1610612743,DEN,Denver Nuggets,0021500083,2015-11-06,DEN @ GSW,L,39,7,16,0.438,2,4,0.5,3,3,1.0,0,8,8,5,2,1,3,2,19,-3,42.1,1,2015-16
22015,1626144,Emmanuel Mudiay,1610612743,DEN,Denver Nuggets,0021500083,2015-11-06,DEN @ GSW,L,30,6,20,0.3,0,4,0.0,1,2,0.5,1,3,4,5,4,1,4,3,13,-11,36.3,1,2015-16
22015,203110,Draymond Green,1610612744,GSW,Golden State Warriors,0021500083,2015-11-06,GSW vs. DEN,W,33,5,9,0.556,2,3,0.667,0,0,,2,7,9,8,0,1,2,3,12,18,35.8,1,2015-16
22015,2772,Trevor Ariza,1610612745,HOU,Houston Rockets,0021500084,2015-11-06,HOU @ SAC,W,37,6,13,0.462,4,8,0.5,2,2,1.0,1,7,8,1,2,0,1,4,18,27,34.1,1,2015-16
22015,1897,Metta World Peace,1610612747,LAL,Los Angeles Lakers,0021500077,2015-11-06,LAL @ BKN,W,17,1,3,0.333,1,3,0.333,0,0,,0,3,3,1,1,1,0,0,3,12,14.1,1,2015-16
22015,101150,Lou Williams,1610612747,LAL,Los Angeles Lakers,0021500077,2015-11-06,LAL @ BKN,W,25,2,9,0.222,0,4,0.0,6,6,1.0,0,1,1,3,1,0,0,2,10,8,18.7,1,2015-16
22015,202349,Greivis Vasquez,1610612749,MIL,Milwaukee Bucks,0021500079,2015-11-06,MIL @ NYK,W,31,3,8,0.375,1,4,0.25,1,1,1.0,0,4,4,5,1,0,1,2,8,8,22.3,1,2015-16
22015,203507,Giannis Antetokounmpo,1610612749,MIL,Milwaukee Bucks,0021500079,2015-11-06,MIL @ NYK,W,36,7,13,0.538,0,0,,6,6,1.0,1,6,7,1,2,1,1,4,20,7,37.9,1,2015-16
22015,201572,Brook Lopez,1610612751,BKN,Brooklyn Nets,0021500077,2015-11-06,BKN vs. LAL,L,39,8,19,0.421,0,1,0.0,7,7,1.0,4,6,10,1,0,4,2,3,23,-4,46.5,1,2015-16
22015,201160,Jason Smith,1610612753,ORL,Orlando Magic,0021500075,2015-11-06,ORL vs. TOR,W,8,0,1,0.0,0,0,,0,0,,0,3,3,0,0,0,0,3,0,3,3.6,1,2015-16
22015,202699,Tobias Harris,1610612753,ORL,Orlando Magic,0021500075,2015-11-06,ORL vs. TOR,W,36,8,10,0.8,2,2,1.0,2,4,0.5,2,7,9,2,1,0,4,2,20,6,32.8,1,2015-16
22015,203506,Victor Oladipo,1610612753,ORL,Orlando Magic,0021500075,2015-11-06,ORL vs. TOR,W,31,7,14,0.5,1,2,0.5,3,4,0.75,0,7,7,6,2,0,1,1,18,8,40.4,1,2015-16
22015,201588,George Hill,1610612754,IND,Indiana Pacers,0021500080,2015-11-06,IND vs. MIA,W,40,3,6,0.5,3,4,0.75,3,5,0.6,0,0,0,4,0,0,0,3,12,12,18.0,1,2015-16
22015,203457,Nerlens Noel,1610612755,PHI,Philadelphia 76ers,0021500078,2015-11-06,PHI @ CLE,L,36,9,18,0.5,0,0,,0,0,,3,9,12,2,5,2,3,1,18,-7,53.4,1,2015-16
22015,1626143,Jahlil Okafor,1610612755,PHI,Philadelphia 76ers,0021500078,2015-11-06,PHI @ CLE,L,37,8,17,0.471,0,0,,2,3,0.667,1,5,6,3,0,0,2,3,18,-13,27.7,1,2015-16
22015,1626158,Richaun Holmes,1610612755,PHI,Philadelphia 76ers,0021500078,2015-11-06,PHI @ CLE,L,12,1,2,0.5,0,0,,1,2,0.5,1,0,1,2,0,0,1,1,3,9,6.2,1,2015-16
22015,2199,Tyson Chandler,1610612756,PHX,Phoenix Suns,0021500082,2015-11-06,PHX vs. DET,L,35,2,3,0.667,0,0,,0,0,,2,8,10,0,1,0,1,5,4,-6,18.0,1,2015-16
22015,203141,Mirza Teletovic,1610612756,PHX,Phoenix Suns,0021500082,2015-11-06,PHX vs. DET,L,9,1,2,0.5,1,2,0.5,0,0,,0,1,1,0,0,0,0,0,3,-10,4.2,1,2015-16
22015,201956,Omri Casspi,1610612758,SAC,Sacramento Kings,0021500084,2015-11-06,SAC vs. HOU,L,33,8,10,0.8,2,3,0.667,4,5,0.8,1,3,4,1,2,0,2,4,22,22,32.3,1,2015-16
22015,2449,Luis Scola,1610612761,TOR,Toronto Raptors,0021500075,2015-11-06,TOR @ ORL,L,21,3,11,0.273,1,1,1.0,0,0,,3,3,6,4,1,0,2,1,7,3,21.2,1,2015-16
22015,202709,Cory Joseph,1610612761,TOR,Toronto Raptors,0021500075,2015-11-06,TOR @ ORL,L,29,7,9,0.778,0,1,0.0,5,6,0.833,0,1,1,0,0,0,1,2,19,-2,19.2,1,2015-16
22015,201162,Jared Dudley,1610612764,WAS,Washington Wizards,0021500076,2015-11-06,WAS @ BOS,L,27,3,7,0.429,1,4,0.25,1,2,0.5,1,6,7,1,1,0,2,0,8,-23,18.9,1,2015-16
22015,2594,Kyle Korver,1610612737,ATL,Atlanta Hawks,0021500081,2015-11-06,ATL @ NOP,W,33,8,8,1.0,4,4,1.0,2,2,1.0,0,7,7,5,3,1,0,2,22,16,49.9,1,2015-16
22015,200794,Paul Millsap,1610612737,ATL,Atlanta Hawks,0021500081,2015-11-06,ATL @ NOP,W,34,7,11,0.636,0,2,0.0,8,10,0.8,1,11,12,1,2,1,4,4,22,0,42.9,1,2015-16
22015,101135,David Lee,1610612738,BOS,Boston Celtics,0021500076,2015-11-06,BOS vs. WAS,W,13,1,4,0.25,0,0,,0,0,,0,3,3,0,1,0,1,3,2,5,7.6,1,2015-16
22015,2590,Mo Williams,1610612739,CLE,Cleveland Cavaliers,0021500078,2015-11-06,CLE vs. PHI,W,31,8,12,0.667,0,2,0.0,0,0,,0,2,2,8,2,0,2,2,16,2,34.4,1,2015-16
22015,202684,Tristan Thompson,1610612739,CLE,Cleveland Cavaliers,0021500078,2015-11-06,CLE vs. PHI,W,23,1,1,1.0,0,0,,1,2,0.5,2,9,11,0,0,0,0,2,3,-3,16.2,1,2015-16
22015,201569,Eric Gordon,1610612740,NOP,New Orleans Pelicans,0021500081,2015-11-06,NOP vs. ATL,L,39,8,15,0.533,3,7,0.429,3,3,1.0,0,2,2,2,1,1,1,5,22,-7,32.4,1,2015-16
22015,201583,Ryan Anderson,1610612740,NOP,New Orleans Pelicans,0021500081,2015-11-06,NOP vs. ATL,L,30,4,10,0.4,2,7,0.286,0,0,,2,3,5,4,0,2,1,3,10,-7,27.0,1,2015-16
22015,203076,Anthony Davis,1610612740,NOP,New Orleans Pelicans,0021500081,2015-11-06,NOP vs. ATL,L,41,14,23,0.609,1,1,1.0,14,16,0.875,2,8,10,3,4,3,1,5,43,-1,79.5,1,2015-16
22015,2034,Mike Miller,1610612743,DEN,Denver Nuggets,0021500083,2015-11-06,DEN @ GSW,L,8,0,1,0.0,0,1,0.0,0,0,,0,2,2,0,2,0,0,1,0,-10,8.4,1,2015-16
22015,201581,JJ Hickson,1610612743,DEN,Denver Nuggets,0021500083,2015-11-06,DEN @ GSW,L,7,2,3,0.667,0,0,,1,2,0.5,1,0,1,0,0,1,2,2,5,-7,7.2,1,2015-16
22015,202702,Kenneth Faried,1610612743,DEN,Denver Nuggets,0021500083,2015-11-06,DEN @ GSW,L,21,4,9,0.444,0,0,,0,0,,3,8,11,1,0,1,1,2,8,-5,24.7,1,2015-16
22015,203914,Gary Harris,1610612743,DEN,Denver Nuggets,0021500083,2015-11-06,DEN @ GSW,L,29,6,8,0.75,2,2,1.0,2,2,1.0,0,3,3,2,1,0,1,1,16,-13,24.6,1,2015-16
22015,2571,Leandro Barbosa,1610612744,GSW,Golden State Warriors,0021500083,2015-11-06,GSW vs. DEN,W,12,2,6,0.333,1,3,0.333,1,2,0.5,1,2,3,1,1,0,2,3,6,3,12.1,1,2015-16
22015,2733,Shaun Livingston,1610612744,GSW,Golden State Warriors,0021500083,2015-11-06,GSW vs. DEN,W,19,1,2,0.5,0,0,,0,0,,2,2,4,2,0,1,3,2,2,6,9.8,1,2015-16
22015,201574,Jason Thompson,1610612744,GSW,Golden State Warriors,0021500083,2015-11-06,GSW vs. DEN,W,7,1,1,1.0,0,0,,0,0,,0,1,1,0,0,0,2,2,2,-2,1.2,1,2015-16
22015,201575,Brandon Rush,1610612744,GSW,Golden State Warriors,0021500083,2015-11-06,GSW vs. DEN,W,2,0,1,0.0,0,0,,0,0,,0,0,0,0,0,0,0,0,0,-2,0.0,1,2015-16
22015,202691,Klay Thompson,1610612744,GSW,Golden State Warriors,0021500083,2015-11-06,GSW vs. DEN,W,30,7,16,0.438,4,8,0.5,0,0,,0,6,6,5,0,0,1,0,18,13,31.7,1,2015-16
22015,1891,Jason Terry,1610612745,HOU,Houston Rockets,0021500084,2015-11-06,HOU @ SAC,W,13,1,3,0.333,0,2,0.0,0,0,,0,1,1,0,0,0,1,0,2,-25,2.2,1,2015-16
22015,201147,Corey Brewer,1610612745,HOU,Houston Rockets,0021500084,2015-11-06,HOU @ SAC,W,17,1,1,1.0,0,0,,2,2,1.0,1,0,1,1,1,0,1,3,4,-31,8.7,1,2015-16
22015,1626155,Sam Dekker,1610612745,HOU,Houston Rockets,0021500084,2015-11-06,HOU @ SAC,W,0,0,0,,0,0,,0,0,,0,0,0,0,0,0,0,0,0,-3,0.0,1,2015-16
22015,977,Kobe Bryant,1610612747,LAL,Los Angeles Lakers,0021500077,2015-11-06,LAL @ BKN,W,31,5,16,0.313,1,4,0.25,7,8,0.875,0,3,3,3,0,0,3,3,18,-6,23.1,1,2015-16
22015,203903,Jordan Clarkson,1610612747,LAL,Los Angeles Lakers,0021500077,2015-11-06,LAL @ BKN,W,33,6,12,0.5,1,4,0.25,3,4,0.75,1,1,2,3,2,0,3,2,16,3,25.9,1,2015-16
22015,1626156,D'Angelo Russell,1610612747,LAL,Los Angeles Lakers,0021500077,2015-11-06,LAL @ BKN,W,23,6,9,0.667,2,3,0.667,2,2,1.0,1,3,4,0,3,0,1,1,16,-2,28.8,1,2015-16
22015,203089,John Henson,1610612749,MIL,Milwaukee Bucks,0021500079,2015-11-06,MIL @ NYK,W,23,8,12,0.667,0,0,,6,7,0.857,4,1,5,1,1,3,1,1,22,9,40.5,1,2015-16
22015,203101,Miles Plumlee,1610612749,MIL,Milwaukee Bucks,0021500079,2015-11-06,MIL @ NYK,W,2,1,1,1.0,0,0,,0,0,,1,0,1,0,0,0,0,0,2,-2,3.2,1,2015-16
22015,201152,Thaddeus Young,1610612751,BKN,Brooklyn Nets,0021500077,2015-11-06,BKN vs. LAL,L,34,7,15,0.467,0,2,0.0,0,0,,3,2,5,2,1,1,2,2,14,-2,27.0,1,2015-16
22015,202711,Bojan Bogdanovic,1610612751,BKN,Brooklyn Nets,0021500077,2015-11-06,BKN vs. LAL,L,22,2,4,0.5,1,3,0.333,0,0,,0,1,1,0,1,0,1,2,5,-15,8.2,1,2015-16
22015,203499,Shane Larkin,1610612751,BKN,Brooklyn Nets,0021500077,2015-11-06,BKN vs. LAL,L,10,0,2,0.0,0,1,0.0,0,0,,0,1,1,1,0,0,1,4,0,-13,1.7,1,2015-16
22015,202682,Derrick Williams,1610612752,NYK,New York Knicks,0021500079,2015-11-06,NYK vs. MIL,L,20,4,11,0.364,0,3,0.0,7,8,0.875,1,0,1,0,1,0,0,1,15,-4,19.2,1,2015-16
22015,204001,Kristaps Porziņģis,1610612752,NYK,New York Knicks,0021500079,2015-11-06,NYK vs. MIL,L,28,6,13,0.462,1,4,0.25,1,2,0.5,9,4,13,1,0,1,2,3,14,-6,32.1,1,2015-16
22015,101112,Channing Frye,1610612753,ORL,Orlando Magic,0021500075,2015-11-06,ORL vs. TOR,W,14,2,4,0.5,1,3,0.333,0,0,,0,3,3,0,0,0,1,3,5,6,7.6,1,2015-16
22015,201228,C.J. Watson,1610612753,ORL,Orlando Magic,0021500075,2015-11-06,ORL vs. TOR,W,27,4,10,0.4,2,4,0.5,2,2,1.0,1,4,5,2,0,0,0,4,12,14,21.0,1,2015-16
22015,1626209,Mario Hezonja,1610612753,ORL,Orlando Magic,0021500075,2015-11-06,ORL vs. TOR,W,22,2,6,0.333,0,4,0.0,2,2,1.0,0,0,0,1,1,0,0,0,6,5,10.5,1,2015-16
22015,202730,Lavoy Allen,1610612754,IND,Indiana Pacers,0021500080,2015-11-06,IND vs. MIA,W,23,2,4,0.5,0,0,,0,2,0.0,1,4,5,2,0,0,0,2,4,23,13.0,1,2015-16
22015,203515,Phil Pressey,1610612755,PHI,Philadelphia 76ers,0021500078,2015-11-06,PHI @ CLE,L,8,1,4,0.25,1,2,0.5,0,0,,0,1,1,1,1,0,2,0,3,6,6.7,1,2015-16
22015,203924,Jerami Grant,1610612755,PHI,Philadelphia 76ers,0021500078,2015-11-06,PHI @ CLE,L,27,3,5,0.6,0,2,0.0,2,4,0.5,1,3,4,2,0,2,0,3,8,-12,21.8,1,2015-16
22015,200782,P.J. Tucker,1610612756,PHX,Phoenix Suns,0021500082,2015-11-06,PHX vs. DET,L,34,2,4,0.5,1,2,0.5,0,0,,2,8,10,2,1,0,1,2,5,4,22.0,1,2015-16
22015,201603,Sonny Weems,1610612756,PHX,Phoenix Suns,0021500082,2015-11-06,PHX vs. DET,L,6,0,2,0.0,0,0,,0,0,,0,2,2,0,0,0,1,1,0,-2,1.4,1,2015-16
22015,202693,Markieff Morris,1610612756,PHX,Phoenix Suns,0021500082,2015-11-06,PHX vs. DET,L,30,9,21,0.429,0,4,0.0,0,2,0.0,1,3,4,2,1,0,3,4,18,7,25.8,1,2015-16
22015,201158,Marco Belinelli,1610612758,SAC,Sacramento Kings,0021500084,2015-11-06,SAC vs. HOU,L,23,2,10,0.2,0,5,0.0,1,2,0.5,0,1,1,2,0,0,0,0,5,-23,9.2,1,2015-16
22015,1626161,Willie Cauley-Stein,1610612758,SAC,Sacramento Kings,0021500084,2015-11-06,SAC vs. HOU,L,22,3,5,0.6,0,0,,1,2,0.5,4,5,9,1,2,2,0,4,7,22,31.3,1,2015-16
22015,202687,Bismack Biyombo,1610612761,TOR,Toronto Raptors,0021500075,2015-11-06,TOR @ ORL,L,16,1,5,0.2,0,0,,0,1,0.0,2,4,6,0,0,0,0,1,2,-12,9.2,1,2015-16
22015,2743,Kris Humphries,1610612764,WAS,Washington Wizards,0021500076,2015-11-06,WAS @ BOS,L,21,3,5,0.6,3,4,0.75,0,0,,2,4,6,0,0,1,0,3,9,3,19.2,1,2015-16
22015,201196,Ramon Sessions,1610612764,WAS,Washington Wizards,0021500076,2015-11-06,WAS @ BOS,L,20,1,8,0.125,0,0,,4,4,1.0,1,2,3,2,2,0,1,2,6,-24,17.6,1,2015-16
22015,203490,Otto Porter Jr.,1610612764,WAS,Washington Wizards,0021500076,2015-11-06,WAS @ BOS,L,24,4,8,0.5,0,3,0.0,1,1,1.0,0,1,1,3,1,0,1,4,9,-7,16.7,1,2015-16
22015,201582,Alexis Ajinca,1610612740,NOP,New Orleans Pelicans,0021500081,2015-11-06,NOP vs. ATL,L,9,2,2,1.0,0,0,,0,0,,0,2,2,0,1,1,0,1,4,0,12.4,1,2015-16
22015,201578,Marreese Speights,1610612744,GSW,Golden State Warriors,0021500083,2015-11-06,GSW vs. DEN,W,14,1,7,0.143,0,1,0.0,1,2,0.5,2,4,6,0,1,0,2,2,3,0,11.2,1,2015-16
22015,101236,Chuck Hayes,1610612745,HOU,Houston Rockets,0021500084,2015-11-06,HOU @ SAC,W,15,1,2,0.5,0,0,,2,2,1.0,0,7,7,2,0,0,3,4,4,-2,12.4,1,2015-16
22015,201977,Marcus Thornton,1610612745,HOU,Houston Rockets,0021500084,2015-11-06,HOU @ SAC,W,42,6,16,0.375,4,10,0.4,0,0,,4,3,7,2,1,0,1,5,16,19,29.4,1,2015-16
22015,2548,Dwyane Wade,1610612748,MIA,Miami Heat,0021500080,2015-11-06,MIA @ IND,L,30,4,15,0.267,0,4,0.0,1,2,0.5,1,0,1,6,1,1,0,2,9,-24,25.2,1,2015-16
22015,204456,T.J. McConnell,1610612755,PHI,Philadelphia 76ers,0021500078,2015-11-06,PHI @ CLE,L,25,3,6,0.5,2,4,0.5,0,0,,0,1,1,4,1,0,3,1,8,-16,15.2,1,2015-16
22015,202339,Eric Bledsoe,1610612756,PHX,Phoenix Suns,0021500082,2015-11-06,PHX vs. DET,L,37,9,23,0.391,2,6,0.333,2,3,0.667,0,2,2,4,3,0,4,6,22,0,35.4,1,2015-16
22015,202335,Patrick Patterson,1610612761,TOR,Toronto Raptors,0021500075,2015-11-06,TOR @ ORL,L,22,0,6,0.0,0,4,0.0,0,0,,1,2,3,2,0,1,1,3,0,4,8.6,1,2015-16
22015,202066,Garrett Temple,1610612764,WAS,Washington Wizards,0021500076,2015-11-06,WAS @ BOS,L,11,1,3,0.333,1,2,0.5,2,2,1.0,0,1,1,0,0,0,1,0,5,-5,5.2,1,2015-16
22015,201962,Toney Douglas,1610612740,NOP,New Orleans Pelicans,0021500088,2015-11-07,NOP @ DAL,L,28,4,10,0.4,1,3,0.333,2,2,1.0,0,1,1,3,2,0,0,4,11,-17,22.7,1,2015-16
22015,2200,Pau Gasol,1610612741,CHI,Chicago Bulls,0021500085,2015-11-07,CHI vs. MIN,L,40,8,19,0.421,0,0,,5,6,0.833,3,11,14,2,2,1,1,3,21,-9,48.8,1,2015-16
22015,203503,Tony Snell,1610612741,CHI,Chicago Bulls,0021500085,2015-11-07,CHI vs. MIN,L,28,5,10,0.5,4,6,0.667,0,0,,0,6,6,0,0,1,2,2,14,15,22.2,1,2015-16
22015,203939,Dwight Powell,1610612742,DAL,Dallas Mavericks,0021500088,2015-11-07,DAL vs. NOP,W,26,7,9,0.778,0,0,,1,1,1.0,2,5,7,1,0,1,0,4,15,20,27.9,1,2015-16
22015,201939,Stephen Curry,1610612744,GSW,Golden State Warriors,0021500092,2015-11-07,GSW @ SAC,W,39,8,18,0.444,2,10,0.2,6,7,0.857,1,5,6,3,2,0,6,1,24,6,35.7,1,2015-16
22015,1891,Jason Terry,1610612745,HOU,Houston Rockets,0021500093,2015-11-07,HOU @ LAC,W,13,1,5,0.2,0,3,0.0,0,0,,0,0,0,1,1,0,0,0,2,10,6.5,1,2015-16
22015,1626149,Montrezl Harrell,1610612745,HOU,Houston Rockets,0021500093,2015-11-07,HOU @ LAC,W,4,0,0,,0,0,,0,0,,0,1,1,0,0,0,0,0,0,1,1.2,1,2015-16
22015,201933,Blake Griffin,1610612746,LAC,LA Clippers,0021500093,2015-11-07,LAC vs. HOU,L,38,14,22,0.636,0,1,0.0,7,8,0.875,3,8,11,5,0,0,1,4,35,0,54.7,1,2015-16
22015,202325,Wesley Johnson,1610612746,LAC,LA Clippers,0021500093,2015-11-07,LAC vs. HOU,L,9,2,3,0.667,0,1,0.0,1,2,0.5,1,0,1,1,1,1,0,1,5,-1,13.7,1,2015-16
22015,203114,Khris Middleton,1610612749,MIL,Milwaukee Bucks,0021500089,2015-11-07,MIL vs. BKN,W,33,4,6,0.667,3,3,1.0,3,5,0.6,0,9,9,7,1,0,1,2,14,11,37.3,1,2015-16
22015,203940,Adreian Payne,1610612750,MIN,Minnesota Timberwolves,0021500085,2015-11-07,MIN @ CHI,W,4,1,2,0.5,0,0,,0,0,,0,0,0,0,0,0,0,3,2,4,2.0,1,2015-16
22015,1626157,Karl-Anthony Towns,1610612750,MIN,Minnesota Timberwolves,0021500085,2015-11-07,MIN @ CHI,W,27,8,18,0.444,0,0,,1,1,1.0,6,7,13,2,1,4,0,4,17,15,50.6,1,2015-16
22015,201961,Wayne Ellington,1610612751,BKN,Brooklyn Nets,0021500089,2015-11-07,BKN @ MIL,L,16,0,3,0.0,0,0,,0,0,,0,1,1,1,0,0,0,0,0,-4,2.7,1,2015-16
22015,203080,Thomas Robinson,1610612751,BKN,Brooklyn Nets,0021500089,2015-11-07,BKN @ MIL,L,15,1,1,1.0,0,0,,1,2,0.5,2,4,6,0,0,1,2,2,3,6,11.2,1,2015-16
22015,1626178,Rondae Hollis-Jefferson,1610612751,BKN,Brooklyn Nets,0021500089,2015-11-07,BKN @ MIL,L,24,0,2,0.0,0,0,,2,4,0.5,4,3,7,5,3,0,0,2,2,-10,26.9,1,2015-16
22015,203473,Dewayne Dedmon,1610612753,ORL,Orlando Magic,0021500087,2015-11-07,ORL @ PHI,W,30,2,6,0.333,0,0,,8,8,1.0,3,6,9,0,1,3,0,5,12,3,34.8,1,2015-16
22015,203506,Victor Oladipo,1610612753,ORL,Orlando Magic,0021500087,2015-11-07,ORL @ PHI,W,34,6,18,0.333,1,3,0.333,2,2,1.0,1,4,5,3,2,0,1,0,15,10,30.5,1,2015-16
22015,203894,Shabazz Napier,1610612753,ORL,Orlando Magic,0021500087,2015-11-07,ORL @ PHI,W,10,0,1,0.0,0,0,,1,2,0.5,0,2,2,1,0,0,2,0,1,3,2.9,1,2015-16
22015,203924,Jerami Grant,1610612755,PHI,Philadelphia 76ers,0021500087,2015-11-07,PHI vs. ORL,L,23,4,7,0.571,1,3,0.333,2,3,0.667,0,4,4,0,0,1,1,2,11,-3,17.8,1,2015-16
22015,1626158,Richaun Holmes,1610612755,PHI,Philadelphia 76ers,0021500087,2015-11-07,PHI vs. ORL,L,18,4,5,0.8,0,1,0.0,0,0,,5,1,6,1,0,1,0,3,8,-5,19.7,1,2015-16
22015,203112,Quincy Acy,1610612758,SAC,Sacramento Kings,0021500092,2015-11-07,SAC vs. GSW,L,15,1,1,1.0,0,0,,1,2,0.5,0,3,3,2,0,1,1,0,3,8,11.6,1,2015-16
22015,2225,Tony Parker,1610612759,SAS,San Antonio Spurs,0021500090,2015-11-07,SAS vs. CHA,W,25,2,5,0.4,0,0,,3,6,0.5,0,1,1,6,2,0,4,1,7,-15,19.2,1,2015-16
22015,203492,Ray McCallum,1610612759,SAS,San Antonio Spurs,0021500090,2015-11-07,SAS vs. CHA,W,4,0,0,,0,0,,0,0,,0,1,1,0,0,0,0,1,0,-4,1.2,1,2015-16
22015,202330,Gordon Hayward,1610612762,UTA,Utah Jazz,0021500091,2015-11-07,UTA vs. MEM,W,35,6,10,0.6,2,4,0.5,4,6,0.667,0,6,6,4,0,1,2,2,18,9,32.2,1,2015-16
22015,202692,Alec Burks,1610612762,UTA,Utah Jazz,0021500091,2015-11-07,UTA vs. MEM,W,25,2,6,0.333,1,3,0.333,4,4,1.0,1,2,3,4,1,0,4,3,9,12,17.6,1,2015-16
22015,203526,Raul Neto,1610612762,UTA,Utah Jazz,0021500091,2015-11-07,UTA vs. MEM,W,12,2,7,0.286,0,4,0.0,0,0,,0,2,2,2,0,0,1,0,4,3,8.4,1,2015-16
22015,204060,Joe Ingles,1610612762,UTA,Utah Jazz,0021500091,2015-11-07,UTA vs. MEM,W,13,3,5,0.6,2,4,0.5,0,0,,0,0,0,1,0,0,0,0,8,1,9.5,1,2015-16
22015,2754,Tony Allen,1610612763,MEM,Memphis Grizzlies,0021500091,2015-11-07,MEM @ UTA,L,24,2,7,0.286,0,0,,1,2,0.5,3,4,7,0,3,0,1,4,5,-3,21.4,1,2015-16
22015,201584,Courtney Lee,1610612763,MEM,Memphis Grizzlies,0021500091,2015-11-07,MEM @ UTA,L,27,2,10,0.2,1,3,0.333,1,1,1.0,1,4,5,2,0,0,0,2,6,-15,15.0,1,2015-16
22015,2743,Kris Humphries,1610612764,WAS,Washington Wizards,0021500086,2015-11-07,WAS @ ATL,L,25,3,10,0.3,1,5,0.2,2,2,1.0,0,6,6,0,0,0,1,3,9,-15,15.2,1,2015-16
22015,203078,Bradley Beal,1610612764,WAS,Washington Wizards,0021500086,2015-11-07,WAS @ ATL,L,37,5,12,0.417,0,2,0.0,1,1,1.0,3,3,6,7,0,0,8,4,11,-15,20.7,1,2015-16
22015,202689,Kemba Walker,1610612766,CHA,Charlotte Hornets,0021500090,2015-11-07,CHA @ SAS,L,29,11,15,0.733,2,2,1.0,3,4,0.75,0,1,1,4,2,0,3,0,27,4,37.2,1,2015-16
22015,203087,Jeremy Lamb,1610612766,CHA,Charlotte Hornets,0021500090,2015-11-07,CHA @ SAS,L,23,2,8,0.25,0,3,0.0,0,2,0.0,2,2,4,0,0,0,2,2,4,-29,6.8,1,2015-16
22015,203148,Brian Roberts,1610612766,CHA,Charlotte Hornets,0021500090,2015-11-07,CHA @ SAS,L,4,0,1,0.0,0,1,0.0,1,2,0.5,0,0,0,0,0,0,0,0,1,4,1.0,1,2015-16
22015,203798,PJ Hairston,1610612766,CHA,Charlotte Hornets,0021500090,2015-11-07,CHA @ SAS,L,17,1,5,0.2,0,3,0.0,2,2,1.0,0,3,3,0,0,0,1,2,4,16,6.6,1,2015-16
22015,203145,Kent Bazemore,1610612737,ATL,Atlanta Hawks,0021500086,2015-11-07,ATL vs. WAS,W,29,10,15,0.667,4,7,0.571,1,1,1.0,0,4,4,3,2,0,0,0,25,16,40.3,1,2015-16
22015,203200,Justin Holiday,1610612737,ATL,Atlanta Hawks,0021500086,2015-11-07,ATL vs. WAS,W,17,2,6,0.333,2,5,0.4,0,0,,2,1,3,1,1,0,0,1,6,3,14.1,1,2015-16
22015,203471,Dennis Schröder,1610612737,ATL,Atlanta Hawks,0021500086,2015-11-07,ATL vs. WAS,W,24,3,10,0.3,0,4,0.0,0,0,,0,0,0,7,1,0,2,3,6,4,17.5,1,2015-16
22015,201967,Dante Cunningham,1610612740,NOP,New Orleans Pelicans,0021500088,2015-11-07,NOP @ DAL,L,19,0,3,0.0,0,2,0.0,0,0,,1,4,5,1,0,0,0,1,0,-17,7.5,1,2015-16
22015,202337,Luke Babbitt,1610612740,NOP,New Orleans Pelicans,0021500088,2015-11-07,NOP @ DAL,L,19,1,3,0.333,1,2,0.5,0,0,,0,2,2,1,0,1,0,5,3,-8,9.9,1,2015-16
22015,202397,Ish Smith,1610612740,NOP,New Orleans Pelicans,0021500088,2015-11-07,NOP @ DAL,L,33,3,14,0.214,1,3,0.333,0,0,,0,7,7,7,2,1,2,2,7,8,32.9,1,2015-16
22015,203926,Doug McDermott,1610612741,CHI,Chicago Bulls,0021500085,2015-11-07,CHI vs. MIN,L,21,4,5,0.8,3,4,0.75,0,0,,0,2,2,0,0,0,0,2,11,-19,13.4,1,2015-16
22015,1717,Dirk Nowitzki,1610612742,DAL,Dallas Mavericks,0021500088,2015-11-07,DAL vs. NOP,W,30,8,16,0.5,2,4,0.5,0,1,0.0,0,7,7,3,0,0,2,0,18,4,28.9,1,2015-16
22015,2734,Devin Harris,1610612742,DAL,Dallas Mavericks,0021500088,2015-11-07,DAL vs. NOP,W,24,2,5,0.4,0,2,0.0,2,3,0.667,0,2,2,6,2,0,1,3,6,13,22.4,1,2015-16
22015,1626147,Justin Anderson,1610612742,DAL,Dallas Mavericks,0021500088,2015-11-07,DAL vs. NOP,W,4,0,1,0.0,0,0,,0,0,,0,0,0,0,0,0,0,0,0,0,0.0,1,2015-16
22015,201574,Jason Thompson,1610612744,GSW,Golden State Warriors,0021500092,2015-11-07,GSW @ SAC,W,7,1,2,0.5,0,0,,0,0,,1,2,3,0,0,0,0,1,2,9,5.6,1,2015-16
22015,203105,Festus Ezeli,1610612744,GSW,Golden State Warriors,0021500092,2015-11-07,GSW @ SAC,W,22,3,9,0.333,0,0,,4,5,0.8,4,8,12,0,0,1,1,0,10,-9,26.4,1,2015-16
22015,2037,Jamal Crawford,1610612746,LAC,LA Clippers,0021500093,2015-11-07,LAC vs. HOU,L,19,1,3,0.333,0,1,0.0,0,0,,0,0,0,4,1,0,3,0,2,-1,8.0,1,2015-16
22015,2746,Josh Smith,1610612746,LAC,LA Clippers,0021500093,2015-11-07,LAC vs. HOU,L,11,5,9,0.556,0,1,0.0,0,0,,1,1,2,3,0,0,0,0,10,-9,16.9,1,2015-16
22015,202362,Lance Stephenson,1610612746,LAC,LA Clippers,0021500093,2015-11-07,LAC vs. HOU,L,22,2,6,0.333,1,2,0.5,2,2,1.0,1,2,3,3,2,0,0,2,7,-7,21.1,1,2015-16
22015,203101,Miles Plumlee,1610612749,MIL,Milwaukee Bucks,0021500089,2015-11-07,MIL vs. BKN,W,4,0,0,,0,0,,0,0,,0,1,1,0,0,0,1,1,0,-8,0.2,1,2015-16
22015,203507,Giannis Antetokounmpo,1610612749,MIL,Milwaukee Bucks,0021500089,2015-11-07,MIL vs. BKN,W,37,4,8,0.5,1,3,0.333,2,2,1.0,1,5,6,2,1,0,2,4,11,11,22.2,1,2015-16
22015,203948,Johnny O'Bryant III,1610612749,MIL,Milwaukee Bucks,0021500089,2015-11-07,MIL vs. BKN,W,16,3,7,0.429,0,0,,0,0,,3,4,7,1,1,1,1,1,6,7,20.9,1,2015-16
22015,1626173,Rashad Vaughn,1610612749,MIL,Milwaukee Bucks,0021500089,2015-11-07,MIL vs. BKN,W,2,1,1,1.0,0,0,,0,0,,0,0,0,0,0,0,1,1,2,-7,1.0,1,2015-16
22015,202357,Nemanja Bjelica,1610612750,MIN,Minnesota Timberwolves,0021500085,2015-11-07,MIN @ CHI,W,40,5,9,0.556,2,6,0.333,5,6,0.833,1,10,11,5,1,1,2,2,17,12,41.7,1,2015-16
22015,2207,Joe Johnson,1610612751,BKN,Brooklyn Nets,0021500089,2015-11-07,BKN @ MIL,L,35,3,10,0.3,0,3,0.0,2,2,1.0,2,7,9,6,1,0,2,2,8,-13,28.8,1,2015-16
22015,201572,Brook Lopez,1610612751,BKN,Brooklyn Nets,0021500089,2015-11-07,BKN @ MIL,L,29,9,17,0.529,0,0,,2,2,1.0,1,3,4,1,0,2,4,2,20,-9,28.3,1,2015-16
22015,201160,Jason Smith,1610612753,ORL,Orlando Magic,0021500087,2015-11-07,ORL @ PHI,W,18,4,8,0.5,0,0,,2,2,1.0,1,4,5,1,0,2,2,4,10,5,21.5,1,2015-16
22015,202699,Tobias Harris,1610612753,ORL,Orlando Magic,0021500087,2015-11-07,ORL @ PHI,W,26,3,7,0.429,0,1,0.0,3,4,0.75,0,4,4,3,1,1,0,2,9,6,24.3,1,2015-16
22015,203095,Evan Fournier,1610612753,ORL,Orlando Magic,0021500087,2015-11-07,ORL @ PHI,W,40,7,12,0.583,3,4,0.75,0,0,,0,3,3,2,1,0,5,5,17,1,21.6,1,2015-16
22015,203138,Hollis Thompson,1610612755,PHI,Philadelphia 76ers,0021500087,2015-11-07,PHI vs. ORL,L,28,2,6,0.333,1,4,0.25,1,3,0.333,0,2,2,2,0,0,1,1,6,-6,10.4,1,2015-16
22015,203515,Phil Pressey,1610612755,PHI,Philadelphia 76ers,0021500087,2015-11-07,PHI vs. ORL,L,11,1,3,0.333,0,2,0.0,1,3,0.333,0,3,3,3,0,0,1,1,3,-8,10.1,1,2015-16
22015,201158,Marco Belinelli,1610612758,SAC,Sacramento Kings,0021500092,2015-11-07,SAC vs. GSW,L,35,5,11,0.455,3,6,0.5,9,10,0.9,1,2,3,2,1,0,4,1,22,-15,27.6,1,2015-16
22015,2446,Rasual Butler,1610612759,SAS,San Antonio Spurs,0021500090,2015-11-07,SAS vs. CHA,W,10,1,3,0.333,0,1,0.0,0,0,,0,1,1,0,0,0,1,0,2,0,2.2,1,2015-16
22015,2440,Matt Barnes,1610612763,MEM,Memphis Grizzlies,0021500091,2015-11-07,MEM @ UTA,L,21,3,6,0.5,2,4,0.5,3,3,1.0,1,2,3,0,1,0,1,3,11,-2,16.6,1,2015-16
22015,201144,Mike Conley,1610612763,MEM,Memphis Grizzlies,0021500091,2015-11-07,MEM @ UTA,L,40,8,25,0.32,3,10,0.3,1,1,1.0,0,4,4,5,1,0,4,4,20,-2,31.3,1,2015-16
22015,2403,Nene,1610612764,WAS,Washington Wizards,0021500086,2015-11-07,WAS @ ATL,L,22,5,6,0.833,0,0,,0,1,0.0,1,9,10,3,3,0,1,4,10,5,34.5,1,2015-16
22015,203490,Otto Porter Jr.,1610612764,WAS,Washington Wizards,0021500086,2015-11-07,WAS @ ATL,L,39,8,12,0.667,3,5,0.6,4,4,1.0,1,2,3,1,1,0,1,2,23,-12,30.1,1,2015-16
22015,201587,Nicolas Batum,1610612766,CHA,Charlotte Hornets,0021500090,2015-11-07,CHA @ SAS,L,32,2,6,0.333,1,2,0.5,5,5,1.0,1,3,4,4,3,0,4,3,10,-20,25.8,1,2015-16
22015,201143,Al Horford,1610612737,ATL,Atlanta Hawks,0021500086,2015-11-07,ATL vs. WAS,W,29,5,13,0.385,0,3,0.0,4,4,1.0,2,7,9,2,1,1,2,1,14,16,31.8,1,2015-16
22015,201583,Ryan Anderson,1610612740,NOP,New Orleans Pelicans,0021500088,2015-11-07,NOP @ DAL,L,35,8,15,0.533,1,5,0.2,4,4,1.0,2,7,9,1,0,1,2,2,21,-18,34.3,1,2015-16
22015,101109,Raymond Felton,1610612742,DAL,Dallas Mavericks,0021500088,2015-11-07,DAL vs. NOP,W,18,2,5,0.4,0,1,0.0,1,1,1.0,0,1,1,3,0,0,0,1,5,17,10.7,1,2015-16
22015,101114,Deron Williams,1610612742,DAL,Dallas Mavericks,0021500088,2015-11-07,DAL vs. NOP,W,30,6,13,0.462,3,5,0.6,4,4,1.0,0,3,3,2,2,0,2,3,19,-4,29.6,1,2015-16
22015,202083,Wesley Matthews,1610612742,DAL,Dallas Mavericks,0021500088,2015-11-07,DAL vs. NOP,W,29,4,10,0.4,2,5,0.4,3,3,1.0,0,2,2,2,0,0,0,2,13,14,18.4,1,2015-16
22015,202379,Jeremy Evans,1610612742,DAL,Dallas Mavericks,0021500088,2015-11-07,DAL vs. NOP,W,13,1,1,1.0,0,0,,1,2,0.5,0,3,3,0,0,1,0,1,3,-6,9.6,1,2015-16
22015,202718,Chandler Parsons,1610612742,DAL,Dallas Mavericks,0021500088,2015-11-07,DAL vs. NOP,W,15,3,6,0.5,0,1,0.0,0,0,,0,2,2,0,0,0,1,2,6,-9,7.4,1,2015-16
22015,2738,Andre Iguodala,1610612744,GSW,Golden State Warriors,0021500092,2015-11-07,GSW @ SAC,W,34,6,8,0.75,2,3,0.667,0,0,,2,4,6,4,4,0,1,0,14,23,38.2,1,2015-16
22015,202691,Klay Thompson,1610612744,GSW,Golden State Warriors,0021500092,2015-11-07,GSW @ SAC,W,36,7,16,0.438,4,11,0.364,0,0,,0,3,3,3,0,1,3,4,18,-4,26.1,1,2015-16
22015,201147,Corey Brewer,1610612745,HOU,Houston Rockets,0021500093,2015-11-07,HOU @ LAC,W,17,2,8,0.25,0,2,0.0,0,0,,0,0,0,0,0,0,1,2,4,4,3.0,1,2015-16
22015,201935,James Harden,1610612745,HOU,Houston Rockets,0021500093,2015-11-07,HOU @ LAC,W,40,14,26,0.538,5,10,0.5,13,14,0.929,0,4,4,2,1,0,7,4,46,6,49.8,1,2015-16
22015,1718,Paul Pierce,1610612746,LAC,LA Clippers,0021500093,2015-11-07,LAC vs. HOU,L,24,2,7,0.286,2,6,0.333,0,0,,0,8,8,5,1,0,1,4,6,6,25.1,1,2015-16
22015,203143,Pablo Prigioni,1610612746,LAC,LA Clippers,0021500093,2015-11-07,LAC vs. HOU,L,16,0,5,0.0,0,3,0.0,0,0,,0,0,0,2,1,0,0,2,0,0,6.0,1,2015-16
22015,202349,Greivis Vasquez,1610612749,MIL,Milwaukee Bucks,0021500089,2015-11-07,MIL vs. BKN,W,28,0,10,0.0,0,7,0.0,1,1,1.0,0,2,2,3,1,0,2,1,1,5,8.9,1,2015-16
22015,203996,Damien Inglis,1610612749,MIL,Milwaukee Bucks,0021500089,2015-11-07,MIL vs. BKN,W,2,0,0,,0,0,,0,0,,0,0,0,0,0,0,0,0,0,-7,0.0,1,2015-16
22015,201937,Ricky Rubio,1610612750,MIN,Minnesota Timberwolves,0021500085,2015-11-07,MIN @ CHI,W,39,2,10,0.2,0,1,0.0,3,4,0.75,1,7,8,10,3,0,3,3,7,15,37.6,1,2015-16
22015,203498,Shabazz Muhammad,1610612750,MIN,Minnesota Timberwolves,0021500085,2015-11-07,MIN @ CHI,W,21,1,4,0.25,0,0,,2,2,1.0,0,2,2,1,0,0,2,3,4,-17,5.9,1,2015-16
22015,202711,Bojan Bogdanovic,1610612751,BKN,Brooklyn Nets,0021500089,2015-11-07,BKN @ MIL,L,24,5,10,0.5,2,3,0.667,1,2,0.5,0,1,1,1,2,0,3,3,13,-1,18.7,1,2015-16
22015,201228,C.J. Watson,1610612753,ORL,Orlando Magic,0021500087,2015-11-07,ORL @ PHI,W,15,0,3,0.0,0,1,0.0,0,0,,2,1,3,7,1,0,1,1,0,1,16.1,1,2015-16
22015,203917,Nik Stauskas,1610612755,PHI,Philadelphia 76ers,0021500087,2015-11-07,PHI vs. ORL,L,36,6,15,0.4,3,10,0.3,3,4,0.75,0,3,3,5,0,1,0,2,18,-4,32.1,1,2015-16
22015,204456,T.J. McConnell,1610612755,PHI,Philadelphia 76ers,0021500087,2015-11-07,PHI vs. ORL,L,36,3,9,0.333,0,1,0.0,0,0,,2,6,8,9,3,2,5,3,6,1,39.1,1,2015-16
22015,1626143,Jahlil Okafor,1610612755,PHI,Philadelphia 76ers,0021500087,2015-11-07,PHI vs. ORL,L,33,7,14,0.5,0,0,,5,10,0.5,2,3,5,3,0,3,3,2,19,-6,35.5,1,2015-16
22015,1626174,Christian Wood,1610612755,PHI,Philadelphia 76ers,0021500087,2015-11-07,PHI vs. ORL,L,0,0,0,,0,0,,0,0,,0,0,0,0,0,0,0,1,0,-1,0.0,1,2015-16
22015,2406,Caron Butler,1610612758,SAC,Sacramento Kings,0021500092,2015-11-07,SAC vs. GSW,L,6,0,3,0.0,0,0,,1,2,0.5,0,0,0,0,0,0,0,0,1,-10,1.0,1,2015-16
22015,202341,James Anderson,1610612758,SAC,Sacramento Kings,0021500092,2015-11-07,SAC vs. GSW,L,14,1,3,0.333,0,1,0.0,0,0,,0,0,0,3,0,1,1,1,2,-1,8.5,1,2015-16
22015,203463,Ben McLemore,1610612758,SAC,Sacramento Kings,0021500092,2015-11-07,SAC vs. GSW,L,16,1,4,0.25,0,1,0.0,0,1,0.0,1,0,1,0,1,0,4,2,2,2,2.2,1,2015-16
22015,1938,Manu Ginobili,1610612759,SAS,San Antonio Spurs,0021500090,2015-11-07,SAS vs. CHA,W,18,5,9,0.556,3,6,0.5,0,0,,0,3,3,3,3,0,1,2,13,34,29.1,1,2015-16
22015,2561,David West,1610612759,SAS,San Antonio Spurs,0021500090,2015-11-07,SAS vs. CHA,W,29,4,7,0.571,0,1,0.0,1,2,0.5,1,8,9,6,0,0,1,2,9,14,27.8,1,2015-16
22015,203937,Kyle Anderson,1610612759,SAS,San Antonio Spurs,0021500090,2015-11-07,SAS vs. CHA,W,13,2,5,0.4,0,0,,0,2,0.0,1,1,2,2,0,1,0,1,4,1,12.4,1,2015-16
22015,202324,Derrick Favors,1610612762,UTA,Utah Jazz,0021500091,2015-11-07,UTA vs. MEM,W,40,5,11,0.455,0,0,,2,2,1.0,3,13,16,0,3,1,4,2,12,10,39.2,1,2015-16
22015,203497,Rudy Gobert,1610612762,UTA,Utah Jazz,0021500091,2015-11-07,UTA vs. MEM,W,36,3,8,0.375,0,0,,1,2,0.5,2,9,11,2,1,4,4,5,7,7,34.2,1,2015-16
22015,2216,Zach Randolph,1610612763,MEM,Memphis Grizzlies,0021500091,2015-11-07,MEM @ UTA,L,38,5,12,0.417,0,0,,0,0,,3,6,9,2,1,0,2,3,10,-1,24.8,1,2015-16
22015,203950,Jarnell Stokes,1610612763,MEM,Memphis Grizzlies,0021500091,2015-11-07,MEM @ UTA,L,1,0,0,,0,0,,0,0,,0,0,0,0,0,0,0,0,0,-4,0.0,1,2015-16
22015,202066,Garrett Temple,1610612764,WAS,Washington Wizards,0021500086,2015-11-07,WAS @ ATL,L,1,0,0,,0,0,,1,2,0.5,0,0,0,0,0,0,0,0,1,0,1.0,1,2015-16
22015,201150,Spencer Hawes,1610612766,CHA,Charlotte Hornets,0021500090,2015-11-07,CHA @ SAS,L,14,2,3,0.667,0,0,,0,0,,0,2,2,0,0,0,2,1,4,-28,4.4,1,2015-16
22015,200757,Thabo Sefolosha,1610612737,ATL,Atlanta Hawks,0021500086,2015-11-07,ATL vs. WAS,W,20,4,5,0.8,0,0,,2,2,1.0,1,4,5,0,2,1,2,2,10,9,23.0,1,2015-16
22015,200794,Paul Millsap,1610612737,ATL,Atlanta Hawks,0021500086,2015-11-07,ATL vs. WAS,W,34,6,14,0.429,3,6,0.5,6,6,1.0,2,4,6,7,1,2,1,0,21,17,46.7,1,2015-16
22015,203488,Mike Muscala,1610612737,ATL,Atlanta Hawks,0021500086,2015-11-07,ATL vs. WAS,W,19,3,4,0.75,1,1,1.0,0,0,,0,2,2,2,0,0,1,1,7,-1,11.4,1,2015-16
22015,202087,Alonzo Gee,1610612740,NOP,New Orleans Pelicans,0021500088,2015-11-07,NOP @ DAL,L,9,1,2,0.5,0,1,0.0,0,0,,0,1,1,0,1,1,1,1,2,12,8.2,1,2015-16
22015,201166,Aaron Brooks,1610612741,CHI,Chicago Bulls,0021500085,2015-11-07,CHI vs. MIN,L,15,4,9,0.444,2,5,0.4,0,0,,0,0,0,1,0,1,0,1,10,6,14.5,1,2015-16
22015,201565,Derrick Rose,1610612741,CHI,Chicago Bulls,0021500085,2015-11-07,CHI vs. MIN,L,38,3,13,0.231,1,4,0.25,4,5,0.8,0,3,3,5,1,0,5,1,11,-21,20.1,1,2015-16
22015,202734,E'Twaun Moore,1610612741,CHI,Chicago Bulls,0021500085,2015-11-07,CHI vs. MIN,L,15,2,4,0.5,1,1,1.0,0,0,,0,0,0,1,0,0,0,0,5,1,6.5,1,2015-16
22015,201578,Marreese Speights,1610612744,GSW,Golden State Warriors,0021500092,2015-11-07,GSW @ SAC,W,3,1,2,0.5,0,0,,0,0,,0,0,0,0,1,0,0,0,2,-3,5.0,1,2015-16
22015,203084,Harrison Barnes,1610612744,GSW,Golden State Warriors,0021500092,2015-11-07,GSW @ SAC,W,32,4,17,0.235,0,7,0.0,5,6,0.833,0,2,2,4,2,0,0,3,13,0,27.4,1,2015-16
22015,200755,JJ Redick,1610612746,LAC,LA Clippers,0021500093,2015-11-07,LAC vs. HOU,L,35,8,15,0.533,0,2,0.0,3,4,0.75,1,1,2,3,1,0,3,3,19,2,25.9,1,2015-16
22015,201601,Luc Mbah a Moute,1610612746,LAC,LA Clippers,0021500093,2015-11-07,LAC vs. HOU,L,0,0,0,,0,0,,0,0,,0,0,0,0,0,0,0,0,0,-2,0.0,1,2015-16
22015,201573,Jerryd Bayless,1610612749,MIL,Milwaukee Bucks,0021500089,2015-11-07,MIL vs. BKN,W,32,7,13,0.538,3,6,0.5,2,2,1.0,0,1,1,10,2,2,2,1,19,19,45.2,1,2015-16
22015,203898,Tyler Ennis,1610612749,MIL,Milwaukee Bucks,0021500089,2015-11-07,MIL vs. BKN,W,16,4,9,0.444,1,1,1.0,0,0,,1,0,1,1,1,0,1,2,9,-1,13.7,1,2015-16
22015,708,Kevin Garnett,1610612750,MIN,Minnesota Timberwolves,0021500085,2015-11-07,MIN @ CHI,W,12,1,2,0.5,0,0,,0,2,0.0,0,5,5,2,1,0,0,1,2,-3,14.0,1,2015-16
22015,2419,Tayshaun Prince,1610612750,MIN,Minnesota Timberwolves,0021500085,2015-11-07,MIN @ CHI,W,39,4,9,0.444,0,1,0.0,0,1,0.0,1,4,5,0,0,1,2,0,8,2,15.0,1,2015-16
22015,101127,Jarrett Jack,1610612751,BKN,Brooklyn Nets,0021500089,2015-11-07,BKN @ MIL,L,30,3,10,0.3,1,2,0.5,3,3,1.0,0,6,6,2,0,0,5,1,10,-15,15.2,1,2015-16
22015,201152,Thaddeus Young,1610612751,BKN,Brooklyn Nets,0021500089,2015-11-07,BKN @ MIL,L,39,9,18,0.5,0,0,,0,0,,7,6,13,0,2,0,1,2,18,-11,38.6,1,2015-16
22015,203499,Shane Larkin,1610612751,BKN,Brooklyn Nets,0021500089,2015-11-07,BKN @ MIL,L,18,2,7,0.286,0,1,0.0,2,2,1.0,0,3,3,2,3,0,1,3,6,7,20.6,1,2015-16
22015,203932,Aaron Gordon,1610612753,ORL,Orlando Magic,0021500087,2015-11-07,ORL @ PHI,W,22,4,7,0.571,1,3,0.333,1,2,0.5,3,3,6,2,1,0,0,1,10,3,23.2,1,2015-16
22015,203457,Nerlens Noel,1610612755,PHI,Philadelphia 76ers,0021500087,2015-11-07,PHI vs. ORL,L,21,1,4,0.25,0,0,,0,0,,1,3,4,0,0,1,4,3,2,-4,5.8,1,2015-16
22015,203960,JaKarr Sampson,1610612755,PHI,Philadelphia 76ers,0021500087,2015-11-07,PHI vs. ORL,L,5,0,1,0.0,0,0,,1,2,0.5,0,0,0,0,0,0,0,0,1,-15,1.0,1,2015-16
22015,200752,Rudy Gay,1610612758,SAC,Sacramento Kings,0021500092,2015-11-07,SAC vs. GSW,L,34,10,25,0.4,1,4,0.25,1,1,1.0,2,5,7,1,1,0,4,2,22,-8,30.9,1,2015-16
22015,200765,Rajon Rondo,1610612758,SAC,Sacramento Kings,0021500092,2015-11-07,SAC vs. GSW,L,44,7,20,0.35,0,3,0.0,0,0,,2,10,12,15,4,0,3,3,14,0,59.9,1,2015-16
22015,202695,Kawhi Leonard,1610612759,SAS,San Antonio Spurs,0021500090,2015-11-07,SAS vs. CHA,W,34,10,16,0.625,2,4,0.5,1,2,0.5,0,4,4,2,2,0,0,3,23,11,36.8,1,2015-16
22015,1626168,Trey Lyles,1610612762,UTA,Utah Jazz,0021500091,2015-11-07,UTA vs. MEM,W,1,0,0,,0,0,,0,0,,0,0,0,0,0,0,0,0,0,0,0.0,1,2015-16
22015,202322,John Wall,1610612764,WAS,Washington Wizards,0021500086,2015-11-07,WAS @ ATL,L,36,6,16,0.375,2,6,0.333,5,5,1.0,1,1,2,11,2,1,7,2,19,-5,39.9,1,2015-16
22015,202390,Gary Neal,1610612764,WAS,Washington Wizards,0021500086,2015-11-07,WAS @ ATL,L,18,3,7,0.429,2,4,0.5,0,0,,0,1,1,3,2,0,1,1,8,-10,18.7,1,2015-16
22015,1626162,Kelly Oubre Jr.,1610612764,WAS,Washington Wizards,0021500086,2015-11-07,WAS @ ATL,L,1,0,0,,0,0,,0,0,,0,0,0,0,0,0,0,0,0,0,0.0,1,2015-16
22015,101107,Marvin Williams,1610612766,CHA,Charlotte Hornets,0021500090,2015-11-07,CHA @ SAS,L,27,4,7,0.571,1,2,0.5,0,0,,0,4,4,0,1,0,0,1,9,7,16.8,1,2015-16
22015,202391,Jeremy Lin,1610612766,CHA,Charlotte Hornets,0021500090,2015-11-07,CHA @ SAS,L,22,4,10,0.4,1,4,0.25,3,6,0.5,0,3,3,2,0,0,2,2,12,-37,16.6,1,2015-16
22015,203469,Cody Zeller,1610612766,CHA,Charlotte Hornets,0021500090,2015-11-07,CHA @ SAS,L,24,0,4,0.0,0,1,0.0,2,4,0.5,2,3,5,1,1,0,1,2,2,-38,11.5,1,2015-16
22015,203584,Troy Daniels,1610612766,CHA,Charlotte Hornets,0021500090,2015-11-07,CHA @ SAS,L,4,0,0,,0,0,,0,0,,0,0,0,1,0,0,0,0,0,4,1.5,1,2015-16
22015,1626163,Frank Kaminsky,1610612766,CHA,Charlotte Hornets,0021500090,2015-11-07,CHA @ SAS,L,9,2,3,0.667,1,1,1.0,3,4,0.75,0,0,0,2,0,0,0,1,8,9,11.0,1,2015-16
22015,2594,Kyle Korver,1610612737,ATL,Atlanta Hawks,0021500086,2015-11-07,ATL vs. WAS,W,26,3,6,0.5,1,3,0.333,0,0,,0,2,2,5,0,0,0,4,7,3,16.9,1,2015-16
22015,201952,Jeff Teague,1610612737,ATL,Atlanta Hawks,0021500086,2015-11-07,ATL vs. WAS,W,27,4,16,0.25,2,4,0.5,0,0,,1,3,4,8,4,0,4,1,10,10,34.8,1,2015-16
22015,203118,Mike Scott,1610612737,ATL,Atlanta Hawks,0021500086,2015-11-07,ATL vs. WAS,W,14,3,3,1.0,0,0,,2,2,1.0,2,2,4,2,0,0,2,1,8,-2,13.8,1,2015-16
22015,204002,Edy Tavares,1610612737,ATL,Atlanta Hawks,0021500086,2015-11-07,ATL vs. WAS,W,1,0,0,,0,0,,0,0,,0,0,0,0,0,0,0,1,0,0,0.0,1,2015-16
22015,201569,Eric Gordon,1610612740,NOP,New Orleans Pelicans,0021500088,2015-11-07,NOP @ DAL,L,41,7,15,0.467,5,10,0.5,2,2,1.0,0,5,5,4,1,0,2,3,21,-5,34.0,1,2015-16
22015,201582,Alexis Ajinca,1610612740,NOP,New Orleans Pelicans,0021500088,2015-11-07,NOP @ DAL,L,16,4,5,0.8,0,0,,0,0,,3,3,6,0,0,0,1,1,8,7,14.2,1,2015-16
22015,203076,Anthony Davis,1610612740,NOP,New Orleans Pelicans,0021500088,2015-11-07,NOP @ DAL,L,39,11,19,0.579,0,2,0.0,3,5,0.6,1,5,6,4,1,2,4,5,25,-7,43.2,1,2015-16
22015,201149,Joakim Noah,1610612741,CHI,Chicago Bulls,0021500085,2015-11-07,CHI vs. MIN,L,25,1,6,0.167,0,0,,1,2,0.5,5,6,11,7,1,1,3,4,3,-2,29.7,1,2015-16
22015,201959,Taj Gibson,1610612741,CHI,Chicago Bulls,0021500085,2015-11-07,CHI vs. MIN,L,25,1,4,0.25,0,0,,1,2,0.5,2,1,3,2,1,0,1,3,3,-12,11.6,1,2015-16
22015,202703,Nikola Mirotic,1610612741,CHI,Chicago Bulls,0021500085,2015-11-07,CHI vs. MIN,L,17,1,8,0.125,0,5,0.0,2,2,1.0,0,3,3,0,1,0,1,5,4,5,9.6,1,2015-16
22015,202710,Jimmy Butler III,1610612741,CHI,Chicago Bulls,0021500085,2015-11-07,CHI vs. MIN,L,41,4,15,0.267,0,7,0.0,3,6,0.5,0,8,8,2,1,2,5,5,11,-9,27.6,1,2015-16
22015,2585,Zaza Pachulia,1610612742,DAL,Dallas Mavericks,0021500088,2015-11-07,DAL vs. NOP,W,28,3,7,0.429,0,0,,3,4,0.75,3,11,14,1,1,0,0,1,9,0,30.3,1,2015-16
22015,200826,J.J. Barea,1610612742,DAL,Dallas Mavericks,0021500088,2015-11-07,DAL vs. NOP,W,24,4,11,0.364,2,6,0.333,3,3,1.0,1,0,1,2,0,0,3,0,13,-4,14.2,1,2015-16
22015,2571,Leandro Barbosa,1610612744,GSW,Golden State Warriors,0021500092,2015-11-07,GSW @ SAC,W,12,2,7,0.286,0,4,0.0,0,0,,3,1,4,3,1,0,1,1,4,3,15.3,1,2015-16
22015,2733,Shaun Livingston,1610612744,GSW,Golden State Warriors,0021500092,2015-11-07,GSW @ SAC,W,18,3,5,0.6,0,1,0.0,0,0,,0,1,1,3,1,0,1,2,6,10,13.7,1,2015-16
22015,2730,Dwight Howard,1610612745,HOU,Houston Rockets,0021500093,2015-11-07,HOU @ LAC,W,29,8,10,0.8,0,0,,4,5,0.8,7,13,20,3,0,1,5,5,20,2,46.5,1,2015-16
22015,2772,Trevor Ariza,1610612745,HOU,Houston Rockets,0021500093,2015-11-07,HOU @ LAC,W,39,1,8,0.125,0,5,0.0,4,4,1.0,1,6,7,3,1,1,0,4,6,-3,24.9,1,2015-16
22015,201951,Ty Lawson,1610612745,HOU,Houston Rockets,0021500093,2015-11-07,HOU @ LAC,W,41,2,11,0.182,0,3,0.0,2,2,1.0,0,3,3,4,1,0,0,4,6,-5,18.6,1,2015-16
22015,201977,Marcus Thornton,1610612745,HOU,Houston Rockets,0021500093,2015-11-07,HOU @ LAC,W,38,7,15,0.467,2,7,0.286,0,0,,1,3,4,3,3,0,1,4,16,5,33.3,1,2015-16
22015,203991,Clint Capela,1610612745,HOU,Houston Rockets,0021500093,2015-11-07,HOU @ LAC,W,19,3,3,1.0,0,0,,3,4,0.75,2,6,8,0,0,1,0,4,9,0,21.6,1,2015-16
22015,201599,DeAndre Jordan,1610612746,LAC,LA Clippers,0021500093,2015-11-07,LAC vs. HOU,L,34,4,6,0.667,0,0,,3,7,0.429,4,10,14,2,0,3,3,4,11,-3,36.8,1,2015-16
22015,203142,Chris Copeland,1610612749,MIL,Milwaukee Bucks,0021500089,2015-11-07,MIL vs. BKN,W,2,0,0,,0,0,,0,0,,0,0,0,0,0,0,0,0,0,-7,0.0,1,2015-16
22015,203953,Jabari Parker,1610612749,MIL,Milwaukee Bucks,0021500089,2015-11-07,MIL vs. BKN,W,24,4,7,0.571,0,0,,0,1,0.0,0,2,2,0,0,0,1,0,8,1,9.4,1,2015-16
22015,203476,Gorgui Dieng,1610612750,MIN,Minnesota Timberwolves,0021500085,2015-11-07,MIN @ CHI,W,23,3,6,0.5,0,0,,0,0,,3,4,7,0,2,0,2,1,6,-10,18.4,1,2015-16
22015,203897,Zach LaVine,1610612750,MIN,Minnesota Timberwolves,0021500085,2015-11-07,MIN @ CHI,W,19,3,9,0.333,1,3,0.333,1,1,1.0,1,3,4,4,0,0,3,3,8,7,15.8,1,2015-16
22015,200745,Andrea Bargnani,1610612751,BKN,Brooklyn Nets,0021500089,2015-11-07,BKN @ MIL,L,8,2,4,0.5,0,0,,0,0,,1,0,1,0,0,0,0,1,4,3,5.2,1,2015-16
22015,203508,Sergey Karasev,1610612751,BKN,Brooklyn Nets,0021500089,2015-11-07,BKN @ MIL,L,2,0,0,,0,0,,2,2,1.0,0,1,1,0,0,0,0,0,2,7,3.2,1,2015-16
22015,203901,Elfrid Payton,1610612753,ORL,Orlando Magic,0021500087,2015-11-07,ORL @ PHI,W,33,8,10,0.8,0,0,,4,4,1.0,0,2,2,5,3,1,2,2,20,11,39.9,1,2015-16
22015,200746,LaMarcus Aldridge,1610612759,SAS,San Antonio Spurs,0021500090,2015-11-07,SAS vs. CHA,W,17,6,10,0.6,0,0,,4,4,1.0,0,5,5,2,0,0,1,4,16,-1,24.0,1,2015-16
22015,201980,Danny Green,1610612759,SAS,San Antonio Spurs,0021500090,2015-11-07,SAS vs. CHA,W,27,2,7,0.286,1,3,0.333,3,3,1.0,1,2,3,4,2,1,0,2,8,-3,26.6,1,2015-16
22015,201988,Patty Mills,1610612759,SAS,San Antonio Spurs,0021500090,2015-11-07,SAS vs. CHA,W,19,6,9,0.667,3,6,0.5,0,0,,0,2,2,4,2,0,1,3,15,39,28.4,1,2015-16
22015,1626246,Boban Marjanovic,1610612759,SAS,San Antonio Spurs,0021500090,2015-11-07,SAS vs. CHA,W,4,1,2,0.5,0,0,,0,0,,1,0,1,0,0,0,0,3,2,-3,3.2,1,2015-16
22015,203504,Trey Burke,1610612762,UTA,Utah Jazz,0021500091,2015-11-07,UTA vs. MEM,W,28,8,16,0.5,6,8,0.75,2,2,1.0,0,3,3,1,1,0,2,1,24,1,30.1,1,2015-16
22015,203918,Rodney Hood,1610612762,UTA,Utah Jazz,0021500091,2015-11-07,UTA vs. MEM,W,31,2,5,0.4,1,3,0.333,2,2,1.0,0,2,2,2,1,3,3,3,7,4,21.4,1,2015-16
22015,2757,Beno Udrih,1610612763,MEM,Memphis Grizzlies,0021500091,2015-11-07,MEM @ UTA,L,8,2,3,0.667,0,0,,0,0,,0,0,0,0,0,0,1,0,4,-8,3.0,1,2015-16
22015,201145,Jeff Green,1610612763,MEM,Memphis Grizzlies,0021500091,2015-11-07,MEM @ UTA,L,29,4,10,0.4,0,2,0.0,0,0,,1,3,4,0,1,0,1,1,8,-4,14.8,1,2015-16
22015,201148,Brandan Wright,1610612763,MEM,Memphis Grizzlies,0021500091,2015-11-07,MEM @ UTA,L,6,0,1,0.0,0,0,,0,0,,0,0,0,0,1,0,0,1,0,-8,3.0,1,2015-16
22015,201188,Marc Gasol,1610612763,MEM,Memphis Grizzlies,0021500091,2015-11-07,MEM @ UTA,L,38,4,14,0.286,0,0,,5,5,1.0,3,7,10,6,0,1,4,3,13,-7,33.0,1,2015-16
22015,203210,JaMychal Green,1610612763,MEM,Memphis Grizzlies,0021500091,2015-11-07,MEM @ UTA,L,9,0,3,0.0,0,0,,2,2,1.0,1,1,2,1,0,0,0,0,2,4,5.9,1,2015-16
22015,101162,Marcin Gortat,1610612764,WAS,Washington Wizards,0021500086,2015-11-07,WAS @ ATL,L,26,4,8,0.5,0,0,,2,2,1.0,1,9,10,1,2,1,3,1,10,-20,29.5,1,2015-16
22015,201162,Jared Dudley,1610612764,WAS,Washington Wizards,0021500086,2015-11-07,WAS @ ATL,L,20,2,5,0.4,0,2,0.0,0,0,,0,1,1,0,0,1,1,0,4,4,7.2,1,2015-16
22015,201196,Ramon Sessions,1610612764,WAS,Washington Wizards,0021500086,2015-11-07,WAS @ ATL,L,15,2,2,1.0,0,0,,0,0,,1,1,2,1,1,0,1,1,4,-7,9.9,1,2015-16
22015,2744,Al Jefferson,1610612766,CHA,Charlotte Hornets,0021500090,2015-11-07,CHA @ SAS,L,30,6,11,0.545,0,0,,1,2,0.5,1,6,7,1,0,0,0,4,13,4,22.9,1,2015-16
22015,201946,Tyler Hansbrough,1610612766,CHA,Charlotte Hornets,0021500090,2015-11-07,CHA @ SAS,L,4,0,0,,0,0,,0,0,,0,0,0,0,0,0,0,0,0,4,0.0,1,2015-16
22015,203110,Draymond Green,1610612744,GSW,Golden State Warriors,0021500092,2015-11-07,GSW @ SAC,W,38,3,8,0.375,0,3,0.0,4,4,1.0,4,5,9,7,2,0,5,3,10,10,32.3,1,2015-16
22015,203085,Austin Rivers,1610612746,LAC,LA Clippers,0021500093,2015-11-07,LAC vs. HOU,L,31,4,12,0.333,1,5,0.2,1,2,0.5,0,0,0,1,1,1,1,3,10,-5,16.5,1,2015-16
22015,202328,Greg Monroe,1610612749,MIL,Milwaukee Bucks,0021500089,2015-11-07,MIL vs. BKN,W,35,8,16,0.5,0,0,,4,5,0.8,3,5,8,2,2,2,2,0,20,12,42.6,1,2015-16
22015,203089,John Henson,1610612749,MIL,Milwaukee Bucks,0021500089,2015-11-07,MIL vs. BKN,W,9,2,5,0.4,0,0,,0,0,,2,2,4,1,0,1,1,3,4,4,12.3,1,2015-16
22015,203952,Andrew Wiggins,1610612750,MIN,Minnesota Timberwolves,0021500085,2015-11-07,MIN @ CHI,W,41,11,27,0.407,4,5,0.8,5,10,0.5,1,2,3,2,0,1,1,3,31,20,39.6,1,2015-16
22015,1626209,Mario Hezonja,1610612753,ORL,Orlando Magic,0021500087,2015-11-07,ORL @ PHI,W,12,5,11,0.455,1,1,1.0,0,0,,0,2,2,0,0,0,0,3,11,7,13.4,1,2015-16
22015,203477,Isaiah Canaan,1610612755,PHI,Philadelphia 76ers,0021500087,2015-11-07,PHI vs. ORL,L,27,8,16,0.5,6,12,0.5,1,1,1.0,0,3,3,1,3,1,1,2,23,1,39.1,1,2015-16
22015,201585,Kosta Koufos,1610612758,SAC,Sacramento Kings,0021500092,2015-11-07,SAC vs. GSW,L,27,6,9,0.667,0,0,,0,0,,5,5,10,0,1,1,0,5,12,-6,30.0,1,2015-16
22015,201956,Omri Casspi,1610612758,SAC,Sacramento Kings,0021500092,2015-11-07,SAC vs. GSW,L,29,4,7,0.571,2,4,0.5,0,0,,1,7,8,2,0,0,3,3,10,-19,19.6,1,2015-16
22015,1626161,Willie Cauley-Stein,1610612758,SAC,Sacramento Kings,0021500092,2015-11-07,SAC vs. GSW,L,20,3,4,0.75,0,0,,0,0,,1,0,1,1,1,0,1,2,6,4,10.7,1,2015-16
22015,1495,Tim Duncan,1610612759,SAS,San Antonio Spurs,0021500090,2015-11-07,SAS vs. CHA,W,24,4,5,0.8,0,0,,3,4,0.75,1,7,8,2,0,0,3,2,11,-4,20.6,1,2015-16
22015,2564,Boris Diaw,1610612759,SAS,San Antonio Spurs,0021500090,2015-11-07,SAS vs. CHA,W,16,2,3,0.667,0,0,,0,0,,1,1,2,4,0,1,0,2,4,31,15.4,1,2015-16
22015,202344,Trevor Booker,1610612762,UTA,Utah Jazz,0021500091,2015-11-07,UTA vs. MEM,W,19,0,6,0.0,0,1,0.0,0,0,,3,3,6,2,0,1,1,4,0,3,12.2,1,2015-16
22015,2590,Mo Williams,1610612739,CLE,Cleveland Cavaliers,0021500094,2015-11-08,CLE vs. IND,W,38,4,15,0.267,2,5,0.4,0,0,,1,4,5,8,0,0,2,2,10,11,26.0,1,2015-16
22015,977,Kobe Bryant,1610612747,LAL,Los Angeles Lakers,0021500095,2015-11-08,LAL @ NYK,L,32,6,19,0.316,2,10,0.2,4,7,0.571,0,2,2,3,1,0,1,2,18,-1,26.9,1,2015-16
22015,1897,Metta World Peace,1610612747,LAL,Los Angeles Lakers,0021500095,2015-11-08,LAL @ NYK,L,16,3,4,0.75,2,2,1.0,0,0,,0,4,4,1,1,1,0,2,8,-3,20.3,1,2015-16
22015,101150,Lou Williams,1610612747,LAL,Los Angeles Lakers,0021500095,2015-11-08,LAL @ NYK,L,21,3,12,0.25,1,6,0.167,2,3,0.667,1,1,2,5,1,0,1,1,9,7,20.9,1,2015-16
22015,1626204,Larry Nance Jr.,1610612747,LAL,Los Angeles Lakers,0021500095,2015-11-08,LAL @ NYK,L,17,1,2,0.5,0,0,,0,0,,1,5,6,0,0,0,1,3,2,4,8.2,1,2015-16
22015,201596,Mario Chalmers,1610612748,MIA,Miami Heat,0021500096,2015-11-08,MIA vs. TOR,W,25,3,8,0.375,0,1,0.0,3,3,1.0,0,7,7,6,1,1,3,3,9,18,29.4,1,2015-16
22015,202355,Hassan Whiteside,1610612748,MIA,Miami Heat,0021500096,2015-11-08,MIA vs. TOR,W,25,8,15,0.533,0,0,,4,5,0.8,6,5,11,0,1,6,0,2,20,2,54.2,1,2015-16
22015,1626159,Justise Winslow,1610612748,MIA,Miami Heat,0021500096,2015-11-08,MIA vs. TOR,W,32,3,8,0.375,0,1,0.0,3,4,0.75,1,4,5,1,1,0,2,2,9,20,17.5,1,2015-16
22015,202498,Lance Thomas,1610612752,NYK,New York Knicks,0021500095,2015-11-08,NYK vs. LAL,W,18,2,3,0.667,0,0,,3,4,0.75,0,2,2,0,0,0,0,0,7,-3,9.4,1,2015-16
22015,204038,Langston Galloway,1610612752,NYK,New York Knicks,0021500095,2015-11-08,NYK vs. LAL,W,27,5,9,0.556,3,4,0.75,1,1,1.0,0,4,4,1,1,0,0,1,14,17,23.3,1,2015-16
22015,203458,Alex Len,1610612756,PHX,Phoenix Suns,0021500097,2015-11-08,PHX @ OKC,L,20,2,3,0.667,0,0,,4,4,1.0,1,4,5,0,2,0,2,2,8,4,18.0,1,2015-16
22015,202329,Al-Farouq Aminu,1610612757,POR,Portland Trail Blazers,0021500098,2015-11-08,POR vs. DET,L,35,3,7,0.429,0,4,0.0,3,4,0.75,0,9,9,1,0,0,2,1,9,-19,19.3,1,2015-16
22015,203468,CJ McCollum,1610612757,POR,Portland Trail Blazers,0021500098,2015-11-08,POR vs. DET,L,34,8,17,0.471,0,4,0.0,2,2,1.0,0,4,4,2,1,0,4,5,18,-20,24.8,1,2015-16
22015,203486,Mason Plumlee,1610612757,POR,Portland Trail Blazers,0021500098,2015-11-08,POR vs. DET,L,26,3,8,0.375,0,0,,1,3,0.333,3,2,5,3,1,0,4,0,7,-15,16.5,1,2015-16
22015,201142,Kevin Durant,1610612760,OKC,Oklahoma City Thunder,0021500097,2015-11-08,OKC vs. PHX,W,32,12,19,0.632,2,5,0.4,6,7,0.857,0,11,11,4,3,0,2,2,32,32,58.2,1,2015-16
22015,201949,James Johnson,1610612761,TOR,Toronto Raptors,0021500096,2015-11-08,TOR @ MIA,L,26,3,5,0.6,0,0,,1,4,0.25,1,6,7,2,1,0,2,3,7,-4,19.4,1,2015-16
22015,202687,Bismack Biyombo,1610612761,TOR,Toronto Raptors,0021500096,2015-11-08,TOR @ MIA,L,15,1,2,0.5,0,0,,3,3,1.0,3,4,7,0,2,1,2,2,5,-14,20.4,1,2015-16
22015,202709,Cory Joseph,1610612761,TOR,Toronto Raptors,0021500096,2015-11-08,TOR @ MIA,L,23,2,3,0.667,0,0,,0,0,,0,4,4,1,0,2,1,2,4,-15,15.3,1,2015-16
22015,203512,Lucas Nogueira,1610612761,TOR,Toronto Raptors,0021500096,2015-11-08,TOR @ MIA,L,3,1,1,1.0,0,0,,1,1,1.0,0,0,0,0,1,0,0,0,3,0,6.0,1,2015-16
22015,1626153,Delon Wright,1610612761,TOR,Toronto Raptors,0021500096,2015-11-08,TOR @ MIA,L,3,0,1,0.0,0,0,,0,0,,0,0,0,0,0,0,0,0,0,-3,0.0,1,2015-16
22015,2210,Richard Jefferson,1610612739,CLE,Cleveland Cavaliers,0021500094,2015-11-08,CLE vs. IND,W,30,2,6,0.333,1,3,0.333,0,0,,1,0,1,1,2,0,1,4,5,-7,12.7,1,2015-16
22015,2544,LeBron James,1610612739,CLE,Cleveland Cavaliers,0021500094,2015-11-08,CLE vs. IND,W,35,10,23,0.435,0,3,0.0,9,14,0.643,0,6,6,4,0,0,2,0,29,1,40.2,1,2015-16
22015,203903,Jordan Clarkson,1610612747,LAL,Los Angeles Lakers,0021500095,2015-11-08,LAL @ NYK,L,29,4,13,0.308,2,3,0.667,0,0,,0,2,2,1,1,0,2,0,10,-5,14.9,1,2015-16
22015,203944,Julius Randle,1610612747,LAL,Los Angeles Lakers,0021500095,2015-11-08,LAL @ NYK,L,30,3,12,0.25,0,1,0.0,0,0,,5,6,11,3,0,0,0,4,6,-12,23.7,1,2015-16
22015,204028,Tarik Black,1610612747,LAL,Los Angeles Lakers,0021500095,2015-11-08,LAL @ NYK,L,15,4,6,0.667,0,0,,0,2,0.0,1,3,4,1,0,0,2,2,8,-3,12.3,1,2015-16
22015,203516,James Ennis III,1610612748,MIA,Miami Heat,0021500096,2015-11-08,MIA vs. TOR,W,3,0,0,,0,0,,0,0,,0,0,0,0,0,0,0,1,0,0,0.0,1,2015-16
22015,2756,Sasha Vujacic,1610612752,NYK,New York Knicks,0021500095,2015-11-08,NYK vs. LAL,W,15,2,7,0.286,1,4,0.25,0,0,,0,2,2,1,1,0,0,0,5,-8,11.9,1,2015-16
22015,101181,Jose Calderon,1610612752,NYK,New York Knicks,0021500095,2015-11-08,NYK vs. LAL,W,35,6,12,0.5,2,6,0.333,0,0,,1,4,5,3,2,0,1,1,14,5,29.5,1,2015-16
22015,203124,Kyle O'Quinn,1610612752,NYK,New York Knicks,0021500095,2015-11-08,NYK vs. LAL,W,11,0,1,0.0,0,1,0.0,1,2,0.5,1,1,2,1,0,0,0,0,1,-10,4.9,1,2015-16
22015,1626170,Jerian Grant,1610612752,NYK,New York Knicks,0021500095,2015-11-08,NYK vs. LAL,W,18,1,6,0.167,0,3,0.0,0,0,,0,2,2,8,0,0,2,2,2,-6,14.4,1,2015-16
22015,101133,Ian Mahinmi,1610612754,IND,Indiana Pacers,0021500094,2015-11-08,IND @ CLE,L,20,3,4,0.75,0,0,,0,2,0.0,0,2,2,1,2,1,0,3,6,-8,18.9,1,2015-16
22015,203922,Glenn Robinson III,1610612754,IND,Indiana Pacers,0021500094,2015-11-08,IND @ CLE,L,13,1,4,0.25,0,1,0.0,0,0,,0,2,2,1,0,0,1,0,2,-5,4.9,1,2015-16
22015,1626167,Myles Turner,1610612754,IND,Indiana Pacers,0021500094,2015-11-08,IND @ CLE,L,18,3,4,0.75,0,0,,0,0,,0,1,1,0,0,1,0,2,6,-7,10.2,1,2015-16
22015,202693,Markieff Morris,1610612756,PHX,Phoenix Suns,0021500097,2015-11-08,PHX @ OKC,L,34,7,20,0.35,0,1,0.0,5,6,0.833,2,3,5,0,1,0,3,4,19,-29,25.0,1,2015-16
22015,202720,Jon Leuer,1610612756,PHX,Phoenix Suns,0021500097,2015-11-08,PHX @ OKC,L,12,3,6,0.5,1,2,0.5,0,0,,0,0,0,0,1,0,0,3,7,5,10.0,1,2015-16
22015,203933,T.J. Warren,1610612756,PHX,Phoenix Suns,0021500097,2015-11-08,PHX @ OKC,L,23,7,10,0.7,0,0,,3,3,1.0,0,2,2,0,0,0,2,0,17,1,17.4,1,2015-16
22015,1626164,Devin Booker,1610612756,PHX,Phoenix Suns,0021500097,2015-11-08,PHX @ OKC,L,10,0,3,0.0,0,0,,0,0,,0,0,0,1,0,0,0,3,0,-5,1.5,1,2015-16
22015,203086,Meyers Leonard,1610612757,POR,Portland Trail Blazers,0021500098,2015-11-08,POR vs. DET,L,33,7,13,0.538,3,5,0.6,0,0,,0,2,2,1,0,0,1,4,17,-26,19.9,1,2015-16
22015,1626166,Cameron Payne,1610612760,OKC,Oklahoma City Thunder,0021500097,2015-11-08,OKC vs. PHX,W,2,0,1,0.0,0,1,0.0,0,0,,0,0,0,0,0,0,0,0,0,-1,0.0,1,2015-16
22015,202335,Patrick Patterson,1610612761,TOR,Toronto Raptors,0021500096,2015-11-08,TOR @ MIA,L,15,1,4,0.25,0,2,0.0,0,0,,0,1,1,2,1,0,1,1,2,-7,8.2,1,2015-16
22015,203461,Anthony Bennett,1610612761,TOR,Toronto Raptors,0021500096,2015-11-08,TOR @ MIA,L,7,0,1,0.0,0,1,0.0,0,0,,0,0,0,0,0,0,0,1,0,-8,0.0,1,2015-16
22015,1626181,Norman Powell,1610612761,TOR,Toronto Raptors,0021500096,2015-11-08,TOR @ MIA,L,5,0,3,0.0,0,0,,0,0,,1,0,1,0,0,0,0,0,0,0,1.2,1,2015-16
22015,202694,Marcus Morris Sr.,1610612765,DET,Detroit Pistons,0021500098,2015-11-08,DET @ POR,W,37,5,18,0.278,1,7,0.143,2,2,1.0,3,0,3,3,3,0,3,3,13,19,27.1,1,2015-16
22015,203382,Aron Baynes,1610612765,DET,Detroit Pistons,0021500098,2015-11-08,DET @ POR,W,12,1,1,1.0,0,0,,2,2,1.0,2,3,5,1,0,1,1,1,4,3,13.5,1,2015-16
22015,203484,Kentavious Caldwell-Pope,1610612765,DET,Detroit Pistons,0021500098,2015-11-08,DET @ POR,W,39,6,15,0.4,2,7,0.286,2,2,1.0,1,3,4,0,4,0,1,2,16,24,31.8,1,2015-16
22015,202389,Timofey Mozgov,1610612739,CLE,Cleveland Cavaliers,0021500094,2015-11-08,CLE vs. IND,W,23,2,5,0.4,1,2,0.5,4,5,0.8,2,4,6,0,0,1,0,3,9,-12,19.2,1,2015-16
22015,201156,Nick Young,1610612747,LAL,Los Angeles Lakers,0021500095,2015-11-08,LAL @ NYK,L,19,4,10,0.4,2,5,0.4,0,0,,0,0,0,0,0,0,0,0,10,5,10.0,1,2015-16
22015,201579,Roy Hibbert,1610612747,LAL,Los Angeles Lakers,0021500095,2015-11-08,LAL @ NYK,L,33,5,9,0.556,0,0,,8,10,0.8,2,8,10,2,0,2,0,4,18,-1,39.0,1,2015-16
22015,2548,Dwyane Wade,1610612748,MIA,Miami Heat,0021500096,2015-11-08,MIA vs. TOR,W,25,4,13,0.308,1,1,1.0,3,4,0.75,1,2,3,2,0,1,1,1,12,3,20.6,1,2015-16
22015,202338,Kevin Seraphin,1610612752,NYK,New York Knicks,0021500095,2015-11-08,NYK vs. LAL,W,8,0,3,0.0,0,0,,0,0,,1,2,3,0,1,2,1,0,0,1,11.6,1,2015-16
22015,204001,Kristaps Porziņģis,1610612752,NYK,New York Knicks,0021500095,2015-11-08,NYK vs. LAL,W,26,3,10,0.3,1,3,0.333,5,6,0.833,2,8,10,1,0,2,0,4,12,18,31.5,1,2015-16
22015,201941,Jordan Hill,1610612754,IND,Indiana Pacers,0021500094,2015-11-08,IND @ CLE,L,32,3,15,0.2,0,0,,1,1,1.0,7,4,11,3,2,0,1,2,7,2,29.7,1,2015-16
22015,202331,Paul George,1610612754,IND,Indiana Pacers,0021500094,2015-11-08,IND @ CLE,L,39,11,21,0.524,3,6,0.5,7,8,0.875,2,9,11,6,0,0,4,5,32,5,50.2,1,2015-16
22015,202339,Eric Bledsoe,1610612756,PHX,Phoenix Suns,0021500097,2015-11-08,PHX @ OKC,L,37,10,15,0.667,2,2,1.0,6,7,0.857,1,1,2,11,0,0,2,4,28,-13,44.9,1,2015-16
22015,202334,Ed Davis,1610612757,POR,Portland Trail Blazers,0021500098,2015-11-08,POR vs. DET,L,20,2,3,0.667,0,0,,0,2,0.0,1,5,6,1,0,1,1,2,4,4,14.7,1,2015-16
22015,201586,Serge Ibaka,1610612760,OKC,Oklahoma City Thunder,0021500097,2015-11-08,OKC vs. PHX,W,37,5,12,0.417,0,2,0.0,0,0,,4,5,9,1,1,0,1,4,10,36,24.3,1,2015-16
22015,202713,Kyle Singler,1610612760,OKC,Oklahoma City Thunder,0021500097,2015-11-08,OKC vs. PHX,W,15,1,5,0.2,0,3,0.0,0,1,0.0,0,4,4,0,0,0,1,2,2,-11,5.8,1,2015-16
22015,203956,Mitch McGary,1610612760,OKC,Oklahoma City Thunder,0021500097,2015-11-08,OKC vs. PHX,W,11,1,3,0.333,0,0,,1,2,0.5,1,2,3,0,0,0,3,3,3,-15,3.6,1,2015-16
22015,2449,Luis Scola,1610612761,TOR,Toronto Raptors,0021500096,2015-11-08,TOR @ MIA,L,22,3,5,0.6,1,2,0.5,0,0,,0,4,4,1,0,1,1,3,7,-3,15.3,1,2015-16
22015,200768,Kyle Lowry,1610612761,TOR,Toronto Raptors,0021500096,2015-11-08,TOR @ MIA,L,37,4,16,0.25,2,8,0.25,5,6,0.833,1,5,6,8,1,0,2,2,15,-16,35.2,1,2015-16
22015,202704,Reggie Jackson,1610612765,DET,Detroit Pistons,0021500098,2015-11-08,DET @ POR,W,34,15,26,0.577,3,3,1.0,7,8,0.875,2,3,5,5,2,0,2,1,40,22,57.5,1,2015-16
22015,2592,James Jones,1610612739,CLE,Cleveland Cavaliers,0021500094,2015-11-08,CLE vs. IND,W,3,0,0,,0,0,,0,0,,0,0,0,0,0,0,1,2,0,1,-1.0,1,2015-16
22015,203521,Matthew Dellavedova,1610612739,CLE,Cleveland Cavaliers,0021500094,2015-11-08,CLE vs. IND,W,33,2,3,0.667,1,2,0.5,0,0,,0,3,3,9,1,0,2,3,5,13,23.1,1,2015-16
22015,2547,Chris Bosh,1610612748,MIA,Miami Heat,0021500096,2015-11-08,MIA vs. TOR,W,30,8,14,0.571,4,7,0.571,3,5,0.6,1,7,8,1,1,0,0,3,23,15,37.1,1,2015-16
22015,2617,Udonis Haslem,1610612748,MIA,Miami Heat,0021500096,2015-11-08,MIA vs. TOR,W,2,0,1,0.0,0,0,,0,0,,0,1,1,0,0,0,0,0,0,3,1.2,1,2015-16
22015,201177,Josh McRoberts,1610612748,MIA,Miami Heat,0021500096,2015-11-08,MIA vs. TOR,W,19,2,7,0.286,0,2,0.0,1,2,0.5,3,0,3,3,3,0,1,1,5,19,21.1,1,2015-16
22015,201577,Robin Lopez,1610612752,NYK,New York Knicks,0021500095,2015-11-08,NYK vs. LAL,W,31,5,9,0.556,0,0,,4,4,1.0,5,8,13,4,0,1,2,3,14,4,36.6,1,2015-16
22015,201588,George Hill,1610612754,IND,Indiana Pacers,0021500094,2015-11-08,IND @ CLE,L,40,6,16,0.375,0,5,0.0,2,2,1.0,1,4,5,5,0,0,0,2,14,-6,27.5,1,2015-16
22015,201978,Chase Budinger,1610612754,IND,Indiana Pacers,0021500094,2015-11-08,IND @ CLE,L,18,2,4,0.5,1,2,0.5,0,2,0.0,1,1,2,0,0,0,1,1,5,1,6.4,1,2015-16
22015,200782,P.J. Tucker,1610612756,PHX,Phoenix Suns,0021500097,2015-11-08,PHX @ OKC,L,21,1,5,0.2,1,2,0.5,0,0,,1,3,4,1,1,0,1,1,3,-24,11.3,1,2015-16
22015,202688,Brandon Knight,1610612756,PHX,Phoenix Suns,0021500097,2015-11-08,PHX @ OKC,L,32,6,14,0.429,2,6,0.333,0,0,,0,4,4,1,0,1,8,2,14,-23,15.3,1,2015-16
22015,203090,Maurice Harkless,1610612757,POR,Portland Trail Blazers,0021500098,2015-11-08,POR vs. DET,L,22,1,3,0.333,1,2,0.5,0,0,,2,3,5,2,1,0,3,4,3,-2,12.0,1,2015-16
22015,203943,Noah Vonleh,1610612757,POR,Portland Trail Blazers,0021500098,2015-11-08,POR vs. DET,L,10,2,3,0.667,0,0,,0,0,,1,2,3,1,0,0,1,1,4,9,8.1,1,2015-16
22015,201566,Russell Westbrook,1610612760,OKC,Oklahoma City Thunder,0021500097,2015-11-08,OKC vs. PHX,W,34,9,20,0.45,0,3,0.0,3,4,0.75,4,2,6,13,4,0,2,3,21,26,57.7,1,2015-16
22015,201571,D.J. Augustin,1610612760,OKC,Oklahoma City Thunder,0021500097,2015-11-08,OKC vs. PHX,W,14,0,2,0.0,0,2,0.0,2,4,0.5,0,1,1,4,3,0,2,0,2,-5,16.2,1,2015-16
22015,203079,Dion Waiters,1610612760,OKC,Oklahoma City Thunder,0021500097,2015-11-08,OKC vs. PHX,W,25,6,9,0.667,2,3,0.667,5,6,0.833,0,0,0,2,3,1,0,3,19,7,34.0,1,2015-16
22015,203500,Steven Adams,1610612760,OKC,Oklahoma City Thunder,0021500097,2015-11-08,OKC vs. PHX,W,20,3,6,0.5,0,0,,1,1,1.0,3,2,5,1,0,5,2,1,7,12,27.5,1,2015-16
22015,203082,Terrence Ross,1610612761,TOR,Toronto Raptors,0021500096,2015-11-08,TOR @ MIA,L,20,0,4,0.0,0,3,0.0,0,0,,0,2,2,0,1,1,1,3,0,-15,7.4,1,2015-16
22015,101141,Ersan Ilyasova,1610612765,DET,Detroit Pistons,0021500098,2015-11-08,DET @ POR,W,26,2,5,0.4,2,4,0.5,0,0,,0,1,1,4,1,0,0,2,6,-4,16.2,1,2015-16
22015,201229,Anthony Tolliver,1610612765,DET,Detroit Pistons,0021500098,2015-11-08,DET @ POR,W,22,2,4,0.5,2,3,0.667,0,0,,0,0,0,0,1,1,0,3,6,21,12.0,1,2015-16
22015,201567,Kevin Love,1610612739,CLE,Cleveland Cavaliers,0021500094,2015-11-08,CLE vs. IND,W,39,9,18,0.5,2,6,0.333,2,2,1.0,4,15,19,2,0,3,2,3,22,14,54.8,1,2015-16
22015,202684,Tristan Thompson,1610612739,CLE,Cleveland Cavaliers,0021500094,2015-11-08,CLE vs. IND,W,30,7,8,0.875,0,0,,2,4,0.5,3,5,8,1,2,0,0,3,16,6,33.1,1,2015-16
22015,203099,Jared Cunningham,1610612739,CLE,Cleveland Cavaliers,0021500094,2015-11-08,CLE vs. IND,W,9,2,5,0.4,1,3,0.333,0,0,,0,0,0,0,0,0,0,0,5,-7,5.0,1,2015-16
22015,1626156,D'Angelo Russell,1610612747,LAL,Los Angeles Lakers,0021500095,2015-11-08,LAL @ NYK,L,28,3,7,0.429,0,0,,0,1,0.0,2,3,5,3,3,0,2,2,6,-11,23.5,1,2015-16
22015,2736,Luol Deng,1610612748,MIA,Miami Heat,0021500096,2015-11-08,MIA vs. TOR,W,29,2,7,0.286,1,3,0.333,1,2,0.5,1,4,5,1,1,0,0,2,6,2,16.5,1,2015-16
22015,201609,Goran Dragic,1610612748,MIA,Miami Heat,0021500096,2015-11-08,MIA vs. TOR,W,26,1,5,0.2,0,3,0.0,0,0,,0,2,2,3,0,0,2,1,2,4,6.9,1,2015-16
22015,204020,Tyler Johnson,1610612748,MIA,Miami Heat,0021500096,2015-11-08,MIA vs. TOR,W,23,4,5,0.8,2,2,1.0,0,0,,0,3,3,1,0,0,1,4,10,14,14.1,1,2015-16
22015,202682,Derrick Williams,1610612752,NYK,New York Knicks,0021500095,2015-11-08,NYK vs. LAL,W,15,1,4,0.25,0,0,,4,6,0.667,0,1,1,1,0,0,1,0,6,-3,7.7,1,2015-16
22015,101145,Monta Ellis,1610612754,IND,Indiana Pacers,0021500094,2015-11-08,IND @ CLE,L,34,10,17,0.588,2,4,0.5,3,4,0.75,0,5,5,3,1,0,0,2,25,-6,38.5,1,2015-16
22015,2199,Tyson Chandler,1610612756,PHX,Phoenix Suns,0021500097,2015-11-08,PHX @ OKC,L,24,0,3,0.0,0,0,,1,2,0.5,1,7,8,0,1,0,2,2,1,-25,11.6,1,2015-16
22015,101179,Ronnie Price,1610612756,PHX,Phoenix Suns,0021500097,2015-11-08,PHX @ OKC,L,6,0,0,,0,0,,0,0,,0,0,0,2,1,0,1,2,0,-3,5.0,1,2015-16
22015,203462,Archie Goodwin,1610612756,PHX,Phoenix Suns,0021500097,2015-11-08,PHX @ OKC,L,14,1,2,0.5,0,1,0.0,1,4,0.25,0,2,2,2,0,0,2,1,3,4,6.4,1,2015-16
22015,203081,Damian Lillard,1610612757,POR,Portland Trail Blazers,0021500098,2015-11-08,POR vs. DET,L,35,8,15,0.533,4,9,0.444,6,7,0.857,0,4,4,11,1,0,5,3,26,-15,45.3,1,2015-16
22015,203459,Allen Crabbe,1610612757,POR,Portland Trail Blazers,0021500098,2015-11-08,POR vs. DET,L,25,7,7,1.0,1,1,1.0,0,0,,0,2,2,2,1,1,1,2,15,-1,25.4,1,2015-16
22015,203460,Andre Roberson,1610612760,OKC,Oklahoma City Thunder,0021500097,2015-11-08,OKC vs. PHX,W,23,3,7,0.429,0,1,0.0,1,2,0.5,2,4,6,0,0,1,0,2,7,15,17.2,1,2015-16
22015,201942,DeMar DeRozan,1610612761,TOR,Toronto Raptors,0021500096,2015-11-08,TOR @ MIA,L,36,5,14,0.357,0,3,0.0,6,6,1.0,0,1,1,3,0,0,6,3,16,-8,15.7,1,2015-16
22015,202685,Jonas Valančiūnas,1610612761,TOR,Toronto Raptors,0021500096,2015-11-08,TOR @ MIA,L,28,8,12,0.667,0,0,,1,2,0.5,1,4,5,0,1,0,0,1,17,-7,26.0,1,2015-16
22015,1626169,Stanley Johnson,1610612765,DET,Detroit Pistons,0021500098,2015-11-08,DET @ POR,W,20,1,4,0.25,0,2,0.0,1,2,0.5,0,0,0,0,0,0,1,0,3,-9,2.0,1,2015-16
22015,2546,Carmelo Anthony,1610612752,NYK,New York Knicks,0021500095,2015-11-08,NYK vs. LAL,W,35,8,20,0.4,2,6,0.333,6,6,1.0,0,8,8,2,0,0,2,4,24,5,34.6,1,2015-16
22015,202730,Lavoy Allen,1610612754,IND,Indiana Pacers,0021500094,2015-11-08,IND @ CLE,L,25,0,5,0.0,0,0,,0,0,,1,7,8,3,0,2,0,3,0,4,20.1,1,2015-16
22015,203141,Mirza Teletovic,1610612756,PHX,Phoenix Suns,0021500097,2015-11-08,PHX @ OKC,L,6,1,3,0.333,1,2,0.5,0,0,,1,0,1,0,0,0,0,1,3,3,4.2,1,2015-16
22015,202683,Enes Freedom,1610612760,OKC,Oklahoma City Thunder,0021500097,2015-11-08,OKC vs. PHX,W,28,9,10,0.9,0,0,,3,3,1.0,3,4,7,1,0,1,2,5,21,9,31.9,1,2015-16
22015,2581,Steve Blake,1610612765,DET,Detroit Pistons,0021500098,2015-11-08,DET @ POR,W,14,1,4,0.25,1,4,0.25,0,0,,1,0,1,3,0,0,0,1,3,-5,8.7,1,2015-16
22015,203083,Andre Drummond,1610612765,DET,Detroit Pistons,0021500098,2015-11-08,DET @ POR,W,36,14,19,0.737,0,0,,1,6,0.167,9,18,27,0,2,3,1,3,29,14,75.4,1,2015-16
22015,203118,Mike Scott,1610612737,ATL,Atlanta Hawks,0021500101,2015-11-09,ATL vs. MIN,L,11,3,4,0.75,1,1,1.0,0,0,,0,1,1,0,0,0,0,0,7,-22,8.2,1,2015-16
22015,2200,Pau Gasol,1610612741,CHI,Chicago Bulls,0021500100,2015-11-09,CHI @ PHI,W,30,7,17,0.412,0,0,,2,2,1.0,1,8,9,1,0,6,1,3,16,25,45.3,1,2015-16
22015,201565,Derrick Rose,1610612741,CHI,Chicago Bulls,0021500100,2015-11-09,CHI @ PHI,W,28,6,14,0.429,0,3,0.0,0,1,0.0,2,3,5,8,0,1,2,0,12,14,31.0,1,2015-16
22015,201939,Stephen Curry,1610612744,GSW,Golden State Warriors,0021500104,2015-11-09,GSW vs. DET,W,37,7,18,0.389,3,7,0.429,5,6,0.833,1,4,5,5,3,0,5,1,22,12,39.5,1,2015-16
22015,203105,Festus Ezeli,1610612744,GSW,Golden State Warriors,0021500104,2015-11-09,GSW vs. DET,W,23,2,6,0.333,0,0,,4,4,1.0,1,1,2,2,0,2,1,4,8,6,18.4,1,2015-16
22015,2037,Jamal Crawford,1610612746,LAC,LA Clippers,0021500105,2015-11-09,LAC vs. MEM,W,20,2,7,0.286,1,3,0.333,8,9,0.889,0,1,1,1,0,0,2,0,13,19,13.7,1,2015-16
22015,201601,Luc Mbah a Moute,1610612746,LAC,LA Clippers,0021500105,2015-11-09,LAC vs. MEM,W,0,0,0,,0,0,,0,0,,0,0,0,0,0,0,0,0,0,-5,0.0,1,2015-16
22015,201933,Blake Griffin,1610612746,LAC,LA Clippers,0021500105,2015-11-09,LAC vs. MEM,W,38,9,19,0.474,0,0,,6,6,1.0,2,10,12,2,1,1,2,5,24,-3,45.4,1,2015-16
22015,202325,Wesley Johnson,1610612746,LAC,LA Clippers,0021500105,2015-11-09,LAC vs. MEM,W,1,0,0,,0,0,,0,0,,0,0,0,0,0,0,0,0,0,2,0.0,1,2015-16
22015,203476,Gorgui Dieng,1610612750,MIN,Minnesota Timberwolves,0021500101,2015-11-09,MIN @ ATL,W,16,3,5,0.6,0,0,,0,0,,1,2,3,1,2,0,2,2,6,-1,15.1,1,2015-16
22015,202699,Tobias Harris,1610612753,ORL,Orlando Magic,0021500099,2015-11-09,ORL @ IND,L,29,3,13,0.231,1,3,0.333,1,2,0.5,2,8,10,0,0,0,1,0,8,-13,19.0,1,2015-16
22015,203901,Elfrid Payton,1610612753,ORL,Orlando Magic,0021500099,2015-11-09,ORL @ IND,L,37,3,7,0.429,0,0,,5,6,0.833,0,2,2,7,3,0,4,1,11,-6,28.9,1,2015-16
22015,203922,Glenn Robinson III,1610612754,IND,Indiana Pacers,0021500099,2015-11-09,IND vs. ORL,W,4,0,0,,0,0,,0,0,,0,0,0,1,0,0,0,0,0,-1,1.5,1,2015-16
22015,203477,Isaiah Canaan,1610612755,PHI,Philadelphia 76ers,0021500100,2015-11-09,PHI vs. CHI,L,21,1,5,0.2,1,3,0.333,0,0,,0,3,3,1,1,0,0,0,3,-9,11.1,1,2015-16
22015,203960,JaKarr Sampson,1610612755,PHI,Philadelphia 76ers,0021500100,2015-11-09,PHI vs. CHI,L,13,2,4,0.5,0,1,0.0,2,2,1.0,2,5,7,0,0,0,2,1,6,-18,12.4,1,2015-16
22015,202329,Al-Farouq Aminu,1610612757,POR,Portland Trail Blazers,0021500102,2015-11-09,POR @ DEN,L,34,5,16,0.313,2,7,0.286,0,0,,1,3,4,2,1,1,1,2,12,-6,24.8,1,2015-16
22015,203086,Meyers Leonard,1610612757,POR,Portland Trail Blazers,0021500102,2015-11-09,POR @ DEN,L,34,5,10,0.5,1,4,0.25,0,0,,1,8,9,4,0,0,2,6,11,11,25.8,1,2015-16
22015,203459,Allen Crabbe,1610612757,POR,Portland Trail Blazers,0021500102,2015-11-09,POR @ DEN,L,23,4,12,0.333,1,5,0.2,2,3,0.667,0,3,3,1,0,0,0,1,11,0,16.1,1,2015-16
22015,203468,CJ McCollum,1610612757,POR,Portland Trail Blazers,0021500102,2015-11-09,POR @ DEN,L,36,6,15,0.4,2,5,0.4,2,2,1.0,1,2,3,2,0,0,1,0,16,-11,21.6,1,2015-16
22015,201956,Omri Casspi,1610612758,SAC,Sacramento Kings,0021500103,2015-11-09,SAC vs. SAS,L,24,7,14,0.5,2,4,0.5,0,0,,0,5,5,0,3,0,0,2,16,4,31.0,1,2015-16
22015,202326,DeMarcus Cousins,1610612758,SAC,Sacramento Kings,0021500103,2015-11-09,SAC vs. SAS,L,32,5,20,0.25,0,4,0.0,11,15,0.733,4,8,12,3,2,1,4,2,21,-14,44.9,1,2015-16
22015,2564,Boris Diaw,1610612759,SAS,San Antonio Spurs,0021500103,2015-11-09,SAS @ SAC,W,20,3,4,0.75,0,1,0.0,0,0,,0,2,2,5,0,0,1,1,6,5,14.9,1,2015-16
22015,200746,LaMarcus Aldridge,1610612759,SAS,San Antonio Spurs,0021500103,2015-11-09,SAS @ SAC,W,26,7,12,0.583,0,2,0.0,2,2,1.0,0,9,9,1,0,2,2,4,16,14,32.3,1,2015-16
22015,202695,Kawhi Leonard,1610612759,SAS,San Antonio Spurs,0021500103,2015-11-09,SAS @ SAC,W,32,10,13,0.769,3,4,0.75,1,2,0.5,0,3,3,2,2,2,0,2,24,31,42.6,1,2015-16
22015,203492,Ray McCallum,1610612759,SAS,San Antonio Spurs,0021500103,2015-11-09,SAS @ SAC,W,3,0,1,0.0,0,0,,0,0,,0,0,0,1,0,0,1,0,0,-2,0.5,1,2015-16
22015,203937,Kyle Anderson,1610612759,SAS,San Antonio Spurs,0021500103,2015-11-09,SAS @ SAC,W,10,0,3,0.0,0,0,,0,0,,2,2,4,0,0,1,0,1,0,-8,7.8,1,2015-16
22015,2216,Zach Randolph,1610612763,MEM,Memphis Grizzlies,0021500105,2015-11-09,MEM @ LAC,L,40,12,19,0.632,0,0,,2,2,1.0,2,7,9,4,3,0,0,3,26,15,51.8,1,2015-16
22015,201188,Marc Gasol,1610612763,MEM,Memphis Grizzlies,0021500105,2015-11-09,MEM @ LAC,L,37,5,8,0.625,0,0,,8,12,0.667,1,6,7,3,0,0,4,5,18,2,26.9,1,2015-16
22015,202704,Reggie Jackson,1610612765,DET,Detroit Pistons,0021500104,2015-11-09,DET @ GSW,L,30,7,19,0.368,1,6,0.167,5,6,0.833,0,2,2,5,2,0,6,0,20,-5,29.9,1,2015-16
22015,203382,Aron Baynes,1610612765,DET,Detroit Pistons,0021500104,2015-11-09,DET @ GSW,L,12,1,2,0.5,0,0,,0,0,,1,3,4,1,0,0,2,0,2,-7,6.3,1,2015-16
22015,1626169,Stanley Johnson,1610612765,DET,Detroit Pistons,0021500104,2015-11-09,DET @ GSW,L,32,9,14,0.643,2,4,0.5,0,1,0.0,2,5,7,0,0,0,0,2,20,-9,28.4,1,2015-16
22015,200757,Thabo Sefolosha,1610612737,ATL,Atlanta Hawks,0021500101,2015-11-09,ATL vs. MIN,L,17,4,5,0.8,2,3,0.667,0,0,,0,1,1,1,2,0,0,1,10,-6,18.7,1,2015-16
22015,201143,Al Horford,1610612737,ATL,Atlanta Hawks,0021500101,2015-11-09,ATL vs. MIN,L,33,5,15,0.333,2,5,0.4,2,2,1.0,2,4,6,3,1,0,1,3,14,-9,27.7,1,2015-16
22015,201959,Taj Gibson,1610612741,CHI,Chicago Bulls,0021500100,2015-11-09,CHI @ PHI,W,23,2,5,0.4,0,0,,3,4,0.75,4,3,7,3,2,1,1,4,7,5,27.9,1,2015-16
22015,202703,Nikola Mirotic,1610612741,CHI,Chicago Bulls,0021500100,2015-11-09,CHI @ PHI,W,28,6,11,0.545,3,7,0.429,5,7,0.714,1,9,10,0,2,0,4,3,20,22,34.0,1,2015-16
22015,202710,Jimmy Butler III,1610612741,CHI,Chicago Bulls,0021500100,2015-11-09,CHI @ PHI,W,26,2,6,0.333,1,3,0.333,2,2,1.0,1,5,6,5,1,0,3,1,7,29,21.7,1,2015-16
22015,202734,E'Twaun Moore,1610612741,CHI,Chicago Bulls,0021500100,2015-11-09,CHI @ PHI,W,23,4,8,0.5,1,1,1.0,0,0,,1,3,4,3,0,0,1,1,9,-6,17.3,1,2015-16
22015,203503,Tony Snell,1610612741,CHI,Chicago Bulls,0021500100,2015-11-09,CHI @ PHI,W,20,3,7,0.429,2,3,0.667,2,2,1.0,0,5,5,2,0,1,1,1,10,18,21.0,1,2015-16
22015,200751,Randy Foye,1610612743,DEN,Denver Nuggets,0021500102,2015-11-09,DEN vs. POR,W,20,4,6,0.667,3,4,0.75,2,2,1.0,0,1,1,3,0,0,2,1,13,8,16.7,1,2015-16
22015,203999,Nikola Jokić,1610612743,DEN,Denver Nuggets,0021500102,2015-11-09,DEN vs. POR,W,16,3,3,1.0,0,0,,4,4,1.0,0,2,2,1,2,0,1,2,10,-1,18.9,1,2015-16
22015,708,Kevin Garnett,1610612750,MIN,Minnesota Timberwolves,0021500101,2015-11-09,MIN @ ATL,W,18,2,5,0.4,0,0,,0,0,,0,8,8,1,0,1,1,3,4,11,17.1,1,2015-16
22015,1889,Andre Miller,1610612750,MIN,Minnesota Timberwolves,0021500101,2015-11-09,MIN @ ATL,W,5,0,1,0.0,0,0,,0,0,,0,0,0,1,1,0,1,1,0,-1,3.5,1,2015-16
22015,201937,Ricky Rubio,1610612750,MIN,Minnesota Timberwolves,0021500101,2015-11-09,MIN @ ATL,W,27,4,10,0.4,0,1,0.0,2,2,1.0,0,1,1,8,3,0,2,3,10,4,30.2,1,2015-16
22015,203952,Andrew Wiggins,1610612750,MIN,Minnesota Timberwolves,0021500101,2015-11-09,MIN @ ATL,W,38,15,22,0.682,1,2,0.5,2,4,0.5,2,3,5,4,1,1,5,1,33,10,46.0,1,2015-16
22015,203473,Dewayne Dedmon,1610612753,ORL,Orlando Magic,0021500099,2015-11-09,ORL @ IND,L,23,2,3,0.667,0,0,,1,2,0.5,2,7,9,0,2,0,2,1,5,5,19.8,1,2015-16
22015,101133,Ian Mahinmi,1610612754,IND,Indiana Pacers,0021500099,2015-11-09,IND vs. ORL,W,28,4,6,0.667,0,0,,0,0,,2,7,9,1,1,2,2,2,8,9,27.3,1,2015-16
22015,202331,Paul George,1610612754,IND,Indiana Pacers,0021500099,2015-11-09,IND vs. ORL,W,36,7,17,0.412,3,6,0.5,10,11,0.909,2,2,4,7,1,0,6,2,27,9,39.3,1,2015-16
22015,203515,Phil Pressey,1610612755,PHI,Philadelphia 76ers,0021500100,2015-11-09,PHI vs. CHI,L,13,4,6,0.667,2,2,1.0,1,2,0.5,0,0,0,5,0,0,3,1,11,4,15.5,1,2015-16
22015,203924,Jerami Grant,1610612755,PHI,Philadelphia 76ers,0021500100,2015-11-09,PHI vs. CHI,L,29,4,12,0.333,0,2,0.0,3,4,0.75,1,2,3,1,1,3,1,3,11,-26,27.1,1,2015-16
22015,204456,T.J. McConnell,1610612755,PHI,Philadelphia 76ers,0021500100,2015-11-09,PHI vs. CHI,L,29,3,8,0.375,0,2,0.0,0,0,,0,5,5,8,0,2,2,0,6,-18,28.0,1,2015-16
22015,1626143,Jahlil Okafor,1610612755,PHI,Philadelphia 76ers,0021500100,2015-11-09,PHI vs. CHI,L,31,9,25,0.36,0,0,,3,8,0.375,6,9,15,1,0,2,1,2,21,-22,45.5,1,2015-16
22015,203486,Mason Plumlee,1610612757,POR,Portland Trail Blazers,0021500102,2015-11-09,POR @ DEN,L,33,5,7,0.714,0,0,,5,7,0.714,0,7,7,2,2,2,1,4,15,-6,37.4,1,2015-16
22015,201144,Mike Conley,1610612763,MEM,Memphis Grizzlies,0021500105,2015-11-09,MEM @ LAC,L,35,6,15,0.4,1,5,0.2,3,4,0.75,3,3,6,5,1,0,2,0,16,8,31.7,1,2015-16
22015,2581,Steve Blake,1610612765,DET,Detroit Pistons,0021500104,2015-11-09,DET @ GSW,L,18,2,3,0.667,1,1,1.0,0,0,,0,2,2,1,1,0,5,0,5,-9,6.9,1,2015-16
22015,201166,Aaron Brooks,1610612741,CHI,Chicago Bulls,0021500100,2015-11-09,CHI @ PHI,W,19,3,8,0.375,0,1,0.0,4,4,1.0,1,7,8,4,0,0,0,1,10,9,25.6,1,2015-16
22015,203946,Cameron Bairstow,1610612741,CHI,Chicago Bulls,0021500100,2015-11-09,CHI @ PHI,W,4,0,2,0.0,0,1,0.0,0,0,,1,1,2,0,0,0,0,2,0,0,2.4,1,2015-16
22015,1626171,Bobby Portis,1610612741,CHI,Chicago Bulls,0021500100,2015-11-09,CHI @ PHI,W,10,1,3,0.333,0,0,,0,0,,0,0,0,1,1,1,1,1,2,-6,8.5,1,2015-16
22015,201568,Danilo Gallinari,1610612743,DEN,Denver Nuggets,0021500102,2015-11-09,DEN vs. POR,W,35,2,10,0.2,0,5,0.0,2,2,1.0,0,5,5,3,1,0,4,1,6,3,15.5,1,2015-16
22015,203115,Will Barton,1610612743,DEN,Denver Nuggets,0021500102,2015-11-09,DEN vs. POR,W,23,4,7,0.571,1,2,0.5,2,2,1.0,0,3,3,1,0,0,1,1,11,4,15.1,1,2015-16
22015,2571,Leandro Barbosa,1610612744,GSW,Golden State Warriors,0021500104,2015-11-09,GSW vs. DET,W,14,4,6,0.667,2,2,1.0,0,0,,0,0,0,3,2,0,0,2,10,6,20.5,1,2015-16
22015,2738,Andre Iguodala,1610612744,GSW,Golden State Warriors,0021500104,2015-11-09,GSW vs. DET,W,29,5,11,0.455,1,1,1.0,2,3,0.667,1,4,5,2,1,0,2,2,13,7,23.0,1,2015-16
22015,201578,Marreese Speights,1610612744,GSW,Golden State Warriors,0021500104,2015-11-09,GSW vs. DET,W,4,1,4,0.25,0,0,,0,0,,2,1,3,0,0,0,0,2,2,-4,5.6,1,2015-16
22015,2746,Josh Smith,1610612746,LAC,LA Clippers,0021500105,2015-11-09,LAC vs. MEM,W,14,0,2,0.0,0,0,,2,2,1.0,0,6,6,2,0,3,0,1,2,7,21.2,1,2015-16
22015,101108,Chris Paul,1610612746,LAC,LA Clippers,0021500105,2015-11-09,LAC vs. MEM,W,33,4,10,0.4,1,4,0.25,5,6,0.833,1,3,4,4,1,0,4,5,14,9,23.8,1,2015-16
22015,201599,DeAndre Jordan,1610612746,LAC,LA Clippers,0021500105,2015-11-09,LAC vs. MEM,W,36,6,9,0.667,0,0,,1,2,0.5,4,8,12,1,0,4,1,4,13,-12,39.9,1,2015-16
22015,203085,Austin Rivers,1610612746,LAC,LA Clippers,0021500105,2015-11-09,LAC vs. MEM,W,23,2,4,0.5,0,0,,5,6,0.833,0,0,0,1,2,0,1,2,9,-2,15.5,1,2015-16
22015,202357,Nemanja Bjelica,1610612750,MIN,Minnesota Timberwolves,0021500101,2015-11-09,MIN @ ATL,W,30,3,5,0.6,3,5,0.6,2,2,1.0,0,5,5,4,0,0,2,2,11,-1,21.0,1,2015-16
22015,1626157,Karl-Anthony Towns,1610612750,MIN,Minnesota Timberwolves,0021500101,2015-11-09,MIN @ ATL,W,32,5,7,0.714,0,1,0.0,7,8,0.875,3,9,12,1,0,3,2,3,17,11,39.9,1,2015-16
22015,201228,C.J. Watson,1610612753,ORL,Orlando Magic,0021500099,2015-11-09,ORL @ IND,L,17,2,4,0.5,0,2,0.0,0,0,,0,0,0,2,1,0,1,1,4,-8,9.0,1,2015-16
22015,203932,Aaron Gordon,1610612753,ORL,Orlando Magic,0021500099,2015-11-09,ORL @ IND,L,17,1,5,0.2,0,2,0.0,2,3,0.667,1,1,2,2,0,1,3,4,4,-2,9.4,1,2015-16
22015,1626209,Mario Hezonja,1610612753,ORL,Orlando Magic,0021500099,2015-11-09,ORL @ IND,L,14,1,4,0.25,0,2,0.0,0,0,,0,2,2,2,0,0,2,1,2,1,5.4,1,2015-16
22015,200752,Rudy Gay,1610612758,SAC,Sacramento Kings,0021500103,2015-11-09,SAC vs. SAS,L,32,5,15,0.333,0,2,0.0,0,0,,3,2,5,4,0,1,2,4,10,-31,23.0,1,2015-16
22015,202341,James Anderson,1610612758,SAC,Sacramento Kings,0021500103,2015-11-09,SAC vs. SAS,L,7,0,0,,0,0,,0,0,,0,0,0,0,0,0,0,0,0,2,0.0,1,2015-16
22015,203463,Ben McLemore,1610612758,SAC,Sacramento Kings,0021500103,2015-11-09,SAC vs. SAS,L,13,2,6,0.333,1,3,0.333,2,2,1.0,1,0,1,0,0,0,0,0,7,-10,8.2,1,2015-16
22015,2561,David West,1610612759,SAS,San Antonio Spurs,0021500103,2015-11-09,SAS @ SAC,W,19,4,5,0.8,0,0,,0,0,,0,6,6,2,1,0,2,3,8,-2,19.2,1,2015-16
22015,2440,Matt Barnes,1610612763,MEM,Memphis Grizzlies,0021500105,2015-11-09,MEM @ LAC,L,26,2,8,0.25,1,3,0.333,3,3,1.0,0,6,6,1,2,2,1,4,8,-18,27.7,1,2015-16
22015,2754,Tony Allen,1610612763,MEM,Memphis Grizzlies,0021500105,2015-11-09,MEM @ LAC,L,26,3,6,0.5,0,0,,0,2,0.0,2,1,3,1,2,0,2,3,6,6,15.1,1,2015-16
22015,201145,Jeff Green,1610612763,MEM,Memphis Grizzlies,0021500105,2015-11-09,MEM @ LAC,L,17,2,7,0.286,0,1,0.0,1,2,0.5,0,3,3,0,0,1,2,3,5,-15,9.6,1,2015-16
22015,2594,Kyle Korver,1610612737,ATL,Atlanta Hawks,0021500101,2015-11-09,ATL vs. MIN,L,32,2,5,0.4,1,1,1.0,0,0,,0,2,2,1,0,0,0,2,5,1,8.9,1,2015-16
22015,200794,Paul Millsap,1610612737,ATL,Atlanta Hawks,0021500101,2015-11-09,ATL vs. MIN,L,35,9,15,0.6,3,5,0.6,1,2,0.5,2,3,5,6,2,2,3,1,22,1,46.0,1,2015-16
22015,201168,Tiago Splitter,1610612737,ATL,Atlanta Hawks,0021500101,2015-11-09,ATL vs. MIN,L,16,2,3,0.667,0,1,0.0,0,0,,0,3,3,2,0,0,1,0,4,10,9.6,1,2015-16
22015,203145,Kent Bazemore,1610612737,ATL,Atlanta Hawks,0021500101,2015-11-09,ATL vs. MIN,L,31,4,11,0.364,1,5,0.2,0,0,,0,6,6,3,5,1,5,6,9,-9,33.7,1,2015-16
22015,203926,Doug McDermott,1610612741,CHI,Chicago Bulls,0021500100,2015-11-09,CHI @ PHI,W,28,7,15,0.467,3,6,0.5,1,1,1.0,1,1,2,0,0,0,0,2,18,5,20.4,1,2015-16
22015,1626245,Cristiano Felicio,1610612741,CHI,Chicago Bulls,0021500100,2015-11-09,CHI @ PHI,W,1,0,0,,0,0,,0,0,,0,0,0,1,0,0,0,0,0,0,1.5,1,2015-16
22015,201581,JJ Hickson,1610612743,DEN,Denver Nuggets,0021500102,2015-11-09,DEN vs. POR,W,30,7,11,0.636,0,0,,5,11,0.455,2,11,13,1,0,3,0,4,19,4,45.1,1,2015-16
22015,203123,Kostas Papanikolaou,1610612743,DEN,Denver Nuggets,0021500102,2015-11-09,DEN vs. POR,W,13,2,2,1.0,1,1,1.0,0,0,,1,2,3,1,1,0,0,1,5,1,13.1,1,2015-16
22015,101106,Andrew Bogut,1610612744,GSW,Golden State Warriors,0021500104,2015-11-09,GSW vs. DET,W,19,4,7,0.571,0,0,,0,0,,5,4,9,2,0,0,1,3,8,11,20.8,1,2015-16
22015,202691,Klay Thompson,1610612744,GSW,Golden State Warriors,0021500104,2015-11-09,GSW vs. DET,W,32,10,17,0.588,4,7,0.571,0,0,,0,3,3,1,2,0,2,1,24,9,33.1,1,2015-16
22015,203110,Draymond Green,1610612744,GSW,Golden State Warriors,0021500104,2015-11-09,GSW vs. DET,W,33,3,10,0.3,0,1,0.0,0,0,,2,8,10,9,4,2,1,0,6,7,48.5,1,2015-16
22015,1718,Paul Pierce,1610612746,LAC,LA Clippers,0021500105,2015-11-09,LAC vs. MEM,W,25,0,5,0.0,0,4,0.0,0,0,,0,2,2,1,0,0,1,1,0,8,2.9,1,2015-16
22015,202362,Lance Stephenson,1610612746,LAC,LA Clippers,0021500105,2015-11-09,LAC vs. MEM,W,21,1,4,0.25,1,2,0.5,0,0,,1,2,3,1,0,0,4,0,3,-4,4.1,1,2015-16
22015,2755,Kevin Martin,1610612750,MIN,Minnesota Timberwolves,0021500101,2015-11-09,MIN @ ATL,W,24,4,11,0.364,2,5,0.4,3,4,0.75,0,0,0,1,0,0,0,1,13,5,14.5,1,2015-16
22015,203095,Evan Fournier,1610612753,ORL,Orlando Magic,0021500099,2015-11-09,ORL @ IND,L,40,7,13,0.538,4,9,0.444,3,4,0.75,0,2,2,1,2,0,2,4,21,-16,28.9,1,2015-16
22015,101139,CJ Miles,1610612754,IND,Indiana Pacers,0021500099,2015-11-09,IND vs. ORL,W,27,3,8,0.375,2,6,0.333,1,2,0.5,0,2,2,0,2,0,2,2,9,11,15.4,1,2015-16
22015,201941,Jordan Hill,1610612754,IND,Indiana Pacers,0021500099,2015-11-09,IND vs. ORL,W,21,2,7,0.286,0,0,,2,3,0.667,2,5,7,4,1,0,4,1,6,2,19.4,1,2015-16
22015,1626158,Richaun Holmes,1610612755,PHI,Philadelphia 76ers,0021500100,2015-11-09,PHI vs. CHI,L,28,4,9,0.444,0,3,0.0,3,5,0.6,2,1,3,1,0,2,1,3,11,5,21.1,1,2015-16
22015,1626174,Christian Wood,1610612755,PHI,Philadelphia 76ers,0021500100,2015-11-09,PHI vs. CHI,L,22,4,10,0.4,0,1,0.0,1,2,0.5,3,5,8,0,1,0,1,1,9,-9,20.6,1,2015-16
22015,203081,Damian Lillard,1610612757,POR,Portland Trail Blazers,0021500102,2015-11-09,POR @ DEN,L,38,9,22,0.409,3,7,0.429,9,9,1.0,3,0,3,7,1,0,1,4,30,3,46.1,1,2015-16
22015,203090,Maurice Harkless,1610612757,POR,Portland Trail Blazers,0021500102,2015-11-09,POR @ DEN,L,14,2,5,0.4,1,1,1.0,1,2,0.5,1,2,3,1,0,0,2,0,6,2,9.1,1,2015-16
22015,203943,Noah Vonleh,1610612757,POR,Portland Trail Blazers,0021500102,2015-11-09,POR @ DEN,L,13,0,3,0.0,0,0,,0,0,,1,1,2,0,0,0,0,1,0,-15,2.4,1,2015-16
22015,201585,Kosta Koufos,1610612758,SAC,Sacramento Kings,0021500103,2015-11-09,SAC vs. SAS,L,26,1,2,0.5,0,0,,0,2,0.0,1,5,6,1,1,3,1,1,2,-2,21.7,1,2015-16
22015,203112,Quincy Acy,1610612758,SAC,Sacramento Kings,0021500103,2015-11-09,SAC vs. SAS,L,3,1,1,1.0,1,1,1.0,0,0,,0,0,0,0,0,0,0,0,3,2,3.0,1,2015-16
22015,1495,Tim Duncan,1610612759,SAS,San Antonio Spurs,0021500103,2015-11-09,SAS @ SAC,W,23,4,8,0.5,0,0,,3,4,0.75,4,10,14,2,0,0,2,3,11,11,28.8,1,2015-16
22015,2225,Tony Parker,1610612759,SAS,San Antonio Spurs,0021500103,2015-11-09,SAS @ SAC,W,21,6,10,0.6,1,1,1.0,0,0,,0,1,1,2,0,0,2,1,13,9,15.2,1,2015-16
22015,201988,Patty Mills,1610612759,SAS,San Antonio Spurs,0021500103,2015-11-09,SAS @ SAC,W,23,4,11,0.364,1,5,0.2,0,0,,1,0,1,8,4,0,1,0,9,11,33.2,1,2015-16
22015,203210,JaMychal Green,1610612763,MEM,Memphis Grizzlies,0021500105,2015-11-09,MEM @ LAC,L,16,2,4,0.5,0,0,,1,2,0.5,0,1,1,1,0,0,0,4,5,-11,7.7,1,2015-16
22015,201952,Jeff Teague,1610612737,ATL,Atlanta Hawks,0021500101,2015-11-09,ATL vs. MIN,L,35,10,17,0.588,1,4,0.25,3,3,1.0,0,2,2,9,1,3,6,3,24,-2,45.9,1,2015-16
22015,203471,Dennis Schröder,1610612737,ATL,Atlanta Hawks,0021500101,2015-11-09,ATL vs. MIN,L,23,5,10,0.5,2,5,0.4,0,0,,0,1,1,4,1,0,0,1,12,-3,22.2,1,2015-16
22015,201589,Darrell Arthur,1610612743,DEN,Denver Nuggets,0021500102,2015-11-09,DEN vs. POR,W,20,1,5,0.2,0,1,0.0,0,0,,0,3,3,1,0,2,1,3,2,2,12.1,1,2015-16
22015,1626144,Emmanuel Mudiay,1610612743,DEN,Denver Nuggets,0021500102,2015-11-09,DEN vs. POR,W,28,6,12,0.5,1,3,0.333,5,7,0.714,1,5,6,5,0,2,2,3,18,-4,36.7,1,2015-16
22015,2733,Shaun Livingston,1610612744,GSW,Golden State Warriors,0021500104,2015-11-09,GSW vs. DET,W,19,2,4,0.5,0,0,,0,0,,1,1,2,2,1,0,1,2,4,1,11.4,1,2015-16
22015,203084,Harrison Barnes,1610612744,GSW,Golden State Warriors,0021500104,2015-11-09,GSW vs. DET,W,28,5,8,0.625,2,3,0.667,0,0,,0,2,2,2,0,0,3,1,12,15,14.4,1,2015-16
22015,203949,James Michael McAdoo,1610612744,GSW,Golden State Warriors,0021500104,2015-11-09,GSW vs. DET,W,1,0,0,,0,0,,0,0,,0,0,0,1,0,0,0,0,0,0,1.5,1,2015-16
22015,2419,Tayshaun Prince,1610612750,MIN,Minnesota Timberwolves,0021500101,2015-11-09,MIN @ ATL,W,24,2,4,0.5,0,0,,0,0,,1,1,2,0,0,0,1,0,4,3,5.4,1,2015-16
22015,203498,Shabazz Muhammad,1610612750,MIN,Minnesota Timberwolves,0021500101,2015-11-09,MIN @ ATL,W,10,3,3,1.0,0,0,,0,0,,0,1,1,0,0,0,2,0,6,0,5.2,1,2015-16
22015,203897,Zach LaVine,1610612750,MIN,Minnesota Timberwolves,0021500101,2015-11-09,MIN @ ATL,W,16,5,7,0.714,1,1,1.0,2,2,1.0,1,2,3,6,3,0,1,2,13,9,33.6,1,2015-16
22015,203506,Victor Oladipo,1610612753,ORL,Orlando Magic,0021500099,2015-11-09,ORL @ IND,L,38,7,18,0.389,1,5,0.2,0,0,,0,7,7,2,1,2,4,3,15,-8,31.4,1,2015-16
22015,101145,Monta Ellis,1610612754,IND,Indiana Pacers,0021500099,2015-11-09,IND vs. ORL,W,33,1,9,0.111,0,2,0.0,0,0,,0,4,4,4,2,0,2,1,2,-5,16.8,1,2015-16
22015,201155,Rodney Stuckey,1610612754,IND,Indiana Pacers,0021500099,2015-11-09,IND vs. ORL,W,18,3,8,0.375,0,2,0.0,0,0,,0,2,2,4,2,1,0,1,6,-2,23.4,1,2015-16
22015,201588,George Hill,1610612754,IND,Indiana Pacers,0021500099,2015-11-09,IND vs. ORL,W,35,8,13,0.615,4,6,0.667,3,4,0.75,0,7,7,2,2,1,0,3,23,20,43.4,1,2015-16
22015,1626167,Myles Turner,1610612754,IND,Indiana Pacers,0021500099,2015-11-09,IND vs. ORL,W,20,4,6,0.667,0,0,,2,2,1.0,0,4,4,0,0,0,2,2,10,4,12.8,1,2015-16
22015,203138,Hollis Thompson,1610612755,PHI,Philadelphia 76ers,0021500100,2015-11-09,PHI vs. CHI,L,21,2,8,0.25,1,4,0.25,0,0,,1,2,3,0,0,0,1,2,5,1,7.6,1,2015-16
22015,203917,Nik Stauskas,1610612755,PHI,Philadelphia 76ers,0021500100,2015-11-09,PHI vs. CHI,L,33,2,13,0.154,1,7,0.143,0,0,,0,5,5,2,3,0,1,0,5,-23,22.0,1,2015-16
22015,200765,Rajon Rondo,1610612758,SAC,Sacramento Kings,0021500103,2015-11-09,SAC vs. SAS,L,48,4,10,0.4,0,1,0.0,0,0,,0,6,6,12,3,0,9,3,8,-18,33.2,1,2015-16
22015,201158,Marco Belinelli,1610612758,SAC,Sacramento Kings,0021500103,2015-11-09,SAC vs. SAS,L,32,7,13,0.538,3,4,0.75,0,0,,1,0,1,5,0,0,3,0,17,-17,22.7,1,2015-16
22015,1938,Manu Ginobili,1610612759,SAS,San Antonio Spurs,0021500103,2015-11-09,SAS @ SAC,W,18,2,7,0.286,0,4,0.0,2,3,0.667,1,2,3,5,2,0,3,1,6,-1,20.1,1,2015-16
22015,2446,Rasual Butler,1610612759,SAS,San Antonio Spurs,0021500103,2015-11-09,SAS @ SAC,W,14,3,5,0.6,0,2,0.0,0,0,,0,2,2,2,2,0,0,0,6,3,17.4,1,2015-16
22015,1626246,Boban Marjanovic,1610612759,SAS,San Antonio Spurs,0021500103,2015-11-09,SAS @ SAC,W,3,1,2,0.5,0,0,,0,0,,0,0,0,0,0,0,0,0,2,-2,2.0,1,2015-16
22015,2757,Beno Udrih,1610612763,MEM,Memphis Grizzlies,0021500105,2015-11-09,MEM @ LAC,L,13,1,7,0.143,0,1,0.0,0,0,,2,1,3,1,0,0,2,1,2,-8,5.1,1,2015-16
22015,201584,Courtney Lee,1610612763,MEM,Memphis Grizzlies,0021500105,2015-11-09,MEM @ LAC,L,30,2,6,0.333,0,1,0.0,2,2,1.0,0,2,2,5,3,0,1,5,6,11,23.9,1,2015-16
22015,101141,Ersan Ilyasova,1610612765,DET,Detroit Pistons,0021500104,2015-11-09,DET @ GSW,L,17,2,5,0.4,0,2,0.0,0,0,,2,0,2,1,0,0,1,2,4,-13,6.9,1,2015-16
22015,201229,Anthony Tolliver,1610612765,DET,Detroit Pistons,0021500104,2015-11-09,DET @ GSW,L,14,0,2,0.0,0,1,0.0,0,0,,0,1,1,0,0,0,0,0,0,-11,1.2,1,2015-16
22015,202694,Marcus Morris Sr.,1610612765,DET,Detroit Pistons,0021500104,2015-11-09,DET @ GSW,L,43,6,12,0.5,1,1,1.0,2,4,0.5,1,4,5,3,2,0,1,2,15,-8,30.5,1,2015-16
22015,203083,Andre Drummond,1610612765,DET,Detroit Pistons,0021500104,2015-11-09,DET @ GSW,L,35,7,16,0.438,0,0,,0,2,0.0,5,10,15,3,2,2,4,4,14,-5,44.5,1,2015-16
22015,203484,Kentavious Caldwell-Pope,1610612765,DET,Detroit Pistons,0021500104,2015-11-09,DET @ GSW,L,38,6,12,0.5,1,4,0.25,2,2,1.0,1,2,3,1,2,1,0,3,15,-1,29.1,1,2015-16
22015,203493,Reggie Bullock Jr.,1610612765,DET,Detroit Pistons,0021500104,2015-11-09,DET @ GSW,L,1,0,0,,0,0,,0,0,,0,0,0,0,0,0,1,1,0,-2,-1.0,1,2015-16
22015,203200,Justin Holiday,1610612737,ATL,Atlanta Hawks,0021500101,2015-11-09,ATL vs. MIN,L,6,0,1,0.0,0,1,0.0,0,0,,0,0,0,1,1,0,1,2,0,-11,3.5,1,2015-16
22015,202702,Kenneth Faried,1610612743,DEN,Denver Nuggets,0021500102,2015-11-09,DEN vs. POR,W,31,8,13,0.615,0,0,,1,4,0.25,4,4,8,1,1,0,2,2,17,3,29.1,1,2015-16
22015,203914,Gary Harris,1610612743,DEN,Denver Nuggets,0021500102,2015-11-09,DEN vs. POR,W,25,3,8,0.375,1,3,0.333,0,0,,0,3,3,3,0,0,1,2,7,0,14.1,1,2015-16
22015,200755,JJ Redick,1610612746,LAC,LA Clippers,0021500105,2015-11-09,LAC vs. MEM,W,30,4,8,0.5,2,6,0.333,6,6,1.0,0,0,0,1,1,0,3,2,16,-9,17.5,1,2015-16
22015,101112,Channing Frye,1610612753,ORL,Orlando Magic,0021500099,2015-11-09,ORL @ IND,L,23,5,10,0.5,4,9,0.444,0,0,,1,7,8,0,0,0,2,5,14,-16,21.6,1,2015-16
22015,203894,Shabazz Napier,1610612753,ORL,Orlando Magic,0021500099,2015-11-09,ORL @ IND,L,2,0,1,0.0,0,1,0.0,0,0,,1,1,2,0,0,0,0,0,0,-2,2.4,1,2015-16
22015,201978,Chase Budinger,1610612754,IND,Indiana Pacers,0021500099,2015-11-09,IND vs. ORL,W,17,2,3,0.667,2,3,0.667,0,0,,0,3,3,2,1,0,0,2,6,18,15.6,1,2015-16
22015,202334,Ed Davis,1610612757,POR,Portland Trail Blazers,0021500102,2015-11-09,POR @ DEN,L,15,0,1,0.0,0,0,,3,4,0.75,2,3,5,1,2,0,1,4,3,2,15.5,1,2015-16
22015,1626161,Willie Cauley-Stein,1610612758,SAC,Sacramento Kings,0021500103,2015-11-09,SAC vs. SAS,L,22,2,3,0.667,0,0,,0,0,,1,5,6,0,1,0,0,2,4,-6,14.2,1,2015-16
22015,201980,Danny Green,1610612759,SAS,San Antonio Spurs,0021500103,2015-11-09,SAS @ SAC,W,27,2,6,0.333,1,4,0.25,0,0,,0,1,1,4,0,2,2,3,5,21,16.2,1,2015-16
22015,202323,Evan Turner,1610612738,BOS,Boston Celtics,0021500110,2015-11-10,BOS @ MIL,W,29,6,12,0.5,1,4,0.25,0,0,,0,5,5,6,4,0,1,2,13,32,39.0,1,2015-16
22015,202340,Avery Bradley,1610612738,BOS,Boston Celtics,0021500110,2015-11-10,BOS @ MIL,W,18,1,6,0.167,0,2,0.0,0,0,,0,3,3,1,0,0,0,1,2,2,7.1,1,2015-16
22015,1626154,RJ Hunter,1610612738,BOS,Boston Celtics,0021500110,2015-11-10,BOS @ MIL,W,19,3,5,0.6,1,3,0.333,0,0,,0,7,7,0,1,1,2,1,7,19,19.4,1,2015-16
22015,2760,Anderson Varejao,1610612739,CLE,Cleveland Cavaliers,0021500106,2015-11-10,CLE vs. UTA,W,6,1,3,0.333,0,0,,0,0,,0,1,1,0,0,1,0,1,2,9,6.2,1,2015-16
22015,201583,Ryan Anderson,1610612740,NOP,New Orleans Pelicans,0021500112,2015-11-10,NOP vs. DAL,W,28,10,16,0.625,2,4,0.5,3,4,0.75,5,6,11,1,0,0,2,3,25,14,37.7,1,2015-16
22015,202087,Alonzo Gee,1610612740,NOP,New Orleans Pelicans,0021500112,2015-11-10,NOP vs. DAL,W,22,4,7,0.571,0,1,0.0,0,0,,2,5,7,0,2,0,2,6,8,11,20.4,1,2015-16
22015,101150,Lou Williams,1610612747,LAL,Los Angeles Lakers,0021500108,2015-11-10,LAL @ MIA,L,26,3,11,0.273,2,5,0.4,6,7,0.857,1,3,4,3,0,0,2,3,14,-1,21.3,1,2015-16
22015,201156,Nick Young,1610612747,LAL,Los Angeles Lakers,0021500108,2015-11-10,LAL @ MIA,L,26,6,13,0.462,5,9,0.556,0,0,,0,2,2,2,1,1,1,0,17,4,27.4,1,2015-16
22015,201579,Roy Hibbert,1610612747,LAL,Los Angeles Lakers,0021500108,2015-11-10,LAL @ MIA,L,24,1,3,0.333,0,0,,0,0,,0,2,2,3,0,3,2,2,2,-25,15.9,1,2015-16
22015,203527,Ryan Kelly,1610612747,LAL,Los Angeles Lakers,0021500108,2015-11-10,LAL @ MIA,L,2,1,2,0.5,0,0,,0,0,,0,1,1,0,0,0,0,0,2,2,3.2,1,2015-16
22015,203944,Julius Randle,1610612747,LAL,Los Angeles Lakers,0021500108,2015-11-10,LAL @ MIA,L,26,2,6,0.333,0,1,0.0,3,5,0.6,0,7,7,4,0,0,2,3,7,-19,19.4,1,2015-16
22015,204028,Tarik Black,1610612747,LAL,Los Angeles Lakers,0021500108,2015-11-10,LAL @ MIA,L,14,1,2,0.5,0,0,,0,0,,1,6,7,0,0,1,0,4,2,16,13.4,1,2015-16
22015,1626273,Marcelo Huertas,1610612747,LAL,Los Angeles Lakers,0021500108,2015-11-10,LAL @ MIA,L,15,1,3,0.333,0,0,,0,0,,2,0,2,4,1,0,3,0,2,8,10.4,1,2015-16
22015,201609,Goran Dragic,1610612748,MIA,Miami Heat,0021500108,2015-11-10,MIA vs. LAL,W,29,2,10,0.2,0,3,0.0,0,0,,0,5,5,3,0,0,1,3,4,23,13.5,1,2015-16
22015,204020,Tyler Johnson,1610612748,MIA,Miami Heat,0021500108,2015-11-10,MIA vs. LAL,W,29,3,9,0.333,0,1,0.0,3,3,1.0,0,2,2,2,1,2,2,0,9,-10,21.4,1,2015-16
22015,202349,Greivis Vasquez,1610612749,MIL,Milwaukee Bucks,0021500110,2015-11-10,MIL vs. BOS,L,19,1,3,0.333,0,0,,0,0,,0,1,1,2,0,0,3,2,2,-20,3.2,1,2015-16
22015,203089,John Henson,1610612749,MIL,Milwaukee Bucks,0021500110,2015-11-10,MIL vs. BOS,L,10,1,3,0.333,0,0,,0,2,0.0,2,1,3,0,1,0,2,1,2,-22,6.6,1,2015-16
22015,203507,Giannis Antetokounmpo,1610612749,MIL,Milwaukee Bucks,0021500110,2015-11-10,MIL vs. BOS,L,24,6,13,0.462,1,3,0.333,3,3,1.0,0,3,3,0,2,0,4,5,16,-4,21.6,1,2015-16
22015,203953,Jabari Parker,1610612749,MIL,Milwaukee Bucks,0021500110,2015-11-10,MIL vs. BOS,L,24,4,6,0.667,0,0,,0,0,,3,5,8,1,2,0,0,1,8,23,25.1,1,2015-16
22015,203996,Damien Inglis,1610612749,MIL,Milwaukee Bucks,0021500110,2015-11-10,MIL vs. BOS,L,12,1,3,0.333,0,2,0.0,1,2,0.5,0,3,3,1,0,0,1,1,3,-14,7.1,1,2015-16
22015,203897,Zach LaVine,1610612750,MIN,Minnesota Timberwolves,0021500111,2015-11-10,MIN vs. CHA,L,37,9,19,0.474,1,4,0.25,1,2,0.5,1,4,5,8,2,0,8,2,20,13,36.0,1,2015-16
22015,204001,Kristaps Porziņģis,1610612752,NYK,New York Knicks,0021500109,2015-11-10,NYK @ TOR,W,20,3,11,0.273,0,1,0.0,2,2,1.0,3,3,6,1,0,0,3,3,8,7,13.7,1,2015-16
22015,201627,Anthony Morrow,1610612760,OKC,Oklahoma City Thunder,0021500107,2015-11-10,OKC @ WAS,W,16,1,6,0.167,0,3,0.0,0,0,,1,0,1,0,0,0,0,3,2,3,3.2,1,2015-16
22015,203956,Mitch McGary,1610612760,OKC,Oklahoma City Thunder,0021500107,2015-11-10,OKC @ WAS,W,13,2,3,0.667,0,0,,1,2,0.5,1,3,4,1,0,0,0,1,5,1,11.3,1,2015-16
22015,2449,Luis Scola,1610612761,TOR,Toronto Raptors,0021500109,2015-11-10,TOR vs. NYK,L,22,3,10,0.3,0,2,0.0,5,6,0.833,2,5,7,1,1,0,0,0,11,-1,23.9,1,2015-16
22015,202709,Cory Joseph,1610612761,TOR,Toronto Raptors,0021500109,2015-11-10,TOR vs. NYK,L,27,4,9,0.444,1,2,0.5,3,3,1.0,2,4,6,8,1,0,1,1,12,5,33.2,1,2015-16
22015,202330,Gordon Hayward,1610612762,UTA,Utah Jazz,0021500106,2015-11-10,UTA @ CLE,L,35,6,16,0.375,1,3,0.333,4,4,1.0,1,2,3,4,2,0,3,5,17,-7,29.6,1,2015-16
22015,203526,Raul Neto,1610612762,UTA,Utah Jazz,0021500106,2015-11-10,UTA @ CLE,L,13,0,2,0.0,0,1,0.0,0,0,,0,0,0,5,2,0,0,3,0,4,13.5,1,2015-16
22015,203918,Rodney Hood,1610612762,UTA,Utah Jazz,0021500106,2015-11-10,UTA @ CLE,L,30,4,10,0.4,2,7,0.286,6,6,1.0,0,3,3,2,2,0,2,6,16,-10,26.6,1,2015-16
22015,201971,DeJuan Blair,1610612764,WAS,Washington Wizards,0021500107,2015-11-10,WAS vs. OKC,L,17,2,8,0.25,0,0,,0,0,,4,5,9,0,1,0,1,6,4,-4,16.8,1,2015-16
22015,202066,Garrett Temple,1610612764,WAS,Washington Wizards,0021500107,2015-11-10,WAS vs. OKC,L,21,3,8,0.375,0,3,0.0,3,3,1.0,1,2,3,2,0,0,1,3,9,-7,14.6,1,2015-16
22015,202322,John Wall,1610612764,WAS,Washington Wizards,0021500107,2015-11-10,WAS vs. OKC,L,25,4,13,0.308,0,2,0.0,1,1,1.0,0,2,2,5,2,0,0,2,9,-19,24.9,1,2015-16
22015,203490,Otto Porter Jr.,1610612764,WAS,Washington Wizards,0021500107,2015-11-10,WAS vs. OKC,L,28,4,9,0.444,0,3,0.0,6,7,0.857,1,4,5,0,2,0,1,2,14,-21,25.0,1,2015-16
22015,1626162,Kelly Oubre Jr.,1610612764,WAS,Washington Wizards,0021500107,2015-11-10,WAS vs. OKC,L,26,4,8,0.5,2,4,0.5,1,2,0.5,0,3,3,0,0,0,1,4,11,-11,13.6,1,2015-16
22015,101107,Marvin Williams,1610612766,CHA,Charlotte Hornets,0021500111,2015-11-10,CHA @ MIN,W,35,2,6,0.333,1,4,0.25,2,2,1.0,1,9,10,0,2,2,2,4,7,3,29.0,1,2015-16
22015,202391,Jeremy Lin,1610612766,CHA,Charlotte Hornets,0021500111,2015-11-10,CHA @ MIN,W,26,6,11,0.545,1,5,0.2,6,8,0.75,0,1,1,3,0,0,0,1,19,18,24.7,1,2015-16
22015,202689,Kemba Walker,1610612766,CHA,Charlotte Hornets,0021500111,2015-11-10,CHA @ MIN,W,35,4,12,0.333,0,5,0.0,2,3,0.667,0,0,0,6,2,0,3,0,10,-14,22.0,1,2015-16
22015,1626179,Terry Rozier,1610612738,BOS,Boston Celtics,0021500110,2015-11-10,BOS @ MIL,W,1,0,1,0.0,0,0,,0,0,,0,0,0,0,0,0,0,0,0,-2,0.0,1,2015-16
22015,2747,JR Smith,1610612739,CLE,Cleveland Cavaliers,0021500106,2015-11-10,CLE vs. UTA,W,22,3,7,0.429,1,2,0.5,0,0,,1,0,1,3,0,0,2,4,7,1,10.7,1,2015-16
22015,101114,Deron Williams,1610612742,DAL,Dallas Mavericks,0021500112,2015-11-10,DAL @ NOP,L,23,4,10,0.4,0,2,0.0,0,0,,0,0,0,3,1,0,1,3,8,-25,14.5,1,2015-16
22015,1626147,Justin Anderson,1610612742,DAL,Dallas Mavericks,0021500112,2015-11-10,DAL @ NOP,L,15,4,4,1.0,1,1,1.0,2,2,1.0,0,2,2,1,0,0,1,0,11,4,13.9,1,2015-16
22015,101138,Brandon Bass,1610612747,LAL,Los Angeles Lakers,0021500108,2015-11-10,LAL @ MIA,L,10,3,3,1.0,0,0,,0,0,,0,2,2,0,0,0,0,3,6,-4,8.4,1,2015-16
22015,1626156,D'Angelo Russell,1610612747,LAL,Los Angeles Lakers,0021500108,2015-11-10,LAL @ MIA,L,21,2,6,0.333,0,1,0.0,0,0,,0,4,4,4,1,0,2,1,4,-20,15.8,1,2015-16
22015,202357,Nemanja Bjelica,1610612750,MIN,Minnesota Timberwolves,0021500111,2015-11-10,MIN vs. CHA,L,28,4,7,0.571,3,5,0.6,2,2,1.0,2,5,7,4,0,1,1,4,13,-21,29.4,1,2015-16
22015,1626145,Tyus Jones,1610612750,MIN,Minnesota Timberwolves,0021500111,2015-11-10,MIN vs. CHA,L,13,0,4,0.0,0,0,,1,2,0.5,0,1,1,1,1,0,0,1,1,-23,6.7,1,2015-16
22015,1626157,Karl-Anthony Towns,1610612750,MIN,Minnesota Timberwolves,0021500111,2015-11-10,MIN vs. CHA,L,30,7,16,0.438,0,1,0.0,5,5,1.0,2,11,13,2,1,3,2,3,19,10,47.6,1,2015-16
22015,2546,Carmelo Anthony,1610612752,NYK,New York Knicks,0021500109,2015-11-10,NYK @ TOR,W,33,10,23,0.435,2,6,0.333,3,3,1.0,0,4,4,3,3,0,2,2,25,-2,41.3,1,2015-16
22015,2756,Sasha Vujacic,1610612752,NYK,New York Knicks,0021500109,2015-11-10,NYK @ TOR,W,21,2,6,0.333,0,1,0.0,0,0,,2,4,6,2,1,0,0,3,4,7,17.2,1,2015-16
22015,201577,Robin Lopez,1610612752,NYK,New York Knicks,0021500109,2015-11-10,NYK @ TOR,W,29,6,11,0.545,0,0,,0,0,,5,3,8,2,1,4,0,6,12,-4,39.6,1,2015-16
22015,203124,Kyle O'Quinn,1610612752,NYK,New York Knicks,0021500109,2015-11-10,NYK @ TOR,W,12,2,7,0.286,0,0,,2,3,0.667,0,6,6,1,0,2,0,1,6,1,20.7,1,2015-16
22015,203921,Cleanthony Early,1610612752,NYK,New York Knicks,0021500109,2015-11-10,NYK @ TOR,W,6,2,3,0.667,1,2,0.5,0,0,,0,0,0,0,0,0,0,0,5,4,5.0,1,2015-16
22015,201142,Kevin Durant,1610612760,OKC,Oklahoma City Thunder,0021500107,2015-11-10,OKC @ WAS,W,17,4,8,0.5,2,2,1.0,4,4,1.0,0,10,10,4,0,0,2,0,14,15,30.0,1,2015-16
22015,201586,Serge Ibaka,1610612760,OKC,Oklahoma City Thunder,0021500107,2015-11-10,OKC @ WAS,W,30,9,15,0.6,3,3,1.0,2,3,0.667,3,3,6,3,0,0,2,3,23,20,32.7,1,2015-16
22015,202683,Enes Freedom,1610612760,OKC,Oklahoma City Thunder,0021500107,2015-11-10,OKC @ WAS,W,23,4,9,0.444,0,0,,1,2,0.5,1,5,6,1,0,0,0,1,9,21,17.7,1,2015-16
22015,202324,Derrick Favors,1610612762,UTA,Utah Jazz,0021500106,2015-11-10,UTA @ CLE,L,35,7,12,0.583,0,0,,3,6,0.5,4,5,9,4,2,0,1,3,17,-7,38.8,1,2015-16
22015,202692,Alec Burks,1610612762,UTA,Utah Jazz,0021500106,2015-11-10,UTA @ CLE,L,30,7,13,0.538,4,5,0.8,6,6,1.0,0,3,3,3,1,0,3,5,24,2,32.1,1,2015-16
22015,203187,Chris Johnson,1610612762,UTA,Utah Jazz,0021500106,2015-11-10,UTA @ CLE,L,1,1,1,1.0,0,0,,0,0,,0,0,0,0,0,0,0,0,2,0,2.0,1,2015-16
22015,203497,Rudy Gobert,1610612762,UTA,Utah Jazz,0021500106,2015-11-10,UTA @ CLE,L,33,6,10,0.6,0,0,,3,4,0.75,4,3,7,5,1,0,2,2,15,6,31.9,1,2015-16
22015,2400,Drew Gooden,1610612764,WAS,Washington Wizards,0021500107,2015-11-10,WAS vs. OKC,L,12,0,5,0.0,0,1,0.0,0,0,,2,3,5,0,0,1,0,1,0,-14,9.0,1,2015-16
22015,2743,Kris Humphries,1610612764,WAS,Washington Wizards,0021500107,2015-11-10,WAS vs. OKC,L,18,3,6,0.5,1,2,0.5,0,0,,1,4,5,3,0,2,0,1,7,-13,23.5,1,2015-16
22015,101162,Marcin Gortat,1610612764,WAS,Washington Wizards,0021500107,2015-11-10,WAS vs. OKC,L,27,5,11,0.455,0,0,,5,6,0.833,2,1,3,1,0,1,1,1,15,-19,22.1,1,2015-16
22015,201162,Jared Dudley,1610612764,WAS,Washington Wizards,0021500107,2015-11-10,WAS vs. OKC,L,17,1,5,0.2,1,3,0.333,0,0,,1,2,3,0,1,0,0,0,3,3,9.6,1,2015-16
22015,101161,Amir Johnson,1610612738,BOS,Boston Celtics,0021500110,2015-11-10,BOS @ MIL,W,23,2,3,0.667,0,0,,0,0,,3,6,9,0,0,1,1,1,4,-8,16.8,1,2015-16
22015,202738,Isaiah Thomas,1610612738,BOS,Boston Celtics,0021500110,2015-11-10,BOS @ MIL,W,34,6,20,0.3,1,10,0.1,7,8,0.875,1,1,2,1,1,0,3,0,20,-12,23.9,1,2015-16
22015,203923,James Young,1610612738,BOS,Boston Celtics,0021500110,2015-11-10,BOS @ MIL,W,1,0,0,,0,0,,0,0,,0,0,0,0,0,0,0,0,0,-2,0.0,1,2015-16
22015,2210,Richard Jefferson,1610612739,CLE,Cleveland Cavaliers,0021500106,2015-11-10,CLE vs. UTA,W,26,2,6,0.333,0,3,0.0,3,6,0.5,0,2,2,1,1,1,0,3,7,3,16.9,1,2015-16
22015,202389,Timofey Mozgov,1610612739,CLE,Cleveland Cavaliers,0021500106,2015-11-10,CLE vs. UTA,W,19,0,1,0.0,0,0,,3,4,0.75,1,1,2,0,0,1,1,3,3,-4,7.4,1,2015-16
22015,201950,Jrue Holiday,1610612740,NOP,New Orleans Pelicans,0021500112,2015-11-10,NOP vs. DAL,W,15,4,5,0.8,2,2,1.0,0,0,,0,1,1,3,2,0,1,2,10,10,20.7,1,2015-16
22015,202397,Ish Smith,1610612740,NOP,New Orleans Pelicans,0021500112,2015-11-10,NOP vs. DAL,W,27,6,11,0.545,0,0,,5,5,1.0,0,3,3,12,1,1,2,2,17,-6,42.6,1,2015-16
22015,1717,Dirk Nowitzki,1610612742,DAL,Dallas Mavericks,0021500112,2015-11-10,DAL @ NOP,L,20,7,13,0.538,1,5,0.2,3,3,1.0,0,4,4,2,0,0,1,0,18,-6,24.8,1,2015-16
22015,2585,Zaza Pachulia,1610612742,DAL,Dallas Mavericks,0021500112,2015-11-10,DAL @ NOP,L,21,3,6,0.5,0,0,,6,6,1.0,2,3,5,1,2,0,0,1,12,-7,25.5,1,2015-16
22015,2734,Devin Harris,1610612742,DAL,Dallas Mavericks,0021500112,2015-11-10,DAL @ NOP,L,19,3,7,0.429,0,1,0.0,2,3,0.667,1,2,3,1,1,1,0,1,8,-2,19.1,1,2015-16
22015,200826,J.J. Barea,1610612742,DAL,Dallas Mavericks,0021500112,2015-11-10,DAL @ NOP,L,22,4,11,0.364,1,4,0.25,1,1,1.0,1,3,4,5,0,0,2,3,10,-4,20.3,1,2015-16
22015,202083,Wesley Matthews,1610612742,DAL,Dallas Mavericks,0021500112,2015-11-10,DAL @ NOP,L,15,0,5,0.0,0,1,0.0,0,0,,0,1,1,1,0,0,2,1,0,-15,0.7,1,2015-16
22015,1626257,Salah Mejri,1610612742,DAL,Dallas Mavericks,0021500112,2015-11-10,DAL @ NOP,L,10,0,0,,0,0,,0,0,,0,1,1,0,0,1,1,0,0,9,3.2,1,2015-16
22015,203903,Jordan Clarkson,1610612747,LAL,Los Angeles Lakers,0021500108,2015-11-10,LAL @ MIA,L,31,6,16,0.375,0,2,0.0,0,0,,1,1,2,0,2,0,3,1,12,-17,17.4,1,2015-16
22015,1626204,Larry Nance Jr.,1610612747,LAL,Los Angeles Lakers,0021500108,2015-11-10,LAL @ MIA,L,20,3,5,0.6,0,0,,0,0,,0,3,3,0,0,0,1,1,6,4,8.6,1,2015-16
22015,2617,Udonis Haslem,1610612748,MIA,Miami Heat,0021500108,2015-11-10,MIA vs. LAL,W,2,0,0,,0,0,,0,0,,0,1,1,0,0,0,0,0,0,-2,1.2,1,2015-16
22015,202355,Hassan Whiteside,1610612748,MIA,Miami Heat,0021500108,2015-11-10,MIA vs. LAL,W,27,8,12,0.667,0,0,,3,6,0.5,7,8,15,0,0,3,0,1,19,22,46.0,1,2015-16
22015,1626159,Justise Winslow,1610612748,MIA,Miami Heat,0021500108,2015-11-10,MIA vs. LAL,W,32,4,8,0.5,0,2,0.0,0,0,,2,1,3,3,1,1,1,0,8,0,21.1,1,2015-16
22015,1626196,Josh Richardson,1610612748,MIA,Miami Heat,0021500108,2015-11-10,MIA vs. LAL,W,15,0,1,0.0,0,1,0.0,1,2,0.5,0,0,0,2,1,0,0,1,1,-13,7.0,1,2015-16
22015,202328,Greg Monroe,1610612749,MIL,Milwaukee Bucks,0021500110,2015-11-10,MIL vs. BOS,L,33,7,11,0.636,0,0,,3,5,0.6,2,12,14,4,1,1,2,2,17,7,43.8,1,2015-16
22015,203142,Chris Copeland,1610612749,MIL,Milwaukee Bucks,0021500110,2015-11-10,MIL vs. BOS,L,5,0,2,0.0,0,1,0.0,0,0,,0,0,0,0,0,0,0,0,0,-9,0.0,1,2015-16
22015,203898,Tyler Ennis,1610612749,MIL,Milwaukee Bucks,0021500110,2015-11-10,MIL vs. BOS,L,24,2,4,0.5,0,0,,0,0,,0,0,0,2,1,0,1,1,4,2,9.0,1,2015-16
22015,1889,Andre Miller,1610612750,MIN,Minnesota Timberwolves,0021500111,2015-11-10,MIN vs. CHA,L,3,0,0,,0,0,,0,0,,0,0,0,0,0,0,0,0,0,-9,0.0,1,2015-16
22015,2755,Kevin Martin,1610612750,MIN,Minnesota Timberwolves,0021500111,2015-11-10,MIN vs. CHA,L,40,6,16,0.375,1,3,0.333,5,6,0.833,1,2,3,5,1,0,6,5,18,10,26.1,1,2015-16
22015,203498,Shabazz Muhammad,1610612750,MIN,Minnesota Timberwolves,0021500111,2015-11-10,MIN vs. CHA,L,14,2,4,0.5,0,1,0.0,0,2,0.0,0,1,1,0,0,0,1,0,4,-21,4.2,1,2015-16
22015,203940,Adreian Payne,1610612750,MIN,Minnesota Timberwolves,0021500111,2015-11-10,MIN vs. CHA,L,20,4,5,0.8,2,2,1.0,0,0,,1,4,5,2,1,0,2,2,10,13,20.0,1,2015-16
22015,204014,Damjan Rudez,1610612750,MIN,Minnesota Timberwolves,0021500111,2015-11-10,MIN vs. CHA,L,8,1,2,0.5,1,2,0.5,0,0,,0,1,1,1,0,0,0,0,3,-10,5.7,1,2015-16
22015,2555,Nick Collison,1610612760,OKC,Oklahoma City Thunder,0021500107,2015-11-10,OKC @ WAS,W,5,1,2,0.5,0,0,,0,0,,0,0,0,0,0,0,0,0,2,-4,2.0,1,2015-16
22015,201566,Russell Westbrook,1610612760,OKC,Oklahoma City Thunder,0021500107,2015-11-10,OKC @ WAS,W,28,7,17,0.412,3,4,0.75,5,6,0.833,2,9,11,11,1,0,5,0,22,23,49.7,1,2015-16
22015,201571,D.J. Augustin,1610612760,OKC,Oklahoma City Thunder,0021500107,2015-11-10,OKC @ WAS,W,17,1,2,0.5,0,0,,0,1,0.0,0,3,3,4,0,0,0,2,2,0,11.6,1,2015-16
22015,202713,Kyle Singler,1610612760,OKC,Oklahoma City Thunder,0021500107,2015-11-10,OKC @ WAS,W,19,2,2,1.0,2,2,1.0,2,2,1.0,0,3,3,0,1,0,1,4,8,7,13.6,1,2015-16
22015,203079,Dion Waiters,1610612760,OKC,Oklahoma City Thunder,0021500107,2015-11-10,OKC @ WAS,W,23,7,10,0.7,4,5,0.8,7,7,1.0,0,2,2,1,0,0,2,1,25,6,26.9,1,2015-16
22015,203460,Andre Roberson,1610612760,OKC,Oklahoma City Thunder,0021500107,2015-11-10,OKC @ WAS,W,25,3,6,0.5,1,3,0.333,0,0,,0,1,1,1,1,1,0,2,7,22,15.7,1,2015-16
22015,200768,Kyle Lowry,1610612761,TOR,Toronto Raptors,0021500109,2015-11-10,TOR vs. NYK,L,37,8,18,0.444,2,5,0.4,5,7,0.714,1,5,6,9,3,1,4,5,23,9,51.7,1,2015-16
22015,202335,Patrick Patterson,1610612761,TOR,Toronto Raptors,0021500109,2015-11-10,TOR vs. NYK,L,19,2,6,0.333,0,3,0.0,0,0,,1,5,6,0,0,0,1,2,4,-1,10.2,1,2015-16
22015,202344,Trevor Booker,1610612762,UTA,Utah Jazz,0021500106,2015-11-10,UTA @ CLE,L,19,1,3,0.333,0,1,0.0,0,0,,2,3,5,1,0,0,2,4,2,-6,7.5,1,2015-16
22015,203469,Cody Zeller,1610612766,CHA,Charlotte Hornets,0021500111,2015-11-10,CHA @ MIN,W,24,5,8,0.625,0,0,,4,6,0.667,3,3,6,1,2,0,1,4,14,23,27.7,1,2015-16
22015,203482,Kelly Olynyk,1610612738,BOS,Boston Celtics,0021500110,2015-11-10,BOS @ MIL,W,22,5,8,0.625,0,1,0.0,1,1,1.0,1,0,1,2,0,0,2,3,11,24,13.2,1,2015-16
22015,2592,James Jones,1610612739,CLE,Cleveland Cavaliers,0021500106,2015-11-10,CLE vs. UTA,W,3,0,1,0.0,0,1,0.0,0,0,,0,0,0,0,0,0,0,0,0,-5,0.0,1,2015-16
22015,202684,Tristan Thompson,1610612739,CLE,Cleveland Cavaliers,0021500106,2015-11-10,CLE vs. UTA,W,28,2,5,0.4,0,0,,4,5,0.8,4,3,7,0,0,3,1,2,8,5,24.4,1,2015-16
22015,203521,Matthew Dellavedova,1610612739,CLE,Cleveland Cavaliers,0021500106,2015-11-10,CLE vs. UTA,W,23,4,7,0.571,1,1,1.0,0,0,,0,1,1,3,2,0,0,3,9,-8,20.7,1,2015-16
22015,201569,Eric Gordon,1610612740,NOP,New Orleans Pelicans,0021500112,2015-11-10,NOP vs. DAL,W,34,5,19,0.263,4,13,0.308,3,3,1.0,1,1,2,3,1,1,0,1,17,28,29.9,1,2015-16
22015,201600,Omer Asik,1610612740,NOP,New Orleans Pelicans,0021500112,2015-11-10,NOP vs. DAL,W,16,1,2,0.5,0,0,,0,0,,0,5,5,0,0,1,0,2,2,4,11.0,1,2015-16
22015,201967,Dante Cunningham,1610612740,NOP,New Orleans Pelicans,0021500112,2015-11-10,NOP vs. DAL,W,18,1,3,0.333,0,1,0.0,0,0,,1,2,3,0,0,0,0,0,2,0,5.6,1,2015-16
22015,202337,Luke Babbitt,1610612740,NOP,New Orleans Pelicans,0021500112,2015-11-10,NOP vs. DAL,W,24,1,3,0.333,1,3,0.333,0,0,,0,7,7,1,0,0,1,3,3,17,11.9,1,2015-16
22015,202690,Jimmer Fredette,1610612740,NOP,New Orleans Pelicans,0021500112,2015-11-10,NOP vs. DAL,W,5,1,3,0.333,0,1,0.0,0,0,,0,0,0,1,1,0,0,1,2,-12,6.5,1,2015-16
22015,203076,Anthony Davis,1610612740,NOP,New Orleans Pelicans,0021500112,2015-11-10,NOP vs. DAL,W,19,8,14,0.571,0,1,0.0,1,4,0.25,0,7,7,2,1,1,1,2,17,17,33.4,1,2015-16
22015,101109,Raymond Felton,1610612742,DAL,Dallas Mavericks,0021500112,2015-11-10,DAL @ NOP,L,23,0,5,0.0,0,0,,2,2,1.0,0,3,3,2,0,0,1,1,2,-2,7.6,1,2015-16
22015,101111,Charlie Villanueva,1610612742,DAL,Dallas Mavericks,0021500112,2015-11-10,DAL @ NOP,L,26,6,14,0.429,1,4,0.25,2,2,1.0,0,9,9,2,0,1,1,1,15,-9,30.8,1,2015-16
22015,1897,Metta World Peace,1610612747,LAL,Los Angeles Lakers,0021500108,2015-11-10,LAL @ MIA,L,22,5,7,0.714,4,4,1.0,0,0,,0,0,0,1,1,2,1,3,14,-17,23.5,1,2015-16
22015,2548,Dwyane Wade,1610612748,MIA,Miami Heat,0021500108,2015-11-10,MIA vs. LAL,W,25,5,14,0.357,0,1,0.0,2,3,0.667,0,2,2,6,0,1,1,2,12,23,25.4,1,2015-16
22015,201177,Josh McRoberts,1610612748,MIA,Miami Heat,0021500108,2015-11-10,MIA vs. LAL,W,18,2,5,0.4,0,1,0.0,0,0,,2,2,4,3,1,0,2,1,4,0,14.3,1,2015-16
22015,203101,Miles Plumlee,1610612749,MIL,Milwaukee Bucks,0021500110,2015-11-10,MIL vs. BOS,L,3,0,0,,0,0,,0,0,,0,1,1,0,0,0,0,0,0,-1,1.2,1,2015-16
22015,1626173,Rashad Vaughn,1610612749,MIL,Milwaukee Bucks,0021500110,2015-11-10,MIL vs. BOS,L,6,1,3,0.333,1,1,1.0,0,0,,0,0,0,0,0,0,0,0,3,-9,3.0,1,2015-16
22015,202338,Kevin Seraphin,1610612752,NYK,New York Knicks,0021500109,2015-11-10,NYK @ TOR,W,8,1,3,0.333,0,0,,0,0,,0,0,0,0,0,1,2,0,2,2,3.0,1,2015-16
22015,202682,Derrick Williams,1610612752,NYK,New York Knicks,0021500109,2015-11-10,NYK @ TOR,W,8,1,3,0.333,1,2,0.5,2,2,1.0,0,2,2,3,1,0,0,0,5,-2,14.9,1,2015-16
22015,1626170,Jerian Grant,1610612752,NYK,New York Knicks,0021500109,2015-11-10,NYK @ TOR,W,18,1,3,0.333,0,1,0.0,2,2,1.0,1,1,2,4,0,0,1,2,4,-5,11.4,1,2015-16
22015,203500,Steven Adams,1610612760,OKC,Oklahoma City Thunder,0021500107,2015-11-10,OKC @ WAS,W,21,2,3,0.667,0,0,,0,2,0.0,2,4,6,0,1,1,0,4,4,5,17.2,1,2015-16
22015,201942,DeMar DeRozan,1610612761,TOR,Toronto Raptors,0021500109,2015-11-10,TOR vs. NYK,L,39,11,23,0.478,0,1,0.0,7,9,0.778,0,5,5,2,1,0,1,1,29,-10,40.0,1,2015-16
22015,201949,James Johnson,1610612761,TOR,Toronto Raptors,0021500109,2015-11-10,TOR vs. NYK,L,29,1,3,0.333,1,2,0.5,4,6,0.667,1,2,3,3,1,3,2,4,7,4,25.1,1,2015-16
22015,202685,Jonas Valančiūnas,1610612761,TOR,Toronto Raptors,0021500109,2015-11-10,TOR vs. NYK,L,32,6,8,0.75,0,0,,4,4,1.0,4,6,10,0,0,0,2,1,16,-1,26.0,1,2015-16
22015,202687,Bismack Biyombo,1610612761,TOR,Toronto Raptors,0021500109,2015-11-10,TOR vs. NYK,L,16,2,3,0.667,0,0,,0,0,,2,1,3,2,0,2,0,2,4,-1,16.6,1,2015-16
22015,203504,Trey Burke,1610612762,UTA,Utah Jazz,0021500106,2015-11-10,UTA @ CLE,L,24,6,11,0.545,2,3,0.667,2,2,1.0,0,2,2,3,1,0,2,1,16,-3,23.9,1,2015-16
22015,1626168,Trey Lyles,1610612762,UTA,Utah Jazz,0021500106,2015-11-10,UTA @ CLE,L,6,1,2,0.5,1,1,1.0,0,0,,2,0,2,0,0,0,1,1,3,-6,4.4,1,2015-16
22015,201196,Ramon Sessions,1610612764,WAS,Washington Wizards,0021500107,2015-11-10,WAS vs. OKC,L,23,6,9,0.667,1,2,0.5,2,5,0.4,0,2,2,5,1,1,2,2,15,-3,28.9,1,2015-16
22015,203096,Jared Sullinger,1610612738,BOS,Boston Celtics,0021500110,2015-11-10,BOS @ MIL,W,20,5,10,0.5,1,2,0.5,0,0,,5,5,10,3,1,1,0,2,11,-5,33.5,1,2015-16
22015,203109,Jae Crowder,1610612738,BOS,Boston Celtics,0021500110,2015-11-10,BOS @ MIL,W,37,3,12,0.25,2,7,0.286,4,5,0.8,0,2,2,2,4,0,1,3,12,13,28.4,1,2015-16
22015,2544,LeBron James,1610612739,CLE,Cleveland Cavaliers,0021500106,2015-11-10,CLE vs. UTA,W,38,11,19,0.579,1,3,0.333,8,12,0.667,3,4,7,8,2,0,5,2,31,4,52.4,1,2015-16
22015,2590,Mo Williams,1610612739,CLE,Cleveland Cavaliers,0021500106,2015-11-10,CLE vs. UTA,W,36,8,9,0.889,4,4,1.0,9,10,0.9,0,6,6,6,2,0,5,1,29,12,46.2,1,2015-16
22015,201567,Kevin Love,1610612739,CLE,Cleveland Cavaliers,0021500106,2015-11-10,CLE vs. UTA,W,40,6,16,0.375,4,10,0.4,6,6,1.0,2,6,8,3,2,0,2,2,22,3,40.1,1,2015-16
22015,201582,Alexis Ajinca,1610612740,NOP,New Orleans Pelicans,0021500112,2015-11-10,NOP vs. DAL,W,5,0,1,0.0,0,0,,0,0,,0,1,1,0,1,1,0,1,0,-12,7.2,1,2015-16
22015,201962,Toney Douglas,1610612740,NOP,New Orleans Pelicans,0021500112,2015-11-10,NOP vs. DAL,W,25,5,8,0.625,5,7,0.714,2,2,1.0,0,1,1,2,0,0,2,4,17,4,19.2,1,2015-16
22015,202379,Jeremy Evans,1610612742,DAL,Dallas Mavericks,0021500112,2015-11-10,DAL @ NOP,L,12,3,3,1.0,0,0,,2,3,0.667,0,0,0,0,0,0,1,1,8,4,7.0,1,2015-16
22015,202718,Chandler Parsons,1610612742,DAL,Dallas Mavericks,0021500112,2015-11-10,DAL @ NOP,L,17,1,5,0.2,1,2,0.5,0,0,,1,5,6,1,0,0,1,1,3,-10,10.7,1,2015-16
22015,1626148,Anthony Brown,1610612747,LAL,Los Angeles Lakers,0021500108,2015-11-10,LAL @ MIA,L,3,0,0,,0,0,,0,0,,0,0,0,0,1,0,0,0,0,4,3.0,1,2015-16
22015,2547,Chris Bosh,1610612748,MIA,Miami Heat,0021500108,2015-11-10,MIA vs. LAL,W,33,9,16,0.563,2,5,0.4,10,12,0.833,3,8,11,0,0,0,3,2,30,9,40.2,1,2015-16
22015,2736,Luol Deng,1610612748,MIA,Miami Heat,0021500108,2015-11-10,MIA vs. LAL,W,30,5,9,0.556,3,6,0.5,1,1,1.0,1,3,4,4,3,0,0,2,14,13,33.8,1,2015-16
22015,201573,Jerryd Bayless,1610612749,MIL,Milwaukee Bucks,0021500110,2015-11-10,MIL vs. BOS,L,30,3,9,0.333,2,4,0.5,4,4,1.0,0,2,2,2,3,0,2,3,12,-8,24.4,1,2015-16
22015,203948,Johnny O'Bryant III,1610612749,MIL,Milwaukee Bucks,0021500110,2015-11-10,MIL vs. BOS,L,13,1,4,0.25,0,0,,1,2,0.5,2,2,4,0,0,0,1,1,3,-24,6.8,1,2015-16
22015,203476,Gorgui Dieng,1610612750,MIN,Minnesota Timberwolves,0021500111,2015-11-10,MIN vs. CHA,L,18,1,4,0.25,0,0,,0,0,,2,4,6,0,0,0,2,2,2,-20,7.2,1,2015-16
22015,200811,Lou Amundson,1610612752,NYK,New York Knicks,0021500109,2015-11-10,NYK @ TOR,W,5,0,0,,0,0,,0,0,,0,0,0,0,1,0,0,2,0,0,3.0,1,2015-16
22015,202498,Lance Thomas,1610612752,NYK,New York Knicks,0021500109,2015-11-10,NYK @ TOR,W,22,5,7,0.714,3,3,1.0,4,4,1.0,1,2,3,0,0,0,0,2,17,0,20.6,1,2015-16
22015,204038,Langston Galloway,1610612752,NYK,New York Knicks,0021500109,2015-11-10,NYK @ TOR,W,28,6,10,0.6,2,3,0.667,1,2,0.5,1,3,4,4,0,0,1,3,15,10,24.8,1,2015-16
22015,1626166,Cameron Payne,1610612760,OKC,Oklahoma City Thunder,0021500107,2015-11-10,OKC @ WAS,W,3,1,3,0.333,0,1,0.0,0,0,,0,0,0,1,0,0,0,1,2,1,3.5,1,2015-16
22015,203461,Anthony Bennett,1610612761,TOR,Toronto Raptors,0021500109,2015-11-10,TOR vs. NYK,L,17,0,3,0.0,0,1,0.0,3,4,0.75,1,2,3,0,0,0,0,1,3,-9,6.6,1,2015-16
22015,1626181,Norman Powell,1610612761,TOR,Toronto Raptors,0021500109,2015-11-10,TOR vs. NYK,L,2,0,1,0.0,0,1,0.0,0,0,,0,0,0,0,0,0,0,0,0,-5,0.0,1,2015-16
22015,202390,Gary Neal,1610612764,WAS,Washington Wizards,0021500107,2015-11-10,WAS vs. OKC,L,26,6,15,0.4,0,4,0.0,2,2,1.0,0,1,1,1,1,0,1,0,14,-12,18.7,1,2015-16
22015,2744,Al Jefferson,1610612766,CHA,Charlotte Hornets,0021500111,2015-11-10,CHA @ MIN,W,26,3,9,0.333,0,0,,3,4,0.75,0,4,4,2,0,1,2,2,9,-14,17.8,1,2015-16
22015,201150,Spencer Hawes,1610612766,CHA,Charlotte Hornets,0021500111,2015-11-10,CHA @ MIN,W,19,1,6,0.167,0,2,0.0,0,0,,0,2,2,2,1,0,1,3,2,22,9.4,1,2015-16
22015,203087,Jeremy Lamb,1610612766,CHA,Charlotte Hornets,0021500111,2015-11-10,CHA @ MIN,W,23,8,10,0.8,2,3,0.667,0,0,,0,4,4,0,1,0,1,1,18,13,24.8,1,2015-16
22015,203148,Brian Roberts,1610612766,CHA,Charlotte Hornets,0021500111,2015-11-10,CHA @ MIN,W,6,2,2,1.0,0,0,,0,0,,0,1,1,0,0,0,1,0,4,9,4.2,1,2015-16
22015,1626163,Frank Kaminsky,1610612766,CHA,Charlotte Hornets,0021500111,2015-11-10,CHA @ MIN,W,3,0,0,,0,0,,0,0,,0,0,0,0,0,0,1,0,0,-5,-1.0,1,2015-16
22015,101135,David Lee,1610612738,BOS,Boston Celtics,0021500110,2015-11-10,BOS @ MIL,W,21,5,7,0.714,0,0,,3,4,0.75,4,1,5,3,0,2,1,2,13,2,28.5,1,2015-16
22015,201973,Jonas Jerebko,1610612738,BOS,Boston Celtics,0021500110,2015-11-10,BOS @ MIL,W,15,2,2,1.0,1,1,1.0,1,1,1.0,0,1,1,3,0,1,1,3,6,17,13.7,1,2015-16
22015,203939,Dwight Powell,1610612742,DAL,Dallas Mavericks,0021500112,2015-11-10,DAL @ NOP,L,17,4,5,0.8,0,0,,2,4,0.5,3,3,6,1,0,1,1,4,10,-12,20.7,1,2015-16
22015,203114,Khris Middleton,1610612749,MIL,Milwaukee Bucks,0021500110,2015-11-10,MIL vs. BOS,L,37,3,12,0.25,2,6,0.333,5,5,1.0,0,2,2,2,0,1,1,1,13,-1,20.4,1,2015-16
22015,2419,Tayshaun Prince,1610612750,MIN,Minnesota Timberwolves,0021500111,2015-11-10,MIN vs. CHA,L,31,2,3,0.667,1,1,1.0,0,0,,1,5,6,2,0,0,0,2,5,13,15.2,1,2015-16
22015,101181,Jose Calderon,1610612752,NYK,New York Knicks,0021500109,2015-11-10,NYK @ TOR,W,29,3,8,0.375,2,4,0.5,0,0,,0,3,3,2,1,0,0,3,8,-8,17.6,1,2015-16
22015,204060,Joe Ingles,1610612762,UTA,Utah Jazz,0021500106,2015-11-10,UTA @ CLE,L,13,1,2,0.5,0,1,0.0,0,0,,0,3,3,3,0,0,0,5,2,7,10.1,1,2015-16
22015,201587,Nicolas Batum,1610612766,CHA,Charlotte Hornets,0021500111,2015-11-10,CHA @ MIN,W,35,6,11,0.545,3,5,0.6,2,2,1.0,0,6,6,3,0,2,4,3,17,-5,30.7,1,2015-16
22015,203798,PJ Hairston,1610612766,CHA,Charlotte Hornets,0021500111,2015-11-10,CHA @ MIN,W,8,1,3,0.333,1,2,0.5,1,2,0.5,0,0,0,1,0,0,0,2,4,-5,5.5,1,2015-16
22015,203935,Marcus Smart,1610612738,BOS,Boston Celtics,0021500116,2015-11-11,BOS vs. IND,L,21,1,6,0.167,0,4,0.0,6,8,0.75,1,0,1,2,1,0,1,4,8,-20,14.2,1,2015-16
22015,201569,Eric Gordon,1610612740,NOP,New Orleans Pelicans,0021500117,2015-11-11,NOP @ ATL,L,32,10,20,0.5,4,6,0.667,2,3,0.667,0,3,3,3,2,0,2,4,26,-9,38.1,1,2015-16
22015,201582,Alexis Ajinca,1610612740,NOP,New Orleans Pelicans,0021500117,2015-11-11,NOP @ ATL,L,9,0,3,0.0,0,0,,0,0,,1,3,4,1,0,0,1,1,0,2,5.3,1,2015-16
22015,201962,Toney Douglas,1610612740,NOP,New Orleans Pelicans,0021500117,2015-11-11,NOP @ ATL,L,24,4,11,0.364,3,7,0.429,1,1,1.0,0,1,1,4,2,0,3,1,12,1,22.2,1,2015-16
22015,2585,Zaza Pachulia,1610612742,DAL,Dallas Mavericks,0021500118,2015-11-11,DAL vs. LAC,W,31,2,6,0.333,0,0,,6,8,0.75,3,7,10,3,0,2,2,4,10,12,30.5,1,2015-16
22015,101109,Raymond Felton,1610612742,DAL,Dallas Mavericks,0021500118,2015-11-11,DAL vs. LAC,W,30,4,9,0.444,1,5,0.2,4,4,1.0,0,3,3,0,1,0,2,3,13,19,17.6,1,2015-16
22015,202083,Wesley Matthews,1610612742,DAL,Dallas Mavericks,0021500118,2015-11-11,DAL vs. LAC,W,33,9,13,0.692,3,4,0.75,4,4,1.0,0,6,6,3,1,0,1,3,25,16,38.7,1,2015-16
22015,1626147,Justin Anderson,1610612742,DAL,Dallas Mavericks,0021500118,2015-11-11,DAL vs. LAC,W,10,3,3,1.0,1,1,1.0,0,0,,0,2,2,0,1,1,0,1,7,2,15.4,1,2015-16
22015,1626144,Emmanuel Mudiay,1610612743,DEN,Denver Nuggets,0021500121,2015-11-11,DEN vs. MIL,W,35,5,16,0.313,1,6,0.167,5,8,0.625,1,2,3,11,1,0,1,1,16,2,38.1,1,2015-16
22015,203105,Festus Ezeli,1610612744,GSW,Golden State Warriors,0021500120,2015-11-11,GSW @ MEM,W,20,1,2,0.5,0,0,,1,2,0.5,2,3,5,0,1,0,1,4,3,11,11.0,1,2015-16
22015,203949,James Michael McAdoo,1610612744,GSW,Golden State Warriors,0021500120,2015-11-11,GSW @ MEM,W,4,0,0,,0,0,,0,0,,0,0,0,1,0,0,0,0,0,-3,1.5,1,2015-16
22015,203991,Clint Capela,1610612745,HOU,Houston Rockets,0021500119,2015-11-11,HOU vs. BKN,L,11,4,5,0.8,0,0,,0,0,,1,1,2,0,0,2,1,2,8,-1,15.4,1,2015-16
22015,1718,Paul Pierce,1610612746,LAC,LA Clippers,0021500118,2015-11-11,LAC @ DAL,L,22,3,5,0.6,2,4,0.5,2,2,1.0,1,6,7,2,0,0,0,2,10,8,21.4,1,2015-16
22015,200755,JJ Redick,1610612746,LAC,LA Clippers,0021500118,2015-11-11,LAC @ DAL,L,14,4,6,0.667,2,3,0.667,0,0,,0,0,0,0,0,1,0,2,10,-3,13.0,1,2015-16
22015,101138,Brandon Bass,1610612747,LAL,Los Angeles Lakers,0021500114,2015-11-11,LAL @ ORL,L,13,2,6,0.333,0,0,,0,0,,2,3,5,2,0,0,0,3,4,5,13.0,1,2015-16
22015,203903,Jordan Clarkson,1610612747,LAL,Los Angeles Lakers,0021500114,2015-11-11,LAL @ ORL,L,26,2,7,0.286,0,2,0.0,0,0,,1,1,2,5,0,0,2,0,4,-4,11.9,1,2015-16
22015,1626156,D'Angelo Russell,1610612747,LAL,Los Angeles Lakers,0021500114,2015-11-11,LAL @ ORL,L,31,6,15,0.4,2,5,0.4,0,0,,0,6,6,3,1,1,3,1,14,-1,28.7,1,2015-16
22015,201573,Jerryd Bayless,1610612749,MIL,Milwaukee Bucks,0021500121,2015-11-11,MIL @ DEN,L,28,7,10,0.7,3,3,1.0,5,6,0.833,1,1,2,4,2,0,3,4,22,3,33.4,1,2015-16
22015,203114,Khris Middleton,1610612749,MIL,Milwaukee Bucks,0021500121,2015-11-11,MIL @ DEN,L,42,5,13,0.385,3,5,0.6,0,0,,0,1,1,2,4,0,2,2,13,5,27.2,1,2015-16
22015,203898,Tyler Ennis,1610612749,MIL,Milwaukee Bucks,0021500121,2015-11-11,MIL @ DEN,L,15,3,4,0.75,1,2,0.5,0,0,,0,0,0,0,0,0,2,1,7,-6,5.0,1,2015-16
22015,201572,Brook Lopez,1610612751,BKN,Brooklyn Nets,0021500119,2015-11-11,BKN @ HOU,W,35,6,17,0.353,0,0,,2,3,0.667,5,7,12,0,1,5,1,1,14,7,45.4,1,2015-16
22015,201961,Wayne Ellington,1610612751,BKN,Brooklyn Nets,0021500119,2015-11-11,BKN @ HOU,W,19,2,8,0.25,1,3,0.333,0,0,,1,1,2,1,1,0,0,0,5,10,11.9,1,2015-16
22015,202338,Kevin Seraphin,1610612752,NYK,New York Knicks,0021500113,2015-11-11,NYK @ CHA,L,3,1,1,1.0,0,0,,0,0,,1,0,1,0,0,0,1,0,2,-7,2.2,1,2015-16
22015,202331,Paul George,1610612754,IND,Indiana Pacers,0021500116,2015-11-11,IND @ BOS,W,37,10,22,0.455,2,5,0.4,4,5,0.8,1,9,10,3,1,0,6,4,26,15,39.5,1,2015-16
22015,203922,Glenn Robinson III,1610612754,IND,Indiana Pacers,0021500116,2015-11-11,IND @ BOS,W,14,0,1,0.0,0,0,,0,0,,1,2,3,0,1,1,0,0,0,-6,9.6,1,2015-16
22015,203515,Phil Pressey,1610612755,PHI,Philadelphia 76ers,0021500115,2015-11-11,PHI vs. TOR,L,17,1,3,0.333,0,2,0.0,3,4,0.75,0,2,2,7,1,0,1,2,5,4,19.9,1,2015-16
22015,203960,JaKarr Sampson,1610612755,PHI,Philadelphia 76ers,0021500115,2015-11-11,PHI vs. TOR,L,27,4,10,0.4,0,0,,1,2,0.5,3,3,6,0,0,1,0,2,9,-22,19.2,1,2015-16
22015,203081,Damian Lillard,1610612757,POR,Portland Trail Blazers,0021500123,2015-11-11,POR vs. SAS,L,37,7,19,0.368,5,8,0.625,3,7,0.429,1,5,6,9,1,0,3,3,22,-4,42.7,1,2015-16
22015,203943,Noah Vonleh,1610612757,POR,Portland Trail Blazers,0021500123,2015-11-11,POR vs. SAS,L,7,1,2,0.5,0,0,,0,0,,0,2,2,0,0,0,0,1,2,-8,4.4,1,2015-16
22015,1626192,Pat Connaughton,1610612757,POR,Portland Trail Blazers,0021500123,2015-11-11,POR vs. SAS,L,1,0,1,0.0,0,0,,0,0,,1,0,1,0,0,0,0,0,0,-2,1.2,1,2015-16
22015,201956,Omri Casspi,1610612758,SAC,Sacramento Kings,0021500122,2015-11-11,SAC vs. DET,W,28,3,5,0.6,1,2,0.5,2,2,1.0,0,11,11,1,1,0,2,2,9,-12,24.7,1,2015-16
22015,201980,Danny Green,1610612759,SAS,San Antonio Spurs,0021500123,2015-11-11,SAS @ POR,W,31,4,6,0.667,3,4,0.75,0,1,0.0,0,4,4,2,0,0,0,2,11,-3,18.8,1,2015-16
22015,202685,Jonas Valančiūnas,1610612761,TOR,Toronto Raptors,0021500115,2015-11-11,TOR @ PHI,W,23,4,8,0.5,0,0,,3,4,0.75,2,10,12,1,0,1,0,2,11,19,29.9,1,2015-16
22015,203512,Lucas Nogueira,1610612761,TOR,Toronto Raptors,0021500115,2015-11-11,TOR @ PHI,W,1,0,0,,0,0,,0,0,,0,0,0,0,0,1,0,0,0,-2,3.0,1,2015-16
22015,1626153,Delon Wright,1610612761,TOR,Toronto Raptors,0021500115,2015-11-11,TOR @ PHI,W,3,0,2,0.0,0,0,,0,0,,1,1,2,0,0,0,0,0,0,-1,2.4,1,2015-16
22015,1626181,Norman Powell,1610612761,TOR,Toronto Raptors,0021500115,2015-11-11,TOR @ PHI,W,25,4,10,0.4,0,1,0.0,0,0,,2,2,4,1,1,0,1,2,8,6,16.3,1,2015-16
22015,2754,Tony Allen,1610612763,MEM,Memphis Grizzlies,0021500120,2015-11-11,MEM vs. GSW,L,24,5,7,0.714,1,2,0.5,4,4,1.0,3,1,4,0,1,1,0,2,15,-5,25.8,1,2015-16
22015,203210,JaMychal Green,1610612763,MEM,Memphis Grizzlies,0021500120,2015-11-11,MEM vs. GSW,L,25,3,4,0.75,0,0,,3,4,0.75,2,7,9,0,1,2,3,4,9,-19,25.8,1,2015-16
22015,203798,PJ Hairston,1610612766,CHA,Charlotte Hornets,0021500113,2015-11-11,CHA vs. NYK,W,26,2,8,0.25,1,5,0.2,0,0,,0,3,3,2,0,1,0,3,5,-8,14.6,1,2015-16
22015,200794,Paul Millsap,1610612737,ATL,Atlanta Hawks,0021500117,2015-11-11,ATL vs. NOP,W,33,6,14,0.429,0,2,0.0,7,8,0.875,2,14,16,2,3,0,2,3,19,11,48.2,1,2015-16
22015,201168,Tiago Splitter,1610612737,ATL,Atlanta Hawks,0021500117,2015-11-11,ATL vs. NOP,W,19,4,5,0.8,0,0,,0,0,,1,2,3,1,1,1,0,3,8,-2,19.1,1,2015-16
22015,203471,Dennis Schröder,1610612737,ATL,Atlanta Hawks,0021500117,2015-11-11,ATL vs. NOP,W,22,5,11,0.455,2,4,0.5,0,0,,0,2,2,4,1,0,3,1,12,3,20.4,1,2015-16
22015,101135,David Lee,1610612738,BOS,Boston Celtics,0021500116,2015-11-11,BOS vs. IND,L,16,4,5,0.8,0,0,,5,7,0.714,2,4,6,0,0,0,1,2,13,-3,19.2,1,2015-16
22015,101161,Amir Johnson,1610612738,BOS,Boston Celtics,0021500116,2015-11-11,BOS vs. IND,L,14,3,5,0.6,0,1,0.0,1,4,0.25,0,2,2,1,1,1,2,1,7,-1,14.9,1,2015-16
22015,202323,Evan Turner,1610612738,BOS,Boston Celtics,0021500116,2015-11-11,BOS vs. IND,L,33,9,13,0.692,0,0,,2,2,1.0,0,3,3,3,1,2,2,2,20,-9,35.1,1,2015-16
22015,203109,Jae Crowder,1610612738,BOS,Boston Celtics,0021500116,2015-11-11,BOS vs. IND,L,26,1,5,0.2,1,3,0.333,2,2,1.0,0,5,5,2,5,0,4,5,5,5,25.0,1,2015-16
22015,1626154,RJ Hunter,1610612738,BOS,Boston Celtics,0021500116,2015-11-11,BOS vs. IND,L,20,2,5,0.4,1,3,0.333,0,0,,0,2,2,1,0,0,0,0,5,-5,8.9,1,2015-16
22015,201967,Dante Cunningham,1610612740,NOP,New Orleans Pelicans,0021500117,2015-11-11,NOP @ ATL,L,22,3,3,1.0,0,0,,1,2,0.5,1,3,4,1,0,0,2,3,7,-15,11.3,1,2015-16
22015,203939,Dwight Powell,1610612742,DAL,Dallas Mavericks,0021500118,2015-11-11,DAL vs. LAC,W,16,4,5,0.8,0,0,,0,0,,3,3,6,1,0,0,1,4,8,-7,15.7,1,2015-16
22015,1626257,Salah Mejri,1610612742,DAL,Dallas Mavericks,0021500118,2015-11-11,DAL vs. LAC,W,0,0,0,,0,0,,0,0,,0,0,0,0,0,0,0,2,0,-1,0.0,1,2015-16
22015,201568,Danilo Gallinari,1610612743,DEN,Denver Nuggets,0021500121,2015-11-11,DEN vs. MIL,W,38,7,17,0.412,4,8,0.5,7,7,1.0,3,4,7,1,1,0,3,0,25,-8,34.9,1,2015-16
22015,2571,Leandro Barbosa,1610612744,GSW,Golden State Warriors,0021500120,2015-11-11,GSW @ MEM,W,14,2,5,0.4,0,1,0.0,0,1,0.0,0,0,0,4,0,0,1,0,4,6,9.0,1,2015-16
22015,203546,Ian Clark,1610612744,GSW,Golden State Warriors,0021500120,2015-11-11,GSW @ MEM,W,2,0,1,0.0,0,1,0.0,0,0,,0,1,1,0,0,0,2,0,0,-3,-0.8,1,2015-16
22015,2772,Trevor Ariza,1610612745,HOU,Houston Rockets,0021500119,2015-11-11,HOU vs. BKN,L,32,5,14,0.357,1,6,0.167,0,1,0.0,0,2,2,2,2,0,0,2,11,-1,22.4,1,2015-16
22015,203093,Terrence Jones,1610612745,HOU,Houston Rockets,0021500119,2015-11-11,HOU vs. BKN,L,16,0,3,0.0,0,1,0.0,0,2,0.0,1,3,4,2,0,0,0,2,0,-9,7.8,1,2015-16
22015,203085,Austin Rivers,1610612746,LAC,LA Clippers,0021500118,2015-11-11,LAC @ DAL,L,27,7,14,0.5,2,6,0.333,0,0,,2,4,6,3,2,0,1,0,16,5,32.7,1,2015-16
22015,1897,Metta World Peace,1610612747,LAL,Los Angeles Lakers,0021500114,2015-11-11,LAL @ ORL,L,27,4,7,0.571,1,3,0.333,0,0,,0,2,2,1,1,1,1,0,9,1,17.9,1,2015-16
22015,201156,Nick Young,1610612747,LAL,Los Angeles Lakers,0021500114,2015-11-11,LAL @ ORL,L,21,4,7,0.571,2,5,0.4,0,0,,0,2,2,0,1,0,2,1,10,-3,13.4,1,2015-16
22015,204028,Tarik Black,1610612747,LAL,Los Angeles Lakers,0021500114,2015-11-11,LAL @ ORL,L,6,0,2,0.0,0,0,,0,0,,1,2,3,0,0,1,0,1,0,0,6.6,1,2015-16
22015,101127,Jarrett Jack,1610612751,BKN,Brooklyn Nets,0021500119,2015-11-11,BKN @ HOU,W,28,3,10,0.3,1,3,0.333,0,0,,0,6,6,6,1,0,1,3,7,-11,25.2,1,2015-16
22015,200745,Andrea Bargnani,1610612751,BKN,Brooklyn Nets,0021500119,2015-11-11,BKN @ HOU,W,17,3,8,0.375,0,1,0.0,2,2,1.0,1,1,2,1,0,1,1,2,8,16,13.9,1,2015-16
22015,201152,Thaddeus Young,1610612751,BKN,Brooklyn Nets,0021500119,2015-11-11,BKN @ HOU,W,22,5,8,0.625,0,0,,3,5,0.6,2,2,4,1,0,3,2,3,13,-15,26.3,1,2015-16
22015,202711,Bojan Bogdanovic,1610612751,BKN,Brooklyn Nets,0021500119,2015-11-11,BKN @ HOU,W,34,10,20,0.5,2,5,0.4,0,0,,3,6,9,3,0,0,1,0,22,-1,36.3,1,2015-16
22015,202682,Derrick Williams,1610612752,NYK,New York Knicks,0021500113,2015-11-11,NYK @ CHA,L,4,0,1,0.0,0,0,,0,0,,0,0,0,0,2,0,2,1,0,-12,4.0,1,2015-16
22015,202696,Nikola Vučević,1610612753,ORL,Orlando Magic,0021500114,2015-11-11,ORL vs. LAL,W,26,9,16,0.563,0,0,,0,0,,1,4,5,2,0,1,1,0,18,6,29.0,1,2015-16
22015,203095,Evan Fournier,1610612753,ORL,Orlando Magic,0021500114,2015-11-11,ORL vs. LAL,W,42,6,16,0.375,2,6,0.333,2,3,0.667,1,4,5,6,1,0,2,4,16,3,32.0,1,2015-16
22015,203473,Dewayne Dedmon,1610612753,ORL,Orlando Magic,0021500114,2015-11-11,ORL vs. LAL,W,13,2,6,0.333,0,0,,0,0,,5,3,8,0,1,0,0,2,4,-4,16.6,1,2015-16
22015,203901,Elfrid Payton,1610612753,ORL,Orlando Magic,0021500114,2015-11-11,ORL vs. LAL,W,29,1,13,0.077,0,0,,0,2,0.0,3,7,10,8,1,0,1,1,2,-1,28.0,1,2015-16
22015,203932,Aaron Gordon,1610612753,ORL,Orlando Magic,0021500114,2015-11-11,ORL vs. LAL,W,16,1,3,0.333,1,2,0.5,1,2,0.5,3,2,5,1,0,0,1,2,4,1,10.5,1,2015-16
22015,101133,Ian Mahinmi,1610612754,IND,Indiana Pacers,0021500116,2015-11-11,IND @ BOS,W,25,4,7,0.571,0,0,,3,8,0.375,1,1,2,0,1,3,3,4,11,-6,22.4,1,2015-16
22015,101145,Monta Ellis,1610612754,IND,Indiana Pacers,0021500116,2015-11-11,IND @ BOS,W,35,4,9,0.444,1,3,0.333,4,6,0.667,1,1,2,6,4,0,2,3,13,15,34.4,1,2015-16
22015,203138,Hollis Thompson,1610612755,PHI,Philadelphia 76ers,0021500115,2015-11-11,PHI vs. TOR,L,27,6,8,0.75,5,6,0.833,2,2,1.0,1,3,4,1,0,0,1,5,19,8,24.3,1,2015-16
22015,203917,Nik Stauskas,1610612755,PHI,Philadelphia 76ers,0021500115,2015-11-11,PHI vs. TOR,L,30,3,11,0.273,2,7,0.286,0,0,,0,1,1,3,0,0,1,1,8,-20,12.7,1,2015-16
22015,203459,Allen Crabbe,1610612757,POR,Portland Trail Blazers,0021500123,2015-11-11,POR vs. SAS,L,20,1,6,0.167,0,2,0.0,4,4,1.0,0,1,1,1,1,0,1,2,6,-25,10.7,1,2015-16
22015,201158,Marco Belinelli,1610612758,SAC,Sacramento Kings,0021500122,2015-11-11,SAC vs. DET,W,28,2,7,0.286,1,3,0.333,4,4,1.0,0,0,0,0,0,0,1,4,9,-7,8.0,1,2015-16
22015,1626161,Willie Cauley-Stein,1610612758,SAC,Sacramento Kings,0021500122,2015-11-11,SAC vs. DET,W,16,2,3,0.667,0,0,,0,0,,3,2,5,0,1,1,1,2,4,10,15.0,1,2015-16
22015,2561,David West,1610612759,SAS,San Antonio Spurs,0021500123,2015-11-11,SAS @ POR,W,13,2,5,0.4,0,0,,0,0,,0,3,3,2,0,1,2,2,4,7,11.6,1,2015-16
22015,200768,Kyle Lowry,1610612761,TOR,Toronto Raptors,0021500115,2015-11-11,TOR @ PHI,W,29,6,12,0.5,2,6,0.333,9,10,0.9,0,3,3,8,2,0,2,2,23,14,42.6,1,2015-16
22015,201942,DeMar DeRozan,1610612761,TOR,Toronto Raptors,0021500115,2015-11-11,TOR @ PHI,W,27,4,9,0.444,1,1,1.0,5,6,0.833,2,2,4,2,0,0,0,1,14,8,21.8,1,2015-16
22015,201949,James Johnson,1610612761,TOR,Toronto Raptors,0021500115,2015-11-11,TOR @ PHI,W,30,3,6,0.5,0,1,0.0,2,2,1.0,1,4,5,3,1,1,2,1,8,17,22.5,1,2015-16
22015,202335,Patrick Patterson,1610612761,TOR,Toronto Raptors,0021500115,2015-11-11,TOR @ PHI,W,26,3,8,0.375,1,5,0.2,0,0,,2,5,7,1,2,0,2,0,7,1,20.9,1,2015-16
22015,101141,Ersan Ilyasova,1610612765,DET,Detroit Pistons,0021500122,2015-11-11,DET @ SAC,L,17,3,6,0.5,2,4,0.5,0,0,,0,2,2,1,0,1,1,4,8,-14,13.9,1,2015-16
22015,1626169,Stanley Johnson,1610612765,DET,Detroit Pistons,0021500122,2015-11-11,DET @ SAC,L,27,3,11,0.273,0,3,0.0,2,2,1.0,2,3,5,2,2,0,1,2,8,-3,22.0,1,2015-16
22015,203469,Cody Zeller,1610612766,CHA,Charlotte Hornets,0021500113,2015-11-11,CHA vs. NYK,W,25,2,6,0.333,0,0,,8,15,0.533,2,2,4,3,0,1,0,1,12,-3,24.3,1,2015-16
22015,1626163,Frank Kaminsky,1610612766,CHA,Charlotte Hornets,0021500113,2015-11-11,CHA vs. NYK,W,10,1,2,0.5,0,1,0.0,0,0,,0,2,2,1,3,0,0,0,2,14,14.9,1,2015-16
22015,203145,Kent Bazemore,1610612737,ATL,Atlanta Hawks,0021500117,2015-11-11,ATL vs. NOP,W,32,4,11,0.364,0,4,0.0,2,2,1.0,0,3,3,2,0,0,3,3,10,8,13.6,1,2015-16
22015,201973,Jonas Jerebko,1610612738,BOS,Boston Celtics,0021500116,2015-11-11,BOS vs. IND,L,16,0,1,0.0,0,0,,0,0,,1,1,2,1,0,0,0,3,0,-10,3.9,1,2015-16
22015,203482,Kelly Olynyk,1610612738,BOS,Boston Celtics,0021500116,2015-11-11,BOS vs. IND,L,15,1,5,0.2,0,2,0.0,2,2,1.0,0,0,0,1,1,0,2,2,4,-3,6.5,1,2015-16
22015,202397,Ish Smith,1610612740,NOP,New Orleans Pelicans,0021500117,2015-11-11,NOP @ ATL,L,39,8,17,0.471,2,4,0.5,0,0,,0,5,5,10,1,0,3,0,18,-1,39.0,1,2015-16
22015,200826,J.J. Barea,1610612742,DAL,Dallas Mavericks,0021500118,2015-11-11,DAL vs. LAC,W,16,0,5,0.0,0,0,,0,2,0.0,0,1,1,7,0,0,2,1,0,-5,9.7,1,2015-16
22015,203999,Nikola Jokić,1610612743,DEN,Denver Nuggets,0021500121,2015-11-11,DEN vs. MIL,W,14,4,7,0.571,0,0,,0,1,0.0,3,2,5,4,2,0,2,0,8,9,24.0,1,2015-16
22015,201574,Jason Thompson,1610612744,GSW,Golden State Warriors,0021500120,2015-11-11,GSW @ MEM,W,1,1,1,1.0,0,0,,0,0,,0,0,0,0,0,0,0,0,2,2,2.0,1,2015-16
22015,203110,Draymond Green,1610612744,GSW,Golden State Warriors,0021500120,2015-11-11,GSW @ MEM,W,28,3,7,0.429,1,4,0.25,0,0,,1,5,6,4,0,2,3,6,7,-5,23.2,1,2015-16
22015,2730,Dwight Howard,1610612745,HOU,Houston Rockets,0021500119,2015-11-11,HOU vs. BKN,L,37,10,16,0.625,0,0,,0,2,0.0,7,10,17,1,0,5,1,0,20,-7,55.9,1,2015-16
22015,201147,Corey Brewer,1610612745,HOU,Houston Rockets,0021500119,2015-11-11,HOU vs. BKN,L,15,2,6,0.333,0,1,0.0,0,0,,0,1,1,0,0,0,0,0,4,-15,5.2,1,2015-16
22015,201976,Patrick Beverley,1610612745,HOU,Houston Rockets,0021500119,2015-11-11,HOU vs. BKN,L,9,1,5,0.2,1,4,0.25,0,0,,0,3,3,2,0,1,0,3,3,-5,12.6,1,2015-16
22015,201977,Marcus Thornton,1610612745,HOU,Houston Rockets,0021500119,2015-11-11,HOU vs. BKN,L,35,9,15,0.6,3,9,0.333,0,0,,1,2,3,7,4,1,0,2,21,5,50.1,1,2015-16
22015,2037,Jamal Crawford,1610612746,LAC,LA Clippers,0021500118,2015-11-11,LAC @ DAL,L,29,3,8,0.375,1,3,0.333,4,4,1.0,0,0,0,1,0,0,1,4,11,-9,11.5,1,2015-16
22015,2746,Josh Smith,1610612746,LAC,LA Clippers,0021500118,2015-11-11,LAC @ DAL,L,13,2,6,0.333,2,4,0.5,1,2,0.5,1,2,3,0,0,0,1,2,7,7,9.6,1,2015-16
22015,201933,Blake Griffin,1610612746,LAC,LA Clippers,0021500118,2015-11-11,LAC @ DAL,L,34,8,19,0.421,0,0,,5,7,0.714,5,4,9,3,1,0,2,3,21,-10,37.3,1,2015-16
22015,202362,Lance Stephenson,1610612746,LAC,LA Clippers,0021500118,2015-11-11,LAC @ DAL,L,21,3,9,0.333,0,2,0.0,0,0,,2,0,2,0,0,0,1,1,6,-19,7.4,1,2015-16
22015,101150,Lou Williams,1610612747,LAL,Los Angeles Lakers,0021500114,2015-11-11,LAL @ ORL,L,29,2,8,0.25,0,3,0.0,9,10,0.9,0,3,3,3,0,0,1,1,13,-4,20.1,1,2015-16
22015,201579,Roy Hibbert,1610612747,LAL,Los Angeles Lakers,0021500114,2015-11-11,LAL @ ORL,L,29,5,8,0.625,0,0,,5,5,1.0,1,5,6,1,1,3,2,0,15,-7,33.7,1,2015-16
22015,1626204,Larry Nance Jr.,1610612747,LAL,Los Angeles Lakers,0021500114,2015-11-11,LAL @ ORL,L,20,6,6,1.0,1,1,1.0,0,0,,2,1,3,1,0,0,0,2,13,2,18.1,1,2015-16
22015,1626273,Marcelo Huertas,1610612747,LAL,Los Angeles Lakers,0021500114,2015-11-11,LAL @ ORL,L,10,2,3,0.667,1,2,0.5,0,0,,0,3,3,5,1,0,2,0,5,5,17.1,1,2015-16
22015,2207,Joe Johnson,1610612751,BKN,Brooklyn Nets,0021500119,2015-11-11,BKN @ HOU,W,38,4,13,0.308,1,2,0.5,7,7,1.0,1,6,7,10,0,0,0,2,16,10,39.4,1,2015-16
22015,201167,Arron Afflalo,1610612752,NYK,New York Knicks,0021500113,2015-11-11,NYK @ CHA,L,28,6,13,0.462,0,3,0.0,0,0,,2,4,6,1,0,0,0,2,12,0,20.7,1,2015-16
22015,1626170,Jerian Grant,1610612752,NYK,New York Knicks,0021500113,2015-11-11,NYK @ CHA,L,19,4,8,0.5,0,3,0.0,0,0,,0,2,2,5,0,0,3,3,8,-5,14.9,1,2015-16
22015,101112,Channing Frye,1610612753,ORL,Orlando Magic,0021500114,2015-11-11,ORL vs. LAL,W,16,6,7,0.857,2,2,1.0,0,0,,4,1,5,0,1,1,0,1,14,1,26.0,1,2015-16
22015,203906,Devyn Marble,1610612753,ORL,Orlando Magic,0021500114,2015-11-11,ORL vs. LAL,W,6,0,4,0.0,0,2,0.0,0,0,,0,1,1,0,1,0,0,0,0,-1,4.2,1,2015-16
22015,1626209,Mario Hezonja,1610612753,ORL,Orlando Magic,0021500114,2015-11-11,ORL vs. LAL,W,19,1,4,0.25,1,3,0.333,4,4,1.0,1,1,2,0,0,1,0,2,7,11,12.4,1,2015-16
22015,201588,George Hill,1610612754,IND,Indiana Pacers,0021500116,2015-11-11,IND @ BOS,W,37,3,8,0.375,1,3,0.333,0,0,,0,4,4,5,0,0,1,5,7,5,18.3,1,2015-16
22015,203477,Isaiah Canaan,1610612755,PHI,Philadelphia 76ers,0021500115,2015-11-11,PHI vs. TOR,L,29,5,11,0.455,5,10,0.5,3,3,1.0,0,0,0,1,0,0,2,2,18,-1,17.5,1,2015-16
22015,204456,T.J. McConnell,1610612755,PHI,Philadelphia 76ers,0021500115,2015-11-11,PHI vs. TOR,L,31,1,5,0.2,0,2,0.0,0,0,,0,4,4,13,0,0,2,3,2,-13,24.3,1,2015-16
22015,1626174,Christian Wood,1610612755,PHI,Philadelphia 76ers,0021500115,2015-11-11,PHI vs. TOR,L,16,2,7,0.286,0,1,0.0,0,0,,0,3,3,1,0,0,0,1,4,0,9.1,1,2015-16
22015,201945,Gerald Henderson,1610612757,POR,Portland Trail Blazers,0021500123,2015-11-11,POR vs. SAS,L,18,6,10,0.6,0,0,,0,0,,0,2,2,0,0,0,0,1,12,-7,14.4,1,2015-16
22015,204025,Tim Frazier,1610612757,POR,Portland Trail Blazers,0021500123,2015-11-11,POR vs. SAS,L,1,0,0,,0,0,,0,0,,0,0,0,0,0,0,0,0,0,-2,0.0,1,2015-16
22015,201585,Kosta Koufos,1610612758,SAC,Sacramento Kings,0021500122,2015-11-11,SAC vs. DET,W,23,2,5,0.4,0,0,,0,0,,0,3,3,0,1,0,1,2,4,-6,9.6,1,2015-16
22015,202326,DeMarcus Cousins,1610612758,SAC,Sacramento Kings,0021500122,2015-11-11,SAC vs. DET,W,38,11,21,0.524,4,5,0.8,7,11,0.636,1,8,9,1,0,1,4,3,33,15,44.3,1,2015-16
22015,2225,Tony Parker,1610612759,SAS,San Antonio Spurs,0021500123,2015-11-11,SAS @ POR,W,30,5,8,0.625,0,0,,1,2,0.5,0,1,1,5,1,0,0,3,11,-2,22.7,1,2015-16
22015,2446,Rasual Butler,1610612759,SAS,San Antonio Spurs,0021500123,2015-11-11,SAS @ POR,W,15,2,3,0.667,1,1,1.0,0,0,,0,3,3,3,1,0,1,0,5,16,15.1,1,2015-16
22015,2588,Matt Bonner,1610612759,SAS,San Antonio Spurs,0021500123,2015-11-11,SAS @ POR,W,1,0,0,,0,0,,0,0,,0,1,1,0,0,0,0,0,0,2,1.2,1,2015-16
22015,203492,Ray McCallum,1610612759,SAS,San Antonio Spurs,0021500123,2015-11-11,SAS @ POR,W,1,0,0,,0,0,,0,0,,0,0,0,0,0,0,0,0,0,2,0.0,1,2015-16
22015,202687,Bismack Biyombo,1610612761,TOR,Toronto Raptors,0021500115,2015-11-11,TOR @ PHI,W,21,3,8,0.375,0,0,,4,4,1.0,5,5,10,0,0,3,0,5,10,-6,31.0,1,2015-16
22015,203461,Anthony Bennett,1610612761,TOR,Toronto Raptors,0021500115,2015-11-11,TOR @ PHI,W,5,0,1,0.0,0,1,0.0,2,2,1.0,0,2,2,0,0,0,0,0,2,-4,4.4,1,2015-16
22015,201144,Mike Conley,1610612763,MEM,Memphis Grizzlies,0021500120,2015-11-11,MEM vs. GSW,L,33,1,12,0.083,0,4,0.0,2,2,1.0,0,2,2,9,3,0,4,5,4,-3,24.9,1,2015-16
22015,201584,Courtney Lee,1610612763,MEM,Memphis Grizzlies,0021500120,2015-11-11,MEM vs. GSW,L,32,1,7,0.143,0,3,0.0,1,1,1.0,1,5,6,1,3,2,2,1,3,-6,24.7,1,2015-16
22015,203893,Russ Smith,1610612763,MEM,Memphis Grizzlies,0021500120,2015-11-11,MEM vs. GSW,L,13,1,2,0.5,0,0,,3,4,0.75,0,1,1,0,1,0,1,1,5,-13,8.2,1,2015-16
22015,202694,Marcus Morris Sr.,1610612765,DET,Detroit Pistons,0021500122,2015-11-11,DET @ SAC,L,36,5,15,0.333,1,4,0.25,5,6,0.833,2,7,9,3,5,0,3,1,16,6,43.3,1,2015-16
22015,203382,Aron Baynes,1610612765,DET,Detroit Pistons,0021500122,2015-11-11,DET @ SAC,L,13,1,3,0.333,0,0,,0,0,,0,1,1,0,0,0,0,1,2,6,3.2,1,2015-16
22015,201587,Nicolas Batum,1610612766,CHA,Charlotte Hornets,0021500113,2015-11-11,CHA vs. NYK,W,36,10,18,0.556,2,5,0.4,2,5,0.4,1,4,5,1,1,0,2,0,24,1,32.5,1,2015-16
22015,202689,Kemba Walker,1610612766,CHA,Charlotte Hornets,0021500113,2015-11-11,CHA vs. NYK,W,27,2,11,0.182,1,2,0.5,4,4,1.0,0,2,2,3,1,0,0,0,9,-9,18.9,1,2015-16
22015,201143,Al Horford,1610612737,ATL,Atlanta Hawks,0021500117,2015-11-11,ATL vs. NOP,W,30,11,15,0.733,4,6,0.667,0,0,,3,5,8,3,0,3,2,0,26,14,47.1,1,2015-16
22015,203118,Mike Scott,1610612737,ATL,Atlanta Hawks,0021500117,2015-11-11,ATL vs. NOP,W,6,0,0,,0,0,,0,0,,0,0,0,0,0,0,0,0,0,-3,0.0,1,2015-16
22015,203200,Justin Holiday,1610612737,ATL,Atlanta Hawks,0021500117,2015-11-11,ATL vs. NOP,W,4,0,2,0.0,0,2,0.0,0,0,,0,1,1,0,0,0,0,1,0,-1,1.2,1,2015-16
22015,203096,Jared Sullinger,1610612738,BOS,Boston Celtics,0021500116,2015-11-11,BOS vs. IND,L,33,5,10,0.5,1,3,0.333,0,0,,3,8,11,2,1,0,4,3,11,-4,26.2,1,2015-16
22015,1626179,Terry Rozier,1610612738,BOS,Boston Celtics,0021500116,2015-11-11,BOS vs. IND,L,16,2,9,0.222,0,4,0.0,0,0,,1,0,1,1,0,0,0,2,4,3,6.7,1,2015-16
22015,1717,Dirk Nowitzki,1610612742,DAL,Dallas Mavericks,0021500118,2015-11-11,DAL vs. LAC,W,33,11,14,0.786,5,6,0.833,4,5,0.8,2,9,11,1,0,0,2,5,31,19,43.7,1,2015-16
22015,202379,Jeremy Evans,1610612742,DAL,Dallas Mavericks,0021500118,2015-11-11,DAL vs. LAC,W,1,0,0,,0,0,,0,0,,0,1,1,0,0,0,1,0,0,-3,0.2,1,2015-16
22015,200751,Randy Foye,1610612743,DEN,Denver Nuggets,0021500121,2015-11-11,DEN vs. MIL,W,17,2,5,0.4,0,2,0.0,0,0,,1,2,3,0,1,0,1,4,4,-4,9.6,1,2015-16
22015,202702,Kenneth Faried,1610612743,DEN,Denver Nuggets,0021500121,2015-11-11,DEN vs. MIL,W,33,8,9,0.889,0,0,,3,6,0.5,5,4,9,1,2,3,2,0,19,-5,44.3,1,2015-16
22015,203123,Kostas Papanikolaou,1610612743,DEN,Denver Nuggets,0021500121,2015-11-11,DEN vs. MIL,W,10,1,2,0.5,1,2,0.5,0,0,,1,2,3,0,0,0,1,1,3,9,5.6,1,2015-16
22015,2733,Shaun Livingston,1610612744,GSW,Golden State Warriors,0021500120,2015-11-11,GSW @ MEM,W,23,3,3,1.0,0,0,,0,0,,0,0,0,2,1,0,0,1,6,14,12.0,1,2015-16
22015,2738,Andre Iguodala,1610612744,GSW,Golden State Warriors,0021500120,2015-11-11,GSW @ MEM,W,27,6,9,0.667,4,5,0.8,4,6,0.667,1,0,1,0,0,0,1,3,20,9,20.2,1,2015-16
22015,202691,Klay Thompson,1610612744,GSW,Golden State Warriors,0021500120,2015-11-11,GSW @ MEM,W,35,3,9,0.333,2,5,0.4,0,0,,2,5,7,2,1,2,3,3,8,11,25.4,1,2015-16
22015,203084,Harrison Barnes,1610612744,GSW,Golden State Warriors,0021500120,2015-11-11,GSW @ MEM,W,32,7,11,0.636,1,1,1.0,4,5,0.8,1,3,4,3,3,1,2,5,19,24,38.3,1,2015-16
22015,1891,Jason Terry,1610612745,HOU,Houston Rockets,0021500119,2015-11-11,HOU vs. BKN,L,9,0,1,0.0,0,1,0.0,0,0,,0,0,0,0,0,0,0,0,0,2,0.0,1,2015-16
22015,201951,Ty Lawson,1610612745,HOU,Houston Rockets,0021500119,2015-11-11,HOU vs. BKN,L,38,3,11,0.273,0,2,0.0,2,2,1.0,3,1,4,5,2,0,1,1,8,-10,25.3,1,2015-16
22015,201601,Luc Mbah a Moute,1610612746,LAC,LA Clippers,0021500118,2015-11-11,LAC @ DAL,L,7,0,1,0.0,0,0,,0,0,,0,1,1,0,1,0,0,2,0,4,4.2,1,2015-16
22015,202325,Wesley Johnson,1610612746,LAC,LA Clippers,0021500118,2015-11-11,LAC @ DAL,L,13,2,2,1.0,2,2,1.0,1,2,0.5,0,1,1,1,0,0,0,1,7,4,9.7,1,2015-16
22015,202328,Greg Monroe,1610612749,MIL,Milwaukee Bucks,0021500121,2015-11-11,MIL @ DEN,L,33,9,13,0.692,0,0,,0,0,,2,8,10,2,1,0,2,2,18,6,34.0,1,2015-16
22015,202349,Greivis Vasquez,1610612749,MIL,Milwaukee Bucks,0021500121,2015-11-11,MIL @ DEN,L,33,6,14,0.429,3,8,0.375,0,0,,0,2,2,9,1,0,2,1,15,5,31.9,1,2015-16
22015,203499,Shane Larkin,1610612751,BKN,Brooklyn Nets,0021500119,2015-11-11,BKN @ HOU,W,23,6,9,0.667,3,3,1.0,0,0,,1,7,8,2,0,0,1,0,15,24,26.6,1,2015-16
22015,101181,Jose Calderon,1610612752,NYK,New York Knicks,0021500113,2015-11-11,NYK @ CHA,L,28,6,9,0.667,1,4,0.25,0,0,,0,2,2,5,1,0,2,1,13,3,23.9,1,2015-16
22015,200811,Lou Amundson,1610612752,NYK,New York Knicks,0021500113,2015-11-11,NYK @ CHA,L,14,4,4,1.0,0,0,,1,1,1.0,1,3,4,1,1,1,0,5,9,1,21.3,1,2015-16
22015,204038,Langston Galloway,1610612752,NYK,New York Knicks,0021500113,2015-11-11,NYK @ CHA,L,19,2,6,0.333,0,1,0.0,0,0,,0,0,0,0,0,0,0,2,4,-4,4.0,1,2015-16
22015,203894,Shabazz Napier,1610612753,ORL,Orlando Magic,0021500114,2015-11-11,ORL vs. LAL,W,30,8,16,0.5,5,9,0.556,1,1,1.0,0,0,0,3,1,0,2,3,22,2,27.5,1,2015-16
22015,101139,CJ Miles,1610612754,IND,Indiana Pacers,0021500116,2015-11-11,IND @ BOS,W,29,6,10,0.6,1,4,0.25,4,4,1.0,1,4,5,1,2,0,4,4,17,2,26.5,1,2015-16
22015,201978,Chase Budinger,1610612754,IND,Indiana Pacers,0021500116,2015-11-11,IND @ BOS,W,22,4,7,0.571,1,2,0.5,1,2,0.5,1,2,3,2,0,2,2,2,10,4,20.6,1,2015-16
22015,1626167,Myles Turner,1610612754,IND,Indiana Pacers,0021500116,2015-11-11,IND @ BOS,W,1,0,0,,0,0,,0,0,,0,0,0,0,0,0,0,0,0,1,0.0,1,2015-16
22015,1626143,Jahlil Okafor,1610612755,PHI,Philadelphia 76ers,0021500115,2015-11-11,PHI vs. TOR,L,33,13,22,0.591,0,0,,0,2,0.0,2,5,7,1,0,4,4,5,26,-20,43.9,1,2015-16
22015,202334,Ed Davis,1610612757,POR,Portland Trail Blazers,0021500123,2015-11-11,POR vs. SAS,L,18,5,5,1.0,0,0,,1,2,0.5,3,3,6,3,2,1,1,2,11,-17,30.7,1,2015-16
22015,200752,Rudy Gay,1610612758,SAC,Sacramento Kings,0021500122,2015-11-11,SAC vs. DET,W,39,10,14,0.714,1,2,0.5,4,5,0.8,0,6,6,3,1,0,2,2,25,20,37.7,1,2015-16
22015,203463,Ben McLemore,1610612758,SAC,Sacramento Kings,0021500122,2015-11-11,SAC vs. DET,W,3,0,0,,0,0,,0,0,,0,0,0,0,0,0,0,1,0,3,0.0,1,2015-16
22015,1495,Tim Duncan,1610612759,SAS,San Antonio Spurs,0021500123,2015-11-11,SAS @ POR,W,21,5,7,0.714,0,0,,2,3,0.667,0,6,6,2,1,2,1,3,12,-8,30.2,1,2015-16
22015,2564,Boris Diaw,1610612759,SAS,San Antonio Spurs,0021500123,2015-11-11,SAS @ POR,W,18,3,6,0.5,0,1,0.0,0,0,,2,3,5,4,0,0,1,2,6,11,17.0,1,2015-16
22015,200746,LaMarcus Aldridge,1610612759,SAS,San Antonio Spurs,0021500123,2015-11-11,SAS @ POR,W,35,9,18,0.5,0,1,0.0,5,6,0.833,2,4,6,2,0,1,4,3,23,3,32.2,1,2015-16
22015,201988,Patty Mills,1610612759,SAS,San Antonio Spurs,0021500123,2015-11-11,SAS @ POR,W,18,3,3,1.0,1,1,1.0,0,0,,0,1,1,1,0,0,1,0,7,14,8.7,1,2015-16
22015,202695,Kawhi Leonard,1610612759,SAS,San Antonio Spurs,0021500123,2015-11-11,SAS @ POR,W,35,7,14,0.5,1,5,0.2,5,5,1.0,0,7,7,3,1,0,1,3,20,2,34.9,1,2015-16
22015,2216,Zach Randolph,1610612763,MEM,Memphis Grizzlies,0021500120,2015-11-11,MEM vs. GSW,L,30,6,13,0.462,0,0,,7,7,1.0,1,6,7,2,1,0,6,5,19,-8,27.4,1,2015-16
22015,203484,Kentavious Caldwell-Pope,1610612765,DET,Detroit Pistons,0021500122,2015-11-11,DET @ SAC,L,40,5,14,0.357,2,6,0.333,3,4,0.75,0,1,1,0,0,1,3,4,15,-10,16.2,1,2015-16
22015,2594,Kyle Korver,1610612737,ATL,Atlanta Hawks,0021500117,2015-11-11,ATL vs. NOP,W,33,3,7,0.429,1,4,0.25,0,0,,0,5,5,1,2,0,0,1,7,13,20.5,1,2015-16
22015,200757,Thabo Sefolosha,1610612737,ATL,Atlanta Hawks,0021500117,2015-11-11,ATL vs. NOP,W,24,2,3,0.667,1,1,1.0,2,4,0.5,2,3,5,2,1,1,1,0,7,-7,21.0,1,2015-16
22015,203488,Mike Muscala,1610612737,ATL,Atlanta Hawks,0021500117,2015-11-11,ATL vs. NOP,W,8,1,2,0.5,1,1,1.0,0,0,,0,1,1,1,0,1,0,0,3,2,8.7,1,2015-16
22015,202738,Isaiah Thomas,1610612738,BOS,Boston Celtics,0021500116,2015-11-11,BOS vs. IND,L,30,4,13,0.308,1,4,0.25,5,7,0.714,0,3,3,4,0,0,2,2,14,-8,21.6,1,2015-16
22015,201583,Ryan Anderson,1610612740,NOP,New Orleans Pelicans,0021500117,2015-11-11,NOP @ ATL,L,35,7,16,0.438,2,5,0.4,1,1,1.0,5,6,11,0,0,0,3,1,17,-7,27.2,1,2015-16
22015,201600,Omer Asik,1610612740,NOP,New Orleans Pelicans,0021500117,2015-11-11,NOP @ ATL,L,21,0,1,0.0,0,0,,4,6,0.667,1,7,8,0,0,0,3,4,4,0,10.6,1,2015-16
22015,202087,Alonzo Gee,1610612740,NOP,New Orleans Pelicans,0021500117,2015-11-11,NOP @ ATL,L,30,3,4,0.75,1,2,0.5,0,0,,0,1,1,0,1,0,1,5,7,-5,10.2,1,2015-16
22015,2734,Devin Harris,1610612742,DAL,Dallas Mavericks,0021500118,2015-11-11,DAL vs. LAC,W,26,2,6,0.333,1,4,0.25,2,4,0.5,0,1,1,1,2,0,0,3,7,-17,15.7,1,2015-16
22015,101111,Charlie Villanueva,1610612742,DAL,Dallas Mavericks,0021500118,2015-11-11,DAL vs. LAC,W,12,2,4,0.5,0,2,0.0,0,0,,0,3,3,1,0,0,0,0,4,0,9.1,1,2015-16
22015,101114,Deron Williams,1610612742,DAL,Dallas Mavericks,0021500118,2015-11-11,DAL vs. LAC,W,32,5,11,0.455,0,2,0.0,3,3,1.0,0,0,0,6,3,0,2,3,13,14,29.0,1,2015-16
22015,201581,JJ Hickson,1610612743,DEN,Denver Nuggets,0021500121,2015-11-11,DEN vs. MIL,W,29,5,8,0.625,0,0,,2,2,1.0,0,2,2,1,1,1,1,2,12,-6,20.9,1,2015-16
22015,201589,Darrell Arthur,1610612743,DEN,Denver Nuggets,0021500121,2015-11-11,DEN vs. MIL,W,18,1,3,0.333,0,1,0.0,0,0,,0,1,1,3,0,2,0,2,2,8,13.7,1,2015-16
22015,203115,Will Barton,1610612743,DEN,Denver Nuggets,0021500121,2015-11-11,DEN vs. MIL,W,17,3,5,0.6,0,1,0.0,0,0,,0,2,2,1,0,0,1,2,6,-4,8.9,1,2015-16
22015,203914,Gary Harris,1610612743,DEN,Denver Nuggets,0021500121,2015-11-11,DEN vs. MIL,W,28,3,7,0.429,2,4,0.5,0,0,,0,1,1,5,2,0,2,0,8,4,20.7,1,2015-16
22015,101106,Andrew Bogut,1610612744,GSW,Golden State Warriors,0021500120,2015-11-11,GSW @ MEM,W,15,1,3,0.333,0,0,,1,2,0.5,0,7,7,1,0,0,3,5,3,6,9.9,1,2015-16
22015,201578,Marreese Speights,1610612744,GSW,Golden State Warriors,0021500120,2015-11-11,GSW @ MEM,W,5,0,3,0.0,0,0,,0,0,,0,0,0,0,1,2,3,2,0,-8,6.0,1,2015-16
22015,201939,Stephen Curry,1610612744,GSW,Golden State Warriors,0021500120,2015-11-11,GSW @ MEM,W,35,9,21,0.429,3,10,0.3,7,7,1.0,0,5,5,5,5,1,4,1,28,16,55.5,1,2015-16
22015,201935,James Harden,1610612745,HOU,Houston Rockets,0021500119,2015-11-11,HOU vs. BKN,L,38,8,22,0.364,3,10,0.3,4,5,0.8,0,9,9,6,1,0,4,2,23,1,41.8,1,2015-16
22015,101108,Chris Paul,1610612746,LAC,LA Clippers,0021500118,2015-11-11,LAC @ DAL,L,35,2,11,0.182,1,3,0.333,6,7,0.857,0,1,1,11,0,0,2,2,11,-12,26.7,1,2015-16
22015,201599,DeAndre Jordan,1610612746,LAC,LA Clippers,0021500118,2015-11-11,LAC @ DAL,L,27,3,5,0.6,0,0,,3,9,0.333,2,9,11,0,0,1,2,5,9,-23,23.2,1,2015-16
22015,203143,Pablo Prigioni,1610612746,LAC,LA Clippers,0021500118,2015-11-11,LAC @ DAL,L,0,0,0,,0,0,,0,0,,0,0,0,0,0,0,0,0,0,-2,0.0,1,2015-16
22015,203944,Julius Randle,1610612747,LAL,Los Angeles Lakers,0021500114,2015-11-11,LAL @ ORL,L,28,6,10,0.6,0,1,0.0,0,3,0.0,0,8,8,4,0,1,0,2,12,-4,30.6,1,2015-16
22015,203089,John Henson,1610612749,MIL,Milwaukee Bucks,0021500121,2015-11-11,MIL @ DEN,L,15,2,5,0.4,0,0,,0,0,,0,2,2,1,0,1,1,2,4,-7,9.9,1,2015-16
22015,203507,Giannis Antetokounmpo,1610612749,MIL,Milwaukee Bucks,0021500121,2015-11-11,MIL @ DEN,L,29,6,12,0.5,0,3,0.0,0,0,,1,6,7,5,0,2,3,5,12,-26,30.9,1,2015-16
22015,203948,Johnny O'Bryant III,1610612749,MIL,Milwaukee Bucks,0021500121,2015-11-11,MIL @ DEN,L,34,4,7,0.571,0,0,,3,3,1.0,4,5,9,3,0,1,0,6,11,19,29.3,1,2015-16
22015,1626173,Rashad Vaughn,1610612749,MIL,Milwaukee Bucks,0021500121,2015-11-11,MIL @ DEN,L,10,0,1,0.0,0,1,0.0,0,0,,0,0,0,0,0,0,1,0,0,-4,-1.0,1,2015-16
22015,203080,Thomas Robinson,1610612751,BKN,Brooklyn Nets,0021500119,2015-11-11,BKN @ HOU,W,13,3,3,1.0,0,0,,0,0,,4,2,6,0,1,1,1,1,6,1,18.2,1,2015-16
22015,202498,Lance Thomas,1610612752,NYK,New York Knicks,0021500113,2015-11-11,NYK @ CHA,L,15,0,3,0.0,0,3,0.0,0,0,,1,0,1,1,0,0,0,2,0,-9,2.7,1,2015-16
22015,203124,Kyle O'Quinn,1610612752,NYK,New York Knicks,0021500113,2015-11-11,NYK @ CHA,L,12,2,3,0.667,0,0,,2,2,1.0,1,5,6,1,0,1,0,3,6,3,17.7,1,2015-16
22015,204001,Kristaps Porziņģis,1610612752,NYK,New York Knicks,0021500113,2015-11-11,NYK @ CHA,L,32,5,10,0.5,0,1,0.0,0,0,,2,13,15,0,0,2,3,2,10,9,31.0,1,2015-16
22015,202699,Tobias Harris,1610612753,ORL,Orlando Magic,0021500114,2015-11-11,ORL vs. LAL,W,37,5,13,0.385,1,3,0.333,0,0,,5,6,11,1,1,1,1,3,11,-6,30.7,1,2015-16
22015,203506,Victor Oladipo,1610612753,ORL,Orlando Magic,0021500114,2015-11-11,ORL vs. LAL,W,7,1,2,0.5,1,1,1.0,0,0,,0,2,2,1,0,0,0,1,3,-2,6.9,1,2015-16
22015,201941,Jordan Hill,1610612754,IND,Indiana Pacers,0021500116,2015-11-11,IND @ BOS,W,23,5,10,0.5,0,0,,2,4,0.5,3,5,8,3,0,0,0,2,12,19,26.1,1,2015-16
22015,202730,Lavoy Allen,1610612754,IND,Indiana Pacers,0021500116,2015-11-11,IND @ BOS,W,18,2,5,0.4,0,0,,2,2,1.0,1,3,4,0,0,0,0,4,6,6,10.8,1,2015-16
22015,203924,Jerami Grant,1610612755,PHI,Philadelphia 76ers,0021500115,2015-11-11,PHI vs. TOR,L,32,5,10,0.5,0,1,0.0,2,4,0.5,5,5,10,1,1,2,0,3,12,-16,34.5,1,2015-16
22015,202329,Al-Farouq Aminu,1610612757,POR,Portland Trail Blazers,0021500123,2015-11-11,POR vs. SAS,L,33,4,11,0.364,2,6,0.333,1,2,0.5,0,3,3,4,0,1,0,2,11,5,23.6,1,2015-16
22015,203090,Maurice Harkless,1610612757,POR,Portland Trail Blazers,0021500123,2015-11-11,POR vs. SAS,L,16,0,2,0.0,0,1,0.0,0,0,,0,0,0,1,0,0,0,0,0,-19,1.5,1,2015-16
22015,203468,CJ McCollum,1610612757,POR,Portland Trail Blazers,0021500123,2015-11-11,POR vs. SAS,L,36,9,21,0.429,1,4,0.25,2,2,1.0,1,0,1,2,0,0,4,1,21,10,21.2,1,2015-16
22015,203486,Mason Plumlee,1610612757,POR,Portland Trail Blazers,0021500123,2015-11-11,POR vs. SAS,L,30,3,7,0.429,0,0,,3,6,0.5,4,5,9,4,2,1,0,2,9,5,34.8,1,2015-16
22015,200765,Rajon Rondo,1610612758,SAC,Sacramento Kings,0021500122,2015-11-11,SAC vs. DET,W,48,6,16,0.375,1,2,0.5,1,2,0.5,2,9,11,15,3,0,5,1,14,9,53.7,1,2015-16
22015,202341,James Anderson,1610612758,SAC,Sacramento Kings,0021500122,2015-11-11,SAC vs. DET,W,17,1,3,0.333,1,2,0.5,0,0,,1,0,1,0,0,0,2,3,3,13,2.2,1,2015-16
22015,1938,Manu Ginobili,1610612759,SAS,San Antonio Spurs,0021500123,2015-11-11,SAS @ POR,W,22,6,12,0.5,1,2,0.5,1,1,1.0,4,1,5,3,0,0,0,3,14,14,24.5,1,2015-16
22015,202709,Cory Joseph,1610612761,TOR,Toronto Raptors,0021500115,2015-11-11,TOR @ PHI,W,31,6,9,0.667,0,1,0.0,3,3,1.0,0,2,2,5,0,0,0,1,15,10,24.9,1,2015-16
22015,203998,Bruno Caboclo,1610612761,TOR,Toronto Raptors,0021500115,2015-11-11,TOR @ PHI,W,1,0,1,0.0,0,0,,0,0,,0,0,0,0,0,0,0,0,0,-2,0.0,1,2015-16
22015,2440,Matt Barnes,1610612763,MEM,Memphis Grizzlies,0021500120,2015-11-11,MEM vs. GSW,L,26,1,8,0.125,1,4,0.25,0,0,,1,2,3,0,2,0,1,4,3,-17,11.6,1,2015-16
22015,201145,Jeff Green,1610612763,MEM,Memphis Grizzlies,0021500120,2015-11-11,MEM vs. GSW,L,17,0,2,0.0,0,1,0.0,0,0,,0,2,2,0,0,0,2,1,0,-4,0.4,1,2015-16
22015,201188,Marc Gasol,1610612763,MEM,Memphis Grizzlies,0021500120,2015-11-11,MEM vs. GSW,L,40,6,15,0.4,1,1,1.0,13,14,0.929,2,5,7,3,2,0,2,3,26,-5,42.9,1,2015-16
22015,2581,Steve Blake,1610612765,DET,Detroit Pistons,0021500122,2015-11-11,DET @ SAC,L,15,2,7,0.286,1,5,0.2,0,0,,0,2,2,3,1,0,0,0,5,6,14.9,1,2015-16
22015,201229,Anthony Tolliver,1610612765,DET,Detroit Pistons,0021500122,2015-11-11,DET @ SAC,L,24,3,5,0.6,2,4,0.5,0,0,,0,4,4,4,0,1,1,1,8,-6,20.8,1,2015-16
22015,202704,Reggie Jackson,1610612765,DET,Detroit Pistons,0021500122,2015-11-11,DET @ SAC,L,33,5,15,0.333,1,6,0.167,5,6,0.833,1,3,4,3,0,0,2,2,16,-15,23.3,1,2015-16
22015,203083,Andre Drummond,1610612765,DET,Detroit Pistons,0021500122,2015-11-11,DET @ SAC,L,35,7,13,0.538,0,0,,0,2,0.0,9,8,17,0,2,0,5,5,14,-15,35.4,1,2015-16
22015,2744,Al Jefferson,1610612766,CHA,Charlotte Hornets,0021500113,2015-11-11,CHA vs. NYK,W,23,2,10,0.2,0,0,,0,0,,2,3,5,2,0,0,0,1,4,-10,13.0,1,2015-16
22015,101107,Marvin Williams,1610612766,CHA,Charlotte Hornets,0021500113,2015-11-11,CHA vs. NYK,W,29,3,6,0.5,1,3,0.333,1,2,0.5,1,1,2,1,1,3,0,1,8,-10,23.9,1,2015-16
22015,202391,Jeremy Lin,1610612766,CHA,Charlotte Hornets,0021500113,2015-11-11,CHA vs. NYK,W,21,7,11,0.636,1,1,1.0,2,2,1.0,0,2,2,3,3,0,2,2,17,11,30.9,1,2015-16
22015,203087,Jeremy Lamb,1610612766,CHA,Charlotte Hornets,0021500113,2015-11-11,CHA vs. NYK,W,24,6,10,0.6,2,4,0.5,0,0,,0,4,4,0,2,0,1,0,14,13,23.8,1,2015-16
22015,201952,Jeff Teague,1610612737,ATL,Atlanta Hawks,0021500117,2015-11-11,ATL vs. NOP,W,30,6,16,0.375,1,2,0.5,1,2,0.5,0,0,0,10,2,1,1,4,14,2,37.0,1,2015-16
22015,202337,Luke Babbitt,1610612740,NOP,New Orleans Pelicans,0021500117,2015-11-11,NOP @ ATL,L,30,2,8,0.25,2,5,0.4,1,2,0.5,0,3,3,2,0,0,1,2,7,-6,12.6,1,2015-16
22015,1626178,Rondae Hollis-Jefferson,1610612751,BKN,Brooklyn Nets,0021500119,2015-11-11,BKN @ HOU,W,12,0,2,0.0,0,0,,0,0,,2,2,4,1,1,1,3,1,0,-1,9.3,1,2015-16
22015,2546,Carmelo Anthony,1610612752,NYK,New York Knicks,0021500113,2015-11-11,NYK @ CHA,L,35,12,25,0.48,3,6,0.5,2,4,0.5,1,5,6,4,0,0,3,2,29,7,39.2,1,2015-16
22015,201577,Robin Lopez,1610612752,NYK,New York Knicks,0021500113,2015-11-11,NYK @ CHA,L,31,0,3,0.0,0,0,,0,0,,2,7,9,2,1,1,2,1,0,4,17.8,1,2015-16
22015,203086,Meyers Leonard,1610612757,POR,Portland Trail Blazers,0021500123,2015-11-11,POR vs. SAS,L,24,3,4,0.75,1,1,1.0,0,0,,0,5,5,2,0,0,0,1,7,4,16.0,1,2015-16
22015,203937,Kyle Anderson,1610612759,SAS,San Antonio Spurs,0021500123,2015-11-11,SAS @ POR,W,1,0,0,,0,0,,0,0,,0,0,0,0,0,0,0,0,0,2,0.0,1,2015-16
22015,2449,Luis Scola,1610612761,TOR,Toronto Raptors,0021500115,2015-11-11,TOR @ PHI,W,19,10,15,0.667,1,2,0.5,0,0,,2,3,5,1,1,1,1,4,21,20,33.5,1,2015-16
22015,201150,Spencer Hawes,1610612766,CHA,Charlotte Hornets,0021500113,2015-11-11,CHA vs. NYK,W,19,0,2,0.0,0,2,0.0,0,0,,1,3,4,5,0,0,0,1,0,11,12.3,1,2015-16
22015,201939,Stephen Curry,1610612744,GSW,Golden State Warriors,0021500125,2015-11-12,GSW @ MIN,W,38,15,25,0.6,8,13,0.615,8,8,1.0,0,5,5,4,2,0,3,3,46,21,61.0,1,2015-16
22015,203546,Ian Clark,1610612744,GSW,Golden State Warriors,0021500125,2015-11-12,GSW @ MIN,W,4,2,4,0.5,2,3,0.667,0,0,,0,1,1,1,0,0,0,2,6,-3,8.7,1,2015-16
22015,2746,Josh Smith,1610612746,LAC,LA Clippers,0021500126,2015-11-12,LAC @ PHX,L,19,3,8,0.375,0,3,0.0,0,0,,2,1,3,1,0,1,0,0,6,-6,14.1,1,2015-16
22015,201599,DeAndre Jordan,1610612746,LAC,LA Clippers,0021500126,2015-11-12,LAC @ PHX,L,27,3,5,0.6,0,0,,5,13,0.385,2,7,9,1,0,1,1,1,11,-27,25.3,1,2015-16
22015,2547,Chris Bosh,1610612748,MIA,Miami Heat,0021500124,2015-11-12,MIA vs. UTA,W,36,9,18,0.5,1,3,0.333,6,9,0.667,2,6,8,4,0,4,3,1,25,12,49.6,1,2015-16
22015,203498,Shabazz Muhammad,1610612750,MIN,Minnesota Timberwolves,0021500125,2015-11-12,MIN vs. GSW,L,19,6,8,0.75,0,1,0.0,4,5,0.8,2,2,4,0,0,0,0,2,16,6,20.8,1,2015-16
22015,1626145,Tyus Jones,1610612750,MIN,Minnesota Timberwolves,0021500125,2015-11-12,MIN vs. GSW,L,1,0,1,0.0,0,1,0.0,0,0,,0,0,0,0,0,0,0,0,0,-4,0.0,1,2015-16
22015,200782,P.J. Tucker,1610612756,PHX,Phoenix Suns,0021500126,2015-11-12,PHX vs. LAC,W,31,3,7,0.429,1,4,0.25,0,0,,2,4,6,0,3,0,0,2,7,21,23.2,1,2015-16
22015,202339,Eric Bledsoe,1610612756,PHX,Phoenix Suns,0021500126,2015-11-12,PHX vs. LAC,W,35,9,13,0.692,2,5,0.4,6,7,0.857,2,8,10,9,2,0,8,4,26,8,49.5,1,2015-16
22015,203933,T.J. Warren,1610612756,PHX,Phoenix Suns,0021500126,2015-11-12,PHX vs. LAC,W,25,7,10,0.7,1,1,1.0,3,3,1.0,0,1,1,0,1,1,4,3,18,5,21.2,1,2015-16
22015,202344,Trevor Booker,1610612762,UTA,Utah Jazz,0021500124,2015-11-12,UTA @ MIA,L,16,0,2,0.0,0,0,,0,0,,1,2,3,0,1,1,1,6,0,-6,8.6,1,2015-16
22015,203504,Trey Burke,1610612762,UTA,Utah Jazz,0021500124,2015-11-12,UTA @ MIA,L,27,3,9,0.333,0,2,0.0,0,0,,0,3,3,2,2,0,0,1,6,-1,18.6,1,2015-16
22015,203526,Raul Neto,1610612762,UTA,Utah Jazz,0021500124,2015-11-12,UTA @ MIA,L,16,0,3,0.0,0,1,0.0,0,0,,0,0,0,1,1,0,1,4,0,-6,3.5,1,2015-16
22015,2738,Andre Iguodala,1610612744,GSW,Golden State Warriors,0021500125,2015-11-12,GSW @ MIN,W,30,1,6,0.167,1,3,0.333,0,0,,0,4,4,6,1,0,0,3,3,-5,19.8,1,2015-16
22015,203110,Draymond Green,1610612744,GSW,Golden State Warriors,0021500125,2015-11-12,GSW @ MIN,W,35,8,10,0.8,2,3,0.667,5,5,1.0,0,8,8,12,2,2,2,3,23,34,60.6,1,2015-16
22015,202332,Cole Aldrich,1610612746,LAC,LA Clippers,0021500126,2015-11-12,LAC @ PHX,L,7,1,1,1.0,0,0,,0,0,,1,3,4,0,0,0,0,1,2,6,6.8,1,2015-16
22015,708,Kevin Garnett,1610612750,MIN,Minnesota Timberwolves,0021500125,2015-11-12,MIN vs. GSW,L,12,0,0,,0,0,,0,0,,1,4,5,2,0,0,1,2,0,-14,8.0,1,2015-16
22015,1889,Andre Miller,1610612750,MIN,Minnesota Timberwolves,0021500125,2015-11-12,MIN vs. GSW,L,22,5,8,0.625,0,0,,1,2,0.5,2,1,3,4,0,0,2,4,11,12,18.6,1,2015-16
22015,2419,Tayshaun Prince,1610612750,MIN,Minnesota Timberwolves,0021500125,2015-11-12,MIN vs. GSW,L,14,3,3,1.0,0,0,,0,0,,1,2,3,0,0,0,1,1,6,-11,8.6,1,2015-16
22015,2755,Kevin Martin,1610612750,MIN,Minnesota Timberwolves,0021500125,2015-11-12,MIN vs. GSW,L,28,5,13,0.385,1,1,1.0,4,4,1.0,1,3,4,6,0,0,0,2,15,2,28.8,1,2015-16
22015,203476,Gorgui Dieng,1610612750,MIN,Minnesota Timberwolves,0021500125,2015-11-12,MIN vs. GSW,L,18,4,6,0.667,0,0,,3,3,1.0,1,3,4,0,1,1,1,0,11,11,20.8,1,2015-16
22015,201603,Sonny Weems,1610612756,PHX,Phoenix Suns,0021500126,2015-11-12,PHX vs. LAC,W,6,1,1,1.0,0,0,,0,0,,0,0,0,1,0,0,1,0,2,-2,2.5,1,2015-16
22015,202693,Markieff Morris,1610612756,PHX,Phoenix Suns,0021500126,2015-11-12,PHX vs. LAC,W,6,2,3,0.667,1,1,1.0,0,0,,0,2,2,0,1,0,0,1,5,7,10.4,1,2015-16
22015,202720,Jon Leuer,1610612756,PHX,Phoenix Suns,0021500126,2015-11-12,PHX vs. LAC,W,24,4,13,0.308,1,3,0.333,1,1,1.0,2,9,11,2,0,1,1,1,10,5,28.2,1,2015-16
22015,203462,Archie Goodwin,1610612756,PHX,Phoenix Suns,0021500126,2015-11-12,PHX vs. LAC,W,7,0,0,,0,0,,0,0,,0,1,1,0,0,0,0,2,0,-6,1.2,1,2015-16
22015,1626164,Devin Booker,1610612756,PHX,Phoenix Suns,0021500126,2015-11-12,PHX vs. LAC,W,1,0,0,,0,0,,0,0,,0,0,0,1,0,0,0,0,0,-1,1.5,1,2015-16
22015,202407,Elijah Millsap,1610612762,UTA,Utah Jazz,0021500124,2015-11-12,UTA @ MIA,L,3,0,0,,0,0,,0,0,,0,2,2,0,0,0,0,0,0,2,2.4,1,2015-16
22015,1626168,Trey Lyles,1610612762,UTA,Utah Jazz,0021500124,2015-11-12,UTA @ MIA,L,18,1,4,0.25,0,1,0.0,0,0,,1,4,5,0,0,0,1,0,2,-9,7.0,1,2015-16
22015,203105,Festus Ezeli,1610612744,GSW,Golden State Warriors,0021500125,2015-11-12,GSW @ MIN,W,16,5,6,0.833,0,0,,0,0,,1,1,2,3,0,0,0,4,10,3,16.9,1,2015-16
22015,1718,Paul Pierce,1610612746,LAC,LA Clippers,0021500126,2015-11-12,LAC @ PHX,L,20,2,4,0.5,1,3,0.333,0,0,,0,1,1,2,2,0,0,1,5,-8,15.2,1,2015-16
22015,201601,Luc Mbah a Moute,1610612746,LAC,LA Clippers,0021500126,2015-11-12,LAC @ PHX,L,15,3,6,0.5,1,1,1.0,2,2,1.0,2,0,2,0,1,0,0,0,9,9,14.4,1,2015-16
22015,2736,Luol Deng,1610612748,MIA,Miami Heat,0021500124,2015-11-12,MIA vs. UTA,W,27,3,5,0.6,0,1,0.0,0,0,,0,3,3,1,2,0,2,2,6,-11,15.1,1,2015-16
22015,201177,Josh McRoberts,1610612748,MIA,Miami Heat,0021500124,2015-11-12,MIA vs. UTA,W,18,0,3,0.0,0,1,0.0,4,4,1.0,1,3,4,0,0,0,0,3,4,14,8.8,1,2015-16
22015,1626159,Justise Winslow,1610612748,MIA,Miami Heat,0021500124,2015-11-12,MIA vs. UTA,W,27,3,9,0.333,0,1,0.0,1,2,0.5,1,4,5,1,0,0,0,4,7,-5,14.5,1,2015-16
22015,1626196,Josh Richardson,1610612748,MIA,Miami Heat,0021500124,2015-11-12,MIA vs. UTA,W,21,3,5,0.6,2,3,0.667,0,0,,0,3,3,0,0,0,0,4,8,2,11.6,1,2015-16
22015,202357,Nemanja Bjelica,1610612750,MIN,Minnesota Timberwolves,0021500125,2015-11-12,MIN vs. GSW,L,33,3,5,0.6,1,2,0.5,1,4,0.25,2,7,9,3,1,0,0,2,8,8,26.3,1,2015-16
22015,203897,Zach LaVine,1610612750,MIN,Minnesota Timberwolves,0021500125,2015-11-12,MIN vs. GSW,L,26,3,11,0.273,0,2,0.0,7,8,0.875,1,1,2,1,1,0,2,2,13,-22,17.9,1,2015-16
22015,203952,Andrew Wiggins,1610612750,MIN,Minnesota Timberwolves,0021500125,2015-11-12,MIN vs. GSW,L,35,7,17,0.412,1,2,0.5,4,6,0.667,1,1,2,5,0,0,1,1,19,-21,27.9,1,2015-16
22015,204014,Damjan Rudez,1610612750,MIN,Minnesota Timberwolves,0021500125,2015-11-12,MIN vs. GSW,L,1,0,0,,0,0,,0,0,,0,0,0,0,0,0,0,0,0,-4,0.0,1,2015-16
22015,1626157,Karl-Anthony Towns,1610612750,MIN,Minnesota Timberwolves,0021500125,2015-11-12,MIN vs. GSW,L,30,7,15,0.467,0,0,,3,4,0.75,3,8,11,0,1,0,5,2,17,-24,28.2,1,2015-16
22015,2199,Tyson Chandler,1610612756,PHX,Phoenix Suns,0021500126,2015-11-12,PHX vs. LAC,W,28,1,3,0.333,0,0,,3,4,0.75,2,6,8,1,2,1,1,3,5,19,24.1,1,2015-16
22015,101179,Ronnie Price,1610612756,PHX,Phoenix Suns,0021500126,2015-11-12,PHX vs. LAC,W,4,0,0,,0,0,,0,0,,0,0,0,1,0,0,2,0,0,-4,-0.5,1,2015-16
22015,202688,Brandon Knight,1610612756,PHX,Phoenix Suns,0021500126,2015-11-12,PHX vs. LAC,W,34,14,22,0.636,6,10,0.6,3,4,0.75,0,2,2,4,0,0,1,3,37,21,44.4,1,2015-16
22015,203141,Mirza Teletovic,1610612756,PHX,Phoenix Suns,0021500126,2015-11-12,PHX vs. LAC,W,18,2,7,0.286,2,6,0.333,0,0,,0,1,1,3,1,0,0,2,6,2,14.7,1,2015-16
22015,202330,Gordon Hayward,1610612762,UTA,Utah Jazz,0021500124,2015-11-12,UTA @ MIA,L,38,7,21,0.333,0,4,0.0,10,12,0.833,2,9,11,3,0,0,2,2,24,8,39.7,1,2015-16
22015,2733,Shaun Livingston,1610612744,GSW,Golden State Warriors,0021500125,2015-11-12,GSW @ MIN,W,22,3,5,0.6,0,0,,2,2,1.0,1,0,1,3,0,0,0,4,8,-12,13.7,1,2015-16
22015,203084,Harrison Barnes,1610612744,GSW,Golden State Warriors,0021500125,2015-11-12,GSW @ MIN,W,35,6,14,0.429,2,7,0.286,0,1,0.0,2,2,4,1,1,1,1,3,14,-3,25.3,1,2015-16
22015,2757,Beno Udrih,1610612748,MIA,Miami Heat,0021500124,2015-11-12,MIA vs. UTA,W,17,1,3,0.333,0,0,,0,0,,0,3,3,1,0,0,1,0,2,11,6.1,1,2015-16
22015,201609,Goran Dragic,1610612748,MIA,Miami Heat,0021500124,2015-11-12,MIA vs. UTA,W,35,5,12,0.417,0,3,0.0,4,6,0.667,0,3,3,4,2,0,4,0,14,-14,25.6,1,2015-16
22015,202355,Hassan Whiteside,1610612748,MIA,Miami Heat,0021500124,2015-11-12,MIA vs. UTA,W,29,4,10,0.4,0,0,,1,4,0.25,3,11,14,0,1,5,2,3,9,-9,41.8,1,2015-16
22015,204020,Tyler Johnson,1610612748,MIA,Miami Heat,0021500124,2015-11-12,MIA vs. UTA,W,29,8,12,0.667,1,1,1.0,0,0,,1,3,4,3,1,2,3,3,17,5,32.3,1,2015-16
22015,203458,Alex Len,1610612756,PHX,Phoenix Suns,0021500126,2015-11-12,PHX vs. LAC,W,19,1,4,0.25,0,0,,0,2,0.0,1,3,4,0,0,0,1,2,2,-5,5.8,1,2015-16
22015,202324,Derrick Favors,1610612762,UTA,Utah Jazz,0021500124,2015-11-12,UTA @ MIA,L,40,10,18,0.556,0,0,,5,7,0.714,5,7,12,2,3,7,1,3,25,11,71.4,1,2015-16
22015,101106,Andrew Bogut,1610612744,GSW,Golden State Warriors,0021500125,2015-11-12,GSW @ MIN,W,21,2,3,0.667,0,0,,0,0,,2,4,6,2,1,3,1,2,4,0,25.2,1,2015-16
22015,202691,Klay Thompson,1610612744,GSW,Golden State Warriors,0021500125,2015-11-12,GSW @ MIN,W,37,6,16,0.375,3,9,0.333,0,0,,0,2,2,2,1,1,4,1,15,28,22.4,1,2015-16
22015,203949,James Michael McAdoo,1610612744,GSW,Golden State Warriors,0021500125,2015-11-12,GSW @ MIN,W,2,0,0,,0,0,,0,0,,0,0,0,0,0,0,0,0,0,2,0.0,1,2015-16
22015,2037,Jamal Crawford,1610612746,LAC,LA Clippers,0021500126,2015-11-12,LAC @ PHX,L,25,7,14,0.5,1,3,0.333,3,3,1.0,0,1,1,2,3,0,5,2,18,-8,26.2,1,2015-16
22015,201933,Blake Griffin,1610612746,LAC,LA Clippers,0021500126,2015-11-12,LAC @ PHX,L,16,5,10,0.5,0,0,,1,2,0.5,1,2,3,4,1,0,0,0,11,-8,23.6,1,2015-16
22015,202325,Wesley Johnson,1610612746,LAC,LA Clippers,0021500126,2015-11-12,LAC @ PHX,L,24,5,11,0.455,3,6,0.5,1,1,1.0,0,3,3,0,1,0,1,3,14,5,19.6,1,2015-16
22015,202362,Lance Stephenson,1610612746,LAC,LA Clippers,0021500126,2015-11-12,LAC @ PHX,L,30,5,13,0.385,0,3,0.0,1,2,0.5,2,3,5,2,2,1,4,2,11,-9,25.0,1,2015-16
22015,203085,Austin Rivers,1610612746,LAC,LA Clippers,0021500126,2015-11-12,LAC @ PHX,L,34,4,12,0.333,1,2,0.5,2,5,0.4,0,2,2,2,0,0,1,4,11,-25,15.4,1,2015-16
22015,203143,Pablo Prigioni,1610612746,LAC,LA Clippers,0021500126,2015-11-12,LAC @ PHX,L,23,2,6,0.333,2,5,0.4,0,0,,2,2,4,3,3,0,2,3,6,1,22.3,1,2015-16
22015,203940,Adreian Payne,1610612750,MIN,Minnesota Timberwolves,0021500125,2015-11-12,MIN vs. GSW,L,1,0,0,,0,0,,0,0,,0,0,0,0,0,0,0,0,0,-4,0.0,1,2015-16
22015,202353,Tibor Pleiss,1610612762,UTA,Utah Jazz,0021500124,2015-11-12,UTA @ MIA,L,0,0,0,,0,0,,0,0,,0,0,0,0,0,0,0,0,0,-2,0.0,1,2015-16
22015,202692,Alec Burks,1610612762,UTA,Utah Jazz,0021500124,2015-11-12,UTA @ MIA,L,35,9,16,0.563,3,3,1.0,3,4,0.75,2,1,3,2,1,0,3,4,24,9,30.6,1,2015-16
22015,204060,Joe Ingles,1610612762,UTA,Utah Jazz,0021500124,2015-11-12,UTA @ MIA,L,10,0,2,0.0,0,1,0.0,0,0,,0,2,2,0,0,1,0,0,0,-13,5.4,1,2015-16
22015,203918,Rodney Hood,1610612762,UTA,Utah Jazz,0021500124,2015-11-12,UTA @ MIA,L,38,4,14,0.286,1,5,0.2,1,2,0.5,0,1,1,3,2,0,1,3,10,2,20.7,1,2015-16
22015,203935,Marcus Smart,1610612738,BOS,Boston Celtics,0021500129,2015-11-13,BOS vs. ATL,W,30,2,10,0.2,1,5,0.2,0,0,,0,3,3,3,0,0,3,1,5,0,10.1,1,2015-16
22015,2747,JR Smith,1610612739,CLE,Cleveland Cavaliers,0021500130,2015-11-13,CLE @ NYK,W,27,3,10,0.3,2,7,0.286,0,2,0.0,1,4,5,0,0,0,1,0,8,-11,13.0,1,2015-16
22015,201567,Kevin Love,1610612739,CLE,Cleveland Cavaliers,0021500130,2015-11-13,CLE @ NYK,W,34,2,10,0.2,1,5,0.2,2,4,0.5,6,5,11,2,1,0,3,3,7,5,23.2,1,2015-16
22015,202703,Nikola Mirotic,1610612741,CHI,Chicago Bulls,0021500132,2015-11-13,CHI vs. CHA,W,23,0,3,0.0,0,2,0.0,3,4,0.75,1,6,7,3,1,0,1,2,3,-6,17.9,1,2015-16
22015,203926,Doug McDermott,1610612741,CHI,Chicago Bulls,0021500132,2015-11-13,CHI vs. CHA,W,16,3,6,0.5,1,2,0.5,1,2,0.5,0,2,2,0,0,0,0,1,8,-4,10.4,1,2015-16
22015,202083,Wesley Matthews,1610612742,DAL,Dallas Mavericks,0021500135,2015-11-13,DAL vs. LAL,W,30,2,11,0.182,2,6,0.333,2,2,1.0,0,2,2,1,2,0,2,2,8,-6,15.9,1,2015-16
22015,203939,Dwight Powell,1610612742,DAL,Dallas Mavericks,0021500135,2015-11-13,DAL vs. LAL,W,22,3,6,0.5,0,0,,4,4,1.0,1,11,12,2,1,0,0,0,10,18,30.4,1,2015-16
22015,201568,Danilo Gallinari,1610612743,DEN,Denver Nuggets,0021500136,2015-11-13,DEN vs. HOU,W,36,7,9,0.778,3,4,0.75,10,10,1.0,1,0,1,3,1,0,2,3,27,9,33.7,1,2015-16
22015,201977,Marcus Thornton,1610612745,HOU,Houston Rockets,0021500136,2015-11-13,HOU @ DEN,L,18,2,8,0.25,0,4,0.0,0,0,,0,4,4,1,1,0,0,0,4,-17,13.3,1,2015-16
22015,1889,Andre Miller,1610612750,MIN,Minnesota Timberwolves,0021500127,2015-11-13,MIN @ IND,L,23,4,5,0.8,0,0,,2,2,1.0,1,3,4,5,1,0,3,5,10,12,22.3,1,2015-16
22015,203476,Gorgui Dieng,1610612750,MIN,Minnesota Timberwolves,0021500127,2015-11-13,MIN @ IND,L,11,1,2,0.5,0,0,,0,0,,2,5,7,0,1,0,1,2,2,-2,12.4,1,2015-16
22015,203897,Zach LaVine,1610612750,MIN,Minnesota Timberwolves,0021500127,2015-11-13,MIN @ IND,L,40,11,22,0.5,4,7,0.571,0,0,,1,5,6,4,1,0,2,1,26,0,40.2,1,2015-16
22015,200745,Andrea Bargnani,1610612751,BKN,Brooklyn Nets,0021500137,2015-11-13,BKN @ SAC,L,14,2,8,0.25,1,1,1.0,0,0,,1,2,3,0,0,0,0,0,5,-11,8.6,1,2015-16
22015,201577,Robin Lopez,1610612752,NYK,New York Knicks,0021500130,2015-11-13,NYK vs. CLE,L,25,1,5,0.2,0,0,,2,2,1.0,2,3,5,1,0,0,1,2,4,-1,10.5,1,2015-16
22015,203901,Elfrid Payton,1610612753,ORL,Orlando Magic,0021500128,2015-11-13,ORL vs. UTA,W,37,3,8,0.375,2,3,0.667,8,10,0.8,0,3,3,6,2,1,5,2,16,15,32.6,1,2015-16
22015,203138,Hollis Thompson,1610612755,PHI,Philadelphia 76ers,0021500134,2015-11-13,PHI @ OKC,L,22,2,6,0.333,2,4,0.5,2,2,1.0,0,1,1,1,2,0,3,2,8,-8,13.7,1,2015-16
22015,203457,Nerlens Noel,1610612755,PHI,Philadelphia 76ers,0021500134,2015-11-13,PHI @ OKC,L,32,4,12,0.333,0,0,,5,6,0.833,2,9,11,2,2,0,4,1,13,-14,31.2,1,2015-16
22015,203917,Nik Stauskas,1610612755,PHI,Philadelphia 76ers,0021500134,2015-11-13,PHI @ OKC,L,29,4,10,0.4,2,5,0.4,1,4,0.25,1,3,4,3,2,0,1,1,11,-11,25.3,1,2015-16
22015,202334,Ed Davis,1610612757,POR,Portland Trail Blazers,0021500133,2015-11-13,POR @ MEM,L,18,2,4,0.5,0,0,,3,3,1.0,5,3,8,1,0,3,1,1,7,-1,26.1,1,2015-16
22015,203081,Damian Lillard,1610612757,POR,Portland Trail Blazers,0021500133,2015-11-13,POR @ MEM,L,38,5,15,0.333,0,5,0.0,1,2,0.5,0,3,3,7,2,0,2,2,11,5,29.1,1,2015-16
22015,201956,Omri Casspi,1610612758,SAC,Sacramento Kings,0021500137,2015-11-13,SAC vs. BKN,W,21,2,9,0.222,1,4,0.25,0,0,,1,2,3,1,0,0,1,1,5,3,9.1,1,2015-16
22015,202341,James Anderson,1610612758,SAC,Sacramento Kings,0021500137,2015-11-13,SAC vs. BKN,W,6,0,1,0.0,0,1,0.0,0,0,,0,0,0,0,0,0,0,0,0,-6,0.0,1,2015-16
22015,1626161,Willie Cauley-Stein,1610612758,SAC,Sacramento Kings,0021500137,2015-11-13,SAC vs. BKN,W,18,0,0,,0,0,,1,2,0.5,0,9,9,0,1,1,1,0,1,1,16.8,1,2015-16
22015,200779,Steve Novak,1610612760,OKC,Oklahoma City Thunder,0021500134,2015-11-13,OKC vs. PHI,W,1,1,1,1.0,1,1,1.0,0,0,,0,1,1,0,0,0,0,0,3,-1,4.2,1,2015-16
22015,201571,D.J. Augustin,1610612760,OKC,Oklahoma City Thunder,0021500134,2015-11-13,OKC vs. PHI,W,23,3,7,0.429,1,3,0.333,1,2,0.5,0,1,1,1,1,0,1,1,8,14,12.7,1,2015-16
22015,203460,Andre Roberson,1610612760,OKC,Oklahoma City Thunder,0021500134,2015-11-13,OKC vs. PHI,W,19,2,6,0.333,0,2,0.0,1,2,0.5,0,2,2,1,1,0,1,0,5,6,10.9,1,2015-16
22015,2449,Luis Scola,1610612761,TOR,Toronto Raptors,0021500131,2015-11-13,TOR vs. NOP,W,22,4,8,0.5,1,1,1.0,0,0,,1,2,3,0,0,0,0,2,9,12,12.6,1,2015-16
22015,202335,Patrick Patterson,1610612761,TOR,Toronto Raptors,0021500131,2015-11-13,TOR vs. NOP,W,22,4,8,0.5,2,5,0.4,0,0,,1,0,1,0,0,0,1,2,10,8,10.2,1,2015-16
22015,202324,Derrick Favors,1610612762,UTA,Utah Jazz,0021500128,2015-11-13,UTA @ ORL,L,19,2,4,0.5,0,0,,1,1,1.0,0,7,7,1,3,1,2,2,5,-15,24.9,1,2015-16
22015,202407,Elijah Millsap,1610612762,UTA,Utah Jazz,0021500128,2015-11-13,UTA @ ORL,L,16,1,3,0.333,1,2,0.5,5,6,0.833,1,3,4,3,0,0,1,3,8,-7,16.3,1,2015-16
22015,203481,Jeff Withey,1610612762,UTA,Utah Jazz,0021500128,2015-11-13,UTA @ ORL,L,24,4,7,0.571,0,0,,0,0,,4,3,7,0,1,2,0,2,8,11,25.4,1,2015-16
22015,203526,Raul Neto,1610612762,UTA,Utah Jazz,0021500128,2015-11-13,UTA @ ORL,L,24,2,5,0.4,1,2,0.5,0,0,,0,1,1,7,2,0,2,1,5,-5,20.7,1,2015-16
22015,201144,Mike Conley,1610612763,MEM,Memphis Grizzlies,0021500133,2015-11-13,MEM vs. POR,W,33,4,13,0.308,1,4,0.25,2,3,0.667,1,0,1,9,0,0,1,2,11,0,24.7,1,2015-16
22015,201145,Jeff Green,1610612763,MEM,Memphis Grizzlies,0021500133,2015-11-13,MEM vs. POR,W,30,4,10,0.4,0,0,,6,6,1.0,3,2,5,2,2,0,0,3,14,4,29.0,1,2015-16
22015,201584,Courtney Lee,1610612763,MEM,Memphis Grizzlies,0021500133,2015-11-13,MEM vs. POR,W,26,2,8,0.25,1,6,0.167,2,2,1.0,0,2,2,1,0,0,0,0,7,5,10.9,1,2015-16
22015,203210,JaMychal Green,1610612763,MEM,Memphis Grizzlies,0021500133,2015-11-13,MEM vs. POR,W,18,3,7,0.429,0,1,0.0,0,0,,2,2,4,0,0,0,2,4,6,6,8.8,1,2015-16
22015,202391,Jeremy Lin,1610612766,CHA,Charlotte Hornets,0021500132,2015-11-13,CHA @ CHI,L,17,2,7,0.286,0,1,0.0,0,0,,0,1,1,1,2,0,0,2,4,-15,12.7,1,2015-16
22015,1626163,Frank Kaminsky,1610612766,CHA,Charlotte Hornets,0021500132,2015-11-13,CHA @ CHI,L,20,2,9,0.222,1,3,0.333,0,0,,1,2,3,1,0,1,0,3,5,-5,13.1,1,2015-16
22015,2594,Kyle Korver,1610612737,ATL,Atlanta Hawks,0021500129,2015-11-13,ATL @ BOS,L,31,4,6,0.667,3,5,0.6,0,0,,0,3,3,1,0,0,2,2,11,-18,14.1,1,2015-16
22015,200757,Thabo Sefolosha,1610612737,ATL,Atlanta Hawks,0021500129,2015-11-13,ATL @ BOS,L,21,5,8,0.625,0,0,,0,0,,1,4,5,0,1,0,0,0,10,5,19.0,1,2015-16
22015,203200,Justin Holiday,1610612737,ATL,Atlanta Hawks,0021500129,2015-11-13,ATL @ BOS,L,14,2,4,0.5,1,3,0.333,0,0,,0,1,1,1,0,0,1,1,5,3,6.7,1,2015-16
22015,202323,Evan Turner,1610612738,BOS,Boston Celtics,0021500129,2015-11-13,BOS vs. ATL,W,24,2,11,0.182,0,3,0.0,1,1,1.0,2,3,5,4,0,0,1,3,5,8,16.0,1,2015-16
22015,201962,Toney Douglas,1610612740,NOP,New Orleans Pelicans,0021500131,2015-11-13,NOP @ TOR,L,15,1,7,0.143,0,0,,0,0,,0,0,0,1,3,0,0,2,2,3,12.5,1,2015-16
22015,201967,Dante Cunningham,1610612740,NOP,New Orleans Pelicans,0021500131,2015-11-13,NOP @ TOR,L,19,1,3,0.333,1,2,0.5,0,0,,1,2,3,2,0,0,1,0,3,-11,8.6,1,2015-16
22015,202087,Alonzo Gee,1610612740,NOP,New Orleans Pelicans,0021500131,2015-11-13,NOP @ TOR,L,25,0,3,0.0,0,1,0.0,0,0,,1,3,4,2,2,0,0,4,0,-15,13.8,1,2015-16
22015,202397,Ish Smith,1610612740,NOP,New Orleans Pelicans,0021500131,2015-11-13,NOP @ TOR,L,23,1,9,0.111,0,2,0.0,4,4,1.0,2,2,4,4,0,2,3,3,6,-5,19.8,1,2015-16
22015,2200,Pau Gasol,1610612741,CHI,Chicago Bulls,0021500132,2015-11-13,CHI vs. CHA,W,28,7,13,0.538,0,0,,5,5,1.0,0,13,13,3,0,2,2,1,19,-8,43.1,1,2015-16
22015,2550,Kirk Hinrich,1610612741,CHI,Chicago Bulls,0021500132,2015-11-13,CHI vs. CHA,W,9,2,3,0.667,1,1,1.0,0,0,,0,0,0,1,0,0,0,1,5,4,6.5,1,2015-16
22015,201166,Aaron Brooks,1610612741,CHI,Chicago Bulls,0021500132,2015-11-13,CHI vs. CHA,W,6,0,2,0.0,0,1,0.0,1,2,0.5,2,1,3,1,0,0,0,0,1,0,6.1,1,2015-16
22015,203503,Tony Snell,1610612741,CHI,Chicago Bulls,0021500132,2015-11-13,CHI vs. CHA,W,17,1,7,0.143,1,3,0.333,0,0,,0,1,1,0,0,1,1,2,3,11,6.2,1,2015-16
22015,2749,Jameer Nelson,1610612743,DEN,Denver Nuggets,0021500136,2015-11-13,DEN vs. HOU,W,28,5,8,0.625,0,1,0.0,3,5,0.6,1,4,5,3,0,0,1,2,13,15,22.5,1,2015-16
22015,201581,JJ Hickson,1610612743,DEN,Denver Nuggets,0021500136,2015-11-13,DEN vs. HOU,W,23,5,9,0.556,0,0,,0,2,0.0,2,4,6,2,1,0,1,4,10,-10,22.2,1,2015-16
22015,203115,Will Barton,1610612743,DEN,Denver Nuggets,0021500136,2015-11-13,DEN vs. HOU,W,31,8,14,0.571,4,5,0.8,6,7,0.857,0,5,5,1,2,0,2,0,26,9,37.5,1,2015-16
22015,203914,Gary Harris,1610612743,DEN,Denver Nuggets,0021500136,2015-11-13,DEN vs. HOU,W,11,1,3,0.333,1,1,1.0,0,0,,1,3,4,0,1,0,1,4,3,0,9.8,1,2015-16
22015,1891,Jason Terry,1610612745,HOU,Houston Rockets,0021500136,2015-11-13,HOU @ DEN,L,16,3,6,0.5,3,6,0.5,0,0,,0,0,0,0,1,0,3,2,9,-4,9.0,1,2015-16
22015,201976,Patrick Beverley,1610612745,HOU,Houston Rockets,0021500136,2015-11-13,HOU @ DEN,L,8,0,2,0.0,0,1,0.0,0,0,,0,0,0,1,0,0,1,2,0,0,0.5,1,2015-16
22015,1626149,Montrezl Harrell,1610612745,HOU,Houston Rockets,0021500136,2015-11-13,HOU @ DEN,L,13,1,1,1.0,0,0,,3,4,0.75,1,1,2,0,0,0,1,3,5,-1,6.4,1,2015-16
22015,101150,Lou Williams,1610612747,LAL,Los Angeles Lakers,0021500135,2015-11-13,LAL @ DAL,L,28,3,11,0.273,1,2,0.5,3,5,0.6,0,0,0,4,1,0,3,3,10,-21,16.0,1,2015-16
22015,201156,Nick Young,1610612747,LAL,Los Angeles Lakers,0021500135,2015-11-13,LAL @ DAL,L,17,0,4,0.0,0,1,0.0,0,0,,1,4,5,0,1,0,0,1,0,-4,9.0,1,2015-16
22015,1626204,Larry Nance Jr.,1610612747,LAL,Los Angeles Lakers,0021500135,2015-11-13,LAL @ DAL,L,11,1,4,0.25,0,1,0.0,0,0,,1,4,5,0,0,0,0,0,2,-6,8.0,1,2015-16
22015,204014,Damjan Rudez,1610612750,MIN,Minnesota Timberwolves,0021500127,2015-11-13,MIN @ IND,L,7,0,0,,0,0,,0,0,,0,1,1,0,0,0,0,0,0,6,1.2,1,2015-16
22015,201961,Wayne Ellington,1610612751,BKN,Brooklyn Nets,0021500137,2015-11-13,BKN @ SAC,L,14,2,5,0.4,1,2,0.5,0,0,,0,1,1,2,2,0,1,2,5,5,14.2,1,2015-16
22015,202711,Bojan Bogdanovic,1610612751,BKN,Brooklyn Nets,0021500137,2015-11-13,BKN @ SAC,L,34,7,13,0.538,1,4,0.25,0,0,,0,3,3,0,0,0,1,3,15,-8,17.6,1,2015-16
22015,202498,Lance Thomas,1610612752,NYK,New York Knicks,0021500130,2015-11-13,NYK vs. CLE,L,16,0,3,0.0,0,1,0.0,0,0,,0,1,1,0,1,0,3,3,0,-9,1.2,1,2015-16
22015,101112,Channing Frye,1610612753,ORL,Orlando Magic,0021500128,2015-11-13,ORL vs. UTA,W,23,2,7,0.286,2,6,0.333,2,2,1.0,2,3,5,1,0,0,1,0,8,23,14.5,1,2015-16
22015,203095,Evan Fournier,1610612753,ORL,Orlando Magic,0021500128,2015-11-13,ORL vs. UTA,W,37,7,15,0.467,2,6,0.333,5,5,1.0,0,5,5,2,1,0,1,3,21,14,32.0,1,2015-16
22015,1626209,Mario Hezonja,1610612753,ORL,Orlando Magic,0021500128,2015-11-13,ORL vs. UTA,W,9,2,4,0.5,1,3,0.333,1,1,1.0,0,0,0,0,1,0,3,1,6,-6,6.0,1,2015-16
22015,201978,Chase Budinger,1610612754,IND,Indiana Pacers,0021500127,2015-11-13,IND vs. MIN,W,15,2,4,0.5,1,1,1.0,1,1,1.0,0,0,0,5,1,1,0,1,6,0,19.5,1,2015-16
22015,202331,Paul George,1610612754,IND,Indiana Pacers,0021500127,2015-11-13,IND vs. MIN,W,39,8,17,0.471,4,6,0.667,9,10,0.9,0,9,9,4,1,0,1,2,29,4,47.8,1,2015-16
22015,203924,Jerami Grant,1610612755,PHI,Philadelphia 76ers,0021500134,2015-11-13,PHI @ OKC,L,32,2,10,0.2,0,3,0.0,5,6,0.833,2,4,6,1,0,2,2,5,9,-15,21.7,1,2015-16
22015,204456,T.J. McConnell,1610612755,PHI,Philadelphia 76ers,0021500134,2015-11-13,PHI @ OKC,L,34,5,8,0.625,0,1,0.0,0,0,,0,4,4,3,0,0,2,1,10,-24,17.3,1,2015-16
22015,1626143,Jahlil Okafor,1610612755,PHI,Philadelphia 76ers,0021500134,2015-11-13,PHI @ OKC,L,30,3,18,0.167,0,0,,0,0,,3,3,6,2,0,3,4,3,6,-16,21.2,1,2015-16
22015,203459,Allen Crabbe,1610612757,POR,Portland Trail Blazers,0021500133,2015-11-13,POR @ MEM,L,18,5,5,1.0,2,2,1.0,0,0,,0,3,3,1,0,1,1,1,12,7,19.1,1,2015-16
22015,200765,Rajon Rondo,1610612758,SAC,Sacramento Kings,0021500137,2015-11-13,SAC vs. BKN,W,44,10,19,0.526,2,4,0.5,1,4,0.25,2,8,10,14,2,0,4,2,23,8,58.0,1,2015-16
22015,201627,Anthony Morrow,1610612760,OKC,Oklahoma City Thunder,0021500134,2015-11-13,OKC vs. PHI,W,21,5,8,0.625,2,5,0.4,0,0,,0,1,1,0,1,0,0,2,12,-1,16.2,1,2015-16
22015,202713,Kyle Singler,1610612760,OKC,Oklahoma City Thunder,0021500134,2015-11-13,OKC vs. PHI,W,15,0,5,0.0,0,3,0.0,2,2,1.0,2,3,5,0,1,1,1,1,2,9,13.0,1,2015-16
22015,201960,DeMarre Carroll,1610612761,TOR,Toronto Raptors,0021500131,2015-11-13,TOR vs. NOP,W,33,5,14,0.357,1,4,0.25,0,1,0.0,3,2,5,1,1,1,2,5,11,20,22.5,1,2015-16
22015,1626153,Delon Wright,1610612761,TOR,Toronto Raptors,0021500131,2015-11-13,TOR vs. NOP,W,2,0,0,,0,0,,0,0,,0,1,1,0,0,0,0,1,0,-2,1.2,1,2015-16
22015,203504,Trey Burke,1610612762,UTA,Utah Jazz,0021500128,2015-11-13,UTA @ ORL,L,22,7,12,0.583,1,3,0.333,1,4,0.25,0,1,1,4,0,0,1,0,16,-2,22.2,1,2015-16
22015,1626168,Trey Lyles,1610612762,UTA,Utah Jazz,0021500128,2015-11-13,UTA @ ORL,L,17,3,7,0.429,0,2,0.0,0,0,,0,3,3,1,0,1,1,2,6,3,13.1,1,2015-16
22015,201596,Mario Chalmers,1610612763,MEM,Memphis Grizzlies,0021500133,2015-11-13,MEM vs. POR,W,20,4,6,0.667,1,2,0.5,2,2,1.0,0,1,1,2,4,0,1,1,11,5,26.2,1,2015-16
22015,101107,Marvin Williams,1610612766,CHA,Charlotte Hornets,0021500132,2015-11-13,CHA @ CHI,L,35,5,11,0.455,3,6,0.5,1,1,1.0,1,4,5,2,1,1,1,3,14,-7,28.0,1,2015-16
22015,101135,David Lee,1610612738,BOS,Boston Celtics,0021500129,2015-11-13,BOS vs. ATL,W,12,2,4,0.5,0,0,,0,0,,0,1,1,1,0,0,0,0,4,-4,6.7,1,2015-16
22015,202738,Isaiah Thomas,1610612738,BOS,Boston Celtics,0021500129,2015-11-13,BOS vs. ATL,W,34,8,18,0.444,4,9,0.444,3,4,0.75,0,5,5,10,2,0,2,3,23,22,48.0,1,2015-16
22015,203092,Tyler Zeller,1610612738,BOS,Boston Celtics,0021500129,2015-11-13,BOS vs. ATL,W,6,2,2,1.0,0,0,,1,1,1.0,0,2,2,1,0,0,1,0,5,4,7.9,1,2015-16
22015,203096,Jared Sullinger,1610612738,BOS,Boston Celtics,0021500129,2015-11-13,BOS vs. ATL,W,24,5,11,0.455,0,1,0.0,0,0,,3,7,10,2,1,1,1,2,10,11,30.0,1,2015-16
22015,203482,Kelly Olynyk,1610612738,BOS,Boston Celtics,0021500129,2015-11-13,BOS vs. ATL,W,17,6,13,0.462,3,6,0.5,0,0,,1,2,3,1,0,2,0,1,15,-2,26.1,1,2015-16
22015,2210,Richard Jefferson,1610612739,CLE,Cleveland Cavaliers,0021500130,2015-11-13,CLE @ NYK,W,19,0,2,0.0,0,2,0.0,0,0,,0,1,1,0,1,0,0,3,0,-7,4.2,1,2015-16
22015,2590,Mo Williams,1610612739,CLE,Cleveland Cavaliers,0021500130,2015-11-13,CLE @ NYK,W,32,7,13,0.538,2,6,0.333,4,4,1.0,0,2,2,3,0,0,3,2,20,7,23.9,1,2015-16
22015,2592,James Jones,1610612739,CLE,Cleveland Cavaliers,0021500130,2015-11-13,CLE @ NYK,W,10,0,2,0.0,0,2,0.0,0,0,,0,3,3,0,0,0,0,3,0,4,3.6,1,2015-16
22015,202389,Timofey Mozgov,1610612739,CLE,Cleveland Cavaliers,0021500130,2015-11-13,CLE @ NYK,W,27,4,5,0.8,0,0,,3,5,0.6,1,6,7,0,1,0,1,1,11,-2,21.4,1,2015-16
22015,203521,Matthew Dellavedova,1610612739,CLE,Cleveland Cavaliers,0021500130,2015-11-13,CLE @ NYK,W,28,4,8,0.5,1,4,0.25,0,0,,0,4,4,0,0,0,0,2,9,13,13.8,1,2015-16
22015,201569,Eric Gordon,1610612740,NOP,New Orleans Pelicans,0021500131,2015-11-13,NOP @ TOR,L,36,11,22,0.5,4,11,0.364,4,5,0.8,1,2,3,1,1,0,3,2,30,-22,35.1,1,2015-16
22015,201582,Alexis Ajinca,1610612740,NOP,New Orleans Pelicans,0021500131,2015-11-13,NOP @ TOR,L,24,5,9,0.556,0,0,,0,0,,2,7,9,0,1,0,1,5,10,-4,22.8,1,2015-16
22015,201600,Omer Asik,1610612740,NOP,New Orleans Pelicans,0021500131,2015-11-13,NOP @ TOR,L,24,0,3,0.0,0,0,,2,4,0.5,2,5,7,0,1,2,3,1,2,-15,16.4,1,2015-16
22015,202710,Jimmy Butler III,1610612741,CHI,Chicago Bulls,0021500132,2015-11-13,CHI vs. CHA,W,38,8,16,0.5,0,4,0.0,11,14,0.786,0,5,5,4,1,1,4,1,27,-4,41.0,1,2015-16
22015,2734,Devin Harris,1610612742,DAL,Dallas Mavericks,0021500135,2015-11-13,DAL vs. LAL,W,24,2,9,0.222,1,4,0.25,4,6,0.667,0,3,3,4,0,2,0,1,9,20,24.6,1,2015-16
22015,201589,Darrell Arthur,1610612743,DEN,Denver Nuggets,0021500136,2015-11-13,DEN vs. HOU,W,12,0,2,0.0,0,0,,0,0,,0,3,3,1,1,0,0,2,0,9,8.1,1,2015-16
22015,203999,Nikola Jokić,1610612743,DEN,Denver Nuggets,0021500136,2015-11-13,DEN vs. HOU,W,6,1,3,0.333,0,1,0.0,1,2,0.5,2,3,5,0,0,0,1,2,3,5,8.0,1,2015-16
22015,201951,Ty Lawson,1610612745,HOU,Houston Rockets,0021500136,2015-11-13,HOU @ DEN,L,34,0,7,0.0,0,2,0.0,0,0,,0,0,0,7,1,1,1,2,0,-7,15.5,1,2015-16
22015,203944,Julius Randle,1610612747,LAL,Los Angeles Lakers,0021500135,2015-11-13,LAL @ DAL,L,30,2,9,0.222,0,0,,2,2,1.0,0,10,10,2,1,1,4,5,6,-5,23.0,1,2015-16
22015,708,Kevin Garnett,1610612750,MIN,Minnesota Timberwolves,0021500127,2015-11-13,MIN @ IND,L,15,1,3,0.333,0,0,,0,0,,0,2,2,0,0,0,2,0,2,-14,2.4,1,2015-16
22015,2755,Kevin Martin,1610612750,MIN,Minnesota Timberwolves,0021500127,2015-11-13,MIN @ IND,L,13,0,4,0.0,0,2,0.0,2,2,1.0,0,1,1,1,0,0,1,2,2,-5,3.7,1,2015-16
22015,1626157,Karl-Anthony Towns,1610612750,MIN,Minnesota Timberwolves,0021500127,2015-11-13,MIN @ IND,L,27,5,9,0.556,0,0,,2,2,1.0,2,7,9,1,1,0,0,0,12,-7,27.3,1,2015-16
22015,2207,Joe Johnson,1610612751,BKN,Brooklyn Nets,0021500137,2015-11-13,BKN @ SAC,L,35,6,16,0.375,2,8,0.25,0,1,0.0,0,3,3,4,0,0,2,1,14,7,21.6,1,2015-16
22015,101127,Jarrett Jack,1610612751,BKN,Brooklyn Nets,0021500137,2015-11-13,BKN @ SAC,L,33,5,10,0.5,1,3,0.333,10,11,0.909,0,1,1,12,1,0,1,1,21,1,42.2,1,2015-16
22015,1626178,Rondae Hollis-Jefferson,1610612751,BKN,Brooklyn Nets,0021500137,2015-11-13,BKN @ SAC,L,17,2,3,0.667,0,0,,0,0,,1,6,7,1,0,0,1,3,4,-2,12.9,1,2015-16
22015,2546,Carmelo Anthony,1610612752,NYK,New York Knicks,0021500130,2015-11-13,NYK vs. CLE,L,36,9,20,0.45,4,8,0.5,4,4,1.0,1,4,5,4,0,1,1,3,26,1,40.0,1,2015-16
22015,200811,Lou Amundson,1610612752,NYK,New York Knicks,0021500130,2015-11-13,NYK vs. CLE,L,20,0,1,0.0,0,0,,1,2,0.5,2,4,6,0,0,2,1,2,1,1,13.2,1,2015-16
22015,203124,Kyle O'Quinn,1610612752,NYK,New York Knicks,0021500130,2015-11-13,NYK vs. CLE,L,3,0,1,0.0,0,0,,0,0,,0,0,0,0,0,0,1,2,0,-6,-1.0,1,2015-16
22015,203094,Andrew Nicholson,1610612753,ORL,Orlando Magic,0021500128,2015-11-13,ORL vs. UTA,W,3,0,1,0.0,0,1,0.0,0,0,,0,0,0,0,0,1,0,1,0,-9,3.0,1,2015-16
22015,203894,Shabazz Napier,1610612753,ORL,Orlando Magic,0021500128,2015-11-13,ORL vs. UTA,W,18,1,4,0.25,0,1,0.0,0,0,,0,1,1,0,2,0,4,2,2,-4,5.2,1,2015-16
22015,101139,CJ Miles,1610612754,IND,Indiana Pacers,0021500127,2015-11-13,IND vs. MIN,W,21,3,10,0.3,1,6,0.167,1,2,0.5,0,0,0,1,0,2,2,0,8,-14,13.5,1,2015-16
22015,201941,Jordan Hill,1610612754,IND,Indiana Pacers,0021500127,2015-11-13,IND vs. MIN,W,16,2,5,0.4,0,0,,1,1,1.0,4,3,7,1,0,0,3,0,5,-1,11.9,1,2015-16
22015,202730,Lavoy Allen,1610612754,IND,Indiana Pacers,0021500127,2015-11-13,IND vs. MIN,W,28,3,7,0.429,0,0,,0,0,,2,4,6,1,2,0,0,2,6,21,20.7,1,2015-16
22015,203477,Isaiah Canaan,1610612755,PHI,Philadelphia 76ers,0021500134,2015-11-13,PHI @ OKC,L,15,0,4,0.0,0,1,0.0,2,3,0.667,0,1,1,2,2,0,0,1,2,2,12.2,1,2015-16
22015,1626174,Christian Wood,1610612755,PHI,Philadelphia 76ers,0021500134,2015-11-13,PHI @ OKC,L,19,5,7,0.714,1,1,1.0,4,5,0.8,4,4,8,0,1,2,0,1,15,1,33.6,1,2015-16
22015,202329,Al-Farouq Aminu,1610612757,POR,Portland Trail Blazers,0021500133,2015-11-13,POR @ MEM,L,34,4,11,0.364,2,6,0.333,6,6,1.0,1,7,8,1,1,3,2,4,16,9,37.1,1,2015-16
22015,203486,Mason Plumlee,1610612757,POR,Portland Trail Blazers,0021500133,2015-11-13,POR @ MEM,L,30,1,3,0.333,0,0,,3,4,0.75,2,5,7,1,2,1,2,5,5,0,21.9,1,2015-16
22015,2406,Caron Butler,1610612758,SAC,Sacramento Kings,0021500137,2015-11-13,SAC vs. BKN,W,19,2,5,0.4,1,3,0.333,0,0,,1,3,4,2,2,0,1,0,5,-16,17.8,1,2015-16
22015,201158,Marco Belinelli,1610612758,SAC,Sacramento Kings,0021500137,2015-11-13,SAC vs. BKN,W,31,5,14,0.357,2,6,0.333,2,2,1.0,0,2,2,4,2,0,3,1,14,11,25.4,1,2015-16
22015,203552,Seth Curry,1610612758,SAC,Sacramento Kings,0021500137,2015-11-13,SAC vs. BKN,W,4,0,2,0.0,0,1,0.0,0,0,,0,0,0,0,0,0,0,0,0,-4,0.0,1,2015-16
22015,201566,Russell Westbrook,1610612760,OKC,Oklahoma City Thunder,0021500134,2015-11-13,OKC vs. PHI,W,35,8,22,0.364,2,6,0.333,3,4,0.75,4,13,17,11,3,0,6,1,21,16,60.9,1,2015-16
22015,201586,Serge Ibaka,1610612760,OKC,Oklahoma City Thunder,0021500134,2015-11-13,OKC vs. PHI,W,29,4,12,0.333,1,1,1.0,2,2,1.0,0,7,7,2,1,7,0,3,11,6,46.4,1,2015-16
22015,203461,Anthony Bennett,1610612761,TOR,Toronto Raptors,0021500131,2015-11-13,TOR vs. NOP,W,2,0,1,0.0,0,0,,0,0,,0,1,1,0,0,0,1,0,0,-2,0.2,1,2015-16
22015,202344,Trevor Booker,1610612762,UTA,Utah Jazz,0021500128,2015-11-13,UTA @ ORL,L,26,3,9,0.333,0,2,0.0,0,0,,3,4,7,1,4,1,2,3,6,-11,28.9,1,2015-16
22015,203187,Chris Johnson,1610612762,UTA,Utah Jazz,0021500128,2015-11-13,UTA @ ORL,L,20,1,8,0.125,1,4,0.25,1,2,0.5,1,4,5,1,0,0,2,3,4,18,9.5,1,2015-16
22015,201188,Marc Gasol,1610612763,MEM,Memphis Grizzlies,0021500133,2015-11-13,MEM vs. POR,W,41,11,18,0.611,1,1,1.0,8,8,1.0,1,3,4,5,0,0,0,2,31,0,43.3,1,2015-16
22015,202689,Kemba Walker,1610612766,CHA,Charlotte Hornets,0021500132,2015-11-13,CHA @ CHI,L,37,5,18,0.278,1,4,0.25,2,2,1.0,1,8,9,7,3,2,2,1,13,9,47.3,1,2015-16
22015,202714,Shelvin Mack,1610612737,ATL,Atlanta Hawks,0021500129,2015-11-13,ATL @ BOS,L,1,0,0,,0,0,,0,0,,0,0,0,0,0,0,0,0,0,0,0.0,1,2015-16
22015,203145,Kent Bazemore,1610612737,ATL,Atlanta Hawks,0021500129,2015-11-13,ATL @ BOS,L,28,6,13,0.462,0,3,0.0,0,0,,0,2,2,2,0,0,2,2,12,-16,15.4,1,2015-16
22015,101161,Amir Johnson,1610612738,BOS,Boston Celtics,0021500129,2015-11-13,BOS vs. ATL,W,36,7,13,0.538,1,3,0.333,2,2,1.0,3,5,8,4,3,3,1,3,17,17,49.6,1,2015-16
22015,201973,Jonas Jerebko,1610612738,BOS,Boston Celtics,0021500129,2015-11-13,BOS vs. ATL,W,12,1,3,0.333,0,0,,2,2,1.0,2,1,3,0,0,0,1,2,4,-8,6.6,1,2015-16
22015,1626154,RJ Hunter,1610612738,BOS,Boston Celtics,0021500129,2015-11-13,BOS vs. ATL,W,7,1,3,0.333,1,1,1.0,0,0,,0,2,2,0,0,0,0,1,3,-2,5.4,1,2015-16
22015,2544,LeBron James,1610612739,CLE,Cleveland Cavaliers,0021500130,2015-11-13,CLE @ NYK,W,39,12,21,0.571,0,2,0.0,7,10,0.7,0,3,3,6,2,1,3,4,31,17,49.6,1,2015-16
22015,2760,Anderson Varejao,1610612739,CLE,Cleveland Cavaliers,0021500130,2015-11-13,CLE @ NYK,W,3,0,3,0.0,0,0,,0,0,,2,1,3,0,0,0,0,0,0,-5,3.6,1,2015-16
22015,202684,Tristan Thompson,1610612739,CLE,Cleveland Cavaliers,0021500130,2015-11-13,CLE @ NYK,W,21,1,4,0.25,0,0,,2,6,0.333,2,8,10,1,1,0,1,1,4,9,19.5,1,2015-16
22015,201583,Ryan Anderson,1610612740,NOP,New Orleans Pelicans,0021500131,2015-11-13,NOP @ TOR,L,33,2,9,0.222,0,3,0.0,1,2,0.5,0,6,6,2,0,0,1,0,5,-19,14.2,1,2015-16
22015,201950,Jrue Holiday,1610612740,NOP,New Orleans Pelicans,0021500131,2015-11-13,NOP @ TOR,L,21,8,14,0.571,2,4,0.5,1,2,0.5,0,0,0,3,2,0,2,1,19,-14,27.5,1,2015-16
22015,202337,Luke Babbitt,1610612740,NOP,New Orleans Pelicans,0021500131,2015-11-13,NOP @ TOR,L,17,1,2,0.5,0,0,,2,3,0.667,1,1,2,0,0,0,0,4,4,5,6.4,1,2015-16
22015,202690,Jimmer Fredette,1610612740,NOP,New Orleans Pelicans,0021500131,2015-11-13,NOP @ TOR,L,2,0,1,0.0,0,0,,0,0,,0,0,0,0,0,0,0,0,0,2,0.0,1,2015-16
22015,201149,Joakim Noah,1610612741,CHI,Chicago Bulls,0021500132,2015-11-13,CHI vs. CHA,W,23,1,4,0.25,0,0,,1,2,0.5,7,11,18,6,1,1,0,3,3,12,39.6,1,2015-16
22015,201565,Derrick Rose,1610612741,CHI,Chicago Bulls,0021500132,2015-11-13,CHI vs. CHA,W,35,4,14,0.286,0,2,0.0,2,2,1.0,0,1,1,8,1,1,3,2,10,-2,26.2,1,2015-16
22015,201959,Taj Gibson,1610612741,CHI,Chicago Bulls,0021500132,2015-11-13,CHI vs. CHA,W,23,6,10,0.6,0,0,,0,0,,0,2,2,1,0,0,0,1,12,12,15.9,1,2015-16
22015,2585,Zaza Pachulia,1610612742,DAL,Dallas Mavericks,0021500135,2015-11-13,DAL vs. LAL,W,31,5,7,0.714,0,0,,8,11,0.727,3,13,16,2,0,0,2,3,18,2,38.2,1,2015-16
22015,101109,Raymond Felton,1610612742,DAL,Dallas Mavericks,0021500135,2015-11-13,DAL vs. LAL,W,23,2,6,0.333,0,1,0.0,2,2,1.0,1,2,3,1,2,1,0,1,6,9,20.1,1,2015-16
22015,101111,Charlie Villanueva,1610612742,DAL,Dallas Mavericks,0021500135,2015-11-13,DAL vs. LAL,W,14,2,6,0.333,2,6,0.333,0,0,,0,3,3,1,0,0,1,0,6,8,10.1,1,2015-16
22015,101114,Deron Williams,1610612742,DAL,Dallas Mavericks,0021500135,2015-11-13,DAL vs. LAL,W,33,5,13,0.385,0,2,0.0,3,3,1.0,0,0,0,7,3,0,5,1,13,8,27.5,1,2015-16
22015,202718,Chandler Parsons,1610612742,DAL,Dallas Mavericks,0021500135,2015-11-13,DAL vs. LAL,W,18,4,6,0.667,1,2,0.5,0,0,,1,2,3,0,1,0,2,2,9,-1,13.6,1,2015-16
22015,2772,Trevor Ariza,1610612745,HOU,Houston Rockets,0021500136,2015-11-13,HOU @ DEN,L,38,4,12,0.333,2,7,0.286,3,4,0.75,0,3,3,3,2,0,1,2,13,3,26.1,1,2015-16
22015,201935,James Harden,1610612745,HOU,Houston Rockets,0021500136,2015-11-13,HOU @ DEN,L,38,9,19,0.474,1,5,0.2,9,11,0.818,0,8,8,5,3,2,4,4,28,-9,56.1,1,2015-16
22015,203093,Terrence Jones,1610612745,HOU,Houston Rockets,0021500136,2015-11-13,HOU @ DEN,L,21,9,12,0.75,3,4,0.75,2,2,1.0,4,3,7,0,0,4,2,1,23,3,41.4,1,2015-16
22015,203991,Clint Capela,1610612745,HOU,Houston Rockets,0021500136,2015-11-13,HOU @ DEN,L,13,1,2,0.5,0,0,,2,4,0.5,0,3,3,0,1,0,0,0,4,1,10.6,1,2015-16
22015,977,Kobe Bryant,1610612747,LAL,Los Angeles Lakers,0021500135,2015-11-13,LAL @ DAL,L,32,7,15,0.467,3,8,0.375,2,2,1.0,0,5,5,3,0,0,6,2,19,7,23.5,1,2015-16
22015,201579,Roy Hibbert,1610612747,LAL,Los Angeles Lakers,0021500135,2015-11-13,LAL @ DAL,L,30,1,5,0.2,0,1,0.0,6,6,1.0,3,6,9,2,1,2,2,6,8,0,28.8,1,2015-16
22015,203903,Jordan Clarkson,1610612747,LAL,Los Angeles Lakers,0021500135,2015-11-13,LAL @ DAL,L,31,9,18,0.5,3,5,0.6,0,0,,2,2,4,1,3,1,0,2,21,4,39.3,1,2015-16
22015,202357,Nemanja Bjelica,1610612750,MIN,Minnesota Timberwolves,0021500127,2015-11-13,MIN @ IND,L,25,4,8,0.5,2,5,0.4,0,0,,0,2,2,1,1,0,1,4,10,-2,15.9,1,2015-16
22015,203499,Shane Larkin,1610612751,BKN,Brooklyn Nets,0021500137,2015-11-13,BKN @ SAC,L,15,3,4,0.75,2,2,1.0,0,0,,0,2,2,3,2,0,2,2,8,-3,18.9,1,2015-16
22015,201167,Arron Afflalo,1610612752,NYK,New York Knicks,0021500130,2015-11-13,NYK vs. CLE,L,30,6,13,0.462,1,4,0.25,1,1,1.0,0,3,3,4,0,0,0,3,14,-2,23.6,1,2015-16
22015,1626170,Jerian Grant,1610612752,NYK,New York Knicks,0021500130,2015-11-13,NYK vs. CLE,L,15,0,5,0.0,0,2,0.0,6,6,1.0,0,4,4,1,0,0,1,1,6,3,11.3,1,2015-16
22015,203906,Devyn Marble,1610612753,ORL,Orlando Magic,0021500128,2015-11-13,ORL vs. UTA,W,1,0,0,,0,0,,0,0,,0,0,0,0,0,0,0,1,0,-5,0.0,1,2015-16
22015,203932,Aaron Gordon,1610612753,ORL,Orlando Magic,0021500128,2015-11-13,ORL vs. UTA,W,27,3,9,0.333,0,1,0.0,4,5,0.8,3,2,5,3,1,4,0,4,10,-11,35.5,1,2015-16
22015,203515,Phil Pressey,1610612755,PHI,Philadelphia 76ers,0021500134,2015-11-13,PHI @ OKC,L,10,0,3,0.0,0,1,0.0,0,0,,0,0,0,1,1,0,1,0,0,0,3.5,1,2015-16
22015,203960,JaKarr Sampson,1610612755,PHI,Philadelphia 76ers,0021500134,2015-11-13,PHI @ OKC,L,19,5,8,0.625,0,1,0.0,1,2,0.5,0,2,2,1,1,0,0,2,11,0,17.9,1,2015-16
22015,201585,Kosta Koufos,1610612758,SAC,Sacramento Kings,0021500137,2015-11-13,SAC vs. BKN,W,19,2,7,0.286,0,0,,1,1,1.0,4,3,7,0,1,1,1,4,5,-1,18.4,1,2015-16
22015,203463,Ben McLemore,1610612758,SAC,Sacramento Kings,0021500137,2015-11-13,SAC vs. BKN,W,25,5,8,0.625,3,4,0.75,2,2,1.0,1,0,1,3,1,0,1,2,15,2,22.7,1,2015-16
22015,2555,Nick Collison,1610612760,OKC,Oklahoma City Thunder,0021500134,2015-11-13,OKC vs. PHI,W,19,3,6,0.5,0,1,0.0,0,0,,4,4,8,2,0,1,2,4,6,12,19.6,1,2015-16
22015,202683,Enes Freedom,1610612760,OKC,Oklahoma City Thunder,0021500134,2015-11-13,OKC vs. PHI,W,19,6,11,0.545,0,0,,1,2,0.5,4,4,8,0,0,1,1,1,13,2,24.6,1,2015-16
22015,1626166,Cameron Payne,1610612760,OKC,Oklahoma City Thunder,0021500134,2015-11-13,OKC vs. PHI,W,2,0,0,,0,0,,0,0,,0,0,0,0,0,0,1,0,0,-4,-1.0,1,2015-16
22015,200768,Kyle Lowry,1610612761,TOR,Toronto Raptors,0021500131,2015-11-13,TOR vs. NOP,W,35,4,13,0.308,4,8,0.5,8,8,1.0,0,6,6,5,4,1,2,1,20,9,47.7,1,2015-16
22015,201942,DeMar DeRozan,1610612761,TOR,Toronto Raptors,0021500131,2015-11-13,TOR vs. NOP,W,35,5,12,0.417,0,1,0.0,5,6,0.833,0,6,6,11,1,0,2,1,15,20,39.7,1,2015-16
22015,202709,Cory Joseph,1610612761,TOR,Toronto Raptors,0021500131,2015-11-13,TOR vs. NOP,W,29,3,7,0.429,1,2,0.5,2,2,1.0,1,2,3,2,1,1,2,2,9,11,19.6,1,2015-16
22015,202330,Gordon Hayward,1610612762,UTA,Utah Jazz,0021500128,2015-11-13,UTA @ ORL,L,30,6,14,0.429,1,4,0.25,3,4,0.75,1,3,4,5,1,0,3,2,16,-17,28.3,1,2015-16
22015,2216,Zach Randolph,1610612763,MEM,Memphis Grizzlies,0021500133,2015-11-13,MEM vs. POR,W,29,6,16,0.375,0,0,,3,4,0.75,4,4,8,3,2,0,3,2,15,-10,32.1,1,2015-16
22015,2744,Al Jefferson,1610612766,CHA,Charlotte Hornets,0021500132,2015-11-13,CHA @ CHI,L,31,3,9,0.333,0,0,,0,0,,0,5,5,5,1,0,0,4,6,10,22.5,1,2015-16
22015,200794,Paul Millsap,1610612737,ATL,Atlanta Hawks,0021500129,2015-11-13,ATL @ BOS,L,32,5,10,0.5,1,3,0.333,3,4,0.75,1,7,8,2,0,0,6,3,14,-17,20.6,1,2015-16
22015,201143,Al Horford,1610612737,ATL,Atlanta Hawks,0021500129,2015-11-13,ATL @ BOS,L,32,6,11,0.545,1,2,0.5,0,0,,1,5,6,8,1,2,0,3,13,-2,41.2,1,2015-16
22015,201952,Jeff Teague,1610612737,ATL,Atlanta Hawks,0021500129,2015-11-13,ATL @ BOS,L,25,2,6,0.333,0,0,,2,2,1.0,1,3,4,3,0,0,3,1,6,-13,12.3,1,2015-16
22015,203118,Mike Scott,1610612737,ATL,Atlanta Hawks,0021500129,2015-11-13,ATL @ BOS,L,12,1,4,0.25,0,1,0.0,0,0,,0,1,1,1,1,0,0,1,2,-7,7.7,1,2015-16
22015,203471,Dennis Schröder,1610612737,ATL,Atlanta Hawks,0021500129,2015-11-13,ATL @ BOS,L,24,3,10,0.3,0,3,0.0,4,5,0.8,0,2,2,7,0,0,2,1,10,0,20.9,1,2015-16
22015,203488,Mike Muscala,1610612737,ATL,Atlanta Hawks,0021500129,2015-11-13,ATL @ BOS,L,6,1,1,1.0,0,0,,5,7,0.714,0,0,0,1,0,0,0,0,7,8,8.5,1,2015-16
22015,203109,Jae Crowder,1610612738,BOS,Boston Celtics,0021500129,2015-11-13,BOS vs. ATL,W,38,6,15,0.4,1,5,0.2,2,2,1.0,6,2,8,1,4,1,0,2,15,19,41.1,1,2015-16
22015,202734,E'Twaun Moore,1610612741,CHI,Chicago Bulls,0021500132,2015-11-13,CHI vs. CHA,W,23,5,6,0.833,1,1,1.0,0,0,,0,5,5,0,0,0,0,2,11,10,17.0,1,2015-16
22015,1717,Dirk Nowitzki,1610612742,DAL,Dallas Mavericks,0021500135,2015-11-13,DAL vs. LAL,W,29,4,13,0.308,1,3,0.333,0,1,0.0,0,5,5,1,0,1,1,4,9,-14,18.5,1,2015-16
22015,200826,J.J. Barea,1610612742,DAL,Dallas Mavericks,0021500135,2015-11-13,DAL vs. LAL,W,13,0,4,0.0,0,3,0.0,0,0,,1,0,1,0,0,0,2,0,0,-3,-0.8,1,2015-16
22015,200751,Randy Foye,1610612743,DEN,Denver Nuggets,0021500136,2015-11-13,DEN vs. HOU,W,26,3,6,0.5,1,4,0.25,2,4,0.5,0,1,1,3,2,0,0,1,9,0,20.7,1,2015-16
22015,203123,Kostas Papanikolaou,1610612743,DEN,Denver Nuggets,0021500136,2015-11-13,DEN vs. HOU,W,4,0,1,0.0,0,1,0.0,0,0,,0,1,1,0,0,0,1,0,0,-4,0.2,1,2015-16
22015,2730,Dwight Howard,1610612745,HOU,Houston Rockets,0021500136,2015-11-13,HOU @ DEN,L,28,4,6,0.667,0,0,,4,6,0.667,3,7,10,1,1,1,6,5,12,-6,25.5,1,2015-16
22015,201147,Corey Brewer,1610612745,HOU,Houston Rockets,0021500136,2015-11-13,HOU @ DEN,L,14,0,2,0.0,0,0,,0,0,,0,3,3,1,0,0,1,4,0,-8,4.1,1,2015-16
22015,1897,Metta World Peace,1610612747,LAL,Los Angeles Lakers,0021500135,2015-11-13,LAL @ DAL,L,18,0,9,0.0,0,4,0.0,0,0,,0,3,3,0,1,0,0,3,0,-9,6.6,1,2015-16
22015,1626156,D'Angelo Russell,1610612747,LAL,Los Angeles Lakers,0021500135,2015-11-13,LAL @ DAL,L,24,3,7,0.429,2,4,0.5,1,2,0.5,1,5,6,5,1,0,1,3,9,2,25.7,1,2015-16
22015,203498,Shabazz Muhammad,1610612750,MIN,Minnesota Timberwolves,0021500127,2015-11-13,MIN @ IND,L,19,4,8,0.5,0,2,0.0,1,1,1.0,2,2,4,1,0,0,2,2,9,3,13.3,1,2015-16
22015,203952,Andrew Wiggins,1610612750,MIN,Minnesota Timberwolves,0021500127,2015-11-13,MIN @ IND,L,42,10,19,0.526,1,4,0.25,5,6,0.833,0,2,2,2,0,0,3,3,26,1,28.4,1,2015-16
22015,201152,Thaddeus Young,1610612751,BKN,Brooklyn Nets,0021500137,2015-11-13,BKN @ SAC,L,30,8,13,0.615,0,1,0.0,0,0,,1,8,9,1,2,0,2,3,16,1,32.3,1,2015-16
22015,201572,Brook Lopez,1610612751,BKN,Brooklyn Nets,0021500137,2015-11-13,BKN @ SAC,L,36,5,15,0.333,0,0,,7,8,0.875,4,6,10,1,0,4,3,5,17,6,39.5,1,2015-16
22015,203080,Thomas Robinson,1610612751,BKN,Brooklyn Nets,0021500137,2015-11-13,BKN @ SAC,L,12,2,2,1.0,0,0,,0,1,0.0,2,3,5,0,0,0,2,4,4,-6,8.0,1,2015-16
22015,204038,Langston Galloway,1610612752,NYK,New York Knicks,0021500130,2015-11-13,NYK vs. CLE,L,29,3,9,0.333,1,4,0.25,0,0,,1,5,6,2,1,0,1,5,7,1,19.2,1,2015-16
22015,202699,Tobias Harris,1610612753,ORL,Orlando Magic,0021500128,2015-11-13,ORL vs. UTA,W,40,4,9,0.444,3,6,0.5,8,8,1.0,2,11,13,3,3,1,2,2,19,10,49.1,1,2015-16
22015,203473,Dewayne Dedmon,1610612753,ORL,Orlando Magic,0021500128,2015-11-13,ORL vs. UTA,W,16,2,5,0.4,0,0,,0,0,,1,3,4,0,0,3,2,2,4,-2,15.8,1,2015-16
22015,101133,Ian Mahinmi,1610612754,IND,Indiana Pacers,0021500127,2015-11-13,IND vs. MIN,W,31,6,11,0.545,0,0,,0,4,0.0,4,5,9,1,1,0,0,1,12,2,27.3,1,2015-16
22015,101145,Monta Ellis,1610612754,IND,Indiana Pacers,0021500127,2015-11-13,IND vs. MIN,W,37,11,17,0.647,1,4,0.25,1,2,0.5,1,2,3,5,2,1,2,2,24,7,42.1,1,2015-16
22015,201588,George Hill,1610612754,IND,Indiana Pacers,0021500127,2015-11-13,IND vs. MIN,W,32,2,7,0.286,2,5,0.4,0,0,,1,0,1,4,2,0,2,1,6,-5,17.2,1,2015-16
22015,203922,Glenn Robinson III,1610612754,IND,Indiana Pacers,0021500127,2015-11-13,IND vs. MIN,W,21,4,8,0.5,1,3,0.333,2,3,0.667,0,5,5,1,0,1,1,0,11,6,20.5,1,2015-16
22015,201945,Gerald Henderson,1610612757,POR,Portland Trail Blazers,0021500133,2015-11-13,POR @ MEM,L,13,2,5,0.4,1,2,0.5,0,0,,0,1,1,0,0,0,2,0,5,-2,4.2,1,2015-16
22015,203943,Noah Vonleh,1610612757,POR,Portland Trail Blazers,0021500133,2015-11-13,POR @ MEM,L,7,0,0,,0,0,,0,0,,0,0,0,0,0,0,0,2,0,-6,0.0,1,2015-16
22015,202326,DeMarcus Cousins,1610612758,SAC,Sacramento Kings,0021500137,2015-11-13,SAC vs. BKN,W,34,13,27,0.481,2,4,0.5,12,13,0.923,6,7,13,1,0,1,1,6,40,-1,59.1,1,2015-16
22015,203112,Quincy Acy,1610612758,SAC,Sacramento Kings,0021500137,2015-11-13,SAC vs. BKN,W,19,1,2,0.5,0,0,,1,2,0.5,0,1,1,0,2,0,1,0,3,13,9.2,1,2015-16
22015,203956,Mitch McGary,1610612760,OKC,Oklahoma City Thunder,0021500134,2015-11-13,OKC vs. PHI,W,2,0,0,,0,0,,1,2,0.5,0,0,0,1,0,0,0,0,1,-4,2.5,1,2015-16
22015,202685,Jonas Valančiūnas,1610612761,TOR,Toronto Raptors,0021500131,2015-11-13,TOR vs. NOP,W,28,8,11,0.727,0,0,,4,6,0.667,6,4,10,0,0,2,4,3,20,16,34.0,1,2015-16
22015,1626181,Norman Powell,1610612761,TOR,Toronto Raptors,0021500131,2015-11-13,TOR vs. NOP,W,11,0,2,0.0,0,0,,0,0,,0,3,3,0,1,0,0,2,0,0,6.6,1,2015-16
22015,202353,Tibor Pleiss,1610612762,UTA,Utah Jazz,0021500128,2015-11-13,UTA @ ORL,L,10,1,3,0.333,0,0,,0,0,,0,0,0,0,0,1,1,2,2,-6,4.0,1,2015-16
22015,204060,Joe Ingles,1610612762,UTA,Utah Jazz,0021500128,2015-11-13,UTA @ ORL,L,8,2,2,1.0,2,2,1.0,0,0,,0,0,0,0,2,0,1,2,6,1,11.0,1,2015-16
22015,2754,Tony Allen,1610612763,MEM,Memphis Grizzlies,0021500133,2015-11-13,MEM vs. POR,W,25,0,6,0.0,0,0,,0,2,0.0,3,4,7,0,1,0,1,3,0,-7,10.4,1,2015-16
22015,201587,Nicolas Batum,1610612766,CHA,Charlotte Hornets,0021500132,2015-11-13,CHA @ CHI,L,35,10,17,0.588,5,6,0.833,3,3,1.0,3,5,8,2,2,0,2,1,28,6,44.6,1,2015-16
22015,203798,PJ Hairston,1610612766,CHA,Charlotte Hornets,0021500132,2015-11-13,CHA @ CHI,L,15,2,4,0.5,2,4,0.5,0,0,,0,1,1,0,0,0,0,3,6,3,7.2,1,2015-16
22015,201168,Tiago Splitter,1610612737,ATL,Atlanta Hawks,0021500129,2015-11-13,ATL @ BOS,L,14,1,3,0.333,0,0,,1,2,0.5,1,2,3,0,0,0,0,0,3,-8,6.6,1,2015-16
22015,1626147,Justin Anderson,1610612742,DAL,Dallas Mavericks,0021500135,2015-11-13,DAL vs. LAL,W,3,1,1,1.0,0,0,,0,0,,0,0,0,0,0,0,0,1,2,-1,2.0,1,2015-16
22015,2034,Mike Miller,1610612743,DEN,Denver Nuggets,0021500136,2015-11-13,DEN vs. HOU,W,0,0,0,,0,0,,0,0,,0,0,0,0,0,0,0,0,0,2,0.0,1,2015-16
22015,202702,Kenneth Faried,1610612743,DEN,Denver Nuggets,0021500136,2015-11-13,DEN vs. HOU,W,30,6,16,0.375,0,0,,2,2,1.0,4,7,11,1,0,2,0,3,14,3,34.7,1,2015-16
22015,1626144,Emmanuel Mudiay,1610612743,DEN,Denver Nuggets,0021500136,2015-11-13,DEN vs. HOU,W,33,1,10,0.1,0,3,0.0,0,0,,1,3,4,11,2,2,9,2,2,7,26.3,1,2015-16
22015,101138,Brandon Bass,1610612747,LAL,Los Angeles Lakers,0021500135,2015-11-13,LAL @ DAL,L,18,3,6,0.5,0,1,0.0,1,1,1.0,7,3,10,1,1,3,4,2,7,-8,28.5,1,2015-16
22015,2419,Tayshaun Prince,1610612750,MIN,Minnesota Timberwolves,0021500127,2015-11-13,MIN @ IND,L,19,2,3,0.667,0,0,,0,0,,0,1,1,1,0,0,0,0,4,-12,6.7,1,2015-16
22015,101181,Jose Calderon,1610612752,NYK,New York Knicks,0021500130,2015-11-13,NYK vs. CLE,L,22,4,5,0.8,2,2,1.0,0,0,,0,2,2,2,3,0,4,3,10,-12,20.4,1,2015-16
22015,202682,Derrick Williams,1610612752,NYK,New York Knicks,0021500130,2015-11-13,NYK vs. CLE,L,16,1,6,0.167,0,2,0.0,3,6,0.5,1,6,7,1,2,1,0,1,5,-7,23.9,1,2015-16
22015,204001,Kristaps Porziņģis,1610612752,NYK,New York Knicks,0021500130,2015-11-13,NYK vs. CLE,L,28,5,11,0.455,1,4,0.25,0,0,,3,4,7,1,0,0,1,1,11,1,19.9,1,2015-16
22015,202696,Nikola Vučević,1610612753,ORL,Orlando Magic,0021500128,2015-11-13,ORL vs. UTA,W,29,8,14,0.571,0,0,,0,0,,2,7,9,5,1,1,2,2,16,20,38.3,1,2015-16
22015,2549,Chris Kaman,1610612757,POR,Portland Trail Blazers,0021500133,2015-11-13,POR @ MEM,L,24,4,6,0.667,0,0,,0,0,,1,3,4,3,0,0,3,3,8,-10,14.3,1,2015-16
22015,203090,Maurice Harkless,1610612757,POR,Portland Trail Blazers,0021500133,2015-11-13,POR @ MEM,L,22,3,6,0.5,1,2,0.5,3,4,0.75,1,2,3,1,0,0,1,1,10,-1,14.1,1,2015-16
22015,203468,CJ McCollum,1610612757,POR,Portland Trail Blazers,0021500133,2015-11-13,POR @ MEM,L,36,7,14,0.5,2,5,0.4,10,10,1.0,0,6,6,2,0,2,8,3,26,-6,34.2,1,2015-16
22015,203079,Dion Waiters,1610612760,OKC,Oklahoma City Thunder,0021500134,2015-11-13,OKC vs. PHI,W,29,4,13,0.308,1,3,0.333,5,5,1.0,1,2,3,2,0,0,0,1,14,11,20.6,1,2015-16
22015,203500,Steven Adams,1610612760,OKC,Oklahoma City Thunder,0021500134,2015-11-13,OKC vs. PHI,W,26,3,6,0.5,0,0,,0,0,,1,1,2,0,1,3,0,5,6,19,20.4,1,2015-16
22015,202687,Bismack Biyombo,1610612761,TOR,Toronto Raptors,0021500131,2015-11-13,TOR vs. NOP,W,20,1,1,1.0,0,0,,4,4,1.0,1,8,9,0,0,0,1,0,6,3,15.8,1,2015-16
22015,202692,Alec Burks,1610612762,UTA,Utah Jazz,0021500128,2015-11-13,UTA @ ORL,L,25,2,13,0.154,1,4,0.25,6,6,1.0,2,0,2,1,1,0,1,2,11,-15,16.9,1,2015-16
22015,2440,Matt Barnes,1610612763,MEM,Memphis Grizzlies,0021500133,2015-11-13,MEM vs. POR,W,18,2,2,1.0,2,2,1.0,0,0,,0,3,3,0,1,0,0,4,6,2,12.6,1,2015-16
22015,201150,Spencer Hawes,1610612766,CHA,Charlotte Hornets,0021500132,2015-11-13,CHA @ CHI,L,17,1,5,0.2,0,1,0.0,0,0,,1,3,4,1,0,0,0,2,2,-15,8.3,1,2015-16
22015,203087,Jeremy Lamb,1610612766,CHA,Charlotte Hornets,0021500132,2015-11-13,CHA @ CHI,L,32,5,14,0.357,2,7,0.286,3,4,0.75,2,7,9,2,0,0,1,2,15,-12,27.8,1,2015-16
22015,203584,Troy Daniels,1610612766,CHA,Charlotte Hornets,0021500132,2015-11-13,CHA @ CHI,L,2,1,1,1.0,1,1,1.0,1,2,0.5,0,0,0,0,0,0,0,0,4,1,4.0,1,2015-16
22015,2544,LeBron James,1610612739,CLE,Cleveland Cavaliers,0021500141,2015-11-14,CLE @ MIL,L,45,13,27,0.481,5,11,0.455,6,12,0.5,4,8,12,5,1,3,7,3,37,-2,63.9,1,2015-16
22015,2592,James Jones,1610612739,CLE,Cleveland Cavaliers,0021500141,2015-11-14,CLE @ MIL,L,4,0,0,,0,0,,0,0,,0,0,0,0,0,0,0,0,0,-3,0.0,1,2015-16
22015,2747,JR Smith,1610612739,CLE,Cleveland Cavaliers,0021500141,2015-11-14,CLE @ MIL,L,51,4,14,0.286,2,8,0.25,0,0,,2,7,9,2,1,2,3,3,10,0,29.8,1,2015-16
22015,2585,Zaza Pachulia,1610612742,DAL,Dallas Mavericks,0021500140,2015-11-14,DAL @ HOU,W,30,4,6,0.667,0,0,,2,6,0.333,2,6,8,3,1,0,0,1,10,-3,27.1,1,2015-16
22015,200826,J.J. Barea,1610612742,DAL,Dallas Mavericks,0021500140,2015-11-14,DAL @ HOU,W,22,3,8,0.375,0,2,0.0,1,1,1.0,0,3,3,8,2,1,2,2,7,14,29.6,1,2015-16
22015,2749,Jameer Nelson,1610612743,DEN,Denver Nuggets,0021500143,2015-11-14,DEN @ PHX,L,26,2,11,0.182,0,5,0.0,2,2,1.0,0,0,0,1,0,0,1,2,6,-20,6.5,1,2015-16
22015,200751,Randy Foye,1610612743,DEN,Denver Nuggets,0021500143,2015-11-14,DEN @ PHX,L,23,4,13,0.308,0,4,0.0,0,0,,0,0,0,3,0,1,0,2,8,-18,15.5,1,2015-16
22015,201581,JJ Hickson,1610612743,DEN,Denver Nuggets,0021500143,2015-11-14,DEN @ PHX,L,18,0,2,0.0,0,0,,0,0,,0,4,4,0,0,0,1,1,0,-4,3.8,1,2015-16
22015,203115,Will Barton,1610612743,DEN,Denver Nuggets,0021500143,2015-11-14,DEN @ PHX,L,37,8,16,0.5,3,6,0.5,0,0,,1,11,12,4,2,1,1,1,19,-16,47.4,1,2015-16
22015,2733,Shaun Livingston,1610612744,GSW,Golden State Warriors,0021500144,2015-11-14,GSW vs. BKN,W,30,3,8,0.375,0,0,,0,0,,1,0,1,2,0,0,0,5,6,17,10.2,1,2015-16
22015,203546,Ian Clark,1610612744,GSW,Golden State Warriors,0021500144,2015-11-14,GSW vs. BKN,W,9,1,4,0.25,0,1,0.0,0,0,,0,0,0,0,0,0,0,1,2,5,2.0,1,2015-16
22015,201935,James Harden,1610612745,HOU,Houston Rockets,0021500140,2015-11-14,HOU vs. DAL,L,42,5,21,0.238,1,6,0.167,14,14,1.0,3,4,7,10,2,1,6,4,25,-12,51.4,1,2015-16
22015,201977,Marcus Thornton,1610612745,HOU,Houston Rockets,0021500140,2015-11-14,HOU vs. DAL,L,18,1,9,0.111,0,4,0.0,0,0,,0,5,5,0,0,0,0,0,2,-9,8.0,1,2015-16
22015,203093,Terrence Jones,1610612745,HOU,Houston Rockets,0021500140,2015-11-14,HOU vs. DAL,L,42,10,15,0.667,1,3,0.333,2,4,0.5,0,6,6,1,1,3,2,4,23,-10,41.7,1,2015-16
22015,203991,Clint Capela,1610612745,HOU,Houston Rockets,0021500140,2015-11-14,HOU vs. DAL,L,23,2,3,0.667,0,0,,3,6,0.5,4,6,10,1,1,0,0,1,7,-8,23.5,1,2015-16
22015,201933,Blake Griffin,1610612746,LAC,LA Clippers,0021500138,2015-11-14,LAC vs. DET,W,42,14,25,0.56,0,0,,6,10,0.6,4,4,8,9,2,1,2,4,34,-2,64.1,1,2015-16
22015,202325,Wesley Johnson,1610612746,LAC,LA Clippers,0021500138,2015-11-14,LAC vs. DET,W,13,0,2,0.0,0,1,0.0,0,0,,0,2,2,0,2,0,0,1,0,-1,8.4,1,2015-16
22015,202328,Greg Monroe,1610612749,MIL,Milwaukee Bucks,0021500141,2015-11-14,MIL vs. CLE,W,43,8,17,0.471,0,0,,0,0,,6,11,17,3,0,1,2,3,16,8,41.9,1,2015-16
22015,203948,Johnny O'Bryant III,1610612749,MIL,Milwaukee Bucks,0021500141,2015-11-14,MIL vs. CLE,W,5,0,2,0.0,0,0,,0,0,,0,0,0,0,0,0,0,1,0,1,0.0,1,2015-16
22015,203953,Jabari Parker,1610612749,MIL,Milwaukee Bucks,0021500141,2015-11-14,MIL vs. CLE,W,30,5,10,0.5,0,0,,2,2,1.0,0,3,3,1,0,0,1,2,12,-1,16.1,1,2015-16
22015,203901,Elfrid Payton,1610612753,ORL,Orlando Magic,0021500139,2015-11-14,ORL @ WAS,L,38,5,15,0.333,0,1,0.0,7,8,0.875,1,4,5,5,1,0,4,3,17,-12,29.5,1,2015-16
22015,203960,JaKarr Sampson,1610612755,PHI,Philadelphia 76ers,0021500142,2015-11-14,PHI @ SAS,L,15,3,7,0.429,1,2,0.5,2,2,1.0,1,1,2,0,0,0,1,3,9,-5,10.4,1,2015-16
22015,203928,Cory Jefferson,1610612756,PHX,Phoenix Suns,0021500143,2015-11-14,PHX vs. DEN,W,5,1,3,0.333,0,0,,0,2,0.0,1,1,2,0,0,0,0,1,2,-3,4.4,1,2015-16
22015,1495,Tim Duncan,1610612759,SAS,San Antonio Spurs,0021500142,2015-11-14,SAS vs. PHI,W,27,7,12,0.583,0,0,,1,3,0.333,1,3,4,2,1,4,1,2,15,17,36.8,1,2015-16
22015,2446,Rasual Butler,1610612759,SAS,San Antonio Spurs,0021500142,2015-11-14,SAS vs. PHI,W,16,1,4,0.25,1,4,0.25,0,0,,0,2,2,0,0,0,0,0,3,3,5.4,1,2015-16
22015,201980,Danny Green,1610612759,SAS,San Antonio Spurs,0021500142,2015-11-14,SAS vs. PHI,W,28,1,9,0.111,1,4,0.25,0,0,,0,5,5,2,0,0,0,1,3,9,12.0,1,2015-16
22015,203492,Ray McCallum,1610612759,SAS,San Antonio Spurs,0021500142,2015-11-14,SAS vs. PHI,W,13,4,5,0.8,0,0,,0,0,,0,3,3,0,0,0,1,0,8,-13,10.6,1,2015-16
22015,202322,John Wall,1610612764,WAS,Washington Wizards,0021500139,2015-11-14,WAS vs. ORL,W,35,5,14,0.357,1,5,0.2,4,6,0.667,0,3,3,11,1,1,4,2,15,9,37.1,1,2015-16
22015,203490,Otto Porter Jr.,1610612764,WAS,Washington Wizards,0021500139,2015-11-14,WAS vs. ORL,W,36,4,13,0.308,1,5,0.2,0,0,,0,10,10,4,4,1,1,3,9,20,41.0,1,2015-16
22015,1626169,Stanley Johnson,1610612765,DET,Detroit Pistons,0021500138,2015-11-14,DET @ LAC,L,21,4,8,0.5,1,4,0.25,0,0,,1,3,4,1,1,0,2,4,9,-11,16.3,1,2015-16
22015,2210,Richard Jefferson,1610612739,CLE,Cleveland Cavaliers,0021500141,2015-11-14,CLE @ MIL,L,39,5,10,0.5,3,6,0.5,1,3,0.333,1,2,3,0,1,0,1,4,14,-1,19.6,1,2015-16
22015,2760,Anderson Varejao,1610612739,CLE,Cleveland Cavaliers,0021500141,2015-11-14,CLE @ MIL,L,5,1,2,0.5,0,0,,0,0,,1,0,1,1,0,0,0,0,2,6,4.7,1,2015-16
22015,202684,Tristan Thompson,1610612739,CLE,Cleveland Cavaliers,0021500141,2015-11-14,CLE @ MIL,L,26,3,4,0.75,0,0,,0,0,,0,4,4,0,0,0,0,3,6,-7,10.8,1,2015-16
22015,203098,John Jenkins,1610612742,DAL,Dallas Mavericks,0021500140,2015-11-14,DAL @ HOU,W,12,2,8,0.25,1,4,0.25,0,0,,1,1,2,0,0,0,1,0,5,15,6.4,1,2015-16
22015,1626147,Justin Anderson,1610612742,DAL,Dallas Mavericks,0021500140,2015-11-14,DAL @ HOU,W,12,1,4,0.25,1,4,0.25,0,0,,0,1,1,0,0,0,2,0,3,5,2.2,1,2015-16
22015,201568,Danilo Gallinari,1610612743,DEN,Denver Nuggets,0021500143,2015-11-14,DEN @ PHX,L,24,2,12,0.167,1,5,0.2,3,3,1.0,2,2,4,2,0,1,0,4,8,-28,18.8,1,2015-16
22015,101106,Andrew Bogut,1610612744,GSW,Golden State Warriors,0021500144,2015-11-14,GSW vs. BKN,W,32,5,7,0.714,0,0,,0,0,,5,13,18,4,2,3,2,4,10,3,50.6,1,2015-16
22015,201951,Ty Lawson,1610612745,HOU,Houston Rockets,0021500140,2015-11-14,HOU vs. DAL,L,30,3,8,0.375,1,4,0.25,0,0,,1,2,3,5,1,0,2,1,7,-13,19.1,1,2015-16
22015,2037,Jamal Crawford,1610612746,LAC,LA Clippers,0021500138,2015-11-14,LAC vs. DET,W,41,12,27,0.444,3,7,0.429,10,10,1.0,1,5,6,8,0,1,3,4,37,21,56.2,1,2015-16
22015,203089,John Henson,1610612749,MIL,Milwaukee Bucks,0021500141,2015-11-14,MIL vs. CLE,W,21,3,5,0.6,0,0,,0,2,0.0,4,2,6,1,1,3,1,3,6,-8,25.7,1,2015-16
22015,2207,Joe Johnson,1610612751,BKN,Brooklyn Nets,0021500144,2015-11-14,BKN @ GSW,L,41,3,12,0.25,0,3,0.0,0,0,,0,4,4,3,1,0,5,1,6,-9,13.3,1,2015-16
22015,101127,Jarrett Jack,1610612751,BKN,Brooklyn Nets,0021500144,2015-11-14,BKN @ GSW,L,44,9,20,0.45,2,5,0.4,8,8,1.0,0,4,4,9,2,0,2,3,28,-3,50.3,1,2015-16
22015,200745,Andrea Bargnani,1610612751,BKN,Brooklyn Nets,0021500144,2015-11-14,BKN @ GSW,L,8,2,4,0.5,0,0,,0,0,,0,1,1,0,0,0,0,0,4,-5,5.2,1,2015-16
22015,203917,Nik Stauskas,1610612755,PHI,Philadelphia 76ers,0021500142,2015-11-14,PHI @ SAS,L,18,0,6,0.0,0,3,0.0,0,0,,0,0,0,0,0,0,2,0,0,-7,-2.0,1,2015-16
22015,1626143,Jahlil Okafor,1610612755,PHI,Philadelphia 76ers,0021500142,2015-11-14,PHI @ SAS,L,39,9,17,0.529,0,0,,3,3,1.0,3,9,12,2,0,2,2,3,21,2,42.4,1,2015-16
22015,202688,Brandon Knight,1610612756,PHX,Phoenix Suns,0021500143,2015-11-14,PHX vs. DEN,W,22,4,12,0.333,1,3,0.333,1,1,1.0,0,1,1,0,1,0,3,2,10,8,11.2,1,2015-16
22015,203458,Alex Len,1610612756,PHX,Phoenix Suns,0021500143,2015-11-14,PHX vs. DEN,W,16,0,3,0.0,0,0,,4,4,1.0,0,4,4,0,0,0,2,3,4,-4,6.8,1,2015-16
22015,203462,Archie Goodwin,1610612756,PHX,Phoenix Suns,0021500143,2015-11-14,PHX vs. DEN,W,29,4,7,0.571,1,2,0.5,3,5,0.6,1,4,5,2,0,0,3,1,12,8,18.0,1,2015-16
22015,203937,Kyle Anderson,1610612759,SAS,San Antonio Spurs,0021500142,2015-11-14,SAS vs. PHI,W,31,4,9,0.444,2,2,1.0,0,0,,0,7,7,3,3,1,1,1,10,20,33.9,1,2015-16
22015,101141,Ersan Ilyasova,1610612765,DET,Detroit Pistons,0021500138,2015-11-14,DET @ LAC,L,29,5,8,0.625,3,4,0.75,7,9,0.778,1,1,2,0,0,1,2,4,20,6,23.4,1,2015-16
22015,201229,Anthony Tolliver,1610612765,DET,Detroit Pistons,0021500138,2015-11-14,DET @ LAC,L,18,1,3,0.333,1,3,0.333,2,2,1.0,0,4,4,1,1,0,0,2,5,-7,14.3,1,2015-16
22015,203484,Kentavious Caldwell-Pope,1610612765,DET,Detroit Pistons,0021500138,2015-11-14,DET @ LAC,L,37,4,10,0.4,0,4,0.0,2,3,0.667,1,2,3,2,1,0,0,4,10,-8,19.6,1,2015-16
22015,201567,Kevin Love,1610612739,CLE,Cleveland Cavaliers,0021500141,2015-11-14,CLE @ MIL,L,44,8,18,0.444,4,9,0.444,4,6,0.667,2,12,14,2,1,0,2,2,24,-5,44.8,1,2015-16
22015,203521,Matthew Dellavedova,1610612739,CLE,Cleveland Cavaliers,0021500141,2015-11-14,CLE @ MIL,L,29,0,3,0.0,0,1,0.0,0,0,,0,2,2,7,2,0,4,2,0,-2,14.9,1,2015-16
22015,203914,Gary Harris,1610612743,DEN,Denver Nuggets,0021500143,2015-11-14,DEN @ PHX,L,26,3,9,0.333,0,5,0.0,1,1,1.0,0,1,1,0,1,1,2,2,7,-17,12.2,1,2015-16
22015,201575,Brandon Rush,1610612744,GSW,Golden State Warriors,0021500144,2015-11-14,GSW vs. BKN,W,21,3,5,0.6,2,4,0.5,0,0,,0,4,4,0,1,1,0,0,8,-12,18.8,1,2015-16
22015,201939,Stephen Curry,1610612744,GSW,Golden State Warriors,0021500144,2015-11-14,GSW vs. BKN,W,44,13,31,0.419,5,16,0.313,3,3,1.0,0,3,3,6,1,0,4,1,34,3,45.6,1,2015-16
22015,203105,Festus Ezeli,1610612744,GSW,Golden State Warriors,0021500144,2015-11-14,GSW vs. BKN,W,18,1,4,0.25,0,0,,1,2,0.5,1,4,5,1,0,2,0,1,3,2,16.5,1,2015-16
22015,1891,Jason Terry,1610612745,HOU,Houston Rockets,0021500140,2015-11-14,HOU vs. DAL,L,26,6,10,0.6,5,9,0.556,2,2,1.0,0,0,0,1,0,0,1,5,19,7,19.5,1,2015-16
22015,201147,Corey Brewer,1610612745,HOU,Houston Rockets,0021500140,2015-11-14,HOU vs. DAL,L,23,2,7,0.286,0,1,0.0,2,2,1.0,1,1,2,1,0,0,0,2,6,-15,9.9,1,2015-16
22015,1626149,Montrezl Harrell,1610612745,HOU,Houston Rockets,0021500140,2015-11-14,HOU vs. DAL,L,11,2,3,0.667,0,0,,1,2,0.5,2,2,4,1,1,1,0,1,5,3,17.3,1,2015-16
22015,203085,Austin Rivers,1610612746,LAC,LA Clippers,0021500138,2015-11-14,LAC vs. DET,W,42,4,7,0.571,3,6,0.5,2,4,0.5,1,2,3,1,0,0,2,3,13,9,16.1,1,2015-16
22015,203101,Miles Plumlee,1610612749,MIL,Milwaukee Bucks,0021500141,2015-11-14,MIL vs. CLE,W,2,0,1,0.0,0,0,,0,0,,0,0,0,0,0,0,0,0,0,-1,0.0,1,2015-16
22015,202711,Bojan Bogdanovic,1610612751,BKN,Brooklyn Nets,0021500144,2015-11-14,BKN @ GSW,L,35,1,6,0.167,0,5,0.0,0,0,,0,6,6,2,2,0,0,1,2,-12,18.2,1,2015-16
22015,203080,Thomas Robinson,1610612751,BKN,Brooklyn Nets,0021500144,2015-11-14,BKN @ GSW,L,0,0,0,,0,0,,0,0,,0,0,0,0,0,0,0,0,0,0,0.0,1,2015-16
22015,202696,Nikola Vučević,1610612753,ORL,Orlando Magic,0021500139,2015-11-14,ORL @ WAS,L,36,8,18,0.444,0,0,,3,4,0.75,2,11,13,2,0,1,1,4,19,-18,39.6,1,2015-16
22015,203095,Evan Fournier,1610612753,ORL,Orlando Magic,0021500139,2015-11-14,ORL @ WAS,L,37,7,17,0.412,1,6,0.167,3,3,1.0,0,6,6,6,1,0,0,1,18,-13,37.2,1,2015-16
22015,203457,Nerlens Noel,1610612755,PHI,Philadelphia 76ers,0021500142,2015-11-14,PHI @ SAS,L,31,2,8,0.25,0,0,,2,4,0.5,0,3,3,2,2,0,3,3,6,-21,15.6,1,2015-16
22015,203477,Isaiah Canaan,1610612755,PHI,Philadelphia 76ers,0021500142,2015-11-14,PHI @ SAS,L,27,2,11,0.182,2,6,0.333,0,0,,1,4,5,3,0,0,1,1,6,0,15.5,1,2015-16
22015,203515,Phil Pressey,1610612755,PHI,Philadelphia 76ers,0021500142,2015-11-14,PHI @ SAS,L,16,4,7,0.571,0,0,,0,0,,0,3,3,6,1,0,0,1,8,11,23.6,1,2015-16
22015,204456,T.J. McConnell,1610612755,PHI,Philadelphia 76ers,0021500142,2015-11-14,PHI @ SAS,L,26,4,6,0.667,0,0,,0,0,,0,5,5,1,2,0,3,2,8,-20,18.5,1,2015-16
22015,2199,Tyson Chandler,1610612756,PHX,Phoenix Suns,0021500143,2015-11-14,PHX vs. DEN,W,25,5,6,0.833,0,0,,1,1,1.0,2,6,8,1,0,1,1,1,11,27,24.1,1,2015-16
22015,201603,Sonny Weems,1610612756,PHX,Phoenix Suns,0021500143,2015-11-14,PHX vs. DEN,W,8,0,1,0.0,0,0,,0,2,0.0,0,1,1,3,0,0,1,0,0,-5,4.7,1,2015-16
22015,202339,Eric Bledsoe,1610612756,PHX,Phoenix Suns,0021500143,2015-11-14,PHX vs. DEN,W,30,11,16,0.688,3,4,0.75,5,5,1.0,0,7,7,4,2,0,3,0,30,31,47.4,1,2015-16
22015,1626164,Devin Booker,1610612756,PHX,Phoenix Suns,0021500143,2015-11-14,PHX vs. DEN,W,15,2,8,0.25,2,3,0.667,0,0,,0,2,2,0,0,0,2,0,6,1,6.4,1,2015-16
22015,2225,Tony Parker,1610612759,SAS,San Antonio Spurs,0021500142,2015-11-14,SAS vs. PHI,W,25,5,10,0.5,0,0,,6,6,1.0,1,1,2,3,1,0,4,0,16,12,21.9,1,2015-16
22015,2564,Boris Diaw,1610612759,SAS,San Antonio Spurs,0021500142,2015-11-14,SAS vs. PHI,W,16,0,4,0.0,0,0,,2,2,1.0,1,3,4,3,1,0,1,0,2,-9,13.3,1,2015-16
22015,2588,Matt Bonner,1610612759,SAS,San Antonio Spurs,0021500142,2015-11-14,SAS vs. PHI,W,0,0,0,,0,0,,1,2,0.5,0,0,0,0,0,0,0,0,1,1,1.0,1,2015-16
22015,203613,Jonathon Simmons,1610612759,SAS,San Antonio Spurs,0021500142,2015-11-14,SAS vs. PHI,W,9,0,0,,0,0,,2,2,1.0,1,1,2,2,1,0,0,0,2,-8,10.4,1,2015-16
22015,201162,Jared Dudley,1610612764,WAS,Washington Wizards,0021500139,2015-11-14,WAS vs. ORL,W,20,1,2,0.5,1,2,0.5,2,2,1.0,0,5,5,1,0,0,0,1,5,0,12.5,1,2015-16
22015,201196,Ramon Sessions,1610612764,WAS,Washington Wizards,0021500139,2015-11-14,WAS vs. ORL,W,14,2,5,0.4,0,0,,1,3,0.333,0,4,4,5,0,0,3,1,5,0,14.3,1,2015-16
22015,2581,Steve Blake,1610612765,DET,Detroit Pistons,0021500138,2015-11-14,DET @ LAC,L,14,1,2,0.5,0,1,0.0,0,0,,0,0,0,2,2,0,2,2,2,-2,9.0,1,2015-16
22015,202694,Marcus Morris Sr.,1610612765,DET,Detroit Pistons,0021500138,2015-11-14,DET @ LAC,L,38,2,10,0.2,0,5,0.0,2,2,1.0,2,0,2,2,1,0,2,2,6,7,12.4,1,2015-16
22015,101109,Raymond Felton,1610612742,DAL,Dallas Mavericks,0021500140,2015-11-14,DAL @ HOU,W,34,8,16,0.5,1,4,0.25,6,6,1.0,1,5,6,1,0,0,2,3,23,-3,29.7,1,2015-16
22015,203939,Dwight Powell,1610612742,DAL,Dallas Mavericks,0021500140,2015-11-14,DAL @ HOU,W,26,5,8,0.625,0,0,,3,4,0.75,1,8,9,3,0,2,1,0,13,13,33.3,1,2015-16
22015,2034,Mike Miller,1610612743,DEN,Denver Nuggets,0021500143,2015-11-14,DEN @ PHX,L,2,1,1,1.0,1,1,1.0,0,0,,0,1,1,1,0,0,0,0,3,4,5.7,1,2015-16
22015,203999,Nikola Jokić,1610612743,DEN,Denver Nuggets,0021500143,2015-11-14,DEN @ PHX,L,18,2,3,0.667,0,0,,0,0,,2,4,6,0,3,0,0,3,4,2,20.2,1,2015-16
22015,203110,Draymond Green,1610612744,GSW,Golden State Warriors,0021500144,2015-11-14,GSW vs. BKN,W,42,7,18,0.389,2,7,0.286,0,0,,2,8,10,12,2,4,4,4,16,4,60.0,1,2015-16
22015,2772,Trevor Ariza,1610612745,HOU,Houston Rockets,0021500140,2015-11-14,HOU vs. DAL,L,25,1,8,0.125,1,7,0.143,1,2,0.5,1,5,6,2,3,0,1,5,4,-3,22.2,1,2015-16
22015,1718,Paul Pierce,1610612746,LAC,LA Clippers,0021500138,2015-11-14,LAC vs. DET,W,30,1,6,0.167,1,2,0.5,0,0,,1,2,3,3,0,0,1,1,3,-1,10.1,1,2015-16
22015,201599,DeAndre Jordan,1610612746,LAC,LA Clippers,0021500138,2015-11-14,LAC vs. DET,W,38,5,7,0.714,0,0,,0,0,,3,13,16,2,1,1,1,6,10,8,37.2,1,2015-16
22015,201601,Luc Mbah a Moute,1610612746,LAC,LA Clippers,0021500138,2015-11-14,LAC vs. DET,W,9,0,1,0.0,0,0,,0,0,,1,2,3,0,0,0,0,3,0,12,3.6,1,2015-16
22015,203143,Pablo Prigioni,1610612746,LAC,LA Clippers,0021500138,2015-11-14,LAC vs. DET,W,11,0,1,0.0,0,1,0.0,0,0,,0,0,0,0,1,0,1,0,0,-9,2.0,1,2015-16
22015,202349,Greivis Vasquez,1610612749,MIL,Milwaukee Bucks,0021500141,2015-11-14,MIL vs. CLE,W,24,4,8,0.5,2,5,0.4,3,5,0.6,0,3,3,4,0,0,1,2,13,4,21.6,1,2015-16
22015,203114,Khris Middleton,1610612749,MIL,Milwaukee Bucks,0021500141,2015-11-14,MIL vs. CLE,W,42,4,13,0.308,1,2,0.5,2,2,1.0,0,4,4,1,3,0,1,4,11,6,25.3,1,2015-16
22015,201152,Thaddeus Young,1610612751,BKN,Brooklyn Nets,0021500144,2015-11-14,BKN @ GSW,L,39,12,22,0.545,0,1,0.0,2,2,1.0,3,7,10,3,3,0,1,2,26,0,50.5,1,2015-16
22015,201572,Brook Lopez,1610612751,BKN,Brooklyn Nets,0021500144,2015-11-14,BKN @ GSW,L,42,8,21,0.381,0,1,0.0,2,2,1.0,4,5,9,1,1,3,1,3,18,0,41.3,1,2015-16
22015,201961,Wayne Ellington,1610612751,BKN,Brooklyn Nets,0021500144,2015-11-14,BKN @ GSW,L,13,2,3,0.667,0,0,,2,2,1.0,0,1,1,0,0,0,0,2,6,-11,7.2,1,2015-16
22015,202699,Tobias Harris,1610612753,ORL,Orlando Magic,0021500139,2015-11-14,ORL @ WAS,L,36,5,11,0.455,0,1,0.0,0,0,,2,3,5,0,0,0,2,2,10,-5,14.0,1,2015-16
22015,203894,Shabazz Napier,1610612753,ORL,Orlando Magic,0021500139,2015-11-14,ORL @ WAS,L,16,3,5,0.6,0,1,0.0,0,0,,0,0,0,1,1,0,4,1,6,3,6.5,1,2015-16
22015,1626209,Mario Hezonja,1610612753,ORL,Orlando Magic,0021500139,2015-11-14,ORL @ WAS,L,17,3,6,0.5,2,4,0.5,0,0,,0,2,2,1,0,0,1,2,8,0,10.9,1,2015-16
22015,203924,Jerami Grant,1610612755,PHI,Philadelphia 76ers,0021500142,2015-11-14,PHI @ SAS,L,25,4,7,0.571,2,3,0.667,2,2,1.0,0,4,4,0,1,1,1,5,12,-4,21.8,1,2015-16
22015,200782,P.J. Tucker,1610612756,PHX,Phoenix Suns,0021500143,2015-11-14,PHX vs. DEN,W,24,2,5,0.4,0,2,0.0,0,0,,0,6,6,4,0,0,1,1,4,31,16.2,1,2015-16
22015,200746,LaMarcus Aldridge,1610612759,SAS,San Antonio Spurs,0021500142,2015-11-14,SAS vs. PHI,W,34,5,13,0.385,0,0,,7,8,0.875,7,12,19,2,0,1,2,2,17,14,43.8,1,2015-16
22015,201988,Patty Mills,1610612759,SAS,San Antonio Spurs,0021500142,2015-11-14,SAS vs. PHI,W,21,2,11,0.182,1,6,0.167,0,0,,0,1,1,1,3,0,1,0,5,4,15.7,1,2015-16
22015,2403,Nene,1610612764,WAS,Washington Wizards,0021500139,2015-11-14,WAS vs. ORL,W,20,4,8,0.5,0,0,,1,2,0.5,1,5,6,3,0,1,1,3,9,3,22.7,1,2015-16
22015,2743,Kris Humphries,1610612764,WAS,Washington Wizards,0021500139,2015-11-14,WAS vs. ORL,W,30,9,14,0.643,5,8,0.625,0,0,,1,4,5,0,0,2,1,2,23,7,34.0,1,2015-16
22015,202066,Garrett Temple,1610612764,WAS,Washington Wizards,0021500139,2015-11-14,WAS vs. ORL,W,31,5,10,0.5,3,6,0.5,5,6,0.833,0,3,3,2,1,0,0,2,18,6,27.6,1,2015-16
22015,202704,Reggie Jackson,1610612765,DET,Detroit Pistons,0021500138,2015-11-14,DET @ LAC,L,34,7,15,0.467,2,6,0.333,4,5,0.8,1,5,6,5,1,0,4,1,20,-5,33.7,1,2015-16
22015,2590,Mo Williams,1610612739,CLE,Cleveland Cavaliers,0021500141,2015-11-14,CLE @ MIL,L,29,2,8,0.25,0,3,0.0,0,0,,2,3,5,4,0,0,3,3,4,-1,13.0,1,2015-16
22015,202389,Timofey Mozgov,1610612739,CLE,Cleveland Cavaliers,0021500141,2015-11-14,CLE @ MIL,L,16,1,5,0.2,0,0,,6,6,1.0,2,2,4,0,0,3,0,3,8,-3,21.8,1,2015-16
22015,203099,Jared Cunningham,1610612739,CLE,Cleveland Cavaliers,0021500141,2015-11-14,CLE @ MIL,L,3,0,0,,0,0,,0,0,,0,0,0,0,0,0,0,1,0,3,0.0,1,2015-16
22015,2734,Devin Harris,1610612742,DAL,Dallas Mavericks,0021500140,2015-11-14,DAL @ HOU,W,29,7,11,0.636,0,3,0.0,1,1,1.0,0,4,4,2,1,0,0,4,15,6,25.8,1,2015-16
22015,101111,Charlie Villanueva,1610612742,DAL,Dallas Mavericks,0021500140,2015-11-14,DAL @ HOU,W,25,8,16,0.5,3,7,0.429,0,0,,2,3,5,1,0,3,2,4,19,4,33.5,1,2015-16
22015,101114,Deron Williams,1610612742,DAL,Dallas Mavericks,0021500140,2015-11-14,DAL @ HOU,W,35,3,8,0.375,2,4,0.5,3,3,1.0,0,2,2,5,2,0,1,4,11,-1,25.9,1,2015-16
22015,202379,Jeremy Evans,1610612742,DAL,Dallas Mavericks,0021500140,2015-11-14,DAL @ HOU,W,14,2,4,0.5,0,0,,0,0,,1,4,5,1,0,1,0,3,4,10,14.5,1,2015-16
22015,201589,Darrell Arthur,1610612743,DEN,Denver Nuggets,0021500143,2015-11-14,DEN @ PHX,L,8,1,3,0.333,0,0,,0,0,,0,1,1,0,0,1,0,2,2,-4,6.2,1,2015-16
22015,202702,Kenneth Faried,1610612743,DEN,Denver Nuggets,0021500143,2015-11-14,DEN @ PHX,L,14,1,3,0.333,0,0,,0,0,,4,3,7,0,1,0,2,1,2,-22,11.4,1,2015-16
22015,203123,Kostas Papanikolaou,1610612743,DEN,Denver Nuggets,0021500143,2015-11-14,DEN @ PHX,L,20,4,7,0.571,0,2,0.0,1,2,0.5,0,1,1,1,1,0,0,2,9,7,14.7,1,2015-16
22015,1626144,Emmanuel Mudiay,1610612743,DEN,Denver Nuggets,0021500143,2015-11-14,DEN @ PHX,L,24,6,18,0.333,1,7,0.143,0,0,,0,5,5,1,0,1,3,0,13,-4,20.5,1,2015-16
22015,2738,Andre Iguodala,1610612744,GSW,Golden State Warriors,0021500144,2015-11-14,GSW vs. BKN,W,38,6,12,0.5,3,6,0.5,0,0,,1,5,6,6,2,0,3,2,15,11,34.2,1,2015-16
22015,2746,Josh Smith,1610612746,LAC,LA Clippers,0021500138,2015-11-14,LAC vs. DET,W,13,1,3,0.333,0,2,0.0,2,2,1.0,0,1,1,0,0,1,2,1,4,-4,6.2,1,2015-16
22015,202362,Lance Stephenson,1610612746,LAC,LA Clippers,0021500138,2015-11-14,LAC vs. DET,W,2,0,0,,0,0,,0,0,,0,0,0,0,0,0,1,0,0,-8,-1.0,1,2015-16
22015,201573,Jerryd Bayless,1610612749,MIL,Milwaukee Bucks,0021500141,2015-11-14,MIL vs. CLE,W,39,7,16,0.438,3,7,0.429,0,0,,0,2,2,5,0,0,1,3,17,1,25.9,1,2015-16
22015,203487,Michael Carter-Williams,1610612749,MIL,Milwaukee Bucks,0021500141,2015-11-14,MIL vs. CLE,W,40,6,12,0.5,0,0,,5,6,0.833,1,4,5,4,2,2,3,1,17,4,38.0,1,2015-16
22015,203507,Giannis Antetokounmpo,1610612749,MIL,Milwaukee Bucks,0021500141,2015-11-14,MIL vs. CLE,W,45,6,18,0.333,0,2,0.0,4,5,0.8,4,7,11,1,0,3,2,6,16,1,37.7,1,2015-16
22015,203499,Shane Larkin,1610612751,BKN,Brooklyn Nets,0021500144,2015-11-14,BKN @ GSW,L,11,1,4,0.25,0,2,0.0,0,0,,0,2,2,2,1,0,2,0,2,-4,8.4,1,2015-16
22015,1626178,Rondae Hollis-Jefferson,1610612751,BKN,Brooklyn Nets,0021500144,2015-11-14,BKN @ GSW,L,32,3,6,0.5,0,1,0.0,1,2,0.5,4,9,13,2,2,1,1,1,7,4,33.6,1,2015-16
22015,101112,Channing Frye,1610612753,ORL,Orlando Magic,0021500139,2015-11-14,ORL @ WAS,L,16,2,4,0.5,1,3,0.333,0,0,,0,3,3,2,0,0,0,3,5,1,11.6,1,2015-16
22015,203473,Dewayne Dedmon,1610612753,ORL,Orlando Magic,0021500139,2015-11-14,ORL @ WAS,L,12,1,1,1.0,0,0,,2,3,0.667,0,4,4,0,1,1,0,2,4,9,14.8,1,2015-16
22015,203932,Aaron Gordon,1610612753,ORL,Orlando Magic,0021500139,2015-11-14,ORL @ WAS,L,32,4,10,0.4,0,2,0.0,4,6,0.667,1,6,7,2,3,0,0,4,12,-10,32.4,1,2015-16
22015,203138,Hollis Thompson,1610612755,PHI,Philadelphia 76ers,0021500142,2015-11-14,PHI @ SAS,L,30,3,8,0.375,2,6,0.333,0,0,,1,2,3,1,0,0,2,0,8,4,11.1,1,2015-16
22015,1626174,Christian Wood,1610612755,PHI,Philadelphia 76ers,0021500142,2015-11-14,PHI @ SAS,L,13,2,5,0.4,1,2,0.5,0,0,,0,4,4,0,1,0,0,3,5,-5,12.8,1,2015-16
22015,202720,Jon Leuer,1610612756,PHX,Phoenix Suns,0021500143,2015-11-14,PHX vs. DEN,W,19,2,6,0.333,1,2,0.5,2,2,1.0,0,5,5,2,0,0,1,2,7,13,15.0,1,2015-16
22015,203933,T.J. Warren,1610612756,PHX,Phoenix Suns,0021500143,2015-11-14,PHX vs. DEN,W,17,3,7,0.429,0,1,0.0,2,2,1.0,4,3,7,0,1,0,1,2,8,2,18.4,1,2015-16
22015,2561,David West,1610612759,SAS,San Antonio Spurs,0021500142,2015-11-14,SAS vs. PHI,W,17,4,8,0.5,0,0,,2,2,1.0,1,3,4,5,0,1,2,3,10,-6,23.3,1,2015-16
22015,1626246,Boban Marjanovic,1610612759,SAS,San Antonio Spurs,0021500142,2015-11-14,SAS vs. PHI,W,0,0,0,,0,0,,0,0,,0,1,1,0,0,0,0,0,0,1,1.2,1,2015-16
22015,101162,Marcin Gortat,1610612764,WAS,Washington Wizards,0021500139,2015-11-14,WAS vs. ORL,W,28,4,9,0.444,0,0,,5,7,0.714,5,5,10,1,0,1,0,3,13,6,29.5,1,2015-16
22015,202390,Gary Neal,1610612764,WAS,Washington Wizards,0021500139,2015-11-14,WAS vs. ORL,W,17,3,5,0.6,1,2,0.5,0,0,,0,2,2,2,0,0,1,3,7,3,11.4,1,2015-16
22015,1626162,Kelly Oubre Jr.,1610612764,WAS,Washington Wizards,0021500139,2015-11-14,WAS vs. ORL,W,10,2,3,0.667,0,1,0.0,0,0,,0,1,1,0,0,0,0,3,4,-9,5.2,1,2015-16
22015,203083,Andre Drummond,1610612765,DET,Detroit Pistons,0021500138,2015-11-14,DET @ LAC,L,34,6,13,0.462,0,0,,6,14,0.429,4,15,19,2,1,1,2,3,18,-10,47.8,1,2015-16
22015,203382,Aron Baynes,1610612765,DET,Detroit Pistons,0021500138,2015-11-14,DET @ LAC,L,14,3,5,0.6,0,0,,0,0,,1,1,2,0,0,0,1,1,6,5,7.4,1,2015-16
22015,203084,Harrison Barnes,1610612744,GSW,Golden State Warriors,0021500144,2015-11-14,GSW vs. BKN,W,31,4,8,0.5,0,0,,5,5,1.0,1,2,3,0,1,0,1,1,13,7,18.6,1,2015-16
22015,203141,Mirza Teletovic,1610612756,PHX,Phoenix Suns,0021500143,2015-11-14,PHX vs. DEN,W,29,3,10,0.3,3,7,0.429,2,2,1.0,2,7,9,3,0,0,2,0,11,11,24.3,1,2015-16
22015,203145,Kent Bazemore,1610612737,ATL,Atlanta Hawks,0021500148,2015-11-15,ATL vs. UTA,L,30,6,7,0.857,2,2,1.0,2,2,1.0,1,2,3,3,1,0,1,0,16,6,26.1,1,2015-16
22015,101135,David Lee,1610612738,BOS,Boston Celtics,0021500149,2015-11-15,BOS @ OKC,W,14,1,2,0.5,0,0,,2,2,1.0,0,2,2,2,1,0,3,3,4,8,9.4,1,2015-16
22015,202323,Evan Turner,1610612738,BOS,Boston Celtics,0021500149,2015-11-15,BOS @ OKC,W,24,1,5,0.2,0,0,,0,0,,0,3,3,3,2,0,2,1,2,12,14.1,1,2015-16
22015,202340,Avery Bradley,1610612738,BOS,Boston Celtics,0021500149,2015-11-15,BOS @ OKC,W,26,6,12,0.5,1,2,0.5,1,3,0.333,0,2,2,4,1,0,0,2,14,19,25.4,1,2015-16
22015,201967,Dante Cunningham,1610612740,NOP,New Orleans Pelicans,0021500145,2015-11-15,NOP @ NYK,L,25,3,3,1.0,0,0,,0,0,,0,5,5,0,0,0,0,3,6,1,12.0,1,2015-16
22015,1626204,Larry Nance Jr.,1610612747,LAL,Los Angeles Lakers,0021500151,2015-11-15,LAL vs. DET,W,17,3,5,0.6,0,0,,0,0,,2,2,4,0,1,0,0,1,6,15,13.8,1,2015-16
22015,1889,Andre Miller,1610612750,MIN,Minnesota Timberwolves,0021500146,2015-11-15,MIN vs. MEM,L,34,4,8,0.5,0,1,0.0,0,0,,1,2,3,8,3,0,2,4,8,-17,30.6,1,2015-16
22015,202357,Nemanja Bjelica,1610612750,MIN,Minnesota Timberwolves,0021500146,2015-11-15,MIN vs. MEM,L,24,2,5,0.4,0,2,0.0,0,0,,1,0,1,0,0,0,0,5,4,-8,5.2,1,2015-16
22015,203952,Andrew Wiggins,1610612750,MIN,Minnesota Timberwolves,0021500146,2015-11-15,MIN vs. MEM,L,37,8,14,0.571,1,2,0.5,4,5,0.8,0,1,1,1,1,1,2,2,21,1,27.7,1,2015-16
22015,203124,Kyle O'Quinn,1610612752,NYK,New York Knicks,0021500145,2015-11-15,NYK vs. NOP,W,9,0,2,0.0,0,0,,0,0,,1,0,1,1,1,1,1,3,0,-3,7.7,1,2015-16
22015,1626146,Cliff Alexander,1610612757,POR,Portland Trail Blazers,0021500147,2015-11-15,POR @ CHA,L,17,2,4,0.5,0,0,,0,0,,1,3,4,0,0,1,0,0,4,8,11.8,1,2015-16
22015,200752,Rudy Gay,1610612758,SAC,Sacramento Kings,0021500150,2015-11-15,SAC vs. TOR,W,37,10,16,0.625,1,3,0.333,6,7,0.857,1,5,6,3,1,0,4,0,27,16,37.7,1,2015-16
22015,201585,Kosta Koufos,1610612758,SAC,Sacramento Kings,0021500150,2015-11-15,SAC vs. TOR,W,13,1,2,0.5,0,0,,1,2,0.5,1,0,1,0,0,0,0,3,3,-13,4.2,1,2015-16
22015,203463,Ben McLemore,1610612758,SAC,Sacramento Kings,0021500150,2015-11-15,SAC vs. TOR,W,25,3,6,0.5,2,4,0.5,0,0,,1,3,4,1,1,0,0,1,8,10,17.3,1,2015-16
22015,203460,Andre Roberson,1610612760,OKC,Oklahoma City Thunder,0021500149,2015-11-15,OKC vs. BOS,L,25,3,5,0.6,1,2,0.5,0,0,,0,2,2,1,2,0,0,0,7,0,16.9,1,2015-16
22015,203500,Steven Adams,1610612760,OKC,Oklahoma City Thunder,0021500149,2015-11-15,OKC vs. BOS,L,30,0,0,,0,0,,6,8,0.75,2,5,7,3,0,0,1,2,6,-1,17.9,1,2015-16
22015,203956,Mitch McGary,1610612760,OKC,Oklahoma City Thunder,0021500149,2015-11-15,OKC vs. BOS,L,0,0,0,,0,0,,0,0,,0,0,0,0,0,0,0,0,0,0,0.0,1,2015-16
22015,2449,Luis Scola,1610612761,TOR,Toronto Raptors,0021500150,2015-11-15,TOR @ SAC,L,20,1,5,0.2,1,2,0.5,0,0,,2,2,4,0,1,0,0,4,3,-4,10.8,1,2015-16
22015,201960,DeMarre Carroll,1610612761,TOR,Toronto Raptors,0021500150,2015-11-15,TOR @ SAC,L,37,6,13,0.462,4,9,0.444,1,2,0.5,0,4,4,0,1,0,1,2,17,-14,23.8,1,2015-16
22015,202324,Derrick Favors,1610612762,UTA,Utah Jazz,0021500148,2015-11-15,UTA @ ATL,W,32,11,20,0.55,0,1,0.0,1,1,1.0,4,5,9,3,0,2,4,2,23,1,40.3,1,2015-16
22015,203187,Chris Johnson,1610612762,UTA,Utah Jazz,0021500148,2015-11-15,UTA @ ATL,W,3,0,0,,0,0,,0,0,,0,0,0,0,0,0,0,1,0,-2,0.0,1,2015-16
22015,101141,Ersan Ilyasova,1610612765,DET,Detroit Pistons,0021500151,2015-11-15,DET @ LAL,L,29,2,10,0.2,1,4,0.25,1,2,0.5,2,4,6,0,0,0,1,2,6,-6,12.2,1,2015-16
22015,203087,Jeremy Lamb,1610612766,CHA,Charlotte Hornets,0021500147,2015-11-15,CHA vs. POR,W,28,6,10,0.6,1,5,0.2,0,0,,0,5,5,3,0,2,1,2,13,21,28.5,1,2015-16
22015,200757,Thabo Sefolosha,1610612737,ATL,Atlanta Hawks,0021500148,2015-11-15,ATL vs. UTA,L,23,2,6,0.333,1,3,0.333,0,0,,1,5,6,0,1,2,3,2,5,-5,18.2,1,2015-16
22015,203471,Dennis Schröder,1610612737,ATL,Atlanta Hawks,0021500148,2015-11-15,ATL vs. UTA,L,33,3,10,0.3,1,2,0.5,4,6,0.667,1,5,6,9,0,0,0,4,11,10,31.7,1,2015-16
22015,201962,Toney Douglas,1610612740,NOP,New Orleans Pelicans,0021500145,2015-11-15,NOP @ NYK,L,11,0,3,0.0,0,2,0.0,4,4,1.0,0,0,0,2,1,0,0,1,4,-1,10.0,1,2015-16
22015,202337,Luke Babbitt,1610612740,NOP,New Orleans Pelicans,0021500145,2015-11-15,NOP @ NYK,L,7,1,2,0.5,1,2,0.5,0,0,,0,1,1,1,0,1,0,0,3,-3,8.7,1,2015-16
22015,202397,Ish Smith,1610612740,NOP,New Orleans Pelicans,0021500145,2015-11-15,NOP @ NYK,L,22,1,2,0.5,0,0,,0,0,,1,2,3,5,0,0,3,0,2,1,10.1,1,2015-16
22015,203076,Anthony Davis,1610612740,NOP,New Orleans Pelicans,0021500145,2015-11-15,NOP @ NYK,L,40,14,26,0.538,2,4,0.5,6,7,0.857,1,10,11,1,1,4,4,4,36,-9,61.7,1,2015-16
22015,203903,Jordan Clarkson,1610612747,LAL,Los Angeles Lakers,0021500151,2015-11-15,LAL vs. DET,W,29,5,10,0.5,2,4,0.5,5,8,0.625,0,6,6,3,0,0,5,4,17,0,23.7,1,2015-16
22015,2755,Kevin Martin,1610612750,MIN,Minnesota Timberwolves,0021500146,2015-11-15,MIN vs. MEM,L,18,3,11,0.273,0,2,0.0,2,2,1.0,0,2,2,2,2,0,1,0,8,-2,18.4,1,2015-16
22015,203081,Damian Lillard,1610612757,POR,Portland Trail Blazers,0021500147,2015-11-15,POR @ CHA,L,37,9,25,0.36,1,9,0.111,4,5,0.8,2,6,8,5,1,0,5,0,23,-12,38.1,1,2015-16
22015,201158,Marco Belinelli,1610612758,SAC,Sacramento Kings,0021500150,2015-11-15,SAC vs. TOR,W,26,2,8,0.25,1,3,0.333,2,2,1.0,0,2,2,1,1,0,2,3,7,8,11.9,1,2015-16
22015,201571,D.J. Augustin,1610612760,OKC,Oklahoma City Thunder,0021500149,2015-11-15,OKC vs. BOS,L,23,1,5,0.2,0,2,0.0,0,0,,0,1,1,4,1,0,5,0,2,-11,7.2,1,2015-16
22015,202683,Enes Freedom,1610612760,OKC,Oklahoma City Thunder,0021500149,2015-11-15,OKC vs. BOS,L,16,4,7,0.571,0,0,,0,2,0.0,2,0,2,1,1,1,0,3,8,-18,17.9,1,2015-16
22015,1626181,Norman Powell,1610612761,TOR,Toronto Raptors,0021500150,2015-11-15,TOR @ SAC,L,4,0,0,,0,0,,0,0,,0,0,0,0,0,0,2,0,0,-3,-2.0,1,2015-16
22015,203481,Jeff Withey,1610612762,UTA,Utah Jazz,0021500148,2015-11-15,UTA @ ATL,W,6,0,0,,0,0,,0,0,,0,0,0,0,0,1,0,0,0,0,3.0,1,2015-16
22015,201188,Marc Gasol,1610612763,MEM,Memphis Grizzlies,0021500146,2015-11-15,MEM @ MIN,W,37,7,10,0.7,0,0,,2,2,1.0,1,6,7,4,0,2,4,4,16,6,32.4,1,2015-16
22015,201229,Anthony Tolliver,1610612765,DET,Detroit Pistons,0021500151,2015-11-15,DET @ LAL,L,19,1,6,0.167,1,5,0.2,0,0,,1,0,1,1,0,0,0,3,3,-6,5.7,1,2015-16
22015,203382,Aron Baynes,1610612765,DET,Detroit Pistons,0021500151,2015-11-15,DET @ LAL,L,7,4,5,0.8,0,0,,1,2,0.5,0,1,1,0,0,0,0,1,9,-7,10.2,1,2015-16
22015,203493,Reggie Bullock Jr.,1610612765,DET,Detroit Pistons,0021500151,2015-11-15,DET @ LAL,L,15,1,4,0.25,1,1,1.0,0,0,,1,1,2,0,1,0,0,0,3,-12,8.4,1,2015-16
22015,203915,Spencer Dinwiddie,1610612765,DET,Detroit Pistons,0021500151,2015-11-15,DET @ LAL,L,24,6,9,0.667,1,3,0.333,4,5,0.8,0,2,2,4,0,0,1,4,17,1,24.4,1,2015-16
22015,201150,Spencer Hawes,1610612766,CHA,Charlotte Hornets,0021500147,2015-11-15,CHA vs. POR,W,18,0,2,0.0,0,1,0.0,2,2,1.0,0,2,2,4,0,1,1,2,2,2,12.4,1,2015-16
22015,2594,Kyle Korver,1610612737,ATL,Atlanta Hawks,0021500148,2015-11-15,ATL vs. UTA,L,34,5,7,0.714,1,3,0.333,0,0,,1,3,4,3,0,0,2,2,11,6,18.3,1,2015-16
22015,201168,Tiago Splitter,1610612737,ATL,Atlanta Hawks,0021500148,2015-11-15,ATL vs. UTA,L,18,1,4,0.25,0,0,,0,0,,1,1,2,0,1,0,2,2,2,4,5.4,1,2015-16
22015,201583,Ryan Anderson,1610612740,NOP,New Orleans Pelicans,0021500145,2015-11-15,NOP @ NYK,L,26,5,11,0.455,2,5,0.4,4,4,1.0,0,5,5,0,0,0,3,1,16,2,19.0,1,2015-16
22015,201600,Omer Asik,1610612740,NOP,New Orleans Pelicans,0021500145,2015-11-15,NOP @ NYK,L,13,0,0,,0,0,,0,0,,0,1,1,0,0,0,0,1,0,-4,1.2,1,2015-16
22015,201950,Jrue Holiday,1610612740,NOP,New Orleans Pelicans,0021500145,2015-11-15,NOP @ NYK,L,25,2,8,0.25,0,1,0.0,3,4,0.75,0,3,3,4,1,0,3,3,7,-9,16.6,1,2015-16
22015,202087,Alonzo Gee,1610612740,NOP,New Orleans Pelicans,0021500145,2015-11-15,NOP @ NYK,L,26,1,4,0.25,0,2,0.0,0,0,,1,3,4,1,2,0,2,3,2,-2,12.3,1,2015-16
22015,201156,Nick Young,1610612747,LAL,Los Angeles Lakers,0021500151,2015-11-15,LAL vs. DET,W,26,4,6,0.667,2,2,1.0,3,3,1.0,0,2,2,0,1,0,1,1,13,20,17.4,1,2015-16
22015,1626156,D'Angelo Russell,1610612747,LAL,Los Angeles Lakers,0021500151,2015-11-15,LAL vs. DET,W,21,3,9,0.333,1,6,0.167,2,2,1.0,0,5,5,2,0,0,1,0,9,-7,17.0,1,2015-16
22015,2419,Tayshaun Prince,1610612750,MIN,Minnesota Timberwolves,0021500146,2015-11-15,MIN vs. MEM,L,22,1,3,0.333,0,0,,0,0,,0,0,0,1,1,0,0,2,2,-2,6.5,1,2015-16
22015,101181,Jose Calderon,1610612752,NYK,New York Knicks,0021500145,2015-11-15,NYK vs. NOP,W,21,4,5,0.8,0,1,0.0,0,0,,0,2,2,3,0,0,0,2,8,7,14.9,1,2015-16
22015,202338,Kevin Seraphin,1610612752,NYK,New York Knicks,0021500145,2015-11-15,NYK vs. NOP,W,14,6,8,0.75,0,0,,0,0,,1,2,3,2,1,0,2,1,12,9,19.6,1,2015-16
22015,204001,Kristaps Porziņģis,1610612752,NYK,New York Knicks,0021500145,2015-11-15,NYK vs. NOP,W,23,4,15,0.267,1,4,0.25,1,2,0.5,1,3,4,0,1,1,0,4,10,6,20.8,1,2015-16
22015,202334,Ed Davis,1610612757,POR,Portland Trail Blazers,0021500147,2015-11-15,POR @ CHA,L,22,3,7,0.429,0,0,,0,0,,0,5,5,3,1,1,1,6,6,-4,21.5,1,2015-16
22015,203459,Allen Crabbe,1610612757,POR,Portland Trail Blazers,0021500147,2015-11-15,POR @ CHA,L,27,8,11,0.727,1,1,1.0,0,0,,1,1,2,2,0,0,0,4,17,-8,22.4,1,2015-16
22015,204025,Tim Frazier,1610612757,POR,Portland Trail Blazers,0021500147,2015-11-15,POR @ CHA,L,1,0,1,0.0,0,0,,0,0,,0,0,0,1,0,0,0,0,0,2,1.5,1,2015-16
22015,200765,Rajon Rondo,1610612758,SAC,Sacramento Kings,0021500150,2015-11-15,SAC vs. TOR,W,43,3,10,0.3,1,4,0.25,0,0,,2,5,7,14,2,0,7,3,7,6,35.4,1,2015-16
22015,203552,Seth Curry,1610612758,SAC,Sacramento Kings,0021500150,2015-11-15,SAC vs. TOR,W,5,1,1,1.0,1,1,1.0,0,0,,0,0,0,0,0,0,0,1,3,0,3.0,1,2015-16
22015,201627,Anthony Morrow,1610612760,OKC,Oklahoma City Thunder,0021500149,2015-11-15,OKC vs. BOS,L,15,0,4,0.0,0,3,0.0,0,0,,0,0,0,2,0,0,1,2,0,7,2.0,1,2015-16
22015,1626166,Cameron Payne,1610612760,OKC,Oklahoma City Thunder,0021500149,2015-11-15,OKC vs. BOS,L,0,0,1,0.0,0,1,0.0,0,0,,0,0,0,0,0,0,0,0,0,0,0.0,1,2015-16
22015,200768,Kyle Lowry,1610612761,TOR,Toronto Raptors,0021500150,2015-11-15,TOR @ SAC,L,39,8,19,0.421,6,12,0.5,0,0,,0,2,2,7,4,1,5,3,22,-5,44.9,1,2015-16
22015,202692,Alec Burks,1610612762,UTA,Utah Jazz,0021500148,2015-11-15,UTA @ ATL,W,28,7,13,0.538,1,3,0.333,3,5,0.6,0,6,6,2,2,0,1,2,18,4,33.2,1,2015-16
22015,203504,Trey Burke,1610612762,UTA,Utah Jazz,0021500148,2015-11-15,UTA @ ATL,W,23,3,6,0.5,2,3,0.667,2,2,1.0,0,0,0,5,1,0,1,1,10,2,19.5,1,2015-16
22015,203526,Raul Neto,1610612762,UTA,Utah Jazz,0021500148,2015-11-15,UTA @ ATL,W,12,1,2,0.5,0,1,0.0,0,0,,0,1,1,1,0,0,1,0,2,-1,3.7,1,2015-16
22015,2440,Matt Barnes,1610612763,MEM,Memphis Grizzlies,0021500146,2015-11-15,MEM @ MIN,W,13,0,4,0.0,0,2,0.0,0,0,,0,1,1,0,0,0,0,1,0,3,1.2,1,2015-16
22015,201596,Mario Chalmers,1610612763,MEM,Memphis Grizzlies,0021500146,2015-11-15,MEM @ MIN,W,18,2,4,0.5,2,3,0.667,10,10,1.0,0,0,0,4,0,1,3,1,16,7,22.0,1,2015-16
22015,203210,JaMychal Green,1610612763,MEM,Memphis Grizzlies,0021500146,2015-11-15,MEM @ MIN,W,25,4,6,0.667,1,1,1.0,3,3,1.0,1,6,7,1,1,1,2,1,12,13,25.9,1,2015-16
22015,202694,Marcus Morris Sr.,1610612765,DET,Detroit Pistons,0021500151,2015-11-15,DET @ LAL,L,32,3,12,0.25,0,3,0.0,1,3,0.333,3,4,7,2,1,2,0,3,7,4,27.4,1,2015-16
22015,1626169,Stanley Johnson,1610612765,DET,Detroit Pistons,0021500151,2015-11-15,DET @ LAL,L,16,2,6,0.333,0,2,0.0,0,0,,0,3,3,1,2,0,1,5,4,-16,14.1,1,2015-16
22015,203798,PJ Hairston,1610612766,CHA,Charlotte Hornets,0021500147,2015-11-15,CHA vs. POR,W,9,1,2,0.5,0,1,0.0,0,0,,1,0,1,0,1,0,0,0,2,5,6.2,1,2015-16
22015,200794,Paul Millsap,1610612737,ATL,Atlanta Hawks,0021500148,2015-11-15,ATL vs. UTA,L,37,10,18,0.556,1,4,0.25,7,8,0.875,1,5,6,2,1,2,3,2,28,6,44.2,1,2015-16
22015,202714,Shelvin Mack,1610612737,ATL,Atlanta Hawks,0021500148,2015-11-15,ATL vs. UTA,L,15,3,7,0.429,0,1,0.0,1,1,1.0,0,0,0,2,2,0,2,1,7,-11,14.0,1,2015-16
22015,203200,Justin Holiday,1610612737,ATL,Atlanta Hawks,0021500148,2015-11-15,ATL vs. UTA,L,10,0,1,0.0,0,1,0.0,0,0,,0,0,0,1,1,0,0,1,0,-7,4.5,1,2015-16
22015,201973,Jonas Jerebko,1610612738,BOS,Boston Celtics,0021500149,2015-11-15,BOS @ OKC,W,6,1,1,1.0,0,0,,0,0,,0,0,0,1,0,0,1,1,2,0,2.5,1,2015-16
22015,203482,Kelly Olynyk,1610612738,BOS,Boston Celtics,0021500149,2015-11-15,BOS @ OKC,W,17,3,5,0.6,1,1,1.0,0,0,,2,5,7,1,3,1,2,6,7,11,26.9,1,2015-16
22015,201569,Eric Gordon,1610612740,NOP,New Orleans Pelicans,0021500145,2015-11-15,NOP @ NYK,L,39,5,11,0.455,1,5,0.2,0,0,,0,2,2,2,0,0,0,4,11,-7,16.4,1,2015-16
22015,977,Kobe Bryant,1610612747,LAL,Los Angeles Lakers,0021500151,2015-11-15,LAL vs. DET,W,36,6,19,0.316,1,4,0.25,4,4,1.0,0,8,8,9,2,0,4,3,17,14,42.1,1,2015-16
22015,101138,Brandon Bass,1610612747,LAL,Los Angeles Lakers,0021500151,2015-11-15,LAL vs. DET,W,20,3,5,0.6,0,0,,0,0,,1,2,3,2,0,2,1,1,6,10,17.6,1,2015-16
22015,201579,Roy Hibbert,1610612747,LAL,Los Angeles Lakers,0021500151,2015-11-15,LAL vs. DET,W,28,3,6,0.5,0,0,,6,8,0.75,0,7,7,1,0,2,1,2,12,2,26.9,1,2015-16
22015,708,Kevin Garnett,1610612750,MIN,Minnesota Timberwolves,0021500146,2015-11-15,MIN vs. MEM,L,24,4,4,1.0,0,0,,0,0,,0,5,5,4,3,0,0,1,8,0,29.0,1,2015-16
22015,203498,Shabazz Muhammad,1610612750,MIN,Minnesota Timberwolves,0021500146,2015-11-15,MIN vs. MEM,L,17,4,8,0.5,0,1,0.0,0,0,,2,2,4,0,0,0,1,0,8,-6,11.8,1,2015-16
22015,203897,Zach LaVine,1610612750,MIN,Minnesota Timberwolves,0021500146,2015-11-15,MIN vs. MEM,L,17,8,15,0.533,4,7,0.571,5,6,0.833,1,2,3,3,0,0,1,5,25,2,32.1,1,2015-16
22015,201167,Arron Afflalo,1610612752,NYK,New York Knicks,0021500145,2015-11-15,NYK vs. NOP,W,26,2,7,0.286,0,1,0.0,0,0,,0,3,3,0,0,0,0,1,4,3,7.6,1,2015-16
22015,201577,Robin Lopez,1610612752,NYK,New York Knicks,0021500145,2015-11-15,NYK vs. NOP,W,14,0,3,0.0,0,0,,0,0,,1,4,5,3,1,2,0,1,0,2,19.5,1,2015-16
22015,201945,Gerald Henderson,1610612757,POR,Portland Trail Blazers,0021500147,2015-11-15,POR @ CHA,L,7,0,3,0.0,0,1,0.0,0,0,,0,1,1,0,0,0,2,1,0,-15,-0.8,1,2015-16
22015,202329,Al-Farouq Aminu,1610612757,POR,Portland Trail Blazers,0021500147,2015-11-15,POR @ CHA,L,22,2,5,0.4,1,2,0.5,2,2,1.0,0,3,3,2,1,0,0,5,7,0,16.6,1,2015-16
22015,203468,CJ McCollum,1610612757,POR,Portland Trail Blazers,0021500147,2015-11-15,POR @ CHA,L,37,5,18,0.278,2,6,0.333,4,4,1.0,0,2,2,4,1,0,0,2,16,-12,27.4,1,2015-16
22015,1626192,Pat Connaughton,1610612757,POR,Portland Trail Blazers,0021500147,2015-11-15,POR @ CHA,L,1,0,0,,0,0,,0,0,,0,0,0,0,0,0,0,0,0,2,0.0,1,2015-16
22015,201956,Omri Casspi,1610612758,SAC,Sacramento Kings,0021500150,2015-11-15,SAC vs. TOR,W,26,6,9,0.667,1,4,0.25,1,1,1.0,2,3,5,0,2,1,2,1,14,-10,27.0,1,2015-16
22015,1626161,Willie Cauley-Stein,1610612758,SAC,Sacramento Kings,0021500150,2015-11-15,SAC vs. TOR,W,8,0,0,,0,0,,0,0,,1,3,4,0,0,1,1,1,0,3,6.8,1,2015-16
22015,202713,Kyle Singler,1610612760,OKC,Oklahoma City Thunder,0021500149,2015-11-15,OKC vs. BOS,L,19,3,5,0.6,2,4,0.5,0,0,,0,2,2,0,1,0,3,1,8,-14,10.4,1,2015-16
22015,203079,Dion Waiters,1610612760,OKC,Oklahoma City Thunder,0021500149,2015-11-15,OKC vs. BOS,L,29,3,11,0.273,1,2,0.5,0,0,,0,2,2,0,1,0,3,4,7,-20,9.4,1,2015-16
22015,201949,James Johnson,1610612761,TOR,Toronto Raptors,0021500150,2015-11-15,TOR @ SAC,L,12,0,2,0.0,0,0,,1,2,0.5,0,3,3,1,2,0,1,1,1,8,11.1,1,2015-16
22015,202685,Jonas Valančiūnas,1610612761,TOR,Toronto Raptors,0021500150,2015-11-15,TOR @ SAC,L,20,2,9,0.222,0,0,,0,0,,3,2,5,0,0,0,0,2,4,-5,10.0,1,2015-16
22015,202687,Bismack Biyombo,1610612761,TOR,Toronto Raptors,0021500150,2015-11-15,TOR @ SAC,L,27,1,2,0.5,0,0,,2,2,1.0,1,5,6,1,0,0,1,4,4,-2,11.7,1,2015-16
22015,203497,Rudy Gobert,1610612762,UTA,Utah Jazz,0021500148,2015-11-15,UTA @ ATL,W,38,3,4,0.75,0,0,,5,7,0.714,3,8,11,3,2,3,4,4,11,2,39.7,1,2015-16
22015,2216,Zach Randolph,1610612763,MEM,Memphis Grizzlies,0021500146,2015-11-15,MEM @ MIN,W,28,6,8,0.75,0,0,,2,2,1.0,1,7,8,1,1,1,1,1,14,2,30.1,1,2015-16
22015,201584,Courtney Lee,1610612763,MEM,Memphis Grizzlies,0021500146,2015-11-15,MEM @ MIN,W,28,3,7,0.429,1,1,1.0,0,0,,0,6,6,0,1,1,0,2,7,13,20.2,1,2015-16
22015,203083,Andre Drummond,1610612765,DET,Detroit Pistons,0021500151,2015-11-15,DET @ LAL,L,41,8,18,0.444,0,0,,1,2,0.5,4,13,17,3,1,0,2,5,17,-5,42.9,1,2015-16
22015,202391,Jeremy Lin,1610612766,CHA,Charlotte Hornets,0021500147,2015-11-15,CHA vs. POR,W,20,2,9,0.222,1,4,0.25,0,0,,0,0,0,3,1,1,1,1,5,6,14.5,1,2015-16
22015,203148,Brian Roberts,1610612766,CHA,Charlotte Hornets,0021500147,2015-11-15,CHA vs. POR,W,3,0,0,,0,0,,0,0,,1,0,1,1,0,0,0,0,0,-7,2.7,1,2015-16
22015,203469,Cody Zeller,1610612766,CHA,Charlotte Hornets,0021500147,2015-11-15,CHA vs. POR,W,21,0,4,0.0,0,2,0.0,1,2,0.5,3,3,6,2,0,2,1,1,1,7,16.2,1,2015-16
22015,201143,Al Horford,1610612737,ATL,Atlanta Hawks,0021500148,2015-11-15,ATL vs. UTA,L,31,7,16,0.438,2,6,0.333,0,0,,2,3,5,5,1,1,1,1,16,-7,34.5,1,2015-16
22015,203488,Mike Muscala,1610612737,ATL,Atlanta Hawks,0021500148,2015-11-15,ATL vs. UTA,L,10,0,0,,0,0,,0,0,,0,1,1,1,1,0,1,1,0,-7,4.7,1,2015-16
22015,101161,Amir Johnson,1610612738,BOS,Boston Celtics,0021500149,2015-11-15,BOS @ OKC,W,30,3,5,0.6,0,0,,1,2,0.5,1,4,5,0,0,3,2,4,7,0,20.0,1,2015-16
22015,202738,Isaiah Thomas,1610612738,BOS,Boston Celtics,0021500149,2015-11-15,BOS @ OKC,W,34,8,18,0.444,3,9,0.333,1,1,1.0,1,1,2,8,0,0,2,2,20,15,32.4,1,2015-16
22015,203096,Jared Sullinger,1610612738,BOS,Boston Celtics,0021500149,2015-11-15,BOS @ OKC,W,31,3,11,0.273,0,3,0.0,2,3,0.667,5,10,15,3,4,1,3,3,8,5,42.5,1,2015-16
22015,203935,Marcus Smart,1610612738,BOS,Boston Celtics,0021500149,2015-11-15,BOS @ OKC,W,34,9,14,0.643,3,5,0.6,5,8,0.625,2,6,8,3,1,1,1,3,26,7,45.1,1,2015-16
22015,1897,Metta World Peace,1610612747,LAL,Los Angeles Lakers,0021500151,2015-11-15,LAL vs. DET,W,12,0,3,0.0,0,2,0.0,5,7,0.714,1,0,1,1,0,0,0,3,5,-2,7.7,1,2015-16
22015,203944,Julius Randle,1610612747,LAL,Los Angeles Lakers,0021500151,2015-11-15,LAL vs. DET,W,31,3,8,0.375,0,0,,2,3,0.667,3,5,8,2,1,1,2,2,8,-3,24.6,1,2015-16
22015,203476,Gorgui Dieng,1610612750,MIN,Minnesota Timberwolves,0021500146,2015-11-15,MIN vs. MEM,L,16,2,3,0.667,0,0,,4,4,1.0,1,4,5,0,0,0,2,1,8,-9,12.0,1,2015-16
22015,2546,Carmelo Anthony,1610612752,NYK,New York Knicks,0021500145,2015-11-15,NYK vs. NOP,W,39,11,21,0.524,1,5,0.2,6,7,0.857,1,12,13,3,1,0,2,2,29,10,50.1,1,2015-16
22015,2756,Sasha Vujacic,1610612752,NYK,New York Knicks,0021500145,2015-11-15,NYK vs. NOP,W,6,0,2,0.0,0,1,0.0,0,0,,1,0,1,0,0,0,0,1,0,2,1.2,1,2015-16
22015,200811,Lou Amundson,1610612752,NYK,New York Knicks,0021500145,2015-11-15,NYK vs. NOP,W,10,1,3,0.333,0,0,,1,2,0.5,2,0,2,0,0,0,0,1,3,-7,5.4,1,2015-16
22015,202498,Lance Thomas,1610612752,NYK,New York Knicks,0021500145,2015-11-15,NYK vs. NOP,W,20,2,8,0.25,1,3,0.333,2,2,1.0,0,1,1,0,0,0,1,1,7,5,7.2,1,2015-16
22015,202682,Derrick Williams,1610612752,NYK,New York Knicks,0021500145,2015-11-15,NYK vs. NOP,W,6,0,2,0.0,0,0,,0,0,,1,1,2,2,1,0,0,1,0,2,8.4,1,2015-16
22015,204038,Langston Galloway,1610612752,NYK,New York Knicks,0021500145,2015-11-15,NYK vs. NOP,W,26,5,6,0.833,1,2,0.5,4,4,1.0,1,2,3,1,2,0,1,0,15,-1,25.1,1,2015-16
22015,1626170,Jerian Grant,1610612752,NYK,New York Knicks,0021500145,2015-11-15,NYK vs. NOP,W,26,3,6,0.5,0,1,0.0,1,2,0.5,0,1,1,3,0,0,2,2,7,5,10.7,1,2015-16
22015,203090,Maurice Harkless,1610612757,POR,Portland Trail Blazers,0021500147,2015-11-15,POR @ CHA,L,21,1,3,0.333,0,1,0.0,2,2,1.0,2,0,2,1,1,0,0,0,4,-5,10.9,1,2015-16
22015,203486,Mason Plumlee,1610612757,POR,Portland Trail Blazers,0021500147,2015-11-15,POR @ CHA,L,24,2,6,0.333,0,0,,4,4,1.0,7,6,13,1,0,1,2,4,8,-10,26.1,1,2015-16
22015,203943,Noah Vonleh,1610612757,POR,Portland Trail Blazers,0021500147,2015-11-15,POR @ CHA,L,24,3,6,0.5,0,1,0.0,3,4,0.75,3,3,6,1,0,0,2,3,9,-6,15.7,1,2015-16
22015,202326,DeMarcus Cousins,1610612758,SAC,Sacramento Kings,0021500150,2015-11-15,SAC vs. TOR,W,41,12,22,0.545,3,6,0.5,9,12,0.75,1,9,10,3,1,3,3,3,36,15,61.5,1,2015-16
22015,2555,Nick Collison,1610612760,OKC,Oklahoma City Thunder,0021500149,2015-11-15,OKC vs. BOS,L,15,1,3,0.333,0,0,,2,2,1.0,1,3,4,2,1,0,1,3,4,-12,13.8,1,2015-16
22015,201586,Serge Ibaka,1610612760,OKC,Oklahoma City Thunder,0021500149,2015-11-15,OKC vs. BOS,L,35,8,16,0.5,0,1,0.0,0,0,,4,6,10,0,0,3,0,1,16,1,37.0,1,2015-16
22015,201942,DeMar DeRozan,1610612761,TOR,Toronto Raptors,0021500150,2015-11-15,TOR @ SAC,L,37,9,22,0.409,0,3,0.0,6,8,0.75,0,4,4,5,5,0,4,0,24,-12,47.3,1,2015-16
22015,202335,Patrick Patterson,1610612761,TOR,Toronto Raptors,0021500150,2015-11-15,TOR @ SAC,L,19,3,5,0.6,3,4,0.75,0,0,,1,3,4,0,0,0,0,1,9,9,13.8,1,2015-16
22015,202330,Gordon Hayward,1610612762,UTA,Utah Jazz,0021500148,2015-11-15,UTA @ ATL,W,38,3,9,0.333,0,4,0.0,1,2,0.5,2,4,6,2,0,0,3,1,7,3,14.2,1,2015-16
22015,203918,Rodney Hood,1610612762,UTA,Utah Jazz,0021500148,2015-11-15,UTA @ ATL,W,37,8,17,0.471,4,9,0.444,0,0,,0,0,0,3,1,0,1,3,20,-4,26.5,1,2015-16
22015,204060,Joe Ingles,1610612762,UTA,Utah Jazz,0021500148,2015-11-15,UTA @ ATL,W,3,1,1,1.0,0,0,,0,0,,0,0,0,0,0,0,1,0,2,-1,1.0,1,2015-16
22015,201144,Mike Conley,1610612763,MEM,Memphis Grizzlies,0021500146,2015-11-15,MEM @ MIN,W,33,7,14,0.5,4,6,0.667,2,4,0.5,0,0,0,7,2,0,1,0,20,5,35.5,1,2015-16
22015,201145,Jeff Green,1610612763,MEM,Memphis Grizzlies,0021500146,2015-11-15,MEM @ MIN,W,35,7,12,0.583,1,3,0.333,6,6,1.0,1,3,4,3,0,0,2,2,21,2,28.3,1,2015-16
22015,203484,Kentavious Caldwell-Pope,1610612765,DET,Detroit Pistons,0021500151,2015-11-15,DET @ LAL,L,33,4,15,0.267,2,5,0.4,0,1,0.0,1,2,3,2,2,0,0,1,10,0,22.6,1,2015-16
22015,2744,Al Jefferson,1610612766,CHA,Charlotte Hornets,0021500147,2015-11-15,CHA vs. POR,W,30,13,17,0.765,0,0,,3,4,0.75,2,3,5,3,1,1,2,4,29,10,43.5,1,2015-16
22015,101107,Marvin Williams,1610612766,CHA,Charlotte Hornets,0021500147,2015-11-15,CHA vs. POR,W,34,3,8,0.375,0,3,0.0,1,2,0.5,0,8,8,2,1,2,1,2,7,9,27.6,1,2015-16
22015,201587,Nicolas Batum,1610612766,CHA,Charlotte Hornets,0021500147,2015-11-15,CHA vs. POR,W,39,11,19,0.579,5,10,0.5,6,7,0.857,0,5,5,6,0,0,2,2,33,5,46.0,1,2015-16
22015,203109,Jae Crowder,1610612738,BOS,Boston Celtics,0021500149,2015-11-15,BOS @ OKC,W,25,4,9,0.444,1,3,0.333,1,1,1.0,1,2,3,0,0,1,2,1,10,-2,14.6,1,2015-16
22015,201582,Alexis Ajinca,1610612740,NOP,New Orleans Pelicans,0021500145,2015-11-15,NOP @ NYK,L,7,0,1,0.0,0,0,,0,0,,1,0,1,0,0,0,3,2,0,-9,-1.8,1,2015-16
22015,101150,Lou Williams,1610612747,LAL,Los Angeles Lakers,0021500151,2015-11-15,LAL vs. DET,W,20,1,4,0.25,0,1,0.0,2,4,0.5,0,2,2,4,0,0,1,2,4,11,11.4,1,2015-16
22015,1626157,Karl-Anthony Towns,1610612750,MIN,Minnesota Timberwolves,0021500146,2015-11-15,MIN vs. MEM,L,32,5,11,0.455,0,1,0.0,4,4,1.0,3,6,9,1,0,1,3,4,14,1,26.3,1,2015-16
22015,203112,Quincy Acy,1610612758,SAC,Sacramento Kings,0021500150,2015-11-15,SAC vs. TOR,W,15,1,2,0.5,0,0,,0,0,,0,3,3,1,0,0,0,3,2,-5,7.1,1,2015-16
22015,201566,Russell Westbrook,1610612760,OKC,Oklahoma City Thunder,0021500149,2015-11-15,OKC vs. BOS,L,33,5,20,0.25,2,10,0.2,15,17,0.882,1,3,4,5,3,2,4,4,27,-7,50.3,1,2015-16
22015,202709,Cory Joseph,1610612761,TOR,Toronto Raptors,0021500150,2015-11-15,TOR @ SAC,L,26,8,10,0.8,1,1,1.0,0,0,,0,4,4,4,0,0,1,3,17,-2,26.8,1,2015-16
22015,202344,Trevor Booker,1610612762,UTA,Utah Jazz,0021500148,2015-11-15,UTA @ ATL,W,19,2,4,0.5,0,0,,0,0,,1,6,7,2,1,1,1,1,4,1,20.4,1,2015-16
22015,2754,Tony Allen,1610612763,MEM,Memphis Grizzlies,0021500146,2015-11-15,MEM @ MIN,W,23,4,6,0.667,0,1,0.0,0,0,,0,1,1,1,2,0,2,4,8,-11,14.7,1,2015-16
22015,202704,Reggie Jackson,1610612765,DET,Detroit Pistons,0021500151,2015-11-15,DET @ LAL,L,24,4,11,0.364,1,4,0.25,0,0,,0,4,4,3,0,0,5,1,9,-13,13.3,1,2015-16
22015,202689,Kemba Walker,1610612766,CHA,Charlotte Hornets,0021500147,2015-11-15,CHA vs. POR,W,36,5,12,0.417,2,5,0.4,2,2,1.0,0,4,4,5,2,0,2,2,14,2,30.3,1,2015-16
22015,202340,Avery Bradley,1610612738,BOS,Boston Celtics,0021500154,2015-11-16,BOS @ HOU,W,20,8,14,0.571,4,7,0.571,1,2,0.5,0,1,1,2,1,0,2,1,21,18,26.2,1,2015-16
22015,203092,Tyler Zeller,1610612738,BOS,Boston Celtics,0021500154,2015-11-16,BOS @ HOU,W,14,3,6,0.5,0,0,,3,4,0.75,1,4,5,0,1,0,2,2,9,-18,16.0,1,2015-16
22015,2585,Zaza Pachulia,1610612742,DAL,Dallas Mavericks,0021500152,2015-11-16,DAL @ PHI,W,29,0,1,0.0,0,0,,2,4,0.5,1,5,6,2,1,0,2,3,2,2,13.2,1,2015-16
22015,101109,Raymond Felton,1610612742,DAL,Dallas Mavericks,0021500152,2015-11-16,DAL @ PHI,W,25,1,5,0.2,0,1,0.0,0,0,,0,3,3,3,0,0,3,1,2,7,7.1,1,2015-16
22015,2772,Trevor Ariza,1610612745,HOU,Houston Rockets,0021500154,2015-11-16,HOU vs. BOS,L,32,7,16,0.438,4,10,0.4,1,1,1.0,1,8,9,0,3,1,4,2,19,-23,37.8,1,2015-16
22015,201935,James Harden,1610612745,HOU,Houston Rockets,0021500154,2015-11-16,HOU vs. BOS,L,30,4,10,0.4,4,7,0.571,4,4,1.0,0,1,1,3,0,0,4,4,16,-27,17.7,1,2015-16
22015,203093,Terrence Jones,1610612745,HOU,Houston Rockets,0021500154,2015-11-16,HOU vs. BOS,L,28,7,14,0.5,0,1,0.0,1,4,0.25,3,5,8,4,1,0,1,2,15,6,32.6,1,2015-16
22015,203991,Clint Capela,1610612745,HOU,Houston Rockets,0021500154,2015-11-16,HOU vs. BOS,L,18,2,4,0.5,0,0,,1,4,0.25,4,3,7,1,1,2,0,0,5,-5,23.9,1,2015-16
22015,201579,Roy Hibbert,1610612747,LAL,Los Angeles Lakers,0021500157,2015-11-16,LAL @ PHX,L,31,6,9,0.667,0,0,,2,2,1.0,1,6,7,3,1,0,3,3,14,-4,26.9,1,2015-16
22015,204028,Tarik Black,1610612747,LAL,Los Angeles Lakers,0021500157,2015-11-16,LAL @ PHX,L,2,0,0,,0,0,,0,0,,0,0,0,0,0,0,0,0,0,-1,0.0,1,2015-16
22015,201941,Jordan Hill,1610612754,IND,Indiana Pacers,0021500153,2015-11-16,IND @ CHI,L,27,1,7,0.143,0,0,,3,4,0.75,4,8,12,3,0,1,1,1,5,-1,25.9,1,2015-16
22015,202730,Lavoy Allen,1610612754,IND,Indiana Pacers,0021500153,2015-11-16,IND @ CHI,L,24,4,7,0.571,0,0,,0,1,0.0,1,5,6,2,0,1,1,2,8,-5,20.2,1,2015-16
22015,203524,Solomon Hill,1610612754,IND,Indiana Pacers,0021500153,2015-11-16,IND @ CHI,L,13,2,5,0.4,0,2,0.0,0,0,,1,0,1,0,0,0,1,0,4,-7,4.2,1,2015-16
22015,202339,Eric Bledsoe,1610612756,PHX,Phoenix Suns,0021500157,2015-11-16,PHX vs. LAL,W,28,8,16,0.5,2,6,0.333,3,4,0.75,1,0,1,3,2,0,5,3,21,7,27.7,1,2015-16
22015,201980,Danny Green,1610612759,SAS,San Antonio Spurs,0021500156,2015-11-16,SAS vs. POR,W,29,5,10,0.5,2,5,0.4,0,0,,0,1,1,2,0,1,1,1,12,2,18.2,1,2015-16
22015,201988,Patty Mills,1610612759,SAS,San Antonio Spurs,0021500156,2015-11-16,SAS vs. POR,W,21,2,8,0.25,0,2,0.0,0,0,,1,2,3,3,1,0,1,0,4,5,14.1,1,2015-16
22015,203937,Kyle Anderson,1610612759,SAS,San Antonio Spurs,0021500156,2015-11-16,SAS vs. POR,W,7,0,2,0.0,0,1,0.0,0,0,,0,3,3,1,0,1,2,1,0,1,6.1,1,2015-16
22015,202713,Kyle Singler,1610612760,OKC,Oklahoma City Thunder,0021500155,2015-11-16,OKC @ MEM,L,12,0,5,0.0,0,4,0.0,0,0,,0,0,0,0,1,0,0,4,0,1,3.0,1,2015-16
22015,203500,Steven Adams,1610612760,OKC,Oklahoma City Thunder,0021500155,2015-11-16,OKC @ MEM,L,27,4,5,0.8,0,0,,6,8,0.75,5,2,7,1,0,1,2,6,14,-4,24.9,1,2015-16
22015,2216,Zach Randolph,1610612763,MEM,Memphis Grizzlies,0021500155,2015-11-16,MEM vs. OKC,W,29,4,16,0.25,0,0,,4,4,1.0,5,5,10,2,0,0,1,1,12,4,26.0,1,2015-16
22015,201144,Mike Conley,1610612763,MEM,Memphis Grizzlies,0021500155,2015-11-16,MEM vs. OKC,W,31,8,13,0.615,4,5,0.8,2,3,0.667,1,3,4,9,2,0,0,1,22,-4,46.3,1,2015-16
22015,101161,Amir Johnson,1610612738,BOS,Boston Celtics,0021500154,2015-11-16,BOS @ HOU,W,22,3,5,0.6,0,0,,0,0,,2,4,6,3,3,1,0,2,6,20,29.7,1,2015-16
22015,201149,Joakim Noah,1610612741,CHI,Chicago Bulls,0021500153,2015-11-16,CHI vs. IND,W,21,4,7,0.571,0,0,,0,1,0.0,0,6,6,4,1,0,0,2,8,-2,24.2,1,2015-16
22015,201565,Derrick Rose,1610612741,CHI,Chicago Bulls,0021500153,2015-11-16,CHI vs. IND,W,33,9,18,0.5,2,2,1.0,3,4,0.75,1,1,2,6,2,1,0,3,23,5,43.4,1,2015-16
22015,200826,J.J. Barea,1610612742,DAL,Dallas Mavericks,0021500152,2015-11-16,DAL @ PHI,W,13,3,6,0.5,1,2,0.5,2,2,1.0,0,1,1,1,0,0,1,1,9,-8,10.7,1,2015-16
22015,1891,Jason Terry,1610612745,HOU,Houston Rockets,0021500154,2015-11-16,HOU vs. BOS,L,18,1,4,0.25,0,2,0.0,1,1,1.0,0,1,1,3,0,1,3,3,3,-18,8.7,1,2015-16
22015,203909,KJ McDaniels,1610612745,HOU,Houston Rockets,0021500154,2015-11-16,HOU vs. BOS,L,10,1,3,0.333,0,0,,0,2,0.0,1,0,1,1,0,1,0,1,2,9,7.7,1,2015-16
22015,1626149,Montrezl Harrell,1610612745,HOU,Houston Rockets,0021500154,2015-11-16,HOU vs. BOS,L,12,2,3,0.667,0,0,,0,0,,0,2,2,0,0,0,2,1,4,0,4.4,1,2015-16
22015,101138,Brandon Bass,1610612747,LAL,Los Angeles Lakers,0021500157,2015-11-16,LAL @ PHX,L,15,1,3,0.333,0,0,,0,0,,1,3,4,0,2,1,1,2,2,-14,14.8,1,2015-16
22015,1626148,Anthony Brown,1610612747,LAL,Los Angeles Lakers,0021500157,2015-11-16,LAL @ PHX,L,2,0,0,,0,0,,0,0,,0,0,0,0,0,0,0,0,0,-1,0.0,1,2015-16
22015,101145,Monta Ellis,1610612754,IND,Indiana Pacers,0021500153,2015-11-16,IND @ CHI,L,36,9,20,0.45,0,2,0.0,2,2,1.0,2,2,4,6,1,1,3,5,20,6,36.8,1,2015-16
22015,201978,Chase Budinger,1610612754,IND,Indiana Pacers,0021500153,2015-11-16,IND @ CHI,L,18,0,2,0.0,0,1,0.0,0,0,,0,4,4,0,1,0,1,1,0,-1,6.8,1,2015-16
22015,202331,Paul George,1610612754,IND,Indiana Pacers,0021500153,2015-11-16,IND @ CHI,L,39,9,20,0.45,4,5,0.8,4,6,0.667,1,6,7,5,0,0,4,3,26,5,37.9,1,2015-16
22015,203496,Robert Covington,1610612755,PHI,Philadelphia 76ers,0021500152,2015-11-16,PHI vs. DAL,L,20,2,8,0.25,0,4,0.0,3,4,0.75,2,3,5,2,1,0,4,4,7,9,15.0,1,2015-16
22015,203960,JaKarr Sampson,1610612755,PHI,Philadelphia 76ers,0021500152,2015-11-16,PHI vs. DAL,L,15,3,3,1.0,0,0,,1,2,0.5,0,2,2,2,0,0,3,3,7,3,9.4,1,2015-16
22015,1626143,Jahlil Okafor,1610612755,PHI,Philadelphia 76ers,0021500152,2015-11-16,PHI vs. DAL,L,33,8,15,0.533,0,0,,3,3,1.0,2,9,11,1,1,2,4,5,19,-13,38.7,1,2015-16
22015,203458,Alex Len,1610612756,PHX,Phoenix Suns,0021500157,2015-11-16,PHX vs. LAL,W,25,4,7,0.571,0,0,,2,3,0.667,2,4,6,0,0,3,0,2,10,18,26.2,1,2015-16
22015,2549,Chris Kaman,1610612757,POR,Portland Trail Blazers,0021500156,2015-11-16,POR @ SAS,L,20,1,7,0.143,0,0,,0,0,,1,3,4,1,0,0,0,2,2,-3,8.3,1,2015-16
22015,203090,Maurice Harkless,1610612757,POR,Portland Trail Blazers,0021500156,2015-11-16,POR @ SAS,L,12,2,4,0.5,1,2,0.5,0,0,,0,1,1,0,0,0,0,2,5,-16,6.2,1,2015-16
22015,203468,CJ McCollum,1610612757,POR,Portland Trail Blazers,0021500156,2015-11-16,POR @ SAS,L,34,6,14,0.429,0,2,0.0,3,4,0.75,1,2,3,2,1,0,1,1,15,-2,23.6,1,2015-16
22015,203943,Noah Vonleh,1610612757,POR,Portland Trail Blazers,0021500156,2015-11-16,POR @ SAS,L,22,1,2,0.5,1,1,1.0,0,0,,0,6,6,1,0,0,0,3,3,-5,11.7,1,2015-16
22015,1626146,Cliff Alexander,1610612757,POR,Portland Trail Blazers,0021500156,2015-11-16,POR @ SAS,L,3,0,1,0.0,0,0,,0,0,,0,0,0,0,0,1,0,0,0,-3,3.0,1,2015-16
22015,2446,Rasual Butler,1610612759,SAS,San Antonio Spurs,0021500156,2015-11-16,SAS vs. POR,W,7,0,3,0.0,0,2,0.0,1,2,0.5,0,0,0,0,2,0,0,0,1,6,7.0,1,2015-16
22015,201571,D.J. Augustin,1610612760,OKC,Oklahoma City Thunder,0021500155,2015-11-16,OKC @ MEM,L,16,2,6,0.333,1,2,0.5,0,0,,1,0,1,1,1,0,0,4,5,-14,10.7,1,2015-16
22015,1626166,Cameron Payne,1610612760,OKC,Oklahoma City Thunder,0021500155,2015-11-16,OKC @ MEM,L,12,1,2,0.5,1,1,1.0,0,0,,0,1,1,1,0,0,1,2,3,-8,4.7,1,2015-16
22015,2754,Tony Allen,1610612763,MEM,Memphis Grizzlies,0021500155,2015-11-16,MEM vs. OKC,W,27,3,6,0.5,0,0,,0,0,,1,0,1,2,3,0,0,3,6,0,19.2,1,2015-16
22015,201188,Marc Gasol,1610612763,MEM,Memphis Grizzlies,0021500155,2015-11-16,MEM vs. OKC,W,35,7,13,0.538,0,0,,3,3,1.0,1,5,6,6,0,1,4,5,17,11,32.2,1,2015-16
22015,203210,JaMychal Green,1610612763,MEM,Memphis Grizzlies,0021500155,2015-11-16,MEM vs. OKC,W,30,1,5,0.2,1,1,1.0,2,2,1.0,1,2,3,0,1,2,0,3,5,0,17.6,1,2015-16
22015,101135,David Lee,1610612738,BOS,Boston Celtics,0021500154,2015-11-16,BOS @ HOU,W,5,0,1,0.0,0,0,,0,0,,2,1,3,0,0,0,0,2,0,-6,3.6,1,2015-16
22015,1626154,RJ Hunter,1610612738,BOS,Boston Celtics,0021500154,2015-11-16,BOS @ HOU,W,11,0,2,0.0,0,2,0.0,0,0,,0,0,0,0,1,0,0,1,0,-9,3.0,1,2015-16
22015,202710,Jimmy Butler III,1610612741,CHI,Chicago Bulls,0021500153,2015-11-16,CHI vs. IND,W,36,6,12,0.5,0,0,,5,8,0.625,0,3,3,4,2,1,2,5,17,-1,33.6,1,2015-16
22015,203926,Doug McDermott,1610612741,CHI,Chicago Bulls,0021500153,2015-11-16,CHI vs. IND,W,17,4,9,0.444,1,2,0.5,2,2,1.0,0,1,1,0,0,1,0,1,11,5,15.2,1,2015-16
22015,2734,Devin Harris,1610612742,DAL,Dallas Mavericks,0021500152,2015-11-16,DAL @ PHI,W,23,3,7,0.429,0,1,0.0,3,4,0.75,0,3,3,2,4,0,3,2,9,-3,24.6,1,2015-16
22015,101111,Charlie Villanueva,1610612742,DAL,Dallas Mavericks,0021500152,2015-11-16,DAL @ PHI,W,8,1,5,0.2,1,2,0.5,0,0,,2,1,3,0,0,0,0,2,3,14,6.6,1,2015-16
22015,202379,Jeremy Evans,1610612742,DAL,Dallas Mavericks,0021500152,2015-11-16,DAL @ PHI,W,1,0,0,,0,0,,0,0,,0,0,0,0,0,0,1,0,0,1,-1.0,1,2015-16
22015,1626147,Justin Anderson,1610612742,DAL,Dallas Mavericks,0021500152,2015-11-16,DAL @ PHI,W,2,0,0,,0,0,,0,0,,0,0,0,0,0,0,0,0,0,-3,0.0,1,2015-16
22015,201147,Corey Brewer,1610612745,HOU,Houston Rockets,0021500154,2015-11-16,HOU vs. BOS,L,24,4,14,0.286,1,7,0.143,2,3,0.667,0,3,3,2,3,0,2,2,11,-2,24.6,1,2015-16
22015,201951,Ty Lawson,1610612745,HOU,Houston Rockets,0021500154,2015-11-16,HOU vs. BOS,L,27,3,5,0.6,0,1,0.0,1,2,0.5,1,1,2,5,1,0,4,0,7,-12,15.9,1,2015-16
22015,1897,Metta World Peace,1610612747,LAL,Los Angeles Lakers,0021500157,2015-11-16,LAL @ PHX,L,21,4,6,0.667,2,3,0.667,2,4,0.5,0,4,4,1,0,0,0,1,12,-3,18.3,1,2015-16
22015,201156,Nick Young,1610612747,LAL,Los Angeles Lakers,0021500157,2015-11-16,LAL @ PHX,L,25,4,9,0.444,1,5,0.2,2,2,1.0,0,3,3,0,0,0,2,2,11,-15,12.6,1,2015-16
22015,203944,Julius Randle,1610612747,LAL,Los Angeles Lakers,0021500157,2015-11-16,LAL @ PHX,L,25,2,6,0.333,0,0,,2,2,1.0,1,4,5,2,0,0,4,5,6,-1,11.0,1,2015-16
22015,101139,CJ Miles,1610612754,IND,Indiana Pacers,0021500153,2015-11-16,IND @ CHI,L,27,6,12,0.5,5,8,0.625,2,3,0.667,0,2,2,0,1,0,0,2,19,7,24.4,1,2015-16
22015,202334,Ed Davis,1610612757,POR,Portland Trail Blazers,0021500156,2015-11-16,POR @ SAS,L,17,0,2,0.0,0,0,,0,0,,0,4,4,0,0,0,2,1,0,-12,2.8,1,2015-16
22015,203486,Mason Plumlee,1610612757,POR,Portland Trail Blazers,0021500156,2015-11-16,POR @ SAS,L,31,3,4,0.75,0,0,,2,2,1.0,0,5,5,3,2,0,2,1,8,-1,22.5,1,2015-16
22015,1495,Tim Duncan,1610612759,SAS,San Antonio Spurs,0021500156,2015-11-16,SAS vs. POR,W,29,4,8,0.5,0,0,,2,3,0.667,4,5,9,2,0,2,2,0,10,0,27.8,1,2015-16
22015,200746,LaMarcus Aldridge,1610612759,SAS,San Antonio Spurs,0021500156,2015-11-16,SAS vs. POR,W,34,2,8,0.25,0,0,,2,2,1.0,2,4,6,1,0,1,0,3,6,6,17.7,1,2015-16
22015,2440,Matt Barnes,1610612763,MEM,Memphis Grizzlies,0021500155,2015-11-16,MEM vs. OKC,W,12,1,2,0.5,1,2,0.5,2,2,1.0,2,0,2,0,1,0,1,3,5,7,9.4,1,2015-16
22015,201145,Jeff Green,1610612763,MEM,Memphis Grizzlies,0021500155,2015-11-16,MEM vs. OKC,W,34,5,13,0.385,2,2,1.0,8,8,1.0,1,4,5,1,2,1,2,2,20,-1,34.5,1,2015-16
22015,201596,Mario Chalmers,1610612763,MEM,Memphis Grizzlies,0021500155,2015-11-16,MEM vs. OKC,W,23,6,13,0.462,4,7,0.571,13,15,0.867,0,2,2,1,1,0,1,3,29,9,34.9,1,2015-16
22015,203893,Russ Smith,1610612763,MEM,Memphis Grizzlies,0021500155,2015-11-16,MEM vs. OKC,W,0,0,0,,0,0,,0,0,,0,0,0,0,0,0,0,0,0,0,0.0,1,2015-16
22015,203096,Jared Sullinger,1610612738,BOS,Boston Celtics,0021500154,2015-11-16,BOS @ HOU,W,25,4,9,0.444,1,2,0.5,0,0,,4,2,6,3,0,1,0,1,9,20,23.7,1,2015-16
22015,203935,Marcus Smart,1610612738,BOS,Boston Celtics,0021500154,2015-11-16,BOS @ HOU,W,30,1,11,0.091,0,6,0.0,2,4,0.5,1,8,9,6,5,0,5,3,4,30,33.8,1,2015-16
22015,1626179,Terry Rozier,1610612738,BOS,Boston Celtics,0021500154,2015-11-16,BOS @ HOU,W,6,1,3,0.333,0,1,0.0,0,0,,0,0,0,1,0,0,1,0,2,-13,2.5,1,2015-16
22015,202734,E'Twaun Moore,1610612741,CHI,Chicago Bulls,0021500153,2015-11-16,CHI vs. IND,W,16,1,3,0.333,0,2,0.0,0,0,,0,2,2,1,1,0,0,0,2,4,8.9,1,2015-16
22015,1717,Dirk Nowitzki,1610612742,DAL,Dallas Mavericks,0021500152,2015-11-16,DAL @ PHI,W,31,6,16,0.375,3,6,0.5,6,6,1.0,0,5,5,0,1,1,1,4,21,-4,32.0,1,2015-16
22015,101114,Deron Williams,1610612742,DAL,Dallas Mavericks,0021500152,2015-11-16,DAL @ PHI,W,33,3,10,0.3,0,2,0.0,6,6,1.0,0,3,3,6,1,0,2,3,12,12,25.6,1,2015-16
22015,202718,Chandler Parsons,1610612742,DAL,Dallas Mavericks,0021500152,2015-11-16,DAL @ PHI,W,21,8,11,0.727,1,4,0.25,3,3,1.0,0,5,5,1,1,1,1,0,20,6,32.5,1,2015-16
22015,2730,Dwight Howard,1610612745,HOU,Houston Rockets,0021500154,2015-11-16,HOU vs. BOS,L,30,2,4,0.5,0,0,,1,2,0.5,4,8,12,3,0,1,2,4,5,-11,24.9,1,2015-16
22015,201977,Marcus Thornton,1610612745,HOU,Houston Rockets,0021500154,2015-11-16,HOU vs. BOS,L,12,3,8,0.375,2,4,0.5,0,0,,0,0,0,1,1,0,0,1,8,3,12.5,1,2015-16
22015,1626156,D'Angelo Russell,1610612747,LAL,Los Angeles Lakers,0021500157,2015-11-16,LAL @ PHX,L,27,5,13,0.385,1,3,0.333,2,2,1.0,2,2,4,2,1,1,1,2,13,-5,25.8,1,2015-16
22015,1626273,Marcelo Huertas,1610612747,LAL,Los Angeles Lakers,0021500157,2015-11-16,LAL @ PHX,L,14,3,4,0.75,1,2,0.5,0,0,,1,2,3,2,0,0,2,2,7,-6,11.6,1,2015-16
22015,203457,Nerlens Noel,1610612755,PHI,Philadelphia 76ers,0021500152,2015-11-16,PHI vs. DAL,L,38,5,12,0.417,0,0,,2,4,0.5,2,10,12,1,2,1,5,3,12,-4,31.9,1,2015-16
22015,203141,Mirza Teletovic,1610612756,PHX,Phoenix Suns,0021500157,2015-11-16,PHX vs. LAL,W,27,4,10,0.4,3,8,0.375,0,0,,2,2,4,1,1,1,0,1,11,13,23.3,1,2015-16
22015,203933,T.J. Warren,1610612756,PHX,Phoenix Suns,0021500157,2015-11-16,PHX vs. LAL,W,24,9,13,0.692,0,0,,1,2,0.5,2,2,4,0,2,0,0,1,19,16,29.8,1,2015-16
22015,201945,Gerald Henderson,1610612757,POR,Portland Trail Blazers,0021500156,2015-11-16,POR @ SAS,L,9,0,2,0.0,0,2,0.0,0,0,,0,2,2,1,0,1,1,0,0,-3,5.9,1,2015-16
22015,202329,Al-Farouq Aminu,1610612757,POR,Portland Trail Blazers,0021500156,2015-11-16,POR @ SAS,L,36,7,14,0.5,3,5,0.6,0,1,0.0,1,3,4,1,0,0,3,2,17,3,20.3,1,2015-16
22015,203459,Allen Crabbe,1610612757,POR,Portland Trail Blazers,0021500156,2015-11-16,POR @ SAS,L,14,1,4,0.25,1,3,0.333,0,0,,0,3,3,0,0,0,0,2,3,-13,6.6,1,2015-16
22015,2564,Boris Diaw,1610612759,SAS,San Antonio Spurs,0021500156,2015-11-16,SAS vs. POR,W,22,5,8,0.625,0,1,0.0,2,2,1.0,2,6,8,3,1,1,0,1,12,9,32.1,1,2015-16
22015,201586,Serge Ibaka,1610612760,OKC,Oklahoma City Thunder,0021500155,2015-11-16,OKC @ MEM,L,35,8,16,0.5,2,3,0.667,0,2,0.0,1,8,9,0,0,3,2,3,18,2,35.8,1,2015-16
22015,202683,Enes Freedom,1610612760,OKC,Oklahoma City Thunder,0021500155,2015-11-16,OKC @ MEM,L,17,5,6,0.833,0,0,,6,6,1.0,1,6,7,1,0,0,1,3,16,-10,24.9,1,2015-16
22015,201584,Courtney Lee,1610612763,MEM,Memphis Grizzlies,0021500155,2015-11-16,MEM vs. OKC,W,17,2,3,0.667,0,0,,2,2,1.0,0,1,1,2,1,0,1,1,6,14,12.2,1,2015-16
22015,201973,Jonas Jerebko,1610612738,BOS,Boston Celtics,0021500154,2015-11-16,BOS @ HOU,W,14,3,4,0.75,0,0,,0,0,,1,1,2,2,0,0,2,3,6,7,9.4,1,2015-16
22015,202738,Isaiah Thomas,1610612738,BOS,Boston Celtics,0021500154,2015-11-16,BOS @ HOU,W,24,9,12,0.75,4,7,0.571,1,1,1.0,1,2,3,6,2,0,1,0,23,0,40.6,1,2015-16
22015,2550,Kirk Hinrich,1610612741,CHI,Chicago Bulls,0021500153,2015-11-16,CHI vs. IND,W,13,2,6,0.333,0,1,0.0,5,6,0.833,0,1,1,1,2,0,1,2,9,-5,16.7,1,2015-16
22015,201959,Taj Gibson,1610612741,CHI,Chicago Bulls,0021500153,2015-11-16,CHI vs. IND,W,31,3,8,0.375,0,0,,3,6,0.5,5,6,11,5,0,4,1,3,9,-5,40.7,1,2015-16
22015,202703,Nikola Mirotic,1610612741,CHI,Chicago Bulls,0021500153,2015-11-16,CHI vs. IND,W,17,2,7,0.286,1,3,0.333,1,2,0.5,1,5,6,0,0,0,1,1,6,6,12.2,1,2015-16
22015,203503,Tony Snell,1610612741,CHI,Chicago Bulls,0021500153,2015-11-16,CHI vs. IND,W,29,2,5,0.4,2,4,0.5,0,0,,0,3,3,2,1,1,2,2,6,-5,16.6,1,2015-16
22015,202083,Wesley Matthews,1610612742,DAL,Dallas Mavericks,0021500152,2015-11-16,DAL @ PHI,W,29,2,10,0.2,1,6,0.167,2,2,1.0,1,1,2,1,2,0,2,4,7,9,14.9,1,2015-16
22015,203939,Dwight Powell,1610612742,DAL,Dallas Mavericks,0021500152,2015-11-16,DAL @ PHI,W,26,3,5,0.6,0,0,,1,3,0.333,2,6,8,0,2,0,3,3,7,-3,19.6,1,2015-16
22015,101150,Lou Williams,1610612747,LAL,Los Angeles Lakers,0021500157,2015-11-16,LAL @ PHX,L,22,6,12,0.5,2,4,0.5,2,2,1.0,0,2,2,0,0,0,2,2,16,-16,16.4,1,2015-16
22015,203903,Jordan Clarkson,1610612747,LAL,Los Angeles Lakers,0021500157,2015-11-16,LAL @ PHX,L,33,6,12,0.5,2,3,0.667,6,6,1.0,1,1,2,1,0,0,0,2,20,-11,23.9,1,2015-16
22015,1626204,Larry Nance Jr.,1610612747,LAL,Los Angeles Lakers,0021500157,2015-11-16,LAL @ PHX,L,23,0,3,0.0,0,0,,0,0,,0,3,3,1,1,0,1,2,0,-18,7.1,1,2015-16
22015,203922,Glenn Robinson III,1610612754,IND,Indiana Pacers,0021500153,2015-11-16,IND @ CHI,L,16,1,7,0.143,0,2,0.0,2,2,1.0,0,1,1,0,0,0,0,3,4,-6,5.2,1,2015-16
22015,1626202,Joe Young,1610612754,IND,Indiana Pacers,0021500153,2015-11-16,IND @ CHI,L,12,1,2,0.5,0,1,0.0,3,4,0.75,0,1,1,0,0,0,0,1,5,-7,6.2,1,2015-16
22015,203138,Hollis Thompson,1610612755,PHI,Philadelphia 76ers,0021500152,2015-11-16,PHI vs. DAL,L,29,4,6,0.667,3,4,0.75,1,1,1.0,0,3,3,2,1,0,2,3,12,6,19.6,1,2015-16
22015,203477,Isaiah Canaan,1610612755,PHI,Philadelphia 76ers,0021500152,2015-11-16,PHI vs. DAL,L,25,1,9,0.111,1,8,0.125,0,1,0.0,0,1,1,1,1,0,1,0,3,-1,7.7,1,2015-16
22015,203917,Nik Stauskas,1610612755,PHI,Philadelphia 76ers,0021500152,2015-11-16,PHI vs. DAL,L,16,0,4,0.0,0,2,0.0,0,0,,0,2,2,1,0,0,1,2,0,-14,2.9,1,2015-16
22015,203924,Jerami Grant,1610612755,PHI,Philadelphia 76ers,0021500152,2015-11-16,PHI vs. DAL,L,29,5,10,0.5,0,1,0.0,3,5,0.6,1,2,3,0,1,0,3,5,13,-21,16.6,1,2015-16
22015,204456,T.J. McConnell,1610612755,PHI,Philadelphia 76ers,0021500152,2015-11-16,PHI vs. DAL,L,34,6,9,0.667,1,3,0.333,0,0,,1,6,7,6,2,1,4,4,13,5,35.4,1,2015-16
22015,2199,Tyson Chandler,1610612756,PHX,Phoenix Suns,0021500157,2015-11-16,PHX vs. LAL,W,23,0,2,0.0,0,0,,0,0,,4,5,9,0,1,2,0,2,0,1,19.8,1,2015-16
22015,202688,Brandon Knight,1610612756,PHX,Phoenix Suns,0021500157,2015-11-16,PHX vs. LAL,W,41,11,23,0.478,3,8,0.375,5,7,0.714,3,7,10,15,4,0,2,3,30,21,74.5,1,2015-16
22015,202720,Jon Leuer,1610612756,PHX,Phoenix Suns,0021500157,2015-11-16,PHX vs. LAL,W,21,1,5,0.2,1,2,0.5,0,0,,0,3,3,1,1,0,1,0,3,6,10.1,1,2015-16
22015,203462,Archie Goodwin,1610612756,PHX,Phoenix Suns,0021500157,2015-11-16,PHX vs. LAL,W,25,4,9,0.444,0,1,0.0,4,5,0.8,1,5,6,2,1,0,2,0,12,9,23.2,1,2015-16
22015,203081,Damian Lillard,1610612757,POR,Portland Trail Blazers,0021500156,2015-11-16,POR @ SAS,L,42,10,21,0.476,1,4,0.25,6,6,1.0,1,6,7,6,1,1,3,4,27,-10,47.4,1,2015-16
22015,1938,Manu Ginobili,1610612759,SAS,San Antonio Spurs,0021500156,2015-11-16,SAS vs. POR,W,23,7,14,0.5,2,6,0.333,1,1,1.0,0,4,4,3,0,1,0,2,17,18,29.3,1,2015-16
22015,2561,David West,1610612759,SAS,San Antonio Spurs,0021500156,2015-11-16,SAS vs. POR,W,10,1,4,0.25,0,0,,0,0,,1,3,4,4,0,1,0,2,2,8,15.8,1,2015-16
22015,2555,Nick Collison,1610612760,OKC,Oklahoma City Thunder,0021500155,2015-11-16,OKC @ MEM,L,17,1,4,0.25,0,1,0.0,0,0,,1,3,4,1,0,2,1,3,2,-4,13.3,1,2015-16
22015,203079,Dion Waiters,1610612760,OKC,Oklahoma City Thunder,0021500155,2015-11-16,OKC @ MEM,L,38,6,14,0.429,1,3,0.333,1,2,0.5,1,6,7,2,1,0,3,2,14,-14,25.4,1,2015-16
22015,202323,Evan Turner,1610612738,BOS,Boston Celtics,0021500154,2015-11-16,BOS @ HOU,W,18,2,5,0.4,0,2,0.0,3,3,1.0,0,5,5,2,0,0,2,3,7,11,14.0,1,2015-16
22015,203109,Jae Crowder,1610612738,BOS,Boston Celtics,0021500154,2015-11-16,BOS @ HOU,W,28,7,10,0.7,1,3,0.333,1,1,1.0,1,2,3,0,2,0,1,2,16,24,24.6,1,2015-16
22015,203482,Kelly Olynyk,1610612738,BOS,Boston Celtics,0021500154,2015-11-16,BOS @ HOU,W,23,3,11,0.273,1,6,0.167,1,2,0.5,3,3,6,2,1,1,3,2,8,-4,21.2,1,2015-16
22015,2200,Pau Gasol,1610612741,CHI,Chicago Bulls,0021500153,2015-11-16,CHI vs. IND,W,27,2,11,0.182,0,1,0.0,1,3,0.333,3,10,13,3,0,1,1,1,5,3,27.1,1,2015-16
22015,101133,Ian Mahinmi,1610612754,IND,Indiana Pacers,0021500153,2015-11-16,IND @ CHI,L,28,2,5,0.4,0,0,,0,2,0.0,2,10,12,3,1,2,1,3,4,4,30.9,1,2015-16
22015,200782,P.J. Tucker,1610612756,PHX,Phoenix Suns,0021500157,2015-11-16,PHX vs. LAL,W,24,3,7,0.429,1,4,0.25,4,4,1.0,3,4,7,1,1,0,0,4,11,3,23.9,1,2015-16
22015,1626164,Devin Booker,1610612756,PHX,Phoenix Suns,0021500157,2015-11-16,PHX vs. LAL,W,2,1,1,1.0,1,1,1.0,0,0,,0,0,0,0,0,0,0,0,3,1,3.0,1,2015-16
22015,2225,Tony Parker,1610612759,SAS,San Antonio Spurs,0021500156,2015-11-16,SAS vs. POR,W,28,4,9,0.444,0,1,0.0,2,2,1.0,0,0,0,7,3,0,0,2,10,6,29.5,1,2015-16
22015,202695,Kawhi Leonard,1610612759,SAS,San Antonio Spurs,0021500156,2015-11-16,SAS vs. POR,W,31,8,15,0.533,3,5,0.6,0,1,0.0,2,7,9,3,2,2,0,1,19,4,46.3,1,2015-16
22015,201566,Russell Westbrook,1610612760,OKC,Oklahoma City Thunder,0021500155,2015-11-16,OKC @ MEM,L,39,13,19,0.684,5,8,0.625,9,13,0.692,1,3,4,14,3,0,8,1,40,2,66.8,1,2015-16
22015,201627,Anthony Morrow,1610612760,OKC,Oklahoma City Thunder,0021500155,2015-11-16,OKC @ MEM,L,29,1,4,0.25,0,2,0.0,0,0,,1,3,4,1,1,0,1,0,2,9,10.3,1,2015-16
22015,202684,Tristan Thompson,1610612739,CLE,Cleveland Cavaliers,0021500160,2015-11-17,CLE @ DET,L,21,2,5,0.4,0,0,,0,0,,1,8,9,0,1,0,0,1,4,-3,17.8,1,2015-16
22015,202087,Alonzo Gee,1610612740,NOP,New Orleans Pelicans,0021500163,2015-11-17,NOP vs. DEN,L,22,0,1,0.0,0,0,,0,0,,1,5,6,0,0,1,2,4,0,-14,8.2,1,2015-16
22015,203999,Nikola Jokić,1610612743,DEN,Denver Nuggets,0021500163,2015-11-17,DEN @ NOP,W,1,0,0,,0,0,,0,0,,1,0,1,0,0,0,0,0,0,0,1.2,1,2015-16
22015,2738,Andre Iguodala,1610612744,GSW,Golden State Warriors,0021500164,2015-11-17,GSW vs. TOR,W,32,3,3,1.0,1,1,1.0,0,1,0.0,3,0,3,7,0,0,1,4,7,4,20.1,1,2015-16
22015,201939,Stephen Curry,1610612744,GSW,Golden State Warriors,0021500164,2015-11-17,GSW vs. TOR,W,40,13,23,0.565,5,10,0.5,6,7,0.857,0,2,2,9,2,0,7,1,37,11,51.9,1,2015-16
22015,2547,Chris Bosh,1610612748,MIA,Miami Heat,0021500161,2015-11-17,MIA vs. MIN,L,32,5,12,0.417,0,5,0.0,0,0,,2,5,7,0,0,1,1,2,10,-36,20.4,1,2015-16
22015,204020,Tyler Johnson,1610612748,MIA,Miami Heat,0021500161,2015-11-17,MIA vs. MIN,L,18,1,6,0.167,0,2,0.0,1,1,1.0,1,1,2,1,0,0,1,2,3,-8,5.9,1,2015-16
22015,203101,Miles Plumlee,1610612749,MIL,Milwaukee Bucks,0021500158,2015-11-17,MIL @ WAS,L,6,1,2,0.5,0,0,,0,0,,0,0,0,0,0,0,0,0,2,-5,2.0,1,2015-16
22015,203948,Johnny O'Bryant III,1610612749,MIL,Milwaukee Bucks,0021500158,2015-11-17,MIL @ WAS,L,25,0,1,0.0,0,0,,0,0,,0,5,5,1,0,0,2,2,0,-11,5.5,1,2015-16
22015,101127,Jarrett Jack,1610612751,BKN,Brooklyn Nets,0021500159,2015-11-17,BKN vs. ATL,W,34,5,10,0.5,3,5,0.6,1,3,0.333,0,3,3,8,1,0,2,3,14,5,30.6,1,2015-16
22015,201942,DeMar DeRozan,1610612761,TOR,Toronto Raptors,0021500164,2015-11-17,TOR @ GSW,L,39,9,22,0.409,0,0,,10,13,0.769,0,5,5,6,1,0,4,3,28,-6,42.0,1,2015-16
22015,2400,Drew Gooden,1610612764,WAS,Washington Wizards,0021500158,2015-11-17,WAS vs. MIL,W,5,0,0,,0,0,,0,0,,0,0,0,0,0,0,1,0,0,0,-1.0,1,2015-16
22015,201971,DeJuan Blair,1610612764,WAS,Washington Wizards,0021500158,2015-11-17,WAS vs. MIL,W,5,0,1,0.0,0,0,,1,2,0.5,0,0,0,3,0,0,0,0,1,0,5.5,1,2015-16
22015,201229,Anthony Tolliver,1610612765,DET,Detroit Pistons,0021500160,2015-11-17,DET vs. CLE,W,19,0,2,0.0,0,2,0.0,0,0,,2,1,3,1,0,0,0,0,0,-6,5.1,1,2015-16
22015,203915,Spencer Dinwiddie,1610612765,DET,Detroit Pistons,0021500160,2015-11-17,DET vs. CLE,W,14,1,6,0.167,0,1,0.0,1,2,0.5,0,1,1,1,1,0,1,2,3,-10,7.7,1,2015-16
22015,2744,Al Jefferson,1610612766,CHA,Charlotte Hornets,0021500162,2015-11-17,CHA @ NYK,L,26,5,12,0.417,0,0,,0,2,0.0,0,5,5,2,3,1,0,1,10,-15,31.0,1,2015-16
22015,201150,Spencer Hawes,1610612766,CHA,Charlotte Hornets,0021500162,2015-11-17,CHA @ NYK,L,17,4,10,0.4,2,4,0.5,4,4,1.0,3,2,5,1,0,1,1,2,14,5,23.5,1,2015-16
22015,202391,Jeremy Lin,1610612766,CHA,Charlotte Hornets,0021500162,2015-11-17,CHA @ NYK,L,28,4,9,0.444,0,2,0.0,5,6,0.833,1,4,5,3,0,0,2,2,13,3,21.5,1,2015-16
22015,200794,Paul Millsap,1610612737,ATL,Atlanta Hawks,0021500159,2015-11-17,ATL @ BKN,L,35,6,10,0.6,2,2,1.0,3,4,0.75,4,2,6,3,1,1,5,2,17,-16,29.7,1,2015-16
22015,201143,Al Horford,1610612737,ATL,Atlanta Hawks,0021500159,2015-11-17,ATL @ BKN,L,34,8,11,0.727,2,3,0.667,0,0,,3,2,5,2,1,2,2,2,18,-3,34.0,1,2015-16
22015,2592,James Jones,1610612739,CLE,Cleveland Cavaliers,0021500160,2015-11-17,CLE @ DET,L,14,1,2,0.5,1,2,0.5,1,3,0.333,0,3,3,1,2,0,0,4,4,-3,15.1,1,2015-16
22015,203099,Jared Cunningham,1610612739,CLE,Cleveland Cavaliers,0021500160,2015-11-17,CLE @ DET,L,2,0,1,0.0,0,0,,0,0,,0,0,0,0,0,0,0,0,0,5,0.0,1,2015-16
22015,202397,Ish Smith,1610612740,NOP,New Orleans Pelicans,0021500163,2015-11-17,NOP vs. DEN,L,38,6,9,0.667,1,1,1.0,0,0,,0,3,3,8,1,1,3,1,13,-6,31.6,1,2015-16
22015,202690,Jimmer Fredette,1610612740,NOP,New Orleans Pelicans,0021500163,2015-11-17,NOP vs. DEN,L,1,0,0,,0,0,,0,0,,0,0,0,0,0,0,0,0,0,0,0.0,1,2015-16
22015,203914,Gary Harris,1610612743,DEN,Denver Nuggets,0021500163,2015-11-17,DEN @ NOP,W,32,5,8,0.625,3,4,0.75,3,4,0.75,2,2,4,3,2,0,2,2,16,15,29.3,1,2015-16
22015,201578,Marreese Speights,1610612744,GSW,Golden State Warriors,0021500164,2015-11-17,GSW vs. TOR,W,5,2,3,0.667,0,0,,1,1,1.0,1,1,2,0,0,0,2,3,5,-2,5.4,1,2015-16
22015,203110,Draymond Green,1610612744,GSW,Golden State Warriors,0021500164,2015-11-17,GSW vs. TOR,W,35,3,6,0.5,1,4,0.25,2,2,1.0,0,9,9,5,1,1,3,4,9,1,30.3,1,2015-16
22015,101123,Gerald Green,1610612748,MIA,Miami Heat,0021500161,2015-11-17,MIA vs. MIN,L,12,1,5,0.2,0,2,0.0,0,0,,1,3,4,1,0,0,0,3,2,-15,8.3,1,2015-16
22015,1626159,Justise Winslow,1610612748,MIA,Miami Heat,0021500161,2015-11-17,MIA vs. MIN,L,31,1,2,0.5,1,2,0.5,5,10,0.5,1,10,11,1,1,0,6,5,8,-6,19.7,1,2015-16
22015,203114,Khris Middleton,1610612749,MIL,Milwaukee Bucks,0021500158,2015-11-17,MIL @ WAS,L,27,6,12,0.5,2,6,0.333,0,0,,0,2,2,0,1,0,1,4,14,-16,18.4,1,2015-16
22015,203507,Giannis Antetokounmpo,1610612749,MIL,Milwaukee Bucks,0021500158,2015-11-17,MIL @ WAS,L,35,3,13,0.231,0,0,,3,6,0.5,1,4,5,7,1,1,4,4,9,-17,27.5,1,2015-16
22015,203898,Tyler Ennis,1610612749,MIL,Milwaukee Bucks,0021500158,2015-11-17,MIL @ WAS,L,7,0,1,0.0,0,0,,3,4,0.75,0,2,2,2,0,0,1,0,3,-5,7.4,1,2015-16
22015,201152,Thaddeus Young,1610612751,BKN,Brooklyn Nets,0021500159,2015-11-17,BKN vs. ATL,W,33,7,13,0.538,0,0,,2,2,1.0,3,8,11,0,5,0,2,3,16,16,42.2,1,2015-16
22015,202711,Bojan Bogdanovic,1610612751,BKN,Brooklyn Nets,0021500159,2015-11-17,BKN vs. ATL,W,22,0,4,0.0,0,2,0.0,0,0,,1,3,4,0,1,0,2,0,0,-5,5.8,1,2015-16
22015,203080,Thomas Robinson,1610612751,BKN,Brooklyn Nets,0021500159,2015-11-17,BKN vs. ATL,W,13,0,1,0.0,0,0,,0,0,,2,2,4,0,0,0,2,0,0,-1,2.8,1,2015-16
22015,1626178,Rondae Hollis-Jefferson,1610612751,BKN,Brooklyn Nets,0021500159,2015-11-17,BKN vs. ATL,W,23,3,5,0.6,0,0,,1,2,0.5,1,1,2,2,1,0,1,1,7,5,14.4,1,2015-16
22015,200811,Lou Amundson,1610612752,NYK,New York Knicks,0021500162,2015-11-17,NYK vs. CHA,W,7,0,1,0.0,0,0,,0,0,,0,1,1,1,0,0,0,3,0,-4,2.7,1,2015-16
22015,1626170,Jerian Grant,1610612752,NYK,New York Knicks,0021500162,2015-11-17,NYK vs. CHA,W,13,1,4,0.25,0,0,,2,2,1.0,0,0,0,0,0,0,0,1,4,-8,4.0,1,2015-16
22015,201960,DeMarre Carroll,1610612761,TOR,Toronto Raptors,0021500164,2015-11-17,TOR @ GSW,L,39,7,12,0.583,3,6,0.5,0,0,,1,1,2,2,6,0,1,1,17,2,39.4,1,2015-16
22015,201196,Ramon Sessions,1610612764,WAS,Washington Wizards,0021500158,2015-11-17,WAS vs. MIL,W,20,2,5,0.4,0,0,,3,4,0.75,0,0,0,1,1,0,1,3,7,-4,10.5,1,2015-16
22015,202390,Gary Neal,1610612764,WAS,Washington Wizards,0021500158,2015-11-17,WAS vs. MIL,W,24,4,6,0.667,2,2,1.0,0,0,,0,3,3,0,2,0,0,1,10,9,19.6,1,2015-16
22015,203382,Aron Baynes,1610612765,DET,Detroit Pistons,0021500160,2015-11-17,DET vs. CLE,W,9,1,3,0.333,0,0,,0,0,,1,1,2,0,1,0,0,0,2,-12,7.4,1,2015-16
22015,1626169,Stanley Johnson,1610612765,DET,Detroit Pistons,0021500160,2015-11-17,DET vs. CLE,W,16,2,6,0.333,0,1,0.0,0,0,,0,6,6,1,1,0,2,1,4,-8,13.7,1,2015-16
22015,203200,Justin Holiday,1610612737,ATL,Atlanta Hawks,0021500159,2015-11-17,ATL @ BKN,L,23,1,2,0.5,1,2,0.5,0,0,,0,4,4,0,2,0,2,1,3,-2,11.8,1,2015-16
22015,203471,Dennis Schröder,1610612737,ATL,Atlanta Hawks,0021500159,2015-11-17,ATL @ BKN,L,29,3,11,0.273,1,4,0.25,1,2,0.5,0,5,5,10,0,0,3,3,8,-6,26.0,1,2015-16
22015,2747,JR Smith,1610612739,CLE,Cleveland Cavaliers,0021500160,2015-11-17,CLE @ DET,L,36,6,10,0.6,3,6,0.5,0,2,0.0,1,0,1,0,2,1,0,5,15,-15,25.2,1,2015-16
22015,203521,Matthew Dellavedova,1610612739,CLE,Cleveland Cavaliers,0021500160,2015-11-17,CLE @ DET,L,20,1,6,0.167,0,4,0.0,0,0,,0,0,0,5,0,0,1,2,2,-3,8.5,1,2015-16
22015,201583,Ryan Anderson,1610612740,NOP,New Orleans Pelicans,0021500163,2015-11-17,NOP vs. DEN,L,34,10,17,0.588,1,4,0.25,3,4,0.75,2,4,6,2,0,0,0,1,24,-8,34.2,1,2015-16
22015,201967,Dante Cunningham,1610612740,NOP,New Orleans Pelicans,0021500163,2015-11-17,NOP vs. DEN,L,31,5,8,0.625,0,1,0.0,1,2,0.5,4,1,5,0,2,3,1,2,11,-8,31.0,1,2015-16
22015,202337,Luke Babbitt,1610612740,NOP,New Orleans Pelicans,0021500163,2015-11-17,NOP vs. DEN,L,26,4,7,0.571,3,4,0.75,0,0,,0,7,7,0,0,0,0,2,11,-2,19.4,1,2015-16
22015,2034,Mike Miller,1610612743,DEN,Denver Nuggets,0021500163,2015-11-17,DEN @ NOP,W,4,0,1,0.0,0,1,0.0,0,0,,0,0,0,0,0,0,0,0,0,-8,0.0,1,2015-16
22015,201581,JJ Hickson,1610612743,DEN,Denver Nuggets,0021500163,2015-11-17,DEN @ NOP,W,6,1,2,0.5,0,0,,0,0,,1,1,2,0,0,0,0,0,2,2,4.4,1,2015-16
22015,203115,Will Barton,1610612743,DEN,Denver Nuggets,0021500163,2015-11-17,DEN @ NOP,W,37,7,12,0.583,3,4,0.75,0,0,,2,5,7,2,1,2,1,1,17,10,36.4,1,2015-16
22015,203123,Kostas Papanikolaou,1610612743,DEN,Denver Nuggets,0021500163,2015-11-17,DEN @ NOP,W,13,2,4,0.5,0,1,0.0,0,0,,1,2,3,0,0,1,1,1,4,-12,9.6,1,2015-16
22015,2571,Leandro Barbosa,1610612744,GSW,Golden State Warriors,0021500164,2015-11-17,GSW vs. TOR,W,16,2,8,0.25,0,1,0.0,2,2,1.0,1,0,1,1,3,0,1,3,6,1,16.7,1,2015-16
22015,203546,Ian Clark,1610612744,GSW,Golden State Warriors,0021500164,2015-11-17,GSW vs. TOR,W,6,1,3,0.333,1,2,0.5,1,2,0.5,0,0,0,2,1,0,2,0,4,-6,8.0,1,2015-16
22015,2548,Dwyane Wade,1610612748,MIA,Miami Heat,0021500161,2015-11-17,MIA vs. MIN,L,32,5,13,0.385,0,1,0.0,0,0,,1,1,2,6,1,0,5,1,10,-2,19.4,1,2015-16
22015,202328,Greg Monroe,1610612749,MIL,Milwaukee Bucks,0021500158,2015-11-17,MIL @ WAS,L,26,1,6,0.167,0,0,,2,4,0.5,3,2,5,4,0,1,3,2,4,-26,16.0,1,2015-16
22015,708,Kevin Garnett,1610612750,MIN,Minnesota Timberwolves,0021500161,2015-11-17,MIN @ MIA,W,15,2,3,0.667,0,0,,0,0,,1,6,7,2,0,0,0,1,4,15,15.4,1,2015-16
22015,203952,Andrew Wiggins,1610612750,MIN,Minnesota Timberwolves,0021500161,2015-11-17,MIN @ MIA,W,33,8,21,0.381,0,1,0.0,8,11,0.727,2,1,3,1,3,1,1,1,24,1,40.1,1,2015-16
22015,2207,Joe Johnson,1610612751,BKN,Brooklyn Nets,0021500159,2015-11-17,BKN vs. ATL,W,39,5,14,0.357,2,5,0.4,1,2,0.5,0,7,7,9,1,0,0,1,13,7,37.9,1,2015-16
22015,2756,Sasha Vujacic,1610612752,NYK,New York Knicks,0021500162,2015-11-17,NYK vs. CHA,W,3,0,1,0.0,0,1,0.0,0,0,,0,0,0,0,1,0,0,0,0,-3,3.0,1,2015-16
22015,204038,Langston Galloway,1610612752,NYK,New York Knicks,0021500162,2015-11-17,NYK vs. CHA,W,28,3,8,0.375,3,5,0.6,0,0,,0,4,4,5,1,0,1,3,9,5,23.3,1,2015-16
22015,201949,James Johnson,1610612761,TOR,Toronto Raptors,0021500164,2015-11-17,TOR @ GSW,L,9,3,4,0.75,0,1,0.0,0,0,,1,1,2,0,0,0,3,0,6,-5,5.4,1,2015-16
22015,202335,Patrick Patterson,1610612761,TOR,Toronto Raptors,0021500164,2015-11-17,TOR @ GSW,L,20,1,3,0.333,1,2,0.5,0,0,,0,2,2,1,0,0,3,0,3,0,3.9,1,2015-16
22015,2743,Kris Humphries,1610612764,WAS,Washington Wizards,0021500158,2015-11-17,WAS vs. MIL,W,21,2,4,0.5,1,2,0.5,4,4,1.0,1,3,4,1,0,1,1,1,9,-5,17.3,1,2015-16
22015,202322,John Wall,1610612764,WAS,Washington Wizards,0021500158,2015-11-17,WAS vs. MIL,W,31,7,10,0.7,2,5,0.4,3,6,0.5,0,6,6,9,0,0,5,1,19,30,34.7,1,2015-16
22015,203490,Otto Porter Jr.,1610612764,WAS,Washington Wizards,0021500158,2015-11-17,WAS vs. MIL,W,30,7,11,0.636,1,3,0.333,4,5,0.8,1,1,2,4,3,1,2,4,19,32,37.4,1,2015-16
22015,202694,Marcus Morris Sr.,1610612765,DET,Detroit Pistons,0021500160,2015-11-17,DET vs. CLE,W,36,4,12,0.333,1,4,0.25,5,6,0.833,0,4,4,1,2,0,2,5,14,13,24.3,1,2015-16
22015,203484,Kentavious Caldwell-Pope,1610612765,DET,Detroit Pistons,0021500160,2015-11-17,DET vs. CLE,W,38,5,11,0.455,1,5,0.2,2,2,1.0,1,1,2,1,1,0,0,1,13,13,19.9,1,2015-16
22015,202689,Kemba Walker,1610612766,CHA,Charlotte Hornets,0021500162,2015-11-17,CHA @ NYK,L,38,12,21,0.571,2,5,0.4,5,8,0.625,0,4,4,1,3,1,1,0,31,-17,48.3,1,2015-16
22015,200757,Thabo Sefolosha,1610612737,ATL,Atlanta Hawks,0021500159,2015-11-17,ATL @ BKN,L,30,3,9,0.333,1,5,0.2,1,2,0.5,0,7,7,1,0,1,1,1,8,-8,19.9,1,2015-16
22015,202714,Shelvin Mack,1610612737,ATL,Atlanta Hawks,0021500159,2015-11-17,ATL @ BKN,L,19,3,8,0.375,2,4,0.5,0,0,,0,2,2,2,2,0,0,1,8,4,19.4,1,2015-16
22015,203118,Mike Scott,1610612737,ATL,Atlanta Hawks,0021500159,2015-11-17,ATL @ BKN,L,13,2,6,0.333,0,2,0.0,2,3,0.667,1,3,4,2,0,1,1,1,6,14,15.8,1,2015-16
22015,2210,Richard Jefferson,1610612739,CLE,Cleveland Cavaliers,0021500160,2015-11-17,CLE @ DET,L,16,0,3,0.0,0,2,0.0,0,0,,0,1,1,1,0,0,1,1,0,8,1.7,1,2015-16
22015,2544,LeBron James,1610612739,CLE,Cleveland Cavaliers,0021500160,2015-11-17,CLE @ DET,L,40,11,21,0.524,4,7,0.571,4,5,0.8,0,6,6,3,0,0,4,3,30,-6,37.7,1,2015-16
22015,2590,Mo Williams,1610612739,CLE,Cleveland Cavaliers,0021500160,2015-11-17,CLE @ DET,L,29,6,13,0.462,2,8,0.25,1,2,0.5,0,5,5,7,0,0,2,3,15,-4,29.5,1,2015-16
22015,201582,Alexis Ajinca,1610612740,NOP,New Orleans Pelicans,0021500163,2015-11-17,NOP vs. DEN,L,4,2,3,0.667,0,0,,0,0,,0,0,0,0,0,1,0,3,4,-9,7.0,1,2015-16
22015,201950,Jrue Holiday,1610612740,NOP,New Orleans Pelicans,0021500163,2015-11-17,NOP vs. DEN,L,23,4,13,0.308,0,4,0.0,2,2,1.0,0,1,1,7,0,1,1,1,10,-20,23.7,1,2015-16
22015,203076,Anthony Davis,1610612740,NOP,New Orleans Pelicans,0021500163,2015-11-17,NOP vs. DEN,L,6,0,3,0.0,0,0,,0,0,,0,2,2,1,0,0,0,0,0,-2,3.9,1,2015-16
22015,2749,Jameer Nelson,1610612743,DEN,Denver Nuggets,0021500163,2015-11-17,DEN @ NOP,W,26,6,11,0.545,4,6,0.667,0,0,,1,3,4,4,1,0,0,4,16,9,29.8,1,2015-16
22015,202702,Kenneth Faried,1610612743,DEN,Denver Nuggets,0021500163,2015-11-17,DEN @ NOP,W,26,5,6,0.833,0,0,,1,1,1.0,1,6,7,0,0,1,1,5,11,24,21.4,1,2015-16
22015,101106,Andrew Bogut,1610612744,GSW,Golden State Warriors,0021500164,2015-11-17,GSW vs. TOR,W,17,5,6,0.833,0,0,,3,6,0.5,2,4,6,2,1,1,2,5,13,-8,27.2,1,2015-16
22015,203084,Harrison Barnes,1610612744,GSW,Golden State Warriors,0021500164,2015-11-17,GSW vs. TOR,W,32,3,5,0.6,1,2,0.5,0,0,,1,3,4,1,0,0,0,3,7,8,13.3,1,2015-16
22015,203105,Festus Ezeli,1610612744,GSW,Golden State Warriors,0021500164,2015-11-17,GSW vs. TOR,W,22,3,4,0.75,0,0,,2,4,0.5,1,5,6,1,2,4,2,3,8,12,32.7,1,2015-16
22015,2736,Luol Deng,1610612748,MIA,Miami Heat,0021500161,2015-11-17,MIA vs. MIN,L,33,8,14,0.571,3,8,0.375,1,3,0.333,0,6,6,1,0,1,0,2,20,11,31.7,1,2015-16
22015,202349,Greivis Vasquez,1610612749,MIL,Milwaukee Bucks,0021500158,2015-11-17,MIL @ WAS,L,20,5,7,0.714,2,3,0.667,0,0,,0,2,2,3,0,0,0,2,12,-10,18.9,1,2015-16
22015,203089,John Henson,1610612749,MIL,Milwaukee Bucks,0021500158,2015-11-17,MIL @ WAS,L,16,3,3,1.0,0,0,,4,6,0.667,2,4,6,1,0,1,1,4,10,2,20.7,1,2015-16
22015,203487,Michael Carter-Williams,1610612749,MIL,Milwaukee Bucks,0021500158,2015-11-17,MIL @ WAS,L,22,5,10,0.5,2,4,0.5,0,2,0.0,0,1,1,0,0,0,4,2,12,-14,9.2,1,2015-16
22015,2755,Kevin Martin,1610612750,MIN,Minnesota Timberwolves,0021500161,2015-11-17,MIN @ MIA,W,23,2,11,0.182,0,4,0.0,4,4,1.0,1,3,4,0,1,0,0,1,8,-1,15.8,1,2015-16
22015,202357,Nemanja Bjelica,1610612750,MIN,Minnesota Timberwolves,0021500161,2015-11-17,MIN @ MIA,W,16,0,7,0.0,0,5,0.0,0,0,,0,4,4,0,0,2,0,3,0,-8,10.8,1,2015-16
22015,203476,Gorgui Dieng,1610612750,MIN,Minnesota Timberwolves,0021500161,2015-11-17,MIN @ MIA,W,22,2,8,0.25,0,0,,1,2,0.5,2,4,6,1,2,0,1,4,5,-2,18.7,1,2015-16
22015,203897,Zach LaVine,1610612750,MIN,Minnesota Timberwolves,0021500161,2015-11-17,MIN @ MIA,W,28,5,12,0.417,2,5,0.4,5,6,0.833,0,4,4,3,1,0,0,0,17,23,29.3,1,2015-16
22015,201167,Arron Afflalo,1610612752,NYK,New York Knicks,0021500162,2015-11-17,NYK vs. CHA,W,36,7,15,0.467,2,5,0.4,0,0,,0,3,3,3,0,0,1,1,16,22,23.1,1,2015-16
22015,201577,Robin Lopez,1610612752,NYK,New York Knicks,0021500162,2015-11-17,NYK vs. CHA,W,18,1,4,0.25,0,0,,2,2,1.0,4,3,7,1,1,0,3,3,4,2,13.9,1,2015-16
22015,202338,Kevin Seraphin,1610612752,NYK,New York Knicks,0021500162,2015-11-17,NYK vs. CHA,W,21,5,10,0.5,0,0,,0,0,,2,3,5,4,0,2,2,2,10,3,26.0,1,2015-16
22015,2449,Luis Scola,1610612761,TOR,Toronto Raptors,0021500164,2015-11-17,TOR @ GSW,L,28,3,7,0.429,0,2,0.0,0,2,0.0,1,4,5,0,1,0,2,5,6,-7,13.0,1,2015-16
22015,202685,Jonas Valančiūnas,1610612761,TOR,Toronto Raptors,0021500164,2015-11-17,TOR @ GSW,L,31,3,9,0.333,0,0,,3,4,0.75,5,6,11,0,0,0,3,5,9,-1,19.2,1,2015-16
22015,202709,Cory Joseph,1610612761,TOR,Toronto Raptors,0021500164,2015-11-17,TOR @ GSW,L,28,4,7,0.571,0,0,,5,8,0.625,1,4,5,6,1,0,0,4,13,-4,31.0,1,2015-16
22015,2403,Nene,1610612764,WAS,Washington Wizards,0021500158,2015-11-17,WAS vs. MIL,W,16,2,6,0.333,0,1,0.0,4,6,0.667,1,5,6,2,0,0,0,4,8,7,18.2,1,2015-16
22015,101162,Marcin Gortat,1610612764,WAS,Washington Wizards,0021500158,2015-11-17,WAS vs. MIL,W,27,4,9,0.444,0,0,,4,6,0.667,1,8,9,1,0,0,1,1,12,22,23.3,1,2015-16
22015,202066,Garrett Temple,1610612764,WAS,Washington Wizards,0021500158,2015-11-17,WAS vs. MIL,W,30,3,9,0.333,2,4,0.5,2,2,1.0,1,1,2,2,2,0,0,3,10,16,21.4,1,2015-16
22015,101141,Ersan Ilyasova,1610612765,DET,Detroit Pistons,0021500160,2015-11-17,DET vs. CLE,W,29,6,10,0.6,4,6,0.667,4,4,1.0,1,5,6,2,1,0,0,2,20,11,33.2,1,2015-16
22015,202704,Reggie Jackson,1610612765,DET,Detroit Pistons,0021500160,2015-11-17,DET vs. CLE,W,34,7,18,0.389,1,2,0.5,8,8,1.0,1,5,6,12,1,0,5,3,23,15,46.2,1,2015-16
22015,203083,Andre Drummond,1610612765,DET,Detroit Pistons,0021500160,2015-11-17,DET vs. CLE,W,39,10,15,0.667,0,0,,5,9,0.556,5,13,18,0,3,1,3,1,25,17,55.6,1,2015-16
22015,203493,Reggie Bullock Jr.,1610612765,DET,Detroit Pistons,0021500160,2015-11-17,DET vs. CLE,W,5,0,1,0.0,0,0,,0,0,,0,0,0,1,0,0,0,0,0,-8,1.5,1,2015-16
22015,203087,Jeremy Lamb,1610612766,CHA,Charlotte Hornets,0021500162,2015-11-17,CHA @ NYK,L,23,5,7,0.714,0,2,0.0,2,2,1.0,1,5,6,3,0,0,0,2,12,11,23.7,1,2015-16
22015,1626163,Frank Kaminsky,1610612766,CHA,Charlotte Hornets,0021500162,2015-11-17,CHA @ NYK,L,24,1,5,0.2,0,1,0.0,0,0,,1,4,5,1,0,2,0,2,2,3,15.5,1,2015-16
22015,201168,Tiago Splitter,1610612737,ATL,Atlanta Hawks,0021500159,2015-11-17,ATL @ BKN,L,12,1,4,0.25,0,0,,0,0,,0,3,3,0,0,1,2,2,2,7,6.6,1,2015-16
22015,203488,Mike Muscala,1610612737,ATL,Atlanta Hawks,0021500159,2015-11-17,ATL @ BKN,L,14,2,4,0.5,1,1,1.0,0,0,,0,3,3,1,0,0,1,1,5,1,9.1,1,2015-16
22015,201567,Kevin Love,1610612739,CLE,Cleveland Cavaliers,0021500160,2015-11-17,CLE @ DET,L,34,7,13,0.538,1,4,0.25,4,4,1.0,0,9,9,3,1,0,4,4,19,0,33.3,1,2015-16
22015,202389,Timofey Mozgov,1610612739,CLE,Cleveland Cavaliers,0021500160,2015-11-17,CLE @ DET,L,27,4,6,0.667,0,0,,2,4,0.5,1,5,6,1,2,1,2,2,10,-4,25.7,1,2015-16
22015,201569,Eric Gordon,1610612740,NOP,New Orleans Pelicans,0021500163,2015-11-17,NOP vs. DEN,L,38,7,17,0.412,2,8,0.25,3,3,1.0,0,1,1,6,1,1,1,1,19,-25,34.2,1,2015-16
22015,201962,Toney Douglas,1610612740,NOP,New Orleans Pelicans,0021500163,2015-11-17,NOP vs. DEN,L,17,3,5,0.6,0,1,0.0,0,0,,1,1,2,1,0,0,1,2,6,9,8.9,1,2015-16
22015,200751,Randy Foye,1610612743,DEN,Denver Nuggets,0021500163,2015-11-17,DEN @ NOP,W,25,2,8,0.25,0,5,0.0,1,1,1.0,0,4,4,2,0,0,3,0,5,1,9.8,1,2015-16
22015,202691,Klay Thompson,1610612744,GSW,Golden State Warriors,0021500164,2015-11-17,GSW vs. TOR,W,34,8,19,0.421,2,9,0.222,1,2,0.5,0,1,1,3,0,0,0,3,19,4,24.7,1,2015-16
22015,201609,Goran Dragic,1610612748,MIA,Miami Heat,0021500161,2015-11-17,MIA vs. MIN,L,36,5,12,0.417,1,4,0.25,5,7,0.714,0,2,2,9,1,0,2,6,16,4,32.9,1,2015-16
22015,202355,Hassan Whiteside,1610612748,MIA,Miami Heat,0021500161,2015-11-17,MIA vs. MIN,L,34,10,14,0.714,0,0,,2,9,0.222,4,10,14,0,0,10,4,2,22,10,64.8,1,2015-16
22015,201573,Jerryd Bayless,1610612749,MIL,Milwaukee Bucks,0021500158,2015-11-17,MIL @ WAS,L,37,5,11,0.455,3,6,0.5,0,0,,0,6,6,3,2,0,2,3,13,-22,28.7,1,2015-16
22015,2419,Tayshaun Prince,1610612750,MIN,Minnesota Timberwolves,0021500161,2015-11-17,MIN @ MIA,W,13,0,1,0.0,0,0,,0,0,,2,2,4,2,0,0,1,2,0,2,6.8,1,2015-16
22015,201937,Ricky Rubio,1610612750,MIN,Minnesota Timberwolves,0021500161,2015-11-17,MIN @ MIA,W,27,1,7,0.143,0,2,0.0,5,8,0.625,1,3,4,3,2,1,1,5,7,-1,24.3,1,2015-16
22015,203940,Adreian Payne,1610612750,MIN,Minnesota Timberwolves,0021500161,2015-11-17,MIN @ MIA,W,17,4,7,0.571,0,1,0.0,0,0,,1,3,4,0,1,0,0,4,8,5,15.8,1,2015-16
22015,1626157,Karl-Anthony Towns,1610612750,MIN,Minnesota Timberwolves,0021500161,2015-11-17,MIN @ MIA,W,26,6,12,0.5,0,0,,2,2,1.0,5,9,14,0,2,1,4,4,14,14,35.8,1,2015-16
22015,200745,Andrea Bargnani,1610612751,BKN,Brooklyn Nets,0021500159,2015-11-17,BKN vs. ATL,W,4,0,1,0.0,0,0,,0,0,,0,0,0,0,0,0,0,1,0,-12,0.0,1,2015-16
22015,201572,Brook Lopez,1610612751,BKN,Brooklyn Nets,0021500159,2015-11-17,BKN vs. ATL,W,35,11,21,0.524,0,0,,2,4,0.5,2,8,10,1,1,3,1,3,24,3,48.5,1,2015-16
22015,203499,Shane Larkin,1610612751,BKN,Brooklyn Nets,0021500159,2015-11-17,BKN vs. ATL,W,14,5,11,0.455,4,6,0.667,0,0,,0,2,2,1,2,0,1,1,14,-3,22.9,1,2015-16
22015,101181,Jose Calderon,1610612752,NYK,New York Knicks,0021500162,2015-11-17,NYK vs. CHA,W,31,2,6,0.333,2,3,0.667,2,2,1.0,0,3,3,3,1,0,1,1,8,6,18.1,1,2015-16
22015,202498,Lance Thomas,1610612752,NYK,New York Knicks,0021500162,2015-11-17,NYK vs. CHA,W,10,0,2,0.0,0,0,,0,0,,0,0,0,0,0,0,0,1,0,-7,0.0,1,2015-16
22015,202682,Derrick Williams,1610612752,NYK,New York Knicks,0021500162,2015-11-17,NYK vs. CHA,W,6,1,3,0.333,0,0,,2,2,1.0,0,0,0,0,0,1,0,1,4,-15,7.0,1,2015-16
22015,204001,Kristaps Porziņģis,1610612752,NYK,New York Knicks,0021500162,2015-11-17,NYK vs. CHA,W,31,10,17,0.588,2,2,1.0,7,7,1.0,2,9,11,0,0,1,1,2,29,20,44.2,1,2015-16
22015,200768,Kyle Lowry,1610612761,TOR,Toronto Raptors,0021500164,2015-11-17,TOR @ GSW,L,39,7,15,0.467,2,7,0.286,12,12,1.0,3,3,6,3,2,1,2,6,28,0,46.7,1,2015-16
22015,202687,Bismack Biyombo,1610612761,TOR,Toronto Raptors,0021500164,2015-11-17,TOR @ GSW,L,7,0,0,,0,0,,0,0,,0,2,2,0,0,1,0,1,0,-4,5.4,1,2015-16
22015,201162,Jared Dudley,1610612764,WAS,Washington Wizards,0021500158,2015-11-17,WAS vs. MIL,W,23,4,6,0.667,3,4,0.75,2,2,1.0,1,6,7,2,0,1,0,0,13,34,27.4,1,2015-16
22015,1626162,Kelly Oubre Jr.,1610612764,WAS,Washington Wizards,0021500158,2015-11-17,WAS vs. MIL,W,8,2,3,0.667,1,1,1.0,2,4,0.5,0,3,3,0,0,0,1,1,7,4,9.6,1,2015-16
22015,203469,Cody Zeller,1610612766,CHA,Charlotte Hornets,0021500162,2015-11-17,CHA @ NYK,L,18,3,5,0.6,0,0,,0,1,0.0,2,3,5,1,0,1,2,3,6,-7,14.5,1,2015-16
22015,2594,Kyle Korver,1610612737,ATL,Atlanta Hawks,0021500159,2015-11-17,ATL @ BKN,L,31,4,11,0.364,2,6,0.333,3,3,1.0,0,5,5,1,1,1,3,3,13,-1,23.5,1,2015-16
22015,201568,Danilo Gallinari,1610612743,DEN,Denver Nuggets,0021500163,2015-11-17,DEN @ NOP,W,37,12,19,0.632,5,8,0.625,3,4,0.75,1,7,8,8,0,0,3,1,32,27,50.6,1,2015-16
22015,1626144,Emmanuel Mudiay,1610612743,DEN,Denver Nuggets,0021500163,2015-11-17,DEN @ NOP,W,33,5,14,0.357,0,1,0.0,2,3,0.667,1,2,3,8,1,2,2,1,12,17,34.6,1,2015-16
22015,201177,Josh McRoberts,1610612748,MIA,Miami Heat,0021500161,2015-11-17,MIA vs. MIN,L,12,0,1,0.0,0,0,,0,0,,0,3,3,1,0,0,3,3,0,-18,2.1,1,2015-16
22015,203142,Chris Copeland,1610612749,MIL,Milwaukee Bucks,0021500158,2015-11-17,MIL @ WAS,L,9,1,2,0.5,0,0,,0,0,,0,0,0,1,1,0,0,2,2,-11,6.5,1,2015-16
22015,1626173,Rashad Vaughn,1610612749,MIL,Milwaukee Bucks,0021500158,2015-11-17,MIL @ WAS,L,11,1,4,0.25,1,2,0.5,2,2,1.0,0,0,0,0,0,0,1,2,5,-10,4.0,1,2015-16
22015,203498,Shabazz Muhammad,1610612750,MIN,Minnesota Timberwolves,0021500161,2015-11-17,MIN @ MIA,W,20,6,8,0.75,2,3,0.667,2,2,1.0,0,0,0,2,0,0,0,1,16,12,19.0,1,2015-16
22015,201961,Wayne Ellington,1610612751,BKN,Brooklyn Nets,0021500159,2015-11-17,BKN vs. ATL,W,23,1,4,0.25,0,2,0.0,0,0,,0,1,1,1,2,0,0,1,2,-5,10.7,1,2015-16
22015,2546,Carmelo Anthony,1610612752,NYK,New York Knicks,0021500162,2015-11-17,NYK vs. CHA,W,37,6,18,0.333,1,4,0.25,5,6,0.833,2,9,11,5,0,2,1,2,18,19,43.7,1,2015-16
22015,101107,Marvin Williams,1610612766,CHA,Charlotte Hornets,0021500162,2015-11-17,CHA @ NYK,L,30,1,4,0.25,0,2,0.0,0,0,,0,1,1,1,1,1,0,2,2,-4,10.7,1,2015-16
22015,201587,Nicolas Batum,1610612766,CHA,Charlotte Hornets,0021500162,2015-11-17,CHA @ NYK,L,35,1,9,0.111,1,4,0.25,1,2,0.5,0,6,6,0,0,0,1,2,4,-19,10.2,1,2015-16
22015,200794,Paul Millsap,1610612737,ATL,Atlanta Hawks,0021500169,2015-11-18,ATL vs. SAC,W,35,9,19,0.474,0,1,0.0,5,6,0.833,6,10,16,3,3,2,2,4,23,4,59.7,1,2015-16
22015,202340,Avery Bradley,1610612738,BOS,Boston Celtics,0021500168,2015-11-18,BOS vs. DAL,L,31,7,17,0.412,3,7,0.429,1,2,0.5,2,4,6,3,4,0,2,6,18,4,39.7,1,2015-16
22015,202738,Isaiah Thomas,1610612738,BOS,Boston Celtics,0021500168,2015-11-18,BOS vs. DAL,L,33,7,16,0.438,1,8,0.125,4,6,0.667,0,1,1,6,2,0,2,3,19,10,33.2,1,2015-16
22015,203935,Marcus Smart,1610612738,BOS,Boston Celtics,0021500168,2015-11-18,BOS vs. DAL,L,26,1,7,0.143,0,2,0.0,0,0,,3,1,4,1,1,0,1,3,2,-10,10.3,1,2015-16
22015,201967,Dante Cunningham,1610612740,NOP,New Orleans Pelicans,0021500171,2015-11-18,NOP @ OKC,L,27,4,9,0.444,1,3,0.333,0,0,,0,6,6,2,2,0,0,6,9,8,25.2,1,2015-16
22015,202397,Ish Smith,1610612740,NOP,New Orleans Pelicans,0021500171,2015-11-18,NOP @ OKC,L,34,8,20,0.4,0,2,0.0,2,2,1.0,0,3,3,6,0,0,1,1,18,0,29.6,1,2015-16
22015,203503,Tony Snell,1610612741,CHI,Chicago Bulls,0021500174,2015-11-18,CHI @ PHX,W,19,0,3,0.0,0,1,0.0,0,0,,0,1,1,2,0,0,3,1,0,9,1.2,1,2015-16
22015,203939,Dwight Powell,1610612742,DAL,Dallas Mavericks,0021500168,2015-11-18,DAL @ BOS,W,23,1,4,0.25,0,0,,4,6,0.667,2,4,6,1,0,2,2,3,6,-18,18.7,1,2015-16
22015,200751,Randy Foye,1610612743,DEN,Denver Nuggets,0021500172,2015-11-18,DEN @ SAS,L,16,0,5,0.0,0,2,0.0,0,0,,0,0,0,1,0,0,2,2,0,-5,-0.5,1,2015-16
22015,1626144,Emmanuel Mudiay,1610612743,DEN,Denver Nuggets,0021500172,2015-11-18,DEN @ SAS,L,27,2,12,0.167,0,0,,1,1,1.0,1,2,3,7,0,0,2,2,5,-18,17.1,1,2015-16
22015,2772,Trevor Ariza,1610612745,HOU,Houston Rockets,0021500170,2015-11-18,HOU vs. POR,W,37,6,18,0.333,4,12,0.333,2,2,1.0,2,6,8,2,1,0,3,2,18,7,30.6,1,2015-16
22015,201937,Ricky Rubio,1610612750,MIN,Minnesota Timberwolves,0021500166,2015-11-18,MIN @ ORL,L,35,3,11,0.273,0,1,0.0,2,2,1.0,2,10,12,12,1,0,3,3,8,0,40.4,1,2015-16
22015,201961,Wayne Ellington,1610612751,BKN,Brooklyn Nets,0021500165,2015-11-18,BKN @ CHA,L,14,2,5,0.4,0,1,0.0,0,0,,0,2,2,1,0,0,0,1,4,-13,7.9,1,2015-16
22015,202699,Tobias Harris,1610612753,ORL,Orlando Magic,0021500166,2015-11-18,ORL vs. MIN,W,42,5,15,0.333,0,2,0.0,2,2,1.0,2,8,10,2,0,0,0,2,12,1,27.0,1,2015-16
22015,203094,Andrew Nicholson,1610612753,ORL,Orlando Magic,0021500166,2015-11-18,ORL vs. MIN,W,22,3,12,0.25,2,3,0.667,0,0,,2,5,7,0,0,0,0,2,8,17,16.4,1,2015-16
22015,101133,Ian Mahinmi,1610612754,IND,Indiana Pacers,0021500167,2015-11-18,IND @ PHI,W,28,1,4,0.25,0,0,,0,0,,3,4,7,2,3,2,0,3,2,43,28.4,1,2015-16
22015,202339,Eric Bledsoe,1610612756,PHX,Phoenix Suns,0021500174,2015-11-18,PHX vs. CHI,L,39,7,22,0.318,2,8,0.25,5,7,0.714,0,6,6,7,2,0,2,1,21,-2,42.7,1,2015-16
22015,203943,Noah Vonleh,1610612757,POR,Portland Trail Blazers,0021500170,2015-11-18,POR @ HOU,L,13,2,4,0.5,0,0,,0,0,,2,4,6,0,0,0,1,4,4,3,10.2,1,2015-16
22015,200752,Rudy Gay,1610612758,SAC,Sacramento Kings,0021500169,2015-11-18,SAC @ ATL,L,29,5,13,0.385,0,1,0.0,4,4,1.0,2,4,6,3,2,0,2,3,14,0,29.7,1,2015-16
22015,201158,Marco Belinelli,1610612758,SAC,Sacramento Kings,0021500169,2015-11-18,SAC @ ATL,L,26,3,8,0.375,0,2,0.0,2,2,1.0,1,2,3,2,0,0,3,2,8,-6,11.6,1,2015-16
22015,2446,Rasual Butler,1610612759,SAS,San Antonio Spurs,0021500172,2015-11-18,SAS vs. DEN,W,15,1,1,1.0,1,1,1.0,0,0,,0,3,3,3,0,2,0,0,3,8,17.1,1,2015-16
22015,202695,Kawhi Leonard,1610612759,SAS,San Antonio Spurs,0021500172,2015-11-18,SAS vs. DEN,W,37,8,16,0.5,3,4,0.75,1,1,1.0,1,7,8,3,2,1,0,2,20,8,43.1,1,2015-16
22015,201571,D.J. Augustin,1610612760,OKC,Oklahoma City Thunder,0021500171,2015-11-18,OKC vs. NOP,W,16,3,3,1.0,2,2,1.0,1,2,0.5,0,1,1,3,0,0,2,0,9,12,12.7,1,2015-16
22015,201627,Anthony Morrow,1610612760,OKC,Oklahoma City Thunder,0021500171,2015-11-18,OKC vs. NOP,W,14,3,8,0.375,3,6,0.5,0,0,,0,2,2,0,0,0,0,1,9,8,11.4,1,2015-16
22015,201942,DeMar DeRozan,1610612761,TOR,Toronto Raptors,0021500173,2015-11-18,TOR @ UTA,L,35,6,15,0.4,0,1,0.0,2,2,1.0,0,3,3,6,1,0,2,3,14,-9,27.6,1,2015-16
22015,201949,James Johnson,1610612761,TOR,Toronto Raptors,0021500173,2015-11-18,TOR @ UTA,L,15,2,2,1.0,0,0,,0,0,,0,1,1,1,0,1,2,1,4,5,7.7,1,2015-16
22015,1626181,Norman Powell,1610612761,TOR,Toronto Raptors,0021500173,2015-11-18,TOR @ UTA,L,3,0,3,0.0,0,0,,0,0,,0,0,0,0,1,0,0,0,0,-1,3.0,1,2015-16
22015,203918,Rodney Hood,1610612762,UTA,Utah Jazz,0021500173,2015-11-18,UTA vs. TOR,W,35,5,10,0.5,2,4,0.5,4,4,1.0,1,5,6,4,1,0,4,2,16,12,28.2,1,2015-16
22015,2744,Al Jefferson,1610612766,CHA,Charlotte Hornets,0021500165,2015-11-18,CHA vs. BKN,W,30,7,16,0.438,0,0,,4,7,0.571,1,7,8,2,0,2,1,4,18,-7,35.6,1,2015-16
22015,203469,Cody Zeller,1610612766,CHA,Charlotte Hornets,0021500165,2015-11-18,CHA vs. BKN,W,14,0,1,0.0,0,0,,0,0,,0,5,5,0,0,1,0,3,0,-6,9.0,1,2015-16
22015,200757,Thabo Sefolosha,1610612737,ATL,Atlanta Hawks,0021500169,2015-11-18,ATL vs. SAC,W,21,0,2,0.0,0,1,0.0,3,4,0.75,1,2,3,2,2,0,1,1,3,2,14.6,1,2015-16
22015,201168,Tiago Splitter,1610612737,ATL,Atlanta Hawks,0021500169,2015-11-18,ATL vs. SAC,W,20,3,5,0.6,0,0,,1,2,0.5,3,3,6,1,0,0,1,2,7,-2,14.7,1,2015-16
22015,101161,Amir Johnson,1610612738,BOS,Boston Celtics,0021500168,2015-11-18,BOS vs. DAL,L,28,3,5,0.6,0,1,0.0,0,2,0.0,1,4,5,2,1,0,2,3,6,-16,16.0,1,2015-16
22015,202323,Evan Turner,1610612738,BOS,Boston Celtics,0021500168,2015-11-18,BOS vs. DAL,L,24,3,5,0.6,0,0,,0,0,,1,2,3,3,1,0,3,0,6,-17,14.1,1,2015-16
22015,203482,Kelly Olynyk,1610612738,BOS,Boston Celtics,0021500168,2015-11-18,BOS vs. DAL,L,13,2,6,0.333,1,2,0.5,0,0,,1,2,3,0,1,1,0,6,5,13,14.6,1,2015-16
22015,202690,Jimmer Fredette,1610612740,NOP,New Orleans Pelicans,0021500171,2015-11-18,NOP @ OKC,L,4,0,0,,0,0,,0,0,,0,0,0,0,0,0,1,0,0,-9,-1.0,1,2015-16
22015,201149,Joakim Noah,1610612741,CHI,Chicago Bulls,0021500174,2015-11-18,CHI @ PHX,W,20,0,2,0.0,0,0,,0,0,,2,9,11,2,0,1,3,3,0,5,16.2,1,2015-16
22015,1717,Dirk Nowitzki,1610612742,DAL,Dallas Mavericks,0021500168,2015-11-18,DAL @ BOS,W,34,9,14,0.643,1,2,0.5,4,4,1.0,0,7,7,1,1,0,2,3,23,18,33.9,1,2015-16
22015,101109,Raymond Felton,1610612742,DAL,Dallas Mavericks,0021500168,2015-11-18,DAL @ BOS,W,25,4,10,0.4,0,3,0.0,1,4,0.25,1,1,2,4,2,0,1,3,9,6,22.4,1,2015-16
22015,2749,Jameer Nelson,1610612743,DEN,Denver Nuggets,0021500172,2015-11-18,DEN @ SAS,L,21,3,8,0.375,1,4,0.25,0,0,,0,2,2,4,0,0,1,3,7,7,14.4,1,2015-16
22015,201977,Marcus Thornton,1610612745,HOU,Houston Rockets,0021500170,2015-11-18,HOU vs. POR,W,15,1,7,0.143,1,5,0.2,0,0,,1,1,2,1,0,0,0,0,3,-5,6.9,1,2015-16
22015,2419,Tayshaun Prince,1610612750,MIN,Minnesota Timberwolves,0021500166,2015-11-18,MIN @ ORL,L,30,2,3,0.667,0,0,,0,0,,0,3,3,1,0,0,0,1,4,-3,9.1,1,2015-16
22015,203476,Gorgui Dieng,1610612750,MIN,Minnesota Timberwolves,0021500166,2015-11-18,MIN @ ORL,L,21,3,6,0.5,0,0,,1,2,0.5,1,6,7,1,2,5,1,3,7,-7,36.9,1,2015-16
22015,203897,Zach LaVine,1610612750,MIN,Minnesota Timberwolves,0021500166,2015-11-18,MIN @ ORL,L,30,6,12,0.5,2,5,0.4,0,0,,0,3,3,3,0,0,3,4,14,2,19.1,1,2015-16
22015,203900,Markel Brown,1610612751,BKN,Brooklyn Nets,0021500165,2015-11-18,BKN @ CHA,L,5,0,2,0.0,0,0,,0,0,,0,0,0,0,0,0,0,0,0,6,0.0,1,2015-16
22015,101112,Channing Frye,1610612753,ORL,Orlando Magic,0021500166,2015-11-18,ORL vs. MIN,W,7,0,2,0.0,0,2,0.0,0,0,,0,1,1,0,0,0,0,0,0,4,1.2,1,2015-16
22015,203506,Victor Oladipo,1610612753,ORL,Orlando Magic,0021500166,2015-11-18,ORL vs. MIN,W,20,0,6,0.0,0,2,0.0,1,4,0.25,1,2,3,2,1,1,1,4,1,-8,12.6,1,2015-16
22015,203901,Elfrid Payton,1610612753,ORL,Orlando Magic,0021500166,2015-11-18,ORL vs. MIN,W,41,11,23,0.478,0,0,,2,5,0.4,2,5,7,6,4,0,1,2,24,12,52.4,1,2015-16
22015,101145,Monta Ellis,1610612754,IND,Indiana Pacers,0021500167,2015-11-18,IND @ PHI,W,27,3,7,0.429,1,2,0.5,0,0,,0,3,3,9,2,2,5,1,7,29,31.1,1,2015-16
22015,203917,Nik Stauskas,1610612755,PHI,Philadelphia 76ers,0021500167,2015-11-18,PHI vs. IND,L,21,3,8,0.375,1,4,0.25,0,0,,1,0,1,1,1,1,2,2,7,-7,13.7,1,2015-16
22015,204456,T.J. McConnell,1610612755,PHI,Philadelphia 76ers,0021500167,2015-11-18,PHI vs. IND,L,20,7,9,0.778,2,3,0.667,0,0,,0,6,6,3,0,0,5,0,16,-9,22.7,1,2015-16
22015,1626174,Christian Wood,1610612755,PHI,Philadelphia 76ers,0021500167,2015-11-18,PHI vs. IND,L,11,1,2,0.5,0,0,,0,0,,0,3,3,1,1,2,1,2,2,3,15.1,1,2015-16
22015,203458,Alex Len,1610612756,PHX,Phoenix Suns,0021500174,2015-11-18,PHX vs. CHI,L,17,3,3,1.0,0,0,,0,1,0.0,2,3,5,1,1,1,0,2,6,-1,19.5,1,2015-16
22015,203486,Mason Plumlee,1610612757,POR,Portland Trail Blazers,0021500170,2015-11-18,POR @ HOU,L,35,3,6,0.5,0,0,,3,4,0.75,2,2,4,4,0,6,1,5,9,1,36.8,1,2015-16
22015,202326,DeMarcus Cousins,1610612758,SAC,Sacramento Kings,0021500169,2015-11-18,SAC @ ATL,L,34,7,20,0.35,1,5,0.2,9,11,0.818,3,9,12,3,0,0,3,4,24,-6,39.9,1,2015-16
22015,200746,LaMarcus Aldridge,1610612759,SAS,San Antonio Spurs,0021500172,2015-11-18,SAS vs. DEN,W,32,4,14,0.286,0,0,,3,4,0.75,4,8,12,1,0,2,0,2,11,9,32.9,1,2015-16
22015,201980,Danny Green,1610612759,SAS,San Antonio Spurs,0021500172,2015-11-18,SAS vs. DEN,W,28,2,6,0.333,2,5,0.4,2,2,1.0,0,3,3,4,0,1,1,1,8,22,19.6,1,2015-16
22015,203079,Dion Waiters,1610612760,OKC,Oklahoma City Thunder,0021500171,2015-11-18,OKC vs. NOP,W,31,2,10,0.2,0,1,0.0,0,0,,0,4,4,2,1,0,2,2,4,1,12.8,1,2015-16
22015,202685,Jonas Valančiūnas,1610612761,TOR,Toronto Raptors,0021500173,2015-11-18,TOR @ UTA,L,33,5,10,0.5,0,0,,1,1,1.0,4,5,9,0,1,2,1,1,11,-7,29.8,1,2015-16
22015,202330,Gordon Hayward,1610612762,UTA,Utah Jazz,0021500173,2015-11-18,UTA vs. TOR,W,35,6,15,0.4,2,5,0.4,3,3,1.0,1,6,7,1,0,1,1,4,17,9,28.9,1,2015-16
22015,202692,Alec Burks,1610612762,UTA,Utah Jazz,0021500173,2015-11-18,UTA vs. TOR,W,27,5,12,0.417,1,4,0.25,2,2,1.0,1,1,2,2,1,1,2,3,13,-8,22.4,1,2015-16
22015,203526,Raul Neto,1610612762,UTA,Utah Jazz,0021500173,2015-11-18,UTA vs. TOR,W,18,3,5,0.6,0,1,0.0,0,0,,0,0,0,2,2,0,2,1,6,9,13.0,1,2015-16
22015,201582,Alexis Ajinca,1610612740,NOP,New Orleans Pelicans,0021500171,2015-11-18,NOP @ OKC,L,23,6,8,0.75,0,0,,0,0,,1,9,10,1,0,2,1,5,12,-11,30.5,1,2015-16
22015,202087,Alonzo Gee,1610612740,NOP,New Orleans Pelicans,0021500171,2015-11-18,NOP @ OKC,L,31,1,2,0.5,1,2,0.5,0,0,,2,4,6,0,1,1,1,2,3,-2,15.2,1,2015-16
22015,202337,Luke Babbitt,1610612740,NOP,New Orleans Pelicans,0021500171,2015-11-18,NOP @ OKC,L,27,2,5,0.4,1,4,0.25,0,0,,2,4,6,1,0,1,1,3,5,-8,15.7,1,2015-16
22015,2734,Devin Harris,1610612742,DAL,Dallas Mavericks,0021500168,2015-11-18,DAL @ BOS,W,16,2,3,0.667,1,1,1.0,0,0,,0,2,2,3,0,1,1,1,5,-14,13.9,1,2015-16
22015,202379,Jeremy Evans,1610612742,DAL,Dallas Mavericks,0021500168,2015-11-18,DAL @ BOS,W,1,0,0,,0,0,,0,0,,0,0,0,0,0,0,1,1,0,-5,-1.0,1,2015-16
22015,202718,Chandler Parsons,1610612742,DAL,Dallas Mavericks,0021500168,2015-11-18,DAL @ BOS,W,21,4,6,0.667,0,0,,0,4,0.0,0,2,2,0,0,2,2,1,8,1,14.4,1,2015-16
22015,201581,JJ Hickson,1610612743,DEN,Denver Nuggets,0021500172,2015-11-18,DEN @ SAS,L,16,2,10,0.2,0,0,,2,2,1.0,3,4,7,1,1,0,0,2,6,-9,18.9,1,2015-16
22015,203115,Will Barton,1610612743,DEN,Denver Nuggets,0021500172,2015-11-18,DEN @ SAS,L,22,4,10,0.4,0,1,0.0,1,2,0.5,1,3,4,5,1,1,0,1,9,0,27.3,1,2015-16
22015,1891,Jason Terry,1610612745,HOU,Houston Rockets,0021500170,2015-11-18,HOU vs. POR,W,29,2,3,0.667,1,2,0.5,0,0,,2,2,4,3,1,0,2,5,5,8,15.3,1,2015-16
22015,2730,Dwight Howard,1610612745,HOU,Houston Rockets,0021500170,2015-11-18,HOU vs. POR,W,40,2,5,0.4,0,0,,3,5,0.6,5,14,19,2,1,3,3,4,7,1,41.8,1,2015-16
22015,203991,Clint Capela,1610612745,HOU,Houston Rockets,0021500170,2015-11-18,HOU vs. POR,W,13,2,5,0.4,0,0,,0,0,,2,2,4,0,1,1,0,1,4,6,14.8,1,2015-16
22015,2755,Kevin Martin,1610612750,MIN,Minnesota Timberwolves,0021500166,2015-11-18,MIN @ ORL,L,21,3,7,0.429,1,2,0.5,5,6,0.833,0,4,4,1,1,0,0,0,12,5,21.3,1,2015-16
22015,202357,Nemanja Bjelica,1610612750,MIN,Minnesota Timberwolves,0021500166,2015-11-18,MIN @ ORL,L,19,1,4,0.25,1,4,0.25,0,0,,0,4,4,1,0,0,0,6,3,10,9.3,1,2015-16
22015,203952,Andrew Wiggins,1610612750,MIN,Minnesota Timberwolves,0021500166,2015-11-18,MIN @ ORL,L,38,8,17,0.471,0,1,0.0,12,14,0.857,3,2,5,1,0,2,2,2,28,-8,39.5,1,2015-16
22015,200745,Andrea Bargnani,1610612751,BKN,Brooklyn Nets,0021500165,2015-11-18,BKN @ CHA,L,12,4,10,0.4,0,2,0.0,0,0,,0,0,0,0,0,0,0,1,8,-14,8.0,1,2015-16
22015,201152,Thaddeus Young,1610612751,BKN,Brooklyn Nets,0021500165,2015-11-18,BKN @ CHA,L,33,11,17,0.647,0,1,0.0,5,6,0.833,2,6,8,1,1,0,0,3,27,3,41.1,1,2015-16
22015,202696,Nikola Vučević,1610612753,ORL,Orlando Magic,0021500166,2015-11-18,ORL vs. MIN,W,16,4,13,0.308,0,0,,0,0,,6,2,8,1,1,0,0,1,8,-10,22.1,1,2015-16
22015,203894,Shabazz Napier,1610612753,ORL,Orlando Magic,0021500166,2015-11-18,ORL vs. MIN,W,15,3,9,0.333,2,4,0.5,1,1,1.0,0,0,0,1,1,0,0,0,9,-15,13.5,1,2015-16
22015,201941,Jordan Hill,1610612754,IND,Indiana Pacers,0021500167,2015-11-18,IND @ PHI,W,21,4,9,0.444,0,0,,2,3,0.667,5,2,7,1,1,1,4,3,10,-16,21.9,1,2015-16
22015,203457,Nerlens Noel,1610612755,PHI,Philadelphia 76ers,0021500167,2015-11-18,PHI vs. IND,L,24,1,3,0.333,0,0,,0,0,,1,2,3,0,0,0,2,0,2,-23,3.6,1,2015-16
22015,203477,Isaiah Canaan,1610612755,PHI,Philadelphia 76ers,0021500167,2015-11-18,PHI vs. IND,L,17,1,5,0.2,1,5,0.2,0,0,,0,0,0,0,0,1,1,0,3,-7,5.0,1,2015-16
22015,203924,Jerami Grant,1610612755,PHI,Philadelphia 76ers,0021500167,2015-11-18,PHI vs. IND,L,29,4,6,0.667,0,1,0.0,5,6,0.833,2,2,4,1,0,3,2,1,13,-16,26.3,1,2015-16
22015,202688,Brandon Knight,1610612756,PHX,Phoenix Suns,0021500174,2015-11-18,PHX vs. CHI,L,38,8,20,0.4,1,2,0.5,6,6,1.0,1,2,3,4,1,0,5,2,23,-3,30.6,1,2015-16
22015,202693,Markieff Morris,1610612756,PHX,Phoenix Suns,0021500174,2015-11-18,PHX vs. CHI,L,29,3,9,0.333,0,2,0.0,0,0,,1,4,5,1,3,0,3,2,6,-11,19.5,1,2015-16
22015,203141,Mirza Teletovic,1610612756,PHX,Phoenix Suns,0021500174,2015-11-18,PHX vs. CHI,L,13,2,5,0.4,2,5,0.4,0,0,,0,3,3,1,0,0,0,0,6,13,11.1,1,2015-16
22015,202334,Ed Davis,1610612757,POR,Portland Trail Blazers,0021500170,2015-11-18,POR @ HOU,L,18,1,2,0.5,0,0,,1,2,0.5,2,1,3,0,0,0,0,4,3,-6,6.6,1,2015-16
22015,203090,Maurice Harkless,1610612757,POR,Portland Trail Blazers,0021500170,2015-11-18,POR @ HOU,L,19,1,4,0.25,0,1,0.0,1,2,0.5,1,7,8,3,2,0,4,2,3,3,19.1,1,2015-16
22015,203468,CJ McCollum,1610612757,POR,Portland Trail Blazers,0021500170,2015-11-18,POR @ HOU,L,38,7,16,0.438,1,5,0.2,4,5,0.8,0,3,3,6,3,0,2,3,19,-8,38.6,1,2015-16
22015,200765,Rajon Rondo,1610612758,SAC,Sacramento Kings,0021500169,2015-11-18,SAC @ ATL,L,31,6,9,0.667,0,0,,0,0,,3,9,12,10,1,0,7,1,12,-4,37.4,1,2015-16
22015,2561,David West,1610612759,SAS,San Antonio Spurs,0021500172,2015-11-18,SAS vs. DEN,W,16,4,5,0.8,0,0,,1,1,1.0,0,3,3,2,0,0,2,1,9,2,13.6,1,2015-16
22015,203937,Kyle Anderson,1610612759,SAS,San Antonio Spurs,0021500172,2015-11-18,SAS vs. DEN,W,8,1,2,0.5,0,0,,0,2,0.0,0,0,0,1,0,0,0,0,2,-4,3.5,1,2015-16
22015,2449,Luis Scola,1610612761,TOR,Toronto Raptors,0021500173,2015-11-18,TOR @ UTA,L,30,10,15,0.667,2,2,1.0,0,0,,2,3,5,1,0,0,0,5,22,-7,29.5,1,2015-16
22015,200768,Kyle Lowry,1610612761,TOR,Toronto Raptors,0021500173,2015-11-18,TOR @ UTA,L,37,6,17,0.353,1,7,0.143,7,7,1.0,0,3,3,6,3,0,5,2,20,0,36.6,1,2015-16
22015,202687,Bismack Biyombo,1610612761,TOR,Toronto Raptors,0021500173,2015-11-18,TOR @ UTA,L,15,1,2,0.5,0,0,,1,2,0.5,0,2,2,0,0,0,1,1,3,3,4.4,1,2015-16
22015,202391,Jeremy Lin,1610612766,CHA,Charlotte Hornets,0021500165,2015-11-18,CHA vs. BKN,W,29,5,13,0.385,0,4,0.0,3,4,0.75,1,8,9,4,1,0,4,3,13,8,28.8,1,2015-16
22015,202714,Shelvin Mack,1610612737,ATL,Atlanta Hawks,0021500169,2015-11-18,ATL vs. SAC,W,16,2,6,0.333,0,3,0.0,2,2,1.0,0,4,4,5,1,0,1,0,6,3,20.3,1,2015-16
22015,203488,Mike Muscala,1610612737,ATL,Atlanta Hawks,0021500169,2015-11-18,ATL vs. SAC,W,10,1,2,0.5,0,0,,0,0,,0,0,0,0,1,1,0,0,2,5,8.0,1,2015-16
22015,201973,Jonas Jerebko,1610612738,BOS,Boston Celtics,0021500168,2015-11-18,BOS vs. DAL,L,5,0,1,0.0,0,0,,0,0,,1,1,2,0,0,0,0,1,0,-2,2.4,1,2015-16
22015,203109,Jae Crowder,1610612738,BOS,Boston Celtics,0021500168,2015-11-18,BOS vs. DAL,L,35,4,9,0.444,2,3,0.667,4,4,1.0,1,5,6,3,1,0,2,1,14,-1,26.7,1,2015-16
22015,2200,Pau Gasol,1610612741,CHI,Chicago Bulls,0021500174,2015-11-18,CHI @ PHX,W,28,7,13,0.538,0,0,,3,4,0.75,2,6,8,1,2,1,3,1,17,1,34.1,1,2015-16
22015,201166,Aaron Brooks,1610612741,CHI,Chicago Bulls,0021500174,2015-11-18,CHI @ PHX,W,19,5,7,0.714,2,2,1.0,0,0,,0,1,1,5,0,0,4,2,12,6,16.7,1,2015-16
22015,202703,Nikola Mirotic,1610612741,CHI,Chicago Bulls,0021500174,2015-11-18,CHI @ PHX,W,21,4,12,0.333,2,5,0.4,0,0,,1,4,5,3,2,0,1,2,10,-1,25.5,1,2015-16
22015,202734,E'Twaun Moore,1610612741,CHI,Chicago Bulls,0021500174,2015-11-18,CHI @ PHX,W,14,1,2,0.5,0,0,,2,2,1.0,0,1,1,1,1,0,1,2,4,-13,8.7,1,2015-16
22015,203926,Doug McDermott,1610612741,CHI,Chicago Bulls,0021500174,2015-11-18,CHI @ PHX,W,25,4,7,0.571,0,2,0.0,0,0,,1,4,5,2,0,0,1,1,8,7,16.0,1,2015-16
22015,2585,Zaza Pachulia,1610612742,DAL,Dallas Mavericks,0021500168,2015-11-18,DAL @ BOS,W,32,5,7,0.714,0,0,,4,4,1.0,3,9,12,3,0,1,4,3,14,13,31.9,1,2015-16
22015,101114,Deron Williams,1610612742,DAL,Dallas Mavericks,0021500168,2015-11-18,DAL @ BOS,W,37,5,11,0.455,2,4,0.5,4,4,1.0,0,3,3,6,2,1,0,1,16,-3,37.6,1,2015-16
22015,200826,J.J. Barea,1610612742,DAL,Dallas Mavericks,0021500168,2015-11-18,DAL @ BOS,W,18,3,5,0.6,0,1,0.0,1,2,0.5,1,2,3,1,1,0,2,5,7,11,13.1,1,2015-16
22015,202083,Wesley Matthews,1610612742,DAL,Dallas Mavericks,0021500168,2015-11-18,DAL @ BOS,W,33,4,12,0.333,3,9,0.333,7,7,1.0,0,2,2,3,1,0,2,1,18,11,25.9,1,2015-16
22015,201589,Darrell Arthur,1610612743,DEN,Denver Nuggets,0021500172,2015-11-18,DEN @ SAS,L,18,4,9,0.444,1,2,0.5,0,0,,2,3,5,0,0,0,1,1,9,-7,14.0,1,2015-16
22015,202702,Kenneth Faried,1610612743,DEN,Denver Nuggets,0021500172,2015-11-18,DEN @ SAS,L,29,7,12,0.583,0,0,,1,1,1.0,0,7,7,3,1,0,0,2,15,-7,30.9,1,2015-16
22015,203914,Gary Harris,1610612743,DEN,Denver Nuggets,0021500172,2015-11-18,DEN @ SAS,L,27,6,10,0.6,1,3,0.333,2,2,1.0,1,1,2,1,2,0,0,0,15,-14,24.9,1,2015-16
22015,201951,Ty Lawson,1610612745,HOU,Houston Rockets,0021500170,2015-11-18,HOU vs. POR,W,20,1,8,0.125,0,2,0.0,0,0,,0,0,0,1,1,0,2,1,2,-5,4.5,1,2015-16
22015,1626149,Montrezl Harrell,1610612745,HOU,Houston Rockets,0021500170,2015-11-18,HOU vs. POR,W,6,0,0,,0,0,,0,0,,0,0,0,0,1,0,0,1,0,-3,3.0,1,2015-16
22015,2207,Joe Johnson,1610612751,BKN,Brooklyn Nets,0021500165,2015-11-18,BKN @ CHA,L,37,6,13,0.462,3,7,0.429,1,2,0.5,0,4,4,3,1,0,2,1,16,4,26.3,1,2015-16
22015,201572,Brook Lopez,1610612751,BKN,Brooklyn Nets,0021500165,2015-11-18,BKN @ CHA,L,35,8,19,0.421,0,0,,7,8,0.875,2,3,5,3,0,2,1,5,23,6,38.5,1,2015-16
22015,202711,Bojan Bogdanovic,1610612751,BKN,Brooklyn Nets,0021500165,2015-11-18,BKN @ CHA,L,18,0,1,0.0,0,0,,2,2,1.0,0,4,4,1,1,0,0,1,2,-4,11.3,1,2015-16
22015,203080,Thomas Robinson,1610612751,BKN,Brooklyn Nets,0021500165,2015-11-18,BKN @ CHA,L,9,2,3,0.667,0,0,,0,0,,0,2,2,0,0,0,1,1,4,-1,5.4,1,2015-16
22015,203499,Shane Larkin,1610612751,BKN,Brooklyn Nets,0021500165,2015-11-18,BKN @ CHA,L,20,3,5,0.6,0,0,,0,0,,1,1,2,6,1,0,1,3,6,-8,19.4,1,2015-16
22015,201160,Jason Smith,1610612753,ORL,Orlando Magic,0021500166,2015-11-18,ORL vs. MIN,W,27,1,5,0.2,0,0,,3,3,1.0,3,7,10,1,0,1,2,4,5,16,19.5,1,2015-16
22015,101139,CJ Miles,1610612754,IND,Indiana Pacers,0021500167,2015-11-18,IND @ PHI,W,30,7,12,0.583,4,7,0.571,2,2,1.0,1,1,2,4,1,0,1,2,20,29,30.4,1,2015-16
22015,202331,Paul George,1610612754,IND,Indiana Pacers,0021500167,2015-11-18,IND @ PHI,W,32,13,24,0.542,5,10,0.5,3,4,0.75,1,7,8,5,4,0,2,3,34,23,61.1,1,2015-16
22015,203524,Solomon Hill,1610612754,IND,Indiana Pacers,0021500167,2015-11-18,IND @ PHI,W,11,2,5,0.4,0,1,0.0,0,0,,0,5,5,1,1,0,1,1,4,-1,13.5,1,2015-16
22015,203922,Glenn Robinson III,1610612754,IND,Indiana Pacers,0021500167,2015-11-18,IND @ PHI,W,21,3,5,0.6,1,1,1.0,2,3,0.667,0,3,3,0,2,0,1,0,9,0,17.6,1,2015-16
22015,203515,Phil Pressey,1610612755,PHI,Philadelphia 76ers,0021500167,2015-11-18,PHI vs. IND,L,19,4,6,0.667,1,1,1.0,0,0,,0,3,3,5,1,0,3,2,9,-8,20.1,1,2015-16
22015,1626143,Jahlil Okafor,1610612755,PHI,Philadelphia 76ers,0021500167,2015-11-18,PHI vs. IND,L,31,6,11,0.545,0,0,,2,4,0.5,1,5,6,0,1,0,3,1,14,-30,21.2,1,2015-16
22015,2199,Tyson Chandler,1610612756,PHX,Phoenix Suns,0021500174,2015-11-18,PHX vs. CHI,L,31,3,7,0.429,0,0,,0,0,,5,4,9,0,2,1,2,1,6,-5,23.8,1,2015-16
22015,202720,Jon Leuer,1610612756,PHX,Phoenix Suns,0021500174,2015-11-18,PHX vs. CHI,L,6,0,2,0.0,0,1,0.0,1,2,0.5,0,2,2,0,1,0,0,0,1,-8,6.4,1,2015-16
22015,1626164,Devin Booker,1610612756,PHX,Phoenix Suns,0021500174,2015-11-18,PHX vs. CHI,L,15,2,3,0.667,2,2,1.0,0,0,,0,1,1,0,0,2,0,2,6,9,13.2,1,2015-16
22015,202329,Al-Farouq Aminu,1610612757,POR,Portland Trail Blazers,0021500170,2015-11-18,POR @ HOU,L,37,5,16,0.313,2,8,0.25,4,4,1.0,2,13,15,0,1,1,3,3,16,-9,37.0,1,2015-16
22015,203112,Quincy Acy,1610612758,SAC,Sacramento Kings,0021500169,2015-11-18,SAC @ ATL,L,16,0,0,,0,0,,0,0,,0,1,1,1,0,1,1,3,0,-10,4.7,1,2015-16
22015,203463,Ben McLemore,1610612758,SAC,Sacramento Kings,0021500169,2015-11-18,SAC @ ATL,L,18,4,8,0.5,3,3,1.0,0,0,,1,0,1,0,1,0,0,0,11,-6,15.2,1,2015-16
22015,2564,Boris Diaw,1610612759,SAS,San Antonio Spurs,0021500172,2015-11-18,SAS vs. DEN,W,20,1,5,0.2,0,1,0.0,0,0,,0,2,2,1,1,0,1,3,2,-4,7.9,1,2015-16
22015,201988,Patty Mills,1610612759,SAS,San Antonio Spurs,0021500172,2015-11-18,SAS vs. DEN,W,25,7,15,0.467,3,6,0.5,0,0,,0,6,6,3,1,1,1,0,17,-8,33.7,1,2015-16
22015,201566,Russell Westbrook,1610612760,OKC,Oklahoma City Thunder,0021500171,2015-11-18,OKC vs. NOP,W,36,14,25,0.56,0,3,0.0,15,20,0.75,3,6,9,8,1,1,4,1,43,-5,67.8,1,2015-16
22015,201586,Serge Ibaka,1610612760,OKC,Oklahoma City Thunder,0021500171,2015-11-18,OKC vs. NOP,W,33,2,11,0.182,0,1,0.0,2,4,0.5,2,3,5,1,1,1,1,3,6,-1,18.5,1,2015-16
22015,202683,Enes Freedom,1610612760,OKC,Oklahoma City Thunder,0021500171,2015-11-18,OKC vs. NOP,W,31,8,15,0.533,0,0,,8,12,0.667,6,8,14,0,0,0,1,3,24,1,39.8,1,2015-16
22015,202713,Kyle Singler,1610612760,OKC,Oklahoma City Thunder,0021500171,2015-11-18,OKC vs. NOP,W,21,2,5,0.4,1,2,0.5,0,0,,0,2,2,0,1,0,0,1,5,16,10.4,1,2015-16
22015,203460,Andre Roberson,1610612760,OKC,Oklahoma City Thunder,0021500171,2015-11-18,OKC vs. NOP,W,29,3,5,0.6,1,2,0.5,1,2,0.5,4,4,8,1,1,0,1,2,8,-7,21.1,1,2015-16
22015,203500,Steven Adams,1610612760,OKC,Oklahoma City Thunder,0021500171,2015-11-18,OKC vs. NOP,W,11,0,2,0.0,0,0,,0,0,,1,1,2,0,0,1,0,1,0,2,5.4,1,2015-16
22015,201960,DeMarre Carroll,1610612761,TOR,Toronto Raptors,0021500173,2015-11-18,TOR @ UTA,L,35,2,8,0.25,2,6,0.333,1,2,0.5,0,6,6,0,2,1,1,3,7,-5,22.2,1,2015-16
22015,202335,Patrick Patterson,1610612761,TOR,Toronto Raptors,0021500173,2015-11-18,TOR @ UTA,L,16,0,3,0.0,0,3,0.0,0,0,,1,4,5,0,1,0,1,0,0,1,8.0,1,2015-16
22015,202324,Derrick Favors,1610612762,UTA,Utah Jazz,0021500173,2015-11-18,UTA vs. TOR,W,32,7,9,0.778,0,0,,4,7,0.571,1,10,11,1,1,0,0,0,18,16,35.7,1,2015-16
22015,101107,Marvin Williams,1610612766,CHA,Charlotte Hornets,0021500165,2015-11-18,CHA vs. BKN,W,36,4,9,0.444,2,5,0.4,4,4,1.0,4,5,9,2,1,1,1,1,14,4,32.8,1,2015-16
22015,203087,Jeremy Lamb,1610612766,CHA,Charlotte Hornets,0021500165,2015-11-18,CHA vs. BKN,W,21,2,7,0.286,0,2,0.0,2,2,1.0,0,3,3,1,0,1,0,0,6,6,14.1,1,2015-16
22015,1626163,Frank Kaminsky,1610612766,CHA,Charlotte Hornets,0021500165,2015-11-18,CHA vs. BKN,W,23,4,6,0.667,1,2,0.5,2,2,1.0,1,2,3,1,1,1,3,0,11,5,19.1,1,2015-16
22015,203200,Justin Holiday,1610612737,ATL,Atlanta Hawks,0021500169,2015-11-18,ATL vs. SAC,W,18,2,7,0.286,2,5,0.4,0,0,,1,2,3,1,1,0,2,0,6,-7,12.1,1,2015-16
22015,203934,Lamar Patterson,1610612737,ATL,Atlanta Hawks,0021500169,2015-11-18,ATL vs. SAC,W,25,3,7,0.429,1,5,0.2,2,3,0.667,1,4,5,2,1,0,1,3,9,6,20.0,1,2015-16
22015,101135,David Lee,1610612738,BOS,Boston Celtics,0021500168,2015-11-18,BOS vs. DAL,L,15,4,7,0.571,0,0,,6,6,1.0,0,1,1,1,0,0,1,2,14,-1,15.7,1,2015-16
22015,203096,Jared Sullinger,1610612738,BOS,Boston Celtics,0021500168,2015-11-18,BOS vs. DAL,L,30,7,19,0.368,1,3,0.333,3,4,0.75,4,8,12,3,1,0,1,3,18,0,38.9,1,2015-16
22015,201569,Eric Gordon,1610612740,NOP,New Orleans Pelicans,0021500171,2015-11-18,NOP @ OKC,L,37,6,20,0.3,1,9,0.111,5,5,1.0,1,1,2,5,3,0,1,3,18,2,35.9,1,2015-16
22015,201583,Ryan Anderson,1610612740,NOP,New Orleans Pelicans,0021500171,2015-11-18,NOP @ OKC,L,44,13,25,0.52,4,10,0.4,0,0,,4,3,7,3,2,0,3,3,30,-7,45.9,1,2015-16
22015,2550,Kirk Hinrich,1610612741,CHI,Chicago Bulls,0021500174,2015-11-18,CHI @ PHX,W,24,6,7,0.857,2,2,1.0,0,0,,0,2,2,6,1,0,1,0,14,5,27.4,1,2015-16
22015,202710,Jimmy Butler III,1610612741,CHI,Chicago Bulls,0021500174,2015-11-18,CHI @ PHX,W,43,11,23,0.478,3,7,0.429,7,8,0.875,3,3,6,2,1,0,1,2,32,4,44.2,1,2015-16
22015,201568,Danilo Gallinari,1610612743,DEN,Denver Nuggets,0021500172,2015-11-18,DEN @ SAS,L,31,2,9,0.222,1,2,0.5,4,4,1.0,3,5,8,3,0,1,0,2,9,-3,26.1,1,2015-16
22015,203123,Kostas Papanikolaou,1610612743,DEN,Denver Nuggets,0021500172,2015-11-18,DEN @ SAS,L,1,0,0,,0,0,,0,0,,0,0,0,0,0,0,0,0,0,3,0.0,1,2015-16
22015,201147,Corey Brewer,1610612745,HOU,Houston Rockets,0021500170,2015-11-18,HOU vs. POR,W,27,5,12,0.417,3,6,0.5,3,4,0.75,0,4,4,0,0,0,1,1,16,13,19.8,1,2015-16
22015,201935,James Harden,1610612745,HOU,Houston Rockets,0021500170,2015-11-18,HOU vs. POR,W,47,11,29,0.379,4,15,0.267,19,20,0.95,1,7,8,11,5,1,5,2,45,10,84.1,1,2015-16
22015,203093,Terrence Jones,1610612745,HOU,Houston Rockets,0021500170,2015-11-18,HOU vs. POR,W,30,2,5,0.4,1,2,0.5,3,4,0.75,0,2,2,2,0,1,1,3,8,-7,15.4,1,2015-16
22015,203498,Shabazz Muhammad,1610612750,MIN,Minnesota Timberwolves,0021500166,2015-11-18,MIN @ ORL,L,17,2,7,0.286,0,3,0.0,0,0,,1,1,2,0,0,0,0,2,4,-7,6.4,1,2015-16
22015,203940,Adreian Payne,1610612750,MIN,Minnesota Timberwolves,0021500166,2015-11-18,MIN @ ORL,L,16,0,6,0.0,0,1,0.0,0,0,,1,4,5,1,0,0,1,0,0,0,6.5,1,2015-16
22015,101127,Jarrett Jack,1610612751,BKN,Brooklyn Nets,0021500165,2015-11-18,BKN @ CHA,L,33,6,12,0.5,2,4,0.5,2,2,1.0,0,8,8,9,0,2,3,3,16,4,42.1,1,2015-16
22015,1626178,Rondae Hollis-Jefferson,1610612751,BKN,Brooklyn Nets,0021500165,2015-11-18,BKN @ CHA,L,25,2,4,0.5,0,0,,1,2,0.5,0,2,2,1,1,0,1,4,5,-8,10.9,1,2015-16
22015,203095,Evan Fournier,1610612753,ORL,Orlando Magic,0021500166,2015-11-18,ORL vs. MIN,W,43,9,17,0.529,5,7,0.714,3,4,0.75,2,2,4,3,3,0,3,1,26,11,41.3,1,2015-16
22015,203473,Dewayne Dedmon,1610612753,ORL,Orlando Magic,0021500166,2015-11-18,ORL vs. MIN,W,10,2,2,1.0,0,0,,0,0,,0,0,0,0,0,0,1,4,4,-3,3.0,1,2015-16
22015,1626209,Mario Hezonja,1610612753,ORL,Orlando Magic,0021500166,2015-11-18,ORL vs. MIN,W,8,1,3,0.333,0,1,0.0,0,0,,0,2,2,2,0,0,0,0,2,-8,7.4,1,2015-16
22015,1626202,Joe Young,1610612754,IND,Indiana Pacers,0021500167,2015-11-18,IND @ PHI,W,21,1,8,0.125,0,2,0.0,2,2,1.0,0,1,1,3,2,0,2,0,4,-2,13.7,1,2015-16
22015,203496,Robert Covington,1610612755,PHI,Philadelphia 76ers,0021500167,2015-11-18,PHI vs. IND,L,23,4,13,0.308,0,5,0.0,0,0,,0,5,5,1,2,1,4,2,8,-19,20.5,1,2015-16
22015,200782,P.J. Tucker,1610612756,PHX,Phoenix Suns,0021500174,2015-11-18,PHX vs. CHI,L,34,8,15,0.533,1,4,0.25,3,3,1.0,4,3,7,0,0,0,0,2,20,-16,28.4,1,2015-16
22015,203462,Archie Goodwin,1610612756,PHX,Phoenix Suns,0021500174,2015-11-18,PHX vs. CHI,L,7,0,2,0.0,0,1,0.0,0,2,0.0,0,0,0,0,0,0,0,0,0,-3,0.0,1,2015-16
22015,201945,Gerald Henderson,1610612757,POR,Portland Trail Blazers,0021500170,2015-11-18,POR @ HOU,L,15,3,7,0.429,2,4,0.5,1,2,0.5,0,0,0,0,0,0,0,0,9,2,9.0,1,2015-16
22015,203081,Damian Lillard,1610612757,POR,Portland Trail Blazers,0021500170,2015-11-18,POR @ HOU,L,41,6,19,0.316,1,6,0.167,10,10,1.0,0,3,3,2,2,0,6,1,23,-5,29.6,1,2015-16
22015,204025,Tim Frazier,1610612757,POR,Portland Trail Blazers,0021500170,2015-11-18,POR @ HOU,L,6,0,0,,0,0,,0,0,,0,1,1,3,1,0,1,0,0,11,7.7,1,2015-16
22015,1626146,Cliff Alexander,1610612757,POR,Portland Trail Blazers,0021500170,2015-11-18,POR @ HOU,L,4,1,2,0.5,0,0,,0,0,,0,0,0,0,0,0,0,0,2,-5,2.0,1,2015-16
22015,201585,Kosta Koufos,1610612758,SAC,Sacramento Kings,0021500169,2015-11-18,SAC @ ATL,L,21,6,9,0.667,0,0,,1,1,1.0,2,4,6,0,1,0,0,1,13,-4,23.2,1,2015-16
22015,201956,Omri Casspi,1610612758,SAC,Sacramento Kings,0021500169,2015-11-18,SAC @ ATL,L,22,4,8,0.5,0,2,0.0,0,0,,0,4,4,2,0,0,2,2,8,-2,13.8,1,2015-16
22015,1626161,Willie Cauley-Stein,1610612758,SAC,Sacramento Kings,0021500169,2015-11-18,SAC @ ATL,L,14,0,2,0.0,0,0,,0,0,,1,4,5,0,0,0,0,2,0,8,6.0,1,2015-16
22015,1495,Tim Duncan,1610612759,SAS,San Antonio Spurs,0021500172,2015-11-18,SAS vs. DEN,W,28,5,8,0.625,0,0,,2,2,1.0,5,6,11,6,1,6,2,3,12,15,53.2,1,2015-16
22015,2225,Tony Parker,1610612759,SAS,San Antonio Spurs,0021500172,2015-11-18,SAS vs. DEN,W,32,9,14,0.643,0,1,0.0,7,8,0.875,0,2,2,9,0,0,3,1,25,7,37.9,1,2015-16
22015,202709,Cory Joseph,1610612761,TOR,Toronto Raptors,0021500173,2015-11-18,TOR @ UTA,L,22,2,5,0.4,0,1,0.0,4,4,1.0,2,1,3,0,1,0,1,1,8,0,13.6,1,2015-16
22015,202344,Trevor Booker,1610612762,UTA,Utah Jazz,0021500173,2015-11-18,UTA vs. TOR,W,15,2,7,0.286,0,2,0.0,0,0,,2,3,5,0,1,0,0,0,4,-12,13.0,1,2015-16
22015,203187,Chris Johnson,1610612762,UTA,Utah Jazz,0021500173,2015-11-18,UTA vs. TOR,W,5,0,0,,0,0,,0,0,,0,1,1,0,0,0,0,1,0,4,1.2,1,2015-16
22015,203481,Jeff Withey,1610612762,UTA,Utah Jazz,0021500173,2015-11-18,UTA vs. TOR,W,8,1,1,1.0,0,0,,0,0,,0,1,1,0,0,1,1,1,2,-4,5.2,1,2015-16
22015,203497,Rudy Gobert,1610612762,UTA,Utah Jazz,0021500173,2015-11-18,UTA vs. TOR,W,39,3,4,0.75,0,0,,1,2,0.5,1,4,5,1,0,2,3,3,7,7,17.5,1,2015-16
22015,203504,Trey Burke,1610612762,UTA,Utah Jazz,0021500173,2015-11-18,UTA vs. TOR,W,18,3,7,0.429,2,5,0.4,2,4,0.5,0,1,1,2,2,0,1,4,10,-8,19.2,1,2015-16
22015,204060,Joe Ingles,1610612762,UTA,Utah Jazz,0021500173,2015-11-18,UTA vs. TOR,W,9,0,2,0.0,0,1,0.0,0,0,,0,2,2,2,1,0,3,1,0,-5,5.4,1,2015-16
22015,201150,Spencer Hawes,1610612766,CHA,Charlotte Hornets,0021500165,2015-11-18,CHA vs. BKN,W,18,5,7,0.714,2,2,1.0,0,0,,0,4,4,2,0,0,0,1,12,13,19.8,1,2015-16
22015,202689,Kemba Walker,1610612766,CHA,Charlotte Hornets,0021500165,2015-11-18,CHA vs. BKN,W,29,5,9,0.556,3,4,0.75,5,10,0.5,2,5,7,7,1,0,2,3,18,-2,37.9,1,2015-16
22015,2594,Kyle Korver,1610612737,ATL,Atlanta Hawks,0021500169,2015-11-18,ATL vs. SAC,W,32,3,5,0.6,2,4,0.5,0,1,0.0,0,5,5,2,0,1,0,1,8,11,20.0,1,2015-16
22015,201143,Al Horford,1610612737,ATL,Atlanta Hawks,0021500169,2015-11-18,ATL vs. SAC,W,32,6,15,0.4,1,2,0.5,4,4,1.0,0,1,1,1,0,2,2,1,17,5,23.7,1,2015-16
22015,203471,Dennis Schröder,1610612737,ATL,Atlanta Hawks,0021500169,2015-11-18,ATL vs. SAC,W,32,9,21,0.429,3,9,0.333,1,2,0.5,0,2,2,6,0,0,1,3,22,3,32.4,1,2015-16
22015,201962,Toney Douglas,1610612740,NOP,New Orleans Pelicans,0021500171,2015-11-18,NOP @ OKC,L,14,3,6,0.5,0,2,0.0,2,2,1.0,0,0,0,3,0,0,2,2,8,-8,10.5,1,2015-16
22015,201959,Taj Gibson,1610612741,CHI,Chicago Bulls,0021500174,2015-11-18,CHI @ PHX,W,27,3,7,0.429,0,0,,0,0,,2,5,7,0,0,0,1,3,6,7,13.4,1,2015-16
22015,203999,Nikola Jokić,1610612743,DEN,Denver Nuggets,0021500172,2015-11-18,DEN @ SAS,L,32,8,13,0.615,1,1,1.0,6,6,1.0,6,6,12,0,2,3,0,2,23,-2,52.4,1,2015-16
22015,1626157,Karl-Anthony Towns,1610612750,MIN,Minnesota Timberwolves,0021500166,2015-11-18,MIN @ ORL,L,37,8,12,0.667,0,1,0.0,5,6,0.833,3,9,12,0,0,6,4,2,21,-7,49.4,1,2015-16
22015,203932,Aaron Gordon,1610612753,ORL,Orlando Magic,0021500166,2015-11-18,ORL vs. MIN,W,14,2,3,0.667,0,0,,1,2,0.5,2,0,2,2,0,2,1,1,5,-2,15.4,1,2015-16
22015,201978,Chase Budinger,1610612754,IND,Indiana Pacers,0021500167,2015-11-18,IND @ PHI,W,31,5,13,0.385,1,4,0.25,4,4,1.0,3,3,6,1,1,2,1,2,15,6,31.7,1,2015-16
22015,202730,Lavoy Allen,1610612754,IND,Indiana Pacers,0021500167,2015-11-18,IND @ PHI,W,19,3,5,0.6,0,0,,1,2,0.5,3,3,6,2,1,1,1,2,7,24,22.2,1,2015-16
22015,203138,Hollis Thompson,1610612755,PHI,Philadelphia 76ers,0021500167,2015-11-18,PHI vs. IND,L,27,1,9,0.111,0,6,0.0,1,2,0.5,2,7,9,2,3,0,3,5,3,-20,22.8,1,2015-16
22015,203960,JaKarr Sampson,1610612755,PHI,Philadelphia 76ers,0021500167,2015-11-18,PHI vs. IND,L,19,3,4,0.75,0,0,,2,4,0.5,0,3,3,0,0,0,3,2,8,1,8.6,1,2015-16
22015,101179,Ronnie Price,1610612756,PHX,Phoenix Suns,0021500174,2015-11-18,PHX vs. CHI,L,11,1,3,0.333,0,2,0.0,0,0,,1,1,2,2,2,0,0,2,2,-3,13.4,1,2015-16
22015,203459,Allen Crabbe,1610612757,POR,Portland Trail Blazers,0021500170,2015-11-18,POR @ HOU,L,39,6,12,0.5,3,6,0.5,0,0,,1,4,5,0,2,0,1,5,15,-12,26.0,1,2015-16
22015,201954,Darren Collison,1610612758,SAC,Sacramento Kings,0021500169,2015-11-18,SAC @ ATL,L,28,3,9,0.333,1,3,0.333,0,0,,0,2,2,5,2,0,2,4,7,0,20.9,1,2015-16
22015,2555,Nick Collison,1610612760,OKC,Oklahoma City Thunder,0021500171,2015-11-18,OKC vs. NOP,W,18,1,1,1.0,0,0,,0,0,,0,3,3,4,1,1,3,2,2,8,14.6,1,2015-16
22015,201587,Nicolas Batum,1610612766,CHA,Charlotte Hornets,0021500165,2015-11-18,CHA vs. BKN,W,41,7,12,0.583,3,6,0.5,7,7,1.0,0,1,1,8,1,2,4,1,24,4,42.2,1,2015-16
22015,202389,Timofey Mozgov,1610612739,CLE,Cleveland Cavaliers,0021500176,2015-11-19,CLE vs. MIL,W,11,1,2,0.5,0,0,,0,0,,0,0,0,0,0,0,1,2,2,12,1.0,1,2015-16
22015,101106,Andrew Bogut,1610612744,GSW,Golden State Warriors,0021500177,2015-11-19,GSW @ LAC,W,20,1,3,0.333,0,0,,0,0,,0,1,1,2,0,0,0,2,2,-5,6.2,1,2015-16
22015,201939,Stephen Curry,1610612744,GSW,Golden State Warriors,0021500177,2015-11-19,GSW @ LAC,W,37,11,22,0.5,6,14,0.429,12,12,1.0,0,11,11,4,3,0,7,2,40,12,61.2,1,2015-16
22015,203084,Harrison Barnes,1610612744,GSW,Golden State Warriors,0021500177,2015-11-19,GSW @ LAC,W,35,9,15,0.6,3,5,0.6,0,0,,1,6,7,1,0,0,1,1,21,10,29.9,1,2015-16
22015,2037,Jamal Crawford,1610612746,LAC,LA Clippers,0021500177,2015-11-19,LAC vs. GSW,L,40,6,16,0.375,1,7,0.143,2,2,1.0,0,5,5,2,0,0,2,5,15,-9,22.0,1,2015-16
22015,2746,Josh Smith,1610612746,LAC,LA Clippers,0021500177,2015-11-19,LAC vs. GSW,L,18,3,6,0.5,2,3,0.667,0,0,,0,2,2,2,2,1,1,5,8,-2,21.4,1,2015-16
22015,201601,Luc Mbah a Moute,1610612746,LAC,LA Clippers,0021500177,2015-11-19,LAC vs. GSW,L,0,0,0,,0,0,,0,0,,0,0,0,0,0,0,0,0,0,0,0.0,1,2015-16
22015,203085,Austin Rivers,1610612746,LAC,LA Clippers,0021500177,2015-11-19,LAC vs. GSW,L,26,4,8,0.5,1,2,0.5,1,4,0.25,1,2,3,1,2,0,0,1,10,-2,21.1,1,2015-16
22015,2548,Dwyane Wade,1610612748,MIA,Miami Heat,0021500175,2015-11-19,MIA vs. SAC,W,31,10,23,0.435,0,2,0.0,4,6,0.667,1,4,5,6,2,0,0,1,24,-1,45.0,1,2015-16
22015,204020,Tyler Johnson,1610612748,MIA,Miami Heat,0021500175,2015-11-19,MIA vs. SAC,W,25,6,8,0.75,3,4,0.75,4,4,1.0,1,2,3,3,1,0,1,1,19,8,29.1,1,2015-16
22015,201564,O.J. Mayo,1610612749,MIL,Milwaukee Bucks,0021500176,2015-11-19,MIL @ CLE,L,14,1,2,0.5,1,2,0.5,0,0,,0,1,1,1,2,0,0,2,3,-14,11.7,1,2015-16
22015,202328,Greg Monroe,1610612749,MIL,Milwaukee Bucks,0021500176,2015-11-19,MIL @ CLE,L,34,7,14,0.5,0,0,,3,7,0.429,2,6,8,1,2,0,2,0,17,-2,32.1,1,2015-16
22015,203114,Khris Middleton,1610612749,MIL,Milwaukee Bucks,0021500176,2015-11-19,MIL @ CLE,L,32,4,10,0.4,0,1,0.0,7,7,1.0,0,1,1,4,1,0,2,6,15,5,23.2,1,2015-16
22015,201585,Kosta Koufos,1610612758,SAC,Sacramento Kings,0021500175,2015-11-19,SAC @ MIA,L,25,3,8,0.375,0,0,,0,2,0.0,2,5,7,0,0,0,1,3,6,-3,13.4,1,2015-16
22015,2544,LeBron James,1610612739,CLE,Cleveland Cavaliers,0021500176,2015-11-19,CLE vs. MIL,W,35,9,13,0.692,1,1,1.0,8,9,0.889,3,6,9,6,0,0,4,3,27,13,42.8,1,2015-16
22015,2592,James Jones,1610612739,CLE,Cleveland Cavaliers,0021500176,2015-11-19,CLE vs. MIL,W,11,3,5,0.6,2,4,0.5,1,2,0.5,0,0,0,1,0,0,0,0,9,-1,10.5,1,2015-16
22015,2747,JR Smith,1610612739,CLE,Cleveland Cavaliers,0021500176,2015-11-19,CLE vs. MIL,W,39,7,12,0.583,4,8,0.5,0,0,,0,2,2,1,0,0,0,3,18,15,21.9,1,2015-16
22015,202325,Wesley Johnson,1610612746,LAC,LA Clippers,0021500177,2015-11-19,LAC vs. GSW,L,16,3,6,0.5,1,2,0.5,0,0,,1,1,2,1,1,0,0,1,7,-2,13.9,1,2015-16
22015,201609,Goran Dragic,1610612748,MIA,Miami Heat,0021500175,2015-11-19,MIA vs. SAC,W,32,4,11,0.364,1,4,0.25,0,1,0.0,1,0,1,6,0,0,0,2,9,-4,19.2,1,2015-16
22015,202349,Greivis Vasquez,1610612749,MIL,Milwaukee Bucks,0021500176,2015-11-19,MIL @ CLE,L,21,0,3,0.0,0,1,0.0,0,0,,0,1,1,5,1,0,3,3,0,-10,8.7,1,2015-16
22015,200752,Rudy Gay,1610612758,SAC,Sacramento Kings,0021500175,2015-11-19,SAC @ MIA,L,25,6,13,0.462,0,0,,1,1,1.0,2,10,12,2,1,0,1,3,13,1,32.4,1,2015-16
22015,201954,Darren Collison,1610612758,SAC,Sacramento Kings,0021500175,2015-11-19,SAC @ MIA,L,21,4,7,0.571,0,0,,1,1,1.0,0,0,0,1,0,0,0,0,9,-15,10.5,1,2015-16
22015,203099,Jared Cunningham,1610612739,CLE,Cleveland Cavaliers,0021500176,2015-11-19,CLE vs. MIL,W,17,1,2,0.5,0,1,0.0,5,6,0.833,0,3,3,4,0,0,2,2,7,-3,14.6,1,2015-16
22015,203521,Matthew Dellavedova,1610612739,CLE,Cleveland Cavaliers,0021500176,2015-11-19,CLE vs. MIL,W,39,2,6,0.333,1,4,0.25,2,3,0.667,0,1,1,13,0,0,3,2,7,16,24.7,1,2015-16
22015,2738,Andre Iguodala,1610612744,GSW,Golden State Warriors,0021500177,2015-11-19,GSW @ LAC,W,31,3,4,0.75,2,2,1.0,0,0,,1,3,4,7,0,0,3,0,8,12,20.3,1,2015-16
22015,201574,Jason Thompson,1610612744,GSW,Golden State Warriors,0021500177,2015-11-19,GSW @ LAC,W,3,0,1,0.0,0,0,,0,0,,0,1,1,0,0,0,0,3,0,4,1.2,1,2015-16
22015,202691,Klay Thompson,1610612744,GSW,Golden State Warriors,0021500177,2015-11-19,GSW @ LAC,W,39,6,12,0.5,3,5,0.6,10,12,0.833,2,1,3,2,0,0,2,2,25,6,29.6,1,2015-16
22015,203949,James Michael McAdoo,1610612744,GSW,Golden State Warriors,0021500177,2015-11-19,GSW @ LAC,W,1,0,0,,0,0,,0,0,,0,0,0,0,0,0,0,0,0,1,0.0,1,2015-16
22015,201599,DeAndre Jordan,1610612746,LAC,LA Clippers,0021500177,2015-11-19,LAC vs. GSW,L,39,2,4,0.5,0,0,,5,8,0.625,4,6,10,1,1,0,1,5,9,3,24.5,1,2015-16
22015,2736,Luol Deng,1610612748,MIA,Miami Heat,0021500175,2015-11-19,MIA vs. SAC,W,31,1,7,0.143,0,4,0.0,6,9,0.667,2,2,4,1,2,2,0,1,8,-1,26.3,1,2015-16
22015,101123,Gerald Green,1610612748,MIA,Miami Heat,0021500175,2015-11-19,MIA vs. SAC,W,16,2,6,0.333,1,4,0.25,0,0,,1,5,6,1,0,0,1,3,5,13,12.7,1,2015-16
22015,201177,Josh McRoberts,1610612748,MIA,Miami Heat,0021500175,2015-11-19,MIA vs. SAC,W,17,0,1,0.0,0,0,,0,2,0.0,3,1,4,2,2,0,0,2,0,9,13.8,1,2015-16
22015,202355,Hassan Whiteside,1610612748,MIA,Miami Heat,0021500175,2015-11-19,MIA vs. SAC,W,18,4,7,0.571,0,0,,4,4,1.0,2,3,5,0,2,4,0,3,12,-11,36.0,1,2015-16
22015,203487,Michael Carter-Williams,1610612749,MIL,Milwaukee Bucks,0021500176,2015-11-19,MIL @ CLE,L,27,4,11,0.364,0,0,,1,2,0.5,1,0,1,5,0,0,2,5,9,-5,15.7,1,2015-16
22015,201956,Omri Casspi,1610612758,SAC,Sacramento Kings,0021500175,2015-11-19,SAC @ MIA,L,39,7,11,0.636,2,4,0.5,0,4,0.0,0,6,6,0,1,1,4,5,16,-4,25.2,1,2015-16
22015,2760,Anderson Varejao,1610612739,CLE,Cleveland Cavaliers,0021500176,2015-11-19,CLE vs. MIL,W,11,4,4,1.0,0,0,,1,2,0.5,1,1,2,1,0,0,0,2,9,1,12.9,1,2015-16
22015,201567,Kevin Love,1610612739,CLE,Cleveland Cavaliers,0021500176,2015-11-19,CLE vs. MIL,W,34,7,15,0.467,3,5,0.6,5,5,1.0,5,10,15,1,1,1,4,3,22,15,43.5,1,2015-16
22015,202684,Tristan Thompson,1610612739,CLE,Cleveland Cavaliers,0021500176,2015-11-19,CLE vs. MIL,W,26,5,7,0.714,0,0,,2,3,0.667,4,7,11,1,1,0,2,4,12,2,27.7,1,2015-16
22015,201578,Marreese Speights,1610612744,GSW,Golden State Warriors,0021500177,2015-11-19,GSW @ LAC,W,12,0,3,0.0,0,0,,4,6,0.667,2,3,5,1,0,0,1,2,4,-7,10.5,1,2015-16
22015,201933,Blake Griffin,1610612746,LAC,LA Clippers,0021500177,2015-11-19,LAC vs. GSW,L,37,11,20,0.55,1,1,1.0,4,6,0.667,2,4,6,5,1,1,3,2,27,-12,44.7,1,2015-16
22015,1626159,Justise Winslow,1610612748,MIA,Miami Heat,0021500175,2015-11-19,MIA vs. SAC,W,27,3,9,0.333,0,4,0.0,0,0,,1,0,1,1,2,0,3,2,6,11,11.7,1,2015-16
22015,203089,John Henson,1610612749,MIL,Milwaukee Bucks,0021500176,2015-11-19,MIL @ CLE,L,11,0,0,,0,0,,0,0,,0,0,0,0,0,1,0,2,0,-15,3.0,1,2015-16
22015,203507,Giannis Antetokounmpo,1610612749,MIL,Milwaukee Bucks,0021500176,2015-11-19,MIL @ CLE,L,40,12,15,0.8,1,2,0.5,8,8,1.0,2,3,5,2,2,0,0,3,33,-14,48.0,1,2015-16
22015,201158,Marco Belinelli,1610612758,SAC,Sacramento Kings,0021500175,2015-11-19,SAC @ MIA,L,26,5,11,0.455,5,10,0.5,8,9,0.889,0,1,1,1,0,0,2,3,23,-1,23.7,1,2015-16
22015,2210,Richard Jefferson,1610612739,CLE,Cleveland Cavaliers,0021500176,2015-11-19,CLE vs. MIL,W,16,1,5,0.2,0,1,0.0,0,0,,0,0,0,1,1,1,1,3,2,5,8.5,1,2015-16
22015,201575,Brandon Rush,1610612744,GSW,Golden State Warriors,0021500177,2015-11-19,GSW @ LAC,W,6,0,1,0.0,0,1,0.0,0,0,,0,1,1,1,0,0,0,0,0,-5,2.7,1,2015-16
22015,203546,Ian Clark,1610612744,GSW,Golden State Warriors,0021500177,2015-11-19,GSW @ LAC,W,5,0,1,0.0,0,0,,0,0,,0,1,1,1,0,1,0,1,0,6,5.7,1,2015-16
22015,2405,Amar'e Stoudemire,1610612748,MIA,Miami Heat,0021500175,2015-11-19,MIA vs. SAC,W,8,4,5,0.8,0,0,,2,2,1.0,0,1,1,1,0,0,1,0,10,8,11.7,1,2015-16
22015,2547,Chris Bosh,1610612748,MIA,Miami Heat,0021500175,2015-11-19,MIA vs. SAC,W,35,8,12,0.667,2,2,1.0,5,5,1.0,0,11,11,4,0,1,1,0,23,3,44.2,1,2015-16
22015,201573,Jerryd Bayless,1610612749,MIL,Milwaukee Bucks,0021500176,2015-11-19,MIL @ CLE,L,25,4,8,0.5,1,2,0.5,0,0,,0,1,1,2,0,0,1,4,9,-12,12.2,1,2015-16
22015,203948,Johnny O'Bryant III,1610612749,MIL,Milwaukee Bucks,0021500176,2015-11-19,MIL @ CLE,L,6,0,0,,0,0,,0,0,,0,1,1,1,0,0,0,1,0,3,2.7,1,2015-16
22015,2406,Caron Butler,1610612758,SAC,Sacramento Kings,0021500175,2015-11-19,SAC @ MIA,L,5,0,1,0.0,0,1,0.0,0,0,,0,0,0,0,0,0,0,1,0,-2,0.0,1,2015-16
22015,200765,Rajon Rondo,1610612758,SAC,Sacramento Kings,0021500175,2015-11-19,SAC @ MIA,L,40,6,13,0.462,2,3,0.667,0,0,,2,7,9,18,1,0,3,5,14,3,51.8,1,2015-16
22015,203112,Quincy Acy,1610612758,SAC,Sacramento Kings,0021500175,2015-11-19,SAC @ MIA,L,5,0,1,0.0,0,1,0.0,0,0,,1,0,1,0,0,0,0,0,0,-1,1.2,1,2015-16
22015,203463,Ben McLemore,1610612758,SAC,Sacramento Kings,0021500175,2015-11-19,SAC @ MIA,L,32,7,12,0.583,3,4,0.75,0,1,0.0,0,1,1,3,0,0,4,1,17,-2,18.7,1,2015-16
22015,1626161,Willie Cauley-Stein,1610612758,SAC,Sacramento Kings,0021500175,2015-11-19,SAC @ MIA,L,22,5,7,0.714,0,0,,1,2,0.5,2,3,5,0,0,2,3,6,11,-11,20.0,1,2015-16
22015,203105,Festus Ezeli,1610612744,GSW,Golden State Warriors,0021500177,2015-11-19,GSW @ LAC,W,21,1,2,0.5,0,0,,3,4,0.75,2,2,4,3,0,2,2,3,5,-6,18.3,1,2015-16
22015,203110,Draymond Green,1610612744,GSW,Golden State Warriors,0021500177,2015-11-19,GSW @ LAC,W,30,7,9,0.778,3,3,1.0,2,2,1.0,0,6,6,9,1,1,3,4,19,7,42.7,1,2015-16
22015,1718,Paul Pierce,1610612746,LAC,LA Clippers,0021500177,2015-11-19,LAC vs. GSW,L,32,2,6,0.333,2,5,0.4,0,0,,1,2,3,1,1,0,0,4,6,-5,14.1,1,2015-16
22015,101108,Chris Paul,1610612746,LAC,LA Clippers,0021500177,2015-11-19,LAC vs. GSW,L,32,13,22,0.591,5,9,0.556,4,4,1.0,0,4,4,8,3,0,3,2,35,-6,57.8,1,2015-16
22015,203953,Jabari Parker,1610612749,MIL,Milwaukee Bucks,0021500176,2015-11-19,MIL @ CLE,L,31,6,10,0.6,0,0,,2,2,1.0,1,2,3,1,0,1,1,3,14,-11,21.1,1,2015-16
22015,101161,Amir Johnson,1610612738,BOS,Boston Celtics,0021500179,2015-11-20,BOS vs. BKN,W,20,4,6,0.667,0,0,,0,0,,0,2,2,4,0,2,1,1,8,17,21.4,1,2015-16
22015,201973,Jonas Jerebko,1610612738,BOS,Boston Celtics,0021500179,2015-11-20,BOS vs. BKN,W,19,0,3,0.0,0,2,0.0,1,1,1.0,1,1,2,1,1,0,1,1,1,8,6.9,1,2015-16
22015,202738,Isaiah Thomas,1610612738,BOS,Boston Celtics,0021500179,2015-11-20,BOS vs. BKN,W,28,7,15,0.467,4,9,0.444,0,1,0.0,0,1,1,9,1,0,3,0,18,28,32.7,1,2015-16
22015,203096,Jared Sullinger,1610612738,BOS,Boston Celtics,0021500179,2015-11-20,BOS vs. BKN,W,19,3,6,0.5,0,0,,2,2,1.0,0,4,4,3,1,0,0,1,8,21,20.3,1,2015-16
22015,203109,Jae Crowder,1610612738,BOS,Boston Celtics,0021500179,2015-11-20,BOS vs. BKN,W,28,8,12,0.667,3,6,0.5,0,0,,2,3,5,2,3,0,1,1,19,19,36.0,1,2015-16
22015,203482,Kelly Olynyk,1610612738,BOS,Boston Celtics,0021500179,2015-11-20,BOS vs. BKN,W,21,2,5,0.4,0,2,0.0,0,0,,2,8,10,5,0,0,3,6,4,5,20.5,1,2015-16
22015,201582,Alexis Ajinca,1610612740,NOP,New Orleans Pelicans,0021500182,2015-11-20,NOP vs. SAS,W,11,2,4,0.5,0,0,,4,4,1.0,0,3,3,0,0,0,0,3,8,2,11.6,1,2015-16
22015,201962,Toney Douglas,1610612740,NOP,New Orleans Pelicans,0021500182,2015-11-20,NOP vs. SAS,W,12,0,3,0.0,0,1,0.0,0,0,,1,3,4,1,0,0,0,0,0,9,6.3,1,2015-16
22015,201967,Dante Cunningham,1610612740,NOP,New Orleans Pelicans,0021500182,2015-11-20,NOP vs. SAS,W,24,2,6,0.333,0,2,0.0,0,0,,2,3,5,0,0,0,1,1,4,7,9.0,1,2015-16
22015,202703,Nikola Mirotic,1610612741,CHI,Chicago Bulls,0021500187,2015-11-20,CHI @ GSW,L,36,6,17,0.353,0,6,0.0,6,6,1.0,3,7,10,5,1,0,1,3,18,5,39.5,1,2015-16
22015,2585,Zaza Pachulia,1610612742,DAL,Dallas Mavericks,0021500184,2015-11-20,DAL vs. UTA,W,39,6,11,0.545,0,0,,3,4,0.75,4,8,12,4,2,0,1,2,15,11,40.4,1,2015-16
22015,101109,Raymond Felton,1610612742,DAL,Dallas Mavericks,0021500184,2015-11-20,DAL vs. UTA,W,15,1,5,0.2,0,2,0.0,2,2,1.0,0,0,0,2,0,0,0,1,4,2,7.0,1,2015-16
22015,101114,Deron Williams,1610612742,DAL,Dallas Mavericks,0021500184,2015-11-20,DAL vs. UTA,W,36,7,13,0.538,4,7,0.571,5,5,1.0,0,6,6,8,3,0,3,3,23,15,48.2,1,2015-16
22015,201581,JJ Hickson,1610612743,DEN,Denver Nuggets,0021500185,2015-11-20,DEN vs. PHX,L,14,4,6,0.667,0,0,,2,2,1.0,0,2,2,3,1,1,0,1,10,5,22.9,1,2015-16
22015,202702,Kenneth Faried,1610612743,DEN,Denver Nuggets,0021500185,2015-11-20,DEN vs. PHX,L,25,2,4,0.5,0,0,,0,2,0.0,3,4,7,1,1,0,3,3,4,-6,13.9,1,2015-16
22015,1626144,Emmanuel Mudiay,1610612743,DEN,Denver Nuggets,0021500185,2015-11-20,DEN vs. PHX,L,29,10,16,0.625,1,3,0.333,5,7,0.714,1,2,3,5,3,1,6,2,26,-8,43.1,1,2015-16
22015,203105,Festus Ezeli,1610612744,GSW,Golden State Warriors,0021500187,2015-11-20,GSW vs. CHI,W,23,3,4,0.75,0,0,,1,2,0.5,5,4,9,1,0,2,0,3,7,15,25.3,1,2015-16
22015,203903,Jordan Clarkson,1610612747,LAL,Los Angeles Lakers,0021500188,2015-11-20,LAL vs. TOR,L,32,6,13,0.462,1,3,0.333,0,0,,0,4,4,3,1,0,2,1,13,12,23.3,1,2015-16
22015,203944,Julius Randle,1610612747,LAL,Los Angeles Lakers,0021500188,2015-11-20,LAL vs. TOR,L,30,6,9,0.667,0,0,,6,6,1.0,2,10,12,1,0,1,1,5,18,15,35.9,1,2015-16
22015,708,Kevin Garnett,1610612750,MIN,Minnesota Timberwolves,0021500181,2015-11-20,MIN vs. DET,L,14,0,2,0.0,0,0,,0,0,,0,4,4,0,2,0,0,2,0,-7,10.8,1,2015-16
22015,201152,Thaddeus Young,1610612751,BKN,Brooklyn Nets,0021500179,2015-11-20,BKN @ BOS,L,29,7,17,0.412,0,0,,0,2,0.0,2,8,10,1,2,0,0,1,14,-21,33.5,1,2015-16
22015,203900,Markel Brown,1610612751,BKN,Brooklyn Nets,0021500179,2015-11-20,BKN @ BOS,L,6,0,3,0.0,0,0,,2,2,1.0,0,0,0,1,0,0,0,1,2,0,3.5,1,2015-16
22015,201577,Robin Lopez,1610612752,NYK,New York Knicks,0021500183,2015-11-20,NYK @ OKC,W,33,1,3,0.333,0,0,,5,5,1.0,2,5,7,2,0,3,6,4,7,0,21.4,1,2015-16
22015,202338,Kevin Seraphin,1610612752,NYK,New York Knicks,0021500183,2015-11-20,NYK @ OKC,W,11,0,3,0.0,0,0,,0,0,,0,0,0,2,1,0,0,5,0,2,6.0,1,2015-16
22015,204038,Langston Galloway,1610612752,NYK,New York Knicks,0021500183,2015-11-20,NYK @ OKC,W,20,2,4,0.5,1,2,0.5,0,0,,0,2,2,2,5,0,2,3,5,-1,23.4,1,2015-16
22015,200782,P.J. Tucker,1610612756,PHX,Phoenix Suns,0021500185,2015-11-20,PHX @ DEN,W,25,1,4,0.25,0,0,,4,4,1.0,1,3,4,2,1,0,2,3,6,7,14.8,1,2015-16
22015,203486,Mason Plumlee,1610612757,POR,Portland Trail Blazers,0021500186,2015-11-20,POR vs. LAC,W,29,6,9,0.667,0,0,,6,9,0.667,4,6,10,1,2,0,1,3,18,16,36.5,1,2015-16
22015,203943,Noah Vonleh,1610612757,POR,Portland Trail Blazers,0021500186,2015-11-20,POR vs. LAC,W,18,1,2,0.5,0,0,,2,2,1.0,0,3,3,0,1,0,2,2,4,0,8.6,1,2015-16
22015,200746,LaMarcus Aldridge,1610612759,SAS,San Antonio Spurs,0021500182,2015-11-20,SAS @ NOP,L,32,8,18,0.444,0,1,0.0,4,4,1.0,3,8,11,2,0,1,0,2,20,-6,39.2,1,2015-16
22015,203079,Dion Waiters,1610612760,OKC,Oklahoma City Thunder,0021500183,2015-11-20,OKC vs. NYK,L,30,6,15,0.4,0,6,0.0,4,5,0.8,2,2,4,1,3,0,4,0,16,0,27.3,1,2015-16
22015,202692,Alec Burks,1610612762,UTA,Utah Jazz,0021500184,2015-11-20,UTA @ DAL,L,30,4,14,0.286,1,5,0.2,6,6,1.0,1,4,5,0,0,1,1,2,15,-4,23.0,1,2015-16
22015,202704,Reggie Jackson,1610612765,DET,Detroit Pistons,0021500181,2015-11-20,DET @ MIN,W,28,8,15,0.533,2,5,0.4,0,0,,1,4,5,5,1,0,0,3,18,15,34.5,1,2015-16
22015,203484,Kentavious Caldwell-Pope,1610612765,DET,Detroit Pistons,0021500181,2015-11-20,DET @ MIN,W,38,4,10,0.4,0,2,0.0,0,0,,0,1,1,2,2,0,2,1,8,16,16.2,1,2015-16
22015,203493,Reggie Bullock Jr.,1610612765,DET,Detroit Pistons,0021500181,2015-11-20,DET @ MIN,W,6,0,3,0.0,0,2,0.0,0,0,,0,0,0,0,0,0,1,1,0,-9,-1.0,1,2015-16
22015,1626169,Stanley Johnson,1610612765,DET,Detroit Pistons,0021500181,2015-11-20,DET @ MIN,W,24,6,10,0.6,3,5,0.6,0,0,,1,1,2,1,0,0,1,0,15,3,17.9,1,2015-16
22015,203148,Brian Roberts,1610612766,CHA,Charlotte Hornets,0021500178,2015-11-20,CHA vs. PHI,W,13,1,3,0.333,0,0,,0,0,,0,0,0,3,0,0,0,1,2,7,6.5,1,2015-16
22015,1626151,Aaron Harrison,1610612766,CHA,Charlotte Hornets,0021500178,2015-11-20,CHA vs. PHI,W,2,0,0,,0,0,,0,0,,0,1,1,0,0,0,0,0,0,7,1.2,1,2015-16
22015,101135,David Lee,1610612738,BOS,Boston Celtics,0021500179,2015-11-20,BOS vs. BKN,W,17,5,5,1.0,0,0,,1,2,0.5,0,3,3,3,1,1,3,3,11,6,22.1,1,2015-16
22015,202323,Evan Turner,1610612738,BOS,Boston Celtics,0021500179,2015-11-20,BOS vs. BKN,W,26,5,7,0.714,0,1,0.0,2,2,1.0,1,4,5,7,0,1,2,0,12,1,29.5,1,2015-16
22015,201149,Joakim Noah,1610612741,CHI,Chicago Bulls,0021500187,2015-11-20,CHI @ GSW,L,17,0,3,0.0,0,0,,0,0,,5,2,7,0,1,0,4,2,0,-15,7.4,1,2015-16
22015,1717,Dirk Nowitzki,1610612742,DAL,Dallas Mavericks,0021500184,2015-11-20,DAL vs. UTA,W,32,8,12,0.667,3,3,1.0,0,0,,0,4,4,2,1,3,1,4,19,15,37.8,1,2015-16
22015,2734,Devin Harris,1610612742,DAL,Dallas Mavericks,0021500184,2015-11-20,DAL vs. UTA,W,17,1,4,0.25,0,2,0.0,0,0,,1,0,1,1,2,0,0,1,2,-13,10.7,1,2015-16
22015,203115,Will Barton,1610612743,DEN,Denver Nuggets,0021500185,2015-11-20,DEN vs. PHX,L,26,5,10,0.5,1,4,0.25,3,3,1.0,0,4,4,2,2,0,0,2,14,0,27.8,1,2015-16
22015,203999,Nikola Jokić,1610612743,DEN,Denver Nuggets,0021500185,2015-11-20,DEN vs. PHX,L,18,2,6,0.333,0,1,0.0,2,2,1.0,2,2,4,1,1,0,0,3,6,-9,15.3,1,2015-16
22015,2571,Leandro Barbosa,1610612744,GSW,Golden State Warriors,0021500187,2015-11-20,GSW vs. CHI,W,9,1,7,0.143,1,3,0.333,0,0,,0,0,0,1,0,0,0,0,3,0,4.5,1,2015-16
22015,2738,Andre Iguodala,1610612744,GSW,Golden State Warriors,0021500187,2015-11-20,GSW vs. CHI,W,29,5,9,0.556,1,3,0.333,1,2,0.5,0,5,5,1,1,0,1,1,12,24,21.5,1,2015-16
22015,203084,Harrison Barnes,1610612744,GSW,Golden State Warriors,0021500187,2015-11-20,GSW vs. CHI,W,32,7,13,0.538,3,6,0.5,3,4,0.75,1,8,9,1,1,0,1,0,20,6,34.3,1,2015-16
22015,203991,Clint Capela,1610612745,HOU,Houston Rockets,0021500180,2015-11-20,HOU @ MEM,L,12,0,0,,0,0,,1,2,0.5,1,6,7,0,0,1,0,0,1,-2,12.4,1,2015-16
22015,2037,Jamal Crawford,1610612746,LAC,LA Clippers,0021500186,2015-11-20,LAC @ POR,L,27,6,15,0.4,5,8,0.625,3,3,1.0,0,1,1,1,0,0,1,2,20,-5,21.7,1,2015-16
22015,977,Kobe Bryant,1610612747,LAL,Los Angeles Lakers,0021500188,2015-11-20,LAL vs. TOR,L,37,5,13,0.385,0,5,0.0,0,0,,0,4,4,5,2,0,3,2,10,-1,25.3,1,2015-16
22015,101150,Lou Williams,1610612747,LAL,Los Angeles Lakers,0021500188,2015-11-20,LAL vs. TOR,L,16,2,6,0.333,1,3,0.333,1,3,0.333,0,0,0,3,2,1,2,0,6,-23,17.5,1,2015-16
22015,1626156,D'Angelo Russell,1610612747,LAL,Los Angeles Lakers,0021500188,2015-11-20,LAL vs. TOR,L,34,7,16,0.438,3,7,0.429,0,0,,0,5,5,2,1,1,2,3,17,9,30.0,1,2015-16
22015,203476,Gorgui Dieng,1610612750,MIN,Minnesota Timberwolves,0021500181,2015-11-20,MIN vs. DET,L,20,3,7,0.429,0,0,,2,2,1.0,2,2,4,0,2,0,2,3,8,4,16.8,1,2015-16
22015,203952,Andrew Wiggins,1610612750,MIN,Minnesota Timberwolves,0021500181,2015-11-20,MIN vs. DET,L,36,7,17,0.412,0,3,0.0,7,11,0.636,1,4,5,3,0,0,2,1,21,-13,29.5,1,2015-16
22015,204014,Damjan Rudez,1610612750,MIN,Minnesota Timberwolves,0021500181,2015-11-20,MIN vs. DET,L,6,0,1,0.0,0,1,0.0,0,0,,0,1,1,0,0,0,0,0,0,1,1.2,1,2015-16
22015,200745,Andrea Bargnani,1610612751,BKN,Brooklyn Nets,0021500179,2015-11-20,BKN @ BOS,L,15,2,8,0.25,0,0,,1,1,1.0,1,1,2,1,0,0,0,1,5,-1,8.9,1,2015-16
22015,201167,Arron Afflalo,1610612752,NYK,New York Knicks,0021500183,2015-11-20,NYK @ OKC,W,29,6,11,0.545,2,3,0.667,0,0,,0,2,2,1,0,0,3,5,14,4,14.9,1,2015-16
22015,203496,Robert Covington,1610612755,PHI,Philadelphia 76ers,0021500178,2015-11-20,PHI @ CHA,L,23,1,7,0.143,0,4,0.0,7,7,1.0,0,3,3,3,1,1,4,5,9,-10,19.1,1,2015-16
22015,203960,JaKarr Sampson,1610612755,PHI,Philadelphia 76ers,0021500178,2015-11-20,PHI @ CHA,L,14,1,4,0.25,0,2,0.0,2,2,1.0,0,3,3,2,0,0,2,1,4,-9,8.6,1,2015-16
22015,1626174,Christian Wood,1610612755,PHI,Philadelphia 76ers,0021500178,2015-11-20,PHI @ CHA,L,4,0,1,0.0,0,0,,0,0,,0,0,0,0,0,1,0,0,0,-13,3.0,1,2015-16
22015,202693,Markieff Morris,1610612756,PHX,Phoenix Suns,0021500185,2015-11-20,PHX @ DEN,W,21,4,10,0.4,0,0,,1,3,0.333,2,3,5,2,0,1,3,1,9,-4,18.0,1,2015-16
22015,203462,Archie Goodwin,1610612756,PHX,Phoenix Suns,0021500185,2015-11-20,PHX @ DEN,W,5,0,2,0.0,0,0,,0,0,,0,0,0,0,0,0,0,0,0,-12,0.0,1,2015-16
22015,204025,Tim Frazier,1610612757,POR,Portland Trail Blazers,0021500186,2015-11-20,POR vs. LAC,W,0,0,0,,0,0,,0,0,,0,0,0,0,0,0,0,0,0,0,0.0,1,2015-16
22015,2561,David West,1610612759,SAS,San Antonio Spurs,0021500182,2015-11-20,SAS @ NOP,L,11,2,2,1.0,0,0,,1,2,0.5,1,1,2,0,0,1,0,2,5,-8,10.4,1,2015-16
22015,2564,Boris Diaw,1610612759,SAS,San Antonio Spurs,0021500182,2015-11-20,SAS @ NOP,L,25,2,3,0.667,1,1,1.0,0,0,,1,3,4,4,0,0,1,1,5,-11,14.8,1,2015-16
22015,202695,Kawhi Leonard,1610612759,SAS,San Antonio Spurs,0021500182,2015-11-20,SAS @ NOP,L,37,9,20,0.45,3,5,0.6,1,2,0.5,0,5,5,2,1,1,0,2,22,-8,37.0,1,2015-16
22015,203613,Jonathon Simmons,1610612759,SAS,San Antonio Spurs,0021500182,2015-11-20,SAS @ NOP,L,3,0,2,0.0,0,0,,0,0,,0,1,1,0,0,0,0,0,0,-2,1.2,1,2015-16
22015,201571,D.J. Augustin,1610612760,OKC,Oklahoma City Thunder,0021500183,2015-11-20,OKC vs. NYK,L,13,1,4,0.25,0,2,0.0,0,0,,0,0,0,0,0,0,1,1,2,-1,1.0,1,2015-16
22015,201586,Serge Ibaka,1610612760,OKC,Oklahoma City Thunder,0021500183,2015-11-20,OKC vs. NYK,L,30,4,13,0.308,0,2,0.0,0,0,,1,2,3,1,0,0,1,1,8,-10,12.1,1,2015-16
22015,201949,James Johnson,1610612761,TOR,Toronto Raptors,0021500188,2015-11-20,TOR @ LAL,W,15,2,2,1.0,1,1,1.0,0,0,,1,3,4,0,0,1,2,1,5,10,10.8,1,2015-16
22015,203526,Raul Neto,1610612762,UTA,Utah Jazz,0021500184,2015-11-20,UTA @ DAL,L,15,3,7,0.429,2,4,0.5,0,0,,0,2,2,1,0,0,2,3,8,-10,9.9,1,2015-16
22015,204060,Joe Ingles,1610612762,UTA,Utah Jazz,0021500184,2015-11-20,UTA @ DAL,L,4,0,1,0.0,0,0,,0,0,,0,0,0,0,0,0,0,0,0,2,0.0,1,2015-16
22015,203893,Russ Smith,1610612763,MEM,Memphis Grizzlies,0021500180,2015-11-20,MEM vs. HOU,W,1,0,0,,0,0,,0,0,,0,0,0,0,0,0,0,0,0,-1,0.0,1,2015-16
22015,2744,Al Jefferson,1610612766,CHA,Charlotte Hornets,0021500178,2015-11-20,CHA vs. PHI,W,31,11,19,0.579,0,0,,4,5,0.8,1,9,10,2,1,5,1,5,26,18,58.0,1,2015-16
22015,201946,Tyler Hansbrough,1610612766,CHA,Charlotte Hornets,0021500178,2015-11-20,CHA vs. PHI,W,2,2,3,0.667,1,1,1.0,0,0,,0,1,1,1,1,0,0,0,5,9,10.7,1,2015-16
22015,202340,Avery Bradley,1610612738,BOS,Boston Celtics,0021500179,2015-11-20,BOS vs. BKN,W,25,10,13,0.769,1,1,1.0,0,0,,0,3,3,0,2,0,0,0,21,18,30.6,1,2015-16
22015,203092,Tyler Zeller,1610612738,BOS,Boston Celtics,0021500179,2015-11-20,BOS vs. BKN,W,9,3,5,0.6,0,0,,0,0,,1,3,4,1,0,0,0,0,6,2,12.3,1,2015-16
22015,201583,Ryan Anderson,1610612740,NOP,New Orleans Pelicans,0021500182,2015-11-20,NOP vs. SAS,W,33,12,21,0.571,6,11,0.545,0,0,,1,6,7,0,0,0,2,0,30,16,36.4,1,2015-16
22015,201600,Omer Asik,1610612740,NOP,New Orleans Pelicans,0021500182,2015-11-20,NOP vs. SAS,W,12,0,0,,0,0,,1,2,0.5,1,6,7,0,0,0,1,2,1,-5,8.4,1,2015-16
22015,202397,Ish Smith,1610612740,NOP,New Orleans Pelicans,0021500182,2015-11-20,NOP vs. SAS,W,31,7,10,0.7,1,2,0.5,2,2,1.0,0,4,4,13,0,0,2,3,17,13,39.3,1,2015-16
22015,2550,Kirk Hinrich,1610612741,CHI,Chicago Bulls,0021500187,2015-11-20,CHI @ GSW,L,34,6,11,0.545,3,4,0.75,2,2,1.0,1,1,2,1,2,0,2,6,17,0,24.9,1,2015-16
22015,201959,Taj Gibson,1610612741,CHI,Chicago Bulls,0021500187,2015-11-20,CHI @ GSW,L,16,1,4,0.25,0,1,0.0,1,2,0.5,1,0,1,0,1,1,1,1,3,-14,9.2,1,2015-16
22015,203503,Tony Snell,1610612741,CHI,Chicago Bulls,0021500187,2015-11-20,CHI @ GSW,L,28,1,7,0.143,0,2,0.0,0,0,,1,2,3,2,0,0,0,1,2,-3,8.6,1,2015-16
22015,101111,Charlie Villanueva,1610612742,DAL,Dallas Mavericks,0021500184,2015-11-20,DAL vs. UTA,W,3,0,1,0.0,0,1,0.0,0,0,,0,0,0,0,0,0,0,0,0,4,0.0,1,2015-16
22015,202379,Jeremy Evans,1610612742,DAL,Dallas Mavericks,0021500184,2015-11-20,DAL vs. UTA,W,0,0,0,,0,0,,0,0,,0,0,0,0,0,0,0,0,0,-3,0.0,1,2015-16
22015,203939,Dwight Powell,1610612742,DAL,Dallas Mavericks,0021500184,2015-11-20,DAL vs. UTA,W,22,3,6,0.5,0,0,,5,5,1.0,2,2,4,1,2,1,0,4,11,-9,26.3,1,2015-16
22015,2749,Jameer Nelson,1610612743,DEN,Denver Nuggets,0021500185,2015-11-20,DEN vs. PHX,L,24,1,8,0.125,0,4,0.0,0,0,,1,1,2,7,0,0,0,2,2,0,14.9,1,2015-16
22015,203123,Kostas Papanikolaou,1610612743,DEN,Denver Nuggets,0021500185,2015-11-20,DEN vs. PHX,L,6,0,1,0.0,0,1,0.0,0,0,,0,0,0,0,0,0,0,0,0,-8,0.0,1,2015-16
22015,2733,Shaun Livingston,1610612744,GSW,Golden State Warriors,0021500187,2015-11-20,GSW vs. CHI,W,12,3,3,1.0,0,0,,0,0,,0,3,3,1,0,0,1,1,6,5,10.1,1,2015-16
22015,101106,Andrew Bogut,1610612744,GSW,Golden State Warriors,0021500187,2015-11-20,GSW vs. CHI,W,18,1,2,0.5,0,0,,1,2,0.5,2,2,4,2,1,3,1,4,3,-17,21.8,1,2015-16
22015,201939,Stephen Curry,1610612744,GSW,Golden State Warriors,0021500187,2015-11-20,GSW vs. CHI,W,36,9,20,0.45,3,11,0.273,6,6,1.0,1,4,5,4,4,0,6,2,27,11,45.0,1,2015-16
22015,202691,Klay Thompson,1610612744,GSW,Golden State Warriors,0021500187,2015-11-20,GSW vs. CHI,W,36,6,12,0.5,2,4,0.5,1,2,0.5,1,2,3,3,0,1,1,3,15,8,25.1,1,2015-16
22015,203949,James Michael McAdoo,1610612744,GSW,Golden State Warriors,0021500187,2015-11-20,GSW vs. CHI,W,7,1,1,1.0,0,0,,2,2,1.0,0,1,1,0,0,0,1,0,4,-1,4.2,1,2015-16
22015,201951,Ty Lawson,1610612745,HOU,Houston Rockets,0021500180,2015-11-20,HOU @ MEM,L,16,2,6,0.333,0,1,0.0,4,6,0.667,0,1,1,4,2,1,1,2,8,-16,23.2,1,2015-16
22015,203909,KJ McDaniels,1610612745,HOU,Houston Rockets,0021500180,2015-11-20,HOU @ MEM,L,15,1,6,0.167,1,4,0.25,2,2,1.0,1,4,5,0,1,0,3,1,5,12,11.0,1,2015-16
22015,201599,DeAndre Jordan,1610612746,LAC,LA Clippers,0021500186,2015-11-20,LAC @ POR,L,34,5,6,0.833,0,0,,2,6,0.333,5,10,15,1,0,2,1,3,12,-14,36.5,1,2015-16
22015,202362,Lance Stephenson,1610612746,LAC,LA Clippers,0021500186,2015-11-20,LAC @ POR,L,19,1,2,0.5,0,0,,0,2,0.0,0,0,0,1,0,1,0,1,2,-6,6.5,1,2015-16
22015,201572,Brook Lopez,1610612751,BKN,Brooklyn Nets,0021500179,2015-11-20,BKN @ BOS,L,27,5,9,0.556,0,0,,4,4,1.0,3,4,7,2,0,0,2,1,14,-15,23.4,1,2015-16
22015,201961,Wayne Ellington,1610612751,BKN,Brooklyn Nets,0021500179,2015-11-20,BKN @ BOS,L,3,1,1,1.0,1,1,1.0,0,0,,0,0,0,0,0,0,0,0,3,0,3.0,1,2015-16
22015,203080,Thomas Robinson,1610612751,BKN,Brooklyn Nets,0021500179,2015-11-20,BKN @ BOS,L,17,2,7,0.286,0,0,,2,4,0.5,3,3,6,0,0,0,0,2,6,-13,13.2,1,2015-16
22015,203508,Sergey Karasev,1610612751,BKN,Brooklyn Nets,0021500179,2015-11-20,BKN @ BOS,L,24,2,4,0.5,1,3,0.333,0,0,,0,0,0,1,1,0,1,3,5,-10,8.5,1,2015-16
22015,1626178,Rondae Hollis-Jefferson,1610612751,BKN,Brooklyn Nets,0021500179,2015-11-20,BKN @ BOS,L,31,5,12,0.417,1,4,0.25,2,3,0.667,4,7,11,2,3,0,5,2,13,-15,33.2,1,2015-16
22015,2546,Carmelo Anthony,1610612752,NYK,New York Knicks,0021500183,2015-11-20,NYK @ OKC,W,35,9,20,0.45,1,3,0.333,6,8,0.75,0,5,5,1,1,1,3,0,25,-1,35.5,1,2015-16
22015,101181,Jose Calderon,1610612752,NYK,New York Knicks,0021500183,2015-11-20,NYK @ OKC,W,30,4,7,0.571,2,2,1.0,0,0,,2,2,4,7,3,0,2,0,10,-5,32.3,1,2015-16
22015,202682,Derrick Williams,1610612752,NYK,New York Knicks,0021500183,2015-11-20,NYK @ OKC,W,16,3,5,0.6,2,3,0.667,1,4,0.25,0,3,3,2,0,0,1,1,9,1,14.6,1,2015-16
22015,203124,Kyle O'Quinn,1610612752,NYK,New York Knicks,0021500183,2015-11-20,NYK @ OKC,W,4,0,1,0.0,0,0,,0,0,,0,0,0,1,0,0,0,1,0,1,1.5,1,2015-16
22015,203138,Hollis Thompson,1610612755,PHI,Philadelphia 76ers,0021500178,2015-11-20,PHI @ CHA,L,29,3,9,0.333,3,6,0.5,0,0,,1,3,4,0,1,2,3,1,9,-22,19.8,1,2015-16
22015,2199,Tyson Chandler,1610612756,PHX,Phoenix Suns,0021500185,2015-11-20,PHX @ DEN,W,18,1,2,0.5,0,0,,0,0,,0,4,4,0,0,0,1,4,2,0,5.8,1,2015-16
22015,202339,Eric Bledsoe,1610612756,PHX,Phoenix Suns,0021500185,2015-11-20,PHX @ DEN,W,37,9,17,0.529,2,4,0.5,2,2,1.0,0,1,1,3,2,1,4,2,22,10,32.7,1,2015-16
22015,202720,Jon Leuer,1610612756,PHX,Phoenix Suns,0021500185,2015-11-20,PHX @ DEN,W,21,1,4,0.25,1,2,0.5,0,0,,0,5,5,2,2,0,1,6,3,19,17.0,1,2015-16
22015,202334,Ed Davis,1610612757,POR,Portland Trail Blazers,0021500186,2015-11-20,POR vs. LAC,W,31,7,8,0.875,0,0,,3,4,0.75,10,5,15,0,0,1,2,2,17,9,36.0,1,2015-16
22015,1495,Tim Duncan,1610612759,SAS,San Antonio Spurs,0021500182,2015-11-20,SAS @ NOP,L,19,2,6,0.333,0,0,,2,2,1.0,0,0,0,2,1,1,0,2,6,7,15.0,1,2015-16
22015,203492,Ray McCallum,1610612759,SAS,San Antonio Spurs,0021500182,2015-11-20,SAS @ NOP,L,7,0,1,0.0,0,0,,0,0,,0,2,2,0,0,0,0,1,0,-3,2.4,1,2015-16
22015,2555,Nick Collison,1610612760,OKC,Oklahoma City Thunder,0021500183,2015-11-20,OKC vs. NYK,L,20,3,4,0.75,0,0,,0,0,,3,4,7,1,1,1,1,3,6,7,20.9,1,2015-16
22015,203460,Andre Roberson,1610612760,OKC,Oklahoma City Thunder,0021500183,2015-11-20,OKC vs. NYK,L,26,1,4,0.25,0,3,0.0,0,0,,1,1,2,1,0,1,0,4,2,-16,8.9,1,2015-16
22015,201942,DeMar DeRozan,1610612761,TOR,Toronto Raptors,0021500188,2015-11-20,TOR @ LAL,W,34,5,12,0.417,1,2,0.5,7,8,0.875,2,2,4,2,1,0,3,2,18,-6,25.8,1,2015-16
22015,202709,Cory Joseph,1610612761,TOR,Toronto Raptors,0021500188,2015-11-20,TOR @ LAL,W,23,3,8,0.375,0,2,0.0,5,6,0.833,0,1,1,6,0,0,1,0,11,21,20.2,1,2015-16
22015,203082,Terrence Ross,1610612761,TOR,Toronto Raptors,0021500188,2015-11-20,TOR @ LAL,W,14,3,6,0.5,2,3,0.667,0,0,,0,1,1,0,0,0,0,2,8,14,9.2,1,2015-16
22015,202330,Gordon Hayward,1610612762,UTA,Utah Jazz,0021500184,2015-11-20,UTA @ DAL,L,38,8,14,0.571,2,4,0.5,4,6,0.667,3,4,7,4,1,0,3,2,22,-8,36.4,1,2015-16
22015,2440,Matt Barnes,1610612763,MEM,Memphis Grizzlies,0021500180,2015-11-20,MEM vs. HOU,W,34,5,9,0.556,1,4,0.25,1,2,0.5,0,7,7,2,3,0,1,2,12,12,31.4,1,2015-16
22015,201144,Mike Conley,1610612763,MEM,Memphis Grizzlies,0021500180,2015-11-20,MEM vs. HOU,W,34,10,17,0.588,3,6,0.5,3,4,0.75,0,3,3,5,3,0,2,5,26,9,44.1,1,2015-16
22015,203516,James Ennis III,1610612763,MEM,Memphis Grizzlies,0021500180,2015-11-20,MEM vs. HOU,W,1,0,1,0.0,0,1,0.0,0,0,,1,0,1,0,0,0,0,0,0,-1,1.2,1,2015-16
22015,201150,Spencer Hawes,1610612766,CHA,Charlotte Hornets,0021500178,2015-11-20,CHA vs. PHI,W,15,1,6,0.167,0,4,0.0,2,2,1.0,0,5,5,2,0,0,2,3,4,-2,11.0,1,2015-16
22015,201587,Nicolas Batum,1610612766,CHA,Charlotte Hornets,0021500178,2015-11-20,CHA vs. PHI,W,32,4,9,0.444,3,4,0.75,3,3,1.0,1,3,4,3,0,0,4,2,14,16,19.3,1,2015-16
22015,1626163,Frank Kaminsky,1610612766,CHA,Charlotte Hornets,0021500178,2015-11-20,CHA vs. PHI,W,19,4,4,1.0,1,1,1.0,0,0,,0,3,3,3,0,2,0,3,9,7,23.1,1,2015-16
22015,203935,Marcus Smart,1610612738,BOS,Boston Celtics,0021500179,2015-11-20,BOS vs. BKN,W,21,2,5,0.4,1,4,0.25,2,2,1.0,0,2,2,4,1,0,2,5,7,3,16.4,1,2015-16
22015,2200,Pau Gasol,1610612741,CHI,Chicago Bulls,0021500187,2015-11-20,CHI @ GSW,L,27,6,12,0.5,0,0,,2,2,1.0,2,8,10,5,1,1,2,3,14,0,37.5,1,2015-16
22015,202710,Jimmy Butler III,1610612741,CHI,Chicago Bulls,0021500187,2015-11-20,CHI @ GSW,L,39,11,21,0.524,2,4,0.5,4,7,0.571,2,7,9,7,3,0,1,1,28,-12,57.3,1,2015-16
22015,202734,E'Twaun Moore,1610612741,CHI,Chicago Bulls,0021500187,2015-11-20,CHI @ GSW,L,24,3,8,0.375,1,1,1.0,2,4,0.5,0,0,0,2,2,0,1,2,9,-8,17.0,1,2015-16
22015,203926,Doug McDermott,1610612741,CHI,Chicago Bulls,0021500187,2015-11-20,CHI @ GSW,L,18,1,5,0.2,1,4,0.25,0,0,,0,1,1,0,0,0,0,0,3,-13,4.2,1,2015-16
22015,202083,Wesley Matthews,1610612742,DAL,Dallas Mavericks,0021500184,2015-11-20,DAL vs. UTA,W,32,3,12,0.25,0,8,0.0,1,1,1.0,0,1,1,1,0,1,0,2,7,0,12.7,1,2015-16
22015,202718,Chandler Parsons,1610612742,DAL,Dallas Mavericks,0021500184,2015-11-20,DAL vs. UTA,W,22,4,8,0.5,1,4,0.25,0,0,,0,2,2,2,0,0,2,2,9,14,12.4,1,2015-16
22015,201568,Danilo Gallinari,1610612743,DEN,Denver Nuggets,0021500185,2015-11-20,DEN vs. PHX,L,39,4,14,0.286,1,6,0.167,6,8,0.75,2,8,10,4,0,2,1,2,15,0,38.0,1,2015-16
22015,203093,Terrence Jones,1610612745,HOU,Houston Rockets,0021500180,2015-11-20,HOU @ MEM,L,29,4,12,0.333,1,2,0.5,1,4,0.25,1,3,4,1,1,0,1,2,10,5,18.3,1,2015-16
22015,2746,Josh Smith,1610612746,LAC,LA Clippers,0021500186,2015-11-20,LAC @ POR,L,17,1,5,0.2,0,2,0.0,0,0,,1,7,8,2,1,2,2,4,2,2,21.6,1,2015-16
22015,101108,Chris Paul,1610612746,LAC,LA Clippers,0021500186,2015-11-20,LAC @ POR,L,29,4,12,0.333,1,4,0.25,2,2,1.0,0,2,2,8,1,0,2,3,11,-18,26.4,1,2015-16
22015,201601,Luc Mbah a Moute,1610612746,LAC,LA Clippers,0021500186,2015-11-20,LAC @ POR,L,10,1,2,0.5,0,0,,0,0,,2,2,4,0,0,0,1,2,2,1,5.8,1,2015-16
22015,202325,Wesley Johnson,1610612746,LAC,LA Clippers,0021500186,2015-11-20,LAC @ POR,L,22,2,3,0.667,0,1,0.0,0,0,,1,2,3,1,1,0,2,1,4,2,10.1,1,2015-16
22015,2419,Tayshaun Prince,1610612750,MIN,Minnesota Timberwolves,0021500181,2015-11-20,MIN vs. DET,L,21,0,1,0.0,0,0,,0,2,0.0,0,2,2,1,0,1,1,0,0,-5,5.9,1,2015-16
22015,2755,Kevin Martin,1610612750,MIN,Minnesota Timberwolves,0021500181,2015-11-20,MIN vs. DET,L,22,2,7,0.286,0,0,,4,4,1.0,0,7,7,1,0,0,0,1,8,-4,17.9,1,2015-16
22015,201937,Ricky Rubio,1610612750,MIN,Minnesota Timberwolves,0021500181,2015-11-20,MIN vs. DET,L,30,5,12,0.417,1,4,0.25,1,2,0.5,1,0,1,7,0,0,3,4,12,-10,20.7,1,2015-16
22015,203498,Shabazz Muhammad,1610612750,MIN,Minnesota Timberwolves,0021500181,2015-11-20,MIN vs. DET,L,17,0,3,0.0,0,0,,0,0,,0,3,3,0,0,0,1,1,0,2,2.6,1,2015-16
22015,203897,Zach LaVine,1610612750,MIN,Minnesota Timberwolves,0021500181,2015-11-20,MIN vs. DET,L,26,6,13,0.462,2,5,0.4,0,0,,1,2,3,2,0,1,2,2,14,-4,21.6,1,2015-16
22015,1626157,Karl-Anthony Towns,1610612750,MIN,Minnesota Timberwolves,0021500181,2015-11-20,MIN vs. DET,L,28,8,10,0.8,0,0,,2,2,1.0,0,7,7,3,3,2,2,4,18,-14,43.9,1,2015-16
22015,101127,Jarrett Jack,1610612751,BKN,Brooklyn Nets,0021500179,2015-11-20,BKN @ BOS,L,24,3,8,0.375,1,3,0.333,4,4,1.0,0,2,2,5,0,0,7,1,11,-15,13.9,1,2015-16
22015,204001,Kristaps Porziņģis,1610612752,NYK,New York Knicks,0021500183,2015-11-20,NYK @ OKC,W,26,2,5,0.4,1,2,0.5,2,4,0.5,0,6,6,2,0,1,2,1,7,1,18.2,1,2015-16
22015,1626170,Jerian Grant,1610612752,NYK,New York Knicks,0021500183,2015-11-20,NYK @ OKC,W,13,1,3,0.333,1,1,1.0,1,2,0.5,0,4,4,2,0,0,0,0,4,8,11.8,1,2015-16
22015,203457,Nerlens Noel,1610612755,PHI,Philadelphia 76ers,0021500178,2015-11-20,PHI @ CHA,L,27,7,9,0.778,0,0,,2,4,0.5,1,8,9,0,0,0,2,3,16,-6,24.8,1,2015-16
22015,203515,Phil Pressey,1610612755,PHI,Philadelphia 76ers,0021500178,2015-11-20,PHI @ CHA,L,10,0,1,0.0,0,0,,0,0,,0,0,0,2,0,0,0,0,0,-15,3.0,1,2015-16
22015,204456,T.J. McConnell,1610612755,PHI,Philadelphia 76ers,0021500178,2015-11-20,PHI @ CHA,L,27,2,8,0.25,1,3,0.333,0,0,,1,6,7,6,1,0,1,2,5,-12,24.4,1,2015-16
22015,202688,Brandon Knight,1610612756,PHX,Phoenix Suns,0021500185,2015-11-20,PHX @ DEN,W,36,11,20,0.55,6,10,0.6,10,12,0.833,4,7,11,6,2,1,5,1,38,10,64.2,1,2015-16
22015,203141,Mirza Teletovic,1610612756,PHX,Phoenix Suns,0021500185,2015-11-20,PHX @ DEN,W,21,6,10,0.6,3,6,0.5,0,0,,2,3,5,3,0,1,2,3,15,2,26.5,1,2015-16
22015,203933,T.J. Warren,1610612756,PHX,Phoenix Suns,0021500185,2015-11-20,PHX @ DEN,W,11,0,1,0.0,0,0,,0,0,,0,0,0,2,0,0,0,1,0,-11,3.0,1,2015-16
22015,201945,Gerald Henderson,1610612757,POR,Portland Trail Blazers,0021500186,2015-11-20,POR vs. LAC,W,26,1,9,0.111,0,2,0.0,1,2,0.5,0,6,6,1,1,0,1,0,3,-2,13.7,1,2015-16
22015,203090,Maurice Harkless,1610612757,POR,Portland Trail Blazers,0021500186,2015-11-20,POR vs. LAC,W,7,0,1,0.0,0,1,0.0,0,0,,0,1,1,0,0,0,0,0,0,4,1.2,1,2015-16
22015,203459,Allen Crabbe,1610612757,POR,Portland Trail Blazers,0021500186,2015-11-20,POR vs. LAC,W,22,1,4,0.25,1,2,0.5,0,0,,0,0,0,3,0,0,2,6,3,-6,5.5,1,2015-16
22015,1626146,Cliff Alexander,1610612757,POR,Portland Trail Blazers,0021500186,2015-11-20,POR vs. LAC,W,3,1,2,0.5,0,0,,0,0,,1,1,2,0,0,0,0,0,2,0,4.4,1,2015-16
22015,2225,Tony Parker,1610612759,SAS,San Antonio Spurs,0021500182,2015-11-20,SAS @ NOP,L,32,3,10,0.3,0,0,,4,4,1.0,0,5,5,5,1,0,0,3,10,4,26.5,1,2015-16
22015,2446,Rasual Butler,1610612759,SAS,San Antonio Spurs,0021500182,2015-11-20,SAS @ NOP,L,10,1,3,0.333,0,1,0.0,0,0,,0,2,2,0,0,0,1,1,2,-14,3.4,1,2015-16
22015,201988,Patty Mills,1610612759,SAS,San Antonio Spurs,0021500182,2015-11-20,SAS @ NOP,L,22,4,9,0.444,3,5,0.6,0,0,,0,1,1,3,2,1,3,1,11,-19,22.7,1,2015-16
22015,203937,Kyle Anderson,1610612759,SAS,San Antonio Spurs,0021500182,2015-11-20,SAS @ NOP,L,7,0,1,0.0,0,0,,1,2,0.5,0,2,2,1,0,2,0,0,1,-1,10.9,1,2015-16
22015,1626246,Boban Marjanovic,1610612759,SAS,San Antonio Spurs,0021500182,2015-11-20,SAS @ NOP,L,3,1,1,1.0,0,0,,0,0,,0,0,0,0,0,0,1,1,2,-2,1.0,1,2015-16
22015,201627,Anthony Morrow,1610612760,OKC,Oklahoma City Thunder,0021500183,2015-11-20,OKC vs. NYK,L,23,2,6,0.333,1,3,0.333,0,0,,1,2,3,0,0,0,0,1,5,2,8.6,1,2015-16
22015,202713,Kyle Singler,1610612760,OKC,Oklahoma City Thunder,0021500183,2015-11-20,OKC vs. NYK,L,14,1,4,0.25,0,3,0.0,0,2,0.0,1,1,2,0,1,0,1,2,2,2,6.4,1,2015-16
22015,201960,DeMarre Carroll,1610612761,TOR,Toronto Raptors,0021500188,2015-11-20,TOR @ LAL,W,34,5,12,0.417,2,6,0.333,1,2,0.5,3,4,7,2,2,0,2,2,13,-5,28.4,1,2015-16
22015,202335,Patrick Patterson,1610612761,TOR,Toronto Raptors,0021500188,2015-11-20,TOR @ LAL,W,26,3,7,0.429,1,5,0.2,0,0,,3,4,7,3,1,0,0,2,7,21,22.9,1,2015-16
22015,202687,Bismack Biyombo,1610612761,TOR,Toronto Raptors,0021500188,2015-11-20,TOR @ LAL,W,16,0,1,0.0,0,0,,1,2,0.5,2,2,4,0,0,1,0,1,1,4,8.8,1,2015-16
22015,202324,Derrick Favors,1610612762,UTA,Utah Jazz,0021500184,2015-11-20,UTA @ DAL,L,36,9,14,0.643,0,0,,0,0,,4,3,7,2,0,0,3,1,18,-16,26.4,1,2015-16
22015,202344,Trevor Booker,1610612762,UTA,Utah Jazz,0021500184,2015-11-20,UTA @ DAL,L,15,1,4,0.25,0,0,,0,0,,4,3,7,0,0,0,1,5,2,1,9.4,1,2015-16
22015,203187,Chris Johnson,1610612762,UTA,Utah Jazz,0021500184,2015-11-20,UTA @ DAL,L,1,0,0,,0,0,,0,0,,0,0,0,0,0,0,0,0,0,-1,0.0,1,2015-16
22015,203918,Rodney Hood,1610612762,UTA,Utah Jazz,0021500184,2015-11-20,UTA @ DAL,L,36,5,14,0.357,0,4,0.0,3,4,0.75,1,0,1,4,1,0,3,3,13,-18,20.2,1,2015-16
22015,1713,Vince Carter,1610612763,MEM,Memphis Grizzlies,0021500180,2015-11-20,MEM vs. HOU,W,18,2,6,0.333,2,4,0.5,0,0,,1,2,3,0,1,2,0,3,6,5,18.6,1,2015-16
22015,2754,Tony Allen,1610612763,MEM,Memphis Grizzlies,0021500180,2015-11-20,MEM vs. HOU,W,15,3,7,0.429,1,1,1.0,1,2,0.5,0,3,3,2,1,0,0,4,8,-3,17.6,1,2015-16
22015,201145,Jeff Green,1610612763,MEM,Memphis Grizzlies,0021500180,2015-11-20,MEM vs. HOU,W,29,2,9,0.222,1,4,0.25,2,2,1.0,1,5,6,1,2,1,0,2,7,-1,24.7,1,2015-16
22015,201188,Marc Gasol,1610612763,MEM,Memphis Grizzlies,0021500180,2015-11-20,MEM vs. HOU,W,37,7,14,0.5,0,0,,2,2,1.0,3,8,11,11,4,0,2,2,16,14,55.7,1,2015-16
22015,201584,Courtney Lee,1610612763,MEM,Memphis Grizzlies,0021500180,2015-11-20,MEM vs. HOU,W,32,3,7,0.429,0,3,0.0,0,0,,0,4,4,1,1,1,2,3,6,16,16.3,1,2015-16
22015,201596,Mario Chalmers,1610612763,MEM,Memphis Grizzlies,0021500180,2015-11-20,MEM vs. HOU,W,17,2,9,0.222,0,1,0.0,6,6,1.0,1,3,4,3,1,0,0,5,10,11,22.3,1,2015-16
22015,101141,Ersan Ilyasova,1610612765,DET,Detroit Pistons,0021500181,2015-11-20,DET @ MIN,W,19,2,5,0.4,1,2,0.5,1,2,0.5,0,1,1,2,1,1,2,2,6,6,14.2,1,2015-16
22015,201229,Anthony Tolliver,1610612765,DET,Detroit Pistons,0021500181,2015-11-20,DET @ MIN,W,20,0,7,0.0,0,5,0.0,0,0,,0,2,2,0,1,0,0,2,0,0,5.4,1,2015-16
22015,202694,Marcus Morris Sr.,1610612765,DET,Detroit Pistons,0021500181,2015-11-20,DET @ MIN,W,36,6,14,0.429,0,5,0.0,4,4,1.0,0,11,11,0,1,1,0,4,16,14,35.2,1,2015-16
22015,202391,Jeremy Lin,1610612766,CHA,Charlotte Hornets,0021500178,2015-11-20,CHA vs. PHI,W,29,3,8,0.375,1,3,0.333,2,2,1.0,0,3,3,2,0,1,0,1,9,6,18.6,1,2015-16
22015,203087,Jeremy Lamb,1610612766,CHA,Charlotte Hornets,0021500178,2015-11-20,CHA vs. PHI,W,30,4,10,0.4,2,4,0.5,3,3,1.0,0,3,3,2,1,0,1,3,13,14,21.6,1,2015-16
22015,1626154,RJ Hunter,1610612738,BOS,Boston Celtics,0021500179,2015-11-20,BOS vs. BKN,W,6,2,5,0.4,1,4,0.25,0,0,,0,0,0,0,0,0,0,1,5,-3,5.0,1,2015-16
22015,201569,Eric Gordon,1610612740,NOP,New Orleans Pelicans,0021500182,2015-11-20,NOP vs. SAS,W,35,3,9,0.333,1,3,0.333,4,4,1.0,0,1,1,2,2,0,1,0,11,6,20.2,1,2015-16
22015,201950,Jrue Holiday,1610612740,NOP,New Orleans Pelicans,0021500182,2015-11-20,NOP vs. SAS,W,24,3,10,0.3,0,2,0.0,3,3,1.0,0,3,3,7,0,1,1,4,9,6,25.1,1,2015-16
22015,202087,Alonzo Gee,1610612740,NOP,New Orleans Pelicans,0021500182,2015-11-20,NOP vs. SAS,W,18,2,2,1.0,0,0,,0,0,,0,1,1,0,1,0,0,2,4,1,8.2,1,2015-16
22015,203076,Anthony Davis,1610612740,NOP,New Orleans Pelicans,0021500182,2015-11-20,NOP vs. SAS,W,39,9,23,0.391,0,1,0.0,2,2,1.0,2,16,18,3,0,2,1,2,20,15,51.1,1,2015-16
22015,200826,J.J. Barea,1610612742,DAL,Dallas Mavericks,0021500184,2015-11-20,DAL vs. UTA,W,22,6,11,0.545,0,1,0.0,0,0,,1,3,4,3,0,0,1,0,12,9,20.3,1,2015-16
22015,200751,Randy Foye,1610612743,DEN,Denver Nuggets,0021500185,2015-11-20,DEN vs. PHX,L,13,1,3,0.333,0,1,0.0,0,0,,1,0,1,0,0,0,0,3,2,-13,3.2,1,2015-16
22015,203914,Gary Harris,1610612743,DEN,Denver Nuggets,0021500185,2015-11-20,DEN vs. PHX,L,28,8,13,0.615,2,4,0.5,2,2,1.0,1,1,2,0,0,0,1,2,20,-2,21.4,1,2015-16
22015,203110,Draymond Green,1610612744,GSW,Golden State Warriors,0021500187,2015-11-20,GSW vs. CHI,W,35,3,8,0.375,0,2,0.0,3,4,0.75,1,8,9,5,0,0,3,0,9,9,24.3,1,2015-16
22015,203546,Ian Clark,1610612744,GSW,Golden State Warriors,0021500187,2015-11-20,GSW vs. CHI,W,3,0,0,,0,0,,0,0,,0,1,1,1,0,0,0,1,0,0,2.7,1,2015-16
22015,1891,Jason Terry,1610612745,HOU,Houston Rockets,0021500180,2015-11-20,HOU @ MEM,L,21,1,5,0.2,0,3,0.0,0,0,,0,3,3,1,0,1,2,4,2,-1,8.1,1,2015-16
22015,2730,Dwight Howard,1610612745,HOU,Houston Rockets,0021500180,2015-11-20,HOU @ MEM,L,36,4,5,0.8,0,0,,4,8,0.5,4,11,15,3,0,2,3,3,12,-10,37.5,1,2015-16
22015,201977,Marcus Thornton,1610612745,HOU,Houston Rockets,0021500180,2015-11-20,HOU @ MEM,L,22,2,12,0.167,1,5,0.2,0,0,,2,1,3,0,1,0,0,2,5,-5,11.6,1,2015-16
22015,1626149,Montrezl Harrell,1610612745,HOU,Houston Rockets,0021500180,2015-11-20,HOU @ MEM,L,5,0,0,,0,0,,0,2,0.0,0,1,1,0,0,0,2,1,0,-2,-0.8,1,2015-16
22015,200755,JJ Redick,1610612746,LAC,LA Clippers,0021500186,2015-11-20,LAC @ POR,L,26,3,12,0.25,1,5,0.2,0,1,0.0,0,1,1,2,2,0,1,3,7,-13,16.2,1,2015-16
22015,201933,Blake Griffin,1610612746,LAC,LA Clippers,0021500186,2015-11-20,LAC @ POR,L,34,10,20,0.5,0,1,0.0,1,2,0.5,1,6,7,7,0,0,3,5,21,-13,36.9,1,2015-16
22015,203085,Austin Rivers,1610612746,LAC,LA Clippers,0021500186,2015-11-20,LAC @ POR,L,22,5,9,0.556,0,3,0.0,0,0,,0,1,1,1,1,0,0,0,10,9,15.7,1,2015-16
22015,1897,Metta World Peace,1610612747,LAL,Los Angeles Lakers,0021500188,2015-11-20,LAL vs. TOR,L,17,1,4,0.25,1,4,0.25,1,2,0.5,1,0,1,0,0,0,0,2,4,-5,5.2,1,2015-16
22015,201156,Nick Young,1610612747,LAL,Los Angeles Lakers,0021500188,2015-11-20,LAL vs. TOR,L,14,3,6,0.5,2,3,0.667,0,0,,0,0,0,0,1,0,1,1,8,-20,10.0,1,2015-16
22015,201579,Roy Hibbert,1610612747,LAL,Los Angeles Lakers,0021500188,2015-11-20,LAL vs. TOR,L,27,3,5,0.6,0,0,,2,2,1.0,3,5,8,3,1,1,3,3,8,4,25.1,1,2015-16
22015,1626204,Larry Nance Jr.,1610612747,LAL,Los Angeles Lakers,0021500188,2015-11-20,LAL vs. TOR,L,18,0,2,0.0,0,0,,0,0,,0,2,2,2,0,0,0,1,0,-27,5.4,1,2015-16
22015,203940,Adreian Payne,1610612750,MIN,Minnesota Timberwolves,0021500181,2015-11-20,MIN vs. DET,L,19,2,4,0.5,0,0,,1,2,0.5,1,2,3,0,0,0,4,1,5,0,4.6,1,2015-16
22015,2207,Joe Johnson,1610612751,BKN,Brooklyn Nets,0021500179,2015-11-20,BKN @ BOS,L,18,1,5,0.2,1,2,0.5,0,0,,0,2,2,1,0,0,0,0,3,-19,6.9,1,2015-16
22015,202711,Bojan Bogdanovic,1610612751,BKN,Brooklyn Nets,0021500179,2015-11-20,BKN @ BOS,L,17,3,7,0.429,2,3,0.667,1,2,0.5,0,1,1,0,0,0,2,1,9,-10,8.2,1,2015-16
22015,203499,Shane Larkin,1610612751,BKN,Brooklyn Nets,0021500179,2015-11-20,BKN @ BOS,L,30,4,8,0.5,1,3,0.333,1,2,0.5,1,2,3,3,4,0,2,0,10,-6,28.1,1,2015-16
22015,2756,Sasha Vujacic,1610612752,NYK,New York Knicks,0021500183,2015-11-20,NYK @ OKC,W,4,0,1,0.0,0,1,0.0,0,0,,0,0,0,0,0,0,1,0,0,0,-1.0,1,2015-16
22015,203477,Isaiah Canaan,1610612755,PHI,Philadelphia 76ers,0021500178,2015-11-20,PHI @ CHA,L,21,3,7,0.429,1,3,0.333,1,2,0.5,0,2,2,2,1,0,1,2,8,-8,15.4,1,2015-16
22015,203917,Nik Stauskas,1610612755,PHI,Philadelphia 76ers,0021500178,2015-11-20,PHI @ CHA,L,32,5,12,0.417,3,8,0.375,2,2,1.0,1,1,2,3,0,1,0,0,15,-2,24.9,1,2015-16
22015,203924,Jerami Grant,1610612755,PHI,Philadelphia 76ers,0021500178,2015-11-20,PHI @ CHA,L,24,6,9,0.667,0,0,,0,2,0.0,3,2,5,1,1,1,1,4,12,-19,24.5,1,2015-16
22015,1626143,Jahlil Okafor,1610612755,PHI,Philadelphia 76ers,0021500178,2015-11-20,PHI @ CHA,L,30,4,12,0.333,0,0,,2,3,0.667,2,5,7,2,0,0,3,0,10,-9,18.4,1,2015-16
22015,101179,Ronnie Price,1610612756,PHX,Phoenix Suns,0021500185,2015-11-20,PHX @ DEN,W,20,3,5,0.6,3,5,0.6,1,2,0.5,0,2,2,1,0,1,0,2,10,1,16.9,1,2015-16
22015,203458,Alex Len,1610612756,PHX,Phoenix Suns,0021500185,2015-11-20,PHX @ DEN,W,14,4,4,1.0,0,0,,1,2,0.5,1,3,4,0,0,2,0,1,9,-5,19.8,1,2015-16
22015,201980,Danny Green,1610612759,SAS,San Antonio Spurs,0021500182,2015-11-20,SAS @ NOP,L,33,2,8,0.25,2,4,0.5,0,0,,0,8,8,3,0,1,2,1,6,-7,21.1,1,2015-16
22015,202683,Enes Freedom,1610612760,OKC,Oklahoma City Thunder,0021500183,2015-11-20,OKC vs. NYK,L,25,5,8,0.625,0,0,,1,2,0.5,5,8,13,1,0,0,3,0,11,0,25.1,1,2015-16
22015,2449,Luis Scola,1610612761,TOR,Toronto Raptors,0021500188,2015-11-20,TOR @ LAL,W,25,5,11,0.455,1,3,0.333,0,0,,1,4,5,1,0,1,2,3,11,-13,19.5,1,2015-16
22015,200768,Kyle Lowry,1610612761,TOR,Toronto Raptors,0021500188,2015-11-20,TOR @ LAL,W,36,7,16,0.438,7,11,0.636,4,4,1.0,0,5,5,5,3,0,1,2,25,14,46.5,1,2015-16
22015,203481,Jeff Withey,1610612762,UTA,Utah Jazz,0021500184,2015-11-20,UTA @ DAL,L,2,0,0,,0,0,,0,0,,0,0,0,0,0,0,0,1,0,-3,0.0,1,2015-16
22015,203497,Rudy Gobert,1610612762,UTA,Utah Jazz,0021500184,2015-11-20,UTA @ DAL,L,36,2,4,0.5,0,0,,4,5,0.8,5,7,12,1,2,1,1,3,8,0,31.9,1,2015-16
22015,203504,Trey Burke,1610612762,UTA,Utah Jazz,0021500184,2015-11-20,UTA @ DAL,L,22,3,8,0.375,1,3,0.333,0,0,,0,7,7,2,0,0,3,2,7,7,15.4,1,2015-16
22015,203210,JaMychal Green,1610612763,MEM,Memphis Grizzlies,0021500180,2015-11-20,MEM vs. HOU,W,23,2,6,0.333,0,0,,1,1,1.0,1,4,5,1,0,0,4,4,5,-1,8.5,1,2015-16
22015,203083,Andre Drummond,1610612765,DET,Detroit Pistons,0021500181,2015-11-20,DET @ MIN,W,29,10,13,0.769,0,0,,1,2,0.5,2,9,11,0,2,1,4,5,21,9,39.2,1,2015-16
22015,203915,Spencer Dinwiddie,1610612765,DET,Detroit Pistons,0021500181,2015-11-20,DET @ MIN,W,20,2,6,0.333,0,2,0.0,2,3,0.667,0,1,1,2,1,0,0,2,6,-5,13.2,1,2015-16
22015,101107,Marvin Williams,1610612766,CHA,Charlotte Hornets,0021500178,2015-11-20,CHA vs. PHI,W,29,3,7,0.429,2,3,0.667,3,3,1.0,3,6,9,0,1,2,1,2,11,18,29.8,1,2015-16
22015,202689,Kemba Walker,1610612766,CHA,Charlotte Hornets,0021500178,2015-11-20,CHA vs. PHI,W,35,7,12,0.583,2,5,0.4,4,4,1.0,0,2,2,7,3,0,2,1,20,18,39.9,1,2015-16
22015,203584,Troy Daniels,1610612766,CHA,Charlotte Hornets,0021500178,2015-11-20,CHA vs. PHI,W,2,0,0,,0,0,,0,0,,0,0,0,0,0,0,0,0,0,7,0.0,1,2015-16
22015,201589,Darrell Arthur,1610612743,DEN,Denver Nuggets,0021500185,2015-11-20,DEN vs. PHX,L,19,4,9,0.444,0,0,,0,0,,3,0,3,1,0,0,0,2,8,6,13.1,1,2015-16
22015,2772,Trevor Ariza,1610612745,HOU,Houston Rockets,0021500180,2015-11-20,HOU @ MEM,L,35,7,10,0.7,2,5,0.4,3,5,0.6,0,4,4,1,3,1,4,5,19,-8,33.3,1,2015-16
22015,201147,Corey Brewer,1610612745,HOU,Houston Rockets,0021500180,2015-11-20,HOU @ MEM,L,14,0,3,0.0,0,2,0.0,0,0,,0,0,0,0,1,1,1,2,0,-23,5.0,1,2015-16
22015,201935,James Harden,1610612745,HOU,Houston Rockets,0021500180,2015-11-20,HOU @ MEM,L,36,7,15,0.467,1,7,0.143,7,8,0.875,0,6,6,5,2,2,6,1,22,-10,42.7,1,2015-16
22015,101138,Brandon Bass,1610612747,LAL,Los Angeles Lakers,0021500188,2015-11-20,LAL vs. TOR,L,15,2,3,0.667,0,0,,3,4,0.75,3,2,5,2,0,0,1,0,7,-19,15.0,1,2015-16
22015,202498,Lance Thomas,1610612752,NYK,New York Knicks,0021500183,2015-11-20,NYK @ OKC,W,20,5,9,0.556,2,3,0.667,0,0,,2,1,3,1,0,0,0,0,12,5,17.1,1,2015-16
22015,1626164,Devin Booker,1610612756,PHX,Phoenix Suns,0021500185,2015-11-20,PHX @ DEN,W,10,0,0,,0,0,,0,0,,0,1,1,1,0,0,1,2,0,18,1.7,1,2015-16
22015,202329,Al-Farouq Aminu,1610612757,POR,Portland Trail Blazers,0021500186,2015-11-20,POR vs. LAC,W,35,4,13,0.308,2,6,0.333,0,0,,2,10,12,3,1,2,1,1,10,8,36.9,1,2015-16
22015,203081,Damian Lillard,1610612757,POR,Portland Trail Blazers,0021500186,2015-11-20,POR vs. LAC,W,38,10,25,0.4,4,10,0.4,3,3,1.0,0,4,4,7,1,0,4,1,27,12,41.3,1,2015-16
22015,203468,CJ McCollum,1610612757,POR,Portland Trail Blazers,0021500186,2015-11-20,POR vs. LAC,W,32,7,17,0.412,1,4,0.25,3,4,0.75,0,2,2,1,2,0,1,2,18,14,26.9,1,2015-16
22015,201566,Russell Westbrook,1610612760,OKC,Oklahoma City Thunder,0021500183,2015-11-20,OKC vs. NYK,L,38,11,29,0.379,2,10,0.2,10,12,0.833,3,4,7,7,4,1,3,4,34,4,64.9,1,2015-16
22015,203500,Steven Adams,1610612760,OKC,Oklahoma City Thunder,0021500183,2015-11-20,OKC vs. NYK,L,21,1,5,0.2,0,0,,2,2,1.0,4,4,8,0,0,1,0,3,4,-3,16.6,1,2015-16
22015,202685,Jonas Valančiūnas,1610612761,TOR,Toronto Raptors,0021500188,2015-11-20,TOR @ LAL,W,18,1,3,0.333,0,0,,1,2,0.5,0,3,3,2,0,0,1,0,3,-5,8.6,1,2015-16
22015,1626168,Trey Lyles,1610612762,UTA,Utah Jazz,0021500184,2015-11-20,UTA @ DAL,L,5,0,0,,0,0,,0,0,,0,0,0,0,0,0,0,2,0,5,0.0,1,2015-16
22015,203382,Aron Baynes,1610612765,DET,Detroit Pistons,0021500181,2015-11-20,DET @ MIN,W,19,2,4,0.5,0,0,,2,2,1.0,4,7,11,1,2,2,4,3,6,1,28.7,1,2015-16
22015,203200,Justin Holiday,1610612737,ATL,Atlanta Hawks,0021500191,2015-11-21,ATL @ CLE,L,16,3,8,0.375,2,4,0.5,1,2,0.5,0,1,1,0,0,0,0,1,9,0,10.2,1,2015-16
22015,201567,Kevin Love,1610612739,CLE,Cleveland Cavaliers,0021500191,2015-11-21,CLE vs. ATL,W,31,9,15,0.6,2,7,0.286,5,6,0.833,2,9,11,2,1,1,3,4,25,9,44.2,1,2015-16
22015,201619,Sasha Kaun,1610612739,CLE,Cleveland Cavaliers,0021500191,2015-11-21,CLE vs. ATL,W,2,0,0,,0,0,,0,0,,0,0,0,0,0,0,0,0,0,-4,0.0,1,2015-16
22015,203099,Jared Cunningham,1610612739,CLE,Cleveland Cavaliers,0021500191,2015-11-21,CLE vs. ATL,W,20,3,9,0.333,1,3,0.333,1,2,0.5,0,4,4,0,2,0,2,3,8,-12,16.8,1,2015-16
22015,101123,Gerald Green,1610612748,MIA,Miami Heat,0021500193,2015-11-21,MIA vs. PHI,W,23,0,5,0.0,0,3,0.0,6,8,0.75,0,1,1,0,0,1,0,3,6,3,10.2,1,2015-16
22015,201573,Jerryd Bayless,1610612749,MIL,Milwaukee Bucks,0021500190,2015-11-21,MIL @ IND,L,19,1,5,0.2,1,5,0.2,0,0,,0,2,2,2,1,0,2,1,3,-7,9.4,1,2015-16
22015,203089,John Henson,1610612749,MIL,Milwaukee Bucks,0021500190,2015-11-21,MIL @ IND,L,12,2,3,0.667,0,0,,2,2,1.0,0,3,3,1,0,0,1,3,6,-8,10.1,1,2015-16
22015,203101,Miles Plumlee,1610612749,MIL,Milwaukee Bucks,0021500190,2015-11-21,MIL @ IND,L,12,2,6,0.333,0,0,,0,0,,2,2,4,1,0,0,0,0,4,-14,10.3,1,2015-16
22015,203114,Khris Middleton,1610612749,MIL,Milwaukee Bucks,0021500190,2015-11-21,MIL @ IND,L,28,3,11,0.273,1,4,0.25,1,2,0.5,0,2,2,1,2,1,1,1,8,-13,19.9,1,2015-16
22015,101181,Jose Calderon,1610612752,NYK,New York Knicks,0021500194,2015-11-21,NYK @ HOU,W,33,3,5,0.6,3,5,0.6,2,2,1.0,0,0,0,7,1,0,0,2,11,8,24.5,1,2015-16
22015,200811,Lou Amundson,1610612752,NYK,New York Knicks,0021500194,2015-11-21,NYK @ HOU,W,8,0,0,,0,0,,0,2,0.0,0,0,0,1,0,0,1,2,0,-4,0.5,1,2015-16
22015,201167,Arron Afflalo,1610612752,NYK,New York Knicks,0021500194,2015-11-21,NYK @ HOU,W,35,6,18,0.333,4,7,0.571,0,2,0.0,0,6,6,3,0,0,1,0,16,12,26.7,1,2015-16
22015,201577,Robin Lopez,1610612752,NYK,New York Knicks,0021500194,2015-11-21,NYK @ HOU,W,25,3,5,0.6,0,0,,2,3,0.667,4,2,6,2,0,0,1,3,8,8,17.2,1,2015-16
22015,202682,Derrick Williams,1610612752,NYK,New York Knicks,0021500194,2015-11-21,NYK @ HOU,W,11,1,5,0.2,0,2,0.0,4,4,1.0,1,3,4,0,0,0,0,1,6,-5,10.8,1,2015-16
22015,203506,Victor Oladipo,1610612753,ORL,Orlando Magic,0021500189,2015-11-21,ORL vs. SAC,L,26,4,11,0.364,2,5,0.4,1,2,0.5,3,3,6,4,0,0,1,2,11,-15,23.2,1,2015-16
22015,101145,Monta Ellis,1610612754,IND,Indiana Pacers,0021500190,2015-11-21,IND vs. MIL,W,30,5,9,0.556,1,1,1.0,1,3,0.333,1,4,5,5,2,1,3,2,12,26,31.5,1,2015-16
22015,201155,Rodney Stuckey,1610612754,IND,Indiana Pacers,0021500190,2015-11-21,IND vs. MIL,W,22,3,9,0.333,0,2,0.0,1,4,0.25,0,2,2,5,1,1,1,1,7,19,21.9,1,2015-16
22015,201941,Jordan Hill,1610612754,IND,Indiana Pacers,0021500190,2015-11-21,IND vs. MIL,W,28,9,10,0.9,0,0,,2,2,1.0,2,9,11,1,2,1,0,0,20,23,43.7,1,2015-16
22015,203924,Jerami Grant,1610612755,PHI,Philadelphia 76ers,0021500193,2015-11-21,PHI @ MIA,L,30,0,7,0.0,0,2,0.0,4,6,0.667,2,4,6,3,0,2,1,3,4,-21,20.7,1,2015-16
22015,204456,T.J. McConnell,1610612755,PHI,Philadelphia 76ers,0021500193,2015-11-21,PHI @ MIA,L,30,3,6,0.5,0,1,0.0,0,0,,2,3,5,5,2,0,5,4,6,-19,20.5,1,2015-16
22015,1495,Tim Duncan,1610612759,SAS,San Antonio Spurs,0021500195,2015-11-21,SAS vs. MEM,W,36,5,8,0.625,0,0,,0,0,,2,8,10,4,4,2,3,5,10,6,43.0,1,2015-16
22015,203210,JaMychal Green,1610612763,MEM,Memphis Grizzlies,0021500195,2015-11-21,MEM @ SAS,L,21,3,6,0.5,0,0,,2,2,1.0,2,3,5,1,1,0,0,5,8,-1,18.5,1,2015-16
22015,202322,John Wall,1610612764,WAS,Washington Wizards,0021500192,2015-11-21,WAS @ DET,W,27,4,11,0.364,0,2,0.0,0,0,,0,2,2,7,2,0,2,3,8,-20,24.9,1,2015-16
22015,203493,Reggie Bullock Jr.,1610612765,DET,Detroit Pistons,0021500192,2015-11-21,DET vs. WAS,L,6,0,3,0.0,0,2,0.0,1,1,1.0,1,0,1,0,0,0,0,1,1,-8,2.2,1,2015-16
22015,201952,Jeff Teague,1610612737,ATL,Atlanta Hawks,0021500191,2015-11-21,ATL @ CLE,L,26,3,12,0.25,2,3,0.667,5,5,1.0,1,0,1,4,2,0,1,2,13,-14,25.2,1,2015-16
22015,202714,Shelvin Mack,1610612737,ATL,Atlanta Hawks,0021500191,2015-11-21,ATL @ CLE,L,6,2,3,0.667,0,0,,0,0,,0,0,0,2,0,0,0,0,4,6,7.0,1,2015-16
22015,203488,Mike Muscala,1610612737,ATL,Atlanta Hawks,0021500191,2015-11-21,ATL @ CLE,L,19,1,3,0.333,1,1,1.0,4,4,1.0,0,2,2,0,0,1,0,1,7,4,12.4,1,2015-16
22015,203934,Lamar Patterson,1610612737,ATL,Atlanta Hawks,0021500191,2015-11-21,ATL @ CLE,L,22,0,2,0.0,0,2,0.0,0,0,,0,4,4,3,0,0,1,2,0,-2,8.3,1,2015-16
22015,2210,Richard Jefferson,1610612739,CLE,Cleveland Cavaliers,0021500191,2015-11-21,CLE vs. ATL,W,24,4,6,0.667,0,2,0.0,0,0,,0,1,1,3,0,1,1,2,8,3,15.7,1,2015-16
22015,203521,Matthew Dellavedova,1610612739,CLE,Cleveland Cavaliers,0021500191,2015-11-21,CLE vs. ATL,W,28,4,6,0.667,1,1,1.0,3,3,1.0,0,2,2,3,1,0,0,5,12,27,21.9,1,2015-16
22015,2757,Beno Udrih,1610612748,MIA,Miami Heat,0021500193,2015-11-21,MIA vs. PHI,W,6,1,1,1.0,0,0,,0,0,,0,1,1,0,0,0,1,0,2,0,2.2,1,2015-16
22015,204020,Tyler Johnson,1610612748,MIA,Miami Heat,0021500193,2015-11-21,MIA vs. PHI,W,17,2,6,0.333,0,2,0.0,0,1,0.0,0,0,0,1,0,0,1,1,4,-17,4.5,1,2015-16
22015,1626159,Justise Winslow,1610612748,MIA,Miami Heat,0021500193,2015-11-21,MIA vs. PHI,W,23,4,4,1.0,1,1,1.0,2,3,0.667,1,4,5,1,0,0,3,3,11,-1,15.5,1,2015-16
22015,202328,Greg Monroe,1610612749,MIL,Milwaukee Bucks,0021500190,2015-11-21,MIL @ IND,L,24,4,10,0.4,0,0,,3,4,0.75,7,7,14,3,1,1,2,2,11,-15,36.3,1,2015-16
22015,203948,Johnny O'Bryant III,1610612749,MIL,Milwaukee Bucks,0021500190,2015-11-21,MIL @ IND,L,16,2,6,0.333,0,0,,0,0,,1,1,2,0,1,0,1,1,4,-13,8.4,1,2015-16
22015,202498,Lance Thomas,1610612752,NYK,New York Knicks,0021500194,2015-11-21,NYK @ HOU,W,24,3,8,0.375,0,2,0.0,2,2,1.0,1,2,3,2,1,0,1,2,8,-4,16.6,1,2015-16
22015,1626170,Jerian Grant,1610612752,NYK,New York Knicks,0021500194,2015-11-21,NYK @ HOU,W,13,0,4,0.0,0,0,,6,6,1.0,0,0,0,0,1,0,1,2,6,-7,8.0,1,2015-16
22015,101112,Channing Frye,1610612753,ORL,Orlando Magic,0021500189,2015-11-21,ORL vs. SAC,L,10,1,4,0.25,1,3,0.333,0,0,,0,4,4,0,0,1,0,1,3,8,10.8,1,2015-16
22015,202696,Nikola Vučević,1610612753,ORL,Orlando Magic,0021500189,2015-11-21,ORL vs. SAC,L,25,5,10,0.5,0,0,,1,2,0.5,4,7,11,2,1,0,1,3,11,-10,29.2,1,2015-16
22015,203901,Elfrid Payton,1610612753,ORL,Orlando Magic,0021500189,2015-11-21,ORL vs. SAC,L,38,3,12,0.25,1,2,0.5,0,0,,2,3,5,8,0,0,5,1,7,-3,20.0,1,2015-16
22015,101133,Ian Mahinmi,1610612754,IND,Indiana Pacers,0021500190,2015-11-21,IND vs. MIL,W,22,2,6,0.333,0,0,,0,1,0.0,4,3,7,1,1,1,1,1,4,14,18.9,1,2015-16
22015,201158,Marco Belinelli,1610612758,SAC,Sacramento Kings,0021500189,2015-11-21,SAC @ ORL,W,27,3,7,0.429,2,5,0.4,5,6,0.833,0,2,2,3,0,0,0,2,13,22,19.9,1,2015-16
22015,201585,Kosta Koufos,1610612758,SAC,Sacramento Kings,0021500189,2015-11-21,SAC @ ORL,W,21,4,7,0.571,0,0,,4,4,1.0,2,3,5,0,1,0,0,1,12,1,21.0,1,2015-16
22015,201954,Darren Collison,1610612758,SAC,Sacramento Kings,0021500189,2015-11-21,SAC @ ORL,W,36,2,11,0.182,1,3,0.333,4,4,1.0,0,2,2,1,3,0,4,0,9,-9,17.9,1,2015-16
22015,203463,Ben McLemore,1610612758,SAC,Sacramento Kings,0021500189,2015-11-21,SAC @ ORL,W,25,3,12,0.25,0,3,0.0,2,2,1.0,1,2,3,2,0,0,4,3,8,-7,10.6,1,2015-16
22015,2446,Rasual Butler,1610612759,SAS,San Antonio Spurs,0021500195,2015-11-21,SAS vs. MEM,W,6,0,0,,0,0,,0,0,,0,0,0,0,0,1,1,0,0,3,2.0,1,2015-16
22015,2564,Boris Diaw,1610612759,SAS,San Antonio Spurs,0021500195,2015-11-21,SAS vs. MEM,W,12,1,4,0.25,0,0,,0,0,,1,1,2,2,0,0,2,1,2,11,5.4,1,2015-16
22015,2588,Matt Bonner,1610612759,SAS,San Antonio Spurs,0021500195,2015-11-21,SAS vs. MEM,W,0,0,0,,0,0,,0,0,,0,0,0,0,0,0,0,0,0,0,0.0,1,2015-16
22015,201988,Patty Mills,1610612759,SAS,San Antonio Spurs,0021500195,2015-11-21,SAS vs. MEM,W,20,1,4,0.25,1,4,0.25,0,0,,1,1,2,1,0,0,1,2,3,7,5.9,1,2015-16
22015,203937,Kyle Anderson,1610612759,SAS,San Antonio Spurs,0021500195,2015-11-21,SAS vs. MEM,W,18,3,5,0.6,0,0,,2,2,1.0,0,6,6,2,0,0,0,1,8,-1,18.2,1,2015-16
22015,201144,Mike Conley,1610612763,MEM,Memphis Grizzlies,0021500195,2015-11-21,MEM @ SAS,L,32,5,12,0.417,0,1,0.0,6,6,1.0,0,3,3,5,2,1,1,2,16,-6,35.1,1,2015-16
22015,201145,Jeff Green,1610612763,MEM,Memphis Grizzlies,0021500195,2015-11-21,MEM @ SAS,L,28,3,7,0.429,0,0,,0,0,,0,7,7,1,1,0,1,2,6,-16,17.9,1,2015-16
22015,2403,Nene,1610612764,WAS,Washington Wizards,0021500192,2015-11-21,WAS @ DET,W,22,9,10,0.9,0,0,,0,0,,0,7,7,2,2,0,2,5,18,24,33.4,1,2015-16
22015,101162,Marcin Gortat,1610612764,WAS,Washington Wizards,0021500192,2015-11-21,WAS @ DET,W,26,7,11,0.636,0,0,,0,0,,4,4,8,1,0,0,3,2,14,-22,22.1,1,2015-16
22015,201196,Ramon Sessions,1610612764,WAS,Washington Wizards,0021500192,2015-11-21,WAS @ DET,W,21,2,5,0.4,2,3,0.667,8,10,0.8,0,4,4,9,1,0,0,4,14,22,35.3,1,2015-16
22015,203484,Kentavious Caldwell-Pope,1610612765,DET,Detroit Pistons,0021500192,2015-11-21,DET vs. WAS,L,37,6,11,0.545,4,7,0.571,0,1,0.0,0,1,1,1,1,0,0,2,16,5,21.7,1,2015-16
22015,203915,Spencer Dinwiddie,1610612765,DET,Detroit Pistons,0021500192,2015-11-21,DET vs. WAS,L,16,2,7,0.286,0,0,,2,3,0.667,0,1,1,2,0,0,0,3,6,-20,10.2,1,2015-16
22015,1626169,Stanley Johnson,1610612765,DET,Detroit Pistons,0021500192,2015-11-21,DET vs. WAS,L,16,2,6,0.333,0,3,0.0,0,0,,0,0,0,1,0,0,2,0,4,-16,3.5,1,2015-16
22015,200757,Thabo Sefolosha,1610612737,ATL,Atlanta Hawks,0021500191,2015-11-21,ATL @ CLE,L,30,6,12,0.5,1,3,0.333,0,0,,1,4,5,1,1,0,0,2,13,-6,23.5,1,2015-16
22015,203471,Dennis Schröder,1610612737,ATL,Atlanta Hawks,0021500191,2015-11-21,ATL @ CLE,L,16,3,8,0.375,1,3,0.333,0,0,,1,1,2,2,2,0,2,3,7,-4,16.4,1,2015-16
22015,2747,JR Smith,1610612739,CLE,Cleveland Cavaliers,0021500191,2015-11-21,CLE vs. ATL,W,38,5,18,0.278,4,12,0.333,1,1,1.0,1,1,2,5,0,1,2,3,15,5,25.9,1,2015-16
22015,1891,Jason Terry,1610612745,HOU,Houston Rockets,0021500194,2015-11-21,HOU vs. NYK,L,31,4,11,0.364,3,8,0.375,0,0,,0,0,0,1,1,0,0,4,11,-3,15.5,1,2015-16
22015,201147,Corey Brewer,1610612745,HOU,Houston Rockets,0021500194,2015-11-21,HOU vs. NYK,L,20,2,7,0.286,2,6,0.333,2,2,1.0,2,0,2,1,0,0,0,2,8,1,11.9,1,2015-16
22015,201935,James Harden,1610612745,HOU,Houston Rockets,0021500194,2015-11-21,HOU vs. NYK,L,38,8,20,0.4,3,4,0.75,5,5,1.0,1,6,7,10,3,2,3,3,24,-10,59.4,1,2015-16
22015,203093,Terrence Jones,1610612745,HOU,Houston Rockets,0021500194,2015-11-21,HOU vs. NYK,L,37,5,14,0.357,1,1,1.0,7,9,0.778,6,3,9,0,1,0,1,4,18,-9,30.8,1,2015-16
22015,2736,Luol Deng,1610612748,MIA,Miami Heat,0021500193,2015-11-21,MIA vs. PHI,W,25,4,7,0.571,2,5,0.4,1,2,0.5,0,2,2,4,0,0,1,0,11,0,18.4,1,2015-16
22015,1626173,Rashad Vaughn,1610612749,MIL,Milwaukee Bucks,0021500190,2015-11-21,MIL @ IND,L,5,3,4,0.75,1,2,0.5,0,0,,0,1,1,1,0,0,0,0,7,-5,9.7,1,2015-16
22015,202699,Tobias Harris,1610612753,ORL,Orlando Magic,0021500189,2015-11-21,ORL vs. SAC,L,37,10,16,0.625,0,4,0.0,4,4,1.0,0,4,4,3,3,3,3,2,24,3,48.3,1,2015-16
22015,203094,Andrew Nicholson,1610612753,ORL,Orlando Magic,0021500189,2015-11-21,ORL vs. SAC,L,7,2,5,0.4,0,0,,0,0,,2,0,2,1,0,0,0,1,4,-4,7.9,1,2015-16
22015,203095,Evan Fournier,1610612753,ORL,Orlando Magic,0021500189,2015-11-21,ORL vs. SAC,L,35,7,20,0.35,3,11,0.273,0,0,,0,4,4,3,3,0,3,4,17,11,32.3,1,2015-16
22015,203894,Shabazz Napier,1610612753,ORL,Orlando Magic,0021500189,2015-11-21,ORL vs. SAC,L,12,1,1,1.0,1,1,1.0,0,0,,1,2,3,3,0,0,0,1,3,0,11.1,1,2015-16
22015,202730,Lavoy Allen,1610612754,IND,Indiana Pacers,0021500190,2015-11-21,IND vs. MIL,W,29,3,7,0.429,0,0,,0,0,,4,4,8,5,1,1,1,2,6,23,28.1,1,2015-16
22015,203922,Glenn Robinson III,1610612754,IND,Indiana Pacers,0021500190,2015-11-21,IND vs. MIL,W,21,6,7,0.857,4,4,1.0,1,2,0.5,0,0,0,0,2,0,1,0,17,18,22.0,1,2015-16
22015,1626161,Willie Cauley-Stein,1610612758,SAC,Sacramento Kings,0021500189,2015-11-21,SAC @ ORL,W,17,1,5,0.2,0,0,,0,0,,3,2,5,0,0,2,0,3,2,-11,14.0,1,2015-16
22015,202695,Kawhi Leonard,1610612759,SAS,San Antonio Spurs,0021500195,2015-11-21,SAS vs. MEM,W,40,5,15,0.333,3,6,0.5,6,8,0.75,2,5,7,3,0,1,0,1,19,3,34.9,1,2015-16
22015,2440,Matt Barnes,1610612763,MEM,Memphis Grizzlies,0021500195,2015-11-21,MEM @ SAS,L,31,5,8,0.625,0,2,0.0,0,0,,0,3,3,2,1,1,0,4,10,-2,22.6,1,2015-16
22015,201188,Marc Gasol,1610612763,MEM,Memphis Grizzlies,0021500195,2015-11-21,MEM @ SAS,L,40,3,9,0.333,0,0,,2,2,1.0,3,5,8,6,3,0,5,3,8,-8,30.6,1,2015-16
22015,2743,Kris Humphries,1610612764,WAS,Washington Wizards,0021500192,2015-11-21,WAS @ DET,W,17,0,7,0.0,0,4,0.0,0,0,,2,3,5,0,0,0,1,0,0,-10,5.0,1,2015-16
22015,101141,Ersan Ilyasova,1610612765,DET,Detroit Pistons,0021500192,2015-11-21,DET vs. WAS,L,33,7,10,0.7,1,2,0.5,3,4,0.75,2,3,5,2,0,0,1,1,18,13,26.0,1,2015-16
22015,202694,Marcus Morris Sr.,1610612765,DET,Detroit Pistons,0021500192,2015-11-21,DET vs. WAS,L,37,6,14,0.429,2,6,0.333,4,4,1.0,2,7,9,4,0,0,1,0,18,15,33.8,1,2015-16
22015,203083,Andre Drummond,1610612765,DET,Detroit Pistons,0021500192,2015-11-21,DET vs. WAS,L,37,3,6,0.5,0,0,,2,4,0.5,0,13,13,1,1,2,2,4,8,8,32.1,1,2015-16
22015,201143,Al Horford,1610612737,ATL,Atlanta Hawks,0021500191,2015-11-21,ATL @ CLE,L,34,4,12,0.333,1,3,0.333,1,1,1.0,4,6,10,3,0,1,1,0,10,-26,28.5,1,2015-16
22015,201168,Tiago Splitter,1610612737,ATL,Atlanta Hawks,0021500191,2015-11-21,ATL @ CLE,L,9,2,2,1.0,0,0,,0,0,,0,0,0,0,0,0,0,1,4,-8,4.0,1,2015-16
22015,203118,Mike Scott,1610612737,ATL,Atlanta Hawks,0021500191,2015-11-21,ATL @ CLE,L,3,1,1,1.0,0,0,,0,0,,0,1,1,1,1,0,0,1,2,7,7.7,1,2015-16
22015,2592,James Jones,1610612739,CLE,Cleveland Cavaliers,0021500191,2015-11-21,CLE vs. ATL,W,5,2,3,0.667,2,2,1.0,0,0,,0,1,1,0,0,1,0,1,6,1,10.2,1,2015-16
22015,2760,Anderson Varejao,1610612739,CLE,Cleveland Cavaliers,0021500191,2015-11-21,CLE vs. ATL,W,19,2,4,0.5,0,0,,3,3,1.0,0,3,3,1,0,0,1,1,7,5,11.1,1,2015-16
22015,202684,Tristan Thompson,1610612739,CLE,Cleveland Cavaliers,0021500191,2015-11-21,CLE vs. ATL,W,40,4,9,0.444,0,0,,1,2,0.5,6,10,16,5,0,2,2,2,9,9,39.7,1,2015-16
22015,201951,Ty Lawson,1610612745,HOU,Houston Rockets,0021500194,2015-11-21,HOU vs. NYK,L,17,0,1,0.0,0,0,,0,0,,0,2,2,2,0,0,4,0,0,0,1.4,1,2015-16
22015,201977,Marcus Thornton,1610612745,HOU,Houston Rockets,0021500194,2015-11-21,HOU vs. NYK,L,19,5,9,0.556,2,4,0.5,0,0,,0,2,2,0,0,0,1,2,12,10,13.4,1,2015-16
22015,203991,Clint Capela,1610612745,HOU,Houston Rockets,0021500194,2015-11-21,HOU vs. NYK,L,30,7,9,0.778,0,0,,2,5,0.4,6,8,14,1,1,0,2,6,16,11,35.3,1,2015-16
22015,2548,Dwyane Wade,1610612748,MIA,Miami Heat,0021500193,2015-11-21,MIA vs. PHI,W,36,8,17,0.471,0,1,0.0,11,13,0.846,2,5,7,4,3,1,1,3,27,20,52.4,1,2015-16
22015,202355,Hassan Whiteside,1610612748,MIA,Miami Heat,0021500193,2015-11-21,MIA vs. PHI,W,29,4,7,0.571,0,0,,5,8,0.625,2,7,9,0,1,8,3,1,13,3,47.8,1,2015-16
22015,201564,O.J. Mayo,1610612749,MIL,Milwaukee Bucks,0021500190,2015-11-21,MIL @ IND,L,22,4,8,0.5,2,5,0.4,0,0,,0,2,2,1,0,0,2,2,10,-23,11.9,1,2015-16
22015,202349,Greivis Vasquez,1610612749,MIL,Milwaukee Bucks,0021500190,2015-11-21,MIL @ IND,L,15,2,2,1.0,0,0,,0,0,,0,1,1,3,0,0,4,2,4,-22,5.7,1,2015-16
22015,203487,Michael Carter-Williams,1610612749,MIL,Milwaukee Bucks,0021500190,2015-11-21,MIL @ IND,L,26,3,5,0.6,0,0,,1,3,0.333,0,3,3,3,0,0,5,3,7,-20,10.1,1,2015-16
22015,2546,Carmelo Anthony,1610612752,NYK,New York Knicks,0021500194,2015-11-21,NYK @ HOU,W,25,5,10,0.5,1,2,0.5,3,4,0.75,3,3,6,0,0,0,3,5,14,7,18.2,1,2015-16
22015,204001,Kristaps Porziņģis,1610612752,NYK,New York Knicks,0021500194,2015-11-21,NYK @ HOU,W,36,8,12,0.667,2,3,0.667,6,6,1.0,5,9,14,2,0,7,3,1,24,14,61.8,1,2015-16
22015,203932,Aaron Gordon,1610612753,ORL,Orlando Magic,0021500189,2015-11-21,ORL vs. SAC,L,21,3,7,0.429,0,2,0.0,0,0,,2,5,7,2,1,1,1,4,6,-6,22.4,1,2015-16
22015,1626209,Mario Hezonja,1610612753,ORL,Orlando Magic,0021500189,2015-11-21,ORL vs. SAC,L,17,1,3,0.333,1,3,0.333,0,0,,1,2,3,1,0,0,2,2,3,-10,6.1,1,2015-16
22015,201978,Chase Budinger,1610612754,IND,Indiana Pacers,0021500190,2015-11-21,IND vs. MIL,W,30,5,9,0.556,3,4,0.75,0,0,,0,1,1,3,1,0,2,1,13,20,19.7,1,2015-16
22015,1626143,Jahlil Okafor,1610612755,PHI,Philadelphia 76ers,0021500193,2015-11-21,PHI @ MIA,L,34,8,20,0.4,0,0,,0,0,,2,9,11,1,0,3,3,2,16,2,36.7,1,2015-16
22015,200765,Rajon Rondo,1610612758,SAC,Sacramento Kings,0021500189,2015-11-21,SAC @ ORL,W,42,5,9,0.556,3,4,0.75,0,0,,1,6,7,9,3,0,1,2,13,3,42.9,1,2015-16
22015,1713,Vince Carter,1610612763,MEM,Memphis Grizzlies,0021500195,2015-11-21,MEM @ SAS,L,20,3,6,0.5,0,2,0.0,1,1,1.0,0,4,4,0,1,0,3,1,7,-5,11.8,1,2015-16
22015,203490,Otto Porter Jr.,1610612764,WAS,Washington Wizards,0021500192,2015-11-21,WAS @ DET,W,31,6,12,0.5,2,3,0.667,3,4,0.75,2,3,5,1,2,0,1,2,17,-4,29.5,1,2015-16
22015,2594,Kyle Korver,1610612737,ATL,Atlanta Hawks,0021500191,2015-11-21,ATL @ CLE,L,29,4,10,0.4,3,6,0.5,3,4,0.75,0,1,1,1,0,0,4,3,14,-16,12.7,1,2015-16
22015,200794,Paul Millsap,1610612737,ATL,Atlanta Hawks,0021500191,2015-11-21,ATL @ CLE,L,31,3,13,0.231,0,3,0.0,8,9,0.889,5,6,11,5,4,2,3,4,14,-1,49.7,1,2015-16
22015,2772,Trevor Ariza,1610612745,HOU,Houston Rockets,0021500194,2015-11-21,HOU vs. NYK,L,37,3,8,0.375,1,5,0.2,3,5,0.6,0,5,5,3,0,0,1,3,10,-11,19.5,1,2015-16
22015,1626149,Montrezl Harrell,1610612745,HOU,Houston Rockets,0021500194,2015-11-21,HOU vs. NYK,L,11,1,2,0.5,0,0,,1,2,0.5,1,0,1,0,0,2,0,2,3,-14,10.2,1,2015-16
22015,1626196,Josh Richardson,1610612748,MIA,Miami Heat,0021500193,2015-11-21,MIA vs. PHI,W,4,0,1,0.0,0,0,,0,0,,0,0,0,0,0,0,1,0,0,-12,-1.0,1,2015-16
22015,203142,Chris Copeland,1610612749,MIL,Milwaukee Bucks,0021500190,2015-11-21,MIL @ IND,L,10,1,3,0.333,0,1,0.0,1,2,0.5,0,0,0,0,0,0,0,0,3,-11,3.0,1,2015-16
22015,203507,Giannis Antetokounmpo,1610612749,MIL,Milwaukee Bucks,0021500190,2015-11-21,MIL @ IND,L,29,3,8,0.375,0,0,,3,4,0.75,0,5,5,2,2,2,3,3,9,-26,27.0,1,2015-16
22015,203953,Jabari Parker,1610612749,MIL,Milwaukee Bucks,0021500190,2015-11-21,MIL @ IND,L,21,4,8,0.5,0,0,,2,2,1.0,3,1,4,1,2,1,2,1,10,-8,23.3,1,2015-16
22015,201160,Jason Smith,1610612753,ORL,Orlando Magic,0021500189,2015-11-21,ORL vs. SAC,L,9,1,3,0.333,0,0,,0,0,,0,1,1,0,0,1,0,3,2,-6,6.2,1,2015-16
22015,203473,Dewayne Dedmon,1610612753,ORL,Orlando Magic,0021500189,2015-11-21,ORL vs. SAC,L,4,0,0,,0,0,,0,0,,0,0,0,0,0,1,1,2,0,2,2.0,1,2015-16
22015,101139,CJ Miles,1610612754,IND,Indiana Pacers,0021500190,2015-11-21,IND vs. MIL,W,25,7,16,0.438,3,9,0.333,4,5,0.8,0,1,1,1,3,0,1,3,21,11,31.7,1,2015-16
22015,202331,Paul George,1610612754,IND,Indiana Pacers,0021500190,2015-11-21,IND vs. MIL,W,29,6,17,0.353,3,9,0.333,5,6,0.833,0,7,7,7,2,0,3,3,20,26,41.9,1,2015-16
22015,203524,Solomon Hill,1610612754,IND,Indiana Pacers,0021500190,2015-11-21,IND vs. MIL,W,5,1,1,1.0,1,1,1.0,0,0,,0,0,0,0,0,0,1,0,3,5,2.0,1,2015-16
22015,203457,Nerlens Noel,1610612755,PHI,Philadelphia 76ers,0021500193,2015-11-21,PHI @ MIA,L,30,4,9,0.444,0,0,,2,4,0.5,3,5,8,2,2,0,2,5,10,-22,26.6,1,2015-16
22015,203496,Robert Covington,1610612755,PHI,Philadelphia 76ers,0021500193,2015-11-21,PHI @ MIA,L,32,6,11,0.545,3,6,0.5,6,7,0.857,0,6,6,0,2,1,1,5,21,9,36.2,1,2015-16
22015,203917,Nik Stauskas,1610612755,PHI,Philadelphia 76ers,0021500193,2015-11-21,PHI @ MIA,L,25,3,8,0.375,2,7,0.286,0,0,,0,1,1,2,0,1,0,1,8,-11,15.2,1,2015-16
22015,203960,JaKarr Sampson,1610612755,PHI,Philadelphia 76ers,0021500193,2015-11-21,PHI @ MIA,L,10,0,0,,0,0,,4,4,1.0,0,2,2,0,0,0,1,3,4,12,5.4,1,2015-16
22015,201956,Omri Casspi,1610612758,SAC,Sacramento Kings,0021500189,2015-11-21,SAC @ ORL,W,32,5,11,0.455,1,3,0.333,0,0,,3,8,11,2,1,0,1,3,11,18,29.2,1,2015-16
22015,202326,DeMarcus Cousins,1610612758,SAC,Sacramento Kings,0021500189,2015-11-21,SAC @ ORL,W,40,8,19,0.421,0,2,0.0,13,15,0.867,0,12,12,6,3,3,4,2,29,13,66.4,1,2015-16
22015,1938,Manu Ginobili,1610612759,SAS,San Antonio Spurs,0021500195,2015-11-21,SAS vs. MEM,W,23,6,11,0.545,2,4,0.5,1,2,0.5,1,3,4,2,1,0,1,1,15,9,24.8,1,2015-16
22015,2225,Tony Parker,1610612759,SAS,San Antonio Spurs,0021500195,2015-11-21,SAS vs. MEM,W,32,6,10,0.6,0,0,,6,6,1.0,0,1,1,3,1,1,2,1,18,1,27.7,1,2015-16
22015,2561,David West,1610612759,SAS,San Antonio Spurs,0021500195,2015-11-21,SAS vs. MEM,W,25,3,5,0.6,0,0,,2,4,0.5,0,5,5,1,0,1,3,4,8,3,15.5,1,2015-16
22015,2754,Tony Allen,1610612763,MEM,Memphis Grizzlies,0021500195,2015-11-21,MEM @ SAS,L,12,3,6,0.5,0,0,,0,0,,1,1,2,0,1,0,2,0,6,4,9.4,1,2015-16
22015,201584,Courtney Lee,1610612763,MEM,Memphis Grizzlies,0021500195,2015-11-21,MEM @ SAS,L,35,5,10,0.5,1,2,0.5,4,4,1.0,1,0,1,0,2,0,3,2,15,-10,19.2,1,2015-16
22015,201162,Jared Dudley,1610612764,WAS,Washington Wizards,0021500192,2015-11-21,WAS @ DET,W,27,3,4,0.75,2,2,1.0,1,1,1.0,1,0,1,0,1,0,1,2,9,15,12.2,1,2015-16
22015,202066,Garrett Temple,1610612764,WAS,Washington Wizards,0021500192,2015-11-21,WAS @ DET,W,26,3,6,0.5,1,3,0.333,1,2,0.5,0,5,5,1,1,0,1,1,8,23,17.5,1,2015-16
22015,202390,Gary Neal,1610612764,WAS,Washington Wizards,0021500192,2015-11-21,WAS @ DET,W,15,1,4,0.25,0,2,0.0,0,0,,0,4,4,1,0,0,0,0,2,2,8.3,1,2015-16
22015,203078,Bradley Beal,1610612764,WAS,Washington Wizards,0021500192,2015-11-21,WAS @ DET,W,28,3,8,0.375,0,0,,1,3,0.333,0,1,1,0,1,0,0,0,7,-20,11.2,1,2015-16
22015,201229,Anthony Tolliver,1610612765,DET,Detroit Pistons,0021500192,2015-11-21,DET vs. WAS,L,15,0,1,0.0,0,0,,0,0,,1,0,1,0,0,0,0,2,0,-15,1.2,1,2015-16
22015,202704,Reggie Jackson,1610612765,DET,Detroit Pistons,0021500192,2015-11-21,DET vs. WAS,L,32,8,18,0.444,1,6,0.167,3,3,1.0,1,2,3,9,1,0,6,2,20,18,34.1,1,2015-16
22015,203382,Aron Baynes,1610612765,DET,Detroit Pistons,0021500192,2015-11-21,DET vs. WAS,L,11,2,3,0.667,0,0,,0,1,0.0,1,3,4,0,0,0,1,2,4,-10,7.8,1,2015-16
22015,2544,LeBron James,1610612739,CLE,Cleveland Cavaliers,0021500191,2015-11-21,CLE vs. ATL,W,33,8,15,0.533,1,2,0.5,2,2,1.0,2,9,11,8,0,2,3,1,19,17,47.2,1,2015-16
22015,2547,Chris Bosh,1610612748,MIA,Miami Heat,0021500193,2015-11-21,MIA vs. PHI,W,35,3,11,0.273,2,5,0.4,5,8,0.625,2,9,11,1,1,3,2,3,13,11,37.7,1,2015-16
22015,201177,Josh McRoberts,1610612748,MIA,Miami Heat,0021500193,2015-11-21,MIA vs. PHI,W,14,1,3,0.333,0,1,0.0,1,2,0.5,0,2,2,1,1,1,0,1,3,-7,12.9,1,2015-16
22015,201609,Goran Dragic,1610612748,MIA,Miami Heat,0021500193,2015-11-21,MIA vs. PHI,W,26,3,7,0.429,0,0,,0,0,,2,5,7,4,1,0,3,4,6,25,20.4,1,2015-16
22015,202338,Kevin Seraphin,1610612752,NYK,New York Knicks,0021500194,2015-11-21,NYK @ HOU,W,7,1,4,0.25,0,0,,0,0,,3,0,3,1,0,0,0,1,2,-6,7.1,1,2015-16
22015,204038,Langston Galloway,1610612752,NYK,New York Knicks,0021500194,2015-11-21,NYK @ HOU,W,24,4,9,0.444,2,4,0.5,2,3,0.667,2,1,3,2,1,1,0,3,12,2,24.6,1,2015-16
22015,203138,Hollis Thompson,1610612755,PHI,Philadelphia 76ers,0021500193,2015-11-21,PHI @ MIA,L,21,0,4,0.0,0,3,0.0,0,0,,1,3,4,1,0,1,1,5,0,17,8.3,1,2015-16
22015,203477,Isaiah Canaan,1610612755,PHI,Philadelphia 76ers,0021500193,2015-11-21,PHI @ MIA,L,28,7,17,0.412,5,12,0.417,3,3,1.0,0,0,0,2,1,0,2,2,22,8,26.0,1,2015-16
22015,201980,Danny Green,1610612759,SAS,San Antonio Spurs,0021500195,2015-11-21,SAS vs. MEM,W,28,4,10,0.4,1,7,0.143,0,0,,0,3,3,2,1,0,4,4,9,8,14.6,1,2015-16
22015,203492,Ray McCallum,1610612759,SAS,San Antonio Spurs,0021500195,2015-11-21,SAS vs. MEM,W,0,0,0,,0,0,,0,0,,0,0,0,0,0,0,0,0,0,0,0.0,1,2015-16
22015,201596,Mario Chalmers,1610612763,MEM,Memphis Grizzlies,0021500195,2015-11-21,MEM @ SAS,L,21,2,10,0.2,0,2,0.0,2,2,1.0,0,2,2,4,1,0,1,4,6,-6,16.4,1,2015-16
22015,101135,David Lee,1610612738,BOS,Boston Celtics,0021500197,2015-11-22,BOS @ BKN,L,7,0,3,0.0,0,0,,0,0,,1,1,2,0,0,0,0,1,0,-10,2.4,1,2015-16
22015,1626154,RJ Hunter,1610612738,BOS,Boston Celtics,0021500197,2015-11-22,BOS @ BKN,L,8,0,0,,0,0,,0,0,,0,0,0,0,2,0,1,2,0,8,5.0,1,2015-16
22015,201600,Omer Asik,1610612740,NOP,New Orleans Pelicans,0021500198,2015-11-22,NOP vs. PHX,W,15,0,0,,0,0,,2,2,1.0,0,4,4,0,0,0,1,0,2,3,5.8,1,2015-16
22015,2749,Jameer Nelson,1610612743,DEN,Denver Nuggets,0021500200,2015-11-22,DEN vs. GSW,L,24,2,4,0.5,0,1,0.0,0,0,,0,2,2,2,0,0,4,3,4,-12,5.4,1,2015-16
22015,201568,Danilo Gallinari,1610612743,DEN,Denver Nuggets,0021500200,2015-11-22,DEN vs. GSW,L,34,4,16,0.25,1,4,0.25,10,11,0.909,2,4,6,2,1,0,4,3,19,-16,28.2,1,2015-16
22015,2733,Shaun Livingston,1610612744,GSW,Golden State Warriors,0021500200,2015-11-22,GSW @ DEN,W,22,2,7,0.286,0,1,0.0,0,0,,0,3,3,3,2,0,2,1,4,1,16.1,1,2015-16
22015,203105,Festus Ezeli,1610612744,GSW,Golden State Warriors,0021500200,2015-11-22,GSW @ DEN,W,12,1,7,0.143,0,0,,2,4,0.5,2,4,6,0,0,1,1,3,4,5,13.2,1,2015-16
22015,201599,DeAndre Jordan,1610612746,LAC,LA Clippers,0021500196,2015-11-22,LAC vs. TOR,L,39,6,9,0.667,0,0,,1,4,0.25,3,12,15,1,1,5,1,1,13,-2,49.5,1,2015-16
22015,202362,Lance Stephenson,1610612746,LAC,LA Clippers,0021500196,2015-11-22,LAC vs. TOR,L,5,0,0,,0,0,,0,0,,0,0,0,0,1,0,0,3,0,-11,3.0,1,2015-16
22015,977,Kobe Bryant,1610612747,LAL,Los Angeles Lakers,0021500201,2015-11-22,LAL vs. POR,L,31,6,22,0.273,0,5,0.0,6,7,0.857,1,3,4,4,1,1,0,1,18,-8,34.8,1,2015-16
22015,201572,Brook Lopez,1610612751,BKN,Brooklyn Nets,0021500197,2015-11-22,BKN vs. BOS,W,35,10,20,0.5,0,0,,3,4,0.75,5,5,10,0,1,0,2,3,23,3,36.0,1,2015-16
22015,203080,Thomas Robinson,1610612751,BKN,Brooklyn Nets,0021500197,2015-11-22,BKN vs. BOS,W,10,2,5,0.4,0,0,,1,1,1.0,2,1,3,0,1,2,0,0,5,11,17.6,1,2015-16
22015,101179,Ronnie Price,1610612756,PHX,Phoenix Suns,0021500198,2015-11-22,PHX @ NOP,L,6,0,1,0.0,0,1,0.0,0,0,,0,0,0,0,0,0,0,1,0,1,0.0,1,2015-16
22015,202720,Jon Leuer,1610612756,PHX,Phoenix Suns,0021500198,2015-11-22,PHX @ NOP,L,7,1,1,1.0,1,1,1.0,0,0,,2,2,4,0,0,0,1,1,3,-1,6.8,1,2015-16
22015,1626164,Devin Booker,1610612756,PHX,Phoenix Suns,0021500198,2015-11-22,PHX @ NOP,L,16,5,8,0.625,1,1,1.0,4,4,1.0,0,2,2,0,1,0,0,1,15,-3,20.4,1,2015-16
22015,201945,Gerald Henderson,1610612757,POR,Portland Trail Blazers,0021500201,2015-11-22,POR @ LAL,W,18,1,5,0.2,0,0,,1,2,0.5,0,3,3,0,1,0,0,0,3,-1,9.6,1,2015-16
22015,202329,Al-Farouq Aminu,1610612757,POR,Portland Trail Blazers,0021500201,2015-11-22,POR @ LAL,W,32,3,8,0.375,1,2,0.5,3,4,0.75,2,4,6,2,0,1,2,2,10,7,21.2,1,2015-16
22015,203459,Allen Crabbe,1610612757,POR,Portland Trail Blazers,0021500201,2015-11-22,POR @ LAL,W,26,3,7,0.429,1,2,0.5,0,0,,0,3,3,0,0,0,0,4,7,14,10.6,1,2015-16
22015,203460,Andre Roberson,1610612760,OKC,Oklahoma City Thunder,0021500199,2015-11-22,OKC vs. DAL,W,33,2,6,0.333,2,5,0.4,1,2,0.5,2,2,4,2,1,2,0,3,7,1,23.8,1,2015-16
22015,203500,Steven Adams,1610612760,OKC,Oklahoma City Thunder,0021500199,2015-11-22,OKC vs. DAL,W,25,3,4,0.75,0,0,,0,2,0.0,2,2,4,3,0,0,1,4,6,-7,14.3,1,2015-16
22015,201973,Jonas Jerebko,1610612738,BOS,Boston Celtics,0021500197,2015-11-22,BOS @ BKN,L,18,1,5,0.2,0,2,0.0,0,0,,1,4,5,1,0,1,3,1,2,0,9.5,1,2015-16
22015,203092,Tyler Zeller,1610612738,BOS,Boston Celtics,0021500197,2015-11-22,BOS @ BKN,L,7,2,2,1.0,0,0,,1,2,0.5,1,0,1,1,0,0,0,1,5,9,7.7,1,2015-16
22015,203482,Kelly Olynyk,1610612738,BOS,Boston Celtics,0021500197,2015-11-22,BOS @ BKN,L,19,2,6,0.333,2,3,0.667,2,2,1.0,1,1,2,1,1,0,0,3,8,-1,14.9,1,2015-16
22015,201950,Jrue Holiday,1610612740,NOP,New Orleans Pelicans,0021500198,2015-11-22,NOP vs. PHX,W,23,3,6,0.5,0,0,,2,4,0.5,0,0,0,4,0,0,1,6,8,-7,13.0,1,2015-16
22015,201967,Dante Cunningham,1610612740,NOP,New Orleans Pelicans,0021500198,2015-11-22,NOP vs. PHX,W,9,1,2,0.5,0,1,0.0,0,0,,0,1,1,0,0,0,1,3,2,-10,2.2,1,2015-16
22015,202337,Luke Babbitt,1610612740,NOP,New Orleans Pelicans,0021500198,2015-11-22,NOP vs. PHX,W,8,1,3,0.333,1,3,0.333,1,2,0.5,0,0,0,1,0,0,0,3,4,-4,5.5,1,2015-16
22015,202397,Ish Smith,1610612740,NOP,New Orleans Pelicans,0021500198,2015-11-22,NOP vs. PHX,W,30,6,15,0.4,0,2,0.0,5,6,0.833,2,7,9,8,3,1,2,2,17,9,49.8,1,2015-16
22015,1717,Dirk Nowitzki,1610612742,DAL,Dallas Mavericks,0021500199,2015-11-22,DAL @ OKC,L,34,5,7,0.714,0,0,,1,2,0.5,1,1,2,3,0,0,1,0,11,-5,16.9,1,2015-16
22015,101109,Raymond Felton,1610612742,DAL,Dallas Mavericks,0021500199,2015-11-22,DAL @ OKC,L,18,1,6,0.167,0,1,0.0,1,1,1.0,0,1,1,2,1,0,0,2,3,-15,10.2,1,2015-16
22015,101111,Charlie Villanueva,1610612742,DAL,Dallas Mavericks,0021500199,2015-11-22,DAL @ OKC,L,4,2,2,1.0,2,2,1.0,0,0,,0,0,0,1,0,0,0,1,6,1,7.5,1,2015-16
22015,200826,J.J. Barea,1610612742,DAL,Dallas Mavericks,0021500199,2015-11-22,DAL @ OKC,L,15,4,8,0.5,0,1,0.0,0,0,,1,2,3,2,0,0,1,1,8,8,13.6,1,2015-16
22015,202083,Wesley Matthews,1610612742,DAL,Dallas Mavericks,0021500199,2015-11-22,DAL @ OKC,L,32,7,15,0.467,4,10,0.4,0,0,,1,2,3,1,1,0,1,1,18,-1,25.1,1,2015-16
22015,202718,Chandler Parsons,1610612742,DAL,Dallas Mavericks,0021500199,2015-11-22,DAL @ OKC,L,24,5,9,0.556,2,2,1.0,0,2,0.0,0,3,3,0,0,0,0,1,12,8,15.6,1,2015-16
22015,200751,Randy Foye,1610612743,DEN,Denver Nuggets,0021500200,2015-11-22,DEN vs. GSW,L,14,0,2,0.0,0,1,0.0,0,0,,0,0,0,1,1,0,0,1,0,3,4.5,1,2015-16
22015,203123,Kostas Papanikolaou,1610612743,DEN,Denver Nuggets,0021500200,2015-11-22,DEN vs. GSW,L,2,0,0,,0,0,,0,0,,0,0,0,0,1,0,0,0,0,1,3.0,1,2015-16
22015,1626144,Emmanuel Mudiay,1610612743,DEN,Denver Nuggets,0021500200,2015-11-22,DEN vs. GSW,L,33,6,21,0.286,1,4,0.25,4,4,1.0,1,1,2,8,1,1,3,2,17,-10,34.4,1,2015-16
22015,2571,Leandro Barbosa,1610612744,GSW,Golden State Warriors,0021500200,2015-11-22,GSW @ DEN,W,18,3,6,0.5,1,2,0.5,0,0,,0,1,1,3,1,0,1,1,7,4,14.7,1,2015-16
22015,201939,Stephen Curry,1610612744,GSW,Golden State Warriors,0021500200,2015-11-22,GSW @ DEN,W,28,8,16,0.5,3,8,0.375,0,0,,0,4,4,7,3,0,4,0,19,11,39.3,1,2015-16
22015,202691,Klay Thompson,1610612744,GSW,Golden State Warriors,0021500200,2015-11-22,GSW @ DEN,W,32,7,16,0.438,4,7,0.571,3,4,0.75,0,3,3,7,0,1,1,2,21,9,37.1,1,2015-16
22015,1718,Paul Pierce,1610612746,LAC,LA Clippers,0021500196,2015-11-22,LAC vs. TOR,L,19,0,2,0.0,0,2,0.0,2,2,1.0,0,1,1,0,0,0,2,2,2,-14,1.2,1,2015-16
22015,201601,Luc Mbah a Moute,1610612746,LAC,LA Clippers,0021500196,2015-11-22,LAC vs. TOR,L,4,1,1,1.0,0,0,,0,0,,1,0,1,0,1,0,0,2,2,-8,6.2,1,2015-16
22015,1897,Metta World Peace,1610612747,LAL,Los Angeles Lakers,0021500201,2015-11-22,LAL vs. POR,L,13,0,3,0.0,0,0,,0,0,,1,1,2,1,1,0,1,2,0,2,5.9,1,2015-16
22015,2207,Joe Johnson,1610612751,BKN,Brooklyn Nets,0021500197,2015-11-22,BKN vs. BOS,W,36,5,10,0.5,3,6,0.5,4,6,0.667,0,4,4,4,1,0,3,3,17,22,27.8,1,2015-16
22015,101127,Jarrett Jack,1610612751,BKN,Brooklyn Nets,0021500197,2015-11-22,BKN vs. BOS,W,33,7,11,0.636,0,1,0.0,8,10,0.8,0,4,4,4,1,0,2,3,22,3,33.8,1,2015-16
22015,200745,Andrea Bargnani,1610612751,BKN,Brooklyn Nets,0021500197,2015-11-22,BKN vs. BOS,W,21,6,9,0.667,0,0,,0,0,,1,2,3,0,0,1,1,2,12,1,17.6,1,2015-16
22015,201152,Thaddeus Young,1610612751,BKN,Brooklyn Nets,0021500197,2015-11-22,BKN vs. BOS,W,28,4,8,0.5,0,0,,3,4,0.75,3,9,12,1,1,0,1,3,11,1,28.9,1,2015-16
22015,1626178,Rondae Hollis-Jefferson,1610612751,BKN,Brooklyn Nets,0021500197,2015-11-22,BKN vs. BOS,W,31,2,3,0.667,0,0,,5,6,0.833,3,4,7,4,5,1,1,5,9,4,40.4,1,2015-16
22015,202693,Markieff Morris,1610612756,PHX,Phoenix Suns,0021500198,2015-11-22,PHX @ NOP,L,36,6,15,0.4,1,4,0.25,4,5,0.8,1,7,8,3,1,1,1,5,17,-8,36.1,1,2015-16
22015,203090,Maurice Harkless,1610612757,POR,Portland Trail Blazers,0021500201,2015-11-22,POR @ LAL,W,25,5,11,0.455,0,4,0.0,0,0,,1,3,4,0,1,1,1,3,10,9,19.8,1,2015-16
22015,203486,Mason Plumlee,1610612757,POR,Portland Trail Blazers,0021500201,2015-11-22,POR @ LAL,W,30,6,9,0.667,0,1,0.0,5,6,0.833,1,10,11,4,1,1,0,1,17,22,42.2,1,2015-16
22015,203943,Noah Vonleh,1610612757,POR,Portland Trail Blazers,0021500201,2015-11-22,POR @ LAL,W,17,0,3,0.0,0,1,0.0,0,0,,0,3,3,0,0,2,1,0,0,5,8.6,1,2015-16
22015,2449,Luis Scola,1610612761,TOR,Toronto Raptors,0021500196,2015-11-22,TOR @ LAC,W,31,8,16,0.5,1,3,0.333,3,3,1.0,2,6,8,1,0,0,2,3,20,3,29.1,1,2015-16
22015,203082,Terrence Ross,1610612761,TOR,Toronto Raptors,0021500196,2015-11-22,TOR @ LAC,W,16,0,3,0.0,0,2,0.0,0,0,,0,0,0,0,1,0,0,1,0,8,3.0,1,2015-16
22015,101161,Amir Johnson,1610612738,BOS,Boston Celtics,0021500197,2015-11-22,BOS @ BKN,L,18,1,1,1.0,0,0,,0,0,,0,0,0,1,1,0,1,2,2,-17,5.5,1,2015-16
22015,203109,Jae Crowder,1610612738,BOS,Boston Celtics,0021500197,2015-11-22,BOS @ BKN,L,26,2,4,0.5,1,3,0.333,0,0,,0,2,2,2,0,0,2,4,5,-15,8.4,1,2015-16
22015,1626179,Terry Rozier,1610612738,BOS,Boston Celtics,0021500197,2015-11-22,BOS @ BKN,L,5,1,2,0.5,1,1,1.0,0,0,,0,0,0,0,0,0,1,0,3,-7,2.0,1,2015-16
22015,202087,Alonzo Gee,1610612740,NOP,New Orleans Pelicans,0021500198,2015-11-22,NOP vs. PHX,W,38,3,6,0.5,0,2,0.0,2,2,1.0,1,6,7,5,3,0,1,3,8,13,31.9,1,2015-16
22015,2734,Devin Harris,1610612742,DAL,Dallas Mavericks,0021500199,2015-11-22,DAL @ OKC,L,22,1,4,0.25,0,1,0.0,1,2,0.5,0,1,1,5,2,0,2,2,3,-19,15.7,1,2015-16
22015,201581,JJ Hickson,1610612743,DEN,Denver Nuggets,0021500200,2015-11-22,DEN vs. GSW,L,10,1,3,0.333,0,0,,0,2,0.0,0,3,3,2,0,0,0,1,2,1,8.6,1,2015-16
22015,201589,Darrell Arthur,1610612743,DEN,Denver Nuggets,0021500200,2015-11-22,DEN vs. GSW,L,34,9,12,0.75,1,1,1.0,2,4,0.5,3,5,8,0,1,0,1,3,21,-3,32.6,1,2015-16
22015,203999,Nikola Jokić,1610612743,DEN,Denver Nuggets,0021500200,2015-11-22,DEN vs. GSW,L,27,3,7,0.429,0,0,,5,7,0.714,4,7,11,2,2,1,1,0,11,-12,35.2,1,2015-16
22015,2738,Andre Iguodala,1610612744,GSW,Golden State Warriors,0021500200,2015-11-22,GSW @ DEN,W,27,5,6,0.833,2,3,0.667,0,0,,0,3,3,4,4,1,1,4,12,19,35.6,1,2015-16
22015,101106,Andrew Bogut,1610612744,GSW,Golden State Warriors,0021500200,2015-11-22,GSW @ DEN,W,18,4,5,0.8,0,0,,0,0,,1,5,6,2,1,3,3,3,8,2,27.2,1,2015-16
22015,101150,Lou Williams,1610612747,LAL,Los Angeles Lakers,0021500201,2015-11-22,LAL vs. POR,L,25,3,8,0.375,1,3,0.333,7,7,1.0,1,4,5,0,0,0,1,0,14,-6,19.0,1,2015-16
22015,203944,Julius Randle,1610612747,LAL,Los Angeles Lakers,0021500201,2015-11-22,LAL vs. POR,L,32,5,15,0.333,0,0,,3,3,1.0,7,6,13,1,0,0,0,0,13,-18,30.1,1,2015-16
22015,202711,Bojan Bogdanovic,1610612751,BKN,Brooklyn Nets,0021500197,2015-11-22,BKN vs. BOS,W,18,1,6,0.167,1,5,0.2,2,2,1.0,0,3,3,0,0,0,2,0,5,-6,6.6,1,2015-16
22015,200782,P.J. Tucker,1610612756,PHX,Phoenix Suns,0021500198,2015-11-22,PHX @ NOP,L,40,4,11,0.364,2,4,0.5,2,2,1.0,3,5,8,0,1,1,0,4,12,4,27.6,1,2015-16
22015,202688,Brandon Knight,1610612756,PHX,Phoenix Suns,0021500198,2015-11-22,PHX @ NOP,L,37,5,18,0.278,2,6,0.333,7,8,0.875,0,3,3,7,2,0,4,5,19,-11,35.1,1,2015-16
22015,203141,Mirza Teletovic,1610612756,PHX,Phoenix Suns,0021500198,2015-11-22,PHX @ NOP,L,24,4,10,0.4,3,7,0.429,0,0,,0,2,2,1,0,1,1,1,11,-1,16.9,1,2015-16
22015,204025,Tim Frazier,1610612757,POR,Portland Trail Blazers,0021500201,2015-11-22,POR @ LAL,W,5,1,1,1.0,0,0,,0,0,,0,0,0,0,0,0,0,2,2,2,2.0,1,2015-16
22015,201566,Russell Westbrook,1610612760,OKC,Oklahoma City Thunder,0021500199,2015-11-22,OKC vs. DAL,W,37,12,22,0.545,2,5,0.4,5,6,0.833,0,5,5,11,5,1,7,1,31,4,64.5,1,2015-16
22015,201586,Serge Ibaka,1610612760,OKC,Oklahoma City Thunder,0021500199,2015-11-22,OKC vs. DAL,W,32,8,15,0.533,0,1,0.0,0,0,,3,6,9,1,0,1,3,4,16,-6,28.3,1,2015-16
22015,202683,Enes Freedom,1610612760,OKC,Oklahoma City Thunder,0021500199,2015-11-22,OKC vs. DAL,W,23,5,7,0.714,0,0,,2,2,1.0,4,3,7,1,0,0,0,3,12,10,21.9,1,2015-16
22015,202713,Kyle Singler,1610612760,OKC,Oklahoma City Thunder,0021500199,2015-11-22,OKC vs. DAL,W,3,0,1,0.0,0,1,0.0,0,0,,0,0,0,0,0,0,0,2,0,3,0.0,1,2015-16
22015,202323,Evan Turner,1610612738,BOS,Boston Celtics,0021500197,2015-11-22,BOS @ BKN,L,32,6,10,0.6,0,3,0.0,1,2,0.5,1,6,7,3,2,0,2,3,13,1,29.9,1,2015-16
22015,202340,Avery Bradley,1610612738,BOS,Boston Celtics,0021500197,2015-11-22,BOS @ BKN,L,40,9,20,0.45,7,14,0.5,2,2,1.0,1,3,4,1,2,1,2,3,27,-2,40.3,1,2015-16
22015,203096,Jared Sullinger,1610612738,BOS,Boston Celtics,0021500197,2015-11-22,BOS @ BKN,L,30,3,10,0.3,1,3,0.333,2,2,1.0,4,6,10,3,0,0,2,3,9,-10,23.5,1,2015-16
22015,201569,Eric Gordon,1610612740,NOP,New Orleans Pelicans,0021500198,2015-11-22,NOP vs. PHX,W,39,6,16,0.375,5,12,0.417,3,4,0.75,0,4,4,4,2,0,3,2,20,11,33.8,1,2015-16
22015,203939,Dwight Powell,1610612742,DAL,Dallas Mavericks,0021500199,2015-11-22,DAL @ OKC,L,13,5,7,0.714,0,0,,3,4,0.75,0,1,1,0,2,0,0,2,13,3,20.2,1,2015-16
22015,203914,Gary Harris,1610612743,DEN,Denver Nuggets,0021500200,2015-11-22,DEN vs. GSW,L,34,5,11,0.455,1,3,0.333,1,2,0.5,2,1,3,3,1,0,2,2,12,-16,21.1,1,2015-16
22015,201578,Marreese Speights,1610612744,GSW,Golden State Warriors,0021500200,2015-11-22,GSW @ DEN,W,6,2,4,0.5,0,0,,0,0,,1,5,6,0,0,0,0,2,4,4,11.2,1,2015-16
22015,203110,Draymond Green,1610612744,GSW,Golden State Warriors,0021500200,2015-11-22,GSW @ DEN,W,31,5,7,0.714,3,5,0.6,0,0,,2,5,7,4,0,1,4,5,13,10,26.4,1,2015-16
22015,203546,Ian Clark,1610612744,GSW,Golden State Warriors,0021500200,2015-11-22,GSW @ DEN,W,9,2,3,0.667,0,1,0.0,0,0,,1,0,1,1,0,1,1,2,4,-2,8.7,1,2015-16
22015,203949,James Michael McAdoo,1610612744,GSW,Golden State Warriors,0021500200,2015-11-22,GSW @ DEN,W,5,2,3,0.667,0,0,,1,2,0.5,3,0,3,0,1,0,1,0,5,-1,10.6,1,2015-16
22015,200755,JJ Redick,1610612746,LAC,LA Clippers,0021500196,2015-11-22,LAC vs. TOR,L,29,5,13,0.385,3,6,0.5,4,5,0.8,1,3,4,0,0,0,2,4,17,-9,19.8,1,2015-16
22015,101138,Brandon Bass,1610612747,LAL,Los Angeles Lakers,0021500201,2015-11-22,LAL vs. POR,L,23,2,3,0.667,0,0,,3,4,0.75,0,3,3,1,0,1,0,3,7,-1,15.1,1,2015-16
22015,203903,Jordan Clarkson,1610612747,LAL,Los Angeles Lakers,0021500201,2015-11-22,LAL vs. POR,L,35,8,14,0.571,3,5,0.6,0,0,,2,2,4,1,0,0,3,1,19,-5,22.3,1,2015-16
22015,203508,Sergey Karasev,1610612751,BKN,Brooklyn Nets,0021500197,2015-11-22,BKN vs. BOS,W,10,0,1,0.0,0,1,0.0,0,0,,0,3,3,0,0,0,0,0,0,6,3.6,1,2015-16
22015,202334,Ed Davis,1610612757,POR,Portland Trail Blazers,0021500201,2015-11-22,POR @ LAL,W,18,4,5,0.8,0,0,,1,2,0.5,2,1,3,3,0,0,1,3,9,-8,16.1,1,2015-16
22015,2555,Nick Collison,1610612760,OKC,Oklahoma City Thunder,0021500199,2015-11-22,OKC vs. DAL,W,17,4,6,0.667,0,0,,2,2,1.0,3,2,5,1,0,1,1,3,10,9,19.5,1,2015-16
22015,200768,Kyle Lowry,1610612761,TOR,Toronto Raptors,0021500196,2015-11-22,TOR @ LAC,W,38,2,11,0.182,1,4,0.25,8,8,1.0,1,2,3,10,3,0,4,4,13,14,36.6,1,2015-16
22015,201942,DeMar DeRozan,1610612761,TOR,Toronto Raptors,0021500196,2015-11-22,TOR @ LAC,W,40,4,16,0.25,0,2,0.0,13,14,0.929,1,5,6,3,0,0,4,2,21,11,28.7,1,2015-16
22015,201949,James Johnson,1610612761,TOR,Toronto Raptors,0021500196,2015-11-22,TOR @ LAC,W,7,1,3,0.333,0,1,0.0,0,0,,1,0,1,0,0,0,0,0,2,6,3.2,1,2015-16
22015,201583,Ryan Anderson,1610612740,NOP,New Orleans Pelicans,0021500198,2015-11-22,NOP vs. PHX,W,33,8,14,0.571,4,7,0.571,9,9,1.0,1,4,5,0,0,1,1,2,29,3,37.0,1,2015-16
22015,201962,Toney Douglas,1610612740,NOP,New Orleans Pelicans,0021500198,2015-11-22,NOP vs. PHX,W,5,0,1,0.0,0,1,0.0,0,0,,0,0,0,0,1,0,1,1,0,-4,2.0,1,2015-16
22015,2585,Zaza Pachulia,1610612742,DAL,Dallas Mavericks,0021500199,2015-11-22,DAL @ OKC,L,34,4,8,0.5,0,0,,4,7,0.571,3,7,10,6,1,3,5,5,12,11,40.0,1,2015-16
22015,101114,Deron Williams,1610612742,DAL,Dallas Mavericks,0021500199,2015-11-22,DAL @ OKC,L,33,6,12,0.5,2,2,1.0,6,8,0.75,1,5,6,6,1,1,5,1,20,10,37.2,1,2015-16
22015,203115,Will Barton,1610612743,DEN,Denver Nuggets,0021500200,2015-11-22,DEN vs. GSW,L,27,7,10,0.7,0,1,0.0,5,5,1.0,1,5,6,3,1,1,4,0,19,-1,32.7,1,2015-16
22015,203084,Harrison Barnes,1610612744,GSW,Golden State Warriors,0021500200,2015-11-22,GSW @ DEN,W,33,6,9,0.667,2,2,1.0,3,3,1.0,1,2,3,4,3,0,2,2,17,3,33.6,1,2015-16
22015,2037,Jamal Crawford,1610612746,LAC,LA Clippers,0021500196,2015-11-22,LAC vs. TOR,L,29,1,9,0.111,0,6,0.0,6,7,0.857,0,0,0,2,1,0,1,1,8,1,13.0,1,2015-16
22015,2746,Josh Smith,1610612746,LAC,LA Clippers,0021500196,2015-11-22,LAC vs. TOR,L,15,1,4,0.25,0,3,0.0,0,0,,2,6,8,2,1,2,2,3,2,8,21.6,1,2015-16
22015,101108,Chris Paul,1610612746,LAC,LA Clippers,0021500196,2015-11-22,LAC vs. TOR,L,33,5,13,0.385,1,4,0.25,2,2,1.0,2,3,5,11,2,0,3,5,13,-15,38.5,1,2015-16
22015,201933,Blake Griffin,1610612746,LAC,LA Clippers,0021500196,2015-11-22,LAC vs. TOR,L,29,4,10,0.4,1,3,0.333,0,0,,2,4,6,4,2,0,6,4,9,-3,22.2,1,2015-16
22015,202325,Wesley Johnson,1610612746,LAC,LA Clippers,0021500196,2015-11-22,LAC vs. TOR,L,18,3,6,0.5,2,5,0.4,0,0,,0,0,0,0,0,2,1,2,8,0,13.0,1,2015-16
22015,203085,Austin Rivers,1610612746,LAC,LA Clippers,0021500196,2015-11-22,LAC vs. TOR,L,19,3,7,0.429,0,3,0.0,0,0,,1,1,2,1,0,0,1,3,6,-2,8.9,1,2015-16
22015,201156,Nick Young,1610612747,LAL,Los Angeles Lakers,0021500201,2015-11-22,LAL vs. POR,L,20,1,6,0.167,0,1,0.0,0,0,,1,2,3,3,0,0,1,1,2,-4,9.1,1,2015-16
22015,201579,Roy Hibbert,1610612747,LAL,Los Angeles Lakers,0021500201,2015-11-22,LAL vs. POR,L,25,3,7,0.429,0,0,,1,2,0.5,2,6,8,0,0,4,1,4,7,-13,27.6,1,2015-16
22015,203499,Shane Larkin,1610612751,BKN,Brooklyn Nets,0021500197,2015-11-22,BKN vs. BOS,W,18,3,6,0.5,1,2,0.5,0,0,,0,0,0,5,1,0,2,1,7,5,15.5,1,2015-16
22015,2199,Tyson Chandler,1610612756,PHX,Phoenix Suns,0021500198,2015-11-22,PHX @ NOP,L,16,0,2,0.0,0,0,,1,2,0.5,3,7,10,0,0,1,3,4,1,-3,13.0,1,2015-16
22015,202339,Eric Bledsoe,1610612756,PHX,Phoenix Suns,0021500198,2015-11-22,PHX @ NOP,L,34,7,15,0.467,4,8,0.5,11,12,0.917,1,6,7,6,1,0,5,5,29,-2,44.4,1,2015-16
22015,203458,Alex Len,1610612756,PHX,Phoenix Suns,0021500198,2015-11-22,PHX @ NOP,L,2,0,0,,0,0,,0,0,,0,0,0,0,0,0,0,1,0,-8,0.0,1,2015-16
22015,203081,Damian Lillard,1610612757,POR,Portland Trail Blazers,0021500201,2015-11-22,POR @ LAL,W,37,12,25,0.48,3,10,0.3,3,3,1.0,0,6,6,13,2,1,2,1,30,22,63.7,1,2015-16
22015,203468,CJ McCollum,1610612757,POR,Portland Trail Blazers,0021500201,2015-11-22,POR @ LAL,W,33,8,13,0.615,3,5,0.6,0,0,,1,3,4,5,2,2,3,2,19,-2,40.3,1,2015-16
22015,201571,D.J. Augustin,1610612760,OKC,Oklahoma City Thunder,0021500199,2015-11-22,OKC vs. DAL,W,13,2,5,0.4,1,2,0.5,0,0,,0,1,1,2,0,0,0,0,5,0,9.2,1,2015-16
22015,201627,Anthony Morrow,1610612760,OKC,Oklahoma City Thunder,0021500199,2015-11-22,OKC vs. DAL,W,24,5,9,0.556,2,3,0.667,2,2,1.0,0,2,2,1,1,1,2,0,14,18,21.9,1,2015-16
22015,1626166,Cameron Payne,1610612760,OKC,Oklahoma City Thunder,0021500199,2015-11-22,OKC vs. DAL,W,5,1,3,0.333,0,1,0.0,0,0,,0,2,2,1,0,0,1,1,2,-9,4.9,1,2015-16
22015,201960,DeMarre Carroll,1610612761,TOR,Toronto Raptors,0021500196,2015-11-22,TOR @ LAC,W,39,8,13,0.615,2,3,0.667,3,4,0.75,2,3,5,0,4,0,1,4,21,16,38.0,1,2015-16
22015,202335,Patrick Patterson,1610612761,TOR,Toronto Raptors,0021500196,2015-11-22,TOR @ LAC,W,14,1,2,0.5,0,1,0.0,0,0,,2,3,5,0,0,0,2,0,2,-3,6.0,1,2015-16
22015,202687,Bismack Biyombo,1610612761,TOR,Toronto Raptors,0021500196,2015-11-22,TOR @ LAC,W,31,3,5,0.6,0,0,,0,0,,4,10,14,0,0,0,1,4,6,-4,21.8,1,2015-16
22015,202738,Isaiah Thomas,1610612738,BOS,Boston Celtics,0021500197,2015-11-22,BOS @ BKN,L,31,8,19,0.421,2,8,0.25,9,11,0.818,0,2,2,6,1,0,3,5,27,-6,38.4,1,2015-16
22015,203076,Anthony Davis,1610612740,NOP,New Orleans Pelicans,0021500198,2015-11-22,NOP vs. PHX,W,39,11,22,0.5,1,2,0.5,9,11,0.818,6,13,19,1,2,4,3,4,32,16,71.3,1,2015-16
22015,201580,JaVale McGee,1610612742,DAL,Dallas Mavericks,0021500199,2015-11-22,DAL @ OKC,L,11,4,5,0.8,0,0,,0,2,0.0,2,4,6,0,0,0,2,1,8,-16,13.2,1,2015-16
22015,1626156,D'Angelo Russell,1610612747,LAL,Los Angeles Lakers,0021500201,2015-11-22,LAL vs. POR,L,36,4,10,0.4,2,4,0.5,3,4,0.75,0,9,9,6,0,0,3,0,13,-17,29.8,1,2015-16
22015,203933,T.J. Warren,1610612756,PHX,Phoenix Suns,0021500198,2015-11-22,PHX @ NOP,L,21,3,9,0.333,3,4,0.75,0,0,,1,1,2,0,0,0,0,1,9,2,11.4,1,2015-16
22015,203079,Dion Waiters,1610612760,OKC,Oklahoma City Thunder,0021500199,2015-11-22,OKC vs. DAL,W,29,5,12,0.417,2,4,0.5,2,2,1.0,0,2,2,2,1,0,1,2,14,-8,21.4,1,2015-16
22015,202709,Cory Joseph,1610612761,TOR,Toronto Raptors,0021500196,2015-11-22,TOR @ LAC,W,24,2,9,0.222,0,1,0.0,2,2,1.0,1,3,4,1,0,0,0,1,6,4,12.3,1,2015-16
22015,2544,LeBron James,1610612739,CLE,Cleveland Cavaliers,0021500203,2015-11-23,CLE vs. ORL,W,35,7,14,0.5,0,2,0.0,1,5,0.2,0,6,6,13,1,0,2,0,15,29,42.7,1,2015-16
22015,201567,Kevin Love,1610612739,CLE,Cleveland Cavaliers,0021500203,2015-11-23,CLE vs. ORL,W,34,11,18,0.611,6,9,0.667,6,7,0.857,0,8,8,4,0,1,2,1,34,25,50.6,1,2015-16
22015,204020,Tyler Johnson,1610612748,MIA,Miami Heat,0021500204,2015-11-23,MIA vs. NYK,W,21,3,5,0.6,1,1,1.0,5,6,0.833,2,1,3,1,1,1,1,0,12,16,22.1,1,2015-16
22015,203948,Johnny O'Bryant III,1610612749,MIL,Milwaukee Bucks,0021500205,2015-11-23,MIL vs. DET,W,16,0,3,0.0,0,0,,0,0,,1,3,4,1,0,0,0,1,0,8,6.3,1,2015-16
22015,2756,Sasha Vujacic,1610612752,NYK,New York Knicks,0021500204,2015-11-23,NYK @ MIA,L,3,0,0,,0,0,,0,0,,0,1,1,0,0,0,0,1,0,-10,1.2,1,2015-16
22015,101181,Jose Calderon,1610612752,NYK,New York Knicks,0021500204,2015-11-23,NYK @ MIA,L,32,2,4,0.5,0,1,0.0,0,0,,0,3,3,2,1,0,0,1,4,-1,13.6,1,2015-16
22015,201577,Robin Lopez,1610612752,NYK,New York Knicks,0021500204,2015-11-23,NYK @ MIA,L,30,5,12,0.417,0,0,,2,4,0.5,6,2,8,1,0,0,2,2,12,-2,21.1,1,2015-16
22015,1626170,Jerian Grant,1610612752,NYK,New York Knicks,0021500204,2015-11-23,NYK @ MIA,L,12,0,4,0.0,0,1,0.0,0,0,,1,0,1,0,0,0,0,1,0,-5,1.2,1,2015-16
22015,203932,Aaron Gordon,1610612753,ORL,Orlando Magic,0021500203,2015-11-23,ORL @ CLE,L,25,5,10,0.5,1,2,0.5,0,0,,3,3,6,1,0,3,2,3,11,12,26.7,1,2015-16
22015,203924,Jerami Grant,1610612755,PHI,Philadelphia 76ers,0021500206,2015-11-23,PHI @ MIN,L,32,3,10,0.3,1,3,0.333,2,3,0.667,2,4,6,1,0,2,2,4,9,-2,21.7,1,2015-16
22015,203960,JaKarr Sampson,1610612755,PHI,Philadelphia 76ers,0021500206,2015-11-23,PHI @ MIN,L,8,0,3,0.0,0,0,,1,2,0.5,0,1,1,0,0,0,0,0,1,1,2.2,1,2015-16
22015,202693,Markieff Morris,1610612756,PHX,Phoenix Suns,0021500207,2015-11-23,PHX @ SAS,L,34,12,15,0.8,2,3,0.667,2,2,1.0,1,7,8,4,1,0,6,3,28,-5,40.6,1,2015-16
22015,203933,T.J. Warren,1610612756,PHX,Phoenix Suns,0021500207,2015-11-23,PHX @ SAS,L,26,7,15,0.467,0,1,0.0,2,2,1.0,3,0,3,2,0,1,2,3,16,-13,23.6,1,2015-16
22015,1626161,Willie Cauley-Stein,1610612758,SAC,Sacramento Kings,0021500202,2015-11-23,SAC @ CHA,L,8,0,0,,0,0,,0,0,,0,1,1,1,0,0,0,0,0,1,2.7,1,2015-16
22015,2225,Tony Parker,1610612759,SAS,San Antonio Spurs,0021500207,2015-11-23,SAS vs. PHX,W,32,10,13,0.769,0,0,,0,2,0.0,0,1,1,8,3,0,4,4,20,22,38.2,1,2015-16
22015,202344,Trevor Booker,1610612762,UTA,Utah Jazz,0021500208,2015-11-23,UTA vs. OKC,L,20,1,3,0.333,0,0,,2,2,1.0,2,1,3,1,0,0,1,0,4,-22,8.1,1,2015-16
22015,203481,Jeff Withey,1610612762,UTA,Utah Jazz,0021500208,2015-11-23,UTA vs. OKC,L,14,1,2,0.5,0,0,,2,4,0.5,2,3,5,0,1,1,1,1,4,1,15.0,1,2015-16
22015,202694,Marcus Morris Sr.,1610612765,DET,Detroit Pistons,0021500205,2015-11-23,DET @ MIL,L,26,2,7,0.286,0,3,0.0,0,0,,0,5,5,1,0,0,3,1,4,-17,8.5,1,2015-16
22015,201150,Spencer Hawes,1610612766,CHA,Charlotte Hornets,0021500202,2015-11-23,CHA vs. SAC,W,8,0,1,0.0,0,1,0.0,0,0,,0,2,2,2,0,0,1,1,0,-6,4.4,1,2015-16
22015,203798,PJ Hairston,1610612766,CHA,Charlotte Hornets,0021500202,2015-11-23,CHA vs. SAC,W,19,2,5,0.4,1,4,0.25,0,0,,0,6,6,1,0,1,1,2,5,-6,15.7,1,2015-16
22015,1626163,Frank Kaminsky,1610612766,CHA,Charlotte Hornets,0021500202,2015-11-23,CHA vs. SAC,W,21,4,8,0.5,1,4,0.25,0,0,,2,3,5,0,0,0,0,0,9,23,15.0,1,2015-16
22015,2736,Luol Deng,1610612748,MIA,Miami Heat,0021500204,2015-11-23,MIA vs. NYK,W,31,4,9,0.444,1,3,0.333,0,0,,1,2,3,0,1,0,1,1,9,-3,14.6,1,2015-16
22015,101123,Gerald Green,1610612748,MIA,Miami Heat,0021500204,2015-11-23,MIA vs. NYK,W,15,4,10,0.4,0,4,0.0,1,1,1.0,1,4,5,0,0,0,0,1,9,16,15.0,1,2015-16
22015,201177,Josh McRoberts,1610612748,MIA,Miami Heat,0021500204,2015-11-23,MIA vs. NYK,W,19,0,3,0.0,0,2,0.0,2,2,1.0,3,6,9,2,0,0,0,2,2,18,15.8,1,2015-16
22015,201573,Jerryd Bayless,1610612749,MIL,Milwaukee Bucks,0021500205,2015-11-23,MIL vs. DET,W,31,5,8,0.625,3,4,0.75,1,2,0.5,0,6,6,4,3,0,1,3,14,20,35.2,1,2015-16
22015,203089,John Henson,1610612749,MIL,Milwaukee Bucks,0021500205,2015-11-23,MIL vs. DET,W,8,1,4,0.25,0,0,,0,0,,0,1,1,1,0,0,2,4,2,-5,2.7,1,2015-16
22015,201937,Ricky Rubio,1610612750,MIN,Minnesota Timberwolves,0021500206,2015-11-23,MIN vs. PHI,W,33,2,5,0.4,0,1,0.0,4,4,1.0,1,5,6,11,1,0,4,5,8,21,30.7,1,2015-16
22015,1626157,Karl-Anthony Towns,1610612750,MIN,Minnesota Timberwolves,0021500206,2015-11-23,MIN vs. PHI,W,19,3,7,0.429,0,0,,0,0,,2,1,3,0,1,2,0,4,6,8,18.6,1,2015-16
22015,2546,Carmelo Anthony,1610612752,NYK,New York Knicks,0021500204,2015-11-23,NYK @ MIA,L,41,6,16,0.375,0,5,0.0,9,9,1.0,2,6,8,4,4,1,4,0,21,-7,47.6,1,2015-16
22015,204001,Kristaps Porziņģis,1610612752,NYK,New York Knicks,0021500204,2015-11-23,NYK @ MIA,L,37,7,18,0.389,3,5,0.6,3,3,1.0,1,13,14,1,1,2,1,4,20,-8,46.3,1,2015-16
22015,201160,Jason Smith,1610612753,ORL,Orlando Magic,0021500203,2015-11-23,ORL @ CLE,L,15,2,4,0.5,0,0,,0,0,,0,3,3,1,1,1,0,2,4,12,15.1,1,2015-16
22015,202696,Nikola Vučević,1610612753,ORL,Orlando Magic,0021500203,2015-11-23,ORL @ CLE,L,26,6,10,0.6,0,0,,0,0,,2,3,5,2,0,0,1,2,12,-34,20.0,1,2015-16
22015,203894,Shabazz Napier,1610612753,ORL,Orlando Magic,0021500203,2015-11-23,ORL @ CLE,L,29,3,10,0.3,0,4,0.0,5,8,0.625,0,3,3,9,1,1,0,1,11,5,34.1,1,2015-16
22015,203496,Robert Covington,1610612755,PHI,Philadelphia 76ers,0021500206,2015-11-23,PHI @ MIN,L,35,6,14,0.429,3,9,0.333,3,4,0.75,1,5,6,1,3,0,4,3,18,5,31.7,1,2015-16
22015,2199,Tyson Chandler,1610612756,PHX,Phoenix Suns,0021500207,2015-11-23,PHX @ SAS,L,20,0,1,0.0,0,0,,1,2,0.5,1,5,6,0,1,0,1,0,1,-14,10.2,1,2015-16
22015,101179,Ronnie Price,1610612756,PHX,Phoenix Suns,0021500207,2015-11-23,PHX @ SAS,L,20,1,4,0.25,0,2,0.0,0,0,,0,0,0,4,2,0,3,3,2,6,11.0,1,2015-16
22015,202688,Brandon Knight,1610612756,PHX,Phoenix Suns,0021500207,2015-11-23,PHX @ SAS,L,38,7,15,0.467,2,4,0.5,2,2,1.0,0,3,3,8,1,0,8,2,18,-12,28.6,1,2015-16
22015,203141,Mirza Teletovic,1610612756,PHX,Phoenix Suns,0021500207,2015-11-23,PHX @ SAS,L,23,3,7,0.429,3,4,0.75,0,0,,2,4,6,1,2,1,1,0,9,-4,25.7,1,2015-16
22015,1626164,Devin Booker,1610612756,PHX,Phoenix Suns,0021500207,2015-11-23,PHX @ SAS,L,24,2,5,0.4,0,2,0.0,0,0,,1,3,4,1,1,0,1,1,4,-8,12.3,1,2015-16
22015,200752,Rudy Gay,1610612758,SAC,Sacramento Kings,0021500202,2015-11-23,SAC @ CHA,L,42,13,21,0.619,2,4,0.5,0,1,0.0,1,9,10,0,1,0,3,4,28,-2,40.0,1,2015-16
22015,202326,DeMarcus Cousins,1610612758,SAC,Sacramento Kings,0021500202,2015-11-23,SAC @ CHA,L,31,13,21,0.619,2,6,0.333,2,4,0.5,1,10,11,1,1,3,4,5,30,-8,52.7,1,2015-16
22015,1938,Manu Ginobili,1610612759,SAS,San Antonio Spurs,0021500207,2015-11-23,SAS vs. PHX,W,19,3,8,0.375,2,4,0.5,0,0,,1,3,4,2,1,0,3,1,8,2,15.8,1,2015-16
22015,202695,Kawhi Leonard,1610612759,SAS,San Antonio Spurs,0021500207,2015-11-23,SAS vs. PHX,W,37,11,18,0.611,1,2,0.5,1,1,1.0,3,10,13,4,4,1,3,1,24,7,57.6,1,2015-16
22015,203613,Jonathon Simmons,1610612759,SAS,San Antonio Spurs,0021500207,2015-11-23,SAS vs. PHX,W,7,1,1,1.0,0,0,,0,0,,0,0,0,0,0,0,0,3,2,-1,2.0,1,2015-16
22015,201142,Kevin Durant,1610612760,OKC,Oklahoma City Thunder,0021500208,2015-11-23,OKC @ UTA,W,30,10,13,0.769,3,6,0.5,4,4,1.0,0,6,6,1,4,1,4,2,27,13,46.7,1,2015-16
22015,201571,D.J. Augustin,1610612760,OKC,Oklahoma City Thunder,0021500208,2015-11-23,OKC @ UTA,W,21,3,7,0.429,3,6,0.5,0,0,,0,1,1,2,0,0,0,1,9,13,13.2,1,2015-16
22015,202713,Kyle Singler,1610612760,OKC,Oklahoma City Thunder,0021500208,2015-11-23,OKC @ UTA,W,4,0,1,0.0,0,1,0.0,0,0,,0,1,1,0,0,0,0,1,0,-9,1.2,1,2015-16
22015,203187,Chris Johnson,1610612762,UTA,Utah Jazz,0021500208,2015-11-23,UTA vs. OKC,L,6,2,3,0.667,2,2,1.0,0,0,,0,0,0,0,0,0,0,0,6,3,6.0,1,2015-16
22015,203918,Rodney Hood,1610612762,UTA,Utah Jazz,0021500208,2015-11-23,UTA vs. OKC,L,20,3,6,0.5,0,2,0.0,3,5,0.6,0,2,2,1,3,0,2,2,9,-2,19.9,1,2015-16
22015,204060,Joe Ingles,1610612762,UTA,Utah Jazz,0021500208,2015-11-23,UTA vs. OKC,L,13,0,3,0.0,0,3,0.0,0,0,,0,2,2,1,0,0,3,1,0,-17,0.9,1,2015-16
22015,201229,Anthony Tolliver,1610612765,DET,Detroit Pistons,0021500205,2015-11-23,DET @ MIL,L,24,4,8,0.5,3,6,0.5,2,2,1.0,1,3,4,0,1,1,1,4,13,-2,22.8,1,2015-16
22015,203484,Kentavious Caldwell-Pope,1610612765,DET,Detroit Pistons,0021500205,2015-11-23,DET @ MIL,L,26,6,8,0.75,3,4,0.75,2,2,1.0,0,0,0,0,1,0,2,0,17,-19,18.0,1,2015-16
22015,1626169,Stanley Johnson,1610612765,DET,Detroit Pistons,0021500205,2015-11-23,DET @ MIL,L,26,5,14,0.357,0,4,0.0,6,7,0.857,1,1,2,2,1,0,2,3,16,-8,22.4,1,2015-16
22015,101107,Marvin Williams,1610612766,CHA,Charlotte Hornets,0021500202,2015-11-23,CHA vs. SAC,W,19,4,6,0.667,1,2,0.5,0,0,,1,1,2,0,1,0,1,4,9,-17,13.4,1,2015-16
22015,201587,Nicolas Batum,1610612766,CHA,Charlotte Hornets,0021500202,2015-11-23,CHA vs. SAC,W,43,5,16,0.313,1,7,0.143,7,7,1.0,1,9,10,8,2,1,5,1,18,5,46.0,1,2015-16
22015,2760,Anderson Varejao,1610612739,CLE,Cleveland Cavaliers,0021500203,2015-11-23,CLE vs. ORL,W,13,2,2,1.0,0,0,,0,2,0.0,3,5,8,0,0,0,0,0,4,-8,13.6,1,2015-16
22015,203521,Matthew Dellavedova,1610612739,CLE,Cleveland Cavaliers,0021500203,2015-11-23,CLE vs. ORL,W,24,5,8,0.625,4,6,0.667,1,1,1.0,0,0,0,9,1,0,0,1,15,15,31.5,1,2015-16
22015,201609,Goran Dragic,1610612748,MIA,Miami Heat,0021500204,2015-11-23,MIA vs. NYK,W,31,6,12,0.5,1,2,0.5,0,1,0.0,3,6,9,5,3,0,3,2,13,-1,37.3,1,2015-16
22015,202355,Hassan Whiteside,1610612748,MIA,Miami Heat,0021500204,2015-11-23,MIA vs. NYK,W,34,3,8,0.375,0,0,,5,10,0.5,3,8,11,1,1,5,1,3,11,4,42.7,1,2015-16
22015,1626159,Justise Winslow,1610612748,MIA,Miami Heat,0021500204,2015-11-23,MIA vs. NYK,W,31,3,6,0.5,1,1,1.0,0,0,,0,6,6,3,0,1,0,5,7,28,21.7,1,2015-16
22015,202349,Greivis Vasquez,1610612749,MIL,Milwaukee Bucks,0021500205,2015-11-23,MIL vs. DET,W,22,4,8,0.5,1,2,0.5,1,1,1.0,1,3,4,3,0,0,2,1,10,8,17.3,1,2015-16
22015,203142,Chris Copeland,1610612749,MIL,Milwaukee Bucks,0021500205,2015-11-23,MIL vs. DET,W,2,0,0,,0,0,,0,0,,0,0,0,1,0,0,0,0,0,-1,1.5,1,2015-16
22015,203507,Giannis Antetokounmpo,1610612749,MIL,Milwaukee Bucks,0021500205,2015-11-23,MIL vs. DET,W,27,6,10,0.6,1,1,1.0,4,4,1.0,2,4,6,4,0,1,2,3,17,10,31.2,1,2015-16
22015,708,Kevin Garnett,1610612750,MIN,Minnesota Timberwolves,0021500206,2015-11-23,MIN vs. PHI,W,18,4,5,0.8,0,0,,0,0,,0,10,10,1,2,0,0,0,8,6,27.5,1,2015-16
22015,1889,Andre Miller,1610612750,MIN,Minnesota Timberwolves,0021500206,2015-11-23,MIN vs. PHI,W,9,0,1,0.0,0,0,,0,0,,0,1,1,4,0,0,2,1,0,-4,5.2,1,2015-16
22015,2419,Tayshaun Prince,1610612750,MIN,Minnesota Timberwolves,0021500206,2015-11-23,MIN vs. PHI,W,10,0,1,0.0,0,0,,0,0,,0,1,1,0,0,0,0,0,0,-7,1.2,1,2015-16
22015,2755,Kevin Martin,1610612750,MIN,Minnesota Timberwolves,0021500206,2015-11-23,MIN vs. PHI,W,32,4,11,0.364,1,4,0.25,2,2,1.0,0,1,1,0,1,0,1,0,11,16,14.2,1,2015-16
22015,203498,Shabazz Muhammad,1610612750,MIN,Minnesota Timberwolves,0021500206,2015-11-23,MIN vs. PHI,W,16,3,7,0.429,1,1,1.0,0,0,,0,1,1,0,0,0,1,3,7,-11,7.2,1,2015-16
22015,203940,Adreian Payne,1610612750,MIN,Minnesota Timberwolves,0021500206,2015-11-23,MIN vs. PHI,W,12,2,3,0.667,0,0,,0,0,,0,3,3,1,1,1,3,6,4,-7,12.1,1,2015-16
22015,202498,Lance Thomas,1610612752,NYK,New York Knicks,0021500204,2015-11-23,NYK @ MIA,L,5,0,4,0.0,0,3,0.0,0,0,,0,1,1,0,0,0,0,2,0,-13,1.2,1,2015-16
22015,204038,Langston Galloway,1610612752,NYK,New York Knicks,0021500204,2015-11-23,NYK @ MIA,L,23,1,9,0.111,0,5,0.0,0,0,,1,3,4,1,1,0,0,4,2,-22,11.3,1,2015-16
22015,101112,Channing Frye,1610612753,ORL,Orlando Magic,0021500203,2015-11-23,ORL @ CLE,L,7,3,3,1.0,3,3,1.0,0,0,,0,0,0,0,0,0,0,0,9,8,9.0,1,2015-16
22015,203095,Evan Fournier,1610612753,ORL,Orlando Magic,0021500203,2015-11-23,ORL @ CLE,L,23,4,5,0.8,3,3,1.0,2,2,1.0,0,1,1,1,1,0,2,4,13,-22,16.7,1,2015-16
22015,203473,Dewayne Dedmon,1610612753,ORL,Orlando Magic,0021500203,2015-11-23,ORL @ CLE,L,7,1,1,1.0,0,0,,1,4,0.25,0,0,0,0,0,0,0,0,3,8,3.0,1,2015-16
22015,203138,Hollis Thompson,1610612755,PHI,Philadelphia 76ers,0021500206,2015-11-23,PHI @ MIN,L,33,6,10,0.6,3,7,0.429,0,1,0.0,1,4,5,1,1,0,0,2,15,1,25.5,1,2015-16
22015,203477,Isaiah Canaan,1610612755,PHI,Philadelphia 76ers,0021500206,2015-11-23,PHI @ MIN,L,30,3,10,0.3,3,9,0.333,5,5,1.0,1,2,3,3,1,1,3,5,14,-12,25.1,1,2015-16
22015,202720,Jon Leuer,1610612756,PHX,Phoenix Suns,0021500207,2015-11-23,PHX @ SAS,L,12,2,3,0.667,0,0,,2,2,1.0,0,4,4,0,1,1,2,2,6,-6,14.8,1,2015-16
22015,203462,Archie Goodwin,1610612756,PHX,Phoenix Suns,0021500207,2015-11-23,PHX @ SAS,L,5,0,0,,0,0,,0,0,,0,0,0,0,0,0,0,0,0,1,0.0,1,2015-16
22015,201956,Omri Casspi,1610612758,SAC,Sacramento Kings,0021500202,2015-11-23,SAC @ CHA,L,27,2,7,0.286,1,4,0.25,1,1,1.0,1,4,5,3,0,0,2,3,6,18,14.5,1,2015-16
22015,203463,Ben McLemore,1610612758,SAC,Sacramento Kings,0021500202,2015-11-23,SAC @ CHA,L,19,4,6,0.667,0,2,0.0,2,2,1.0,0,1,1,1,1,1,2,5,10,10,16.7,1,2015-16
22015,2446,Rasual Butler,1610612759,SAS,San Antonio Spurs,0021500207,2015-11-23,SAS vs. PHX,W,1,0,0,,0,0,,0,0,,0,0,0,0,0,0,0,0,0,-3,0.0,1,2015-16
22015,2561,David West,1610612759,SAS,San Antonio Spurs,0021500207,2015-11-23,SAS vs. PHX,W,22,2,7,0.286,0,0,,1,1,1.0,1,2,3,1,3,0,1,1,5,15,18.1,1,2015-16
22015,201980,Danny Green,1610612759,SAS,San Antonio Spurs,0021500207,2015-11-23,SAS vs. PHX,W,34,7,15,0.467,4,9,0.444,0,0,,1,5,6,4,0,0,1,2,18,9,30.2,1,2015-16
22015,201586,Serge Ibaka,1610612760,OKC,Oklahoma City Thunder,0021500208,2015-11-23,OKC @ UTA,W,25,5,10,0.5,1,4,0.25,0,0,,0,4,4,0,0,4,4,5,11,6,23.8,1,2015-16
22015,201627,Anthony Morrow,1610612760,OKC,Oklahoma City Thunder,0021500208,2015-11-23,OKC @ UTA,W,19,6,8,0.75,3,4,0.75,0,0,,0,0,0,1,2,0,0,1,15,7,22.5,1,2015-16
22015,203079,Dion Waiters,1610612760,OKC,Oklahoma City Thunder,0021500208,2015-11-23,OKC @ UTA,W,29,5,9,0.556,1,2,0.5,1,2,0.5,0,3,3,6,4,1,2,2,12,34,37.6,1,2015-16
22015,203956,Mitch McGary,1610612760,OKC,Oklahoma City Thunder,0021500208,2015-11-23,OKC @ UTA,W,3,0,0,,0,0,,0,0,,1,1,2,0,0,1,0,1,0,-4,5.4,1,2015-16
22015,202324,Derrick Favors,1610612762,UTA,Utah Jazz,0021500208,2015-11-23,UTA vs. OKC,L,30,4,10,0.4,0,0,,3,5,0.6,1,6,7,2,2,2,2,1,11,-16,32.4,1,2015-16
22015,202330,Gordon Hayward,1610612762,UTA,Utah Jazz,0021500208,2015-11-23,UTA vs. OKC,L,30,5,11,0.455,1,3,0.333,8,9,0.889,0,3,3,4,2,0,2,2,19,-13,32.6,1,2015-16
22015,202407,Elijah Millsap,1610612762,UTA,Utah Jazz,0021500208,2015-11-23,UTA vs. OKC,L,4,0,1,0.0,0,0,,2,4,0.5,0,1,1,1,0,0,0,1,2,9,4.7,1,2015-16
22015,203526,Raul Neto,1610612762,UTA,Utah Jazz,0021500208,2015-11-23,UTA vs. OKC,L,23,2,6,0.333,0,1,0.0,2,3,0.667,1,2,3,2,1,0,0,4,6,3,15.6,1,2015-16
22015,1626199,Darrun Hilliard,1610612765,DET,Detroit Pistons,0021500205,2015-11-23,DET @ MIL,L,13,1,7,0.143,0,2,0.0,0,0,,1,2,3,0,0,0,2,0,2,0,3.6,1,2015-16
22015,2592,James Jones,1610612739,CLE,Cleveland Cavaliers,0021500203,2015-11-23,CLE vs. ORL,W,14,1,5,0.2,1,3,0.333,0,0,,0,0,0,1,0,0,0,3,3,-11,4.5,1,2015-16
22015,202684,Tristan Thompson,1610612739,CLE,Cleveland Cavaliers,0021500203,2015-11-23,CLE vs. ORL,W,34,3,4,0.75,0,0,,3,4,0.75,3,11,14,1,0,0,1,4,9,23,26.3,1,2015-16
22015,202328,Greg Monroe,1610612749,MIL,Milwaukee Bucks,0021500205,2015-11-23,MIL vs. DET,W,31,9,19,0.474,0,0,,2,2,1.0,5,8,13,1,2,0,1,3,20,28,42.1,1,2015-16
22015,1626173,Rashad Vaughn,1610612749,MIL,Milwaukee Bucks,0021500205,2015-11-23,MIL vs. DET,W,4,0,1,0.0,0,1,0.0,0,0,,0,1,1,0,1,1,1,0,0,-3,6.2,1,2015-16
22015,203476,Gorgui Dieng,1610612750,MIN,Minnesota Timberwolves,0021500206,2015-11-23,MIN vs. PHI,W,29,4,5,0.8,0,0,,4,5,0.8,2,3,5,0,1,2,1,3,12,-3,26.0,1,2015-16
22015,201167,Arron Afflalo,1610612752,NYK,New York Knicks,0021500204,2015-11-23,NYK @ MIA,L,33,4,10,0.4,1,4,0.25,2,2,1.0,2,1,3,3,0,0,2,3,11,-9,17.1,1,2015-16
22015,203124,Kyle O'Quinn,1610612752,NYK,New York Knicks,0021500204,2015-11-23,NYK @ MIA,L,4,0,1,0.0,0,0,,0,0,,0,2,2,0,0,1,2,1,0,-9,3.4,1,2015-16
22015,203094,Andrew Nicholson,1610612753,ORL,Orlando Magic,0021500203,2015-11-23,ORL @ CLE,L,24,6,9,0.667,3,5,0.6,3,3,1.0,1,7,8,0,1,0,2,4,18,-4,28.6,1,2015-16
22015,203506,Victor Oladipo,1610612753,ORL,Orlando Magic,0021500203,2015-11-23,ORL @ CLE,L,26,5,12,0.417,0,3,0.0,0,0,,1,2,3,2,1,0,1,2,10,-15,18.6,1,2015-16
22015,203917,Nik Stauskas,1610612755,PHI,Philadelphia 76ers,0021500206,2015-11-23,PHI @ MIN,L,12,0,1,0.0,0,1,0.0,2,2,1.0,0,0,0,0,0,0,0,2,2,3,2.0,1,2015-16
22015,204456,T.J. McConnell,1610612755,PHI,Philadelphia 76ers,0021500206,2015-11-23,PHI @ MIN,L,26,2,9,0.222,0,2,0.0,0,0,,1,2,3,8,3,0,3,4,4,-4,25.6,1,2015-16
22015,200782,P.J. Tucker,1610612756,PHX,Phoenix Suns,0021500207,2015-11-23,PHX @ SAS,L,30,0,5,0.0,0,2,0.0,0,0,,1,1,2,1,3,0,3,2,0,-16,9.9,1,2015-16
22015,201603,Sonny Weems,1610612756,PHX,Phoenix Suns,0021500207,2015-11-23,PHX @ SAS,L,1,0,1,0.0,0,1,0.0,0,0,,0,0,0,1,1,0,0,0,0,3,4.5,1,2015-16
22015,203458,Alex Len,1610612756,PHX,Phoenix Suns,0021500207,2015-11-23,PHX @ SAS,L,6,0,2,0.0,0,0,,0,0,,0,1,1,1,0,0,1,1,0,-2,1.7,1,2015-16
22015,201585,Kosta Koufos,1610612758,SAC,Sacramento Kings,0021500202,2015-11-23,SAC @ CHA,L,24,4,9,0.444,0,0,,2,4,0.5,2,5,7,1,1,3,1,5,10,0,30.9,1,2015-16
22015,203492,Ray McCallum,1610612759,SAS,San Antonio Spurs,0021500207,2015-11-23,SAS vs. PHX,W,1,0,0,,0,0,,0,0,,0,0,0,0,0,0,0,0,0,-3,0.0,1,2015-16
22015,1626246,Boban Marjanovic,1610612759,SAS,San Antonio Spurs,0021500207,2015-11-23,SAS vs. PHX,W,5,1,1,1.0,0,0,,0,2,0.0,1,0,1,0,0,1,1,1,2,-1,5.2,1,2015-16
22015,2555,Nick Collison,1610612760,OKC,Oklahoma City Thunder,0021500208,2015-11-23,OKC @ UTA,W,18,1,2,0.5,0,0,,0,0,,1,0,1,1,1,0,1,4,2,22,6.7,1,2015-16
22015,201566,Russell Westbrook,1610612760,OKC,Oklahoma City Thunder,0021500208,2015-11-23,OKC @ UTA,W,27,5,10,0.5,0,2,0.0,10,10,1.0,2,5,7,9,1,0,4,3,20,9,40.9,1,2015-16
22015,203504,Trey Burke,1610612762,UTA,Utah Jazz,0021500208,2015-11-23,UTA vs. OKC,L,24,3,12,0.25,2,6,0.333,0,0,,2,2,4,0,0,0,1,1,8,-24,11.8,1,2015-16
22015,1626168,Trey Lyles,1610612762,UTA,Utah Jazz,0021500208,2015-11-23,UTA vs. OKC,L,7,1,1,1.0,0,0,,0,0,,1,3,4,0,0,0,0,0,2,6,6.8,1,2015-16
22015,2581,Steve Blake,1610612765,DET,Detroit Pistons,0021500205,2015-11-23,DET @ MIL,L,7,1,2,0.5,0,1,0.0,0,0,,0,0,0,2,0,0,0,1,2,4,5.0,1,2015-16
22015,202689,Kemba Walker,1610612766,CHA,Charlotte Hornets,0021500202,2015-11-23,CHA vs. SAC,W,47,16,23,0.696,4,6,0.667,3,4,0.75,2,4,6,5,2,3,2,0,39,11,66.7,1,2015-16
22015,203087,Jeremy Lamb,1610612766,CHA,Charlotte Hornets,0021500202,2015-11-23,CHA vs. SAC,W,26,5,9,0.556,0,2,0.0,1,2,0.5,0,5,5,2,1,0,1,5,11,-11,22.0,1,2015-16
22015,203469,Cody Zeller,1610612766,CHA,Charlotte Hornets,0021500202,2015-11-23,CHA vs. SAC,W,28,4,8,0.5,0,0,,4,4,1.0,1,5,6,0,1,0,1,4,12,16,21.2,1,2015-16
22015,2747,JR Smith,1610612739,CLE,Cleveland Cavaliers,0021500203,2015-11-23,CLE vs. ORL,W,38,10,16,0.625,6,10,0.6,0,0,,0,0,0,2,1,1,1,1,26,17,34.0,1,2015-16
22015,201619,Sasha Kaun,1610612739,CLE,Cleveland Cavaliers,0021500203,2015-11-23,CLE vs. ORL,W,1,0,0,,0,0,,0,0,,1,0,1,0,0,0,0,0,0,-1,1.2,1,2015-16
22015,203099,Jared Cunningham,1610612739,CLE,Cleveland Cavaliers,0021500203,2015-11-23,CLE vs. ORL,W,27,1,8,0.125,1,4,0.25,1,2,0.5,1,2,3,2,2,1,2,3,4,-6,17.6,1,2015-16
22015,203925,Joe Harris,1610612739,CLE,Cleveland Cavaliers,0021500203,2015-11-23,CLE vs. ORL,W,1,0,1,0.0,0,1,0.0,0,0,,0,0,0,0,0,0,1,1,0,-1,-1.0,1,2015-16
22015,2548,Dwyane Wade,1610612748,MIA,Miami Heat,0021500204,2015-11-23,MIA vs. NYK,W,30,6,16,0.375,0,1,0.0,4,4,1.0,2,2,4,5,0,0,2,3,16,3,26.3,1,2015-16
22015,203114,Khris Middleton,1610612749,MIL,Milwaukee Bucks,0021500205,2015-11-23,MIL vs. DET,W,23,5,7,0.714,2,2,1.0,4,5,0.8,0,3,3,4,1,0,1,2,16,10,27.6,1,2015-16
22015,203487,Michael Carter-Williams,1610612749,MIL,Milwaukee Bucks,0021500205,2015-11-23,MIL vs. DET,W,26,6,10,0.6,0,0,,0,0,,2,1,3,8,3,1,2,2,12,13,37.6,1,2015-16
22015,203953,Jabari Parker,1610612749,MIL,Milwaukee Bucks,0021500205,2015-11-23,MIL vs. DET,W,27,5,10,0.5,0,0,,2,3,0.667,1,0,1,1,0,1,0,0,12,10,17.7,1,2015-16
22015,203897,Zach LaVine,1610612750,MIN,Minnesota Timberwolves,0021500206,2015-11-23,MIN vs. PHI,W,25,4,12,0.333,0,3,0.0,4,4,1.0,0,5,5,0,0,0,3,2,12,-6,15.0,1,2015-16
22015,203952,Andrew Wiggins,1610612750,MIN,Minnesota Timberwolves,0021500206,2015-11-23,MIN vs. PHI,W,38,10,21,0.476,1,3,0.333,11,12,0.917,3,2,5,3,1,2,2,1,32,12,49.5,1,2015-16
22015,200811,Lou Amundson,1610612752,NYK,New York Knicks,0021500204,2015-11-23,NYK @ MIA,L,10,2,5,0.4,0,0,,2,3,0.667,1,1,2,0,0,0,0,2,6,6,8.4,1,2015-16
22015,202682,Derrick Williams,1610612752,NYK,New York Knicks,0021500204,2015-11-23,NYK @ MIA,L,4,0,0,,0,0,,0,0,,0,1,1,0,0,0,0,0,0,-9,1.2,1,2015-16
22015,202699,Tobias Harris,1610612753,ORL,Orlando Magic,0021500203,2015-11-23,ORL @ CLE,L,25,4,7,0.571,0,1,0.0,1,2,0.5,0,2,2,5,0,1,1,1,9,-28,20.9,1,2015-16
22015,1626209,Mario Hezonja,1610612753,ORL,Orlando Magic,0021500203,2015-11-23,ORL @ CLE,L,14,1,3,0.333,0,0,,1,2,0.5,2,4,6,0,0,0,1,1,3,7,9.2,1,2015-16
22015,200765,Rajon Rondo,1610612758,SAC,Sacramento Kings,0021500202,2015-11-23,SAC @ CHA,L,46,6,12,0.5,1,4,0.25,1,2,0.5,3,5,8,20,4,1,6,3,14,-11,62.6,1,2015-16
22015,201158,Marco Belinelli,1610612758,SAC,Sacramento Kings,0021500202,2015-11-23,SAC @ CHA,L,38,7,17,0.412,2,8,0.25,1,1,1.0,0,0,0,3,2,0,1,3,17,-23,26.5,1,2015-16
22015,202683,Enes Freedom,1610612760,OKC,Oklahoma City Thunder,0021500208,2015-11-23,OKC @ UTA,W,21,3,6,0.5,0,0,,0,0,,1,4,5,1,0,0,1,4,6,18,12.5,1,2015-16
22015,203460,Andre Roberson,1610612760,OKC,Oklahoma City Thunder,0021500208,2015-11-23,OKC @ UTA,W,16,1,4,0.25,0,2,0.0,0,0,,0,3,3,0,0,0,0,2,2,-3,5.6,1,2015-16
22015,203500,Steven Adams,1610612760,OKC,Oklahoma City Thunder,0021500208,2015-11-23,OKC @ UTA,W,23,3,5,0.6,0,0,,1,2,0.5,1,2,3,0,0,3,0,4,7,13,19.6,1,2015-16
22015,1626166,Cameron Payne,1610612760,OKC,Oklahoma City Thunder,0021500208,2015-11-23,OKC @ UTA,W,4,0,2,0.0,0,0,,0,0,,0,0,0,1,0,0,0,1,0,-9,1.5,1,2015-16
22015,202692,Alec Burks,1610612762,UTA,Utah Jazz,0021500208,2015-11-23,UTA vs. OKC,L,25,2,9,0.222,0,2,0.0,4,6,0.667,0,2,2,3,1,0,4,2,8,-25,13.9,1,2015-16
22015,101141,Ersan Ilyasova,1610612765,DET,Detroit Pistons,0021500205,2015-11-23,DET @ MIL,L,24,0,7,0.0,0,3,0.0,0,0,,3,0,3,2,1,1,2,2,0,-19,10.6,1,2015-16
22015,201202,Joel Anthony,1610612765,DET,Detroit Pistons,0021500205,2015-11-23,DET @ MIL,L,5,0,0,,0,0,,2,2,1.0,2,1,3,1,1,0,1,0,2,3,9.1,1,2015-16
22015,203382,Aron Baynes,1610612765,DET,Detroit Pistons,0021500205,2015-11-23,DET @ MIL,L,19,2,7,0.286,0,0,,2,2,1.0,5,4,9,1,0,0,0,2,6,-6,18.3,1,2015-16
22015,203915,Spencer Dinwiddie,1610612765,DET,Detroit Pistons,0021500205,2015-11-23,DET @ MIL,L,17,1,4,0.25,0,1,0.0,2,4,0.5,0,2,2,3,0,0,1,2,4,-13,9.9,1,2015-16
22015,2744,Al Jefferson,1610612766,CHA,Charlotte Hornets,0021500202,2015-11-23,CHA vs. SAC,W,23,4,10,0.4,0,0,,2,4,0.5,0,3,3,3,1,1,3,1,10,-8,21.1,1,2015-16
22015,202391,Jeremy Lin,1610612766,CHA,Charlotte Hornets,0021500202,2015-11-23,CHA vs. SAC,W,31,5,12,0.417,1,3,0.333,3,5,0.6,1,2,3,3,2,1,4,1,14,18,27.1,1,2015-16
22015,2210,Richard Jefferson,1610612739,CLE,Cleveland Cavaliers,0021500203,2015-11-23,CLE vs. ORL,W,19,3,5,0.6,0,0,,1,1,1.0,0,1,1,2,0,0,1,1,7,-12,10.2,1,2015-16
22015,2547,Chris Bosh,1610612748,MIA,Miami Heat,0021500204,2015-11-23,MIA vs. NYK,W,29,2,12,0.167,1,5,0.2,11,12,0.917,1,5,6,1,2,0,1,2,16,4,29.7,1,2015-16
22015,201564,O.J. Mayo,1610612749,MIL,Milwaukee Bucks,0021500205,2015-11-23,MIL vs. DET,W,19,2,3,0.667,2,3,0.667,0,0,,0,3,3,2,2,0,0,4,6,8,18.6,1,2015-16
22015,203101,Miles Plumlee,1610612749,MIL,Milwaukee Bucks,0021500205,2015-11-23,MIL vs. DET,W,2,0,0,,0,0,,0,0,,0,0,0,0,0,0,0,0,0,-1,0.0,1,2015-16
22015,202338,Kevin Seraphin,1610612752,NYK,New York Knicks,0021500204,2015-11-23,NYK @ MIA,L,5,1,4,0.25,0,0,,0,0,,1,0,1,0,0,0,0,2,2,4,3.2,1,2015-16
22015,203901,Elfrid Payton,1610612753,ORL,Orlando Magic,0021500203,2015-11-23,ORL @ CLE,L,19,0,7,0.0,0,1,0.0,0,0,,0,2,2,4,1,0,0,1,0,-19,11.4,1,2015-16
22015,203457,Nerlens Noel,1610612755,PHI,Philadelphia 76ers,0021500206,2015-11-23,PHI @ MIN,L,32,2,6,0.333,0,0,,3,3,1.0,0,5,5,0,2,1,3,3,7,-7,19.0,1,2015-16
22015,1626143,Jahlil Okafor,1610612755,PHI,Philadelphia 76ers,0021500206,2015-11-23,PHI @ MIN,L,33,10,15,0.667,0,0,,5,7,0.714,5,7,12,1,0,2,4,3,25,-10,42.9,1,2015-16
22015,201954,Darren Collison,1610612758,SAC,Sacramento Kings,0021500202,2015-11-23,SAC @ CHA,L,29,3,11,0.273,0,3,0.0,1,1,1.0,0,3,3,4,0,0,1,2,7,-10,15.6,1,2015-16
22015,1495,Tim Duncan,1610612759,SAS,San Antonio Spurs,0021500207,2015-11-23,SAS vs. PHX,W,32,2,6,0.333,0,0,,3,4,0.75,3,5,8,1,2,1,2,3,7,20,25.1,1,2015-16
22015,2564,Boris Diaw,1610612759,SAS,San Antonio Spurs,0021500207,2015-11-23,SAS vs. PHX,W,13,0,2,0.0,0,0,,0,0,,1,1,2,0,0,0,2,2,0,-7,0.4,1,2015-16
22015,201988,Patty Mills,1610612759,SAS,San Antonio Spurs,0021500207,2015-11-23,SAS vs. PHX,W,28,4,8,0.5,2,5,0.4,0,0,,0,0,0,1,3,0,2,2,10,8,18.5,1,2015-16
22015,203937,Kyle Anderson,1610612759,SAS,San Antonio Spurs,0021500207,2015-11-23,SAS vs. PHX,W,8,1,3,0.333,0,0,,0,0,,0,0,0,0,2,0,1,0,2,2,7.0,1,2015-16
22015,203497,Rudy Gobert,1610612762,UTA,Utah Jazz,0021500208,2015-11-23,UTA vs. OKC,L,25,4,6,0.667,0,0,,2,2,1.0,4,1,5,0,1,0,5,3,10,-13,14.0,1,2015-16
22015,202704,Reggie Jackson,1610612765,DET,Detroit Pistons,0021500205,2015-11-23,DET @ MIL,L,24,3,11,0.273,0,3,0.0,1,1,1.0,0,1,1,7,1,0,3,1,7,-12,18.7,1,2015-16
22015,203083,Andre Drummond,1610612765,DET,Detroit Pistons,0021500205,2015-11-23,DET @ MIL,L,24,6,14,0.429,0,0,,3,4,0.75,9,6,15,0,1,1,0,2,15,-18,39.0,1,2015-16
22015,203493,Reggie Bullock Jr.,1610612765,DET,Detroit Pistons,0021500205,2015-11-23,DET @ MIL,L,6,0,2,0.0,0,1,0.0,0,0,,0,1,1,0,0,0,0,0,0,2,1.2,1,2015-16
22015,202714,Shelvin Mack,1610612737,ATL,Atlanta Hawks,0021500210,2015-11-24,ATL vs. BOS,W,3,1,2,0.5,0,0,,0,0,,0,1,1,1,0,0,0,0,2,0,4.7,1,2015-16
22015,203200,Justin Holiday,1610612737,ATL,Atlanta Hawks,0021500210,2015-11-24,ATL vs. BOS,W,3,0,0,,0,0,,0,0,,0,0,0,0,0,0,0,0,0,-1,0.0,1,2015-16
22015,203488,Mike Muscala,1610612737,ATL,Atlanta Hawks,0021500210,2015-11-24,ATL vs. BOS,W,15,1,3,0.333,1,3,0.333,0,0,,0,3,3,0,1,2,0,2,3,-10,15.6,1,2015-16
22015,203501,Tim Hardaway Jr.,1610612737,ATL,Atlanta Hawks,0021500210,2015-11-24,ATL vs. BOS,W,12,1,3,0.333,1,2,0.5,0,0,,0,0,0,1,0,0,0,1,3,3,4.5,1,2015-16
22015,203096,Jared Sullinger,1610612738,BOS,Boston Celtics,0021500210,2015-11-24,BOS @ ATL,L,21,2,5,0.4,0,0,,3,7,0.429,2,3,5,2,0,0,0,1,7,-19,16.0,1,2015-16
22015,1626179,Terry Rozier,1610612738,BOS,Boston Celtics,0021500210,2015-11-24,BOS @ ATL,L,3,1,1,1.0,0,0,,0,0,,0,0,0,2,0,0,0,0,2,0,5.0,1,2015-16
22015,2550,Kirk Hinrich,1610612741,CHI,Chicago Bulls,0021500213,2015-11-24,CHI @ POR,W,26,1,4,0.25,0,1,0.0,1,1,1.0,0,1,1,3,0,0,0,4,3,-2,8.7,1,2015-16
22015,101111,Charlie Villanueva,1610612742,DAL,Dallas Mavericks,0021500211,2015-11-24,DAL @ MEM,L,9,1,4,0.25,0,2,0.0,0,0,,0,0,0,0,0,0,0,0,2,-7,2.0,1,2015-16
22015,201581,JJ Hickson,1610612743,DEN,Denver Nuggets,0021500212,2015-11-24,DEN vs. LAC,L,19,4,7,0.571,0,0,,3,4,0.75,1,4,5,0,1,0,1,1,11,-4,19.0,1,2015-16
22015,2571,Leandro Barbosa,1610612744,GSW,Golden State Warriors,0021500214,2015-11-24,GSW vs. LAL,W,17,6,9,0.667,1,3,0.333,0,0,,0,1,1,1,3,0,0,0,13,1,24.7,1,2015-16
22015,2733,Shaun Livingston,1610612744,GSW,Golden State Warriors,0021500214,2015-11-24,GSW vs. LAL,W,15,3,4,0.75,0,0,,0,0,,1,0,1,3,0,0,1,2,6,9,10.7,1,2015-16
22015,101106,Andrew Bogut,1610612744,GSW,Golden State Warriors,0021500214,2015-11-24,GSW vs. LAL,W,21,4,7,0.571,0,0,,0,0,,1,6,7,2,0,2,0,2,8,15,25.4,1,2015-16
22015,201578,Marreese Speights,1610612744,GSW,Golden State Warriors,0021500214,2015-11-24,GSW vs. LAL,W,12,1,5,0.2,0,1,0.0,0,0,,0,2,2,0,0,0,2,2,2,-7,2.4,1,2015-16
22015,201599,DeAndre Jordan,1610612746,LAC,LA Clippers,0021500212,2015-11-24,LAC @ DEN,W,27,3,4,0.75,0,0,,12,25,0.48,3,8,11,3,1,4,0,4,18,18,50.7,1,2015-16
22015,101138,Brandon Bass,1610612747,LAL,Los Angeles Lakers,0021500214,2015-11-24,LAL @ GSW,L,13,3,5,0.6,0,0,,0,0,,1,4,5,0,0,0,0,1,6,-16,12.0,1,2015-16
22015,203944,Julius Randle,1610612747,LAL,Los Angeles Lakers,0021500214,2015-11-24,LAL @ GSW,L,24,3,6,0.5,0,0,,4,4,1.0,0,6,6,0,1,1,0,0,10,-18,23.2,1,2015-16
22015,1626273,Marcelo Huertas,1610612747,LAL,Los Angeles Lakers,0021500214,2015-11-24,LAL @ GSW,L,12,3,5,0.6,1,2,0.5,0,0,,0,1,1,2,0,0,3,1,7,0,8.2,1,2015-16
22015,101133,Ian Mahinmi,1610612754,IND,Indiana Pacers,0021500209,2015-11-24,IND @ WAS,W,22,3,7,0.429,0,0,,1,3,0.333,1,8,9,2,2,0,1,4,7,22,25.8,1,2015-16
22015,203922,Glenn Robinson III,1610612754,IND,Indiana Pacers,0021500209,2015-11-24,IND @ WAS,W,1,0,0,,0,0,,0,0,,0,0,0,0,0,0,0,0,0,2,0.0,1,2015-16
22015,202329,Al-Farouq Aminu,1610612757,POR,Portland Trail Blazers,0021500213,2015-11-24,POR vs. CHI,L,22,1,9,0.111,1,3,0.333,2,2,1.0,2,4,6,1,0,1,2,1,5,-3,14.7,1,2015-16
22015,203486,Mason Plumlee,1610612757,POR,Portland Trail Blazers,0021500213,2015-11-24,POR vs. CHI,L,35,5,13,0.385,0,0,,1,2,0.5,5,12,17,1,0,2,1,5,11,5,37.9,1,2015-16
22015,203210,JaMychal Green,1610612763,MEM,Memphis Grizzlies,0021500211,2015-11-24,MEM vs. DAL,W,17,5,7,0.714,1,1,1.0,2,2,1.0,1,5,6,1,1,0,3,4,13,4,21.7,1,2015-16
22015,203893,Russ Smith,1610612763,MEM,Memphis Grizzlies,0021500211,2015-11-24,MEM vs. DAL,W,1,0,1,0.0,0,0,,0,0,,0,0,0,0,0,0,0,0,0,1,0.0,1,2015-16
22015,201971,DeJuan Blair,1610612764,WAS,Washington Wizards,0021500209,2015-11-24,WAS vs. IND,L,2,0,1,0.0,0,0,,0,0,,0,0,0,0,0,0,0,0,0,-4,0.0,1,2015-16
22015,2594,Kyle Korver,1610612737,ATL,Atlanta Hawks,0021500210,2015-11-24,ATL vs. BOS,W,33,6,10,0.6,3,3,1.0,0,0,,0,7,7,3,0,0,2,2,15,24,25.9,1,2015-16
22015,203118,Mike Scott,1610612737,ATL,Atlanta Hawks,0021500210,2015-11-24,ATL vs. BOS,W,18,6,8,0.75,2,3,0.667,1,1,1.0,0,1,1,1,0,0,3,3,15,14,14.7,1,2015-16
22015,203471,Dennis Schröder,1610612737,ATL,Atlanta Hawks,0021500210,2015-11-24,ATL vs. BOS,W,19,1,7,0.143,0,2,0.0,4,4,1.0,0,4,4,4,0,0,5,0,6,12,11.8,1,2015-16
22015,101135,David Lee,1610612738,BOS,Boston Celtics,0021500210,2015-11-24,BOS @ ATL,L,25,5,9,0.556,0,0,,0,0,,0,6,6,3,2,0,3,4,10,4,24.7,1,2015-16
22015,201149,Joakim Noah,1610612741,CHI,Chicago Bulls,0021500213,2015-11-24,CHI @ POR,W,20,3,6,0.5,0,0,,1,2,0.5,0,6,6,1,0,2,1,3,7,5,20.7,1,2015-16
22015,202703,Nikola Mirotic,1610612741,CHI,Chicago Bulls,0021500213,2015-11-24,CHI @ POR,W,29,4,8,0.5,3,4,0.75,2,4,0.5,2,6,8,3,0,0,4,2,13,3,23.1,1,2015-16
22015,203926,Doug McDermott,1610612741,CHI,Chicago Bulls,0021500213,2015-11-24,CHI @ POR,W,25,2,6,0.333,0,2,0.0,0,0,,0,2,2,1,1,0,1,1,4,4,9.9,1,2015-16
22015,1626147,Justin Anderson,1610612742,DAL,Dallas Mavericks,0021500211,2015-11-24,DAL @ MEM,L,5,1,2,0.5,0,1,0.0,1,2,0.5,0,1,1,0,0,0,1,0,3,-3,3.2,1,2015-16
22015,2749,Jameer Nelson,1610612743,DEN,Denver Nuggets,0021500212,2015-11-24,DEN vs. LAC,L,24,1,5,0.2,0,1,0.0,0,0,,0,1,1,3,0,0,1,1,2,0,6.7,1,2015-16
22015,201568,Danilo Gallinari,1610612743,DEN,Denver Nuggets,0021500212,2015-11-24,DEN vs. LAC,L,37,2,10,0.2,0,5,0.0,16,17,0.941,0,18,18,3,0,0,2,3,20,-11,44.1,1,2015-16
22015,201939,Stephen Curry,1610612744,GSW,Golden State Warriors,0021500214,2015-11-24,GSW vs. LAL,W,30,10,21,0.476,4,12,0.333,0,0,,0,4,4,9,2,0,0,1,24,36,48.3,1,2015-16
22015,2037,Jamal Crawford,1610612746,LAC,LA Clippers,0021500212,2015-11-24,LAC @ DEN,W,24,4,9,0.444,2,5,0.4,5,5,1.0,0,3,3,2,1,0,0,1,15,7,24.6,1,2015-16
22015,101108,Chris Paul,1610612746,LAC,LA Clippers,0021500212,2015-11-24,LAC @ DEN,W,28,6,11,0.545,0,0,,3,4,0.75,0,2,2,10,3,0,0,1,15,21,41.4,1,2015-16
22015,977,Kobe Bryant,1610612747,LAL,Los Angeles Lakers,0021500214,2015-11-24,LAL @ GSW,L,25,1,14,0.071,1,7,0.143,1,2,0.5,0,6,6,2,2,0,3,0,4,-20,17.2,1,2015-16
22015,201156,Nick Young,1610612747,LAL,Los Angeles Lakers,0021500214,2015-11-24,LAL @ GSW,L,23,3,10,0.3,1,6,0.167,0,0,,0,1,1,1,0,0,0,1,7,-14,9.7,1,2015-16
22015,101145,Monta Ellis,1610612754,IND,Indiana Pacers,0021500209,2015-11-24,IND @ WAS,W,35,4,9,0.444,0,1,0.0,2,4,0.5,0,5,5,5,1,0,5,3,10,20,21.5,1,2015-16
22015,201155,Rodney Stuckey,1610612754,IND,Indiana Pacers,0021500209,2015-11-24,IND @ WAS,W,23,2,6,0.333,1,2,0.5,0,0,,0,2,2,3,0,0,3,1,5,-2,8.9,1,2015-16
22015,203524,Solomon Hill,1610612754,IND,Indiana Pacers,0021500209,2015-11-24,IND @ WAS,W,1,0,0,,0,0,,0,0,,0,0,0,0,0,0,0,0,0,2,0.0,1,2015-16
22015,201945,Gerald Henderson,1610612757,POR,Portland Trail Blazers,0021500213,2015-11-24,POR vs. CHI,L,17,2,5,0.4,1,2,0.5,0,2,0.0,0,1,1,0,1,0,3,0,5,-8,6.2,1,2015-16
22015,203468,CJ McCollum,1610612757,POR,Portland Trail Blazers,0021500213,2015-11-24,POR vs. CHI,L,36,7,17,0.412,2,6,0.333,2,2,1.0,0,2,2,4,0,1,0,2,18,1,29.4,1,2015-16
22015,201145,Jeff Green,1610612763,MEM,Memphis Grizzlies,0021500211,2015-11-24,MEM vs. DAL,W,35,8,14,0.571,1,1,1.0,2,2,1.0,1,6,7,3,0,2,1,3,19,14,36.9,1,2015-16
22015,201584,Courtney Lee,1610612763,MEM,Memphis Grizzlies,0021500211,2015-11-24,MEM vs. DAL,W,18,0,5,0.0,0,1,0.0,0,0,,0,2,2,0,0,0,0,1,0,-2,2.4,1,2015-16
22015,203516,James Ennis III,1610612763,MEM,Memphis Grizzlies,0021500211,2015-11-24,MEM vs. DAL,W,2,0,0,,0,0,,0,0,,0,0,0,0,1,0,0,0,0,-1,3.0,1,2015-16
22015,2403,Nene,1610612764,WAS,Washington Wizards,0021500209,2015-11-24,WAS vs. IND,L,23,3,3,1.0,0,0,,5,8,0.625,0,7,7,4,0,0,0,1,11,2,25.4,1,2015-16
22015,2743,Kris Humphries,1610612764,WAS,Washington Wizards,0021500209,2015-11-24,WAS vs. IND,L,9,0,1,0.0,0,1,0.0,0,0,,1,0,1,0,0,0,1,0,0,-5,0.2,1,2015-16
22015,101162,Marcin Gortat,1610612764,WAS,Washington Wizards,0021500209,2015-11-24,WAS vs. IND,L,24,4,10,0.4,0,0,,2,4,0.5,5,4,9,5,2,1,2,2,10,-15,35.3,1,2015-16
22015,201196,Ramon Sessions,1610612764,WAS,Washington Wizards,0021500209,2015-11-24,WAS vs. IND,L,17,4,5,0.8,1,1,1.0,1,2,0.5,0,1,1,3,2,0,3,2,10,7,18.7,1,2015-16
22015,203078,Bradley Beal,1610612764,WAS,Washington Wizards,0021500209,2015-11-24,WAS vs. IND,L,35,9,22,0.409,2,8,0.25,0,1,0.0,0,4,4,3,2,0,1,0,20,-19,34.3,1,2015-16
22015,201143,Al Horford,1610612737,ATL,Atlanta Hawks,0021500210,2015-11-24,ATL vs. BOS,W,27,5,10,0.5,1,3,0.333,0,0,,1,3,4,4,0,1,2,2,11,25,22.8,1,2015-16
22015,204002,Edy Tavares,1610612737,ATL,Atlanta Hawks,0021500210,2015-11-24,ATL vs. BOS,W,3,0,0,,0,0,,0,0,,0,1,1,1,0,0,1,0,0,-1,1.7,1,2015-16
22015,202738,Isaiah Thomas,1610612738,BOS,Boston Celtics,0021500210,2015-11-24,BOS @ ATL,L,27,3,11,0.273,2,5,0.4,6,6,1.0,0,0,0,2,3,0,5,4,14,-17,21.0,1,2015-16
22015,203482,Kelly Olynyk,1610612738,BOS,Boston Celtics,0021500210,2015-11-24,BOS @ ATL,L,16,1,3,0.333,0,1,0.0,0,0,,0,2,2,0,2,0,1,2,2,-12,9.4,1,2015-16
22015,203923,James Young,1610612738,BOS,Boston Celtics,0021500210,2015-11-24,BOS @ ATL,L,3,1,1,1.0,1,1,1.0,0,0,,0,0,0,0,1,0,0,0,3,0,6.0,1,2015-16
22015,203503,Tony Snell,1610612741,CHI,Chicago Bulls,0021500213,2015-11-24,CHI @ POR,W,14,1,6,0.167,1,5,0.2,2,2,1.0,0,0,0,0,0,0,0,1,5,2,5.0,1,2015-16
22015,202083,Wesley Matthews,1610612742,DAL,Dallas Mavericks,0021500211,2015-11-24,DAL @ MEM,L,33,3,8,0.375,3,7,0.429,2,2,1.0,0,4,4,4,0,0,0,4,11,0,21.8,1,2015-16
22015,202379,Jeremy Evans,1610612742,DAL,Dallas Mavericks,0021500211,2015-11-24,DAL @ MEM,L,4,1,1,1.0,1,1,1.0,0,0,,0,2,2,0,0,1,0,1,3,-3,8.4,1,2015-16
22015,203123,Kostas Papanikolaou,1610612743,DEN,Denver Nuggets,0021500212,2015-11-24,DEN vs. LAC,L,2,0,0,,0,0,,0,0,,0,0,0,0,0,0,1,0,0,1,-1.0,1,2015-16
22015,203914,Gary Harris,1610612743,DEN,Denver Nuggets,0021500212,2015-11-24,DEN vs. LAC,L,35,5,11,0.455,3,6,0.5,1,1,1.0,1,2,3,1,0,0,1,5,14,-11,18.1,1,2015-16
22015,201574,Jason Thompson,1610612744,GSW,Golden State Warriors,0021500214,2015-11-24,GSW vs. LAL,W,12,1,4,0.25,0,0,,1,2,0.5,2,0,2,3,0,1,0,2,3,0,12.9,1,2015-16
22015,201575,Brandon Rush,1610612744,GSW,Golden State Warriors,0021500214,2015-11-24,GSW vs. LAL,W,8,1,2,0.5,1,2,0.5,0,0,,0,1,1,0,0,0,1,0,3,-4,3.2,1,2015-16
22015,202691,Klay Thompson,1610612744,GSW,Golden State Warriors,0021500214,2015-11-24,GSW vs. LAL,W,28,3,12,0.25,2,6,0.333,3,4,0.75,0,3,3,2,0,1,1,0,11,27,19.6,1,2015-16
22015,200755,JJ Redick,1610612746,LAC,LA Clippers,0021500212,2015-11-24,LAC @ DEN,W,28,6,10,0.6,2,2,1.0,2,3,0.667,0,2,2,2,0,0,1,2,16,21,20.4,1,2015-16
22015,201601,Luc Mbah a Moute,1610612746,LAC,LA Clippers,0021500212,2015-11-24,LAC @ DEN,W,2,0,0,,0,0,,0,0,,0,1,1,0,0,1,0,0,0,-1,4.2,1,2015-16
22015,1897,Metta World Peace,1610612747,LAL,Los Angeles Lakers,0021500214,2015-11-24,LAL @ GSW,L,9,0,1,0.0,0,0,,0,0,,1,1,2,3,1,0,1,0,0,4,8.9,1,2015-16
22015,203903,Jordan Clarkson,1610612747,LAL,Los Angeles Lakers,0021500214,2015-11-24,LAL @ GSW,L,27,2,11,0.182,0,3,0.0,0,0,,2,0,2,2,0,0,2,1,4,-25,7.4,1,2015-16
22015,204028,Tarik Black,1610612747,LAL,Los Angeles Lakers,0021500214,2015-11-24,LAL @ GSW,L,12,3,6,0.5,0,0,,0,0,,0,6,6,0,0,0,0,3,6,0,13.2,1,2015-16
22015,1626156,D'Angelo Russell,1610612747,LAL,Los Angeles Lakers,0021500214,2015-11-24,LAL @ GSW,L,26,4,9,0.444,0,3,0.0,0,0,,0,5,5,2,2,0,1,1,8,-19,22.0,1,2015-16
22015,1626204,Larry Nance Jr.,1610612747,LAL,Los Angeles Lakers,0021500214,2015-11-24,LAL @ GSW,L,18,4,7,0.571,0,0,,2,2,1.0,2,0,2,2,0,0,0,1,10,-21,15.4,1,2015-16
22015,101139,CJ Miles,1610612754,IND,Indiana Pacers,0021500209,2015-11-24,IND @ WAS,W,33,10,16,0.625,8,9,0.889,4,4,1.0,0,3,3,3,1,0,2,1,32,27,41.1,1,2015-16
22015,202331,Paul George,1610612754,IND,Indiana Pacers,0021500209,2015-11-24,IND @ WAS,W,37,14,19,0.737,7,8,0.875,5,6,0.833,1,7,8,4,2,0,4,1,40,24,57.6,1,2015-16
22015,202730,Lavoy Allen,1610612754,IND,Indiana Pacers,0021500209,2015-11-24,IND @ WAS,W,15,2,6,0.333,0,0,,0,0,,2,1,3,0,0,0,3,2,4,-10,4.6,1,2015-16
22015,202334,Ed Davis,1610612757,POR,Portland Trail Blazers,0021500213,2015-11-24,POR vs. CHI,L,35,5,8,0.625,0,0,,2,4,0.5,5,8,13,2,3,2,4,4,12,3,41.6,1,2015-16
22015,203943,Noah Vonleh,1610612757,POR,Portland Trail Blazers,0021500213,2015-11-24,POR vs. CHI,L,12,3,7,0.429,1,2,0.5,0,0,,2,1,3,0,0,1,0,3,7,-4,13.6,1,2015-16
22015,1713,Vince Carter,1610612763,MEM,Memphis Grizzlies,0021500211,2015-11-24,MEM vs. DAL,W,11,1,4,0.25,0,2,0.0,1,2,0.5,0,2,2,0,0,0,0,3,3,5,5.4,1,2015-16
22015,2754,Tony Allen,1610612763,MEM,Memphis Grizzlies,0021500211,2015-11-24,MEM vs. DAL,W,31,2,5,0.4,1,2,0.5,6,8,0.75,0,4,4,1,2,0,1,1,11,6,22.3,1,2015-16
22015,203490,Otto Porter Jr.,1610612764,WAS,Washington Wizards,0021500209,2015-11-24,WAS vs. IND,L,25,2,8,0.25,1,4,0.25,2,2,1.0,2,1,3,3,2,0,0,4,7,-15,21.1,1,2015-16
22015,1626162,Kelly Oubre Jr.,1610612764,WAS,Washington Wizards,0021500209,2015-11-24,WAS vs. IND,L,2,0,1,0.0,0,1,0.0,0,0,,0,0,0,0,0,0,0,0,0,-4,0.0,1,2015-16
22015,200757,Thabo Sefolosha,1610612737,ATL,Atlanta Hawks,0021500210,2015-11-24,ATL vs. BOS,W,26,7,8,0.875,0,0,,1,1,1.0,1,6,7,3,3,3,1,3,15,17,44.9,1,2015-16
22015,200794,Paul Millsap,1610612737,ATL,Atlanta Hawks,0021500210,2015-11-24,ATL vs. BOS,W,32,10,14,0.714,0,1,0.0,5,5,1.0,4,5,9,3,1,1,2,3,25,20,44.3,1,2015-16
22015,101161,Amir Johnson,1610612738,BOS,Boston Celtics,0021500210,2015-11-24,BOS @ ATL,L,22,1,4,0.25,0,0,,2,2,1.0,5,2,7,1,0,1,2,0,4,-13,14.9,1,2015-16
22015,202323,Evan Turner,1610612738,BOS,Boston Celtics,0021500210,2015-11-24,BOS @ ATL,L,26,2,8,0.25,0,0,,4,5,0.8,1,3,4,7,0,0,2,1,8,-10,21.3,1,2015-16
22015,203109,Jae Crowder,1610612738,BOS,Boston Celtics,0021500210,2015-11-24,BOS @ ATL,L,26,3,11,0.273,0,3,0.0,0,0,,1,2,3,2,0,0,0,2,6,-20,12.6,1,2015-16
22015,1626154,RJ Hunter,1610612738,BOS,Boston Celtics,0021500210,2015-11-24,BOS @ ATL,L,21,5,6,0.833,2,3,0.667,0,0,,1,1,2,2,2,0,1,2,12,-6,22.4,1,2015-16
22015,201565,Derrick Rose,1610612741,CHI,Chicago Bulls,0021500213,2015-11-24,CHI @ POR,W,35,7,20,0.35,1,3,0.333,2,2,1.0,0,4,4,6,0,0,2,3,17,11,28.8,1,2015-16
22015,202710,Jimmy Butler III,1610612741,CHI,Chicago Bulls,0021500213,2015-11-24,CHI @ POR,W,36,6,13,0.462,2,3,0.667,8,8,1.0,1,1,2,4,4,0,2,1,22,8,40.4,1,2015-16
22015,101109,Raymond Felton,1610612742,DAL,Dallas Mavericks,0021500211,2015-11-24,DAL @ MEM,L,23,5,8,0.625,4,4,1.0,2,2,1.0,0,4,4,2,1,0,3,4,16,-8,23.8,1,2015-16
22015,101114,Deron Williams,1610612742,DAL,Dallas Mavericks,0021500211,2015-11-24,DAL @ MEM,L,34,3,8,0.375,1,4,0.25,3,4,0.75,0,2,2,3,0,1,5,5,10,-18,14.9,1,2015-16
22015,203999,Nikola Jokić,1610612743,DEN,Denver Nuggets,0021500212,2015-11-24,DEN vs. LAC,L,24,7,13,0.538,0,1,0.0,2,3,0.667,1,5,6,2,0,0,1,5,16,-4,25.2,1,2015-16
22015,1626144,Emmanuel Mudiay,1610612743,DEN,Denver Nuggets,0021500212,2015-11-24,DEN vs. LAC,L,24,3,8,0.375,1,3,0.333,0,0,,1,2,3,4,1,0,3,4,7,-17,16.6,1,2015-16
22015,203546,Ian Clark,1610612744,GSW,Golden State Warriors,0021500214,2015-11-24,GSW vs. LAL,W,6,0,3,0.0,0,1,0.0,0,0,,1,1,2,1,2,0,0,0,0,-5,9.9,1,2015-16
22015,1718,Paul Pierce,1610612746,LAC,LA Clippers,0021500212,2015-11-24,LAC @ DEN,W,18,2,5,0.4,0,3,0.0,0,0,,0,1,1,0,1,0,1,2,4,1,7.2,1,2015-16
22015,201933,Blake Griffin,1610612746,LAC,LA Clippers,0021500212,2015-11-24,LAC @ DEN,W,33,7,20,0.35,1,1,1.0,3,4,0.75,4,6,10,4,1,1,1,2,18,12,41.0,1,2015-16
22015,203085,Austin Rivers,1610612746,LAC,LA Clippers,0021500212,2015-11-24,LAC @ DEN,W,20,1,6,0.167,0,3,0.0,0,0,,0,3,3,0,1,0,0,4,2,-4,8.6,1,2015-16
22015,201588,George Hill,1610612754,IND,Indiana Pacers,0021500209,2015-11-24,IND @ WAS,W,32,5,11,0.455,2,5,0.4,2,2,1.0,2,2,4,5,1,0,2,1,14,5,27.3,1,2015-16
22015,201941,Jordan Hill,1610612754,IND,Indiana Pacers,0021500209,2015-11-24,IND @ WAS,W,25,2,4,0.5,0,0,,2,4,0.5,0,5,5,1,3,0,0,4,6,-7,22.5,1,2015-16
22015,201978,Chase Budinger,1610612754,IND,Indiana Pacers,0021500209,2015-11-24,IND @ WAS,W,15,2,2,1.0,1,1,1.0,0,0,,1,0,1,1,1,0,0,1,5,0,10.7,1,2015-16
22015,1626202,Joe Young,1610612754,IND,Indiana Pacers,0021500209,2015-11-24,IND @ WAS,W,1,0,0,,0,0,,0,0,,0,1,1,1,0,0,0,0,0,2,2.7,1,2015-16
22015,203081,Damian Lillard,1610612757,POR,Portland Trail Blazers,0021500213,2015-11-24,POR vs. CHI,L,40,4,22,0.182,0,6,0.0,11,13,0.846,1,9,10,8,0,1,2,4,19,-3,44.0,1,2015-16
22015,201144,Mike Conley,1610612763,MEM,Memphis Grizzlies,0021500211,2015-11-24,MEM vs. DAL,W,30,8,17,0.471,1,4,0.25,4,4,1.0,2,1,3,6,1,0,0,3,21,14,36.6,1,2015-16
22015,201952,Jeff Teague,1610612737,ATL,Atlanta Hawks,0021500210,2015-11-24,ATL vs. BOS,W,26,4,10,0.4,1,2,0.5,7,9,0.778,0,0,0,9,2,0,3,5,16,13,32.5,1,2015-16
22015,203092,Tyler Zeller,1610612738,BOS,Boston Celtics,0021500210,2015-11-24,BOS @ ATL,L,5,0,0,,0,0,,2,2,1.0,0,0,0,0,0,0,0,0,2,-3,2.0,1,2015-16
22015,2200,Pau Gasol,1610612741,CHI,Chicago Bulls,0021500213,2015-11-24,CHI @ POR,W,29,5,15,0.333,0,0,,2,2,1.0,2,12,14,0,0,1,0,1,12,0,31.8,1,2015-16
22015,201959,Taj Gibson,1610612741,CHI,Chicago Bulls,0021500213,2015-11-24,CHI @ POR,W,17,4,7,0.571,0,0,,2,2,1.0,1,6,7,1,1,0,0,2,10,-1,22.9,1,2015-16
22015,202734,E'Twaun Moore,1610612741,CHI,Chicago Bulls,0021500213,2015-11-24,CHI @ POR,W,9,0,1,0.0,0,0,,0,0,,0,0,0,0,0,0,0,0,0,-5,0.0,1,2015-16
22015,2585,Zaza Pachulia,1610612742,DAL,Dallas Mavericks,0021500211,2015-11-24,DAL @ MEM,L,28,2,6,0.333,0,1,0.0,9,10,0.9,2,8,10,3,1,0,3,3,13,-10,29.5,1,2015-16
22015,202718,Chandler Parsons,1610612742,DAL,Dallas Mavericks,0021500211,2015-11-24,DAL @ MEM,L,25,3,9,0.333,0,4,0.0,0,0,,0,5,5,2,0,1,1,2,6,-11,17.0,1,2015-16
22015,203939,Dwight Powell,1610612742,DAL,Dallas Mavericks,0021500211,2015-11-24,DAL @ MEM,L,21,1,6,0.167,0,1,0.0,0,0,,2,6,8,3,0,2,2,0,2,-4,20.1,1,2015-16
22015,2034,Mike Miller,1610612743,DEN,Denver Nuggets,0021500212,2015-11-24,DEN vs. LAC,L,13,3,4,0.75,3,4,0.75,0,0,,0,1,1,0,1,0,0,3,9,-9,13.2,1,2015-16
22015,200751,Randy Foye,1610612743,DEN,Denver Nuggets,0021500212,2015-11-24,DEN vs. LAC,L,13,1,4,0.25,1,3,0.333,0,0,,2,1,3,2,0,0,1,2,3,-6,8.6,1,2015-16
22015,201589,Darrell Arthur,1610612743,DEN,Denver Nuggets,0021500212,2015-11-24,DEN vs. LAC,L,30,5,10,0.5,0,0,,1,2,0.5,1,4,5,1,0,0,3,5,11,-10,15.5,1,2015-16
22015,203115,Will Barton,1610612743,DEN,Denver Nuggets,0021500212,2015-11-24,DEN vs. LAC,L,20,0,6,0.0,0,2,0.0,1,2,0.5,1,2,3,0,0,0,2,3,1,-14,2.6,1,2015-16
22015,2738,Andre Iguodala,1610612744,GSW,Golden State Warriors,0021500214,2015-11-24,GSW vs. LAL,W,22,3,4,0.75,0,1,0.0,0,0,,1,8,9,4,1,0,0,0,6,25,25.8,1,2015-16
22015,203105,Festus Ezeli,1610612744,GSW,Golden State Warriors,0021500214,2015-11-24,GSW vs. LAL,W,16,4,5,0.8,0,0,,1,5,0.2,2,5,7,1,0,0,0,3,9,18,18.9,1,2015-16
22015,2746,Josh Smith,1610612746,LAC,LA Clippers,0021500212,2015-11-24,LAC @ DEN,W,18,3,7,0.429,0,2,0.0,2,4,0.5,3,3,6,2,1,1,3,2,8,-2,21.2,1,2015-16
22015,202325,Wesley Johnson,1610612746,LAC,LA Clippers,0021500212,2015-11-24,LAC @ DEN,W,25,4,6,0.667,3,4,0.75,0,0,,0,2,2,1,0,1,0,5,11,8,17.9,1,2015-16
22015,202332,Cole Aldrich,1610612746,LAC,LA Clippers,0021500212,2015-11-24,LAC @ DEN,W,2,0,0,,0,0,,0,0,,0,0,0,0,0,0,0,1,0,-1,0.0,1,2015-16
22015,202362,Lance Stephenson,1610612746,LAC,LA Clippers,0021500212,2015-11-24,LAC @ DEN,W,15,1,1,1.0,0,0,,2,2,1.0,1,1,2,0,1,0,1,1,4,5,8.4,1,2015-16
22015,101150,Lou Williams,1610612747,LAL,Los Angeles Lakers,0021500214,2015-11-24,LAL @ GSW,L,23,4,5,0.8,0,0,,2,4,0.5,0,1,1,0,0,0,2,4,10,-28,9.2,1,2015-16
22015,201579,Roy Hibbert,1610612747,LAL,Los Angeles Lakers,0021500214,2015-11-24,LAL @ GSW,L,23,0,3,0.0,0,0,,2,2,1.0,2,4,6,1,1,1,1,2,2,-18,15.7,1,2015-16
22015,203527,Ryan Kelly,1610612747,LAL,Los Angeles Lakers,0021500214,2015-11-24,LAL @ GSW,L,6,1,1,1.0,0,0,,1,2,0.5,0,2,2,1,1,0,1,0,3,5,8.9,1,2015-16
22015,203090,Maurice Harkless,1610612757,POR,Portland Trail Blazers,0021500213,2015-11-24,POR vs. CHI,L,12,1,2,0.5,0,1,0.0,0,0,,1,0,1,1,0,1,1,0,2,-11,6.7,1,2015-16
22015,201188,Marc Gasol,1610612763,MEM,Memphis Grizzlies,0021500211,2015-11-24,MEM vs. DAL,W,36,4,12,0.333,0,0,,7,7,1.0,0,10,10,4,0,2,1,4,15,11,38.0,1,2015-16
22015,201596,Mario Chalmers,1610612763,MEM,Memphis Grizzlies,0021500211,2015-11-24,MEM vs. DAL,W,21,4,7,0.571,0,1,0.0,6,10,0.6,0,1,1,2,5,0,1,2,14,2,32.2,1,2015-16
22015,201162,Jared Dudley,1610612764,WAS,Washington Wizards,0021500209,2015-11-24,WAS vs. IND,L,27,2,4,0.5,1,3,0.333,0,0,,0,2,2,2,0,0,1,2,5,2,9.4,1,2015-16
22015,202066,Garrett Temple,1610612764,WAS,Washington Wizards,0021500209,2015-11-24,WAS vs. IND,L,18,1,5,0.2,0,3,0.0,0,0,,1,5,6,2,0,0,2,3,2,0,10.2,1,2015-16
22015,202322,John Wall,1610612764,WAS,Washington Wizards,0021500209,2015-11-24,WAS vs. IND,L,31,5,9,0.556,3,4,0.75,5,5,1.0,0,4,4,5,0,0,8,3,18,-24,22.3,1,2015-16
22015,202390,Gary Neal,1610612764,WAS,Washington Wizards,0021500209,2015-11-24,WAS vs. IND,L,29,8,14,0.571,5,8,0.625,2,2,1.0,1,2,3,0,1,0,3,1,23,-10,26.6,1,2015-16
22015,203934,Lamar Patterson,1610612737,ATL,Atlanta Hawks,0021500210,2015-11-24,ATL vs. BOS,W,23,3,5,0.6,3,5,0.6,1,2,0.5,0,6,6,3,1,0,1,4,10,4,23.7,1,2015-16
22015,201973,Jonas Jerebko,1610612738,BOS,Boston Celtics,0021500210,2015-11-24,BOS @ ATL,L,15,0,6,0.0,0,0,,2,2,1.0,0,3,3,0,1,0,0,1,2,-5,8.6,1,2015-16
22015,202340,Avery Bradley,1610612738,BOS,Boston Celtics,0021500210,2015-11-24,BOS @ ATL,L,30,10,17,0.588,4,8,0.5,1,2,0.5,0,1,1,2,3,1,2,2,25,-19,39.2,1,2015-16
22015,1717,Dirk Nowitzki,1610612742,DAL,Dallas Mavericks,0021500211,2015-11-24,DAL @ MEM,L,29,5,15,0.333,2,5,0.4,2,2,1.0,0,10,10,0,1,1,0,2,14,-2,32.0,1,2015-16
22015,200826,J.J. Barea,1610612742,DAL,Dallas Mavericks,0021500211,2015-11-24,DAL @ MEM,L,27,5,10,0.5,0,4,0.0,6,6,1.0,0,2,2,4,0,0,3,4,16,-5,21.4,1,2015-16
22015,203098,John Jenkins,1610612742,DAL,Dallas Mavericks,0021500211,2015-11-24,DAL @ MEM,L,2,0,0,,0,0,,0,0,,0,0,0,1,1,0,1,0,0,1,3.5,1,2015-16
22015,203084,Harrison Barnes,1610612744,GSW,Golden State Warriors,0021500214,2015-11-24,GSW vs. LAL,W,23,2,5,0.4,2,4,0.5,2,2,1.0,2,0,2,1,0,0,1,1,8,19,10.9,1,2015-16
22015,203110,Draymond Green,1610612744,GSW,Golden State Warriors,0021500214,2015-11-24,GSW vs. LAL,W,30,7,11,0.636,2,5,0.4,2,2,1.0,2,5,7,5,1,2,2,0,18,36,40.9,1,2015-16
22015,203459,Allen Crabbe,1610612757,POR,Portland Trail Blazers,0021500213,2015-11-24,POR vs. CHI,L,31,3,5,0.6,1,2,0.5,2,2,1.0,0,2,2,1,1,0,1,2,9,-5,14.9,1,2015-16
22015,2440,Matt Barnes,1610612763,MEM,Memphis Grizzlies,0021500211,2015-11-24,MEM vs. DAL,W,38,5,14,0.357,3,9,0.333,1,2,0.5,1,6,7,3,2,0,2,3,14,16,30.9,1,2015-16
22015,2594,Kyle Korver,1610612737,ATL,Atlanta Hawks,0021500222,2015-11-25,ATL @ MIN,L,36,3,6,0.5,3,4,0.75,2,2,1.0,0,9,9,1,2,0,2,3,11,8,27.3,1,2015-16
22015,201973,Jonas Jerebko,1610612738,BOS,Boston Celtics,0021500217,2015-11-25,BOS vs. PHI,W,8,0,1,0.0,0,0,,0,0,,0,1,1,0,0,0,0,1,0,-9,1.2,1,2015-16
22015,2760,Anderson Varejao,1610612739,CLE,Cleveland Cavaliers,0021500219,2015-11-25,CLE @ TOR,L,8,0,1,0.0,0,0,,0,0,,0,0,0,0,0,0,0,1,0,-8,0.0,1,2015-16
22015,201950,Jrue Holiday,1610612740,NOP,New Orleans Pelicans,0021500225,2015-11-25,NOP @ PHX,W,25,6,15,0.4,1,4,0.25,6,6,1.0,0,2,2,5,0,1,2,4,19,8,29.9,1,2015-16
22015,201967,Dante Cunningham,1610612740,NOP,New Orleans Pelicans,0021500225,2015-11-25,NOP @ PHX,W,28,2,6,0.333,1,2,0.5,0,2,0.0,0,7,7,0,0,1,1,2,5,4,15.4,1,2015-16
22015,202087,Alonzo Gee,1610612740,NOP,New Orleans Pelicans,0021500225,2015-11-25,NOP @ PHX,W,16,0,3,0.0,0,0,,0,0,,0,1,1,0,1,1,2,4,0,-3,5.2,1,2015-16
22015,2734,Devin Harris,1610612742,DAL,Dallas Mavericks,0021500224,2015-11-25,DAL @ SAS,L,16,4,5,0.8,1,2,0.5,2,3,0.667,1,2,3,0,0,0,2,6,11,0,12.6,1,2015-16
22015,101111,Charlie Villanueva,1610612742,DAL,Dallas Mavericks,0021500224,2015-11-25,DAL @ SAS,L,12,3,7,0.429,0,3,0.0,0,0,,1,4,5,0,0,0,1,2,6,-2,11.0,1,2015-16
22015,201580,JaVale McGee,1610612742,DAL,Dallas Mavericks,0021500224,2015-11-25,DAL @ SAS,L,16,4,8,0.5,0,0,,1,2,0.5,3,3,6,0,0,0,1,1,9,6,15.2,1,2015-16
22015,201951,Ty Lawson,1610612745,HOU,Houston Rockets,0021500220,2015-11-25,HOU vs. MEM,L,3,0,0,,0,0,,0,0,,0,0,0,0,0,0,0,0,0,-6,0.0,1,2015-16
22015,203093,Terrence Jones,1610612745,HOU,Houston Rockets,0021500220,2015-11-25,HOU vs. MEM,L,19,1,5,0.2,1,2,0.5,0,0,,0,4,4,1,0,1,3,0,3,-10,9.3,1,2015-16
22015,203085,Austin Rivers,1610612746,LAC,LA Clippers,0021500226,2015-11-25,LAC vs. UTA,L,26,1,3,0.333,0,0,,1,2,0.5,1,2,3,3,2,0,1,0,3,-1,16.1,1,2015-16
22015,2548,Dwyane Wade,1610612748,MIA,Miami Heat,0021500218,2015-11-25,MIA @ DET,L,23,1,9,0.111,0,0,,0,1,0.0,0,2,2,2,1,2,2,0,2,-26,14.4,1,2015-16
22015,1626196,Josh Richardson,1610612748,MIA,Miami Heat,0021500218,2015-11-25,MIA @ DET,L,6,0,1,0.0,0,0,,0,0,,0,1,1,1,0,0,0,0,0,5,2.7,1,2015-16
22015,203089,John Henson,1610612749,MIL,Milwaukee Bucks,0021500221,2015-11-25,MIL vs. SAC,L,19,6,8,0.75,0,0,,3,5,0.6,6,5,11,0,0,1,1,1,15,-5,30.2,1,2015-16
22015,203940,Adreian Payne,1610612750,MIN,Minnesota Timberwolves,0021500222,2015-11-25,MIN vs. ATL,W,16,2,3,0.667,2,3,0.667,2,2,1.0,0,4,4,1,1,0,0,5,8,3,17.3,1,2015-16
22015,200745,Andrea Bargnani,1610612751,BKN,Brooklyn Nets,0021500223,2015-11-25,BKN @ OKC,L,16,6,12,0.5,0,1,0.0,1,1,1.0,0,2,2,0,0,1,0,2,13,-6,18.4,1,2015-16
22015,2756,Sasha Vujacic,1610612752,NYK,New York Knicks,0021500216,2015-11-25,NYK @ ORL,L,14,0,3,0.0,0,3,0.0,2,2,1.0,0,1,1,0,0,1,1,4,2,-3,5.2,1,2015-16
22015,101181,Jose Calderon,1610612752,NYK,New York Knicks,0021500216,2015-11-25,NYK @ ORL,L,35,8,14,0.571,4,8,0.5,3,4,0.75,0,3,3,4,1,0,1,1,23,0,34.6,1,2015-16
22015,204038,Langston Galloway,1610612752,NYK,New York Knicks,0021500216,2015-11-25,NYK @ ORL,L,16,0,5,0.0,0,2,0.0,0,0,,0,1,1,1,0,0,1,5,0,-10,1.7,1,2015-16
22015,201160,Jason Smith,1610612753,ORL,Orlando Magic,0021500216,2015-11-25,ORL vs. NYK,W,15,3,3,1.0,0,0,,2,2,1.0,0,3,3,0,1,1,1,3,8,10,16.6,1,2015-16
22015,202696,Nikola Vučević,1610612753,ORL,Orlando Magic,0021500216,2015-11-25,ORL vs. NYK,W,32,10,19,0.526,0,0,,2,2,1.0,8,4,12,2,1,2,2,4,22,1,46.4,1,2015-16
22015,203095,Evan Fournier,1610612753,ORL,Orlando Magic,0021500216,2015-11-25,ORL vs. NYK,W,21,1,9,0.111,1,3,0.333,0,0,,1,1,2,0,0,0,0,2,3,-3,5.4,1,2015-16
22015,203894,Shabazz Napier,1610612753,ORL,Orlando Magic,0021500216,2015-11-25,ORL vs. NYK,W,12,1,4,0.25,0,1,0.0,0,0,,1,0,1,0,0,0,1,1,2,8,2.2,1,2015-16
22015,203932,Aaron Gordon,1610612753,ORL,Orlando Magic,0021500216,2015-11-25,ORL vs. NYK,W,17,0,4,0.0,0,0,,2,4,0.5,3,2,5,2,0,2,0,3,2,4,17.0,1,2015-16
22015,200782,P.J. Tucker,1610612756,PHX,Phoenix Suns,0021500225,2015-11-25,PHX vs. NOP,L,25,2,5,0.4,0,0,,0,0,,1,4,5,1,1,0,2,4,4,-7,12.5,1,2015-16
22015,202339,Eric Bledsoe,1610612756,PHX,Phoenix Suns,0021500225,2015-11-25,PHX vs. NOP,L,37,5,16,0.313,1,2,0.5,7,7,1.0,1,1,2,7,0,2,4,3,18,-13,32.9,1,2015-16
22015,203933,T.J. Warren,1610612756,PHX,Phoenix Suns,0021500225,2015-11-25,PHX vs. NOP,L,27,8,13,0.615,0,0,,2,2,1.0,1,0,1,0,0,0,0,4,18,4,19.2,1,2015-16
22015,200752,Rudy Gay,1610612758,SAC,Sacramento Kings,0021500221,2015-11-25,SAC @ MIL,W,36,13,21,0.619,2,5,0.4,8,9,0.889,1,4,5,2,1,1,0,4,36,13,51.0,1,2015-16
22015,201585,Kosta Koufos,1610612758,SAC,Sacramento Kings,0021500221,2015-11-25,SAC @ MIL,W,35,5,8,0.625,0,0,,4,4,1.0,3,6,9,0,1,2,0,2,14,10,33.8,1,2015-16
22015,2564,Boris Diaw,1610612759,SAS,San Antonio Spurs,0021500224,2015-11-25,SAS vs. DAL,W,10,0,1,0.0,0,1,0.0,0,0,,2,1,3,1,0,0,0,1,0,-5,5.1,1,2015-16
22015,201980,Danny Green,1610612759,SAS,San Antonio Spurs,0021500224,2015-11-25,SAS vs. DAL,W,26,2,9,0.222,2,7,0.286,0,0,,0,6,6,1,1,1,1,1,6,1,19.7,1,2015-16
22015,203937,Kyle Anderson,1610612759,SAS,San Antonio Spurs,0021500224,2015-11-25,SAS vs. DAL,W,2,0,0,,0,0,,0,0,,0,0,0,0,0,0,1,1,0,2,-1.0,1,2015-16
22015,201571,D.J. Augustin,1610612760,OKC,Oklahoma City Thunder,0021500223,2015-11-25,OKC vs. BKN,W,13,1,3,0.333,1,1,1.0,0,0,,0,0,0,1,0,0,0,2,3,-5,4.5,1,2015-16
22015,201627,Anthony Morrow,1610612760,OKC,Oklahoma City Thunder,0021500223,2015-11-25,OKC vs. BKN,W,24,2,5,0.4,2,4,0.5,0,0,,0,1,1,1,1,0,2,0,6,7,9.7,1,2015-16
22015,203500,Steven Adams,1610612760,OKC,Oklahoma City Thunder,0021500223,2015-11-25,OKC vs. BKN,W,22,2,4,0.5,0,0,,0,1,0.0,0,4,4,1,1,2,0,3,4,-6,19.3,1,2015-16
22015,201942,DeMar DeRozan,1610612761,TOR,Toronto Raptors,0021500219,2015-11-25,TOR vs. CLE,W,40,7,16,0.438,1,1,1.0,5,7,0.714,0,3,3,4,1,1,1,2,20,-2,34.6,1,2015-16
22015,202330,Gordon Hayward,1610612762,UTA,Utah Jazz,0021500226,2015-11-25,UTA @ LAC,W,40,11,22,0.5,5,7,0.714,6,8,0.75,1,6,7,2,3,0,4,2,33,22,49.4,1,2015-16
22015,203497,Rudy Gobert,1610612762,UTA,Utah Jazz,0021500226,2015-11-25,UTA @ LAC,W,38,4,4,1.0,0,0,,2,4,0.5,5,6,11,1,2,2,4,2,10,8,32.7,1,2015-16
22015,201188,Marc Gasol,1610612763,MEM,Memphis Grizzlies,0021500220,2015-11-25,MEM @ HOU,W,39,5,12,0.417,0,0,,1,2,0.5,1,6,7,2,1,1,6,2,11,16,22.4,1,2015-16
22015,201202,Joel Anthony,1610612765,DET,Detroit Pistons,0021500218,2015-11-25,DET vs. MIA,W,3,1,2,0.5,0,0,,0,0,,1,0,1,0,0,0,0,0,2,-3,3.2,1,2015-16
22015,202704,Reggie Jackson,1610612765,DET,Detroit Pistons,0021500218,2015-11-25,DET vs. MIA,W,26,7,12,0.583,4,5,0.8,0,0,,0,4,4,7,0,0,1,1,18,27,32.3,1,2015-16
22015,203083,Andre Drummond,1610612765,DET,Detroit Pistons,0021500218,2015-11-25,DET vs. MIA,W,33,9,18,0.5,0,0,,0,1,0.0,8,12,20,0,2,5,1,0,18,14,62.0,1,2015-16
22015,101107,Marvin Williams,1610612766,CHA,Charlotte Hornets,0021500215,2015-11-25,CHA vs. WAS,W,33,5,7,0.714,2,3,0.667,2,2,1.0,4,7,11,0,1,1,2,0,14,11,31.2,1,2015-16
22015,203087,Jeremy Lamb,1610612766,CHA,Charlotte Hornets,0021500215,2015-11-25,CHA vs. WAS,W,32,6,12,0.5,2,5,0.4,4,4,1.0,0,7,7,3,1,1,3,2,18,18,33.9,1,2015-16
22015,201143,Al Horford,1610612737,ATL,Atlanta Hawks,0021500222,2015-11-25,ATL @ MIN,L,34,5,15,0.333,0,3,0.0,2,5,0.4,8,4,12,2,1,1,2,2,12,-10,33.4,1,2015-16
22015,201952,Jeff Teague,1610612737,ATL,Atlanta Hawks,0021500222,2015-11-25,ATL @ MIN,L,34,8,17,0.471,1,5,0.2,5,7,0.714,1,4,5,5,2,0,2,2,22,-3,39.5,1,2015-16
22015,203118,Mike Scott,1610612737,ATL,Atlanta Hawks,0021500222,2015-11-25,ATL @ MIN,L,13,1,5,0.2,0,3,0.0,1,2,0.5,0,0,0,1,0,1,0,0,3,-9,7.5,1,2015-16
22015,203488,Mike Muscala,1610612737,ATL,Atlanta Hawks,0021500222,2015-11-25,ATL @ MIN,L,18,2,5,0.4,1,4,0.25,3,4,0.75,1,2,3,0,0,2,4,3,8,0,13.6,1,2015-16
22015,203934,Lamar Patterson,1610612737,ATL,Atlanta Hawks,0021500222,2015-11-25,ATL @ MIN,L,16,1,4,0.25,0,3,0.0,1,2,0.5,0,3,3,1,1,0,1,4,3,6,10.1,1,2015-16
22015,203092,Tyler Zeller,1610612738,BOS,Boston Celtics,0021500217,2015-11-25,BOS vs. PHI,W,6,0,0,,0,0,,2,2,1.0,0,1,1,0,0,1,0,2,2,-4,6.2,1,2015-16
22015,2544,LeBron James,1610612739,CLE,Cleveland Cavaliers,0021500219,2015-11-25,CLE @ TOR,L,40,6,16,0.375,1,5,0.2,11,12,0.917,2,4,6,8,0,0,2,1,24,13,41.2,1,2015-16
22015,201567,Kevin Love,1610612739,CLE,Cleveland Cavaliers,0021500219,2015-11-25,CLE @ TOR,L,35,7,14,0.5,5,8,0.625,2,4,0.5,3,10,13,2,0,0,3,5,21,-7,36.6,1,2015-16
22015,201569,Eric Gordon,1610612740,NOP,New Orleans Pelicans,0021500225,2015-11-25,NOP @ PHX,W,35,6,11,0.545,4,9,0.444,7,7,1.0,0,1,1,3,0,0,1,2,23,13,27.7,1,2015-16
22015,201583,Ryan Anderson,1610612740,NOP,New Orleans Pelicans,0021500225,2015-11-25,NOP @ PHX,W,37,7,13,0.538,1,3,0.333,5,7,0.714,2,4,6,1,0,0,1,1,20,13,27.7,1,2015-16
22015,201962,Toney Douglas,1610612740,NOP,New Orleans Pelicans,0021500225,2015-11-25,NOP @ PHX,W,10,1,1,1.0,1,1,1.0,4,4,1.0,0,0,0,0,0,0,0,1,7,-6,7.0,1,2015-16
22015,203076,Anthony Davis,1610612740,NOP,New Orleans Pelicans,0021500225,2015-11-25,NOP @ PHX,W,39,11,14,0.786,0,0,,4,6,0.667,2,15,17,0,2,2,4,3,26,7,54.4,1,2015-16
22015,200826,J.J. Barea,1610612742,DAL,Dallas Mavericks,0021500224,2015-11-25,DAL @ SAS,L,13,3,7,0.429,1,1,1.0,0,0,,0,0,0,3,1,0,0,1,7,0,14.5,1,2015-16
22015,202083,Wesley Matthews,1610612742,DAL,Dallas Mavericks,0021500224,2015-11-25,DAL @ SAS,L,36,6,16,0.375,3,10,0.3,0,0,,1,3,4,1,1,0,3,3,15,-12,21.3,1,2015-16
22015,1891,Jason Terry,1610612745,HOU,Houston Rockets,0021500220,2015-11-25,HOU vs. MEM,L,29,4,9,0.444,3,8,0.375,2,2,1.0,0,2,2,3,2,1,2,4,13,4,26.9,1,2015-16
22015,201147,Corey Brewer,1610612745,HOU,Houston Rockets,0021500220,2015-11-25,HOU vs. MEM,L,27,1,8,0.125,1,6,0.167,2,2,1.0,1,4,5,2,2,0,1,3,5,5,19.0,1,2015-16
22015,201933,Blake Griffin,1610612746,LAC,LA Clippers,0021500226,2015-11-25,LAC vs. UTA,L,39,18,23,0.783,0,0,,4,5,0.8,1,11,12,3,0,2,3,2,40,-3,61.9,1,2015-16
22015,202325,Wesley Johnson,1610612746,LAC,LA Clippers,0021500226,2015-11-25,LAC vs. UTA,L,20,0,2,0.0,0,1,0.0,0,0,,0,1,1,0,0,0,3,3,0,-2,-1.8,1,2015-16
22015,2365,Chris Andersen,1610612748,MIA,Miami Heat,0021500218,2015-11-25,MIA @ DET,L,4,1,1,1.0,1,1,1.0,0,0,,0,1,1,1,0,0,0,0,3,5,5.7,1,2015-16
22015,2617,Udonis Haslem,1610612748,MIA,Miami Heat,0021500218,2015-11-25,MIA @ DET,L,4,3,3,1.0,1,1,1.0,0,0,,0,1,1,1,1,0,0,0,7,5,12.7,1,2015-16
22015,201564,O.J. Mayo,1610612749,MIL,Milwaukee Bucks,0021500221,2015-11-25,MIL vs. SAC,L,29,5,15,0.333,2,12,0.167,0,0,,0,3,3,2,0,0,0,1,12,-8,18.6,1,2015-16
22015,203114,Khris Middleton,1610612749,MIL,Milwaukee Bucks,0021500221,2015-11-25,MIL vs. SAC,L,24,8,15,0.533,5,8,0.625,0,1,0.0,1,1,2,6,1,0,1,5,21,-7,34.4,1,2015-16
22015,203952,Andrew Wiggins,1610612750,MIN,Minnesota Timberwolves,0021500222,2015-11-25,MIN vs. ATL,W,36,5,17,0.294,0,4,0.0,5,8,0.625,1,3,4,1,3,0,3,0,15,-2,27.3,1,2015-16
22015,1626157,Karl-Anthony Towns,1610612750,MIN,Minnesota Timberwolves,0021500222,2015-11-25,MIN vs. ATL,W,22,3,6,0.5,0,0,,0,0,,1,5,6,1,0,1,3,0,6,-2,14.7,1,2015-16
22015,202711,Bojan Bogdanovic,1610612751,BKN,Brooklyn Nets,0021500223,2015-11-25,BKN @ OKC,L,22,2,6,0.333,0,2,0.0,0,0,,1,1,2,0,0,0,0,0,4,-7,6.4,1,2015-16
22015,1626178,Rondae Hollis-Jefferson,1610612751,BKN,Brooklyn Nets,0021500223,2015-11-25,BKN @ OKC,L,28,4,7,0.571,0,0,,3,3,1.0,2,9,11,1,0,0,0,3,11,-3,25.7,1,2015-16
22015,200811,Lou Amundson,1610612752,NYK,New York Knicks,0021500216,2015-11-25,NYK @ ORL,L,4,0,1,0.0,0,0,,0,0,,0,2,2,0,0,0,0,0,0,0,2.4,1,2015-16
22015,202498,Lance Thomas,1610612752,NYK,New York Knicks,0021500216,2015-11-25,NYK @ ORL,L,19,1,3,0.333,0,1,0.0,4,4,1.0,1,0,1,0,0,0,0,0,6,-8,7.2,1,2015-16
22015,203124,Kyle O'Quinn,1610612752,NYK,New York Knicks,0021500216,2015-11-25,NYK @ ORL,L,12,2,6,0.333,0,1,0.0,0,0,,1,3,4,0,0,1,0,1,4,-12,11.8,1,2015-16
22015,204001,Kristaps Porziņģis,1610612752,NYK,New York Knicks,0021500216,2015-11-25,NYK @ ORL,L,36,3,13,0.231,0,4,0.0,4,6,0.667,2,7,9,3,0,6,2,1,10,-2,41.3,1,2015-16
22015,202699,Tobias Harris,1610612753,ORL,Orlando Magic,0021500216,2015-11-25,ORL vs. NYK,W,34,4,6,0.667,1,1,1.0,8,8,1.0,0,10,10,2,0,1,1,2,17,7,34.0,1,2015-16
22015,203506,Victor Oladipo,1610612753,ORL,Orlando Magic,0021500216,2015-11-25,ORL vs. NYK,W,26,5,15,0.333,1,4,0.25,13,15,0.867,0,4,4,2,0,0,0,1,24,14,31.8,1,2015-16
22015,203141,Mirza Teletovic,1610612756,PHX,Phoenix Suns,0021500225,2015-11-25,PHX vs. NOP,L,21,2,9,0.222,1,5,0.2,2,2,1.0,0,1,1,0,0,0,0,2,7,-9,8.2,1,2015-16
22015,1626164,Devin Booker,1610612756,PHX,Phoenix Suns,0021500225,2015-11-25,PHX vs. NOP,L,9,2,3,0.667,1,2,0.5,0,0,,0,3,3,1,1,0,0,1,5,5,13.1,1,2015-16
22015,201158,Marco Belinelli,1610612758,SAC,Sacramento Kings,0021500221,2015-11-25,SAC @ MIL,W,23,5,10,0.5,3,7,0.429,4,5,0.8,0,1,1,1,2,0,0,0,17,0,25.7,1,2015-16
22015,2449,Luis Scola,1610612761,TOR,Toronto Raptors,0021500219,2015-11-25,TOR vs. CLE,W,30,7,11,0.636,1,1,1.0,0,0,,1,6,7,0,1,0,0,1,15,-5,26.4,1,2015-16
22015,201960,DeMarre Carroll,1610612761,TOR,Toronto Raptors,0021500219,2015-11-25,TOR vs. CLE,W,41,4,11,0.364,3,6,0.5,1,2,0.5,0,3,3,2,1,1,3,4,12,3,21.6,1,2015-16
22015,203187,Chris Johnson,1610612762,UTA,Utah Jazz,0021500226,2015-11-25,UTA @ LAC,W,7,0,2,0.0,0,1,0.0,0,0,,0,1,1,1,0,2,1,2,0,-6,7.7,1,2015-16
22015,203918,Rodney Hood,1610612762,UTA,Utah Jazz,0021500226,2015-11-25,UTA @ LAC,W,31,4,6,0.667,0,0,,5,6,0.833,0,4,4,5,0,0,2,4,13,6,23.3,1,2015-16
22015,1626168,Trey Lyles,1610612762,UTA,Utah Jazz,0021500226,2015-11-25,UTA @ LAC,W,3,2,2,1.0,0,0,,0,1,0.0,0,0,0,0,0,0,0,0,4,-1,4.0,1,2015-16
22015,2440,Matt Barnes,1610612763,MEM,Memphis Grizzlies,0021500220,2015-11-25,MEM @ HOU,W,31,5,11,0.455,2,6,0.333,1,1,1.0,1,7,8,3,1,0,2,3,13,-1,28.1,1,2015-16
22015,201596,Mario Chalmers,1610612763,MEM,Memphis Grizzlies,0021500220,2015-11-25,MEM @ HOU,W,23,2,7,0.286,0,3,0.0,2,2,1.0,0,3,3,5,0,0,2,3,6,3,15.1,1,2015-16
22015,203210,JaMychal Green,1610612763,MEM,Memphis Grizzlies,0021500220,2015-11-25,MEM @ HOU,W,12,2,6,0.333,0,0,,2,2,1.0,1,2,3,0,0,1,2,5,6,-1,10.6,1,2015-16
22015,2743,Kris Humphries,1610612764,WAS,Washington Wizards,0021500215,2015-11-25,WAS @ CHA,L,17,2,6,0.333,1,5,0.2,0,0,,2,5,7,2,0,1,1,1,5,3,18.4,1,2015-16
22015,202066,Garrett Temple,1610612764,WAS,Washington Wizards,0021500215,2015-11-25,WAS @ CHA,L,10,0,3,0.0,0,0,,0,0,,1,0,1,0,2,0,0,0,0,-3,7.2,1,2015-16
22015,202322,John Wall,1610612764,WAS,Washington Wizards,0021500215,2015-11-25,WAS @ CHA,L,36,6,18,0.333,2,7,0.286,0,0,,3,2,5,6,6,0,5,2,14,-2,42.0,1,2015-16
22015,203490,Otto Porter Jr.,1610612764,WAS,Washington Wizards,0021500215,2015-11-25,WAS @ CHA,L,27,1,6,0.167,1,5,0.2,0,0,,1,0,1,3,0,0,2,2,3,-9,6.7,1,2015-16
22015,2581,Steve Blake,1610612765,DET,Detroit Pistons,0021500218,2015-11-25,DET vs. MIA,W,22,1,4,0.25,1,4,0.25,0,0,,0,2,2,4,0,0,3,2,3,-4,8.4,1,2015-16
22015,203382,Aron Baynes,1610612765,DET,Detroit Pistons,0021500218,2015-11-25,DET vs. MIA,W,13,3,4,0.75,0,0,,0,0,,1,4,5,1,0,1,0,1,6,12,16.5,1,2015-16
22015,203493,Reggie Bullock Jr.,1610612765,DET,Detroit Pistons,0021500218,2015-11-25,DET vs. MIA,W,3,0,0,,0,0,,0,0,,0,0,0,1,0,0,0,0,0,-3,1.5,1,2015-16
22015,1626199,Darrun Hilliard,1610612765,DET,Detroit Pistons,0021500218,2015-11-25,DET vs. MIA,W,3,2,3,0.667,1,1,1.0,0,0,,1,0,1,0,0,0,0,0,5,-3,6.2,1,2015-16
22015,2744,Al Jefferson,1610612766,CHA,Charlotte Hornets,0021500215,2015-11-25,CHA vs. WAS,W,30,6,13,0.462,0,0,,2,2,1.0,3,8,11,1,1,0,0,2,14,11,31.7,1,2015-16
22015,101135,David Lee,1610612738,BOS,Boston Celtics,0021500217,2015-11-25,BOS vs. PHI,W,5,0,1,0.0,0,0,,0,2,0.0,0,1,1,0,1,0,0,0,0,-4,4.2,1,2015-16
22015,202738,Isaiah Thomas,1610612738,BOS,Boston Celtics,0021500217,2015-11-25,BOS vs. PHI,W,38,11,21,0.524,4,7,0.571,4,4,1.0,0,4,4,6,1,0,3,1,30,17,43.8,1,2015-16
22015,1626154,RJ Hunter,1610612738,BOS,Boston Celtics,0021500217,2015-11-25,BOS vs. PHI,W,9,0,2,0.0,0,0,,0,0,,0,2,2,0,0,0,1,1,0,-11,1.4,1,2015-16
22015,1626179,Terry Rozier,1610612738,BOS,Boston Celtics,0021500217,2015-11-25,BOS vs. PHI,W,2,0,1,0.0,0,0,,0,0,,1,0,1,0,0,0,2,0,0,0,-0.8,1,2015-16
22015,202684,Tristan Thompson,1610612739,CLE,Cleveland Cavaliers,0021500219,2015-11-25,CLE @ TOR,L,37,4,8,0.5,0,0,,0,0,,3,8,11,2,1,1,0,4,8,1,30.2,1,2015-16
22015,203099,Jared Cunningham,1610612739,CLE,Cleveland Cavaliers,0021500219,2015-11-25,CLE @ TOR,L,21,2,10,0.2,2,4,0.5,0,0,,0,3,3,2,1,0,2,2,6,-5,13.6,1,2015-16
22015,202397,Ish Smith,1610612740,NOP,New Orleans Pelicans,0021500225,2015-11-25,NOP @ PHX,W,36,9,16,0.563,2,2,1.0,0,0,,0,5,5,11,1,0,2,4,20,-2,43.5,1,2015-16
22015,203939,Dwight Powell,1610612742,DAL,Dallas Mavericks,0021500224,2015-11-25,DAL @ SAS,L,12,2,3,0.667,0,0,,0,0,,1,2,3,0,0,0,2,1,4,0,5.6,1,2015-16
22015,2730,Dwight Howard,1610612745,HOU,Houston Rockets,0021500220,2015-11-25,HOU vs. MEM,L,40,4,8,0.5,0,0,,4,6,0.667,1,4,5,1,3,1,3,5,12,-12,28.5,1,2015-16
22015,201977,Marcus Thornton,1610612745,HOU,Houston Rockets,0021500220,2015-11-25,HOU vs. MEM,L,15,1,3,0.333,0,2,0.0,0,2,0.0,0,0,0,1,0,0,0,1,2,-3,3.5,1,2015-16
22015,200755,JJ Redick,1610612746,LAC,LA Clippers,0021500226,2015-11-25,LAC vs. UTA,L,21,1,6,0.167,1,5,0.2,0,0,,0,0,0,1,1,0,3,5,3,-14,4.5,1,2015-16
22015,201601,Luc Mbah a Moute,1610612746,LAC,LA Clippers,0021500226,2015-11-25,LAC vs. UTA,L,1,0,0,,0,0,,0,0,,0,0,0,0,0,0,0,1,0,3,0.0,1,2015-16
22015,2757,Beno Udrih,1610612748,MIA,Miami Heat,0021500218,2015-11-25,MIA @ DET,L,10,1,2,0.5,0,1,0.0,0,0,,0,0,0,4,0,0,0,1,2,-1,8.0,1,2015-16
22015,101123,Gerald Green,1610612748,MIA,Miami Heat,0021500218,2015-11-25,MIA @ DET,L,38,6,17,0.353,2,7,0.286,2,3,0.667,2,3,5,1,0,1,3,3,16,-15,23.5,1,2015-16
22015,1626159,Justise Winslow,1610612748,MIA,Miami Heat,0021500218,2015-11-25,MIA @ DET,L,29,1,3,0.333,0,0,,1,2,0.5,1,7,8,1,0,0,1,2,3,-10,13.1,1,2015-16
22015,202328,Greg Monroe,1610612749,MIL,Milwaukee Bucks,0021500221,2015-11-25,MIL vs. SAC,L,29,5,11,0.455,0,0,,1,2,0.5,0,7,7,3,0,4,1,4,11,-6,34.9,1,2015-16
22015,202349,Greivis Vasquez,1610612749,MIL,Milwaukee Bucks,0021500221,2015-11-25,MIL vs. SAC,L,16,3,4,0.75,2,3,0.667,1,1,1.0,0,2,2,7,0,0,3,1,9,5,18.9,1,2015-16
22015,708,Kevin Garnett,1610612750,MIN,Minnesota Timberwolves,0021500222,2015-11-25,MIN vs. ATL,W,15,2,3,0.667,0,0,,0,0,,0,3,3,2,1,0,0,3,4,-5,13.6,1,2015-16
22015,2419,Tayshaun Prince,1610612750,MIN,Minnesota Timberwolves,0021500222,2015-11-25,MIN vs. ATL,W,21,1,2,0.5,0,0,,2,2,1.0,0,3,3,1,1,0,0,0,4,12,12.1,1,2015-16
22015,203498,Shabazz Muhammad,1610612750,MIN,Minnesota Timberwolves,0021500222,2015-11-25,MIN vs. ATL,W,16,2,7,0.286,1,2,0.5,0,0,,0,2,2,1,0,0,0,3,5,-2,8.9,1,2015-16
22015,203897,Zach LaVine,1610612750,MIN,Minnesota Timberwolves,0021500222,2015-11-25,MIN vs. ATL,W,27,7,13,0.538,2,5,0.4,2,2,1.0,1,4,5,6,0,0,2,4,18,1,31.0,1,2015-16
22015,204014,Damjan Rudez,1610612750,MIN,Minnesota Timberwolves,0021500222,2015-11-25,MIN vs. ATL,W,17,4,5,0.8,3,4,0.75,2,2,1.0,0,1,1,0,0,0,0,2,13,6,14.2,1,2015-16
22015,201152,Thaddeus Young,1610612751,BKN,Brooklyn Nets,0021500223,2015-11-25,BKN @ OKC,L,37,9,15,0.6,0,1,0.0,0,0,,1,7,8,3,3,0,3,1,18,-10,38.1,1,2015-16
22015,201572,Brook Lopez,1610612751,BKN,Brooklyn Nets,0021500223,2015-11-25,BKN @ OKC,L,34,11,23,0.478,0,0,,4,4,1.0,6,2,8,2,2,2,3,3,26,-9,47.6,1,2015-16
22015,203499,Shane Larkin,1610612751,BKN,Brooklyn Nets,0021500223,2015-11-25,BKN @ OKC,L,25,4,7,0.571,2,2,1.0,0,1,0.0,0,4,4,6,1,0,2,2,10,-11,24.8,1,2015-16
22015,201167,Arron Afflalo,1610612752,NYK,New York Knicks,0021500216,2015-11-25,NYK @ ORL,L,31,4,11,0.364,2,4,0.5,0,0,,0,1,1,1,0,0,1,3,10,2,11.7,1,2015-16
22015,101112,Channing Frye,1610612753,ORL,Orlando Magic,0021500216,2015-11-25,ORL vs. NYK,W,20,1,5,0.2,1,2,0.5,0,0,,0,3,3,0,0,0,0,1,3,-2,6.6,1,2015-16
22015,203094,Andrew Nicholson,1610612753,ORL,Orlando Magic,0021500216,2015-11-25,ORL vs. NYK,W,25,3,9,0.333,1,4,0.25,0,0,,0,2,2,1,0,1,0,1,7,9,13.9,1,2015-16
22015,203477,Isaiah Canaan,1610612755,PHI,Philadelphia 76ers,0021500217,2015-11-25,PHI @ BOS,L,32,3,9,0.333,2,7,0.286,4,4,1.0,0,5,5,2,1,2,2,2,12,-1,28.0,1,2015-16
22015,1626143,Jahlil Okafor,1610612755,PHI,Philadelphia 76ers,0021500217,2015-11-25,PHI @ BOS,L,36,7,17,0.412,0,1,0.0,5,5,1.0,0,9,9,1,0,4,3,4,19,-4,40.3,1,2015-16
22015,101179,Ronnie Price,1610612756,PHX,Phoenix Suns,0021500225,2015-11-25,PHX vs. NOP,L,7,1,1,1.0,1,1,1.0,0,0,,0,0,0,2,0,0,0,2,3,-7,6.0,1,2015-16
22015,202720,Jon Leuer,1610612756,PHX,Phoenix Suns,0021500225,2015-11-25,PHX vs. NOP,L,25,9,15,0.6,2,4,0.5,0,0,,2,10,12,1,0,0,0,4,20,6,35.9,1,2015-16
22015,203458,Alex Len,1610612756,PHX,Phoenix Suns,0021500225,2015-11-25,PHX vs. NOP,L,16,1,2,0.5,0,0,,0,1,0.0,3,5,8,0,2,2,3,3,2,-1,20.6,1,2015-16
22015,201954,Darren Collison,1610612758,SAC,Sacramento Kings,0021500221,2015-11-25,SAC @ MIL,W,26,5,10,0.5,2,4,0.5,6,7,0.857,1,1,2,3,0,0,1,2,18,11,23.9,1,2015-16
22015,1495,Tim Duncan,1610612759,SAS,San Antonio Spurs,0021500224,2015-11-25,SAS vs. DAL,W,28,1,4,0.25,0,0,,0,0,,1,8,9,4,0,2,2,2,2,13,22.8,1,2015-16
22015,1938,Manu Ginobili,1610612759,SAS,San Antonio Spurs,0021500224,2015-11-25,SAS vs. DAL,W,29,2,12,0.167,0,6,0.0,5,8,0.625,0,5,5,3,1,0,4,2,9,4,18.5,1,2015-16
22015,201988,Patty Mills,1610612759,SAS,San Antonio Spurs,0021500224,2015-11-25,SAS vs. DAL,W,17,1,7,0.143,1,5,0.2,0,0,,0,2,2,0,2,0,0,2,3,-7,11.4,1,2015-16
22015,200768,Kyle Lowry,1610612761,TOR,Toronto Raptors,0021500219,2015-11-25,TOR vs. CLE,W,38,11,17,0.647,2,6,0.333,3,5,0.6,1,2,3,6,4,1,0,2,27,10,54.6,1,2015-16
22015,201949,James Johnson,1610612761,TOR,Toronto Raptors,0021500219,2015-11-25,TOR vs. CLE,W,5,0,0,,0,0,,0,0,,0,1,1,0,0,0,0,1,0,2,1.2,1,2015-16
22015,203082,Terrence Ross,1610612761,TOR,Toronto Raptors,0021500219,2015-11-25,TOR vs. CLE,W,10,2,4,0.5,2,3,0.667,0,0,,0,3,3,0,0,2,0,0,6,-9,15.6,1,2015-16
22015,202692,Alec Burks,1610612762,UTA,Utah Jazz,0021500226,2015-11-25,UTA @ LAC,W,29,3,13,0.231,0,2,0.0,2,2,1.0,0,6,6,1,0,0,1,1,8,-1,15.7,1,2015-16
22015,203504,Trey Burke,1610612762,UTA,Utah Jazz,0021500226,2015-11-25,UTA @ LAC,W,8,0,1,0.0,0,1,0.0,0,0,,0,0,0,0,0,0,1,1,0,-1,-1.0,1,2015-16
22015,204060,Joe Ingles,1610612762,UTA,Utah Jazz,0021500226,2015-11-25,UTA @ LAC,W,7,0,0,,0,0,,0,0,,0,2,2,0,0,0,0,0,0,5,2.4,1,2015-16
22015,1713,Vince Carter,1610612763,MEM,Memphis Grizzlies,0021500220,2015-11-25,MEM @ HOU,W,15,0,1,0.0,0,1,0.0,0,0,,2,4,6,2,1,0,1,2,0,10,12.2,1,2015-16
22015,201196,Ramon Sessions,1610612764,WAS,Washington Wizards,0021500215,2015-11-25,WAS @ CHA,L,12,0,5,0.0,0,2,0.0,0,0,,0,2,2,0,1,0,1,2,0,-12,4.4,1,2015-16
22015,202391,Jeremy Lin,1610612766,CHA,Charlotte Hornets,0021500215,2015-11-25,CHA vs. WAS,W,15,2,4,0.5,0,1,0.0,1,1,1.0,0,0,0,0,0,2,3,4,5,8,8.0,1,2015-16
22015,202689,Kemba Walker,1610612766,CHA,Charlotte Hornets,0021500215,2015-11-25,CHA vs. WAS,W,41,8,17,0.471,0,3,0.0,0,0,,0,2,2,5,0,2,5,1,16,5,26.9,1,2015-16
22015,203469,Cody Zeller,1610612766,CHA,Charlotte Hornets,0021500215,2015-11-25,CHA vs. WAS,W,22,5,7,0.714,0,2,0.0,1,1,1.0,0,8,8,0,0,0,2,3,11,11,18.6,1,2015-16
22015,203798,PJ Hairston,1610612766,CHA,Charlotte Hornets,0021500215,2015-11-25,CHA vs. WAS,W,16,1,4,0.25,1,4,0.25,2,2,1.0,0,3,3,2,0,0,1,3,5,-4,10.6,1,2015-16
22015,1626163,Frank Kaminsky,1610612766,CHA,Charlotte Hornets,0021500215,2015-11-25,CHA vs. WAS,W,17,1,4,0.25,0,1,0.0,0,0,,1,1,2,0,0,0,1,1,2,-6,3.4,1,2015-16
22015,203109,Jae Crowder,1610612738,BOS,Boston Celtics,0021500217,2015-11-25,BOS vs. PHI,W,27,3,11,0.273,2,5,0.4,0,2,0.0,3,5,8,2,2,1,2,0,8,0,27.6,1,2015-16
22015,2210,Richard Jefferson,1610612739,CLE,Cleveland Cavaliers,0021500219,2015-11-25,CLE @ TOR,L,16,2,5,0.4,0,1,0.0,0,0,,0,2,2,0,0,0,0,1,4,-21,6.4,1,2015-16
22015,202337,Luke Babbitt,1610612740,NOP,New Orleans Pelicans,0021500225,2015-11-25,NOP @ PHX,W,4,0,1,0.0,0,1,0.0,0,0,,0,0,0,0,0,0,0,0,0,1,0.0,1,2015-16
22015,101114,Deron Williams,1610612742,DAL,Dallas Mavericks,0021500224,2015-11-25,DAL @ SAS,L,36,4,16,0.25,0,2,0.0,0,0,,0,5,5,9,3,1,1,0,8,-7,38.5,1,2015-16
22015,1626147,Justin Anderson,1610612742,DAL,Dallas Mavericks,0021500224,2015-11-25,DAL @ SAS,L,6,0,2,0.0,0,1,0.0,1,2,0.5,0,2,2,1,0,0,0,0,1,7,4.9,1,2015-16
22015,2772,Trevor Ariza,1610612745,HOU,Houston Rockets,0021500220,2015-11-25,HOU vs. MEM,L,39,2,10,0.2,0,5,0.0,4,4,1.0,1,11,12,3,2,0,5,4,8,-14,27.9,1,2015-16
22015,203991,Clint Capela,1610612745,HOU,Houston Rockets,0021500220,2015-11-25,HOU vs. MEM,L,8,3,4,0.75,0,0,,0,0,,1,1,2,1,2,3,0,2,6,3,24.9,1,2015-16
22015,1718,Paul Pierce,1610612746,LAC,LA Clippers,0021500226,2015-11-25,LAC vs. UTA,L,9,0,2,0.0,0,1,0.0,0,0,,0,0,0,0,0,0,1,1,0,-8,-1.0,1,2015-16
22015,2037,Jamal Crawford,1610612746,LAC,LA Clippers,0021500226,2015-11-25,LAC vs. UTA,L,30,1,9,0.111,0,2,0.0,1,2,0.5,0,1,1,2,0,0,2,1,3,-2,5.2,1,2015-16
22015,2746,Josh Smith,1610612746,LAC,LA Clippers,0021500226,2015-11-25,LAC vs. UTA,L,17,4,7,0.571,1,1,1.0,1,2,0.5,0,0,0,1,1,1,0,2,10,-3,17.5,1,2015-16
22015,202362,Lance Stephenson,1610612746,LAC,LA Clippers,0021500226,2015-11-25,LAC vs. UTA,L,12,0,1,0.0,0,0,,0,0,,1,1,2,0,1,0,1,1,0,-8,4.4,1,2015-16
22015,201177,Josh McRoberts,1610612748,MIA,Miami Heat,0021500218,2015-11-25,MIA @ DET,L,13,1,6,0.167,1,5,0.2,0,0,,0,1,1,1,0,0,1,1,3,-13,4.7,1,2015-16
22015,201573,Jerryd Bayless,1610612749,MIL,Milwaukee Bucks,0021500221,2015-11-25,MIL vs. SAC,L,36,4,8,0.5,3,4,0.75,2,3,0.667,1,3,4,4,4,0,0,2,13,-9,35.8,1,2015-16
22015,203487,Michael Carter-Williams,1610612749,MIL,Milwaukee Bucks,0021500221,2015-11-25,MIL vs. SAC,L,28,0,7,0.0,0,0,,4,4,1.0,0,0,0,3,1,0,4,1,4,-21,7.5,1,2015-16
22015,203507,Giannis Antetokounmpo,1610612749,MIL,Milwaukee Bucks,0021500221,2015-11-25,MIL vs. SAC,L,30,7,13,0.538,1,3,0.333,6,7,0.857,2,3,5,2,0,2,0,6,21,-2,36.0,1,2015-16
22015,201937,Ricky Rubio,1610612750,MIN,Minnesota Timberwolves,0021500222,2015-11-25,MIN vs. ATL,W,21,2,7,0.286,0,1,0.0,1,2,0.5,1,2,3,6,1,0,1,1,5,3,19.6,1,2015-16
22015,2207,Joe Johnson,1610612751,BKN,Brooklyn Nets,0021500223,2015-11-25,BKN @ OKC,L,32,2,11,0.182,0,5,0.0,1,1,1.0,1,5,6,4,1,0,6,2,5,-6,15.2,1,2015-16
22015,201961,Wayne Ellington,1610612751,BKN,Brooklyn Nets,0021500223,2015-11-25,BKN @ OKC,L,7,0,2,0.0,0,0,,1,2,0.5,0,1,1,1,1,0,0,0,1,-2,6.7,1,2015-16
22015,203508,Sergey Karasev,1610612751,BKN,Brooklyn Nets,0021500223,2015-11-25,BKN @ OKC,L,8,0,2,0.0,0,0,,0,0,,0,0,0,0,0,0,0,0,0,3,0.0,1,2015-16
22015,203906,Devyn Marble,1610612753,ORL,Orlando Magic,0021500216,2015-11-25,ORL vs. NYK,W,1,0,0,,0,0,,0,0,,0,0,0,0,0,0,0,1,0,-2,0.0,1,2015-16
22015,1626209,Mario Hezonja,1610612753,ORL,Orlando Magic,0021500216,2015-11-25,ORL vs. NYK,W,1,0,0,,0,0,,0,0,,0,0,0,0,0,0,0,0,0,-2,0.0,1,2015-16
22015,203138,Hollis Thompson,1610612755,PHI,Philadelphia 76ers,0021500217,2015-11-25,PHI @ BOS,L,33,6,11,0.545,3,7,0.429,0,1,0.0,0,2,2,0,0,1,0,2,15,4,20.4,1,2015-16
22015,204456,T.J. McConnell,1610612755,PHI,Philadelphia 76ers,0021500217,2015-11-25,PHI @ BOS,L,20,3,4,0.75,0,0,,0,0,,1,2,3,1,1,1,4,1,6,-5,13.1,1,2015-16
22015,202693,Markieff Morris,1610612756,PHX,Phoenix Suns,0021500225,2015-11-25,PHX vs. NOP,L,30,4,11,0.364,0,3,0.0,0,0,,2,6,8,3,0,1,0,2,8,-7,25.1,1,2015-16
22015,203463,Ben McLemore,1610612758,SAC,Sacramento Kings,0021500221,2015-11-25,SAC @ MIL,W,27,2,5,0.4,0,1,0.0,4,4,1.0,0,4,4,1,3,0,3,4,8,4,20.3,1,2015-16
22015,2225,Tony Parker,1610612759,SAS,San Antonio Spurs,0021500224,2015-11-25,SAS vs. DAL,W,35,7,11,0.636,0,0,,2,2,1.0,0,8,8,8,0,0,1,0,16,12,36.6,1,2015-16
22015,2446,Rasual Butler,1610612759,SAS,San Antonio Spurs,0021500224,2015-11-25,SAS vs. DAL,W,7,0,1,0.0,0,1,0.0,0,0,,0,2,2,0,0,0,0,0,0,-4,2.4,1,2015-16
22015,2561,David West,1610612759,SAS,San Antonio Spurs,0021500224,2015-11-25,SAS vs. DAL,W,12,3,3,1.0,1,1,1.0,1,2,0.5,0,2,2,0,0,0,1,2,8,-4,9.4,1,2015-16
22015,200746,LaMarcus Aldridge,1610612759,SAS,San Antonio Spurs,0021500224,2015-11-25,SAS vs. DAL,W,35,8,17,0.471,0,0,,2,3,0.667,5,2,7,1,0,1,1,1,18,9,29.9,1,2015-16
22015,201142,Kevin Durant,1610612760,OKC,Oklahoma City Thunder,0021500223,2015-11-25,OKC vs. BKN,W,37,11,18,0.611,5,8,0.625,3,4,0.75,0,6,6,5,0,3,3,0,30,18,50.7,1,2015-16
22015,201566,Russell Westbrook,1610612760,OKC,Oklahoma City Thunder,0021500223,2015-11-25,OKC vs. BKN,W,35,10,16,0.625,0,3,0.0,7,8,0.875,1,5,6,13,5,0,3,1,27,16,65.7,1,2015-16
22015,202683,Enes Freedom,1610612760,OKC,Oklahoma City Thunder,0021500223,2015-11-25,OKC vs. BKN,W,15,2,5,0.4,0,0,,2,2,1.0,1,8,9,0,0,0,3,0,6,4,13.8,1,2015-16
22015,203079,Dion Waiters,1610612760,OKC,Oklahoma City Thunder,0021500223,2015-11-25,OKC vs. BKN,W,27,6,13,0.462,2,6,0.333,2,2,1.0,0,3,3,2,1,0,2,2,16,13,23.6,1,2015-16
22015,203460,Andre Roberson,1610612760,OKC,Oklahoma City Thunder,0021500223,2015-11-25,OKC vs. BKN,W,22,2,3,0.667,0,0,,0,0,,0,1,1,1,2,0,4,0,4,-3,8.7,1,2015-16
22015,202335,Patrick Patterson,1610612761,TOR,Toronto Raptors,0021500219,2015-11-25,TOR vs. CLE,W,26,3,8,0.375,2,6,0.333,0,0,,1,4,5,1,1,0,2,2,8,14,16.5,1,2015-16
22015,202687,Bismack Biyombo,1610612761,TOR,Toronto Raptors,0021500219,2015-11-25,TOR vs. CLE,W,33,4,5,0.8,0,0,,3,7,0.429,2,10,12,0,0,0,1,2,11,8,24.4,1,2015-16
22015,202709,Cory Joseph,1610612761,TOR,Toronto Raptors,0021500219,2015-11-25,TOR vs. CLE,W,17,2,7,0.286,0,2,0.0,0,1,0.0,1,2,3,1,0,0,2,1,4,-1,7.1,1,2015-16
22015,202344,Trevor Booker,1610612762,UTA,Utah Jazz,0021500226,2015-11-25,UTA @ LAC,W,18,1,6,0.167,0,0,,0,0,,3,1,4,1,1,0,1,2,2,2,10.3,1,2015-16
22015,2754,Tony Allen,1610612763,MEM,Memphis Grizzlies,0021500220,2015-11-25,MEM @ HOU,W,28,5,10,0.5,0,0,,0,0,,2,3,5,1,2,1,2,3,10,13,24.5,1,2015-16
22015,201144,Mike Conley,1610612763,MEM,Memphis Grizzlies,0021500220,2015-11-25,MEM @ HOU,W,33,7,9,0.778,1,2,0.5,4,4,1.0,0,1,1,5,0,0,2,2,19,1,25.7,1,2015-16
22015,201145,Jeff Green,1610612763,MEM,Memphis Grizzlies,0021500220,2015-11-25,MEM @ HOU,W,32,5,10,0.5,0,1,0.0,10,10,1.0,2,5,7,1,1,0,0,0,20,3,32.9,1,2015-16
22015,201584,Courtney Lee,1610612763,MEM,Memphis Grizzlies,0021500220,2015-11-25,MEM @ HOU,W,27,8,14,0.571,0,3,0.0,1,2,0.5,0,1,1,2,2,0,0,3,17,1,27.2,1,2015-16
22015,202390,Gary Neal,1610612764,WAS,Washington Wizards,0021500215,2015-11-25,WAS @ CHA,L,28,7,13,0.538,2,3,0.667,2,2,1.0,0,3,3,1,1,0,0,3,18,-15,26.1,1,2015-16
22015,200794,Paul Millsap,1610612737,ATL,Atlanta Hawks,0021500222,2015-11-25,ATL @ MIN,L,32,6,15,0.4,1,4,0.25,9,11,0.818,3,7,10,2,2,1,1,4,22,11,45.0,1,2015-16
22015,203471,Dennis Schröder,1610612737,ATL,Atlanta Hawks,0021500222,2015-11-25,ATL @ MIN,L,14,1,8,0.125,0,1,0.0,0,0,,2,1,3,2,2,0,1,0,2,-1,13.6,1,2015-16
22015,203501,Tim Hardaway Jr.,1610612737,ATL,Atlanta Hawks,0021500222,2015-11-25,ATL @ MIN,L,12,0,3,0.0,0,2,0.0,2,2,1.0,0,2,2,0,0,1,0,0,2,-12,7.4,1,2015-16
22015,101161,Amir Johnson,1610612738,BOS,Boston Celtics,0021500217,2015-11-25,BOS vs. PHI,W,25,3,4,0.75,0,1,0.0,0,0,,2,6,8,2,1,1,3,2,6,10,21.6,1,2015-16
22015,202323,Evan Turner,1610612738,BOS,Boston Celtics,0021500217,2015-11-25,BOS vs. PHI,W,36,6,18,0.333,0,3,0.0,4,4,1.0,0,9,9,3,0,1,3,0,16,1,31.3,1,2015-16
22015,202340,Avery Bradley,1610612738,BOS,Boston Celtics,0021500217,2015-11-25,BOS vs. PHI,W,37,4,15,0.267,2,7,0.286,0,0,,0,1,1,1,2,0,1,2,10,17,17.7,1,2015-16
22015,203096,Jared Sullinger,1610612738,BOS,Boston Celtics,0021500217,2015-11-25,BOS vs. PHI,W,32,4,12,0.333,1,5,0.2,0,0,,3,12,15,3,0,1,1,3,9,11,33.5,1,2015-16
22015,2590,Mo Williams,1610612739,CLE,Cleveland Cavaliers,0021500219,2015-11-25,CLE @ TOR,L,32,7,12,0.583,1,3,0.333,0,0,,0,3,3,3,0,1,3,1,15,-1,23.1,1,2015-16
22015,2747,JR Smith,1610612739,CLE,Cleveland Cavaliers,0021500219,2015-11-25,CLE @ TOR,L,36,6,13,0.462,3,5,0.6,0,0,,1,1,2,4,2,0,0,4,15,2,29.4,1,2015-16
22015,201600,Omer Asik,1610612740,NOP,New Orleans Pelicans,0021500225,2015-11-25,NOP @ PHX,W,10,0,1,0.0,0,0,,0,2,0.0,1,2,3,0,0,1,1,2,0,-5,5.6,1,2015-16
22015,1717,Dirk Nowitzki,1610612742,DAL,Dallas Mavericks,0021500224,2015-11-25,DAL @ SAS,L,35,5,8,0.625,0,1,0.0,3,3,1.0,2,12,14,2,1,0,1,2,13,-5,34.8,1,2015-16
22015,201976,Patrick Beverley,1610612745,HOU,Houston Rockets,0021500220,2015-11-25,HOU vs. MEM,L,19,2,5,0.4,0,2,0.0,0,0,,1,1,2,2,0,0,1,1,4,-13,8.4,1,2015-16
22015,101108,Chris Paul,1610612746,LAC,LA Clippers,0021500226,2015-11-25,LAC vs. UTA,L,35,10,15,0.667,2,2,1.0,2,2,1.0,2,3,5,8,3,0,2,3,24,-6,49.0,1,2015-16
22015,201599,DeAndre Jordan,1610612746,LAC,LA Clippers,0021500226,2015-11-25,LAC vs. UTA,L,32,3,7,0.429,0,0,,2,4,0.5,6,5,11,0,3,4,3,3,8,-11,39.2,1,2015-16
22015,202355,Hassan Whiteside,1610612748,MIA,Miami Heat,0021500218,2015-11-25,MIA @ DET,L,30,7,9,0.778,0,0,,1,2,0.5,5,8,13,0,0,3,3,2,15,-23,36.6,1,2015-16
22015,204020,Tyler Johnson,1610612748,MIA,Miami Heat,0021500218,2015-11-25,MIA @ DET,L,22,3,8,0.375,0,2,0.0,2,2,1.0,2,1,3,1,0,0,0,2,8,-5,13.1,1,2015-16
22015,203142,Chris Copeland,1610612749,MIL,Milwaukee Bucks,0021500221,2015-11-25,MIL vs. SAC,L,8,1,2,0.5,0,1,0.0,0,0,,0,1,1,0,0,0,0,1,2,5,3.2,1,2015-16
22015,203953,Jabari Parker,1610612749,MIL,Milwaukee Bucks,0021500221,2015-11-25,MIL vs. SAC,L,21,3,5,0.6,0,0,,4,4,1.0,0,2,2,3,1,0,1,0,10,-7,18.9,1,2015-16
22015,2755,Kevin Martin,1610612750,MIN,Minnesota Timberwolves,0021500222,2015-11-25,MIN vs. ATL,W,23,3,12,0.25,1,2,0.5,4,7,0.571,0,3,3,0,0,0,0,2,11,1,14.6,1,2015-16
22015,203476,Gorgui Dieng,1610612750,MIN,Minnesota Timberwolves,0021500222,2015-11-25,MIN vs. ATL,W,26,3,7,0.429,0,0,,4,4,1.0,3,8,11,3,2,3,2,3,10,5,40.7,1,2015-16
22015,101127,Jarrett Jack,1610612751,BKN,Brooklyn Nets,0021500223,2015-11-25,BKN @ OKC,L,26,4,8,0.5,1,2,0.5,0,0,,0,2,2,3,1,0,3,5,9,-4,15.9,1,2015-16
22015,201577,Robin Lopez,1610612752,NYK,New York Knicks,0021500216,2015-11-25,NYK @ ORL,L,23,4,8,0.5,0,0,,0,0,,5,7,12,3,0,2,0,1,8,4,32.9,1,2015-16
22015,202338,Kevin Seraphin,1610612752,NYK,New York Knicks,0021500216,2015-11-25,NYK @ ORL,L,8,0,2,0.0,0,0,,0,0,,0,0,0,1,0,0,1,2,0,-13,0.5,1,2015-16
22015,1626170,Jerian Grant,1610612752,NYK,New York Knicks,0021500216,2015-11-25,NYK @ ORL,L,6,0,0,,0,0,,0,0,,0,1,1,0,0,0,2,1,0,-7,-0.8,1,2015-16
22015,203901,Elfrid Payton,1610612753,ORL,Orlando Magic,0021500216,2015-11-25,ORL vs. NYK,W,36,6,12,0.5,0,1,0.0,0,1,0.0,2,4,6,11,0,0,2,2,12,1,33.7,1,2015-16
22015,203457,Nerlens Noel,1610612755,PHI,Philadelphia 76ers,0021500217,2015-11-25,PHI @ BOS,L,34,1,7,0.143,0,0,,1,2,0.5,1,7,8,2,0,1,1,3,3,-20,17.6,1,2015-16
22015,203496,Robert Covington,1610612755,PHI,Philadelphia 76ers,0021500217,2015-11-25,PHI @ BOS,L,35,4,16,0.25,2,8,0.25,1,3,0.333,3,11,14,0,6,2,4,5,11,-4,47.8,1,2015-16
22015,203515,Phil Pressey,1610612755,PHI,Philadelphia 76ers,0021500217,2015-11-25,PHI @ BOS,L,18,3,8,0.375,0,1,0.0,0,0,,0,3,3,4,2,0,2,1,6,3,19.6,1,2015-16
22015,203924,Jerami Grant,1610612755,PHI,Philadelphia 76ers,0021500217,2015-11-25,PHI @ BOS,L,22,3,7,0.429,0,2,0.0,0,0,,2,3,5,2,1,2,2,2,6,1,22.0,1,2015-16
22015,202688,Brandon Knight,1610612756,PHX,Phoenix Suns,0021500225,2015-11-25,PHX vs. NOP,L,42,10,21,0.476,4,9,0.444,5,8,0.625,1,3,4,10,4,0,1,1,29,-1,59.8,1,2015-16
22015,201956,Omri Casspi,1610612758,SAC,Sacramento Kings,0021500221,2015-11-25,SAC @ MIL,W,31,6,9,0.667,3,5,0.6,4,6,0.667,1,6,7,3,2,0,0,3,19,8,37.9,1,2015-16
22015,202695,Kawhi Leonard,1610612759,SAS,San Antonio Spurs,0021500224,2015-11-25,SAS vs. DAL,W,40,9,16,0.563,4,7,0.571,4,4,1.0,4,4,8,5,2,0,2,0,26,4,47.1,1,2015-16
22015,2555,Nick Collison,1610612760,OKC,Oklahoma City Thunder,0021500223,2015-11-25,OKC vs. BKN,W,12,1,2,0.5,0,0,,0,0,,1,3,4,1,0,0,1,2,2,-5,7.3,1,2015-16
22015,201586,Serge Ibaka,1610612760,OKC,Oklahoma City Thunder,0021500223,2015-11-25,OKC vs. BKN,W,33,4,9,0.444,0,2,0.0,4,4,1.0,1,7,8,1,1,2,1,1,12,16,31.1,1,2015-16
22015,202324,Derrick Favors,1610612762,UTA,Utah Jazz,0021500226,2015-11-25,UTA @ LAC,W,33,10,15,0.667,0,0,,2,2,1.0,2,1,3,2,3,0,1,3,22,18,36.6,1,2015-16
22015,203481,Jeff Withey,1610612762,UTA,Utah Jazz,0021500226,2015-11-25,UTA @ LAC,W,1,0,0,,0,0,,0,0,,0,0,0,0,0,0,0,0,0,-6,0.0,1,2015-16
22015,203526,Raul Neto,1610612762,UTA,Utah Jazz,0021500226,2015-11-25,UTA @ LAC,W,26,4,6,0.667,1,2,0.5,1,2,0.5,0,1,1,6,3,0,1,3,10,9,28.2,1,2015-16
22015,2403,Nene,1610612764,WAS,Washington Wizards,0021500215,2015-11-25,WAS @ CHA,L,17,2,7,0.286,0,0,,2,4,0.5,0,3,3,0,1,0,1,4,6,-4,11.6,1,2015-16
22015,101162,Marcin Gortat,1610612764,WAS,Washington Wizards,0021500215,2015-11-25,WAS @ CHA,L,31,6,8,0.75,0,0,,5,6,0.833,4,8,12,0,1,2,2,3,17,-10,38.4,1,2015-16
22015,201162,Jared Dudley,1610612764,WAS,Washington Wizards,0021500215,2015-11-25,WAS @ CHA,L,24,1,5,0.2,1,2,0.5,4,4,1.0,0,3,3,1,1,0,0,2,7,-7,15.1,1,2015-16
22015,203078,Bradley Beal,1610612764,WAS,Washington Wizards,0021500215,2015-11-25,WAS @ CHA,L,38,6,16,0.375,3,8,0.375,2,2,1.0,0,4,4,2,0,1,2,1,17,-11,25.8,1,2015-16
22015,101141,Ersan Ilyasova,1610612765,DET,Detroit Pistons,0021500218,2015-11-25,DET vs. MIA,W,23,3,7,0.429,3,4,0.75,4,4,1.0,1,2,3,3,0,0,0,2,13,22,21.1,1,2015-16
22015,201229,Anthony Tolliver,1610612765,DET,Detroit Pistons,0021500218,2015-11-25,DET vs. MIA,W,25,4,8,0.5,4,6,0.667,0,0,,2,3,5,2,0,0,0,1,12,1,21.0,1,2015-16
22015,1626169,Stanley Johnson,1610612765,DET,Detroit Pistons,0021500218,2015-11-25,DET vs. MIA,W,20,3,12,0.25,0,2,0.0,1,1,1.0,2,3,5,2,1,1,2,5,7,0,20.0,1,2015-16
22015,200757,Thabo Sefolosha,1610612737,ATL,Atlanta Hawks,0021500222,2015-11-25,ATL @ MIN,L,32,4,4,1.0,2,2,1.0,0,0,,0,6,6,0,0,1,1,2,10,-10,19.2,1,2015-16
22015,203482,Kelly Olynyk,1610612738,BOS,Boston Celtics,0021500217,2015-11-25,BOS vs. PHI,W,14,0,5,0.0,0,1,0.0,3,4,0.75,2,1,3,1,0,1,0,0,3,-8,11.1,1,2015-16
22015,2592,James Jones,1610612739,CLE,Cleveland Cavaliers,0021500219,2015-11-25,CLE @ TOR,L,15,2,3,0.667,2,3,0.667,0,0,,0,2,2,1,0,0,0,1,6,6,9.9,1,2015-16
22015,2585,Zaza Pachulia,1610612742,DAL,Dallas Mavericks,0021500224,2015-11-25,DAL @ SAS,L,21,1,4,0.25,0,0,,2,2,1.0,0,0,0,0,0,0,1,4,4,-9,3.0,1,2015-16
22015,101109,Raymond Felton,1610612742,DAL,Dallas Mavericks,0021500224,2015-11-25,DAL @ SAS,L,37,2,7,0.286,1,2,0.5,0,0,,0,4,4,5,1,0,1,1,5,-3,19.3,1,2015-16
22015,201935,James Harden,1610612745,HOU,Houston Rockets,0021500220,2015-11-25,HOU vs. MEM,L,41,12,19,0.632,5,9,0.556,11,11,1.0,1,4,5,5,3,1,4,2,40,1,61.5,1,2015-16
22015,2547,Chris Bosh,1610612748,MIA,Miami Heat,0021500218,2015-11-25,MIA @ DET,L,30,3,9,0.333,1,1,1.0,2,2,1.0,0,8,8,4,0,0,1,1,9,-21,23.6,1,2015-16
22015,201609,Goran Dragic,1610612748,MIA,Miami Heat,0021500218,2015-11-25,MIA @ DET,L,30,5,11,0.455,0,2,0.0,3,4,0.75,0,0,0,4,0,1,2,2,13,-16,20.0,1,2015-16
22015,203080,Thomas Robinson,1610612751,BKN,Brooklyn Nets,0021500223,2015-11-25,BKN @ OKC,L,6,1,1,1.0,0,0,,0,0,,0,1,1,0,1,0,0,1,2,0,6.2,1,2015-16
22015,2546,Carmelo Anthony,1610612752,NYK,New York Knicks,0021500216,2015-11-25,NYK @ ORL,L,35,9,17,0.529,3,4,0.75,7,9,0.778,3,9,12,3,1,0,2,4,28,4,47.9,1,2015-16
22015,203960,JaKarr Sampson,1610612755,PHI,Philadelphia 76ers,0021500217,2015-11-25,PHI @ BOS,L,9,1,4,0.25,0,1,0.0,0,0,,0,1,1,0,0,1,0,1,2,6,6.2,1,2015-16
22015,200765,Rajon Rondo,1610612758,SAC,Sacramento Kings,0021500221,2015-11-25,SAC @ MIL,W,39,5,10,0.5,0,1,0.0,0,0,,0,9,9,13,0,1,4,2,10,12,39.3,1,2015-16
22015,1626161,Willie Cauley-Stein,1610612758,SAC,Sacramento Kings,0021500221,2015-11-25,SAC @ MIL,W,23,3,4,0.75,0,0,,1,2,0.5,1,4,5,0,0,3,0,2,7,-3,22.0,1,2015-16
22015,202694,Marcus Morris Sr.,1610612765,DET,Detroit Pistons,0021500218,2015-11-25,DET vs. MIA,W,36,6,13,0.462,2,3,0.667,0,0,,2,4,6,0,1,0,0,1,14,29,24.2,1,2015-16
22015,203484,Kentavious Caldwell-Pope,1610612765,DET,Detroit Pistons,0021500218,2015-11-25,DET vs. MIA,W,34,2,15,0.133,1,6,0.167,1,1,1.0,0,2,2,4,2,0,0,3,6,23,20.4,1,2015-16
22015,201587,Nicolas Batum,1610612766,CHA,Charlotte Hornets,0021500215,2015-11-25,CHA vs. WAS,W,34,5,15,0.333,3,7,0.429,3,3,1.0,1,6,7,11,2,0,2,1,16,16,44.9,1,2015-16
22015,202340,Avery Bradley,1610612738,BOS,Boston Celtics,0021500229,2015-11-27,BOS vs. WAS,W,31,6,12,0.5,2,5,0.4,2,2,1.0,1,1,2,3,3,0,2,3,16,22,29.9,1,2015-16
22015,1626154,RJ Hunter,1610612738,BOS,Boston Celtics,0021500229,2015-11-27,BOS vs. WAS,W,6,0,2,0.0,0,1,0.0,0,0,,0,3,3,1,0,0,0,1,0,6,5.1,1,2015-16
22015,2544,LeBron James,1610612739,CLE,Cleveland Cavaliers,0021500227,2015-11-27,CLE @ CHA,W,38,8,20,0.4,2,5,0.4,7,9,0.778,2,11,13,5,0,0,3,2,25,1,45.1,1,2015-16
22015,202389,Timofey Mozgov,1610612739,CLE,Cleveland Cavaliers,0021500227,2015-11-27,CLE @ CHA,W,18,3,9,0.333,0,0,,2,2,1.0,2,1,3,0,1,0,3,1,8,0,11.6,1,2015-16
22015,201569,Eric Gordon,1610612740,NOP,New Orleans Pelicans,0021500238,2015-11-27,NOP @ LAC,L,30,5,12,0.417,1,5,0.2,5,6,0.833,0,3,3,2,0,0,2,2,16,-19,20.6,1,2015-16
22015,201600,Omer Asik,1610612740,NOP,New Orleans Pelicans,0021500238,2015-11-27,NOP @ LAC,L,16,1,1,1.0,0,0,,1,2,0.5,1,9,10,0,0,0,0,2,3,-10,15.0,1,2015-16
22015,203076,Anthony Davis,1610612740,NOP,New Orleans Pelicans,0021500238,2015-11-27,NOP @ LAC,L,28,7,16,0.438,0,1,0.0,3,4,0.75,2,4,6,0,0,0,3,3,17,-26,21.2,1,2015-16
22015,201149,Joakim Noah,1610612741,CHI,Chicago Bulls,0021500231,2015-11-27,CHI @ IND,L,19,0,2,0.0,0,0,,0,0,,1,4,5,0,0,2,2,2,0,-6,10.0,1,2015-16
22015,1626245,Cristiano Felicio,1610612741,CHI,Chicago Bulls,0021500231,2015-11-27,CHI @ IND,L,2,1,1,1.0,0,0,,0,0,,0,0,0,0,0,0,0,0,2,3,2.0,1,2015-16
22015,200751,Randy Foye,1610612743,DEN,Denver Nuggets,0021500235,2015-11-27,DEN vs. SAS,L,22,3,4,0.75,0,1,0.0,0,0,,0,1,1,3,2,0,2,0,6,12,15.7,1,2015-16
22015,201951,Ty Lawson,1610612745,HOU,Houston Rockets,0021500232,2015-11-27,HOU vs. PHI,W,16,2,3,0.667,0,0,,0,0,,0,0,0,3,1,0,3,0,4,8,8.5,1,2015-16
22015,201933,Blake Griffin,1610612746,LAC,LA Clippers,0021500238,2015-11-27,LAC vs. NOP,W,29,7,15,0.467,0,0,,6,7,0.857,1,5,6,6,1,0,2,3,20,26,37.2,1,2015-16
22015,202325,Wesley Johnson,1610612746,LAC,LA Clippers,0021500238,2015-11-27,LAC vs. NOP,W,14,1,4,0.25,0,1,0.0,0,0,,0,2,2,0,0,0,0,4,2,-2,4.4,1,2015-16
22015,203085,Austin Rivers,1610612746,LAC,LA Clippers,0021500238,2015-11-27,LAC vs. NOP,W,24,7,11,0.636,1,4,0.25,2,2,1.0,0,1,1,2,1,0,1,1,17,0,23.2,1,2015-16
22015,204020,Tyler Johnson,1610612748,MIA,Miami Heat,0021500230,2015-11-27,MIA @ NYK,W,20,2,5,0.4,0,0,,2,2,1.0,0,0,0,2,1,0,2,1,6,2,10.0,1,2015-16
22015,203897,Zach LaVine,1610612750,MIN,Minnesota Timberwolves,0021500237,2015-11-27,MIN @ SAC,W,29,7,14,0.5,1,6,0.167,4,4,1.0,1,7,8,4,0,0,2,2,19,-2,32.6,1,2015-16
22015,2546,Carmelo Anthony,1610612752,NYK,New York Knicks,0021500230,2015-11-27,NYK vs. MIA,L,34,4,13,0.308,1,3,0.333,2,2,1.0,1,2,3,1,1,1,1,3,11,-23,21.1,1,2015-16
22015,200811,Lou Amundson,1610612752,NYK,New York Knicks,0021500230,2015-11-27,NYK vs. MIA,L,5,1,1,1.0,0,0,,0,0,,0,1,1,0,0,0,0,1,2,1,3.2,1,2015-16
22015,204038,Langston Galloway,1610612752,NYK,New York Knicks,0021500230,2015-11-27,NYK vs. MIA,L,29,3,9,0.333,1,2,0.5,1,3,0.333,0,4,4,2,0,0,0,1,8,-7,15.8,1,2015-16
22015,101112,Channing Frye,1610612753,ORL,Orlando Magic,0021500228,2015-11-27,ORL vs. MIL,W,19,3,9,0.333,3,5,0.6,0,0,,1,3,4,1,2,1,0,2,9,14,24.3,1,2015-16
22015,203095,Evan Fournier,1610612753,ORL,Orlando Magic,0021500228,2015-11-27,ORL vs. MIL,W,28,5,12,0.417,3,6,0.5,4,6,0.667,1,4,5,1,1,0,1,3,17,20,26.5,1,2015-16
22015,203906,Devyn Marble,1610612753,ORL,Orlando Magic,0021500228,2015-11-27,ORL vs. MIL,W,3,1,1,1.0,0,0,,0,1,0.0,0,0,0,0,0,0,1,0,2,0,1.0,1,2015-16
22015,201588,George Hill,1610612754,IND,Indiana Pacers,0021500231,2015-11-27,IND vs. CHI,W,32,3,8,0.375,0,2,0.0,0,1,0.0,2,8,10,3,1,1,1,1,6,25,27.5,1,2015-16
22015,201978,Chase Budinger,1610612754,IND,Indiana Pacers,0021500231,2015-11-27,IND vs. CHI,W,11,0,2,0.0,0,2,0.0,0,0,,0,0,0,0,0,0,1,0,0,-2,-1.0,1,2015-16
22015,203922,Glenn Robinson III,1610612754,IND,Indiana Pacers,0021500231,2015-11-27,IND vs. CHI,W,2,0,0,,0,0,,0,0,,0,0,0,0,0,0,0,0,0,-4,0.0,1,2015-16
22015,204456,T.J. McConnell,1610612755,PHI,Philadelphia 76ers,0021500232,2015-11-27,PHI @ HOU,L,26,3,4,0.75,0,0,,0,0,,0,5,5,6,2,0,1,3,6,10,26.0,1,2015-16
22015,2199,Tyson Chandler,1610612756,PHX,Phoenix Suns,0021500236,2015-11-27,PHX vs. GSW,L,4,0,0,,0,0,,0,0,,0,2,2,0,0,0,0,1,0,-5,2.4,1,2015-16
22015,203933,T.J. Warren,1610612756,PHX,Phoenix Suns,0021500236,2015-11-27,PHX vs. GSW,L,35,12,16,0.75,2,3,0.667,2,2,1.0,2,4,6,2,2,0,2,2,28,-5,42.2,1,2015-16
22015,2225,Tony Parker,1610612759,SAS,San Antonio Spurs,0021500235,2015-11-27,SAS @ DEN,W,25,6,7,0.857,1,1,1.0,0,2,0.0,0,1,1,5,0,1,2,2,13,6,22.7,1,2015-16
22015,201988,Patty Mills,1610612759,SAS,San Antonio Spurs,0021500235,2015-11-27,SAS @ DEN,W,21,4,7,0.571,1,4,0.25,0,0,,0,3,3,1,1,0,2,3,9,10,15.1,1,2015-16
22015,203492,Ray McCallum,1610612759,SAS,San Antonio Spurs,0021500235,2015-11-27,SAS @ DEN,W,6,0,2,0.0,0,1,0.0,0,0,,0,1,1,1,0,0,0,0,0,-3,2.7,1,2015-16
22015,2555,Nick Collison,1610612760,OKC,Oklahoma City Thunder,0021500234,2015-11-27,OKC vs. DET,W,8,0,0,,0,0,,0,0,,0,3,3,1,0,0,0,0,0,-5,5.1,1,2015-16
22015,203079,Dion Waiters,1610612760,OKC,Oklahoma City Thunder,0021500234,2015-11-27,OKC vs. DET,W,27,4,13,0.308,0,4,0.0,0,0,,1,3,4,3,1,0,2,2,8,17,18.3,1,2015-16
22015,201144,Mike Conley,1610612763,MEM,Memphis Grizzlies,0021500233,2015-11-27,MEM vs. ATL,L,38,4,13,0.308,2,6,0.333,6,6,1.0,0,1,1,9,0,0,3,1,16,-17,27.7,1,2015-16
22015,201145,Jeff Green,1610612763,MEM,Memphis Grizzlies,0021500233,2015-11-27,MEM vs. ATL,L,31,4,7,0.571,1,1,1.0,2,2,1.0,0,7,7,1,0,0,1,5,11,-11,19.9,1,2015-16
22015,201584,Courtney Lee,1610612763,MEM,Memphis Grizzlies,0021500233,2015-11-27,MEM vs. ATL,L,26,6,10,0.6,2,3,0.667,0,0,,1,3,4,1,0,0,0,0,14,-7,20.3,1,2015-16
22015,2743,Kris Humphries,1610612764,WAS,Washington Wizards,0021500229,2015-11-27,WAS @ BOS,L,13,0,5,0.0,0,1,0.0,0,0,,1,3,4,0,1,1,1,2,0,-17,9.8,1,2015-16
22015,203490,Otto Porter Jr.,1610612764,WAS,Washington Wizards,0021500229,2015-11-27,WAS @ BOS,L,22,3,8,0.375,0,2,0.0,0,0,,1,4,5,0,2,0,1,3,6,-8,17.0,1,2015-16
22015,1626162,Kelly Oubre Jr.,1610612764,WAS,Washington Wizards,0021500229,2015-11-27,WAS @ BOS,L,13,0,7,0.0,0,3,0.0,4,4,1.0,0,6,6,0,0,0,0,1,4,-13,11.2,1,2015-16
22015,202694,Marcus Morris Sr.,1610612765,DET,Detroit Pistons,0021500234,2015-11-27,DET @ OKC,L,40,5,13,0.385,2,4,0.5,5,6,0.833,0,4,4,0,1,0,0,1,17,-19,24.8,1,2015-16
22015,1626163,Frank Kaminsky,1610612766,CHA,Charlotte Hornets,0021500227,2015-11-27,CHA vs. CLE,L,19,1,4,0.25,0,1,0.0,1,2,0.5,1,1,2,1,0,0,1,3,3,-9,5.9,1,2015-16
22015,201952,Jeff Teague,1610612737,ATL,Atlanta Hawks,0021500233,2015-11-27,ATL @ MEM,W,29,5,7,0.714,4,6,0.667,6,6,1.0,0,2,2,7,1,0,1,2,20,29,34.9,1,2015-16
22015,203501,Tim Hardaway Jr.,1610612737,ATL,Atlanta Hawks,0021500233,2015-11-27,ATL @ MEM,W,8,1,2,0.5,1,1,1.0,0,0,,0,0,0,0,0,0,0,0,3,-11,3.0,1,2015-16
22015,203482,Kelly Olynyk,1610612738,BOS,Boston Celtics,0021500229,2015-11-27,BOS vs. WAS,W,21,4,7,0.571,4,5,0.8,0,0,,1,3,4,2,2,1,0,1,12,17,28.8,1,2015-16
22015,201567,Kevin Love,1610612739,CLE,Cleveland Cavaliers,0021500227,2015-11-27,CLE @ CHA,W,30,7,12,0.583,2,3,0.667,2,2,1.0,4,12,16,1,0,0,2,0,18,-7,36.7,1,2015-16
22015,202684,Tristan Thompson,1610612739,CLE,Cleveland Cavaliers,0021500227,2015-11-27,CLE @ CHA,W,30,3,7,0.429,0,0,,1,2,0.5,3,9,12,1,1,0,3,5,7,5,22.9,1,2015-16
22015,201950,Jrue Holiday,1610612740,NOP,New Orleans Pelicans,0021500238,2015-11-27,NOP @ LAC,L,13,3,6,0.5,0,2,0.0,1,2,0.5,0,2,2,3,0,0,2,4,7,-4,11.9,1,2015-16
22015,2200,Pau Gasol,1610612741,CHI,Chicago Bulls,0021500231,2015-11-27,CHI @ IND,L,27,4,16,0.25,0,1,0.0,1,2,0.5,3,8,11,4,0,0,1,4,9,-9,27.2,1,2015-16
22015,202710,Jimmy Butler III,1610612741,CHI,Chicago Bulls,0021500231,2015-11-27,CHI @ IND,L,40,4,10,0.4,2,4,0.5,6,6,1.0,0,5,5,5,2,2,4,2,16,-8,37.5,1,2015-16
22015,202734,E'Twaun Moore,1610612741,CHI,Chicago Bulls,0021500231,2015-11-27,CHI @ IND,L,27,3,7,0.429,0,0,,1,2,0.5,0,1,1,2,3,0,0,3,7,-2,20.2,1,2015-16
22015,201581,JJ Hickson,1610612743,DEN,Denver Nuggets,0021500235,2015-11-27,DEN vs. SAS,L,16,3,6,0.5,0,0,,3,4,0.75,1,0,1,0,0,2,0,2,9,-11,16.2,1,2015-16
22015,203115,Will Barton,1610612743,DEN,Denver Nuggets,0021500235,2015-11-27,DEN vs. SAS,L,29,5,10,0.5,1,3,0.333,1,2,0.5,2,7,9,2,2,0,5,0,12,-13,26.8,1,2015-16
22015,203914,Gary Harris,1610612743,DEN,Denver Nuggets,0021500235,2015-11-27,DEN vs. SAS,L,25,2,4,0.5,1,3,0.333,0,0,,0,1,1,3,1,0,2,1,5,-14,11.7,1,2015-16
22015,2730,Dwight Howard,1610612745,HOU,Houston Rockets,0021500232,2015-11-27,HOU vs. PHI,W,36,4,7,0.571,0,0,,6,8,0.75,4,9,13,4,1,0,1,4,14,1,37.6,1,2015-16
22015,201599,DeAndre Jordan,1610612746,LAC,LA Clippers,0021500238,2015-11-27,LAC vs. NOP,W,25,4,5,0.8,0,0,,0,0,,2,9,11,1,0,1,0,4,8,21,25.7,1,2015-16
22015,201601,Luc Mbah a Moute,1610612746,LAC,LA Clippers,0021500238,2015-11-27,LAC vs. NOP,W,6,1,1,1.0,0,0,,0,0,,0,0,0,0,0,2,0,0,2,-3,8.0,1,2015-16
22015,2617,Udonis Haslem,1610612748,MIA,Miami Heat,0021500230,2015-11-27,MIA @ NYK,W,7,0,1,0.0,0,0,,0,0,,0,0,0,0,0,0,0,1,0,-1,0.0,1,2015-16
22015,201609,Goran Dragic,1610612748,MIA,Miami Heat,0021500230,2015-11-27,MIA @ NYK,W,30,3,8,0.375,0,0,,3,3,1.0,0,4,4,3,1,0,1,0,9,17,20.3,1,2015-16
22015,203089,John Henson,1610612749,MIL,Milwaukee Bucks,0021500228,2015-11-27,MIL @ ORL,L,20,1,2,0.5,0,0,,6,6,1.0,0,3,3,0,1,1,3,2,8,-7,14.6,1,2015-16
22015,1626173,Rashad Vaughn,1610612749,MIL,Milwaukee Bucks,0021500228,2015-11-27,MIL @ ORL,L,3,1,3,0.333,0,1,0.0,0,0,,0,1,1,0,0,0,0,1,2,0,3.2,1,2015-16
22015,2755,Kevin Martin,1610612750,MIN,Minnesota Timberwolves,0021500237,2015-11-27,MIN @ SAC,W,29,1,6,0.167,1,4,0.25,0,0,,0,2,2,0,0,0,2,1,3,1,3.4,1,2015-16
22015,203476,Gorgui Dieng,1610612750,MIN,Minnesota Timberwolves,0021500237,2015-11-27,MIN @ SAC,W,27,2,4,0.5,0,0,,4,4,1.0,3,5,8,2,2,0,2,1,8,14,24.6,1,2015-16
22015,204014,Damjan Rudez,1610612750,MIN,Minnesota Timberwolves,0021500237,2015-11-27,MIN @ SAC,W,18,1,4,0.25,1,4,0.25,0,0,,0,1,1,3,0,0,2,3,3,8,6.7,1,2015-16
22015,201167,Arron Afflalo,1610612752,NYK,New York Knicks,0021500230,2015-11-27,NYK vs. MIA,L,19,2,7,0.286,0,1,0.0,0,0,,0,3,3,1,0,1,0,2,4,-12,12.1,1,2015-16
22015,204001,Kristaps Porziņģis,1610612752,NYK,New York Knicks,0021500230,2015-11-27,NYK vs. MIA,L,24,5,11,0.455,0,1,0.0,1,2,0.5,0,8,8,0,2,3,3,5,11,-6,32.6,1,2015-16
22015,202696,Nikola Vučević,1610612753,ORL,Orlando Magic,0021500228,2015-11-27,ORL vs. MIL,W,21,4,8,0.5,0,0,,1,1,1.0,3,3,6,1,1,1,2,3,9,11,21.7,1,2015-16
22015,1626209,Mario Hezonja,1610612753,ORL,Orlando Magic,0021500228,2015-11-27,ORL vs. MIL,W,5,0,0,,0,0,,2,2,1.0,0,0,0,0,0,0,0,0,2,1,2.0,1,2015-16
22015,101133,Ian Mahinmi,1610612754,IND,Indiana Pacers,0021500231,2015-11-27,IND vs. CHI,W,27,4,8,0.5,0,0,,7,10,0.7,3,6,9,4,1,1,2,4,15,22,35.8,1,2015-16
22015,202730,Lavoy Allen,1610612754,IND,Indiana Pacers,0021500231,2015-11-27,IND vs. CHI,W,27,6,10,0.6,0,0,,0,0,,1,9,10,0,0,2,1,1,12,-10,29.0,1,2015-16
22015,203496,Robert Covington,1610612755,PHI,Philadelphia 76ers,0021500232,2015-11-27,PHI @ HOU,L,38,7,12,0.583,6,9,0.667,8,9,0.889,1,6,7,5,8,1,4,4,28,1,66.9,1,2015-16
22015,203917,Nik Stauskas,1610612755,PHI,Philadelphia 76ers,0021500232,2015-11-27,PHI @ HOU,L,15,1,4,0.25,1,3,0.333,1,2,0.5,0,2,2,3,2,0,0,0,4,17,16.9,1,2015-16
22015,201158,Marco Belinelli,1610612758,SAC,Sacramento Kings,0021500237,2015-11-27,SAC vs. MIN,L,34,7,12,0.583,3,5,0.6,0,1,0.0,0,2,2,2,0,1,4,2,17,-8,21.4,1,2015-16
22015,2561,David West,1610612759,SAS,San Antonio Spurs,0021500235,2015-11-27,SAS @ DEN,W,19,0,4,0.0,0,0,,2,2,1.0,1,5,6,1,2,0,2,0,2,8,14.7,1,2015-16
22015,201980,Danny Green,1610612759,SAS,San Antonio Spurs,0021500235,2015-11-27,SAS @ DEN,W,27,3,9,0.333,3,6,0.5,0,0,,0,4,4,0,1,0,2,0,9,-6,14.8,1,2015-16
22015,202695,Kawhi Leonard,1610612759,SAS,San Antonio Spurs,0021500235,2015-11-27,SAS @ DEN,W,32,11,18,0.611,2,4,0.5,1,1,1.0,1,6,7,6,4,5,2,1,25,18,67.4,1,2015-16
22015,1713,Vince Carter,1610612763,MEM,Memphis Grizzlies,0021500233,2015-11-27,MEM vs. ATL,L,22,4,10,0.4,4,9,0.444,2,2,1.0,0,5,5,1,0,1,0,3,14,3,24.5,1,2015-16
22015,201596,Mario Chalmers,1610612763,MEM,Memphis Grizzlies,0021500233,2015-11-27,MEM vs. ATL,L,11,0,2,0.0,0,2,0.0,3,4,0.75,0,1,1,2,0,0,5,4,3,4,2.2,1,2015-16
22015,203893,Russ Smith,1610612763,MEM,Memphis Grizzlies,0021500233,2015-11-27,MEM vs. ATL,L,1,0,1,0.0,0,1,0.0,0,0,,0,0,0,0,0,0,0,0,0,0,0.0,1,2015-16
22015,2403,Nene,1610612764,WAS,Washington Wizards,0021500229,2015-11-27,WAS @ BOS,L,2,0,1,0.0,0,0,,0,0,,0,1,1,0,0,0,1,1,0,-3,0.2,1,2015-16
22015,203083,Andre Drummond,1610612765,DET,Detroit Pistons,0021500234,2015-11-27,DET @ OKC,L,32,7,16,0.438,0,0,,1,2,0.5,3,4,7,2,1,0,2,4,15,-5,27.4,1,2015-16
22015,200794,Paul Millsap,1610612737,ATL,Atlanta Hawks,0021500233,2015-11-27,ATL @ MEM,W,35,6,10,0.6,0,2,0.0,11,13,0.846,4,10,14,4,0,0,3,2,23,27,42.8,1,2015-16
22015,203145,Kent Bazemore,1610612737,ATL,Atlanta Hawks,0021500233,2015-11-27,ATL @ MEM,W,26,5,9,0.556,2,5,0.4,2,2,1.0,0,3,3,2,1,0,1,3,14,-1,22.6,1,2015-16
22015,201973,Jonas Jerebko,1610612738,BOS,Boston Celtics,0021500229,2015-11-27,BOS vs. WAS,W,25,1,7,0.143,0,2,0.0,2,4,0.5,3,4,7,2,2,1,2,1,4,4,22.4,1,2015-16
22015,202323,Evan Turner,1610612738,BOS,Boston Celtics,0021500229,2015-11-27,BOS vs. WAS,W,21,2,7,0.286,0,3,0.0,0,0,,0,2,2,3,1,2,2,2,4,10,17.9,1,2015-16
22015,202738,Isaiah Thomas,1610612738,BOS,Boston Celtics,0021500229,2015-11-27,BOS vs. WAS,W,31,9,21,0.429,3,10,0.3,0,0,,1,3,4,3,2,0,2,1,21,17,34.3,1,2015-16
22015,1626179,Terry Rozier,1610612738,BOS,Boston Celtics,0021500229,2015-11-27,BOS vs. WAS,W,10,0,3,0.0,0,0,,0,0,,0,1,1,1,0,0,0,1,0,8,2.7,1,2015-16
22015,2590,Mo Williams,1610612739,CLE,Cleveland Cavaliers,0021500227,2015-11-27,CLE @ CHA,W,21,3,4,0.75,0,0,,0,0,,0,1,1,3,0,1,3,4,6,-3,11.7,1,2015-16
22015,2592,James Jones,1610612739,CLE,Cleveland Cavaliers,0021500227,2015-11-27,CLE @ CHA,W,8,0,4,0.0,0,3,0.0,0,0,,0,0,0,0,0,0,0,1,0,2,0.0,1,2015-16
22015,2747,JR Smith,1610612739,CLE,Cleveland Cavaliers,0021500227,2015-11-27,CLE @ CHA,W,31,4,10,0.4,1,5,0.2,2,2,1.0,1,2,3,1,1,0,1,4,11,2,18.1,1,2015-16
22015,203099,Jared Cunningham,1610612739,CLE,Cleveland Cavaliers,0021500227,2015-11-27,CLE @ CHA,W,0,0,0,,0,0,,0,0,,0,0,0,0,0,0,0,0,0,0,0.0,1,2015-16
22015,202703,Nikola Mirotic,1610612741,CHI,Chicago Bulls,0021500231,2015-11-27,CHI @ IND,L,29,8,14,0.571,2,4,0.5,7,8,0.875,2,5,7,2,0,1,2,4,25,-4,37.4,1,2015-16
22015,203926,Doug McDermott,1610612741,CHI,Chicago Bulls,0021500231,2015-11-27,CHI @ IND,L,6,0,4,0.0,0,2,0.0,0,0,,1,0,1,0,0,0,0,0,0,-5,1.2,1,2015-16
22015,2749,Jameer Nelson,1610612743,DEN,Denver Nuggets,0021500235,2015-11-27,DEN vs. SAS,L,22,5,10,0.5,2,4,0.5,0,0,,0,1,1,2,0,0,1,3,12,-4,15.2,1,2015-16
22015,203123,Kostas Papanikolaou,1610612743,DEN,Denver Nuggets,0021500235,2015-11-27,DEN vs. SAS,L,4,0,1,0.0,0,1,0.0,0,0,,0,1,1,0,0,0,0,0,0,6,1.2,1,2015-16
22015,1626144,Emmanuel Mudiay,1610612743,DEN,Denver Nuggets,0021500235,2015-11-27,DEN vs. SAS,L,29,3,14,0.214,0,1,0.0,3,3,1.0,1,2,3,3,0,0,2,3,9,-13,15.1,1,2015-16
22015,2571,Leandro Barbosa,1610612744,GSW,Golden State Warriors,0021500236,2015-11-27,GSW @ PHX,W,23,8,9,0.889,5,5,1.0,0,0,,0,3,3,2,0,1,3,1,21,2,27.6,1,2015-16
22015,101106,Andrew Bogut,1610612744,GSW,Golden State Warriors,0021500236,2015-11-27,GSW @ PHX,W,13,3,5,0.6,0,0,,1,2,0.5,0,2,2,2,0,2,1,4,7,14,17.4,1,2015-16
22015,203546,Ian Clark,1610612744,GSW,Golden State Warriors,0021500236,2015-11-27,GSW @ PHX,W,13,3,7,0.429,1,2,0.5,0,0,,0,2,2,2,1,0,2,3,7,-2,13.4,1,2015-16
22015,203093,Terrence Jones,1610612745,HOU,Houston Rockets,0021500232,2015-11-27,HOU vs. PHI,W,24,2,5,0.4,1,2,0.5,0,0,,1,7,8,1,0,1,1,3,5,-14,18.1,1,2015-16
22015,202332,Cole Aldrich,1610612746,LAC,LA Clippers,0021500238,2015-11-27,LAC vs. NOP,W,2,0,0,,0,0,,1,2,0.5,0,1,1,0,0,0,1,0,1,-2,1.2,1,2015-16
22015,2547,Chris Bosh,1610612748,MIA,Miami Heat,0021500230,2015-11-27,MIA @ NYK,W,31,7,15,0.467,1,4,0.25,5,6,0.833,0,5,5,3,0,1,1,1,20,8,32.5,1,2015-16
22015,2548,Dwyane Wade,1610612748,MIA,Miami Heat,0021500230,2015-11-27,MIA @ NYK,W,29,7,17,0.412,0,0,,3,3,1.0,2,3,5,3,0,0,3,0,17,12,24.5,1,2015-16
22015,101123,Gerald Green,1610612748,MIA,Miami Heat,0021500230,2015-11-27,MIA @ NYK,W,27,8,14,0.571,4,8,0.5,5,5,1.0,0,2,2,0,1,0,2,3,25,16,28.4,1,2015-16
22015,201177,Josh McRoberts,1610612748,MIA,Miami Heat,0021500230,2015-11-27,MIA @ NYK,W,24,1,1,1.0,0,0,,0,1,0.0,0,4,4,3,0,0,1,2,2,14,10.3,1,2015-16
22015,202355,Hassan Whiteside,1610612748,MIA,Miami Heat,0021500230,2015-11-27,MIA @ NYK,W,31,1,6,0.167,0,0,,4,6,0.667,5,9,14,0,0,6,1,1,6,14,39.8,1,2015-16
22015,1626159,Justise Winslow,1610612748,MIA,Miami Heat,0021500230,2015-11-27,MIA @ NYK,W,35,3,7,0.429,1,3,0.333,2,2,1.0,1,6,7,1,1,0,0,3,9,12,21.9,1,2015-16
22015,1626196,Josh Richardson,1610612748,MIA,Miami Heat,0021500230,2015-11-27,MIA @ NYK,W,2,1,2,0.5,1,2,0.5,0,0,,0,1,1,0,0,0,0,0,3,1,4.2,1,2015-16
22015,201564,O.J. Mayo,1610612749,MIL,Milwaukee Bucks,0021500228,2015-11-27,MIL @ ORL,L,25,1,6,0.167,0,4,0.0,3,3,1.0,1,3,4,4,0,0,2,4,5,-4,13.8,1,2015-16
22015,201573,Jerryd Bayless,1610612749,MIL,Milwaukee Bucks,0021500228,2015-11-27,MIL @ ORL,L,33,6,14,0.429,5,10,0.5,0,0,,0,4,4,3,2,0,4,2,17,-16,28.3,1,2015-16
22015,203101,Miles Plumlee,1610612749,MIL,Milwaukee Bucks,0021500228,2015-11-27,MIL @ ORL,L,3,1,1,1.0,0,0,,0,0,,0,0,0,0,0,0,0,0,2,0,2.0,1,2015-16
22015,203142,Chris Copeland,1610612749,MIL,Milwaukee Bucks,0021500228,2015-11-27,MIL @ ORL,L,3,0,1,0.0,0,1,0.0,0,0,,0,1,1,0,0,0,0,0,0,0,1.2,1,2015-16
22015,708,Kevin Garnett,1610612750,MIN,Minnesota Timberwolves,0021500237,2015-11-27,MIN @ SAC,W,17,1,1,1.0,0,0,,0,0,,0,5,5,4,1,0,2,3,2,4,15.0,1,2015-16
22015,203498,Shabazz Muhammad,1610612750,MIN,Minnesota Timberwolves,0021500237,2015-11-27,MIN @ SAC,W,16,5,8,0.625,3,5,0.6,2,2,1.0,0,1,1,0,0,0,2,2,15,10,14.2,1,2015-16
22015,201577,Robin Lopez,1610612752,NYK,New York Knicks,0021500230,2015-11-27,NYK vs. MIA,L,14,1,6,0.167,0,0,,0,0,,1,3,4,1,0,0,1,5,2,-1,7.3,1,2015-16
22015,203473,Dewayne Dedmon,1610612753,ORL,Orlando Magic,0021500228,2015-11-27,ORL vs. MIL,W,4,0,0,,0,0,,0,0,,0,1,1,0,1,0,1,2,0,0,3.2,1,2015-16
22015,203894,Shabazz Napier,1610612753,ORL,Orlando Magic,0021500228,2015-11-27,ORL vs. MIL,W,12,1,5,0.2,0,3,0.0,2,3,0.667,0,2,2,3,0,0,1,0,4,-3,9.9,1,2015-16
22015,101139,CJ Miles,1610612754,IND,Indiana Pacers,0021500231,2015-11-27,IND vs. CHI,W,32,6,12,0.5,3,8,0.375,1,1,1.0,0,3,3,1,0,0,0,4,16,0,21.1,1,2015-16
22015,203524,Solomon Hill,1610612754,IND,Indiana Pacers,0021500231,2015-11-27,IND vs. CHI,W,12,0,1,0.0,0,1,0.0,0,0,,0,3,3,3,1,0,0,0,0,8,11.1,1,2015-16
22015,203515,Phil Pressey,1610612755,PHI,Philadelphia 76ers,0021500232,2015-11-27,PHI @ HOU,L,16,2,6,0.333,0,0,,0,1,0.0,0,0,0,5,2,1,1,0,4,-5,19.5,1,2015-16
22015,1626158,Richaun Holmes,1610612755,PHI,Philadelphia 76ers,0021500232,2015-11-27,PHI @ HOU,L,10,2,2,1.0,0,0,,0,0,,1,1,2,0,0,0,0,1,4,-4,6.4,1,2015-16
22015,202688,Brandon Knight,1610612756,PHX,Phoenix Suns,0021500236,2015-11-27,PHX vs. GSW,L,35,9,19,0.474,1,6,0.167,2,3,0.667,0,1,1,5,1,0,0,3,21,-17,32.7,1,2015-16
22015,202693,Markieff Morris,1610612756,PHX,Phoenix Suns,0021500236,2015-11-27,PHX vs. GSW,L,17,4,11,0.364,2,2,1.0,1,2,0.5,0,3,3,1,1,0,4,2,11,-20,15.1,1,2015-16
22015,202720,Jon Leuer,1610612756,PHX,Phoenix Suns,0021500236,2015-11-27,PHX vs. GSW,L,11,0,3,0.0,0,2,0.0,0,0,,2,3,5,1,2,0,2,2,0,-5,11.5,1,2015-16
22015,203462,Archie Goodwin,1610612756,PHX,Phoenix Suns,0021500236,2015-11-27,PHX vs. GSW,L,12,3,5,0.6,0,0,,5,7,0.714,0,2,2,0,1,0,0,2,11,3,16.4,1,2015-16
22015,201585,Kosta Koufos,1610612758,SAC,Sacramento Kings,0021500237,2015-11-27,SAC vs. MIN,L,30,5,10,0.5,0,0,,6,6,1.0,8,5,13,0,1,1,2,3,16,-5,35.6,1,2015-16
22015,201956,Omri Casspi,1610612758,SAC,Sacramento Kings,0021500237,2015-11-27,SAC vs. MIN,L,28,6,10,0.6,2,5,0.4,1,2,0.5,0,6,6,0,0,0,2,2,15,1,20.2,1,2015-16
22015,1626161,Willie Cauley-Stein,1610612758,SAC,Sacramento Kings,0021500237,2015-11-27,SAC vs. MIN,L,25,3,5,0.6,0,0,,0,2,0.0,1,2,3,0,0,1,0,0,6,-8,12.6,1,2015-16
22015,2446,Rasual Butler,1610612759,SAS,San Antonio Spurs,0021500235,2015-11-27,SAS @ DEN,W,4,0,1,0.0,0,1,0.0,0,0,,0,0,0,0,0,0,0,0,0,-6,0.0,1,2015-16
22015,201142,Kevin Durant,1610612760,OKC,Oklahoma City Thunder,0021500234,2015-11-27,OKC vs. DET,W,38,10,22,0.455,4,9,0.444,10,10,1.0,1,12,13,5,0,3,3,0,34,13,63.1,1,2015-16
22015,201571,D.J. Augustin,1610612760,OKC,Oklahoma City Thunder,0021500234,2015-11-27,OKC vs. DET,W,22,2,5,0.4,1,3,0.333,1,1,1.0,1,3,4,3,0,0,0,1,6,9,15.3,1,2015-16
22015,203460,Andre Roberson,1610612760,OKC,Oklahoma City Thunder,0021500234,2015-11-27,OKC vs. DET,W,31,1,3,0.333,0,2,0.0,0,0,,0,8,8,0,0,0,0,3,2,20,11.6,1,2015-16
22015,2440,Matt Barnes,1610612763,MEM,Memphis Grizzlies,0021500233,2015-11-27,MEM vs. ATL,L,27,6,12,0.5,3,7,0.429,0,0,,1,1,2,0,0,0,0,5,15,-16,17.4,1,2015-16
22015,2754,Tony Allen,1610612763,MEM,Memphis Grizzlies,0021500233,2015-11-27,MEM vs. ATL,L,20,3,9,0.333,0,1,0.0,0,0,,1,1,2,2,2,0,1,2,6,-10,16.4,1,2015-16
22015,201188,Marc Gasol,1610612763,MEM,Memphis Grizzlies,0021500233,2015-11-27,MEM vs. ATL,L,37,4,9,0.444,0,0,,5,6,0.833,1,7,8,2,0,0,2,2,13,-24,23.6,1,2015-16
22015,201162,Jared Dudley,1610612764,WAS,Washington Wizards,0021500229,2015-11-27,WAS @ BOS,L,30,5,9,0.556,3,4,0.75,6,7,0.857,1,4,5,1,0,2,4,2,19,-24,28.5,1,2015-16
22015,201971,DeJuan Blair,1610612764,WAS,Washington Wizards,0021500229,2015-11-27,WAS @ BOS,L,15,0,2,0.0,0,0,,0,0,,2,3,5,0,1,0,2,2,0,1,7.0,1,2015-16
22015,202066,Garrett Temple,1610612764,WAS,Washington Wizards,0021500229,2015-11-27,WAS @ BOS,L,11,2,4,0.5,0,1,0.0,1,2,0.5,0,1,1,0,1,0,1,0,5,-9,8.2,1,2015-16
22015,202390,Gary Neal,1610612764,WAS,Washington Wizards,0021500229,2015-11-27,WAS @ BOS,L,18,2,7,0.286,0,0,,1,1,1.0,0,2,2,0,0,0,1,0,5,-16,6.4,1,2015-16
22015,203078,Bradley Beal,1610612764,WAS,Washington Wizards,0021500229,2015-11-27,WAS @ BOS,L,33,7,14,0.5,1,2,0.5,1,1,1.0,1,2,3,2,1,1,4,3,16,-19,24.6,1,2015-16
22015,101141,Ersan Ilyasova,1610612765,DET,Detroit Pistons,0021500234,2015-11-27,DET @ OKC,L,28,3,8,0.375,1,5,0.2,2,2,1.0,2,2,4,0,0,0,1,1,9,-15,12.8,1,2015-16
22015,101107,Marvin Williams,1610612766,CHA,Charlotte Hornets,0021500227,2015-11-27,CHA vs. CLE,L,33,3,8,0.375,2,6,0.333,2,2,1.0,1,1,2,3,0,2,0,5,10,8,22.9,1,2015-16
22015,202689,Kemba Walker,1610612766,CHA,Charlotte Hornets,0021500227,2015-11-27,CHA vs. CLE,L,35,6,16,0.375,1,4,0.25,5,5,1.0,1,3,4,4,3,2,3,0,18,-4,40.8,1,2015-16
22015,2594,Kyle Korver,1610612737,ATL,Atlanta Hawks,0021500233,2015-11-27,ATL @ MEM,W,34,4,9,0.444,3,8,0.375,2,3,0.667,0,3,3,1,1,0,1,2,13,29,20.1,1,2015-16
22015,201143,Al Horford,1610612737,ATL,Atlanta Hawks,0021500233,2015-11-27,ATL @ MEM,W,30,5,10,0.5,2,3,0.667,4,4,1.0,0,4,4,2,0,0,0,5,16,-3,23.8,1,2015-16
22015,203118,Mike Scott,1610612737,ATL,Atlanta Hawks,0021500233,2015-11-27,ATL @ MEM,W,8,1,3,0.333,0,0,,0,0,,1,2,3,1,0,0,1,1,2,-7,6.1,1,2015-16
22015,203092,Tyler Zeller,1610612738,BOS,Boston Celtics,0021500229,2015-11-27,BOS vs. WAS,W,6,0,3,0.0,0,0,,1,1,1.0,0,1,1,0,1,0,1,1,1,6,4.2,1,2015-16
22015,203096,Jared Sullinger,1610612738,BOS,Boston Celtics,0021500229,2015-11-27,BOS vs. WAS,W,24,8,12,0.667,0,1,0.0,2,4,0.5,6,9,15,3,0,2,2,1,18,22,44.5,1,2015-16
22015,201583,Ryan Anderson,1610612740,NOP,New Orleans Pelicans,0021500238,2015-11-27,NOP @ LAC,L,23,3,14,0.214,1,3,0.333,2,2,1.0,6,2,8,0,2,1,1,4,9,-12,26.6,1,2015-16
22015,201967,Dante Cunningham,1610612740,NOP,New Orleans Pelicans,0021500238,2015-11-27,NOP @ LAC,L,20,1,5,0.2,0,1,0.0,0,0,,2,3,5,1,2,0,2,0,2,5,13.5,1,2015-16
22015,2034,Mike Miller,1610612743,DEN,Denver Nuggets,0021500235,2015-11-27,DEN vs. SAS,L,20,1,3,0.333,1,3,0.333,0,0,,0,3,3,2,2,0,3,4,3,-3,12.6,1,2015-16
22015,201568,Danilo Gallinari,1610612743,DEN,Denver Nuggets,0021500235,2015-11-27,DEN vs. SAS,L,35,5,15,0.333,2,4,0.5,4,4,1.0,1,9,10,2,0,0,0,0,16,-14,31.0,1,2015-16
22015,2733,Shaun Livingston,1610612744,GSW,Golden State Warriors,0021500236,2015-11-27,GSW @ PHX,W,21,0,2,0.0,0,0,,4,4,1.0,0,2,2,3,0,0,0,2,4,-1,10.9,1,2015-16
22015,2738,Andre Iguodala,1610612744,GSW,Golden State Warriors,0021500236,2015-11-27,GSW @ PHX,W,23,4,6,0.667,1,2,0.5,0,0,,2,3,5,2,0,0,2,0,9,10,16.0,1,2015-16
22015,201574,Jason Thompson,1610612744,GSW,Golden State Warriors,0021500236,2015-11-27,GSW @ PHX,W,4,0,0,,0,0,,0,0,,0,2,2,1,0,0,0,1,0,-5,3.9,1,2015-16
22015,202691,Klay Thompson,1610612744,GSW,Golden State Warriors,0021500236,2015-11-27,GSW @ PHX,W,27,6,11,0.545,3,8,0.375,0,0,,0,2,2,0,0,1,2,4,15,16,18.4,1,2015-16
22015,201976,Patrick Beverley,1610612745,HOU,Houston Rockets,0021500232,2015-11-27,HOU vs. PHI,W,32,2,4,0.5,1,1,1.0,0,0,,0,2,2,4,1,3,1,2,5,-6,24.4,1,2015-16
22015,203991,Clint Capela,1610612745,HOU,Houston Rockets,0021500232,2015-11-27,HOU vs. PHI,W,25,6,13,0.462,0,0,,1,2,0.5,2,8,10,0,0,2,2,1,13,15,29.0,1,2015-16
22015,1718,Paul Pierce,1610612746,LAC,LA Clippers,0021500238,2015-11-27,LAC vs. NOP,W,13,0,2,0.0,0,1,0.0,0,0,,0,2,2,0,0,3,0,1,0,-2,11.4,1,2015-16
22015,2037,Jamal Crawford,1610612746,LAC,LA Clippers,0021500238,2015-11-27,LAC vs. NOP,W,27,2,8,0.25,1,3,0.333,4,4,1.0,0,3,3,0,1,0,3,0,9,7,12.6,1,2015-16
22015,101108,Chris Paul,1610612746,LAC,LA Clippers,0021500238,2015-11-27,LAC vs. NOP,W,29,5,11,0.455,1,4,0.25,6,7,0.857,0,5,5,8,2,0,0,1,17,26,41.0,1,2015-16
22015,203114,Khris Middleton,1610612749,MIL,Milwaukee Bucks,0021500228,2015-11-27,MIL @ ORL,L,34,4,7,0.571,3,5,0.6,4,4,1.0,0,3,3,4,3,0,1,1,15,-16,32.6,1,2015-16
22015,203487,Michael Carter-Williams,1610612749,MIL,Milwaukee Bucks,0021500228,2015-11-27,MIL @ ORL,L,24,1,3,0.333,0,0,,1,2,0.5,1,3,4,3,0,1,5,2,3,-14,10.3,1,2015-16
22015,203948,Johnny O'Bryant III,1610612749,MIL,Milwaukee Bucks,0021500228,2015-11-27,MIL @ ORL,L,9,1,1,1.0,0,0,,0,0,,0,2,2,1,0,0,2,0,2,1,3.9,1,2015-16
22015,1889,Andre Miller,1610612750,MIN,Minnesota Timberwolves,0021500237,2015-11-27,MIN @ SAC,W,19,4,4,1.0,1,1,1.0,3,3,1.0,0,1,1,4,1,0,0,3,12,12,22.2,1,2015-16
22015,2419,Tayshaun Prince,1610612750,MIN,Minnesota Timberwolves,0021500237,2015-11-27,MIN @ SAC,W,22,3,10,0.3,0,1,0.0,0,0,,1,2,3,1,0,0,1,0,6,8,10.1,1,2015-16
22015,203940,Adreian Payne,1610612750,MIN,Minnesota Timberwolves,0021500237,2015-11-27,MIN @ SAC,W,7,2,4,0.5,0,0,,0,0,,2,1,3,1,0,0,1,0,4,-6,8.1,1,2015-16
22015,1626157,Karl-Anthony Towns,1610612750,MIN,Minnesota Timberwolves,0021500237,2015-11-27,MIN @ SAC,W,21,3,5,0.6,1,1,1.0,0,0,,0,8,8,0,0,2,2,0,7,-4,20.6,1,2015-16
22015,202338,Kevin Seraphin,1610612752,NYK,New York Knicks,0021500230,2015-11-27,NYK vs. MIA,L,17,5,11,0.455,0,0,,0,0,,1,2,3,1,0,0,2,2,10,-9,13.1,1,2015-16
22015,202498,Lance Thomas,1610612752,NYK,New York Knicks,0021500230,2015-11-27,NYK vs. MIA,L,14,1,4,0.25,0,1,0.0,2,2,1.0,1,0,1,1,0,0,0,1,4,-7,6.7,1,2015-16
22015,203901,Elfrid Payton,1610612753,ORL,Orlando Magic,0021500228,2015-11-27,ORL vs. MIL,W,31,10,12,0.833,1,1,1.0,1,1,1.0,1,1,2,10,1,0,4,3,22,20,38.4,1,2015-16
22015,203932,Aaron Gordon,1610612753,ORL,Orlando Magic,0021500228,2015-11-27,ORL vs. MIL,W,18,1,2,0.5,0,1,0.0,0,0,,0,5,5,1,1,0,2,2,2,4,10.5,1,2015-16
22015,203138,Hollis Thompson,1610612755,PHI,Philadelphia 76ers,0021500232,2015-11-27,PHI @ HOU,L,26,3,8,0.375,2,5,0.4,2,3,0.667,0,4,4,0,2,0,0,5,10,7,20.8,1,2015-16
22015,203477,Isaiah Canaan,1610612755,PHI,Philadelphia 76ers,0021500232,2015-11-27,PHI @ HOU,L,32,9,17,0.529,4,10,0.4,1,3,0.333,0,2,2,2,0,1,3,5,23,-9,28.4,1,2015-16
22015,203924,Jerami Grant,1610612755,PHI,Philadelphia 76ers,0021500232,2015-11-27,PHI @ HOU,L,32,6,13,0.462,3,7,0.429,3,4,0.75,1,2,3,1,1,1,1,3,18,-6,28.1,1,2015-16
22015,203960,JaKarr Sampson,1610612755,PHI,Philadelphia 76ers,0021500232,2015-11-27,PHI @ HOU,L,19,3,5,0.6,0,1,0.0,0,0,,1,1,2,0,0,1,1,1,6,-13,10.4,1,2015-16
22015,1626143,Jahlil Okafor,1610612755,PHI,Philadelphia 76ers,0021500232,2015-11-27,PHI @ HOU,L,27,4,12,0.333,0,0,,3,4,0.75,4,2,6,2,1,0,1,2,11,-8,23.2,1,2015-16
22015,203458,Alex Len,1610612756,PHX,Phoenix Suns,0021500236,2015-11-27,PHX vs. GSW,L,9,0,2,0.0,0,0,,2,2,1.0,2,2,4,0,1,0,0,0,2,-8,9.8,1,2015-16
22015,1626164,Devin Booker,1610612756,PHX,Phoenix Suns,0021500236,2015-11-27,PHX vs. GSW,L,25,2,5,0.4,0,1,0.0,2,4,0.5,0,0,0,0,1,0,1,3,6,-2,8.0,1,2015-16
22015,201954,Darren Collison,1610612758,SAC,Sacramento Kings,0021500237,2015-11-27,SAC vs. MIN,L,23,4,9,0.444,2,4,0.5,0,0,,0,1,1,3,1,0,3,2,10,-17,15.7,1,2015-16
22015,202341,James Anderson,1610612758,SAC,Sacramento Kings,0021500237,2015-11-27,SAC vs. MIN,L,1,0,0,,0,0,,0,0,,0,0,0,0,0,0,0,0,0,2,0.0,1,2015-16
22015,203112,Quincy Acy,1610612758,SAC,Sacramento Kings,0021500237,2015-11-27,SAC vs. MIN,L,9,0,1,0.0,0,1,0.0,1,2,0.5,0,1,1,0,0,0,0,3,1,-8,2.2,1,2015-16
22015,203463,Ben McLemore,1610612758,SAC,Sacramento Kings,0021500237,2015-11-27,SAC vs. MIN,L,26,3,9,0.333,0,2,0.0,0,0,,0,2,2,0,2,0,2,0,6,0,12.4,1,2015-16
22015,2588,Matt Bonner,1610612759,SAS,San Antonio Spurs,0021500235,2015-11-27,SAS @ DEN,W,4,0,0,,0,0,,0,0,,0,1,1,0,1,0,0,0,0,-6,4.2,1,2015-16
22015,203613,Jonathon Simmons,1610612759,SAS,San Antonio Spurs,0021500235,2015-11-27,SAS @ DEN,W,27,4,8,0.5,1,4,0.25,3,3,1.0,0,2,2,1,2,0,5,2,12,12,16.9,1,2015-16
22015,201566,Russell Westbrook,1610612760,OKC,Oklahoma City Thunder,0021500234,2015-11-27,OKC vs. DET,W,29,5,14,0.357,1,3,0.333,3,5,0.6,2,2,4,4,1,0,11,6,14,9,16.8,1,2015-16
22015,201586,Serge Ibaka,1610612760,OKC,Oklahoma City Thunder,0021500234,2015-11-27,OKC vs. DET,W,32,7,8,0.875,0,0,,0,0,,1,3,4,0,0,4,1,2,14,6,29.8,1,2015-16
22015,201627,Anthony Morrow,1610612760,OKC,Oklahoma City Thunder,0021500234,2015-11-27,OKC vs. DET,W,8,1,3,0.333,1,3,0.333,0,0,,0,0,0,1,0,0,0,1,3,-10,4.5,1,2015-16
22015,202683,Enes Freedom,1610612760,OKC,Oklahoma City Thunder,0021500234,2015-11-27,OKC vs. DET,W,18,3,6,0.5,0,0,,8,10,0.8,2,3,5,1,0,1,1,2,14,9,23.5,1,2015-16
22015,101162,Marcin Gortat,1610612764,WAS,Washington Wizards,0021500229,2015-11-27,WAS @ BOS,L,29,1,8,0.125,0,0,,2,2,1.0,6,3,9,4,0,0,3,3,4,-23,17.8,1,2015-16
22015,201196,Ramon Sessions,1610612764,WAS,Washington Wizards,0021500229,2015-11-27,WAS @ BOS,L,24,3,8,0.375,1,3,0.333,2,2,1.0,0,1,1,3,1,0,1,1,9,-6,16.7,1,2015-16
22015,202322,John Wall,1610612764,WAS,Washington Wizards,0021500229,2015-11-27,WAS @ BOS,L,29,4,11,0.364,0,2,0.0,2,3,0.667,1,3,4,6,0,0,3,1,10,-28,20.8,1,2015-16
22015,203382,Aron Baynes,1610612765,DET,Detroit Pistons,0021500234,2015-11-27,DET @ OKC,L,16,2,5,0.4,0,0,,0,0,,2,4,6,0,0,0,0,4,4,-11,11.2,1,2015-16
22015,203484,Kentavious Caldwell-Pope,1610612765,DET,Detroit Pistons,0021500234,2015-11-27,DET @ OKC,L,40,4,15,0.267,0,3,0.0,3,4,0.75,2,2,4,4,1,0,1,2,11,-12,23.8,1,2015-16
22015,201150,Spencer Hawes,1610612766,CHA,Charlotte Hornets,0021500227,2015-11-27,CHA vs. CLE,L,5,2,2,1.0,0,0,,0,0,,0,0,0,1,0,0,0,2,4,1,5.5,1,2015-16
22015,201587,Nicolas Batum,1610612766,CHA,Charlotte Hornets,0021500227,2015-11-27,CHA vs. CLE,L,39,6,13,0.462,1,7,0.143,4,5,0.8,2,6,8,4,1,0,3,2,17,-7,32.6,1,2015-16
22015,203798,PJ Hairston,1610612766,CHA,Charlotte Hornets,0021500227,2015-11-27,CHA vs. CLE,L,19,1,5,0.2,0,3,0.0,0,0,,0,2,2,1,1,0,0,4,2,1,8.9,1,2015-16
22015,203471,Dennis Schröder,1610612737,ATL,Atlanta Hawks,0021500233,2015-11-27,ATL @ MEM,W,19,1,8,0.125,1,5,0.2,4,4,1.0,0,4,4,4,1,0,1,2,7,-14,19.8,1,2015-16
22015,203488,Mike Muscala,1610612737,ATL,Atlanta Hawks,0021500233,2015-11-27,ATL @ MEM,W,24,5,10,0.5,1,5,0.2,0,0,,1,5,6,2,0,2,1,2,11,11,26.2,1,2015-16
22015,203934,Lamar Patterson,1610612737,ATL,Atlanta Hawks,0021500233,2015-11-27,ATL @ MEM,W,26,2,7,0.286,0,4,0.0,3,4,0.75,0,1,1,2,0,1,1,2,7,15,13.2,1,2015-16
22015,101135,David Lee,1610612738,BOS,Boston Celtics,0021500229,2015-11-27,BOS vs. WAS,W,17,5,7,0.714,0,0,,2,2,1.0,4,2,6,4,0,0,3,1,12,7,22.2,1,2015-16
22015,101161,Amir Johnson,1610612738,BOS,Boston Celtics,0021500229,2015-11-27,BOS vs. WAS,W,18,3,8,0.375,0,1,0.0,0,0,,2,6,8,3,0,1,0,2,6,14,23.1,1,2015-16
22015,203109,Jae Crowder,1610612738,BOS,Boston Celtics,0021500229,2015-11-27,BOS vs. WAS,W,30,4,8,0.5,3,5,0.6,6,6,1.0,1,4,5,3,0,0,1,0,17,32,26.5,1,2015-16
22015,2210,Richard Jefferson,1610612739,CLE,Cleveland Cavaliers,0021500227,2015-11-27,CLE @ CHA,W,30,4,8,0.5,2,5,0.4,3,6,0.5,0,1,1,1,0,0,1,2,13,14,14.7,1,2015-16
22015,202087,Alonzo Gee,1610612740,NOP,New Orleans Pelicans,0021500238,2015-11-27,NOP @ LAC,L,33,1,4,0.25,0,0,,0,0,,1,5,6,2,0,0,0,2,2,-24,12.2,1,2015-16
22015,202397,Ish Smith,1610612740,NOP,New Orleans Pelicans,0021500238,2015-11-27,NOP @ LAC,L,38,7,20,0.35,0,1,0.0,1,3,0.333,1,3,4,10,2,0,1,1,15,-20,39.8,1,2015-16
22015,2550,Kirk Hinrich,1610612741,CHI,Chicago Bulls,0021500231,2015-11-27,CHI @ IND,L,22,3,7,0.429,3,4,0.75,2,2,1.0,0,1,1,2,0,0,1,3,11,4,14.2,1,2015-16
22015,201565,Derrick Rose,1610612741,CHI,Chicago Bulls,0021500231,2015-11-27,CHI @ IND,L,31,4,16,0.25,2,5,0.4,0,0,,1,5,6,5,1,1,3,1,10,-19,27.7,1,2015-16
22015,201959,Taj Gibson,1610612741,CHI,Chicago Bulls,0021500231,2015-11-27,CHI @ IND,L,19,2,5,0.4,0,1,0.0,0,0,,1,5,6,1,0,1,1,2,4,-8,14.7,1,2015-16
22015,1626171,Bobby Portis,1610612741,CHI,Chicago Bulls,0021500231,2015-11-27,CHI @ IND,L,2,1,3,0.333,0,1,0.0,0,0,,0,1,1,0,0,0,0,0,2,3,3.2,1,2015-16
22015,201589,Darrell Arthur,1610612743,DEN,Denver Nuggets,0021500235,2015-11-27,DEN vs. SAS,L,25,1,6,0.167,0,0,,0,0,,2,3,5,0,1,0,0,2,2,-6,11.0,1,2015-16
22015,203999,Nikola Jokić,1610612743,DEN,Denver Nuggets,0021500235,2015-11-27,DEN vs. SAS,L,12,3,4,0.75,0,0,,0,0,,1,1,2,0,0,0,3,4,6,5,5.4,1,2015-16
22015,201575,Brandon Rush,1610612744,GSW,Golden State Warriors,0021500236,2015-11-27,GSW @ PHX,W,14,1,4,0.25,1,2,0.5,1,2,0.5,1,2,3,0,1,0,1,2,4,-4,9.6,1,2015-16
22015,201939,Stephen Curry,1610612744,GSW,Golden State Warriors,0021500236,2015-11-27,GSW @ PHX,W,31,11,20,0.55,9,16,0.563,10,11,0.909,1,5,6,8,2,0,6,2,41,27,60.2,1,2015-16
22015,203084,Harrison Barnes,1610612744,GSW,Golden State Warriors,0021500236,2015-11-27,GSW @ PHX,W,21,3,5,0.6,0,1,0.0,1,4,0.25,1,6,7,0,2,0,1,0,7,11,20.4,1,2015-16
22015,203105,Festus Ezeli,1610612744,GSW,Golden State Warriors,0021500236,2015-11-27,GSW @ PHX,W,17,3,8,0.375,0,0,,0,2,0.0,4,5,9,2,0,3,1,3,6,4,27.8,1,2015-16
22015,1891,Jason Terry,1610612745,HOU,Houston Rockets,0021500232,2015-11-27,HOU vs. PHI,W,0,0,0,,0,0,,0,0,,0,0,0,0,0,0,0,1,0,0,0.0,1,2015-16
22015,2772,Trevor Ariza,1610612745,HOU,Houston Rockets,0021500232,2015-11-27,HOU vs. PHI,W,36,4,7,0.571,2,3,0.667,2,2,1.0,1,3,4,1,1,0,2,1,12,11,19.3,1,2015-16
22015,201147,Corey Brewer,1610612745,HOU,Houston Rockets,0021500232,2015-11-27,HOU vs. PHI,W,22,1,1,1.0,1,1,1.0,4,5,0.8,0,1,1,0,1,0,2,6,7,-9,9.2,1,2015-16
22015,201935,James Harden,1610612745,HOU,Houston Rockets,0021500232,2015-11-27,HOU vs. PHI,W,40,14,28,0.5,6,12,0.5,16,20,0.8,2,7,9,8,0,0,9,2,50,13,63.8,1,2015-16
22015,201977,Marcus Thornton,1610612745,HOU,Houston Rockets,0021500232,2015-11-27,HOU vs. PHI,W,9,3,5,0.6,0,1,0.0,0,0,,0,2,2,0,0,0,1,1,6,-9,7.4,1,2015-16
22015,2746,Josh Smith,1610612746,LAC,LA Clippers,0021500238,2015-11-27,LAC vs. NOP,W,22,2,5,0.4,0,1,0.0,1,2,0.5,2,10,12,4,0,1,4,2,5,2,24.4,1,2015-16
22015,200755,JJ Redick,1610612746,LAC,LA Clippers,0021500238,2015-11-27,LAC vs. NOP,W,25,8,14,0.571,3,3,1.0,1,2,0.5,0,1,1,2,1,0,0,3,20,21,27.2,1,2015-16
22015,202362,Lance Stephenson,1610612746,LAC,LA Clippers,0021500238,2015-11-27,LAC vs. NOP,W,26,3,7,0.429,1,2,0.5,3,4,0.75,0,5,5,4,0,0,2,1,10,11,20.0,1,2015-16
22015,202328,Greg Monroe,1610612749,MIL,Milwaukee Bucks,0021500228,2015-11-27,MIL @ ORL,L,19,3,12,0.25,0,0,,3,4,0.75,3,5,8,0,0,0,1,1,9,-18,17.6,1,2015-16
22015,202349,Greivis Vasquez,1610612749,MIL,Milwaukee Bucks,0021500228,2015-11-27,MIL @ ORL,L,13,1,5,0.2,0,3,0.0,0,0,,0,1,1,0,0,0,0,2,2,-11,3.2,1,2015-16
22015,203507,Giannis Antetokounmpo,1610612749,MIL,Milwaukee Bucks,0021500228,2015-11-27,MIL @ ORL,L,32,7,10,0.7,0,1,0.0,3,3,1.0,0,4,4,4,2,0,3,4,17,-18,30.8,1,2015-16
22015,203953,Jabari Parker,1610612749,MIL,Milwaukee Bucks,0021500228,2015-11-27,MIL @ ORL,L,22,4,9,0.444,0,1,0.0,0,0,,1,2,3,1,0,0,0,1,8,-17,13.1,1,2015-16
22015,203952,Andrew Wiggins,1610612750,MIN,Minnesota Timberwolves,0021500237,2015-11-27,MIN @ SAC,W,36,8,17,0.471,1,3,0.333,5,6,0.833,5,1,6,1,0,1,1,4,22,5,32.7,1,2015-16
22015,101181,Jose Calderon,1610612752,NYK,New York Knicks,0021500230,2015-11-27,NYK vs. MIA,L,25,2,5,0.4,0,1,0.0,0,0,,0,1,1,0,0,0,0,1,4,-16,5.2,1,2015-16
22015,202682,Derrick Williams,1610612752,NYK,New York Knicks,0021500230,2015-11-27,NYK vs. MIA,L,18,3,6,0.5,1,3,0.333,2,2,1.0,0,2,2,0,0,0,1,1,9,-6,10.4,1,2015-16
22015,1626170,Jerian Grant,1610612752,NYK,New York Knicks,0021500230,2015-11-27,NYK vs. MIA,L,23,4,7,0.571,0,0,,0,0,,0,1,1,6,1,0,0,0,8,-3,21.2,1,2015-16
22015,201160,Jason Smith,1610612753,ORL,Orlando Magic,0021500228,2015-11-27,ORL vs. MIL,W,20,4,4,1.0,0,0,,0,0,,0,1,1,0,0,0,1,1,8,13,8.2,1,2015-16
22015,202699,Tobias Harris,1610612753,ORL,Orlando Magic,0021500228,2015-11-27,ORL vs. MIL,W,30,6,10,0.6,4,5,0.8,3,3,1.0,1,1,2,3,1,1,1,1,19,20,30.9,1,2015-16
22015,203094,Andrew Nicholson,1610612753,ORL,Orlando Magic,0021500228,2015-11-27,ORL vs. MIL,W,25,1,7,0.143,1,4,0.25,0,0,,1,6,7,1,0,2,2,1,3,4,16.9,1,2015-16
22015,203506,Victor Oladipo,1610612753,ORL,Orlando Magic,0021500228,2015-11-27,ORL vs. MIL,W,24,7,12,0.583,0,2,0.0,3,5,0.6,0,6,6,9,1,0,2,0,17,16,38.7,1,2015-16
22015,101145,Monta Ellis,1610612754,IND,Indiana Pacers,0021500231,2015-11-27,IND vs. CHI,W,30,5,13,0.385,0,3,0.0,4,6,0.667,2,3,5,5,3,0,0,0,14,6,36.5,1,2015-16
22015,201155,Rodney Stuckey,1610612754,IND,Indiana Pacers,0021500231,2015-11-27,IND vs. CHI,W,28,2,6,0.333,1,1,1.0,3,4,0.75,0,3,3,0,2,0,3,4,8,6,14.6,1,2015-16
22015,202331,Paul George,1610612754,IND,Indiana Pacers,0021500231,2015-11-27,IND vs. CHI,W,39,11,24,0.458,4,10,0.4,7,7,1.0,0,8,8,2,0,0,5,4,33,13,40.6,1,2015-16
22015,203141,Mirza Teletovic,1610612756,PHX,Phoenix Suns,0021500236,2015-11-27,PHX vs. GSW,L,21,3,9,0.333,2,5,0.4,2,2,1.0,0,2,2,1,1,2,0,1,10,-1,22.9,1,2015-16
22015,200752,Rudy Gay,1610612758,SAC,Sacramento Kings,0021500237,2015-11-27,SAC vs. MIN,L,27,1,13,0.077,0,3,0.0,0,0,,2,2,4,0,0,0,1,1,2,-4,5.8,1,2015-16
22015,200765,Rajon Rondo,1610612758,SAC,Sacramento Kings,0021500237,2015-11-27,SAC vs. MIN,L,36,7,16,0.438,1,2,0.5,1,2,0.5,1,3,4,16,0,0,0,3,16,-5,44.8,1,2015-16
22015,203552,Seth Curry,1610612758,SAC,Sacramento Kings,0021500237,2015-11-27,SAC vs. MIN,L,1,1,1,1.0,0,0,,0,0,,0,0,0,0,0,0,1,0,2,2,1.0,1,2015-16
22015,2564,Boris Diaw,1610612759,SAS,San Antonio Spurs,0021500235,2015-11-27,SAS @ DEN,W,23,3,5,0.6,0,0,,0,0,,0,5,5,2,0,0,1,4,6,10,14.0,1,2015-16
22015,203937,Kyle Anderson,1610612759,SAS,San Antonio Spurs,0021500235,2015-11-27,SAS @ DEN,W,29,1,3,0.333,0,0,,3,4,0.75,0,4,4,3,0,0,1,3,5,19,13.3,1,2015-16
22015,1626246,Boban Marjanovic,1610612759,SAS,San Antonio Spurs,0021500235,2015-11-27,SAS @ DEN,W,6,0,0,,0,0,,2,2,1.0,2,2,4,1,0,0,0,2,2,-5,8.3,1,2015-16
22015,203500,Steven Adams,1610612760,OKC,Oklahoma City Thunder,0021500234,2015-11-27,OKC vs. DET,W,28,4,5,0.8,0,0,,0,0,,4,9,13,1,0,1,0,2,8,12,28.1,1,2015-16
22015,203210,JaMychal Green,1610612763,MEM,Memphis Grizzlies,0021500233,2015-11-27,MEM vs. ATL,L,27,4,7,0.571,0,0,,1,1,1.0,1,6,7,2,1,0,1,3,9,3,22.4,1,2015-16
22015,2581,Steve Blake,1610612765,DET,Detroit Pistons,0021500234,2015-11-27,DET @ OKC,L,21,2,8,0.25,1,6,0.167,0,0,,0,3,3,7,3,0,1,1,5,4,27.1,1,2015-16
22015,201229,Anthony Tolliver,1610612765,DET,Detroit Pistons,0021500234,2015-11-27,DET @ OKC,L,20,2,4,0.5,2,4,0.5,0,0,,1,2,3,0,0,1,0,1,6,-1,12.6,1,2015-16
22015,202704,Reggie Jackson,1610612765,DET,Detroit Pistons,0021500234,2015-11-27,DET @ OKC,L,27,4,16,0.25,2,6,0.333,5,6,0.833,2,3,5,4,2,0,0,5,15,-20,33.0,1,2015-16
22015,1626169,Stanley Johnson,1610612765,DET,Detroit Pistons,0021500234,2015-11-27,DET @ OKC,L,16,2,5,0.4,1,1,1.0,0,0,,1,1,2,0,1,0,3,2,5,-1,7.4,1,2015-16
22015,2744,Al Jefferson,1610612766,CHA,Charlotte Hornets,0021500227,2015-11-27,CHA vs. CLE,L,31,5,12,0.417,0,0,,1,2,0.5,1,5,6,1,1,1,0,1,11,0,25.7,1,2015-16
22015,202391,Jeremy Lin,1610612766,CHA,Charlotte Hornets,0021500227,2015-11-27,CHA vs. CLE,L,20,3,6,0.5,1,2,0.5,0,0,,0,4,4,4,0,0,2,2,7,0,15.8,1,2015-16
22015,203521,Matthew Dellavedova,1610612739,CLE,Cleveland Cavaliers,0021500227,2015-11-27,CLE @ CHA,W,33,2,7,0.286,1,4,0.25,2,2,1.0,0,1,1,5,0,1,0,3,7,11,18.7,1,2015-16
22015,201962,Toney Douglas,1610612740,NOP,New Orleans Pelicans,0021500238,2015-11-27,NOP @ LAC,L,24,4,11,0.364,1,4,0.25,2,2,1.0,1,0,1,2,2,0,1,4,11,3,20.2,1,2015-16
22015,202337,Luke Babbitt,1610612740,NOP,New Orleans Pelicans,0021500238,2015-11-27,NOP @ LAC,L,15,2,5,0.4,2,3,0.667,2,2,1.0,1,4,5,0,0,0,0,1,8,2,14.0,1,2015-16
22015,203503,Tony Snell,1610612741,CHI,Chicago Bulls,0021500231,2015-11-27,CHI @ IND,L,16,2,7,0.286,2,4,0.5,0,0,,0,3,3,0,1,0,1,2,6,-9,11.6,1,2015-16
22015,203110,Draymond Green,1610612744,GSW,Golden State Warriors,0021500236,2015-11-27,GSW @ PHX,W,33,4,4,1.0,2,2,1.0,4,6,0.667,2,8,10,10,1,2,4,4,14,23,46.0,1,2015-16
22015,2757,Beno Udrih,1610612748,MIA,Miami Heat,0021500230,2015-11-27,MIA @ NYK,W,4,0,0,,0,0,,0,0,,0,0,0,1,0,0,1,1,0,0,0.5,1,2015-16
22015,203124,Kyle O'Quinn,1610612752,NYK,New York Knicks,0021500230,2015-11-27,NYK vs. MIA,L,19,1,5,0.2,0,2,0.0,3,4,0.75,3,5,8,3,3,0,2,2,5,-6,26.1,1,2015-16
22015,1626202,Joe Young,1610612754,IND,Indiana Pacers,0021500231,2015-11-27,IND vs. CHI,W,2,0,3,0.0,0,1,0.0,0,0,,0,0,0,0,0,0,0,0,0,-4,0.0,1,2015-16
22015,101179,Ronnie Price,1610612756,PHX,Phoenix Suns,0021500236,2015-11-27,PHX vs. GSW,L,10,2,4,0.5,0,2,0.0,0,0,,0,0,0,3,0,0,0,5,4,-3,8.5,1,2015-16
22015,200782,P.J. Tucker,1610612756,PHX,Phoenix Suns,0021500236,2015-11-27,PHX vs. GSW,L,16,1,4,0.25,0,0,,0,0,,1,1,2,0,0,0,1,2,2,-14,3.4,1,2015-16
22015,201603,Sonny Weems,1610612756,PHX,Phoenix Suns,0021500236,2015-11-27,PHX vs. GSW,L,11,0,1,0.0,0,0,,0,0,,0,2,2,1,0,0,0,1,0,5,3.9,1,2015-16
22015,202339,Eric Bledsoe,1610612756,PHX,Phoenix Suns,0021500236,2015-11-27,PHX vs. GSW,L,34,9,13,0.692,3,5,0.6,0,1,0.0,0,1,1,7,3,0,4,2,21,-23,37.7,1,2015-16
22015,200746,LaMarcus Aldridge,1610612759,SAS,San Antonio Spurs,0021500235,2015-11-27,SAS @ DEN,W,18,4,11,0.364,0,1,0.0,0,0,,1,3,4,1,0,1,1,0,8,-2,16.3,1,2015-16
22015,203087,Jeremy Lamb,1610612766,CHA,Charlotte Hornets,0021500227,2015-11-27,CHA vs. CLE,L,24,5,12,0.417,0,2,0.0,1,3,0.333,1,7,8,0,0,1,1,2,11,-8,22.6,1,2015-16
22015,203469,Cody Zeller,1610612766,CHA,Charlotte Hornets,0021500227,2015-11-27,CHA vs. CLE,L,15,1,2,0.5,0,0,,5,6,0.833,0,2,2,1,1,1,1,4,7,-7,15.9,1,2015-16
22015,203145,Kent Bazemore,1610612737,ATL,Atlanta Hawks,0021500242,2015-11-28,ATL @ SAS,L,20,5,10,0.5,0,2,0.0,1,1,1.0,0,7,7,0,1,1,2,3,11,-2,23.4,1,2015-16
22015,203471,Dennis Schröder,1610612737,ATL,Atlanta Hawks,0021500242,2015-11-28,ATL @ SAS,L,17,4,7,0.571,0,2,0.0,1,1,1.0,1,1,2,6,3,0,1,0,9,-3,28.4,1,2015-16
22015,201580,JaVale McGee,1610612742,DAL,Dallas Mavericks,0021500241,2015-11-28,DAL vs. DEN,W,5,1,2,0.5,0,0,,1,2,0.5,1,3,4,0,0,0,0,1,3,-2,7.8,1,2015-16
22015,2034,Mike Miller,1610612743,DEN,Denver Nuggets,0021500241,2015-11-28,DEN @ DAL,L,13,0,0,,0,0,,0,0,,0,2,2,2,0,0,0,2,0,-3,5.4,1,2015-16
22015,201589,Darrell Arthur,1610612743,DEN,Denver Nuggets,0021500241,2015-11-28,DEN @ DAL,L,31,8,13,0.615,0,0,,0,0,,3,2,5,1,2,2,3,3,16,-10,32.5,1,2015-16
22015,203105,Festus Ezeli,1610612744,GSW,Golden State Warriors,0021500245,2015-11-28,GSW vs. SAC,W,18,4,6,0.667,0,0,,3,4,0.75,4,7,11,1,0,0,1,2,11,14,24.7,1,2015-16
22015,201579,Roy Hibbert,1610612747,LAL,Los Angeles Lakers,0021500244,2015-11-28,LAL @ POR,L,30,1,4,0.25,0,0,,4,5,0.8,1,5,6,2,0,0,1,4,6,-14,15.2,1,2015-16
22015,1626156,D'Angelo Russell,1610612747,LAL,Los Angeles Lakers,0021500244,2015-11-28,LAL @ POR,L,38,6,11,0.545,2,4,0.5,2,2,1.0,0,4,4,5,0,0,2,4,16,-10,26.3,1,2015-16
22015,201152,Thaddeus Young,1610612751,BKN,Brooklyn Nets,0021500240,2015-11-28,BKN @ CLE,L,36,7,16,0.438,0,1,0.0,2,4,0.5,2,10,12,0,1,0,0,3,16,-1,33.4,2,2015-16
22015,1626178,Rondae Hollis-Jefferson,1610612751,BKN,Brooklyn Nets,0021500240,2015-11-28,BKN @ CLE,L,30,2,4,0.5,0,0,,2,2,1.0,3,7,10,1,5,1,0,3,6,-4,37.5,2,2015-16
22015,202329,Al-Farouq Aminu,1610612757,POR,Portland Trail Blazers,0021500244,2015-11-28,POR vs. LAL,W,28,2,6,0.333,0,3,0.0,1,2,0.5,2,7,9,3,0,0,1,1,5,12,19.3,1,2015-16
22015,1626192,Pat Connaughton,1610612757,POR,Portland Trail Blazers,0021500244,2015-11-28,POR vs. LAL,W,1,0,0,,0,0,,0,0,,0,0,0,0,0,0,0,0,0,-2,0.0,1,2015-16
22015,203552,Seth Curry,1610612758,SAC,Sacramento Kings,0021500245,2015-11-28,SAC @ GSW,L,9,3,4,0.75,3,3,1.0,0,0,,0,1,1,2,0,0,2,1,9,9,11.2,1,2015-16
22015,1495,Tim Duncan,1610612759,SAS,San Antonio Spurs,0021500242,2015-11-28,SAS vs. ATL,W,28,5,9,0.556,0,0,,0,0,,5,13,18,4,1,2,1,3,10,24,45.6,1,2015-16
22015,201988,Patty Mills,1610612759,SAS,San Antonio Spurs,0021500242,2015-11-28,SAS vs. ATL,W,20,5,6,0.833,3,4,0.75,0,0,,0,1,1,1,1,0,0,3,13,9,18.7,1,2015-16
22015,203613,Jonathon Simmons,1610612759,SAS,San Antonio Spurs,0021500242,2015-11-28,SAS vs. ATL,W,8,2,5,0.4,0,1,0.0,1,1,1.0,0,0,0,1,0,0,0,1,5,-6,6.5,1,2015-16
22015,200768,Kyle Lowry,1610612761,TOR,Toronto Raptors,0021500239,2015-11-28,TOR @ WAS,W,34,9,19,0.474,6,11,0.545,3,4,0.75,1,6,7,3,2,1,6,5,27,6,42.9,1,2015-16
22015,201949,James Johnson,1610612761,TOR,Toronto Raptors,0021500239,2015-11-28,TOR @ WAS,W,5,2,3,0.667,0,0,,0,0,,1,0,1,1,1,0,0,0,4,-1,9.7,1,2015-16
22015,203504,Trey Burke,1610612762,UTA,Utah Jazz,0021500243,2015-11-28,UTA vs. NOP,W,15,3,6,0.5,2,3,0.667,0,0,,1,1,2,1,0,0,2,1,8,2,9.9,1,2015-16
22015,203526,Raul Neto,1610612762,UTA,Utah Jazz,0021500243,2015-11-28,UTA vs. NOP,W,18,2,6,0.333,0,1,0.0,0,0,,0,2,2,3,2,0,1,3,4,2,15.9,1,2015-16
22015,204060,Joe Ingles,1610612762,UTA,Utah Jazz,0021500243,2015-11-28,UTA vs. NOP,W,11,3,4,0.75,3,3,1.0,0,0,,0,1,1,0,0,0,1,4,9,5,9.2,1,2015-16
22015,2743,Kris Humphries,1610612764,WAS,Washington Wizards,0021500239,2015-11-28,WAS vs. TOR,L,14,2,3,0.667,0,0,,0,0,,1,4,5,1,0,1,1,0,4,2,13.5,1,2015-16
22015,101162,Marcin Gortat,1610612764,WAS,Washington Wizards,0021500239,2015-11-28,WAS vs. TOR,L,34,8,14,0.571,0,0,,0,1,0.0,3,7,10,1,1,1,2,4,16,-1,33.5,1,2015-16
22015,201162,Jared Dudley,1610612764,WAS,Washington Wizards,0021500239,2015-11-28,WAS vs. TOR,L,30,3,7,0.429,1,3,0.333,0,0,,1,3,4,2,0,0,1,2,7,7,13.8,1,2015-16
22015,201196,Ramon Sessions,1610612764,WAS,Washington Wizards,0021500239,2015-11-28,WAS vs. TOR,L,25,0,7,0.0,0,3,0.0,3,4,0.75,1,6,7,2,0,0,0,2,3,-6,14.4,1,2015-16
22015,2594,Kyle Korver,1610612737,ATL,Atlanta Hawks,0021500242,2015-11-28,ATL @ SAS,L,25,3,4,0.75,0,1,0.0,0,0,,0,1,1,0,1,1,2,0,6,-29,11.2,1,2015-16
22015,201143,Al Horford,1610612737,ATL,Atlanta Hawks,0021500242,2015-11-28,ATL @ SAS,L,22,4,11,0.364,0,1,0.0,2,2,1.0,2,2,4,3,0,0,0,1,10,-25,19.3,1,2015-16
22015,201952,Jeff Teague,1610612737,ATL,Atlanta Hawks,0021500242,2015-11-28,ATL @ SAS,L,23,2,10,0.2,1,4,0.25,1,2,0.5,1,2,3,4,0,0,4,3,6,-23,11.6,1,2015-16
22015,203934,Lamar Patterson,1610612737,ATL,Atlanta Hawks,0021500242,2015-11-28,ATL @ SAS,L,16,1,4,0.25,1,3,0.333,0,0,,0,2,2,3,0,0,3,2,3,12,6.9,1,2015-16
22015,203521,Matthew Dellavedova,1610612739,CLE,Cleveland Cavaliers,0021500240,2015-11-28,CLE vs. BKN,W,25,1,5,0.2,1,2,0.5,0,0,,1,3,4,6,0,0,3,1,3,0,13.8,2,2015-16
22015,201950,Jrue Holiday,1610612740,NOP,New Orleans Pelicans,0021500243,2015-11-28,NOP @ UTA,L,14,0,4,0.0,0,1,0.0,2,2,1.0,0,2,2,2,0,0,4,1,2,-6,3.4,1,2015-16
22015,203076,Anthony Davis,1610612740,NOP,New Orleans Pelicans,0021500243,2015-11-28,NOP @ UTA,L,44,12,18,0.667,0,2,0.0,12,15,0.8,1,10,11,1,2,3,2,4,36,1,63.7,1,2015-16
22015,202083,Wesley Matthews,1610612742,DAL,Dallas Mavericks,0021500241,2015-11-28,DAL vs. DEN,W,28,3,11,0.273,1,7,0.143,0,0,,1,0,1,4,1,0,0,3,7,12,17.2,1,2015-16
22015,203098,John Jenkins,1610612742,DAL,Dallas Mavericks,0021500241,2015-11-28,DAL vs. DEN,W,2,0,0,,0,0,,1,1,1.0,0,0,0,0,0,0,2,0,1,-6,-1.0,1,2015-16
22015,1626147,Justin Anderson,1610612742,DAL,Dallas Mavericks,0021500241,2015-11-28,DAL vs. DEN,W,9,0,2,0.0,0,2,0.0,0,2,0.0,0,1,1,0,0,0,1,1,0,-14,0.2,1,2015-16
22015,203115,Will Barton,1610612743,DEN,Denver Nuggets,0021500241,2015-11-28,DEN @ DAL,L,30,4,13,0.308,4,8,0.5,2,2,1.0,1,7,8,3,1,1,2,1,14,-6,32.1,1,2015-16
22015,203530,Joffrey Lauvergne,1610612743,DEN,Denver Nuggets,0021500241,2015-11-28,DEN @ DAL,L,8,0,1,0.0,0,1,0.0,0,0,,0,2,2,0,0,0,1,2,0,-7,1.4,1,2015-16
22015,2733,Shaun Livingston,1610612744,GSW,Golden State Warriors,0021500245,2015-11-28,GSW vs. SAC,W,17,3,5,0.6,0,0,,1,1,1.0,1,1,2,3,0,0,0,0,7,11,13.9,1,2015-16
22015,201574,Jason Thompson,1610612744,GSW,Golden State Warriors,0021500245,2015-11-28,GSW vs. SAC,W,6,0,2,0.0,0,0,,0,0,,1,1,2,1,0,0,0,0,0,-9,3.9,1,2015-16
22015,202691,Klay Thompson,1610612744,GSW,Golden State Warriors,0021500245,2015-11-28,GSW vs. SAC,W,26,6,10,0.6,3,6,0.5,0,0,,0,0,0,2,1,0,2,1,15,15,19.0,1,2015-16
22015,203546,Ian Clark,1610612744,GSW,Golden State Warriors,0021500245,2015-11-28,GSW vs. SAC,W,9,2,4,0.5,2,2,1.0,2,2,1.0,0,1,1,1,0,0,1,0,8,-6,9.7,1,2015-16
22015,1897,Metta World Peace,1610612747,LAL,Los Angeles Lakers,0021500244,2015-11-28,LAL @ POR,L,20,2,6,0.333,0,3,0.0,0,0,,2,3,5,1,2,0,1,1,4,1,16.5,1,2015-16
22015,201156,Nick Young,1610612747,LAL,Los Angeles Lakers,0021500244,2015-11-28,LAL @ POR,L,15,2,7,0.286,2,6,0.333,0,0,,0,1,1,0,1,0,0,1,6,-15,10.2,1,2015-16
22015,2207,Joe Johnson,1610612751,BKN,Brooklyn Nets,0021500240,2015-11-28,BKN @ CLE,L,39,5,11,0.455,2,5,0.4,5,5,1.0,0,3,3,1,2,0,6,3,17,2,22.1,2,2015-16
22015,200745,Andrea Bargnani,1610612751,BKN,Brooklyn Nets,0021500240,2015-11-28,BKN @ CLE,L,16,3,9,0.333,0,1,0.0,0,0,,0,1,1,0,0,0,2,1,6,-3,5.2,2,2015-16
22015,203468,CJ McCollum,1610612757,POR,Portland Trail Blazers,0021500244,2015-11-28,POR vs. LAL,W,34,12,20,0.6,4,7,0.571,0,0,,0,2,2,1,1,0,1,2,28,13,33.9,1,2015-16
22015,203943,Noah Vonleh,1610612757,POR,Portland Trail Blazers,0021500244,2015-11-28,POR vs. LAL,W,20,2,2,1.0,0,0,,0,0,,1,4,5,1,1,0,1,1,4,8,13.5,1,2015-16
22015,204025,Tim Frazier,1610612757,POR,Portland Trail Blazers,0021500244,2015-11-28,POR vs. LAL,W,1,0,0,,0,0,,0,0,,0,0,0,0,0,0,0,0,0,-2,0.0,1,2015-16
22015,201954,Darren Collison,1610612758,SAC,Sacramento Kings,0021500245,2015-11-28,SAC @ GSW,L,27,5,13,0.385,0,3,0.0,1,1,1.0,2,2,4,3,3,0,2,1,11,-19,27.3,1,2015-16
22015,2225,Tony Parker,1610612759,SAS,San Antonio Spurs,0021500242,2015-11-28,SAS vs. ATL,W,22,5,9,0.556,0,1,0.0,1,1,1.0,0,3,3,6,1,1,2,0,11,19,27.6,1,2015-16
22015,200746,LaMarcus Aldridge,1610612759,SAS,San Antonio Spurs,0021500242,2015-11-28,SAS vs. ATL,W,25,6,15,0.4,0,0,,1,1,1.0,3,3,6,1,3,2,2,1,13,14,34.7,1,2015-16
22015,202695,Kawhi Leonard,1610612759,SAS,San Antonio Spurs,0021500242,2015-11-28,SAS vs. ATL,W,29,6,11,0.545,3,3,1.0,7,7,1.0,1,6,7,2,1,1,2,0,22,32,37.4,1,2015-16
22015,203937,Kyle Anderson,1610612759,SAS,San Antonio Spurs,0021500242,2015-11-28,SAS vs. ATL,W,21,1,3,0.333,1,1,1.0,2,2,1.0,0,6,6,1,1,0,1,0,5,-9,15.7,1,2015-16
22015,2449,Luis Scola,1610612761,TOR,Toronto Raptors,0021500239,2015-11-28,TOR @ WAS,W,26,3,6,0.5,0,1,0.0,0,0,,2,4,6,0,0,0,2,3,6,-9,11.2,1,2015-16
22015,201942,DeMar DeRozan,1610612761,TOR,Toronto Raptors,0021500239,2015-11-28,TOR @ WAS,W,38,8,20,0.4,1,2,0.5,3,4,0.75,0,3,3,2,0,0,4,2,20,3,22.6,1,2015-16
22015,201960,DeMarre Carroll,1610612761,TOR,Toronto Raptors,0021500239,2015-11-28,TOR @ WAS,W,28,1,8,0.125,0,3,0.0,2,2,1.0,1,3,4,1,1,0,2,4,4,3,11.3,1,2015-16
22015,202344,Trevor Booker,1610612762,UTA,Utah Jazz,0021500243,2015-11-28,UTA vs. NOP,W,38,5,8,0.625,0,0,,3,3,1.0,4,11,15,3,2,3,2,2,13,21,48.5,1,2015-16
22015,202692,Alec Burks,1610612762,UTA,Utah Jazz,0021500243,2015-11-28,UTA vs. NOP,W,32,9,14,0.643,1,2,0.5,2,2,1.0,1,4,5,4,0,0,2,3,21,12,31.0,1,2015-16
22015,203481,Jeff Withey,1610612762,UTA,Utah Jazz,0021500243,2015-11-28,UTA vs. NOP,W,7,0,2,0.0,0,0,,0,2,0.0,2,1,3,1,2,1,1,3,0,6,13.1,1,2015-16
22015,200757,Thabo Sefolosha,1610612737,ATL,Atlanta Hawks,0021500242,2015-11-28,ATL @ SAS,L,25,3,5,0.6,1,3,0.333,1,2,0.5,0,4,4,0,1,0,2,4,8,-26,13.8,1,2015-16
22015,2590,Mo Williams,1610612739,CLE,Cleveland Cavaliers,0021500240,2015-11-28,CLE vs. BKN,W,28,7,13,0.538,0,1,0.0,0,0,,0,2,2,1,2,1,3,3,14,-1,23.9,2,2015-16
22015,2747,JR Smith,1610612739,CLE,Cleveland Cavaliers,0021500240,2015-11-28,CLE vs. BKN,W,39,3,12,0.25,0,4,0.0,0,2,0.0,0,5,5,1,3,4,2,5,6,0,32.5,2,2015-16
22015,2760,Anderson Varejao,1610612739,CLE,Cleveland Cavaliers,0021500240,2015-11-28,CLE vs. BKN,W,4,0,0,,0,0,,0,0,,0,3,3,0,0,0,1,0,0,0,2.6,2,2015-16
22015,202684,Tristan Thompson,1610612739,CLE,Cleveland Cavaliers,0021500240,2015-11-28,CLE vs. BKN,W,32,4,11,0.364,0,0,,2,5,0.4,6,5,11,2,0,0,2,3,10,1,24.2,2,2015-16
22015,201569,Eric Gordon,1610612740,NOP,New Orleans Pelicans,0021500243,2015-11-28,NOP @ UTA,L,32,1,9,0.111,1,3,0.333,1,2,0.5,0,0,0,1,1,0,2,1,4,-8,6.5,1,2015-16
22015,201962,Toney Douglas,1610612740,NOP,New Orleans Pelicans,0021500243,2015-11-28,NOP @ UTA,L,16,3,4,0.75,2,3,0.667,0,0,,1,1,2,2,0,0,1,3,8,-6,12.4,1,2015-16
22015,202397,Ish Smith,1610612740,NOP,New Orleans Pelicans,0021500243,2015-11-28,NOP @ UTA,L,37,5,14,0.357,0,2,0.0,3,5,0.6,1,5,6,6,2,0,2,1,13,-12,33.2,1,2015-16
22015,1717,Dirk Nowitzki,1610612742,DAL,Dallas Mavericks,0021500241,2015-11-28,DAL vs. DEN,W,31,4,9,0.444,1,3,0.333,4,4,1.0,0,7,7,2,3,0,0,1,13,14,33.4,1,2015-16
22015,2585,Zaza Pachulia,1610612742,DAL,Dallas Mavericks,0021500241,2015-11-28,DAL vs. DEN,W,31,5,8,0.625,0,0,,6,9,0.667,4,8,12,2,3,1,5,2,16,20,40.4,1,2015-16
22015,101114,Deron Williams,1610612742,DAL,Dallas Mavericks,0021500241,2015-11-28,DAL vs. DEN,W,31,7,15,0.467,4,8,0.5,4,4,1.0,0,4,4,4,0,0,1,2,22,19,31.8,1,2015-16
22015,203939,Dwight Powell,1610612742,DAL,Dallas Mavericks,0021500241,2015-11-28,DAL vs. DEN,W,21,3,6,0.5,0,1,0.0,0,0,,2,2,4,1,3,1,1,2,6,0,23.3,1,2015-16
22015,202702,Kenneth Faried,1610612743,DEN,Denver Nuggets,0021500241,2015-11-28,DEN @ DAL,L,14,4,5,0.8,0,0,,2,3,0.667,2,3,5,0,2,1,3,4,10,4,22.0,1,2015-16
22015,1626144,Emmanuel Mudiay,1610612743,DEN,Denver Nuggets,0021500241,2015-11-28,DEN @ DAL,L,34,5,15,0.333,0,3,0.0,2,4,0.5,0,5,5,4,1,0,2,4,12,-5,25.0,1,2015-16
22015,201939,Stephen Curry,1610612744,GSW,Golden State Warriors,0021500245,2015-11-28,GSW vs. SAC,W,30,4,7,0.571,3,6,0.5,8,8,1.0,0,4,4,6,3,0,1,1,19,19,40.8,1,2015-16
22015,203110,Draymond Green,1610612744,GSW,Golden State Warriors,0021500245,2015-11-28,GSW vs. SAC,W,36,4,13,0.308,0,4,0.0,5,7,0.714,2,9,11,12,1,4,3,4,13,21,56.2,1,2015-16
22015,977,Kobe Bryant,1610612747,LAL,Los Angeles Lakers,0021500244,2015-11-28,LAL @ POR,L,34,7,20,0.35,1,5,0.2,6,7,0.857,0,2,2,2,0,0,1,1,21,-12,25.4,1,2015-16
22015,101138,Brandon Bass,1610612747,LAL,Los Angeles Lakers,0021500244,2015-11-28,LAL @ POR,L,18,1,4,0.25,0,0,,3,4,0.75,1,2,3,2,0,1,0,2,5,2,14.6,1,2015-16
22015,203499,Shane Larkin,1610612751,BKN,Brooklyn Nets,0021500240,2015-11-28,BKN @ CLE,L,13,2,5,0.4,0,0,,3,4,0.75,0,1,1,3,0,0,2,0,7,-8,10.7,2,2015-16
22015,203508,Sergey Karasev,1610612751,BKN,Brooklyn Nets,0021500240,2015-11-28,BKN @ CLE,L,3,0,0,,0,0,,0,0,,0,0,0,0,0,0,0,0,0,-2,0.0,2,2015-16
22015,201945,Gerald Henderson,1610612757,POR,Portland Trail Blazers,0021500244,2015-11-28,POR vs. LAL,W,8,2,5,0.4,1,2,0.5,4,4,1.0,0,2,2,0,1,0,0,0,9,2,14.4,1,2015-16
22015,203459,Allen Crabbe,1610612757,POR,Portland Trail Blazers,0021500244,2015-11-28,POR vs. LAL,W,17,3,7,0.429,1,1,1.0,2,2,1.0,0,2,2,1,0,0,2,1,9,5,10.9,1,2015-16
22015,203486,Mason Plumlee,1610612757,POR,Portland Trail Blazers,0021500244,2015-11-28,POR vs. LAL,W,24,2,5,0.4,0,0,,2,3,0.667,3,1,4,4,1,0,3,5,6,7,16.8,1,2015-16
22015,1626146,Cliff Alexander,1610612757,POR,Portland Trail Blazers,0021500244,2015-11-28,POR vs. LAL,W,1,0,0,,0,0,,0,0,,0,0,0,0,0,0,1,0,0,-2,-1.0,1,2015-16
22015,203463,Ben McLemore,1610612758,SAC,Sacramento Kings,0021500245,2015-11-28,SAC @ GSW,L,27,3,7,0.429,2,3,0.667,2,3,0.667,0,3,3,5,3,1,2,0,10,-6,31.1,1,2015-16
22015,1938,Manu Ginobili,1610612759,SAS,San Antonio Spurs,0021500242,2015-11-28,SAS vs. ATL,W,19,3,8,0.375,0,4,0.0,6,6,1.0,0,1,1,3,1,0,4,2,12,11,16.7,1,2015-16
22015,2446,Rasual Butler,1610612759,SAS,San Antonio Spurs,0021500242,2015-11-28,SAS vs. ATL,W,8,0,3,0.0,0,0,,0,0,,0,1,1,0,0,2,0,0,0,-6,7.2,1,2015-16
22015,2561,David West,1610612759,SAS,San Antonio Spurs,0021500242,2015-11-28,SAS vs. ATL,W,8,1,2,0.5,0,0,,0,0,,0,0,0,0,0,0,0,0,2,10,2.0,1,2015-16
22015,202335,Patrick Patterson,1610612761,TOR,Toronto Raptors,0021500239,2015-11-28,TOR @ WAS,W,20,2,4,0.5,2,3,0.667,1,2,0.5,0,9,9,1,1,0,0,0,7,-4,22.3,1,2015-16
22015,202709,Cory Joseph,1610612761,TOR,Toronto Raptors,0021500239,2015-11-28,TOR @ WAS,W,34,5,7,0.714,2,2,1.0,0,0,,0,0,0,6,1,1,3,1,12,8,24.0,1,2015-16
22015,202330,Gordon Hayward,1610612762,UTA,Utah Jazz,0021500243,2015-11-28,UTA vs. NOP,W,36,6,15,0.4,1,3,0.333,4,5,0.8,0,1,1,2,2,0,3,0,17,15,24.2,1,2015-16
22015,203187,Chris Johnson,1610612762,UTA,Utah Jazz,0021500243,2015-11-28,UTA vs. NOP,W,0,0,0,,0,0,,0,0,,0,0,0,0,0,0,0,0,0,0,0.0,1,2015-16
22015,203918,Rodney Hood,1610612762,UTA,Utah Jazz,0021500243,2015-11-28,UTA vs. NOP,W,34,5,15,0.333,2,5,0.4,4,4,1.0,1,1,2,4,2,0,1,3,16,4,29.4,1,2015-16
22015,202322,John Wall,1610612764,WAS,Washington Wizards,0021500239,2015-11-28,WAS vs. TOR,L,39,6,25,0.24,1,4,0.25,5,8,0.625,1,2,3,5,3,0,3,2,18,-2,35.1,1,2015-16
22015,202714,Shelvin Mack,1610612737,ATL,Atlanta Hawks,0021500242,2015-11-28,ATL @ SAS,L,8,1,2,0.5,0,0,,0,0,,1,1,2,5,0,0,0,0,2,6,11.9,1,2015-16
22015,203118,Mike Scott,1610612737,ATL,Atlanta Hawks,0021500242,2015-11-28,ATL @ SAS,L,14,5,9,0.556,2,3,0.667,0,0,,1,1,2,3,0,1,0,0,12,6,21.9,1,2015-16
22015,203200,Justin Holiday,1610612737,ATL,Atlanta Hawks,0021500242,2015-11-28,ATL @ SAS,L,8,2,3,0.667,1,2,0.5,0,0,,0,1,1,0,0,0,0,0,5,6,6.2,1,2015-16
22015,203488,Mike Muscala,1610612737,ATL,Atlanta Hawks,0021500242,2015-11-28,ATL @ SAS,L,23,3,8,0.375,0,1,0.0,0,0,,1,3,4,1,1,1,2,1,6,1,16.3,1,2015-16
22015,2210,Richard Jefferson,1610612739,CLE,Cleveland Cavaliers,0021500240,2015-11-28,CLE vs. BKN,W,18,0,2,0.0,0,1,0.0,0,0,,0,1,1,1,1,2,0,0,0,-2,11.7,2,2015-16
22015,2544,LeBron James,1610612739,CLE,Cleveland Cavaliers,0021500240,2015-11-28,CLE vs. BKN,W,36,10,22,0.455,1,6,0.167,5,6,0.833,2,7,9,5,1,0,2,0,26,-1,45.3,2,2015-16
22015,202389,Timofey Mozgov,1610612739,CLE,Cleveland Cavaliers,0021500240,2015-11-28,CLE vs. BKN,W,17,1,7,0.143,0,1,0.0,0,0,,3,3,6,2,2,1,3,3,2,5,18.2,2,2015-16
22015,201600,Omer Asik,1610612740,NOP,New Orleans Pelicans,0021500243,2015-11-28,NOP @ UTA,L,8,0,3,0.0,0,0,,0,0,,0,2,2,0,0,0,1,0,0,-16,1.4,1,2015-16
22015,101109,Raymond Felton,1610612742,DAL,Dallas Mavericks,0021500241,2015-11-28,DAL vs. DEN,W,28,5,10,0.5,1,3,0.333,1,3,0.333,0,3,3,1,2,0,1,0,12,15,22.1,1,2015-16
22015,202718,Chandler Parsons,1610612742,DAL,Dallas Mavericks,0021500241,2015-11-28,DAL vs. DEN,W,23,2,7,0.286,0,1,0.0,0,0,,0,1,1,2,1,1,1,0,4,6,13.2,1,2015-16
22015,101106,Andrew Bogut,1610612744,GSW,Golden State Warriors,0021500245,2015-11-28,GSW vs. SAC,W,20,2,3,0.667,0,0,,0,0,,0,4,4,2,0,2,0,3,4,15,17.8,1,2015-16
22015,203903,Jordan Clarkson,1610612747,LAL,Los Angeles Lakers,0021500244,2015-11-28,LAL @ POR,L,36,8,15,0.533,2,5,0.4,1,2,0.5,0,3,3,4,4,0,2,1,19,0,38.6,1,2015-16
22015,203944,Julius Randle,1610612747,LAL,Los Angeles Lakers,0021500244,2015-11-28,LAL @ POR,L,30,8,13,0.615,0,0,,0,2,0.0,1,5,6,4,3,1,1,3,16,-3,40.2,1,2015-16
22015,1626204,Larry Nance Jr.,1610612747,LAL,Los Angeles Lakers,0021500244,2015-11-28,LAL @ POR,L,18,1,2,0.5,0,0,,1,1,1.0,1,2,3,0,2,0,1,2,3,-9,11.6,1,2015-16
22015,101127,Jarrett Jack,1610612751,BKN,Brooklyn Nets,0021500240,2015-11-28,BKN @ CLE,L,35,3,13,0.231,2,5,0.4,4,4,1.0,0,5,5,14,0,0,3,2,12,6,36.0,2,2015-16
22015,201572,Brook Lopez,1610612751,BKN,Brooklyn Nets,0021500240,2015-11-28,BKN @ CLE,L,38,10,15,0.667,0,0,,2,5,0.4,1,8,9,2,1,2,2,5,22,5,42.8,2,2015-16
22015,202334,Ed Davis,1610612757,POR,Portland Trail Blazers,0021500244,2015-11-28,POR vs. LAL,W,24,1,3,0.333,0,0,,2,4,0.5,0,4,4,2,1,0,1,2,4,7,13.8,1,2015-16
22015,203081,Damian Lillard,1610612757,POR,Portland Trail Blazers,0021500244,2015-11-28,POR vs. LAL,W,36,9,19,0.474,5,11,0.455,6,7,0.857,1,3,4,7,0,1,5,2,29,11,42.3,1,2015-16
22015,200765,Rajon Rondo,1610612758,SAC,Sacramento Kings,0021500245,2015-11-28,SAC @ GSW,L,25,3,10,0.3,1,2,0.5,0,0,,1,3,4,7,0,0,3,4,7,-13,19.3,1,2015-16
22015,201158,Marco Belinelli,1610612758,SAC,Sacramento Kings,0021500245,2015-11-28,SAC @ GSW,L,22,2,10,0.2,0,7,0.0,1,1,1.0,0,1,1,2,0,0,3,2,5,-16,6.2,1,2015-16
22015,201585,Kosta Koufos,1610612758,SAC,Sacramento Kings,0021500245,2015-11-28,SAC @ GSW,L,23,7,13,0.538,0,0,,0,0,,5,2,7,0,2,1,1,4,14,-17,30.4,1,2015-16
22015,202341,James Anderson,1610612758,SAC,Sacramento Kings,0021500245,2015-11-28,SAC @ GSW,L,6,0,0,,0,0,,0,0,,0,2,2,0,0,0,0,0,0,9,2.4,1,2015-16
22015,1626246,Boban Marjanovic,1610612759,SAS,San Antonio Spurs,0021500242,2015-11-28,SAS vs. ATL,W,6,0,2,0.0,0,0,,1,2,0.5,1,1,2,0,0,0,0,0,1,-8,3.4,1,2015-16
22015,202687,Bismack Biyombo,1610612761,TOR,Toronto Raptors,0021500239,2015-11-28,TOR @ WAS,W,35,0,1,0.0,0,0,,0,0,,1,15,16,2,1,4,2,4,0,5,35.2,1,2015-16
22015,203497,Rudy Gobert,1610612762,UTA,Utah Jazz,0021500243,2015-11-28,UTA vs. NOP,W,32,3,5,0.6,0,0,,3,5,0.6,2,12,14,0,1,4,1,4,9,12,39.8,1,2015-16
22015,1626168,Trey Lyles,1610612762,UTA,Utah Jazz,0021500243,2015-11-28,UTA vs. NOP,W,18,2,7,0.286,0,1,0.0,0,0,,1,3,4,0,0,1,1,2,4,-9,10.8,1,2015-16
22015,203078,Bradley Beal,1610612764,WAS,Washington Wizards,0021500239,2015-11-28,WAS vs. TOR,L,41,5,9,0.556,2,4,0.5,8,8,1.0,1,5,6,6,3,0,4,3,20,4,41.2,1,2015-16
22015,200794,Paul Millsap,1610612737,ATL,Atlanta Hawks,0021500242,2015-11-28,ATL @ SAS,L,26,3,9,0.333,0,1,0.0,2,5,0.4,4,4,8,2,2,1,1,2,8,-24,28.6,1,2015-16
22015,203501,Tim Hardaway Jr.,1610612737,ATL,Atlanta Hawks,0021500242,2015-11-28,ATL @ SAS,L,12,1,5,0.2,0,3,0.0,0,0,,1,2,3,1,0,0,1,1,2,1,6.1,1,2015-16
22015,203099,Jared Cunningham,1610612739,CLE,Cleveland Cavaliers,0021500240,2015-11-28,CLE vs. BKN,W,1,0,0,,0,0,,0,0,,0,0,0,0,0,0,0,0,0,3,0.0,2,2015-16
22015,201582,Alexis Ajinca,1610612740,NOP,New Orleans Pelicans,0021500243,2015-11-28,NOP @ UTA,L,4,1,2,0.5,0,0,,0,0,,0,0,0,0,0,0,0,1,2,-9,2.0,1,2015-16
22015,201583,Ryan Anderson,1610612740,NOP,New Orleans Pelicans,0021500243,2015-11-28,NOP @ UTA,L,38,1,7,0.143,1,4,0.25,6,6,1.0,0,2,2,5,1,1,2,2,9,1,22.9,1,2015-16
22015,201967,Dante Cunningham,1610612740,NOP,New Orleans Pelicans,0021500243,2015-11-28,NOP @ UTA,L,20,2,3,0.667,1,1,1.0,0,0,,1,7,8,0,0,0,1,3,5,-23,13.6,1,2015-16
22015,101111,Charlie Villanueva,1610612742,DAL,Dallas Mavericks,0021500241,2015-11-28,DAL vs. DEN,W,7,0,1,0.0,0,1,0.0,0,0,,0,2,2,1,0,0,0,1,0,-2,3.9,1,2015-16
22015,202379,Jeremy Evans,1610612742,DAL,Dallas Mavericks,0021500241,2015-11-28,DAL vs. DEN,W,4,0,0,,0,0,,2,2,1.0,1,0,1,0,0,0,0,1,2,-12,3.2,1,2015-16
22015,2749,Jameer Nelson,1610612743,DEN,Denver Nuggets,0021500241,2015-11-28,DEN @ DAL,L,17,1,4,0.25,0,2,0.0,0,0,,0,2,2,3,1,0,2,1,2,-5,9.9,1,2015-16
22015,201568,Danilo Gallinari,1610612743,DEN,Denver Nuggets,0021500241,2015-11-28,DEN @ DAL,L,34,4,12,0.333,2,6,0.333,2,2,1.0,1,8,9,1,1,1,3,0,12,-16,27.3,1,2015-16
22015,203999,Nikola Jokić,1610612743,DEN,Denver Nuggets,0021500241,2015-11-28,DEN @ DAL,L,19,2,3,0.667,1,1,1.0,3,4,0.75,2,4,6,0,1,0,3,3,8,-7,15.2,1,2015-16
22015,2571,Leandro Barbosa,1610612744,GSW,Golden State Warriors,0021500245,2015-11-28,GSW vs. SAC,W,21,1,6,0.167,1,2,0.5,2,2,1.0,0,2,2,1,3,0,1,5,5,4,16.9,1,2015-16
22015,2738,Andre Iguodala,1610612744,GSW,Golden State Warriors,0021500245,2015-11-28,GSW vs. SAC,W,22,3,4,0.75,3,4,0.75,0,0,,1,2,3,1,0,1,3,2,9,16,14.1,1,2015-16
22015,201575,Brandon Rush,1610612744,GSW,Golden State Warriors,0021500245,2015-11-28,GSW vs. SAC,W,19,5,8,0.625,4,5,0.8,2,2,1.0,2,1,3,1,0,0,2,1,16,-2,19.1,1,2015-16
22015,201578,Marreese Speights,1610612744,GSW,Golden State Warriors,0021500245,2015-11-28,GSW vs. SAC,W,17,5,12,0.417,0,1,0.0,3,5,0.6,2,3,5,1,0,0,0,0,13,-3,20.5,1,2015-16
22015,201961,Wayne Ellington,1610612751,BKN,Brooklyn Nets,0021500240,2015-11-28,BKN @ CLE,L,10,0,4,0.0,0,4,0.0,0,0,,0,0,0,0,0,0,0,0,0,2,0.0,2,2015-16
22015,202711,Bojan Bogdanovic,1610612751,BKN,Brooklyn Nets,0021500240,2015-11-28,BKN @ CLE,L,14,1,4,0.25,0,1,0.0,0,0,,1,3,4,0,0,0,1,1,2,-2,5.8,2,2015-16
22015,203086,Meyers Leonard,1610612757,POR,Portland Trail Blazers,0021500244,2015-11-28,POR vs. LAL,W,22,3,7,0.429,1,5,0.2,0,0,,1,5,6,2,0,1,0,1,7,-2,20.2,1,2015-16
22015,203090,Maurice Harkless,1610612757,POR,Portland Trail Blazers,0021500244,2015-11-28,POR vs. LAL,W,26,2,4,0.5,0,1,0.0,3,4,0.75,4,4,8,3,0,0,1,1,7,3,20.1,1,2015-16
22015,200752,Rudy Gay,1610612758,SAC,Sacramento Kings,0021500245,2015-11-28,SAC @ GSW,L,27,7,20,0.35,0,1,0.0,6,6,1.0,3,4,7,0,0,0,0,1,20,-21,28.4,1,2015-16
22015,201956,Omri Casspi,1610612758,SAC,Sacramento Kings,0021500245,2015-11-28,SAC @ GSW,L,29,3,10,0.3,3,5,0.6,2,2,1.0,2,5,7,1,0,0,0,3,11,-18,20.9,1,2015-16
22015,203961,Eric Moreland,1610612758,SAC,Sacramento Kings,0021500245,2015-11-28,SAC @ GSW,L,9,1,1,1.0,0,0,,0,0,,0,1,1,0,0,3,0,0,2,7,12.2,1,2015-16
22015,1626161,Willie Cauley-Stein,1610612758,SAC,Sacramento Kings,0021500245,2015-11-28,SAC @ GSW,L,20,1,5,0.2,0,0,,1,2,0.5,2,2,4,1,1,2,0,5,3,2,18.3,1,2015-16
22015,2564,Boris Diaw,1610612759,SAS,San Antonio Spurs,0021500242,2015-11-28,SAS vs. ATL,W,17,4,6,0.667,1,1,1.0,0,0,,0,2,2,3,1,0,1,2,9,1,17.9,1,2015-16
22015,202066,Garrett Temple,1610612764,WAS,Washington Wizards,0021500239,2015-11-28,WAS vs. TOR,L,17,0,6,0.0,0,4,0.0,1,2,0.5,0,2,2,1,3,1,0,1,1,-4,16.9,1,2015-16
22015,2592,James Jones,1610612739,CLE,Cleveland Cavaliers,0021500240,2015-11-28,CLE vs. BKN,W,6,1,1,1.0,1,1,1.0,0,0,,0,1,1,0,0,2,0,0,3,0,10.2,2,2015-16
22015,201567,Kevin Love,1610612739,CLE,Cleveland Cavaliers,0021500240,2015-11-28,CLE vs. BKN,W,34,8,14,0.571,6,11,0.545,4,4,1.0,0,7,7,2,0,1,3,4,26,5,37.4,2,2015-16
22015,202087,Alonzo Gee,1610612740,NOP,New Orleans Pelicans,0021500243,2015-11-28,NOP @ UTA,L,26,4,5,0.8,0,1,0.0,0,0,,0,2,2,2,2,0,1,3,8,8,18.4,1,2015-16
22015,2734,Devin Harris,1610612742,DAL,Dallas Mavericks,0021500241,2015-11-28,DAL vs. DEN,W,20,3,6,0.5,0,0,,0,0,,1,1,2,1,0,0,1,0,6,5,8.9,1,2015-16
22015,200751,Randy Foye,1610612743,DEN,Denver Nuggets,0021500241,2015-11-28,DEN @ DAL,L,37,2,9,0.222,1,4,0.25,0,0,,1,0,1,3,0,0,1,2,5,-6,9.7,1,2015-16
22015,203123,Kostas Papanikolaou,1610612743,DEN,Denver Nuggets,0021500241,2015-11-28,DEN @ DAL,L,2,0,0,,0,0,,2,2,1.0,0,0,0,0,0,0,0,0,2,6,2.0,1,2015-16
22015,203080,Thomas Robinson,1610612751,BKN,Brooklyn Nets,0021500240,2015-11-28,BKN @ CLE,L,6,0,0,,0,0,,0,0,,1,0,1,0,0,1,0,0,0,-5,4.2,2,2015-16
22015,203112,Quincy Acy,1610612758,SAC,Sacramento Kings,0021500245,2015-11-28,SAC @ GSW,L,15,4,7,0.571,1,1,1.0,0,0,,4,3,7,1,0,0,1,3,9,-12,17.9,1,2015-16
22015,201980,Danny Green,1610612759,SAS,San Antonio Spurs,0021500242,2015-11-28,SAS vs. ATL,W,29,2,6,0.333,1,2,0.5,0,0,,2,0,2,3,1,1,3,2,5,9,14.9,1,2015-16
22015,203082,Terrence Ross,1610612761,TOR,Toronto Raptors,0021500239,2015-11-28,TOR @ WAS,W,20,1,4,0.25,0,2,0.0,2,2,1.0,0,2,2,1,1,1,3,2,4,-1,10.9,1,2015-16
22015,203490,Otto Porter Jr.,1610612764,WAS,Washington Wizards,0021500239,2015-11-28,WAS vs. TOR,L,39,3,10,0.3,3,5,0.6,4,4,1.0,2,3,5,2,1,0,3,1,13,-8,22.0,1,2015-16
22015,1626162,Kelly Oubre Jr.,1610612764,WAS,Washington Wizards,0021500239,2015-11-28,WAS vs. TOR,L,1,0,1,0.0,0,0,,0,0,,0,0,0,0,0,0,0,1,0,-2,0.0,1,2015-16
22015,201973,Jonas Jerebko,1610612738,BOS,Boston Celtics,0021500249,2015-11-29,BOS @ ORL,L,18,3,5,0.6,1,2,0.5,0,0,,1,2,3,3,0,0,1,0,7,-7,14.1,1,2015-16
22015,203482,Kelly Olynyk,1610612738,BOS,Boston Celtics,0021500249,2015-11-29,BOS @ ORL,L,17,1,5,0.2,1,3,0.333,0,0,,1,3,4,0,0,0,0,1,3,-13,7.8,1,2015-16
22015,1626179,Terry Rozier,1610612738,BOS,Boston Celtics,0021500249,2015-11-29,BOS @ ORL,L,12,3,5,0.6,0,0,,1,1,1.0,1,1,2,0,0,0,0,3,7,-2,9.4,1,2015-16
22015,203093,Terrence Jones,1610612745,HOU,Houston Rockets,0021500252,2015-11-29,HOU @ NYK,W,25,2,8,0.25,1,3,0.333,3,4,0.75,3,1,4,1,0,1,0,2,8,-14,17.3,1,2015-16
22015,2037,Jamal Crawford,1610612746,LAC,LA Clippers,0021500247,2015-11-29,LAC vs. MIN,W,15,0,4,0.0,0,2,0.0,0,0,,0,0,0,2,0,0,3,1,0,-1,0.0,1,2015-16
22015,977,Kobe Bryant,1610612747,LAL,Los Angeles Lakers,0021500253,2015-11-29,LAL vs. IND,L,33,4,20,0.2,2,7,0.286,3,4,0.75,1,3,4,3,1,0,1,1,13,-6,24.3,1,2015-16
22015,201579,Roy Hibbert,1610612747,LAL,Los Angeles Lakers,0021500253,2015-11-29,LAL vs. IND,L,27,2,3,0.667,0,0,,4,6,0.667,3,6,9,1,1,2,1,3,8,-10,28.3,1,2015-16
22015,203903,Jordan Clarkson,1610612747,LAL,Los Angeles Lakers,0021500253,2015-11-29,LAL vs. IND,L,39,8,15,0.533,2,4,0.5,4,4,1.0,2,8,10,6,1,0,0,3,22,-6,46.0,1,2015-16
22015,202328,Greg Monroe,1610612749,MIL,Milwaukee Bucks,0021500246,2015-11-29,MIL @ CHA,L,30,7,15,0.467,0,0,,3,5,0.6,3,7,10,3,2,0,2,5,17,5,37.5,1,2015-16
22015,1889,Andre Miller,1610612750,MIN,Minnesota Timberwolves,0021500247,2015-11-29,MIN @ LAC,L,21,4,7,0.571,0,0,,3,3,1.0,0,1,1,4,1,0,3,1,11,-8,18.2,1,2015-16
22015,203498,Shabazz Muhammad,1610612750,MIN,Minnesota Timberwolves,0021500247,2015-11-29,MIN @ LAC,L,19,2,6,0.333,0,2,0.0,2,2,1.0,1,2,3,0,0,0,1,1,6,-3,8.6,1,2015-16
22015,1626157,Karl-Anthony Towns,1610612750,MIN,Minnesota Timberwolves,0021500247,2015-11-29,MIN @ LAC,L,26,8,13,0.615,1,2,0.5,0,2,0.0,1,7,8,0,3,1,1,3,17,0,37.6,1,2015-16
22015,200745,Andrea Bargnani,1610612751,BKN,Brooklyn Nets,0021500248,2015-11-29,BKN vs. DET,W,3,0,1,0.0,0,0,,0,0,,0,0,0,0,0,0,0,1,0,-2,0.0,1,2015-16
22015,203080,Thomas Robinson,1610612751,BKN,Brooklyn Nets,0021500248,2015-11-29,BKN vs. DET,W,12,1,4,0.25,0,0,,0,0,,3,4,7,0,1,2,2,1,2,8,17.4,1,2015-16
22015,1626178,Rondae Hollis-Jefferson,1610612751,BKN,Brooklyn Nets,0021500248,2015-11-29,BKN vs. DET,W,21,0,4,0.0,0,0,,2,2,1.0,1,3,4,0,0,1,0,1,2,-11,9.8,1,2015-16
22015,201167,Arron Afflalo,1610612752,NYK,New York Knicks,0021500252,2015-11-29,NYK vs. HOU,L,41,13,19,0.684,2,4,0.5,3,4,0.75,1,6,7,3,1,0,1,1,31,-6,45.9,1,2015-16
22015,202682,Derrick Williams,1610612752,NYK,New York Knicks,0021500252,2015-11-29,NYK vs. HOU,L,15,4,5,0.8,1,1,1.0,3,3,1.0,0,4,4,1,0,0,1,2,12,2,17.3,1,2015-16
22015,204038,Langston Galloway,1610612752,NYK,New York Knicks,0021500252,2015-11-29,NYK vs. HOU,L,26,2,9,0.222,0,4,0.0,0,0,,0,0,0,4,1,0,3,3,4,-7,10.0,1,2015-16
22015,202699,Tobias Harris,1610612753,ORL,Orlando Magic,0021500249,2015-11-29,ORL vs. BOS,W,33,7,13,0.538,0,3,0.0,1,3,0.333,6,5,11,2,1,1,2,1,15,6,35.2,1,2015-16
22015,203906,Devyn Marble,1610612753,ORL,Orlando Magic,0021500249,2015-11-29,ORL vs. BOS,W,1,0,0,,0,0,,0,0,,0,0,0,0,0,0,0,0,0,3,0.0,1,2015-16
22015,201978,Chase Budinger,1610612754,IND,Indiana Pacers,0021500253,2015-11-29,IND @ LAL,W,11,1,3,0.333,0,1,0.0,0,0,,0,0,0,0,0,0,1,1,2,-4,1.0,1,2015-16
22015,1626158,Richaun Holmes,1610612755,PHI,Philadelphia 76ers,0021500251,2015-11-29,PHI @ MEM,L,15,0,3,0.0,0,1,0.0,0,0,,2,0,2,0,0,2,2,1,0,4,6.4,1,2015-16
22015,203458,Alex Len,1610612756,PHX,Phoenix Suns,0021500250,2015-11-29,PHX @ TOR,W,28,4,8,0.5,0,0,,0,0,,3,4,7,1,0,0,0,0,8,0,17.9,1,2015-16
22015,203933,T.J. Warren,1610612756,PHX,Phoenix Suns,0021500250,2015-11-29,PHX @ TOR,W,30,7,13,0.538,0,1,0.0,1,2,0.5,3,8,11,0,1,3,0,2,15,2,40.2,1,2015-16
22015,2754,Tony Allen,1610612763,MEM,Memphis Grizzlies,0021500251,2015-11-29,MEM vs. PHI,W,19,4,8,0.5,0,0,,0,1,0.0,0,4,4,0,2,0,0,2,8,1,18.8,1,2015-16
22015,201144,Mike Conley,1610612763,MEM,Memphis Grizzlies,0021500251,2015-11-29,MEM vs. PHI,W,37,6,14,0.429,1,2,0.5,7,8,0.875,0,4,4,5,1,2,5,2,20,9,36.3,1,2015-16
22015,201145,Jeff Green,1610612763,MEM,Memphis Grizzlies,0021500251,2015-11-29,MEM vs. PHI,W,28,4,10,0.4,1,4,0.25,4,4,1.0,2,0,2,2,1,0,3,0,13,7,18.4,1,2015-16
22015,201229,Anthony Tolliver,1610612765,DET,Detroit Pistons,0021500248,2015-11-29,DET @ BKN,L,22,0,6,0.0,0,5,0.0,0,0,,1,4,5,1,1,0,0,0,0,-10,10.5,1,2015-16
22015,203382,Aron Baynes,1610612765,DET,Detroit Pistons,0021500248,2015-11-29,DET @ BKN,L,11,1,5,0.2,0,1,0.0,0,0,,0,1,1,1,0,0,2,1,2,-7,2.7,1,2015-16
22015,1626169,Stanley Johnson,1610612765,DET,Detroit Pistons,0021500248,2015-11-29,DET @ BKN,L,27,4,10,0.4,2,3,0.667,0,0,,0,5,5,1,1,0,1,3,10,-1,19.5,1,2015-16
22015,202391,Jeremy Lin,1610612766,CHA,Charlotte Hornets,0021500246,2015-11-29,CHA vs. MIL,W,22,1,4,0.25,1,1,1.0,4,4,1.0,0,3,3,4,0,0,0,3,7,10,16.6,1,2015-16
22015,203469,Cody Zeller,1610612766,CHA,Charlotte Hornets,0021500246,2015-11-29,CHA vs. MIL,W,16,1,3,0.333,0,1,0.0,0,0,,1,0,1,1,0,0,0,4,2,6,4.7,1,2015-16
22015,1626163,Frank Kaminsky,1610612766,CHA,Charlotte Hornets,0021500246,2015-11-29,CHA vs. MIL,W,17,2,8,0.25,0,2,0.0,0,0,,0,4,4,2,1,1,0,1,4,19,17.8,1,2015-16
22015,101135,David Lee,1610612738,BOS,Boston Celtics,0021500249,2015-11-29,BOS @ ORL,L,21,5,6,0.833,0,0,,1,3,0.333,1,3,4,3,0,0,0,0,11,-15,20.3,1,2015-16
22015,203109,Jae Crowder,1610612738,BOS,Boston Celtics,0021500249,2015-11-29,BOS @ ORL,L,33,5,11,0.455,0,5,0.0,2,3,0.667,0,1,1,3,1,1,0,0,12,-5,23.7,1,2015-16
22015,2772,Trevor Ariza,1610612745,HOU,Houston Rockets,0021500252,2015-11-29,HOU @ NYK,W,41,7,11,0.636,2,4,0.5,0,0,,3,4,7,1,2,0,0,2,16,9,31.9,1,2015-16
22015,201147,Corey Brewer,1610612745,HOU,Houston Rockets,0021500252,2015-11-29,HOU @ NYK,W,7,1,1,1.0,0,0,,0,0,,0,0,0,0,0,0,2,0,2,1,0.0,1,2015-16
22015,201935,James Harden,1610612745,HOU,Houston Rockets,0021500252,2015-11-29,HOU @ NYK,W,45,10,28,0.357,0,7,0.0,6,10,0.6,3,4,7,9,2,0,2,2,26,10,51.9,1,2015-16
22015,1718,Paul Pierce,1610612746,LAC,LA Clippers,0021500247,2015-11-29,LAC vs. MIN,W,10,4,8,0.5,2,6,0.333,0,0,,0,1,1,0,0,0,0,2,10,2,11.2,1,2015-16
22015,1897,Metta World Peace,1610612747,LAL,Los Angeles Lakers,0021500253,2015-11-29,LAL vs. IND,L,27,2,10,0.2,1,4,0.25,2,2,1.0,2,1,3,1,2,0,0,6,7,-4,18.1,1,2015-16
22015,1626204,Larry Nance Jr.,1610612747,LAL,Los Angeles Lakers,0021500253,2015-11-29,LAL vs. IND,L,15,2,7,0.286,0,0,,0,0,,2,1,3,0,1,2,2,1,4,-1,14.6,1,2015-16
22015,203114,Khris Middleton,1610612749,MIL,Milwaukee Bucks,0021500246,2015-11-29,MIL @ CHA,L,37,7,18,0.389,4,9,0.444,1,1,1.0,1,4,5,6,3,0,3,3,19,7,40.0,1,2015-16
22015,203487,Michael Carter-Williams,1610612749,MIL,Milwaukee Bucks,0021500246,2015-11-29,MIL @ CHA,L,16,1,3,0.333,0,1,0.0,1,2,0.5,0,4,4,2,0,0,2,2,3,-15,8.8,1,2015-16
22015,203507,Giannis Antetokounmpo,1610612749,MIL,Milwaukee Bucks,0021500246,2015-11-29,MIL @ CHA,L,31,4,5,0.8,0,0,,0,0,,0,5,5,3,1,1,0,2,8,7,24.5,1,2015-16
22015,203953,Jabari Parker,1610612749,MIL,Milwaukee Bucks,0021500246,2015-11-29,MIL @ CHA,L,17,4,10,0.4,0,0,,2,2,1.0,2,5,7,0,0,0,1,3,10,-12,17.4,1,2015-16
22015,708,Kevin Garnett,1610612750,MIN,Minnesota Timberwolves,0021500247,2015-11-29,MIN @ LAC,L,15,0,5,0.0,0,0,,0,0,,2,4,6,5,0,0,1,4,0,6,13.7,1,2015-16
22015,2755,Kevin Martin,1610612750,MIN,Minnesota Timberwolves,0021500247,2015-11-29,MIN @ LAC,L,23,1,5,0.2,0,0,,0,0,,0,3,3,0,1,0,0,3,2,-5,8.6,1,2015-16
22015,202357,Nemanja Bjelica,1610612750,MIN,Minnesota Timberwolves,0021500247,2015-11-29,MIN @ LAC,L,22,4,4,1.0,2,2,1.0,0,0,,0,2,2,1,0,0,0,2,10,-4,13.9,1,2015-16
22015,101127,Jarrett Jack,1610612751,BKN,Brooklyn Nets,0021500248,2015-11-29,BKN vs. DET,W,27,4,9,0.444,1,2,0.5,2,2,1.0,0,5,5,4,1,0,5,2,11,0,21.0,1,2015-16
22015,201961,Wayne Ellington,1610612751,BKN,Brooklyn Nets,0021500248,2015-11-29,BKN vs. DET,W,24,5,7,0.714,1,1,1.0,1,1,1.0,0,6,6,0,0,1,3,0,12,13,19.2,1,2015-16
22015,202498,Lance Thomas,1610612752,NYK,New York Knicks,0021500252,2015-11-29,NYK vs. HOU,L,36,6,10,0.6,1,2,0.5,2,2,1.0,1,2,3,0,0,0,2,2,15,-13,16.6,1,2015-16
22015,203921,Cleanthony Early,1610612752,NYK,New York Knicks,0021500252,2015-11-29,NYK vs. HOU,L,6,0,1,0.0,0,1,0.0,0,0,,0,0,0,0,0,0,0,0,0,1,0.0,1,2015-16
22015,1626170,Jerian Grant,1610612752,NYK,New York Knicks,0021500252,2015-11-29,NYK vs. HOU,L,12,3,3,1.0,1,1,1.0,0,0,,0,1,1,2,0,0,1,0,7,1,10.2,1,2015-16
22015,203094,Andrew Nicholson,1610612753,ORL,Orlando Magic,0021500249,2015-11-29,ORL vs. BOS,W,23,6,9,0.667,2,4,0.5,0,0,,2,6,8,0,0,2,0,0,14,15,29.6,1,2015-16
22015,203095,Evan Fournier,1610612753,ORL,Orlando Magic,0021500249,2015-11-29,ORL vs. BOS,W,20,4,9,0.444,0,3,0.0,1,1,1.0,1,2,3,1,1,0,1,1,9,4,16.1,1,2015-16
22015,101133,Ian Mahinmi,1610612754,IND,Indiana Pacers,0021500253,2015-11-29,IND @ LAL,W,28,2,3,0.667,0,0,,4,6,0.667,2,8,10,2,0,2,2,4,8,-7,27.0,1,2015-16
22015,101139,CJ Miles,1610612754,IND,Indiana Pacers,0021500253,2015-11-29,IND @ LAL,W,30,3,13,0.231,2,9,0.222,1,2,0.5,1,2,3,2,0,1,0,3,9,12,18.6,1,2015-16
22015,101145,Monta Ellis,1610612754,IND,Indiana Pacers,0021500253,2015-11-29,IND @ LAL,W,36,5,7,0.714,1,2,0.5,4,4,1.0,0,3,3,6,0,1,4,1,15,11,26.6,1,2015-16
22015,202331,Paul George,1610612754,IND,Indiana Pacers,0021500253,2015-11-29,IND @ LAL,W,37,10,22,0.455,5,11,0.455,14,17,0.824,1,3,4,1,2,1,4,1,39,10,50.3,1,2015-16
22015,202730,Lavoy Allen,1610612754,IND,Indiana Pacers,0021500253,2015-11-29,IND @ LAL,W,17,3,6,0.5,0,0,,0,0,,1,6,7,0,0,0,0,0,6,-2,14.4,1,2015-16
22015,203138,Hollis Thompson,1610612755,PHI,Philadelphia 76ers,0021500251,2015-11-29,PHI @ MEM,L,28,5,11,0.455,2,7,0.286,0,0,,1,4,5,3,2,1,0,3,12,-6,31.5,1,2015-16
22015,203496,Robert Covington,1610612755,PHI,Philadelphia 76ers,0021500251,2015-11-29,PHI @ MEM,L,37,5,9,0.556,2,4,0.5,0,0,,1,6,7,4,7,1,8,5,12,-7,42.4,1,2015-16
22015,203515,Phil Pressey,1610612755,PHI,Philadelphia 76ers,0021500251,2015-11-29,PHI @ MEM,L,16,0,4,0.0,0,2,0.0,3,4,0.75,0,2,2,3,1,0,3,2,3,-3,9.9,1,2015-16
22015,203917,Nik Stauskas,1610612755,PHI,Philadelphia 76ers,0021500251,2015-11-29,PHI @ MEM,L,13,2,6,0.333,1,3,0.333,0,0,,0,1,1,1,1,1,1,2,5,-5,12.7,1,2015-16
22015,202339,Eric Bledsoe,1610612756,PHX,Phoenix Suns,0021500250,2015-11-29,PHX @ TOR,W,38,5,17,0.294,1,3,0.333,9,11,0.818,0,5,5,11,0,3,3,3,20,-4,48.5,1,2015-16
22015,202720,Jon Leuer,1610612756,PHX,Phoenix Suns,0021500250,2015-11-29,PHX @ TOR,W,23,6,10,0.6,2,4,0.5,2,2,1.0,0,4,4,2,0,1,0,1,16,4,26.8,1,2015-16
22015,200768,Kyle Lowry,1610612761,TOR,Toronto Raptors,0021500250,2015-11-29,TOR vs. PHX,L,34,5,14,0.357,4,9,0.444,3,3,1.0,1,7,8,5,1,0,3,4,17,-7,34.1,1,2015-16
22015,203082,Terrence Ross,1610612761,TOR,Toronto Raptors,0021500250,2015-11-29,TOR vs. PHX,L,14,0,4,0.0,0,3,0.0,0,0,,1,1,2,1,0,0,0,1,0,2,3.9,1,2015-16
22015,2581,Steve Blake,1610612765,DET,Detroit Pistons,0021500248,2015-11-29,DET @ BKN,L,18,3,5,0.6,1,2,0.5,0,0,,0,1,1,4,0,0,2,1,7,-1,12.2,1,2015-16
22015,101107,Marvin Williams,1610612766,CHA,Charlotte Hornets,0021500246,2015-11-29,CHA vs. MIL,W,37,4,10,0.4,3,7,0.429,1,1,1.0,1,6,7,2,0,1,0,0,12,0,26.4,1,2015-16
22015,101161,Amir Johnson,1610612738,BOS,Boston Celtics,0021500249,2015-11-29,BOS @ ORL,L,19,3,6,0.5,0,0,,2,2,1.0,2,2,4,3,0,1,2,5,8,-4,18.3,1,2015-16
22015,2730,Dwight Howard,1610612745,HOU,Houston Rockets,0021500252,2015-11-29,HOU @ NYK,W,30,6,14,0.429,0,0,,2,5,0.4,2,4,6,2,0,0,0,1,14,9,24.2,1,2015-16
22015,203909,KJ McDaniels,1610612745,HOU,Houston Rockets,0021500252,2015-11-29,HOU @ NYK,W,5,0,2,0.0,0,0,,0,0,,1,0,1,0,0,0,0,2,0,-5,1.2,1,2015-16
22015,201601,Luc Mbah a Moute,1610612746,LAC,LA Clippers,0021500247,2015-11-29,LAC vs. MIN,W,23,2,6,0.333,2,3,0.667,1,2,0.5,2,1,3,1,1,1,0,2,7,-2,18.1,1,2015-16
22015,201933,Blake Griffin,1610612746,LAC,LA Clippers,0021500247,2015-11-29,LAC vs. MIN,W,37,9,16,0.563,1,1,1.0,7,9,0.778,0,8,8,8,0,2,3,3,26,8,50.6,1,2015-16
22015,101138,Brandon Bass,1610612747,LAL,Los Angeles Lakers,0021500253,2015-11-29,LAL vs. IND,L,18,4,5,0.8,0,0,,0,0,,2,2,4,1,0,0,0,4,8,4,14.3,1,2015-16
22015,201573,Jerryd Bayless,1610612749,MIL,Milwaukee Bucks,0021500246,2015-11-29,MIL @ CHA,L,43,4,14,0.286,2,9,0.222,1,2,0.5,2,4,6,6,1,0,2,3,11,-3,28.2,1,2015-16
22015,203089,John Henson,1610612749,MIL,Milwaukee Bucks,0021500246,2015-11-29,MIL @ CHA,L,18,1,3,0.333,0,0,,0,0,,4,1,5,0,0,1,3,2,2,-10,8.0,1,2015-16
22015,203952,Andrew Wiggins,1610612750,MIN,Minnesota Timberwolves,0021500247,2015-11-29,MIN @ LAC,L,38,7,15,0.467,2,4,0.5,5,7,0.714,0,2,2,2,1,1,4,3,21,-6,28.4,1,2015-16
22015,201572,Brook Lopez,1610612751,BKN,Brooklyn Nets,0021500248,2015-11-29,BKN vs. DET,W,36,6,18,0.333,0,0,,3,5,0.6,2,7,9,5,4,6,3,6,15,-4,60.3,1,2015-16
22015,202711,Bojan Bogdanovic,1610612751,BKN,Brooklyn Nets,0021500248,2015-11-29,BKN vs. DET,W,21,2,6,0.333,0,2,0.0,0,0,,0,2,2,0,0,0,0,0,4,4,6.4,1,2015-16
22015,203508,Sergey Karasev,1610612751,BKN,Brooklyn Nets,0021500248,2015-11-29,BKN vs. DET,W,6,0,0,,0,0,,0,0,,0,1,1,0,0,0,0,0,0,-5,1.2,1,2015-16
22015,203894,Shabazz Napier,1610612753,ORL,Orlando Magic,0021500249,2015-11-29,ORL vs. BOS,W,9,2,3,0.667,1,2,0.5,0,0,,0,1,1,4,0,0,1,0,5,7,11.2,1,2015-16
22015,203932,Aaron Gordon,1610612753,ORL,Orlando Magic,0021500249,2015-11-29,ORL vs. BOS,W,22,5,7,0.714,2,3,0.667,0,0,,1,4,5,2,0,1,0,2,12,12,24.0,1,2015-16
22015,201588,George Hill,1610612754,IND,Indiana Pacers,0021500253,2015-11-29,IND @ LAL,W,33,4,10,0.4,1,3,0.333,2,3,0.667,0,6,6,3,2,0,2,3,11,0,26.7,1,2015-16
22015,203477,Isaiah Canaan,1610612755,PHI,Philadelphia 76ers,0021500251,2015-11-29,PHI @ MEM,L,35,5,15,0.333,4,12,0.333,2,2,1.0,0,1,1,3,2,0,4,3,16,-7,23.7,1,2015-16
22015,203924,Jerami Grant,1610612755,PHI,Philadelphia 76ers,0021500251,2015-11-29,PHI @ MEM,L,30,3,9,0.333,1,4,0.25,4,5,0.8,2,5,7,1,2,3,1,4,11,-14,34.9,1,2015-16
22015,204456,T.J. McConnell,1610612755,PHI,Philadelphia 76ers,0021500251,2015-11-29,PHI @ MEM,L,22,3,5,0.6,1,1,1.0,0,1,0.0,0,3,3,6,0,0,3,4,7,4,16.6,1,2015-16
22015,202688,Brandon Knight,1610612756,PHX,Phoenix Suns,0021500250,2015-11-29,PHX @ TOR,W,37,6,17,0.353,2,6,0.333,2,2,1.0,2,4,6,4,2,1,0,1,16,7,38.2,1,2015-16
22015,202335,Patrick Patterson,1610612761,TOR,Toronto Raptors,0021500250,2015-11-29,TOR vs. PHX,L,16,2,7,0.286,2,4,0.5,0,0,,1,2,3,0,0,0,0,0,6,-10,9.6,1,2015-16
22015,202709,Cory Joseph,1610612761,TOR,Toronto Raptors,0021500250,2015-11-29,TOR vs. PHX,L,33,4,11,0.364,1,1,1.0,0,0,,1,4,5,1,1,2,2,2,9,-5,23.5,1,2015-16
22015,203512,Lucas Nogueira,1610612761,TOR,Toronto Raptors,0021500250,2015-11-29,TOR vs. PHX,L,6,1,2,0.5,0,1,0.0,0,0,,1,1,2,0,1,0,0,0,2,-9,7.4,1,2015-16
22015,2216,Zach Randolph,1610612763,MEM,Memphis Grizzlies,0021500251,2015-11-29,MEM vs. PHI,W,32,6,17,0.353,0,0,,5,6,0.833,7,4,11,0,1,0,2,1,17,7,31.2,1,2015-16
22015,201188,Marc Gasol,1610612763,MEM,Memphis Grizzlies,0021500251,2015-11-29,MEM vs. PHI,W,39,4,8,0.5,0,0,,1,2,0.5,1,11,12,3,1,4,3,3,9,9,39.9,1,2015-16
22015,201596,Mario Chalmers,1610612763,MEM,Memphis Grizzlies,0021500251,2015-11-29,MEM vs. PHI,W,15,2,5,0.4,1,1,1.0,0,0,,2,1,3,2,1,0,3,4,5,2,11.6,1,2015-16
22015,203210,JaMychal Green,1610612763,MEM,Memphis Grizzlies,0021500251,2015-11-29,MEM vs. PHI,W,17,1,3,0.333,0,1,0.0,0,0,,0,3,3,1,1,0,4,2,2,-2,6.1,1,2015-16
22015,202704,Reggie Jackson,1610612765,DET,Detroit Pistons,0021500248,2015-11-29,DET @ BKN,L,30,4,20,0.2,0,4,0.0,0,0,,2,4,6,9,1,0,3,4,8,-3,28.7,1,2015-16
22015,203484,Kentavious Caldwell-Pope,1610612765,DET,Detroit Pistons,0021500248,2015-11-29,DET @ BKN,L,34,6,17,0.353,2,5,0.4,7,10,0.7,3,4,7,1,1,0,0,0,21,0,33.9,1,2015-16
22015,201150,Spencer Hawes,1610612766,CHA,Charlotte Hornets,0021500246,2015-11-29,CHA vs. MIL,W,16,1,4,0.25,1,1,1.0,2,2,1.0,0,8,8,0,0,0,2,2,5,4,12.6,1,2015-16
22015,201587,Nicolas Batum,1610612766,CHA,Charlotte Hornets,0021500246,2015-11-29,CHA vs. MIL,W,34,4,13,0.308,3,8,0.375,4,5,0.8,2,3,5,5,2,1,9,1,15,-8,28.5,1,2015-16
22015,201946,Tyler Hansbrough,1610612766,CHA,Charlotte Hornets,0021500246,2015-11-29,CHA vs. MIL,W,9,1,1,1.0,0,0,,0,0,,1,1,2,1,0,2,0,3,2,3,11.9,1,2015-16
22015,202738,Isaiah Thomas,1610612738,BOS,Boston Celtics,0021500249,2015-11-29,BOS @ ORL,L,32,7,18,0.389,1,6,0.167,5,5,1.0,0,1,1,7,2,0,3,2,20,-8,34.7,1,2015-16
22015,1626154,RJ Hunter,1610612738,BOS,Boston Celtics,0021500249,2015-11-29,BOS @ ORL,L,6,0,2,0.0,0,2,0.0,0,0,,0,0,0,0,0,0,0,1,0,-8,0.0,1,2015-16
22015,1891,Jason Terry,1610612745,HOU,Houston Rockets,0021500252,2015-11-29,HOU @ NYK,W,20,2,4,0.5,2,4,0.5,1,2,0.5,0,0,0,0,3,0,1,3,7,-13,15.0,1,2015-16
22015,201976,Patrick Beverley,1610612745,HOU,Houston Rockets,0021500252,2015-11-29,HOU @ NYK,W,34,2,5,0.4,0,2,0.0,3,3,1.0,0,3,3,2,5,0,1,5,7,16,27.6,1,2015-16
22015,201977,Marcus Thornton,1610612745,HOU,Houston Rockets,0021500252,2015-11-29,HOU @ NYK,W,21,6,11,0.545,2,5,0.4,4,4,1.0,0,0,0,1,1,0,1,0,18,10,21.5,1,2015-16
22015,203991,Clint Capela,1610612745,HOU,Houston Rockets,0021500252,2015-11-29,HOU @ NYK,W,36,7,11,0.636,0,0,,4,8,0.5,5,6,11,0,3,1,1,2,18,2,42.2,1,2015-16
22015,202325,Wesley Johnson,1610612746,LAC,LA Clippers,0021500247,2015-11-29,LAC vs. MIN,W,4,0,0,,0,0,,0,0,,0,1,1,0,0,0,0,0,0,5,1.2,1,2015-16
22015,202362,Lance Stephenson,1610612746,LAC,LA Clippers,0021500247,2015-11-29,LAC vs. MIN,W,20,3,6,0.5,1,1,1.0,2,2,1.0,2,4,6,3,1,0,0,2,9,7,23.7,1,2015-16
22015,203085,Austin Rivers,1610612746,LAC,LA Clippers,0021500247,2015-11-29,LAC vs. MIN,W,16,2,5,0.4,0,2,0.0,0,0,,2,0,2,0,0,0,0,2,4,1,6.4,1,2015-16
22015,201156,Nick Young,1610612747,LAL,Los Angeles Lakers,0021500253,2015-11-29,LAL vs. IND,L,28,8,17,0.471,6,14,0.429,0,2,0.0,1,1,2,1,0,0,0,4,22,6,25.9,1,2015-16
22015,2419,Tayshaun Prince,1610612750,MIN,Minnesota Timberwolves,0021500247,2015-11-29,MIN @ LAC,L,10,0,1,0.0,0,0,,0,0,,0,0,0,0,0,0,0,0,0,-2,0.0,1,2015-16
22015,203940,Adreian Payne,1610612750,MIN,Minnesota Timberwolves,0021500247,2015-11-29,MIN @ LAC,L,8,0,4,0.0,0,1,0.0,0,0,,1,0,1,0,0,0,1,2,0,-15,0.2,1,2015-16
22015,2207,Joe Johnson,1610612751,BKN,Brooklyn Nets,0021500248,2015-11-29,BKN vs. DET,W,39,4,10,0.4,1,4,0.25,4,4,1.0,0,5,5,1,0,0,3,1,13,10,17.5,1,2015-16
22015,201577,Robin Lopez,1610612752,NYK,New York Knicks,0021500252,2015-11-29,NYK vs. HOU,L,15,0,1,0.0,0,0,,0,0,,0,3,3,2,0,1,1,3,0,-1,8.6,1,2015-16
22015,202338,Kevin Seraphin,1610612752,NYK,New York Knicks,0021500252,2015-11-29,NYK vs. HOU,L,32,7,10,0.7,0,0,,0,0,,0,7,7,4,1,4,5,3,14,2,38.4,1,2015-16
22015,101112,Channing Frye,1610612753,ORL,Orlando Magic,0021500249,2015-11-29,ORL vs. BOS,W,17,2,4,0.5,2,4,0.5,0,0,,0,2,2,1,1,1,2,3,6,2,13.9,1,2015-16
22015,203960,JaKarr Sampson,1610612755,PHI,Philadelphia 76ers,0021500251,2015-11-29,PHI @ MEM,L,12,4,4,1.0,1,1,1.0,0,0,,0,0,0,1,2,1,0,1,9,1,19.5,1,2015-16
22015,1626143,Jahlil Okafor,1610612755,PHI,Philadelphia 76ers,0021500251,2015-11-29,PHI @ MEM,L,32,3,11,0.273,0,1,0.0,3,4,0.75,2,11,13,1,1,0,3,4,9,-7,26.1,1,2015-16
22015,200782,P.J. Tucker,1610612756,PHX,Phoenix Suns,0021500250,2015-11-29,PHX @ TOR,W,22,2,4,0.5,0,1,0.0,1,2,0.5,1,4,5,0,1,0,2,3,5,6,12.0,1,2015-16
22015,203141,Mirza Teletovic,1610612756,PHX,Phoenix Suns,0021500250,2015-11-29,PHX @ TOR,W,18,7,9,0.778,6,7,0.857,0,0,,1,1,2,1,0,0,0,0,20,-4,23.9,1,2015-16
22015,201949,James Johnson,1610612761,TOR,Toronto Raptors,0021500250,2015-11-29,TOR vs. PHX,L,12,4,7,0.571,0,0,,0,0,,0,1,1,1,1,0,1,0,8,7,12.7,1,2015-16
22015,201960,DeMarre Carroll,1610612761,TOR,Toronto Raptors,0021500250,2015-11-29,TOR vs. PHX,L,37,8,13,0.615,3,6,0.5,1,3,0.333,1,6,7,3,2,0,0,3,20,2,38.9,1,2015-16
22015,1713,Vince Carter,1610612763,MEM,Memphis Grizzlies,0021500251,2015-11-29,MEM vs. PHI,W,9,1,4,0.25,0,1,0.0,0,0,,1,0,1,0,0,0,2,4,2,0,1.2,1,2015-16
22015,101141,Ersan Ilyasova,1610612765,DET,Detroit Pistons,0021500248,2015-11-29,DET @ BKN,L,26,4,9,0.444,0,1,0.0,0,0,,2,3,5,0,1,0,1,2,8,6,16.0,1,2015-16
22015,203798,PJ Hairston,1610612766,CHA,Charlotte Hornets,0021500246,2015-11-29,CHA vs. MIL,W,15,1,3,0.333,1,1,1.0,0,0,,0,1,1,0,0,0,0,0,3,-13,4.2,1,2015-16
22015,202340,Avery Bradley,1610612738,BOS,Boston Celtics,0021500249,2015-11-29,BOS @ ORL,L,32,7,15,0.467,2,7,0.286,1,2,0.5,0,0,0,1,0,1,3,2,17,-20,18.5,1,2015-16
22015,203923,James Young,1610612738,BOS,Boston Celtics,0021500249,2015-11-29,BOS @ ORL,L,2,0,1,0.0,0,1,0.0,1,2,0.5,0,0,0,0,0,0,0,0,1,-4,1.0,1,2015-16
22015,2746,Josh Smith,1610612746,LAC,LA Clippers,0021500247,2015-11-29,LAC vs. MIN,W,16,2,3,0.667,0,0,,0,0,,0,5,5,0,0,1,1,2,4,1,12.0,1,2015-16
22015,101108,Chris Paul,1610612746,LAC,LA Clippers,0021500247,2015-11-29,LAC vs. MIN,W,32,7,12,0.583,0,1,0.0,6,6,1.0,0,2,2,9,0,0,4,2,20,7,31.9,1,2015-16
22015,200755,JJ Redick,1610612746,LAC,LA Clippers,0021500247,2015-11-29,LAC vs. MIN,W,33,7,12,0.583,2,6,0.333,2,2,1.0,0,2,2,0,0,0,2,1,18,7,18.4,1,2015-16
22015,201599,DeAndre Jordan,1610612746,LAC,LA Clippers,0021500247,2015-11-29,LAC vs. MIN,W,33,3,3,1.0,0,0,,3,12,0.25,1,8,9,1,1,1,0,4,9,5,27.3,1,2015-16
22015,201564,O.J. Mayo,1610612749,MIL,Milwaukee Bucks,0021500246,2015-11-29,MIL @ CHA,L,44,5,13,0.385,2,8,0.25,0,2,0.0,1,3,4,5,2,0,1,4,12,-2,29.3,1,2015-16
22015,203476,Gorgui Dieng,1610612750,MIN,Minnesota Timberwolves,0021500247,2015-11-29,MIN @ LAC,L,25,5,7,0.714,0,0,,4,4,1.0,2,8,10,2,1,1,1,3,14,-3,34.0,1,2015-16
22015,203897,Zach LaVine,1610612750,MIN,Minnesota Timberwolves,0021500247,2015-11-29,MIN @ LAC,L,33,6,15,0.4,3,5,0.6,3,3,1.0,0,3,3,7,0,0,1,5,18,0,31.1,1,2015-16
22015,201152,Thaddeus Young,1610612751,BKN,Brooklyn Nets,0021500248,2015-11-29,BKN vs. DET,W,31,9,12,0.75,0,0,,1,2,0.5,1,9,10,3,1,1,2,3,19,3,39.5,1,2015-16
22015,101181,Jose Calderon,1610612752,NYK,New York Knicks,0021500252,2015-11-29,NYK vs. HOU,L,38,2,7,0.286,1,4,0.25,2,2,1.0,0,5,5,5,1,0,5,4,7,-3,18.5,1,2015-16
22015,203124,Kyle O'Quinn,1610612752,NYK,New York Knicks,0021500252,2015-11-29,NYK vs. HOU,L,4,0,0,,0,0,,1,2,0.5,0,0,0,0,0,0,0,1,1,-3,1.0,1,2015-16
22015,204001,Kristaps Porziņģis,1610612752,NYK,New York Knicks,0021500252,2015-11-29,NYK vs. HOU,L,41,8,13,0.615,0,1,0.0,4,4,1.0,3,10,13,1,1,2,2,5,20,2,44.1,1,2015-16
22015,201160,Jason Smith,1610612753,ORL,Orlando Magic,0021500249,2015-11-29,ORL vs. BOS,W,15,3,5,0.6,0,0,,0,0,,2,1,3,1,0,0,2,2,6,2,9.1,1,2015-16
22015,202696,Nikola Vučević,1610612753,ORL,Orlando Magic,0021500249,2015-11-29,ORL vs. BOS,W,32,9,19,0.474,0,0,,0,0,,4,6,10,2,0,0,2,6,18,17,31.0,1,2015-16
22015,203901,Elfrid Payton,1610612753,ORL,Orlando Magic,0021500249,2015-11-29,ORL vs. BOS,W,35,2,12,0.167,0,0,,2,4,0.5,1,2,3,5,1,1,2,1,6,8,21.1,1,2015-16
22015,1626209,Mario Hezonja,1610612753,ORL,Orlando Magic,0021500249,2015-11-29,ORL vs. BOS,W,1,0,0,,0,0,,0,0,,0,0,0,0,0,0,0,0,0,3,0.0,1,2015-16
22015,201941,Jordan Hill,1610612754,IND,Indiana Pacers,0021500253,2015-11-29,IND @ LAL,W,20,3,8,0.375,0,0,,0,0,,3,7,10,1,0,0,0,4,6,9,19.5,1,2015-16
22015,101179,Ronnie Price,1610612756,PHX,Phoenix Suns,0021500250,2015-11-29,PHX @ TOR,W,22,0,4,0.0,0,3,0.0,0,0,,1,1,2,3,0,1,2,1,0,9,7.9,1,2015-16
22015,202693,Markieff Morris,1610612756,PHX,Phoenix Suns,0021500250,2015-11-29,PHX @ TOR,W,23,3,12,0.25,0,2,0.0,1,1,1.0,2,6,8,2,0,0,2,4,7,5,17.6,1,2015-16
22015,2449,Luis Scola,1610612761,TOR,Toronto Raptors,0021500250,2015-11-29,TOR vs. PHX,L,18,2,5,0.4,2,3,0.667,3,4,0.75,0,4,4,1,0,0,0,0,9,2,15.3,1,2015-16
22015,201942,DeMar DeRozan,1610612761,TOR,Toronto Raptors,0021500250,2015-11-29,TOR vs. PHX,L,37,11,20,0.55,0,2,0.0,7,7,1.0,0,3,3,7,0,1,1,4,29,-6,45.1,1,2015-16
22015,2440,Matt Barnes,1610612763,MEM,Memphis Grizzlies,0021500251,2015-11-29,MEM vs. PHI,W,27,5,10,0.5,1,4,0.25,2,5,0.4,2,6,8,5,2,1,0,0,13,11,39.1,1,2015-16
22015,201584,Courtney Lee,1610612763,MEM,Memphis Grizzlies,0021500251,2015-11-29,MEM vs. PHI,W,17,1,2,0.5,0,0,,1,1,1.0,0,1,1,1,1,0,4,0,3,-4,4.7,1,2015-16
22015,202694,Marcus Morris Sr.,1610612765,DET,Detroit Pistons,0021500248,2015-11-29,DET @ BKN,L,35,3,10,0.3,1,3,0.333,0,0,,1,2,3,2,3,0,2,3,7,-7,20.6,1,2015-16
22015,203083,Andre Drummond,1610612765,DET,Detroit Pistons,0021500248,2015-11-29,DET @ BKN,L,37,9,19,0.474,0,0,,2,11,0.182,10,8,18,0,3,1,3,1,20,3,50.6,1,2015-16
22015,2744,Al Jefferson,1610612766,CHA,Charlotte Hornets,0021500246,2015-11-29,CHA vs. MIL,W,7,0,1,0.0,0,0,,1,2,0.5,0,1,1,0,0,0,0,1,1,-8,2.2,1,2015-16
22015,203087,Jeremy Lamb,1610612766,CHA,Charlotte Hornets,0021500246,2015-11-29,CHA vs. MIL,W,27,5,10,0.5,3,6,0.5,1,2,0.5,1,8,9,2,0,0,0,0,14,21,27.8,1,2015-16
22015,202323,Evan Turner,1610612738,BOS,Boston Celtics,0021500249,2015-11-29,BOS @ ORL,L,21,1,7,0.143,0,1,0.0,0,0,,1,3,4,6,1,0,0,1,2,-5,18.8,1,2015-16
22015,203096,Jared Sullinger,1610612738,BOS,Boston Celtics,0021500249,2015-11-29,BOS @ ORL,L,27,1,7,0.143,0,0,,1,2,0.5,2,9,11,2,3,3,2,1,3,-4,35.2,1,2015-16
22015,203944,Julius Randle,1610612747,LAL,Los Angeles Lakers,0021500253,2015-11-29,LAL vs. IND,L,27,4,11,0.364,0,0,,3,4,0.75,1,11,12,1,0,1,4,5,11,5,25.9,1,2015-16
22015,1626156,D'Angelo Russell,1610612747,LAL,Los Angeles Lakers,0021500253,2015-11-29,LAL vs. IND,L,26,4,11,0.364,0,4,0.0,0,0,,1,6,7,3,0,0,2,0,8,-8,18.9,1,2015-16
22015,203898,Tyler Ennis,1610612749,MIL,Milwaukee Bucks,0021500246,2015-11-29,MIL @ CHA,L,4,0,1,0.0,0,1,0.0,0,0,,0,0,0,0,0,0,0,0,0,-2,0.0,1,2015-16
22015,203499,Shane Larkin,1610612751,BKN,Brooklyn Nets,0021500248,2015-11-29,BKN vs. DET,W,21,4,10,0.4,1,3,0.333,0,0,,0,2,2,2,1,0,1,1,9,4,16.4,1,2015-16
22015,203506,Victor Oladipo,1610612753,ORL,Orlando Magic,0021500249,2015-11-29,ORL vs. BOS,W,30,5,12,0.417,2,6,0.333,7,8,0.875,0,8,8,6,2,1,1,4,19,16,45.6,1,2015-16
22015,201155,Rodney Stuckey,1610612754,IND,Indiana Pacers,0021500253,2015-11-29,IND @ LAL,W,27,3,11,0.273,0,1,0.0,5,5,1.0,1,6,7,2,0,0,2,1,11,-9,20.4,1,2015-16
22015,202687,Bismack Biyombo,1610612761,TOR,Toronto Raptors,0021500250,2015-11-29,TOR vs. PHX,L,33,1,3,0.333,0,0,,0,0,,2,6,8,0,0,4,4,3,2,-1,19.6,1,2015-16
22015,202689,Kemba Walker,1610612766,CHA,Charlotte Hornets,0021500246,2015-11-29,CHA vs. MIL,W,40,7,13,0.538,3,4,0.75,5,6,0.833,1,1,2,3,3,1,2,1,22,-9,38.9,1,2015-16
22015,201143,Al Horford,1610612737,ATL,Atlanta Hawks,0021500256,2015-11-30,ATL vs. OKC,W,35,8,15,0.533,2,3,0.667,3,3,1.0,4,9,13,1,1,2,0,2,21,4,47.1,1,2015-16
22015,203118,Mike Scott,1610612737,ATL,Atlanta Hawks,0021500256,2015-11-30,ATL vs. OKC,W,9,1,2,0.5,0,1,0.0,3,4,0.75,1,1,2,1,0,0,0,0,5,1,8.9,1,2015-16
22015,201973,Jonas Jerebko,1610612738,BOS,Boston Celtics,0021500255,2015-11-30,BOS @ MIA,W,10,0,2,0.0,0,0,,0,0,,1,2,3,0,1,0,0,2,0,3,6.6,1,2015-16
22015,202323,Evan Turner,1610612738,BOS,Boston Celtics,0021500255,2015-11-30,BOS @ MIA,W,32,5,11,0.455,0,1,0.0,3,4,0.75,1,5,6,3,3,0,1,1,13,16,32.7,1,2015-16
22015,201565,Derrick Rose,1610612741,CHI,Chicago Bulls,0021500257,2015-11-30,CHI vs. SAS,W,34,5,17,0.294,0,2,0.0,1,2,0.5,0,4,4,6,1,1,1,1,11,-5,29.8,1,2015-16
22015,201959,Taj Gibson,1610612741,CHI,Chicago Bulls,0021500257,2015-11-30,CHI vs. SAS,W,19,2,5,0.4,0,0,,0,0,,2,2,4,1,1,0,0,2,4,8,13.3,1,2015-16
22015,1626147,Justin Anderson,1610612742,DAL,Dallas Mavericks,0021500260,2015-11-30,DAL @ SAC,L,1,0,0,,0,0,,0,0,,0,0,0,0,0,0,0,0,0,2,0.0,1,2015-16
22015,201589,Darrell Arthur,1610612743,DEN,Denver Nuggets,0021500258,2015-11-30,DEN @ MIL,L,21,2,5,0.4,0,0,,0,0,,1,2,3,0,2,0,2,2,4,-1,11.6,1,2015-16
22015,203530,Joffrey Lauvergne,1610612743,DEN,Denver Nuggets,0021500258,2015-11-30,DEN @ MIL,L,19,3,9,0.333,0,0,,1,2,0.5,2,4,6,1,0,0,0,1,7,-8,15.7,1,2015-16
22015,1626144,Emmanuel Mudiay,1610612743,DEN,Denver Nuggets,0021500258,2015-11-30,DEN @ MIL,L,29,3,11,0.273,1,5,0.2,3,4,0.75,0,1,1,4,1,0,5,2,10,-11,15.2,1,2015-16
22015,2738,Andre Iguodala,1610612744,GSW,Golden State Warriors,0021500259,2015-11-30,GSW @ UTA,W,27,0,0,,0,0,,0,0,,0,2,2,2,0,1,1,2,0,-3,7.4,1,2015-16
22015,203110,Draymond Green,1610612744,GSW,Golden State Warriors,0021500259,2015-11-30,GSW @ UTA,W,38,8,21,0.381,0,4,0.0,4,7,0.571,7,5,12,8,0,0,5,2,20,10,41.4,1,2015-16
22015,201976,Patrick Beverley,1610612745,HOU,Houston Rockets,0021500254,2015-11-30,HOU @ DET,L,28,4,12,0.333,2,5,0.4,0,0,,0,0,0,3,1,2,1,6,10,-2,22.5,1,2015-16
22015,203085,Austin Rivers,1610612746,LAC,LA Clippers,0021500261,2015-11-30,LAC vs. POR,W,25,2,8,0.25,0,2,0.0,2,2,1.0,1,0,1,0,1,1,1,3,6,-1,12.2,1,2015-16
22015,201177,Josh McRoberts,1610612748,MIA,Miami Heat,0021500255,2015-11-30,MIA vs. BOS,L,24,2,3,0.667,0,0,,2,2,1.0,1,1,2,2,0,1,1,4,6,-7,13.4,1,2015-16
22015,202328,Greg Monroe,1610612749,MIL,Milwaukee Bucks,0021500258,2015-11-30,MIL vs. DEN,W,25,8,11,0.727,0,0,,2,2,1.0,2,3,5,2,1,2,0,1,18,7,36.0,1,2015-16
22015,203114,Khris Middleton,1610612749,MIL,Milwaukee Bucks,0021500258,2015-11-30,MIL vs. DEN,W,31,3,9,0.333,3,5,0.6,1,1,1.0,0,1,1,5,0,0,2,2,10,6,16.7,1,2015-16
22015,201945,Gerald Henderson,1610612757,POR,Portland Trail Blazers,0021500261,2015-11-30,POR @ LAC,L,16,3,6,0.5,0,1,0.0,2,4,0.5,0,3,3,1,0,0,0,5,8,2,13.1,1,2015-16
22015,203486,Mason Plumlee,1610612757,POR,Portland Trail Blazers,0021500261,2015-11-30,POR @ LAC,L,24,3,6,0.5,0,0,,4,6,0.667,3,10,13,1,2,0,5,4,10,-14,28.1,1,2015-16
22015,200765,Rajon Rondo,1610612758,SAC,Sacramento Kings,0021500260,2015-11-30,SAC vs. DAL,W,30,6,14,0.429,2,6,0.333,7,14,0.5,1,2,3,5,0,0,2,0,21,6,30.1,1,2015-16
22015,201158,Marco Belinelli,1610612758,SAC,Sacramento Kings,0021500260,2015-11-30,SAC vs. DAL,W,15,1,1,1.0,0,0,,0,0,,0,0,0,2,0,0,2,1,2,-3,3.0,1,2015-16
22015,201954,Darren Collison,1610612758,SAC,Sacramento Kings,0021500260,2015-11-30,SAC vs. DAL,W,28,4,8,0.5,1,5,0.2,6,6,1.0,1,4,5,3,0,0,1,3,15,8,24.5,1,2015-16
22015,203463,Ben McLemore,1610612758,SAC,Sacramento Kings,0021500260,2015-11-30,SAC vs. DAL,W,18,2,6,0.333,0,2,0.0,0,0,,0,2,2,0,0,0,0,0,4,7,6.4,1,2015-16
22015,2225,Tony Parker,1610612759,SAS,San Antonio Spurs,0021500257,2015-11-30,SAS @ CHI,L,31,6,12,0.5,0,1,0.0,1,2,0.5,0,1,1,9,0,0,0,1,13,9,27.7,1,2015-16
22015,201586,Serge Ibaka,1610612760,OKC,Oklahoma City Thunder,0021500256,2015-11-30,OKC @ ATL,L,35,8,15,0.533,0,0,,1,1,1.0,1,4,5,1,1,4,0,2,17,1,39.5,1,2015-16
22015,202683,Enes Freedom,1610612760,OKC,Oklahoma City Thunder,0021500256,2015-11-30,OKC @ ATL,L,16,3,7,0.429,0,0,,0,0,,6,4,10,0,0,0,0,0,6,-5,18.0,1,2015-16
22015,203079,Dion Waiters,1610612760,OKC,Oklahoma City Thunder,0021500256,2015-11-30,OKC @ ATL,L,31,0,7,0.0,0,1,0.0,1,2,0.5,1,5,6,3,2,0,0,4,1,6,18.7,1,2015-16
22015,203460,Andre Roberson,1610612760,OKC,Oklahoma City Thunder,0021500256,2015-11-30,OKC @ ATL,L,16,2,4,0.5,1,2,0.5,0,0,,0,1,1,0,2,0,0,3,5,-26,12.2,1,2015-16
22015,203497,Rudy Gobert,1610612762,UTA,Utah Jazz,0021500259,2015-11-30,UTA vs. GSW,L,37,4,8,0.5,0,0,,5,8,0.625,3,8,11,3,1,1,0,2,13,-5,36.7,1,2015-16
22015,202694,Marcus Morris Sr.,1610612765,DET,Detroit Pistons,0021500254,2015-11-30,DET vs. HOU,W,34,5,11,0.455,0,5,0.0,2,3,0.667,1,3,4,6,0,0,3,1,12,4,22.8,1,2015-16
22015,203382,Aron Baynes,1610612765,DET,Detroit Pistons,0021500254,2015-11-30,DET vs. HOU,W,21,5,8,0.625,0,0,,1,2,0.5,3,1,4,2,0,1,1,3,11,-4,20.8,1,2015-16
22015,201952,Jeff Teague,1610612737,ATL,Atlanta Hawks,0021500256,2015-11-30,ATL vs. OKC,W,31,10,17,0.588,2,4,0.5,3,3,1.0,1,2,3,5,0,0,6,4,25,5,30.1,1,2015-16
22015,203145,Kent Bazemore,1610612737,ATL,Atlanta Hawks,0021500256,2015-11-30,ATL vs. OKC,W,22,3,8,0.375,1,3,0.333,0,0,,0,2,2,1,0,2,0,1,7,-8,16.9,1,2015-16
22015,101135,David Lee,1610612738,BOS,Boston Celtics,0021500255,2015-11-30,BOS @ MIA,W,14,2,4,0.5,0,0,,0,0,,3,2,5,0,0,0,2,3,4,-11,8.0,1,2015-16
22015,101161,Amir Johnson,1610612738,BOS,Boston Celtics,0021500255,2015-11-30,BOS @ MIA,W,33,5,9,0.556,2,2,1.0,1,2,0.5,3,7,10,2,1,2,3,4,13,11,34.0,1,2015-16
22015,203482,Kelly Olynyk,1610612738,BOS,Boston Celtics,0021500255,2015-11-30,BOS @ MIA,W,10,1,4,0.25,0,2,0.0,2,2,1.0,0,2,2,2,1,0,2,1,4,-14,10.4,1,2015-16
22015,203926,Doug McDermott,1610612741,CHI,Chicago Bulls,0021500257,2015-11-30,CHI vs. SAS,W,30,5,12,0.417,1,2,0.5,1,1,1.0,0,3,3,0,0,0,0,2,12,10,15.6,1,2015-16
22015,200751,Randy Foye,1610612743,DEN,Denver Nuggets,0021500258,2015-11-30,DEN @ MIL,L,24,1,7,0.143,1,3,0.333,2,2,1.0,3,4,7,1,0,1,3,1,5,-23,14.9,1,2015-16
22015,202702,Kenneth Faried,1610612743,DEN,Denver Nuggets,0021500258,2015-11-30,DEN @ MIL,L,23,5,9,0.556,0,0,,1,1,1.0,2,5,7,1,0,0,2,2,11,-5,18.9,1,2015-16
22015,203115,Will Barton,1610612743,DEN,Denver Nuggets,0021500258,2015-11-30,DEN @ MIL,L,30,4,8,0.5,2,2,1.0,0,0,,0,6,6,1,0,0,2,2,10,-7,16.7,1,2015-16
22015,201147,Corey Brewer,1610612745,HOU,Houston Rockets,0021500254,2015-11-30,HOU @ DET,L,16,3,6,0.5,0,1,0.0,3,3,1.0,1,2,3,0,0,0,0,0,9,-8,12.6,1,2015-16
22015,1718,Paul Pierce,1610612746,LAC,LA Clippers,0021500261,2015-11-30,LAC vs. POR,W,14,1,6,0.167,1,3,0.333,0,0,,0,1,1,0,0,0,0,2,3,-2,4.2,1,2015-16
22015,2037,Jamal Crawford,1610612746,LAC,LA Clippers,0021500261,2015-11-30,LAC vs. POR,W,23,4,10,0.4,0,1,0.0,3,4,0.75,0,0,0,4,1,0,0,2,11,0,20.0,1,2015-16
22015,202362,Lance Stephenson,1610612746,LAC,LA Clippers,0021500261,2015-11-30,LAC vs. POR,W,17,1,2,0.5,0,1,0.0,0,0,,0,10,10,3,0,0,2,0,2,-6,16.5,1,2015-16
22015,2548,Dwyane Wade,1610612748,MIA,Miami Heat,0021500255,2015-11-30,MIA vs. BOS,L,32,12,24,0.5,0,1,0.0,6,6,1.0,3,1,4,4,5,0,6,3,30,-7,49.8,1,2015-16
22015,1626159,Justise Winslow,1610612748,MIA,Miami Heat,0021500255,2015-11-30,MIA vs. BOS,L,29,1,4,0.25,0,0,,2,3,0.667,2,4,6,4,0,0,4,2,4,-13,13.2,1,2015-16
22015,203953,Jabari Parker,1610612749,MIL,Milwaukee Bucks,0021500258,2015-11-30,MIL vs. DEN,W,26,6,13,0.462,0,0,,4,4,1.0,0,4,4,1,2,2,0,1,16,18,34.3,1,2015-16
22015,204025,Tim Frazier,1610612757,POR,Portland Trail Blazers,0021500261,2015-11-30,POR @ LAC,L,9,1,2,0.5,0,1,0.0,0,0,,0,4,4,2,0,0,3,3,2,2,6.8,1,2015-16
22015,2561,David West,1610612759,SAS,San Antonio Spurs,0021500257,2015-11-30,SAS @ CHI,L,15,1,5,0.2,0,0,,0,0,,1,2,3,1,0,1,0,3,2,-17,10.1,1,2015-16
22015,200746,LaMarcus Aldridge,1610612759,SAS,San Antonio Spurs,0021500257,2015-11-30,SAS @ CHI,L,33,10,18,0.556,0,0,,1,3,0.333,1,11,12,0,0,1,2,1,21,11,36.4,1,2015-16
22015,201988,Patty Mills,1610612759,SAS,San Antonio Spurs,0021500257,2015-11-30,SAS @ CHI,L,17,2,8,0.25,0,2,0.0,0,0,,0,0,0,1,0,0,0,0,4,-12,5.5,1,2015-16
22015,202695,Kawhi Leonard,1610612759,SAS,San Antonio Spurs,0021500257,2015-11-30,SAS @ CHI,L,40,9,21,0.429,0,3,0.0,7,9,0.778,3,5,8,3,2,0,2,4,25,14,43.1,1,2015-16
22015,201566,Russell Westbrook,1610612760,OKC,Oklahoma City Thunder,0021500256,2015-11-30,OKC @ ATL,L,36,11,24,0.458,1,5,0.2,11,11,1.0,2,9,11,7,2,0,6,3,34,-2,57.7,1,2015-16
22015,203500,Steven Adams,1610612760,OKC,Oklahoma City Thunder,0021500256,2015-11-30,OKC @ ATL,L,14,0,1,0.0,0,0,,0,2,0.0,0,2,2,0,0,0,0,1,0,-14,2.4,1,2015-16
22015,203526,Raul Neto,1610612762,UTA,Utah Jazz,0021500259,2015-11-30,UTA vs. GSW,L,15,0,6,0.0,0,1,0.0,0,0,,0,1,1,2,0,0,1,1,0,-1,3.2,1,2015-16
22015,101141,Ersan Ilyasova,1610612765,DET,Detroit Pistons,0021500254,2015-11-30,DET vs. HOU,W,25,5,11,0.455,1,4,0.25,2,2,1.0,1,2,3,0,0,1,0,1,13,2,19.6,1,2015-16
22015,2594,Kyle Korver,1610612737,ATL,Atlanta Hawks,0021500256,2015-11-30,ATL vs. OKC,W,34,4,13,0.308,3,9,0.333,0,0,,1,4,5,1,0,0,0,0,11,17,18.5,1,2015-16
22015,200757,Thabo Sefolosha,1610612737,ATL,Atlanta Hawks,0021500256,2015-11-30,ATL vs. OKC,W,39,0,5,0.0,0,2,0.0,0,0,,0,8,8,6,4,0,1,3,0,2,29.6,1,2015-16
22015,202703,Nikola Mirotic,1610612741,CHI,Chicago Bulls,0021500257,2015-11-30,CHI vs. SAS,W,24,3,8,0.375,2,5,0.4,0,0,,1,4,5,2,0,0,2,3,8,-5,15.0,1,2015-16
22015,203503,Tony Snell,1610612741,CHI,Chicago Bulls,0021500257,2015-11-30,CHI vs. SAS,W,23,4,5,0.8,3,3,1.0,0,0,,0,6,6,1,0,0,0,1,11,6,19.7,1,2015-16
22015,2734,Devin Harris,1610612742,DAL,Dallas Mavericks,0021500260,2015-11-30,DAL @ SAC,L,25,3,5,0.6,1,3,0.333,4,4,1.0,0,1,1,2,1,0,0,5,11,-9,18.2,1,2015-16
22015,101111,Charlie Villanueva,1610612742,DAL,Dallas Mavericks,0021500260,2015-11-30,DAL @ SAC,L,9,3,4,0.75,1,2,0.5,0,0,,0,2,2,0,1,0,1,1,7,-7,11.4,1,2015-16
22015,101114,Deron Williams,1610612742,DAL,Dallas Mavericks,0021500260,2015-11-30,DAL @ SAC,L,35,4,14,0.286,2,7,0.286,0,0,,0,2,2,7,2,0,1,1,10,-20,27.9,1,2015-16
22015,201580,JaVale McGee,1610612742,DAL,Dallas Mavericks,0021500260,2015-11-30,DAL @ SAC,L,10,3,5,0.6,0,0,,0,0,,1,1,2,0,0,0,1,3,6,5,7.4,1,2015-16
22015,2749,Jameer Nelson,1610612743,DEN,Denver Nuggets,0021500258,2015-11-30,DEN @ MIL,L,25,3,7,0.429,0,3,0.0,0,0,,0,1,1,4,2,0,2,5,6,-7,17.2,1,2015-16
22015,201575,Brandon Rush,1610612744,GSW,Golden State Warriors,0021500259,2015-11-30,GSW @ UTA,W,12,1,2,0.5,1,1,1.0,0,0,,0,2,2,0,0,0,1,1,3,3,4.4,1,2015-16
22015,2772,Trevor Ariza,1610612745,HOU,Houston Rockets,0021500254,2015-11-30,HOU @ DET,L,36,1,9,0.111,0,4,0.0,0,0,,0,4,4,2,0,1,2,3,2,-10,10.8,1,2015-16
22015,201951,Ty Lawson,1610612745,HOU,Houston Rockets,0021500254,2015-11-30,HOU @ DET,L,19,4,8,0.5,3,3,1.0,0,0,,2,1,3,3,1,0,1,0,11,-7,21.1,1,2015-16
22015,203991,Clint Capela,1610612745,HOU,Houston Rockets,0021500254,2015-11-30,HOU @ DET,L,22,5,11,0.455,0,0,,1,2,0.5,5,0,5,1,4,0,2,3,11,-15,28.5,1,2015-16
22015,1626149,Montrezl Harrell,1610612745,HOU,Houston Rockets,0021500254,2015-11-30,HOU @ DET,L,8,2,2,1.0,0,0,,0,0,,0,2,2,0,0,0,0,3,4,4,6.4,1,2015-16
22015,2746,Josh Smith,1610612746,LAC,LA Clippers,0021500261,2015-11-30,LAC vs. POR,W,14,3,5,0.6,2,2,1.0,0,2,0.0,2,1,3,2,0,1,0,3,8,-6,17.6,1,2015-16
22015,2547,Chris Bosh,1610612748,MIA,Miami Heat,0021500255,2015-11-30,MIA vs. BOS,L,39,8,17,0.471,2,5,0.4,3,3,1.0,0,10,10,5,1,1,2,2,21,4,44.5,1,2015-16
22015,201564,O.J. Mayo,1610612749,MIL,Milwaukee Bucks,0021500258,2015-11-30,MIL vs. DEN,W,31,3,8,0.375,2,5,0.4,1,1,1.0,0,4,4,1,2,0,2,4,9,23,19.3,1,2015-16
22015,203089,John Henson,1610612749,MIL,Milwaukee Bucks,0021500258,2015-11-30,MIL vs. DEN,W,23,4,7,0.571,0,0,,0,4,0.0,2,5,7,2,1,3,1,2,8,15,30.4,1,2015-16
22015,202329,Al-Farouq Aminu,1610612757,POR,Portland Trail Blazers,0021500261,2015-11-30,POR @ LAC,L,34,3,15,0.2,1,7,0.143,0,2,0.0,2,5,7,2,0,0,2,4,7,-17,16.4,1,2015-16
22015,203943,Noah Vonleh,1610612757,POR,Portland Trail Blazers,0021500261,2015-11-30,POR @ LAC,L,13,1,4,0.25,0,0,,0,0,,0,1,1,0,0,0,0,4,2,-16,3.2,1,2015-16
22015,201585,Kosta Koufos,1610612758,SAC,Sacramento Kings,0021500260,2015-11-30,SAC vs. DAL,W,12,0,3,0.0,0,0,,0,4,0.0,2,3,5,1,0,0,1,3,0,-8,6.5,1,2015-16
22015,203552,Seth Curry,1610612758,SAC,Sacramento Kings,0021500260,2015-11-30,SAC vs. DAL,W,20,2,3,0.667,2,3,0.667,2,2,1.0,0,1,1,1,0,0,0,1,8,4,10.7,1,2015-16
22015,1626161,Willie Cauley-Stein,1610612758,SAC,Sacramento Kings,0021500260,2015-11-30,SAC vs. DAL,W,12,0,0,,0,0,,1,2,0.5,3,2,5,0,0,0,1,3,1,3,6.0,1,2015-16
22015,201980,Danny Green,1610612759,SAS,San Antonio Spurs,0021500257,2015-11-30,SAS @ CHI,L,33,3,10,0.3,1,5,0.2,2,2,1.0,2,2,4,1,2,1,1,2,9,5,23.3,1,2015-16
22015,2555,Nick Collison,1610612760,OKC,Oklahoma City Thunder,0021500256,2015-11-30,OKC @ ATL,L,13,1,3,0.333,0,0,,0,0,,2,1,3,1,0,0,3,4,2,-7,4.1,1,2015-16
22015,201571,D.J. Augustin,1610612760,OKC,Oklahoma City Thunder,0021500256,2015-11-30,OKC @ ATL,L,16,0,2,0.0,0,1,0.0,0,0,,1,0,1,1,0,0,0,1,0,-2,2.7,1,2015-16
22015,202344,Trevor Booker,1610612762,UTA,Utah Jazz,0021500259,2015-11-30,UTA vs. GSW,L,19,3,5,0.6,0,0,,0,0,,2,1,3,0,2,1,0,2,6,5,18.6,1,2015-16
22015,203484,Kentavious Caldwell-Pope,1610612765,DET,Detroit Pistons,0021500254,2015-11-30,DET vs. HOU,W,44,2,8,0.25,0,3,0.0,0,0,,2,2,4,3,2,0,2,2,4,4,17.3,1,2015-16
22015,203934,Lamar Patterson,1610612737,ATL,Atlanta Hawks,0021500256,2015-11-30,ATL vs. OKC,W,2,0,0,,0,0,,0,0,,0,0,0,1,0,0,0,0,0,2,1.5,1,2015-16
22015,202340,Avery Bradley,1610612738,BOS,Boston Celtics,0021500255,2015-11-30,BOS @ MIA,W,39,9,15,0.6,3,6,0.5,4,4,1.0,0,2,2,3,3,1,2,1,25,18,41.9,1,2015-16
22015,202738,Isaiah Thomas,1610612738,BOS,Boston Celtics,0021500255,2015-11-30,BOS @ MIA,W,32,5,17,0.294,1,5,0.2,5,6,0.833,0,1,1,9,1,0,0,1,16,-9,33.7,1,2015-16
22015,1626179,Terry Rozier,1610612738,BOS,Boston Celtics,0021500255,2015-11-30,BOS @ MIA,W,5,0,0,,0,0,,0,0,,0,0,0,0,0,0,1,0,0,-4,-1.0,1,2015-16
22015,2200,Pau Gasol,1610612741,CHI,Chicago Bulls,0021500257,2015-11-30,CHI vs. SAS,W,30,6,18,0.333,0,0,,6,8,0.75,4,9,13,4,1,3,1,2,18,-7,50.6,1,2015-16
22015,201149,Joakim Noah,1610612741,CHI,Chicago Bulls,0021500257,2015-11-30,CHI vs. SAS,W,23,4,6,0.667,0,0,,0,2,0.0,4,7,11,7,0,0,0,5,8,10,31.7,1,2015-16
22015,202710,Jimmy Butler III,1610612741,CHI,Chicago Bulls,0021500257,2015-11-30,CHI vs. SAS,W,40,5,9,0.556,0,2,0.0,4,4,1.0,1,2,3,3,1,2,5,3,14,-11,26.1,1,2015-16
22015,1717,Dirk Nowitzki,1610612742,DAL,Dallas Mavericks,0021500260,2015-11-30,DAL @ SAC,L,29,5,15,0.333,0,4,0.0,3,4,0.75,1,6,7,0,0,2,0,3,13,-9,27.4,1,2015-16
22015,202083,Wesley Matthews,1610612742,DAL,Dallas Mavericks,0021500260,2015-11-30,DAL @ SAC,L,36,4,11,0.364,2,8,0.25,0,0,,1,4,5,2,1,0,2,4,10,-19,20.0,1,2015-16
22015,203939,Dwight Powell,1610612742,DAL,Dallas Mavericks,0021500260,2015-11-30,DAL @ SAC,L,12,0,2,0.0,0,2,0.0,2,2,1.0,1,5,6,0,0,1,1,2,2,6,11.2,1,2015-16
22015,201568,Danilo Gallinari,1610612743,DEN,Denver Nuggets,0021500258,2015-11-30,DEN @ MIL,L,34,3,8,0.375,2,4,0.5,5,5,1.0,0,4,4,3,1,1,4,2,13,-16,24.3,1,2015-16
22015,203999,Nikola Jokić,1610612743,DEN,Denver Nuggets,0021500258,2015-11-30,DEN @ MIL,L,25,4,7,0.571,0,1,0.0,0,2,0.0,1,5,6,2,0,2,1,1,8,-14,23.2,1,2015-16
22015,2733,Shaun Livingston,1610612744,GSW,Golden State Warriors,0021500259,2015-11-30,GSW @ UTA,W,19,3,7,0.429,1,1,1.0,2,2,1.0,0,3,3,0,0,0,2,1,9,1,10.6,1,2015-16
22015,101106,Andrew Bogut,1610612744,GSW,Golden State Warriors,0021500259,2015-11-30,GSW @ UTA,W,22,2,2,1.0,0,0,,0,0,,2,2,4,3,0,1,2,6,4,-10,14.3,1,2015-16
22015,201578,Marreese Speights,1610612744,GSW,Golden State Warriors,0021500259,2015-11-30,GSW @ UTA,W,4,1,1,1.0,0,0,,0,0,,0,1,1,0,0,0,1,0,2,-7,2.2,1,2015-16
22015,203949,James Michael McAdoo,1610612744,GSW,Golden State Warriors,0021500259,2015-11-30,GSW @ UTA,W,3,0,0,,0,0,,0,0,,0,0,0,0,0,0,0,0,0,0,0.0,1,2015-16
22015,201935,James Harden,1610612745,HOU,Houston Rockets,0021500254,2015-11-30,HOU @ DET,L,42,6,15,0.4,2,4,0.5,15,17,0.882,1,8,9,7,2,0,5,4,29,-4,51.3,1,2015-16
22015,201977,Marcus Thornton,1610612745,HOU,Houston Rockets,0021500254,2015-11-30,HOU @ DET,L,22,5,13,0.385,4,8,0.5,4,4,1.0,2,4,6,1,2,0,2,2,18,-3,30.7,1,2015-16
22015,203909,KJ McDaniels,1610612745,HOU,Houston Rockets,0021500254,2015-11-30,HOU @ DET,L,1,0,0,,0,0,,0,0,,0,0,0,0,0,0,0,1,0,-2,0.0,1,2015-16
22015,101108,Chris Paul,1610612746,LAC,LA Clippers,0021500261,2015-11-30,LAC vs. POR,W,24,3,11,0.273,0,1,0.0,4,4,1.0,2,1,3,6,2,0,4,1,10,13,24.6,1,2015-16
22015,200755,JJ Redick,1610612746,LAC,LA Clippers,0021500261,2015-11-30,LAC vs. POR,W,30,5,14,0.357,4,7,0.571,0,0,,0,0,0,3,1,0,1,2,14,24,20.5,1,2015-16
22015,201599,DeAndre Jordan,1610612746,LAC,LA Clippers,0021500261,2015-11-30,LAC vs. POR,W,33,3,6,0.5,0,0,,12,34,0.353,9,15,24,1,1,2,0,4,18,21,57.3,1,2015-16
22015,201601,Luc Mbah a Moute,1610612746,LAC,LA Clippers,0021500261,2015-11-30,LAC vs. POR,W,24,2,3,0.667,0,1,0.0,0,0,,3,2,5,1,0,0,0,0,4,7,11.5,1,2015-16
22015,201933,Blake Griffin,1610612746,LAC,LA Clippers,0021500261,2015-11-30,LAC vs. POR,W,32,8,19,0.421,0,0,,7,10,0.7,1,7,8,6,1,1,2,4,23,19,45.6,1,2015-16
22015,202325,Wesley Johnson,1610612746,LAC,LA Clippers,0021500261,2015-11-30,LAC vs. POR,W,5,1,1,1.0,1,1,1.0,0,0,,0,0,0,0,0,0,0,1,3,6,3.0,1,2015-16
22015,204020,Tyler Johnson,1610612748,MIA,Miami Heat,0021500255,2015-11-30,MIA vs. BOS,L,20,4,5,0.8,2,2,1.0,0,0,,1,0,1,2,1,0,1,1,10,-11,16.2,1,2015-16
22015,203101,Miles Plumlee,1610612749,MIL,Milwaukee Bucks,0021500258,2015-11-30,MIL vs. DEN,W,4,0,0,,0,0,,0,0,,0,0,0,0,0,0,0,0,0,-4,0.0,1,2015-16
22015,203142,Chris Copeland,1610612749,MIL,Milwaukee Bucks,0021500258,2015-11-30,MIL vs. DEN,W,4,0,0,,0,0,,0,0,,0,0,0,0,0,0,0,0,0,-4,0.0,1,2015-16
22015,203487,Michael Carter-Williams,1610612749,MIL,Milwaukee Bucks,0021500258,2015-11-30,MIL vs. DEN,W,30,5,9,0.556,0,0,,2,2,1.0,1,5,6,9,3,3,2,4,12,27,48.7,1,2015-16
22015,1626173,Rashad Vaughn,1610612749,MIL,Milwaukee Bucks,0021500258,2015-11-30,MIL vs. DEN,W,7,0,2,0.0,0,2,0.0,0,0,,0,1,1,0,0,1,0,0,0,-1,4.2,1,2015-16
22015,202334,Ed Davis,1610612757,POR,Portland Trail Blazers,0021500261,2015-11-30,POR @ LAC,L,24,5,8,0.625,0,0,,3,5,0.6,5,5,10,1,0,1,0,5,13,-9,29.5,1,2015-16
22015,203081,Damian Lillard,1610612757,POR,Portland Trail Blazers,0021500261,2015-11-30,POR @ LAC,L,17,3,8,0.375,1,4,0.25,0,0,,0,2,2,0,0,0,1,1,7,-14,8.4,1,2015-16
22015,203459,Allen Crabbe,1610612757,POR,Portland Trail Blazers,0021500261,2015-11-30,POR @ LAC,L,17,2,6,0.333,1,2,0.5,0,0,,0,0,0,0,0,0,0,1,5,0,5.0,1,2015-16
22015,202326,DeMarcus Cousins,1610612758,SAC,Sacramento Kings,0021500260,2015-11-30,SAC vs. DAL,W,38,10,24,0.417,1,8,0.125,10,10,1.0,1,8,9,6,0,1,2,2,31,24,51.8,1,2015-16
22015,2564,Boris Diaw,1610612759,SAS,San Antonio Spurs,0021500257,2015-11-30,SAS @ CHI,L,18,2,5,0.4,1,2,0.5,0,0,,1,5,6,0,0,0,1,1,5,-10,11.2,1,2015-16
22015,203937,Kyle Anderson,1610612759,SAS,San Antonio Spurs,0021500257,2015-11-30,SAS @ CHI,L,5,0,0,,0,0,,0,0,,0,0,0,0,0,0,0,1,0,-8,0.0,1,2015-16
22015,201627,Anthony Morrow,1610612760,OKC,Oklahoma City Thunder,0021500256,2015-11-30,OKC @ ATL,L,23,3,12,0.25,3,6,0.5,1,1,1.0,0,3,3,0,0,0,0,1,10,19,13.6,1,2015-16
22015,202692,Alec Burks,1610612762,UTA,Utah Jazz,0021500259,2015-11-30,UTA vs. GSW,L,29,8,15,0.533,2,5,0.4,1,1,1.0,0,2,2,2,0,0,3,2,19,-7,21.4,1,2015-16
22015,203918,Rodney Hood,1610612762,UTA,Utah Jazz,0021500259,2015-11-30,UTA vs. GSW,L,34,4,12,0.333,2,7,0.286,2,2,1.0,0,0,0,3,1,0,1,2,12,4,18.5,1,2015-16
22015,204060,Joe Ingles,1610612762,UTA,Utah Jazz,0021500259,2015-11-30,UTA vs. GSW,L,11,1,3,0.333,0,0,,0,0,,0,1,1,0,1,0,0,1,2,-10,6.2,1,2015-16
22015,1626168,Trey Lyles,1610612762,UTA,Utah Jazz,0021500259,2015-11-30,UTA vs. GSW,L,1,0,0,,0,0,,0,0,,0,1,1,0,0,0,0,0,0,0,1.2,1,2015-16
22015,2581,Steve Blake,1610612765,DET,Detroit Pistons,0021500254,2015-11-30,DET vs. HOU,W,12,0,1,0.0,0,1,0.0,0,0,,0,0,0,0,0,1,1,0,0,2,2.0,1,2015-16
22015,203083,Andre Drummond,1610612765,DET,Detroit Pistons,0021500254,2015-11-30,DET vs. HOU,W,27,10,15,0.667,0,0,,4,18,0.222,4,9,13,2,3,3,1,3,24,13,59.6,1,2015-16
22015,200794,Paul Millsap,1610612737,ATL,Atlanta Hawks,0021500256,2015-11-30,ATL vs. OKC,W,35,8,19,0.421,1,2,0.5,9,10,0.9,5,6,11,5,1,4,3,2,26,7,58.7,1,2015-16
22015,203488,Mike Muscala,1610612737,ATL,Atlanta Hawks,0021500256,2015-11-30,ATL vs. OKC,W,17,3,5,0.6,0,1,0.0,0,0,,2,4,6,0,2,0,1,2,6,-3,18.2,1,2015-16
22015,203109,Jae Crowder,1610612738,BOS,Boston Celtics,0021500255,2015-11-30,BOS @ MIA,W,32,4,8,0.5,1,2,0.5,4,4,1.0,2,3,5,1,4,0,2,5,13,23,30.5,1,2015-16
22015,202734,E'Twaun Moore,1610612741,CHI,Chicago Bulls,0021500257,2015-11-30,CHI vs. SAS,W,17,3,6,0.5,0,2,0.0,0,3,0.0,0,2,2,1,0,0,1,2,6,9,8.9,1,2015-16
22015,2585,Zaza Pachulia,1610612742,DAL,Dallas Mavericks,0021500260,2015-11-30,DAL @ SAC,L,29,4,6,0.667,0,0,,5,6,0.833,3,7,10,1,0,0,2,3,13,-17,24.5,1,2015-16
22015,101109,Raymond Felton,1610612742,DAL,Dallas Mavericks,0021500260,2015-11-30,DAL @ SAC,L,26,3,12,0.25,1,6,0.167,1,2,0.5,2,3,5,7,3,0,4,4,8,-2,29.5,1,2015-16
22015,202379,Jeremy Evans,1610612742,DAL,Dallas Mavericks,0021500260,2015-11-30,DAL @ SAC,L,1,0,0,,0,0,,0,0,,0,0,0,0,0,0,0,0,0,2,0.0,1,2015-16
22015,202718,Chandler Parsons,1610612742,DAL,Dallas Mavericks,0021500260,2015-11-30,DAL @ SAC,L,24,5,8,0.625,2,5,0.4,2,4,0.5,0,0,0,3,0,0,4,4,14,0,14.5,1,2015-16
22015,203098,John Jenkins,1610612742,DAL,Dallas Mavericks,0021500260,2015-11-30,DAL @ SAC,L,3,2,2,1.0,0,0,,0,0,,0,0,0,0,0,0,0,0,4,-2,4.0,1,2015-16
22015,2034,Mike Miller,1610612743,DEN,Denver Nuggets,0021500258,2015-11-30,DEN @ MIL,L,1,0,0,,0,0,,0,0,,0,0,0,1,0,0,0,0,0,1,1.5,1,2015-16
22015,203123,Kostas Papanikolaou,1610612743,DEN,Denver Nuggets,0021500258,2015-11-30,DEN @ MIL,L,10,0,4,0.0,0,1,0.0,0,0,,1,1,2,1,0,0,1,2,0,1,2.9,1,2015-16
22015,2571,Leandro Barbosa,1610612744,GSW,Golden State Warriors,0021500259,2015-11-30,GSW @ UTA,W,11,1,6,0.167,0,3,0.0,0,0,,1,2,3,1,0,0,1,0,2,-8,6.1,1,2015-16
22015,201939,Stephen Curry,1610612744,GSW,Golden State Warriors,0021500259,2015-11-30,GSW @ UTA,W,37,9,20,0.45,4,8,0.5,4,4,1.0,2,4,6,5,2,0,2,2,26,12,44.7,1,2015-16
22015,202691,Klay Thompson,1610612744,GSW,Golden State Warriors,0021500259,2015-11-30,GSW @ UTA,W,36,8,15,0.533,4,7,0.571,0,0,,1,4,5,2,0,2,0,1,20,4,35.0,1,2015-16
22015,203546,Ian Clark,1610612744,GSW,Golden State Warriors,0021500259,2015-11-30,GSW @ UTA,W,6,4,5,0.8,4,5,0.8,0,0,,0,1,1,0,0,1,0,1,12,2,16.2,1,2015-16
22015,2730,Dwight Howard,1610612745,HOU,Houston Rockets,0021500254,2015-11-30,HOU @ DET,L,31,4,7,0.571,0,0,,0,0,,4,6,10,2,1,4,3,5,8,10,35.0,1,2015-16
22015,203093,Terrence Jones,1610612745,HOU,Houston Rockets,0021500254,2015-11-30,HOU @ DET,L,15,1,5,0.2,0,2,0.0,1,2,0.5,1,2,3,0,0,0,0,0,3,-18,6.6,1,2015-16
22015,101123,Gerald Green,1610612748,MIA,Miami Heat,0021500255,2015-11-30,MIA vs. BOS,L,36,3,8,0.375,1,6,0.167,2,2,1.0,0,3,3,1,0,1,0,2,9,11,17.1,1,2015-16
22015,203507,Giannis Antetokounmpo,1610612749,MIL,Milwaukee Bucks,0021500258,2015-11-30,MIL vs. DEN,W,20,3,10,0.3,0,2,0.0,3,4,0.75,2,4,6,0,0,1,2,3,9,4,17.2,1,2015-16
22015,203898,Tyler Ennis,1610612749,MIL,Milwaukee Bucks,0021500258,2015-11-30,MIL vs. DEN,W,4,0,1,0.0,0,0,,1,2,0.5,1,2,3,1,0,0,0,0,1,-4,6.1,1,2015-16
22015,203086,Meyers Leonard,1610612757,POR,Portland Trail Blazers,0021500261,2015-11-30,POR @ LAC,L,18,1,6,0.167,0,2,0.0,2,2,1.0,1,5,6,0,0,0,0,3,4,-2,11.2,1,2015-16
22015,203090,Maurice Harkless,1610612757,POR,Portland Trail Blazers,0021500261,2015-11-30,POR @ LAC,L,26,6,10,0.6,1,2,0.5,2,4,0.5,2,2,4,1,2,1,3,4,15,9,27.3,1,2015-16
22015,203468,CJ McCollum,1610612757,POR,Portland Trail Blazers,0021500261,2015-11-30,POR @ LAC,L,37,4,15,0.267,1,4,0.25,3,4,0.75,0,4,4,10,1,0,4,4,12,-20,30.8,1,2015-16
22015,1626146,Cliff Alexander,1610612757,POR,Portland Trail Blazers,0021500261,2015-11-30,POR @ LAC,L,2,1,1,1.0,0,0,,0,0,,0,0,0,0,1,0,0,0,2,2,5.0,1,2015-16
22015,1626192,Pat Connaughton,1610612757,POR,Portland Trail Blazers,0021500261,2015-11-30,POR @ LAC,L,2,0,0,,0,0,,0,0,,0,0,0,0,0,0,0,0,0,2,0.0,1,2015-16
22015,200752,Rudy Gay,1610612758,SAC,Sacramento Kings,0021500260,2015-11-30,SAC vs. DAL,W,35,7,12,0.583,1,2,0.5,5,5,1.0,1,6,7,1,0,0,1,1,20,19,28.9,1,2015-16
22015,201956,Omri Casspi,1610612758,SAC,Sacramento Kings,0021500260,2015-11-30,SAC vs. DAL,W,33,4,8,0.5,2,5,0.4,0,1,0.0,0,5,5,3,1,0,1,4,10,10,22.5,1,2015-16
22015,1495,Tim Duncan,1610612759,SAS,San Antonio Spurs,0021500257,2015-11-30,SAS @ CHI,L,30,3,7,0.429,0,0,,0,0,,4,8,12,3,0,1,2,3,6,10,25.9,1,2015-16
22015,201142,Kevin Durant,1610612760,OKC,Oklahoma City Thunder,0021500256,2015-11-30,OKC @ ATL,L,40,9,18,0.5,2,4,0.5,5,5,1.0,0,6,6,6,1,4,2,0,25,0,54.2,1,2015-16
22015,202324,Derrick Favors,1610612762,UTA,Utah Jazz,0021500259,2015-11-30,UTA vs. GSW,L,34,9,15,0.6,0,0,,5,5,1.0,5,5,10,2,2,0,0,3,23,-4,44.0,1,2015-16
22015,202330,Gordon Hayward,1610612762,UTA,Utah Jazz,0021500259,2015-11-30,UTA vs. GSW,L,38,9,19,0.474,2,5,0.4,4,4,1.0,0,6,6,4,0,0,1,1,24,3,36.2,1,2015-16
22015,203504,Trey Burke,1610612762,UTA,Utah Jazz,0021500259,2015-11-30,UTA vs. GSW,L,22,2,6,0.333,0,1,0.0,0,2,0.0,0,0,0,2,2,0,2,2,4,0,11.0,1,2015-16
22015,201229,Anthony Tolliver,1610612765,DET,Detroit Pistons,0021500254,2015-11-30,DET vs. HOU,W,12,1,2,0.5,0,1,0.0,0,0,,1,2,3,0,0,0,0,1,2,9,5.6,1,2015-16
22015,202704,Reggie Jackson,1610612765,DET,Detroit Pistons,0021500254,2015-11-30,DET vs. HOU,W,37,11,18,0.611,3,4,0.75,6,8,0.75,0,5,5,8,2,0,2,3,31,11,53.0,1,2015-16
22015,1626169,Stanley Johnson,1610612765,DET,Detroit Pistons,0021500254,2015-11-30,DET vs. HOU,W,30,6,11,0.545,4,5,0.8,3,4,0.75,2,8,10,1,1,2,1,5,19,14,40.5,1,2015-16
22015,203471,Dennis Schröder,1610612737,ATL,Atlanta Hawks,0021500256,2015-11-30,ATL vs. OKC,W,17,2,6,0.333,1,3,0.333,0,0,,0,1,1,2,1,0,1,1,5,3,11.2,1,2015-16
22015,203096,Jared Sullinger,1610612738,BOS,Boston Celtics,0021500255,2015-11-30,BOS @ MIA,W,34,7,10,0.7,1,2,0.5,2,3,0.667,2,4,6,3,1,0,2,3,17,17,29.7,1,2015-16
22015,203105,Festus Ezeli,1610612744,GSW,Golden State Warriors,0021500259,2015-11-30,GSW @ UTA,W,24,3,3,1.0,0,0,,2,2,1.0,1,5,6,0,0,0,0,3,8,11,15.2,1,2015-16
22015,201609,Goran Dragic,1610612748,MIA,Miami Heat,0021500255,2015-11-30,MIA vs. BOS,L,34,4,10,0.4,0,3,0.0,1,4,0.25,1,3,4,3,1,0,3,2,9,-12,18.3,1,2015-16
22015,202355,Hassan Whiteside,1610612748,MIA,Miami Heat,0021500255,2015-11-30,MIA vs. BOS,L,26,2,4,0.5,0,0,,2,4,0.5,3,5,8,0,1,3,1,3,6,-15,26.6,1,2015-16
22015,201573,Jerryd Bayless,1610612749,MIL,Milwaukee Bucks,0021500258,2015-11-30,MIL vs. DEN,W,33,2,6,0.333,1,4,0.25,2,2,1.0,0,1,1,4,1,0,3,2,7,7,14.2,1,2015-16
22015,203948,Johnny O'Bryant III,1610612749,MIL,Milwaukee Bucks,0021500258,2015-11-30,MIL vs. DEN,W,4,1,1,1.0,0,0,,0,0,,0,0,0,0,0,0,1,0,2,-4,1.0,1,2015-16
22015,1938,Manu Ginobili,1610612759,SAS,San Antonio Spurs,0021500257,2015-11-30,SAS @ CHI,L,18,1,4,0.25,0,1,0.0,2,2,1.0,0,1,1,2,1,0,1,1,4,-17,10.2,1,2015-16
22015,2544,LeBron James,1610612739,CLE,Cleveland Cavaliers,0021500262,2015-12-01,CLE vs. WAS,L,37,8,20,0.4,0,3,0.0,8,8,1.0,4,9,13,4,1,1,9,3,24,-12,42.6,1,2015-16
22015,201583,Ryan Anderson,1610612740,NOP,New Orleans Pelicans,0021500266,2015-12-01,NOP vs. MEM,L,33,6,16,0.375,2,6,0.333,2,2,1.0,2,6,8,2,0,0,0,2,16,-13,28.6,1,2015-16
22015,201950,Jrue Holiday,1610612740,NOP,New Orleans Pelicans,0021500266,2015-12-01,NOP vs. MEM,L,26,4,7,0.571,2,4,0.5,2,2,1.0,0,1,1,4,1,0,2,1,12,6,20.2,1,2015-16
22015,2734,Devin Harris,1610612742,DAL,Dallas Mavericks,0021500267,2015-12-01,DAL @ POR,W,24,1,2,0.5,0,0,,0,0,,0,2,2,1,0,0,4,2,2,-20,1.9,1,2015-16
22015,202083,Wesley Matthews,1610612742,DAL,Dallas Mavericks,0021500267,2015-12-01,DAL @ POR,W,40,5,11,0.455,3,6,0.5,5,6,0.833,2,3,5,1,2,0,1,1,18,20,30.5,1,2015-16
22015,203952,Andrew Wiggins,1610612750,MIN,Minnesota Timberwolves,0021500265,2015-12-01,MIN vs. ORL,L,36,9,15,0.6,1,3,0.333,8,11,0.727,1,3,4,2,0,1,2,3,27,-5,35.8,1,2015-16
22015,101127,Jarrett Jack,1610612751,BKN,Brooklyn Nets,0021500264,2015-12-01,BKN vs. PHX,W,30,4,11,0.364,0,2,0.0,3,3,1.0,0,4,4,8,3,0,3,3,11,0,33.8,1,2015-16
22015,203080,Thomas Robinson,1610612751,BKN,Brooklyn Nets,0021500264,2015-12-01,BKN vs. PHX,W,11,3,5,0.6,0,0,,0,0,,2,1,3,0,0,2,0,1,6,-7,15.6,1,2015-16
22015,203496,Robert Covington,1610612755,PHI,Philadelphia 76ers,0021500263,2015-12-01,PHI vs. LAL,W,34,8,16,0.5,5,11,0.455,2,4,0.5,1,4,5,4,0,2,3,3,23,18,38.0,1,2015-16
22015,203515,Phil Pressey,1610612755,PHI,Philadelphia 76ers,0021500263,2015-12-01,PHI vs. LAL,W,6,0,0,,0,0,,1,2,0.5,0,0,0,2,0,0,0,2,1,0,4.0,1,2015-16
22015,204456,T.J. McConnell,1610612755,PHI,Philadelphia 76ers,0021500263,2015-12-01,PHI vs. LAL,W,21,3,6,0.5,1,3,0.333,0,0,,0,5,5,6,2,0,1,0,7,-2,27.0,1,2015-16
22015,201945,Gerald Henderson,1610612757,POR,Portland Trail Blazers,0021500267,2015-12-01,POR vs. DAL,L,24,7,13,0.538,2,5,0.4,4,4,1.0,0,4,4,1,0,0,0,2,20,11,26.3,1,2015-16
22015,203086,Meyers Leonard,1610612757,POR,Portland Trail Blazers,0021500267,2015-12-01,POR vs. DAL,L,32,8,17,0.471,4,11,0.364,3,3,1.0,1,6,7,1,1,0,0,6,23,-3,35.9,1,2015-16
22015,203486,Mason Plumlee,1610612757,POR,Portland Trail Blazers,0021500267,2015-12-01,POR vs. DAL,L,21,1,4,0.25,0,0,,1,2,0.5,1,4,5,1,2,0,0,1,3,-7,16.5,1,2015-16
22015,201145,Jeff Green,1610612763,MEM,Memphis Grizzlies,0021500266,2015-12-01,MEM @ NOP,W,31,3,11,0.273,0,2,0.0,0,0,,0,4,4,1,1,0,0,3,6,-8,15.3,1,2015-16
22015,2743,Kris Humphries,1610612764,WAS,Washington Wizards,0021500262,2015-12-01,WAS @ CLE,W,9,0,3,0.0,0,1,0.0,0,0,,0,2,2,0,0,0,0,2,0,0,2.4,1,2015-16
22015,201196,Ramon Sessions,1610612764,WAS,Washington Wizards,0021500262,2015-12-01,WAS @ CLE,W,14,1,3,0.333,0,1,0.0,2,2,1.0,0,1,1,2,0,0,0,1,4,-6,8.2,1,2015-16
22015,203078,Bradley Beal,1610612764,WAS,Washington Wizards,0021500262,2015-12-01,WAS @ CLE,W,42,6,19,0.316,1,10,0.1,5,7,0.714,1,8,9,6,1,0,1,2,18,12,39.8,1,2015-16
22015,2590,Mo Williams,1610612739,CLE,Cleveland Cavaliers,0021500262,2015-12-01,CLE vs. WAS,L,28,5,10,0.5,2,3,0.667,0,0,,0,3,3,3,0,0,1,1,12,-18,19.1,1,2015-16
22015,2592,James Jones,1610612739,CLE,Cleveland Cavaliers,0021500262,2015-12-01,CLE vs. WAS,L,14,0,3,0.0,0,3,0.0,0,0,,0,0,0,0,1,0,1,1,0,0,2.0,1,2015-16
22015,202389,Timofey Mozgov,1610612739,CLE,Cleveland Cavaliers,0021500262,2015-12-01,CLE vs. WAS,L,9,0,3,0.0,0,0,,0,0,,1,1,2,0,0,0,4,2,0,-12,-1.6,1,2015-16
22015,203099,Jared Cunningham,1610612739,CLE,Cleveland Cavaliers,0021500262,2015-12-01,CLE vs. WAS,L,1,0,0,,0,0,,0,0,,0,0,0,0,0,0,0,0,0,0,0.0,1,2015-16
22015,203521,Matthew Dellavedova,1610612739,CLE,Cleveland Cavaliers,0021500262,2015-12-01,CLE vs. WAS,L,27,5,9,0.556,3,3,1.0,2,2,1.0,0,2,2,1,2,1,0,3,15,1,27.9,1,2015-16
22015,201569,Eric Gordon,1610612740,NOP,New Orleans Pelicans,0021500266,2015-12-01,NOP vs. MEM,L,20,2,5,0.4,0,3,0.0,4,4,1.0,0,1,1,4,0,1,1,2,8,-20,17.2,1,2015-16
22015,201600,Omer Asik,1610612740,NOP,New Orleans Pelicans,0021500266,2015-12-01,NOP vs. MEM,L,5,0,0,,0,0,,0,0,,0,0,0,0,0,0,0,2,0,-10,0.0,1,2015-16
22015,203076,Anthony Davis,1610612740,NOP,New Orleans Pelicans,0021500266,2015-12-01,NOP vs. MEM,L,41,4,15,0.267,1,1,1.0,8,13,0.615,3,11,14,2,2,9,1,1,17,-1,68.8,1,2015-16
22015,1717,Dirk Nowitzki,1610612742,DAL,Dallas Mavericks,0021500267,2015-12-01,DAL @ POR,W,37,11,24,0.458,2,7,0.286,4,4,1.0,2,5,7,6,0,1,3,1,28,18,45.4,1,2015-16
22015,101109,Raymond Felton,1610612742,DAL,Dallas Mavericks,0021500267,2015-12-01,DAL @ POR,W,40,3,10,0.3,0,1,0.0,3,4,0.75,0,2,2,5,1,0,1,1,9,18,20.9,1,2015-16
22015,201579,Roy Hibbert,1610612747,LAL,Los Angeles Lakers,0021500263,2015-12-01,LAL @ PHI,L,33,2,4,0.5,0,0,,2,2,1.0,4,6,10,2,1,2,0,4,6,-9,30.0,1,2015-16
22015,203903,Jordan Clarkson,1610612747,LAL,Los Angeles Lakers,0021500263,2015-12-01,LAL @ PHI,L,38,9,19,0.474,1,3,0.333,0,0,,1,4,5,2,0,0,0,1,19,-5,28.0,1,2015-16
22015,1626204,Larry Nance Jr.,1610612747,LAL,Los Angeles Lakers,0021500263,2015-12-01,LAL @ PHI,L,5,0,0,,0,0,,0,0,,1,1,2,1,0,0,1,0,0,-3,2.9,1,2015-16
22015,201937,Ricky Rubio,1610612750,MIN,Minnesota Timberwolves,0021500265,2015-12-01,MIN vs. ORL,L,27,0,5,0.0,0,3,0.0,3,4,0.75,1,4,5,3,3,0,2,2,3,-3,20.5,1,2015-16
22015,203476,Gorgui Dieng,1610612750,MIN,Minnesota Timberwolves,0021500265,2015-12-01,MIN vs. ORL,L,29,4,6,0.667,0,0,,3,3,1.0,2,5,7,1,1,3,2,2,11,5,30.9,1,2015-16
22015,203897,Zach LaVine,1610612750,MIN,Minnesota Timberwolves,0021500265,2015-12-01,MIN vs. ORL,L,29,3,11,0.273,0,5,0.0,6,6,1.0,1,4,5,5,1,1,2,1,12,3,29.5,1,2015-16
22015,203499,Shane Larkin,1610612751,BKN,Brooklyn Nets,0021500264,2015-12-01,BKN vs. PHX,W,30,5,9,0.556,1,2,0.5,0,0,,0,5,5,8,2,1,0,3,11,13,38.0,1,2015-16
22015,1626178,Rondae Hollis-Jefferson,1610612751,BKN,Brooklyn Nets,0021500264,2015-12-01,BKN vs. PHX,W,23,4,5,0.8,0,0,,0,0,,2,7,9,1,0,0,2,5,8,-6,18.3,1,2015-16
22015,101112,Channing Frye,1610612753,ORL,Orlando Magic,0021500265,2015-12-01,ORL @ MIN,W,17,0,2,0.0,0,1,0.0,0,0,,0,5,5,1,0,0,1,2,0,10,6.5,1,2015-16
22015,203506,Victor Oladipo,1610612753,ORL,Orlando Magic,0021500265,2015-12-01,ORL @ MIN,W,28,5,11,0.455,1,3,0.333,2,2,1.0,1,3,4,4,3,2,2,4,13,-2,36.8,1,2015-16
22015,203457,Nerlens Noel,1610612755,PHI,Philadelphia 76ers,0021500263,2015-12-01,PHI vs. LAL,W,26,5,7,0.714,0,0,,4,6,0.667,2,7,9,3,1,0,3,1,14,2,29.3,1,2015-16
22015,203924,Jerami Grant,1610612755,PHI,Philadelphia 76ers,0021500263,2015-12-01,PHI vs. LAL,W,31,6,7,0.857,0,1,0.0,2,2,1.0,0,7,7,4,1,4,0,3,14,6,43.4,1,2015-16
22015,203458,Alex Len,1610612756,PHX,Phoenix Suns,0021500264,2015-12-01,PHX @ BKN,L,35,4,7,0.571,0,0,,5,6,0.833,0,14,14,2,2,3,4,3,13,-6,43.8,1,2015-16
22015,1626164,Devin Booker,1610612756,PHX,Phoenix Suns,0021500264,2015-12-01,PHX @ BKN,L,8,0,2,0.0,0,0,,0,0,,0,0,0,0,0,0,1,0,0,-5,-1.0,1,2015-16
22015,203943,Noah Vonleh,1610612757,POR,Portland Trail Blazers,0021500267,2015-12-01,POR vs. DAL,L,6,0,1,0.0,0,0,,0,0,,0,1,1,0,0,0,0,1,0,-15,1.2,1,2015-16
22015,2216,Zach Randolph,1610612763,MEM,Memphis Grizzlies,0021500266,2015-12-01,MEM @ NOP,W,26,6,14,0.429,0,0,,2,2,1.0,4,2,6,0,0,0,0,2,14,-1,21.2,1,2015-16
22015,2754,Tony Allen,1610612763,MEM,Memphis Grizzlies,0021500266,2015-12-01,MEM @ NOP,W,15,1,3,0.333,0,1,0.0,1,1,1.0,2,1,3,2,1,0,0,3,3,-6,12.6,1,2015-16
22015,201596,Mario Chalmers,1610612763,MEM,Memphis Grizzlies,0021500266,2015-12-01,MEM @ NOP,W,24,4,4,1.0,0,0,,3,4,0.75,1,3,4,4,0,0,0,4,11,22,21.8,1,2015-16
22015,101162,Marcin Gortat,1610612764,WAS,Washington Wizards,0021500262,2015-12-01,WAS @ CLE,W,33,7,10,0.7,0,0,,1,2,0.5,0,11,11,0,1,4,3,5,15,8,40.2,1,2015-16
22015,203490,Otto Porter Jr.,1610612764,WAS,Washington Wizards,0021500262,2015-12-01,WAS @ CLE,W,42,3,8,0.375,0,2,0.0,0,0,,0,5,5,2,0,1,1,4,6,20,17.0,1,2015-16
22015,1626162,Kelly Oubre Jr.,1610612764,WAS,Washington Wizards,0021500262,2015-12-01,WAS @ CLE,W,1,0,0,,0,0,,0,0,,0,0,0,0,0,0,0,0,0,0,0.0,1,2015-16
22015,201967,Dante Cunningham,1610612740,NOP,New Orleans Pelicans,0021500266,2015-12-01,NOP vs. MEM,L,6,0,2,0.0,0,1,0.0,0,0,,1,0,1,0,0,0,0,2,0,-4,1.2,1,2015-16
22015,202087,Alonzo Gee,1610612740,NOP,New Orleans Pelicans,0021500266,2015-12-01,NOP vs. MEM,L,28,3,4,0.75,0,0,,0,0,,0,1,1,0,0,0,1,2,6,5,6.2,1,2015-16
22015,101114,Deron Williams,1610612742,DAL,Dallas Mavericks,0021500267,2015-12-01,DAL @ POR,W,45,11,17,0.647,2,6,0.333,6,7,0.857,1,5,6,8,0,2,1,4,30,-3,54.2,1,2015-16
22015,203098,John Jenkins,1610612742,DAL,Dallas Mavericks,0021500267,2015-12-01,DAL @ POR,W,9,0,1,0.0,0,1,0.0,0,0,,0,0,0,0,0,0,0,1,0,-2,0.0,1,2015-16
22015,977,Kobe Bryant,1610612747,LAL,Los Angeles Lakers,0021500263,2015-12-01,LAL @ PHI,L,32,7,26,0.269,4,17,0.235,2,4,0.5,1,4,5,2,1,0,3,3,20,-21,29.0,1,2015-16
22015,1897,Metta World Peace,1610612747,LAL,Los Angeles Lakers,0021500263,2015-12-01,LAL @ PHI,L,19,0,3,0.0,0,2,0.0,5,6,0.833,0,5,5,1,0,0,2,1,5,7,10.5,1,2015-16
22015,708,Kevin Garnett,1610612750,MIN,Minnesota Timberwolves,0021500265,2015-12-01,MIN vs. ORL,L,20,1,4,0.25,0,0,,2,2,1.0,2,6,8,0,0,3,2,1,4,-12,20.6,1,2015-16
22015,2207,Joe Johnson,1610612751,BKN,Brooklyn Nets,0021500264,2015-12-01,BKN vs. PHX,W,35,4,8,0.5,1,4,0.25,0,0,,0,2,2,2,3,0,4,1,9,-2,19.4,1,2015-16
22015,201152,Thaddeus Young,1610612751,BKN,Brooklyn Nets,0021500264,2015-12-01,BKN vs. PHX,W,36,3,14,0.214,0,0,,2,4,0.5,1,3,4,2,0,0,2,1,8,-5,13.8,1,2015-16
22015,202696,Nikola Vučević,1610612753,ORL,Orlando Magic,0021500265,2015-12-01,ORL @ MIN,W,37,9,19,0.474,0,0,,0,0,,4,8,12,4,2,1,4,5,18,7,43.4,1,2015-16
22015,202699,Tobias Harris,1610612753,ORL,Orlando Magic,0021500265,2015-12-01,ORL @ MIN,W,35,4,12,0.333,2,5,0.4,3,4,0.75,2,2,4,1,1,0,2,2,13,8,20.3,1,2015-16
22015,203901,Elfrid Payton,1610612753,ORL,Orlando Magic,0021500265,2015-12-01,ORL @ MIN,W,34,6,13,0.462,0,1,0.0,2,4,0.5,1,7,8,5,0,0,2,5,14,7,29.1,1,2015-16
22015,203138,Hollis Thompson,1610612755,PHI,Philadelphia 76ers,0021500263,2015-12-01,PHI vs. LAL,W,29,3,10,0.3,2,6,0.333,4,4,1.0,2,3,5,1,0,1,3,3,12,1,19.5,1,2015-16
22015,203477,Isaiah Canaan,1610612755,PHI,Philadelphia 76ers,0021500263,2015-12-01,PHI vs. LAL,W,30,4,9,0.444,4,7,0.571,0,0,,0,3,3,5,1,0,0,1,12,13,26.1,1,2015-16
22015,101179,Ronnie Price,1610612756,PHX,Phoenix Suns,0021500264,2015-12-01,PHX @ BKN,L,13,0,2,0.0,0,2,0.0,0,0,,0,2,2,3,0,0,0,1,0,-11,6.9,1,2015-16
22015,202339,Eric Bledsoe,1610612756,PHX,Phoenix Suns,0021500264,2015-12-01,PHX @ BKN,L,38,5,11,0.455,2,4,0.5,5,9,0.556,1,1,2,7,4,0,4,2,17,8,37.9,1,2015-16
22015,202720,Jon Leuer,1610612756,PHX,Phoenix Suns,0021500264,2015-12-01,PHX @ BKN,L,12,1,3,0.333,0,1,0.0,0,0,,1,1,2,0,0,0,0,0,2,6,4.4,1,2015-16
22015,203933,T.J. Warren,1610612756,PHX,Phoenix Suns,0021500264,2015-12-01,PHX @ BKN,L,19,3,6,0.5,0,0,,0,0,,1,2,3,0,2,0,0,1,6,-7,15.6,1,2015-16
22015,202334,Ed Davis,1610612757,POR,Portland Trail Blazers,0021500267,2015-12-01,POR vs. DAL,L,32,4,4,1.0,0,0,,2,3,0.667,5,6,11,1,0,0,2,2,10,3,22.7,1,2015-16
22015,201188,Marc Gasol,1610612763,MEM,Memphis Grizzlies,0021500266,2015-12-01,MEM @ NOP,W,42,11,22,0.5,0,0,,16,16,1.0,0,13,13,6,0,4,3,1,38,8,71.6,1,2015-16
22015,201584,Courtney Lee,1610612763,MEM,Memphis Grizzlies,0021500266,2015-12-01,MEM @ NOP,W,34,6,12,0.5,0,0,,1,1,1.0,2,2,4,1,1,0,1,3,13,15,21.3,1,2015-16
22015,203210,JaMychal Green,1610612763,MEM,Memphis Grizzlies,0021500266,2015-12-01,MEM @ NOP,W,9,1,2,0.5,0,0,,0,0,,2,2,4,0,0,0,0,1,2,11,6.8,1,2015-16
22015,202066,Garrett Temple,1610612764,WAS,Washington Wizards,0021500262,2015-12-01,WAS @ CLE,W,28,3,9,0.333,1,5,0.2,0,0,,1,4,5,0,0,0,0,4,7,-1,13.0,1,2015-16
22015,2210,Richard Jefferson,1610612739,CLE,Cleveland Cavaliers,0021500262,2015-12-01,CLE vs. WAS,L,18,2,6,0.333,1,4,0.25,0,0,,1,1,2,3,1,0,0,1,5,-7,14.9,1,2015-16
22015,2747,JR Smith,1610612739,CLE,Cleveland Cavaliers,0021500262,2015-12-01,CLE vs. WAS,L,36,3,15,0.2,3,11,0.273,4,5,0.8,0,4,4,3,2,1,1,4,13,-2,30.3,1,2015-16
22015,2760,Anderson Varejao,1610612739,CLE,Cleveland Cavaliers,0021500262,2015-12-01,CLE vs. WAS,L,9,1,2,0.5,0,0,,0,0,,0,2,2,1,0,0,0,1,2,6,5.9,1,2015-16
22015,202684,Tristan Thompson,1610612739,CLE,Cleveland Cavaliers,0021500262,2015-12-01,CLE vs. WAS,L,27,2,6,0.333,0,0,,2,4,0.5,3,8,11,0,0,0,2,2,6,8,17.2,1,2015-16
22015,202708,Norris Cole,1610612740,NOP,New Orleans Pelicans,0021500266,2015-12-01,NOP vs. MEM,L,23,3,12,0.25,2,7,0.286,3,6,0.5,0,2,2,2,0,0,0,4,11,-10,16.4,1,2015-16
22015,203939,Dwight Powell,1610612742,DAL,Dallas Mavericks,0021500267,2015-12-01,DAL @ POR,W,13,2,6,0.333,0,0,,0,0,,2,1,3,1,1,1,0,2,4,-19,15.1,1,2015-16
22015,101138,Brandon Bass,1610612747,LAL,Los Angeles Lakers,0021500263,2015-12-01,LAL @ PHI,L,15,2,2,1.0,0,0,,0,0,,0,3,3,0,0,0,1,3,4,-3,6.6,1,2015-16
22015,101150,Lou Williams,1610612747,LAL,Los Angeles Lakers,0021500263,2015-12-01,LAL @ PHI,L,21,2,6,0.333,1,3,0.333,4,5,0.8,0,0,0,1,1,0,1,1,9,-3,12.5,1,2015-16
22015,1626156,D'Angelo Russell,1610612747,LAL,Los Angeles Lakers,0021500263,2015-12-01,LAL @ PHI,L,37,5,14,0.357,1,5,0.2,1,2,0.5,2,2,4,4,0,0,2,2,12,-16,20.8,1,2015-16
22015,2755,Kevin Martin,1610612750,MIN,Minnesota Timberwolves,0021500265,2015-12-01,MIN vs. ORL,L,23,4,9,0.444,2,2,1.0,6,6,1.0,0,1,1,0,0,0,1,2,16,-3,16.2,1,2015-16
22015,1626157,Karl-Anthony Towns,1610612750,MIN,Minnesota Timberwolves,0021500265,2015-12-01,MIN vs. ORL,L,22,2,11,0.182,0,1,0.0,2,4,0.5,2,4,6,0,1,2,1,3,6,-9,21.2,1,2015-16
22015,201572,Brook Lopez,1610612751,BKN,Brooklyn Nets,0021500264,2015-12-01,BKN vs. PHX,W,37,10,20,0.5,0,0,,3,5,0.6,1,5,6,2,0,1,2,3,23,10,34.2,1,2015-16
22015,201961,Wayne Ellington,1610612751,BKN,Brooklyn Nets,0021500264,2015-12-01,BKN vs. PHX,W,20,5,7,0.714,1,3,0.333,0,0,,0,2,2,0,2,0,2,1,11,9,17.4,1,2015-16
22015,202711,Bojan Bogdanovic,1610612751,BKN,Brooklyn Nets,0021500264,2015-12-01,BKN vs. PHX,W,18,3,5,0.6,1,2,0.5,0,0,,0,7,7,0,0,0,0,1,7,3,15.4,1,2015-16
22015,201160,Jason Smith,1610612753,ORL,Orlando Magic,0021500265,2015-12-01,ORL @ MIN,W,11,1,1,1.0,0,0,,2,2,1.0,1,0,1,0,0,0,0,5,4,-4,5.2,1,2015-16
22015,203094,Andrew Nicholson,1610612753,ORL,Orlando Magic,0021500265,2015-12-01,ORL @ MIN,W,31,6,11,0.545,0,1,0.0,3,4,0.75,2,4,6,0,0,0,1,0,15,-5,21.2,1,2015-16
22015,203095,Evan Fournier,1610612753,ORL,Orlando Magic,0021500265,2015-12-01,ORL @ MIN,W,28,4,7,0.571,1,2,0.5,3,4,0.75,0,1,1,3,1,0,1,3,12,3,19.7,1,2015-16
22015,203894,Shabazz Napier,1610612753,ORL,Orlando Magic,0021500265,2015-12-01,ORL @ MIN,W,6,0,3,0.0,0,1,0.0,0,0,,0,1,1,1,0,0,0,1,0,-2,2.7,1,2015-16
22015,203960,JaKarr Sampson,1610612755,PHI,Philadelphia 76ers,0021500263,2015-12-01,PHI vs. LAL,W,19,0,5,0.0,0,0,,2,4,0.5,2,5,7,1,0,0,3,1,2,10,8.9,1,2015-16
22015,1626143,Jahlil Okafor,1610612755,PHI,Philadelphia 76ers,0021500263,2015-12-01,PHI vs. LAL,W,30,6,14,0.429,0,0,,0,1,0.0,3,2,5,2,0,1,2,1,12,13,22.0,1,2015-16
22015,200782,P.J. Tucker,1610612756,PHX,Phoenix Suns,0021500264,2015-12-01,PHX @ BKN,L,31,4,6,0.667,1,3,0.333,0,0,,1,2,3,1,1,0,1,0,9,-2,16.1,1,2015-16
22015,202329,Al-Farouq Aminu,1610612757,POR,Portland Trail Blazers,0021500267,2015-12-01,POR vs. DAL,L,18,0,2,0.0,0,2,0.0,0,0,,0,1,1,1,1,1,2,0,0,-10,6.7,1,2015-16
22015,203090,Maurice Harkless,1610612757,POR,Portland Trail Blazers,0021500267,2015-12-01,POR vs. DAL,L,17,1,2,0.5,0,1,0.0,0,0,,1,6,7,1,0,0,2,2,2,16,9.9,1,2015-16
22015,203459,Allen Crabbe,1610612757,POR,Portland Trail Blazers,0021500267,2015-12-01,POR vs. DAL,L,35,6,12,0.5,3,6,0.5,3,3,1.0,0,2,2,3,0,0,2,0,18,7,22.9,1,2015-16
22015,201567,Kevin Love,1610612739,CLE,Cleveland Cavaliers,0021500262,2015-12-01,CLE vs. WAS,L,33,2,9,0.222,0,3,0.0,4,4,1.0,1,7,8,0,1,0,0,0,8,-24,20.6,1,2015-16
22015,201936,Tyreke Evans,1610612740,NOP,New Orleans Pelicans,0021500266,2015-12-01,NOP vs. MEM,L,31,7,12,0.583,2,5,0.4,4,4,1.0,2,3,5,10,0,1,1,0,20,3,43.0,1,2015-16
22015,202397,Ish Smith,1610612740,NOP,New Orleans Pelicans,0021500266,2015-12-01,NOP vs. MEM,L,14,1,2,0.5,0,0,,2,2,1.0,0,1,1,1,0,0,2,1,4,-10,4.7,1,2015-16
22015,2585,Zaza Pachulia,1610612742,DAL,Dallas Mavericks,0021500267,2015-12-01,DAL @ POR,W,38,6,10,0.6,0,0,,2,3,0.667,5,16,21,1,1,1,2,4,14,4,44.7,1,2015-16
22015,101111,Charlie Villanueva,1610612742,DAL,Dallas Mavericks,0021500267,2015-12-01,DAL @ POR,W,18,4,13,0.308,2,8,0.25,0,0,,0,3,3,0,2,0,0,1,10,7,19.6,1,2015-16
22015,1626147,Justin Anderson,1610612742,DAL,Dallas Mavericks,0021500267,2015-12-01,DAL @ POR,W,3,0,0,,0,0,,0,0,,0,0,0,0,0,0,0,0,0,-8,0.0,1,2015-16
22015,201156,Nick Young,1610612747,LAL,Los Angeles Lakers,0021500263,2015-12-01,LAL @ PHI,L,12,1,3,0.333,1,3,0.333,1,2,0.5,0,1,1,0,0,0,1,0,4,-2,4.2,1,2015-16
22015,203944,Julius Randle,1610612747,LAL,Los Angeles Lakers,0021500263,2015-12-01,LAL @ PHI,L,28,5,12,0.417,0,1,0.0,2,3,0.667,3,8,11,2,1,0,0,4,12,-5,31.2,1,2015-16
22015,202357,Nemanja Bjelica,1610612750,MIN,Minnesota Timberwolves,0021500265,2015-12-01,MIN vs. ORL,L,24,1,5,0.2,1,3,0.333,0,0,,3,5,8,2,1,1,0,3,3,10,21.6,1,2015-16
22015,203932,Aaron Gordon,1610612753,ORL,Orlando Magic,0021500265,2015-12-01,ORL @ MIN,W,13,3,7,0.429,1,3,0.333,0,0,,0,2,2,0,0,2,0,3,7,-7,15.4,1,2015-16
22015,202693,Markieff Morris,1610612756,PHX,Phoenix Suns,0021500264,2015-12-01,PHX @ BKN,L,28,3,11,0.273,0,2,0.0,0,0,,0,1,1,3,0,0,3,3,6,2,8.7,1,2015-16
22015,203141,Mirza Teletovic,1610612756,PHX,Phoenix Suns,0021500264,2015-12-01,PHX @ BKN,L,19,4,9,0.444,4,9,0.444,0,0,,0,5,5,0,0,0,0,3,12,-2,18.0,1,2015-16
22015,203081,Damian Lillard,1610612757,POR,Portland Trail Blazers,0021500267,2015-12-01,POR vs. DAL,L,41,10,24,0.417,3,7,0.429,2,2,1.0,3,5,8,10,1,0,4,5,25,-9,48.6,1,2015-16
22015,203468,CJ McCollum,1610612757,POR,Portland Trail Blazers,0021500267,2015-12-01,POR vs. DAL,L,40,4,21,0.19,3,8,0.375,0,0,,2,2,4,5,1,0,3,4,11,-8,23.3,1,2015-16
22015,1713,Vince Carter,1610612763,MEM,Memphis Grizzlies,0021500266,2015-12-01,MEM @ NOP,W,8,1,1,1.0,0,0,,0,0,,1,2,3,1,0,0,0,3,2,2,7.1,1,2015-16
22015,201162,Jared Dudley,1610612764,WAS,Washington Wizards,0021500262,2015-12-01,WAS @ CLE,W,32,5,7,0.714,2,4,0.5,0,0,,0,2,2,3,0,0,2,2,12,9,16.9,1,2015-16
22015,202322,John Wall,1610612764,WAS,Washington Wizards,0021500262,2015-12-01,WAS @ CLE,W,41,14,24,0.583,3,5,0.6,4,5,0.8,0,4,4,10,5,0,5,3,35,18,64.8,1,2015-16
22015,201582,Alexis Ajinca,1610612740,NOP,New Orleans Pelicans,0021500266,2015-12-01,NOP vs. MEM,L,13,5,6,0.833,0,0,,0,0,,1,2,3,0,0,0,0,4,10,9,13.6,1,2015-16
22015,2419,Tayshaun Prince,1610612750,MIN,Minnesota Timberwolves,0021500265,2015-12-01,MIN vs. ORL,L,13,1,2,0.5,0,0,,0,0,,0,0,0,1,0,0,0,1,2,-1,3.5,1,2015-16
22015,203498,Shabazz Muhammad,1610612750,MIN,Minnesota Timberwolves,0021500265,2015-12-01,MIN vs. ORL,L,17,4,9,0.444,0,2,0.0,1,2,0.5,0,2,2,0,0,0,1,2,9,0,10.4,1,2015-16
22015,203900,Markel Brown,1610612751,BKN,Brooklyn Nets,0021500264,2015-12-01,BKN vs. PHX,W,0,0,0,,0,0,,0,0,,0,0,0,0,0,0,0,0,0,0,0.0,1,2015-16
22015,203917,Nik Stauskas,1610612755,PHI,Philadelphia 76ers,0021500263,2015-12-01,PHI vs. LAL,W,15,2,5,0.4,2,4,0.5,0,0,,0,1,1,0,1,0,0,3,6,-1,10.2,1,2015-16
22015,202688,Brandon Knight,1610612756,PHX,Phoenix Suns,0021500264,2015-12-01,PHX @ BKN,L,38,9,18,0.5,3,7,0.429,5,7,0.714,0,7,7,4,0,0,3,0,26,2,37.4,1,2015-16
22015,2440,Matt Barnes,1610612763,MEM,Memphis Grizzlies,0021500266,2015-12-01,MEM @ NOP,W,27,5,11,0.455,1,4,0.25,2,2,1.0,1,5,6,3,0,0,0,3,13,15,24.7,1,2015-16
22015,201144,Mike Conley,1610612763,MEM,Memphis Grizzlies,0021500266,2015-12-01,MEM @ NOP,W,24,5,10,0.5,1,3,0.333,0,0,,0,2,2,3,0,0,2,0,11,-13,15.9,1,2015-16
22015,203118,Mike Scott,1610612737,ATL,Atlanta Hawks,0021500272,2015-12-02,ATL vs. TOR,L,11,2,6,0.333,1,2,0.5,0,0,,1,3,4,0,0,0,3,0,5,1,6.8,1,2015-16
22015,203471,Dennis Schröder,1610612737,ATL,Atlanta Hawks,0021500272,2015-12-02,ATL vs. TOR,L,14,4,8,0.5,0,2,0.0,0,0,,1,1,2,4,1,0,2,0,8,-4,17.4,1,2015-16
22015,203488,Mike Muscala,1610612737,ATL,Atlanta Hawks,0021500272,2015-12-02,ATL vs. TOR,L,19,1,4,0.25,0,1,0.0,0,0,,1,3,4,1,0,1,0,4,2,-5,11.3,1,2015-16
22015,202734,E'Twaun Moore,1610612741,CHI,Chicago Bulls,0021500273,2015-12-02,CHI vs. DEN,W,11,1,4,0.25,1,2,0.5,0,0,,0,1,1,0,0,0,2,0,3,-2,2.2,1,2015-16
22015,203926,Doug McDermott,1610612741,CHI,Chicago Bulls,0021500273,2015-12-02,CHI vs. DEN,W,29,5,9,0.556,1,3,0.333,0,0,,1,2,3,2,0,0,1,1,11,14,16.6,1,2015-16
22015,201581,JJ Hickson,1610612743,DEN,Denver Nuggets,0021500273,2015-12-02,DEN @ CHI,L,16,2,5,0.4,0,0,,1,2,0.5,2,4,6,1,3,0,1,4,5,0,21.7,1,2015-16
22015,202702,Kenneth Faried,1610612743,DEN,Denver Nuggets,0021500273,2015-12-02,DEN @ CHI,L,29,7,10,0.7,0,0,,0,2,0.0,5,4,9,3,0,1,4,3,14,-2,28.3,1,2015-16
22015,203530,Joffrey Lauvergne,1610612743,DEN,Denver Nuggets,0021500273,2015-12-02,DEN @ CHI,L,21,3,13,0.231,1,1,1.0,4,4,1.0,1,6,7,2,0,1,0,2,11,-8,25.4,1,2015-16
22015,2571,Leandro Barbosa,1610612744,GSW,Golden State Warriors,0021500268,2015-12-02,GSW @ CHA,W,11,1,4,0.25,0,1,0.0,0,0,,0,0,0,2,0,0,0,2,2,2,5.0,1,2015-16
22015,2037,Jamal Crawford,1610612746,LAC,LA Clippers,0021500276,2015-12-02,LAC vs. IND,L,37,5,16,0.313,1,8,0.125,5,5,1.0,1,5,6,3,0,0,4,5,16,-10,23.7,0,2015-16
22015,201601,Luc Mbah a Moute,1610612746,LAC,LA Clippers,0021500276,2015-12-02,LAC vs. IND,L,21,1,1,1.0,0,0,,0,0,,0,1,1,0,0,0,0,4,2,-5,3.2,0,2015-16
22015,977,Kobe Bryant,1610612747,LAL,Los Angeles Lakers,0021500269,2015-12-02,LAL @ WAS,W,36,10,24,0.417,4,11,0.364,7,8,0.875,0,2,2,3,1,0,2,1,31,-5,38.9,1,2015-16
22015,201579,Roy Hibbert,1610612747,LAL,Los Angeles Lakers,0021500269,2015-12-02,LAL @ WAS,W,31,1,5,0.2,0,0,,0,0,,2,1,3,1,0,2,2,3,2,-5,11.1,1,2015-16
22015,203903,Jordan Clarkson,1610612747,LAL,Los Angeles Lakers,0021500269,2015-12-02,LAL @ WAS,W,36,6,14,0.429,0,2,0.0,6,6,1.0,1,3,4,1,3,0,2,5,18,1,31.3,1,2015-16
22015,1626156,D'Angelo Russell,1610612747,LAL,Los Angeles Lakers,0021500269,2015-12-02,LAL @ WAS,W,27,6,14,0.429,1,5,0.2,0,0,,0,4,4,3,4,0,4,3,13,-1,30.3,1,2015-16
22015,202328,Greg Monroe,1610612749,MIL,Milwaukee Bucks,0021500275,2015-12-02,MIL @ SAS,L,28,6,13,0.462,0,0,,2,2,1.0,1,6,7,0,1,1,1,2,14,-17,27.4,1,2015-16
22015,203114,Khris Middleton,1610612749,MIL,Milwaukee Bucks,0021500275,2015-12-02,MIL @ SAS,L,30,6,11,0.545,1,2,0.5,3,3,1.0,0,3,3,3,0,0,2,2,16,-18,22.1,1,2015-16
22015,203487,Michael Carter-Williams,1610612749,MIL,Milwaukee Bucks,0021500275,2015-12-02,MIL @ SAS,L,30,2,10,0.2,0,1,0.0,0,0,,1,4,5,4,2,0,1,1,4,-15,21.0,1,2015-16
22015,203898,Tyler Ennis,1610612749,MIL,Milwaukee Bucks,0021500275,2015-12-02,MIL @ SAS,L,24,2,8,0.25,0,3,0.0,0,0,,0,3,3,1,0,1,2,2,4,-12,10.1,1,2015-16
22015,203953,Jabari Parker,1610612749,MIL,Milwaukee Bucks,0021500275,2015-12-02,MIL @ SAS,L,26,1,7,0.143,0,1,0.0,5,6,0.833,1,6,7,0,1,0,1,2,7,-11,17.4,1,2015-16
22015,1626173,Rashad Vaughn,1610612749,MIL,Milwaukee Bucks,0021500275,2015-12-02,MIL @ SAS,L,17,2,9,0.222,2,5,0.4,0,0,,1,3,4,1,1,0,2,3,6,-7,13.3,1,2015-16
22015,2756,Sasha Vujacic,1610612752,NYK,New York Knicks,0021500271,2015-12-02,NYK vs. PHI,W,6,0,3,0.0,0,1,0.0,0,0,,0,2,2,1,0,0,1,0,0,-7,2.9,1,2015-16
22015,203138,Hollis Thompson,1610612755,PHI,Philadelphia 76ers,0021500271,2015-12-02,PHI @ NYK,L,27,5,12,0.417,3,5,0.6,0,0,,0,4,4,0,0,1,1,4,13,-14,19.8,1,2015-16
22015,203960,JaKarr Sampson,1610612755,PHI,Philadelphia 76ers,0021500271,2015-12-02,PHI @ NYK,L,23,4,7,0.571,0,2,0.0,4,5,0.8,0,5,5,0,0,1,1,2,12,-11,20.0,1,2015-16
22015,1626174,Christian Wood,1610612755,PHI,Philadelphia 76ers,0021500271,2015-12-02,PHI @ NYK,L,2,0,0,,0,0,,1,2,0.5,1,0,1,0,0,0,0,0,1,5,2.2,1,2015-16
22015,203458,Alex Len,1610612756,PHX,Phoenix Suns,0021500270,2015-12-02,PHX @ DET,L,15,3,7,0.429,0,0,,0,0,,4,3,7,0,0,1,2,4,6,-8,15.4,1,2015-16
22015,1938,Manu Ginobili,1610612759,SAS,San Antonio Spurs,0021500275,2015-12-02,SAS vs. MIL,W,12,2,5,0.4,1,2,0.5,0,0,,0,0,0,3,1,0,1,1,5,2,11.5,1,2015-16
22015,2588,Matt Bonner,1610612759,SAS,San Antonio Spurs,0021500275,2015-12-02,SAS vs. MIL,W,7,0,2,0.0,0,2,0.0,0,0,,0,1,1,1,0,0,1,0,0,1,1.7,1,2015-16
22015,200746,LaMarcus Aldridge,1610612759,SAS,San Antonio Spurs,0021500275,2015-12-02,SAS vs. MIL,W,23,3,10,0.3,0,0,,0,0,,2,7,9,0,0,5,1,2,6,3,30.8,1,2015-16
22015,2449,Luis Scola,1610612761,TOR,Toronto Raptors,0021500272,2015-12-02,TOR @ ATL,W,20,3,8,0.375,0,2,0.0,2,2,1.0,0,9,9,0,1,0,1,2,8,-9,20.8,1,2015-16
22015,202709,Cory Joseph,1610612761,TOR,Toronto Raptors,0021500272,2015-12-02,TOR @ ATL,W,34,5,10,0.5,0,2,0.0,0,2,0.0,0,1,1,4,2,0,0,2,10,13,23.2,1,2015-16
22015,203082,Terrence Ross,1610612761,TOR,Toronto Raptors,0021500272,2015-12-02,TOR @ ATL,W,25,3,7,0.429,1,4,0.25,1,1,1.0,0,3,3,1,1,0,1,3,8,-1,15.1,1,2015-16
22015,202066,Garrett Temple,1610612764,WAS,Washington Wizards,0021500269,2015-12-02,WAS vs. LAL,L,15,0,1,0.0,0,1,0.0,4,8,0.5,2,2,4,2,2,0,2,0,4,-6,15.8,1,2015-16
22015,201229,Anthony Tolliver,1610612765,DET,Detroit Pistons,0021500270,2015-12-02,DET vs. PHX,W,15,2,2,1.0,1,1,1.0,0,0,,0,3,3,0,1,0,0,0,5,-13,11.6,1,2015-16
22015,203484,Kentavious Caldwell-Pope,1610612765,DET,Detroit Pistons,0021500270,2015-12-02,DET vs. PHX,W,46,4,11,0.364,1,4,0.25,1,2,0.5,2,4,6,2,3,0,2,4,10,11,27.2,1,2015-16
22015,201150,Spencer Hawes,1610612766,CHA,Charlotte Hornets,0021500268,2015-12-02,CHA vs. GSW,L,20,5,9,0.556,0,2,0.0,2,2,1.0,2,3,5,2,0,0,1,1,12,-8,20.0,1,2015-16
22015,1626163,Frank Kaminsky,1610612766,CHA,Charlotte Hornets,0021500268,2015-12-02,CHA vs. GSW,L,27,5,8,0.625,3,3,1.0,3,5,0.6,1,0,1,1,0,1,0,4,16,-7,21.7,1,2015-16
22015,201569,Eric Gordon,1610612740,NOP,New Orleans Pelicans,0021500274,2015-12-02,NOP @ HOU,L,33,4,10,0.4,1,5,0.2,1,1,1.0,0,2,2,2,0,0,2,3,10,-5,13.4,1,2015-16
22015,201583,Ryan Anderson,1610612740,NOP,New Orleans Pelicans,0021500274,2015-12-02,NOP @ HOU,L,27,7,18,0.389,3,9,0.333,2,2,1.0,5,5,10,0,0,2,6,5,19,-5,31.0,1,2015-16
22015,201600,Omer Asik,1610612740,NOP,New Orleans Pelicans,0021500274,2015-12-02,NOP @ HOU,L,22,3,6,0.5,0,0,,0,0,,3,1,4,1,0,0,2,4,6,-5,10.3,1,2015-16
22015,201962,Toney Douglas,1610612740,NOP,New Orleans Pelicans,0021500274,2015-12-02,NOP @ HOU,L,8,1,2,0.5,1,2,0.5,0,0,,0,1,1,0,1,0,1,3,3,1,6.2,1,2015-16
22015,202087,Alonzo Gee,1610612740,NOP,New Orleans Pelicans,0021500274,2015-12-02,NOP @ HOU,L,23,1,1,1.0,0,0,,2,2,1.0,2,1,3,2,0,0,1,4,4,-6,9.6,1,2015-16
22015,202397,Ish Smith,1610612740,NOP,New Orleans Pelicans,0021500274,2015-12-02,NOP @ HOU,L,13,2,3,0.667,0,0,,0,0,,2,6,8,2,1,0,1,1,4,-2,18.6,1,2015-16
22015,202708,Norris Cole,1610612740,NOP,New Orleans Pelicans,0021500274,2015-12-02,NOP @ HOU,L,24,2,10,0.2,0,5,0.0,1,1,1.0,0,3,3,3,0,0,3,4,5,0,10.1,1,2015-16
22015,201149,Joakim Noah,1610612741,CHI,Chicago Bulls,0021500273,2015-12-02,CHI vs. DEN,W,35,3,5,0.6,0,0,,3,4,0.75,5,6,11,1,0,4,3,3,9,-3,32.7,1,2015-16
22015,201166,Aaron Brooks,1610612741,CHI,Chicago Bulls,0021500273,2015-12-02,CHI vs. DEN,W,9,0,3,0.0,0,1,0.0,2,3,0.667,0,2,2,3,0,1,1,3,2,4,10.9,1,2015-16
22015,2034,Mike Miller,1610612743,DEN,Denver Nuggets,0021500273,2015-12-02,DEN @ CHI,L,14,1,2,0.5,0,1,0.0,0,0,,0,3,3,0,0,1,0,1,2,-7,8.6,1,2015-16
22015,2749,Jameer Nelson,1610612743,DEN,Denver Nuggets,0021500273,2015-12-02,DEN @ CHI,L,18,0,2,0.0,0,1,0.0,0,0,,0,2,2,3,0,0,0,3,0,-11,6.9,1,2015-16
22015,201589,Darrell Arthur,1610612743,DEN,Denver Nuggets,0021500273,2015-12-02,DEN @ CHI,L,19,6,10,0.6,0,0,,1,2,0.5,2,0,2,0,1,1,0,2,13,-7,21.4,1,2015-16
22015,201578,Marreese Speights,1610612744,GSW,Golden State Warriors,0021500268,2015-12-02,GSW @ CHA,W,11,3,7,0.429,0,0,,0,0,,0,3,3,3,0,0,0,2,6,2,14.1,1,2015-16
22015,203105,Festus Ezeli,1610612744,GSW,Golden State Warriors,0021500268,2015-12-02,GSW @ CHA,W,16,3,7,0.429,0,0,,3,3,1.0,3,3,6,0,0,0,1,3,9,8,15.2,1,2015-16
22015,200755,JJ Redick,1610612746,LAC,LA Clippers,0021500276,2015-12-02,LAC vs. IND,L,0,0,0,,0,0,,2,2,1.0,0,0,0,0,0,0,0,0,2,2,2.0,0,2015-16
22015,201933,Blake Griffin,1610612746,LAC,LA Clippers,0021500276,2015-12-02,LAC vs. IND,L,36,6,18,0.333,0,0,,7,14,0.5,1,3,4,6,0,0,4,4,19,-16,28.8,0,2015-16
22015,203085,Austin Rivers,1610612746,LAC,LA Clippers,0021500276,2015-12-02,LAC vs. IND,L,35,4,11,0.364,1,4,0.25,0,0,,0,2,2,1,0,0,2,3,9,-4,10.9,0,2015-16
22015,203912,C.J. Wilcox,1610612746,LAC,LA Clippers,0021500276,2015-12-02,LAC vs. IND,L,0,0,0,,0,0,,0,0,,0,0,0,0,0,0,0,1,0,0,0.0,0,2015-16
22015,203142,Chris Copeland,1610612749,MIL,Milwaukee Bucks,0021500275,2015-12-02,MIL @ SAS,L,7,0,0,,0,0,,0,0,,0,0,0,3,0,0,1,1,0,-1,3.5,1,2015-16
22015,204038,Langston Galloway,1610612752,NYK,New York Knicks,0021500271,2015-12-02,NYK vs. PHI,W,22,0,5,0.0,0,2,0.0,2,2,1.0,1,2,3,0,1,0,0,1,2,1,8.6,1,2015-16
22015,203477,Isaiah Canaan,1610612755,PHI,Philadelphia 76ers,0021500271,2015-12-02,PHI @ NYK,L,30,4,15,0.267,2,6,0.333,0,0,,2,3,5,3,1,0,1,1,10,-6,22.5,1,2015-16
22015,203917,Nik Stauskas,1610612755,PHI,Philadelphia 76ers,0021500271,2015-12-02,PHI @ NYK,L,24,2,4,0.5,2,3,0.667,1,2,0.5,0,2,2,2,1,0,1,1,7,0,14.4,1,2015-16
22015,203924,Jerami Grant,1610612755,PHI,Philadelphia 76ers,0021500271,2015-12-02,PHI @ NYK,L,20,2,10,0.2,0,5,0.0,2,3,0.667,1,3,4,0,1,3,0,1,6,-10,22.8,1,2015-16
22015,202339,Eric Bledsoe,1610612756,PHX,Phoenix Suns,0021500270,2015-12-02,PHX @ DET,L,41,8,20,0.4,2,6,0.333,3,3,1.0,2,2,4,9,2,0,6,5,21,-20,39.3,1,2015-16
22015,203141,Mirza Teletovic,1610612756,PHX,Phoenix Suns,0021500270,2015-12-02,PHX @ DET,L,39,7,13,0.538,4,7,0.571,0,0,,0,4,4,1,1,0,2,3,18,6,25.3,1,2015-16
22015,203933,T.J. Warren,1610612756,PHX,Phoenix Suns,0021500270,2015-12-02,PHX @ DET,L,21,6,11,0.545,0,1,0.0,0,0,,1,3,4,1,1,0,0,3,12,17,21.3,1,2015-16
22015,2225,Tony Parker,1610612759,SAS,San Antonio Spurs,0021500275,2015-12-02,SAS vs. MIL,W,18,2,6,0.333,1,1,1.0,3,4,0.75,0,1,1,3,2,0,1,1,8,16,18.7,1,2015-16
22015,2561,David West,1610612759,SAS,San Antonio Spurs,0021500275,2015-12-02,SAS vs. MIL,W,18,2,6,0.333,0,0,,0,0,,1,7,8,2,2,2,0,0,4,21,28.6,1,2015-16
22015,200768,Kyle Lowry,1610612761,TOR,Toronto Raptors,0021500272,2015-12-02,TOR @ ATL,W,37,9,17,0.529,2,7,0.286,11,12,0.917,0,5,5,5,2,0,2,5,31,10,48.5,1,2015-16
22015,201960,DeMarre Carroll,1610612761,TOR,Toronto Raptors,0021500272,2015-12-02,TOR @ ATL,W,23,2,8,0.25,0,3,0.0,1,2,0.5,1,5,6,0,3,0,3,1,5,-8,18.2,1,2015-16
22015,202335,Patrick Patterson,1610612761,TOR,Toronto Raptors,0021500272,2015-12-02,TOR @ ATL,W,23,2,7,0.286,2,6,0.333,0,0,,1,6,7,0,1,1,1,2,6,18,19.4,1,2015-16
22015,201162,Jared Dudley,1610612764,WAS,Washington Wizards,0021500269,2015-12-02,WAS vs. LAL,L,32,3,5,0.6,2,4,0.5,0,0,,0,3,3,1,1,0,2,3,8,-11,14.1,1,2015-16
22015,202322,John Wall,1610612764,WAS,Washington Wizards,0021500269,2015-12-02,WAS vs. LAL,L,36,11,19,0.579,3,6,0.5,9,12,0.75,1,6,7,11,2,0,5,1,34,7,59.9,1,2015-16
22015,2581,Steve Blake,1610612765,DET,Detroit Pistons,0021500270,2015-12-02,DET vs. PHX,W,13,1,3,0.333,0,1,0.0,0,0,,0,1,1,1,0,0,2,0,2,-22,2.7,1,2015-16
22015,1626169,Stanley Johnson,1610612765,DET,Detroit Pistons,0021500270,2015-12-02,DET vs. PHX,W,21,2,7,0.286,1,3,0.333,2,2,1.0,0,2,2,1,0,0,1,1,7,-25,9.9,1,2015-16
22015,201946,Tyler Hansbrough,1610612766,CHA,Charlotte Hornets,0021500268,2015-12-02,CHA vs. GSW,L,11,3,3,1.0,0,0,,2,4,0.5,1,2,3,1,2,1,1,0,8,5,21.1,1,2015-16
22015,202689,Kemba Walker,1610612766,CHA,Charlotte Hornets,0021500268,2015-12-02,CHA vs. GSW,L,31,2,16,0.125,0,5,0.0,0,0,,1,2,3,2,0,0,0,2,4,-19,10.6,1,2015-16
22015,203469,Cody Zeller,1610612766,CHA,Charlotte Hornets,0021500268,2015-12-02,CHA vs. GSW,L,17,2,6,0.333,0,0,,2,2,1.0,1,2,3,0,0,0,1,1,6,-14,8.6,1,2015-16
22015,1626151,Aaron Harrison,1610612766,CHA,Charlotte Hornets,0021500268,2015-12-02,CHA vs. GSW,L,7,1,1,1.0,0,0,,0,2,0.0,0,1,1,0,0,0,0,0,2,2,3.2,1,2015-16
22015,200757,Thabo Sefolosha,1610612737,ATL,Atlanta Hawks,0021500272,2015-12-02,ATL vs. TOR,L,33,6,12,0.5,1,5,0.2,0,0,,1,4,5,1,2,2,0,0,13,-1,32.5,1,2015-16
22015,200794,Paul Millsap,1610612737,ATL,Atlanta Hawks,0021500272,2015-12-02,ATL vs. TOR,L,34,5,16,0.313,0,2,0.0,4,4,1.0,5,4,9,4,2,0,2,5,14,-7,34.8,1,2015-16
22015,201143,Al Horford,1610612737,ATL,Atlanta Hawks,0021500272,2015-12-02,ATL vs. TOR,L,32,4,9,0.444,1,3,0.333,3,4,0.75,2,7,9,1,0,2,0,4,12,-9,30.3,1,2015-16
22015,203145,Kent Bazemore,1610612737,ATL,Atlanta Hawks,0021500272,2015-12-02,ATL vs. TOR,L,26,2,9,0.222,1,3,0.333,4,6,0.667,0,3,3,0,1,1,1,4,9,-14,17.6,1,2015-16
22015,201936,Tyreke Evans,1610612740,NOP,New Orleans Pelicans,0021500274,2015-12-02,NOP @ HOU,L,32,2,9,0.222,0,1,0.0,6,8,0.75,0,6,6,8,1,1,3,1,10,-9,32.2,1,2015-16
22015,201959,Taj Gibson,1610612741,CHI,Chicago Bulls,0021500273,2015-12-02,CHI vs. DEN,W,20,4,8,0.5,0,0,,0,0,,3,8,11,0,1,0,1,3,8,2,23.2,1,2015-16
22015,203503,Tony Snell,1610612741,CHI,Chicago Bulls,0021500273,2015-12-02,CHI vs. DEN,W,19,2,6,0.333,2,3,0.667,0,0,,0,4,4,1,0,0,0,1,6,-4,12.3,1,2015-16
22015,203115,Will Barton,1610612743,DEN,Denver Nuggets,0021500273,2015-12-02,DEN @ CHI,L,27,6,12,0.5,1,3,0.333,3,4,0.75,1,7,8,2,0,0,0,2,16,-15,28.6,1,2015-16
22015,203999,Nikola Jokić,1610612743,DEN,Denver Nuggets,0021500273,2015-12-02,DEN @ CHI,L,10,3,6,0.5,1,1,1.0,0,0,,0,3,3,0,0,1,0,1,7,-1,13.6,1,2015-16
22015,2733,Shaun Livingston,1610612744,GSW,Golden State Warriors,0021500268,2015-12-02,GSW @ CHA,W,25,3,5,0.6,0,1,0.0,0,0,,0,3,3,7,0,0,0,3,6,4,20.1,1,2015-16
22015,201574,Jason Thompson,1610612744,GSW,Golden State Warriors,0021500268,2015-12-02,GSW @ CHA,W,6,0,1,0.0,0,0,,0,0,,0,4,4,0,0,1,1,1,0,-4,6.8,1,2015-16
22015,201939,Stephen Curry,1610612744,GSW,Golden State Warriors,0021500268,2015-12-02,GSW @ CHA,W,31,14,18,0.778,8,11,0.727,4,4,1.0,0,3,3,5,0,0,5,2,40,19,46.1,1,2015-16
22015,2730,Dwight Howard,1610612745,HOU,Houston Rockets,0021500274,2015-12-02,HOU vs. NOP,W,37,2,6,0.333,0,0,,4,8,0.5,5,11,16,0,0,3,3,6,8,4,33.2,1,2015-16
22015,201951,Ty Lawson,1610612745,HOU,Houston Rockets,0021500274,2015-12-02,HOU vs. NOP,W,29,4,6,0.667,1,1,1.0,3,5,0.6,0,0,0,6,0,0,3,2,12,23,18.0,1,2015-16
22015,203991,Clint Capela,1610612745,HOU,Houston Rockets,0021500274,2015-12-02,HOU vs. NOP,W,16,2,5,0.4,0,0,,2,3,0.667,1,3,4,0,0,0,0,4,6,5,10.8,1,2015-16
22015,1718,Paul Pierce,1610612746,LAC,LA Clippers,0021500276,2015-12-02,LAC vs. IND,L,14,1,3,0.333,1,3,0.333,2,2,1.0,0,2,2,1,0,0,0,1,5,-2,8.9,0,2015-16
22015,1626204,Larry Nance Jr.,1610612747,LAL,Los Angeles Lakers,0021500269,2015-12-02,LAL @ WAS,W,17,0,0,,0,0,,0,0,,1,2,3,2,0,0,1,3,0,13,5.6,1,2015-16
22015,201564,O.J. Mayo,1610612749,MIL,Milwaukee Bucks,0021500275,2015-12-02,MIL @ SAS,L,24,1,6,0.167,0,1,0.0,0,0,,1,5,6,3,1,0,3,2,2,-22,13.7,1,2015-16
22015,203948,Johnny O'Bryant III,1610612749,MIL,Milwaukee Bucks,0021500275,2015-12-02,MIL @ SAS,L,7,2,4,0.5,0,0,,0,1,0.0,0,2,2,0,0,0,0,0,4,-1,6.4,1,2015-16
22015,201577,Robin Lopez,1610612752,NYK,New York Knicks,0021500271,2015-12-02,NYK vs. PHI,W,22,3,6,0.5,0,0,,0,0,,1,4,5,3,0,1,2,2,6,14,17.5,1,2015-16
22015,202498,Lance Thomas,1610612752,NYK,New York Knicks,0021500271,2015-12-02,NYK vs. PHI,W,22,4,7,0.571,0,1,0.0,2,3,0.667,1,1,2,0,0,1,1,1,10,8,14.4,1,2015-16
22015,202682,Derrick Williams,1610612752,NYK,New York Knicks,0021500271,2015-12-02,NYK vs. PHI,W,19,3,7,0.429,0,2,0.0,2,4,0.5,1,1,2,1,0,0,0,1,8,5,11.9,1,2015-16
22015,1626170,Jerian Grant,1610612752,NYK,New York Knicks,0021500271,2015-12-02,NYK vs. PHI,W,21,5,9,0.556,0,0,,2,2,1.0,0,2,2,2,0,1,4,1,12,-1,16.4,1,2015-16
22015,101139,CJ Miles,1610612754,IND,Indiana Pacers,0021500276,2015-12-02,IND @ LAC,W,24,3,9,0.333,2,7,0.286,2,3,0.667,0,3,3,2,0,0,1,5,10,8,15.6,0,2015-16
22015,201941,Jordan Hill,1610612754,IND,Indiana Pacers,0021500276,2015-12-02,IND @ LAC,W,20,4,6,0.667,0,0,,5,6,0.833,2,6,8,2,0,0,1,4,13,10,24.6,0,2015-16
22015,202331,Paul George,1610612754,IND,Indiana Pacers,0021500276,2015-12-02,IND @ LAC,W,41,9,23,0.391,5,9,0.556,8,10,0.8,1,9,10,4,3,1,0,3,31,16,61.0,0,2015-16
22015,203496,Robert Covington,1610612755,PHI,Philadelphia 76ers,0021500271,2015-12-02,PHI @ NYK,L,27,3,8,0.375,2,7,0.286,2,2,1.0,0,4,4,3,1,0,3,4,10,-12,19.3,1,2015-16
22015,204456,T.J. McConnell,1610612755,PHI,Philadelphia 76ers,0021500271,2015-12-02,PHI @ NYK,L,26,4,9,0.444,0,1,0.0,1,2,0.5,0,3,3,2,1,0,0,0,9,-5,18.6,1,2015-16
22015,200782,P.J. Tucker,1610612756,PHX,Phoenix Suns,0021500270,2015-12-02,PHX @ DET,L,39,1,3,0.333,0,2,0.0,1,2,0.5,2,4,6,5,1,1,4,4,3,-14,19.7,1,2015-16
22015,203928,Cory Jefferson,1610612756,PHX,Phoenix Suns,0021500270,2015-12-02,PHX @ DET,L,4,1,2,0.5,0,0,,0,0,,0,2,2,0,0,0,0,2,2,5,4.4,1,2015-16
22015,201980,Danny Green,1610612759,SAS,San Antonio Spurs,0021500275,2015-12-02,SAS vs. MIL,W,21,1,5,0.2,0,4,0.0,0,0,,0,4,4,2,2,0,0,3,2,15,15.8,1,2015-16
22015,202695,Kawhi Leonard,1610612759,SAS,San Antonio Spurs,0021500275,2015-12-02,SAS vs. MIL,W,25,3,12,0.25,0,1,0.0,7,8,0.875,2,1,3,4,0,0,0,1,13,14,22.6,1,2015-16
22015,203613,Jonathon Simmons,1610612759,SAS,San Antonio Spurs,0021500275,2015-12-02,SAS vs. MIL,W,20,4,6,0.667,0,1,0.0,0,1,0.0,0,1,1,2,0,0,1,0,8,12,11.2,1,2015-16
22015,202687,Bismack Biyombo,1610612761,TOR,Toronto Raptors,0021500272,2015-12-02,TOR @ ATL,W,27,3,4,0.75,0,0,,1,2,0.5,5,3,8,0,0,2,2,1,7,-4,20.6,1,2015-16
22015,2743,Kris Humphries,1610612764,WAS,Washington Wizards,0021500269,2015-12-02,WAS vs. LAL,L,11,3,7,0.429,1,2,0.5,2,2,1.0,2,2,4,1,0,0,0,2,9,10,15.3,1,2015-16
22015,200797,Ryan Hollins,1610612764,WAS,Washington Wizards,0021500269,2015-12-02,WAS vs. LAL,L,11,0,0,,0,0,,0,0,,1,0,1,0,0,0,1,1,0,-6,0.2,1,2015-16
22015,202390,Gary Neal,1610612764,WAS,Washington Wizards,0021500269,2015-12-02,WAS vs. LAL,L,13,2,4,0.5,0,0,,3,3,1.0,0,3,3,0,0,0,2,0,7,-4,8.6,1,2015-16
22015,203490,Otto Porter Jr.,1610612764,WAS,Washington Wizards,0021500269,2015-12-02,WAS vs. LAL,L,30,2,8,0.25,0,4,0.0,3,4,0.75,0,6,6,1,0,0,2,1,7,-3,13.7,1,2015-16
22015,202694,Marcus Morris Sr.,1610612765,DET,Detroit Pistons,0021500270,2015-12-02,DET vs. PHX,W,42,7,10,0.7,3,4,0.75,7,10,0.7,3,11,14,3,2,0,2,2,24,17,49.3,1,2015-16
22015,202391,Jeremy Lin,1610612766,CHA,Charlotte Hornets,0021500268,2015-12-02,CHA vs. GSW,L,13,1,2,0.5,1,2,0.5,2,4,0.5,0,0,0,3,1,1,1,2,5,-11,14.5,1,2015-16
22015,203087,Jeremy Lamb,1610612766,CHA,Charlotte Hornets,0021500268,2015-12-02,CHA vs. GSW,L,21,5,13,0.385,2,5,0.4,1,2,0.5,2,2,4,0,0,0,2,0,13,-8,15.8,1,2015-16
22015,203148,Brian Roberts,1610612766,CHA,Charlotte Hornets,0021500268,2015-12-02,CHA vs. GSW,L,20,2,7,0.286,1,1,1.0,0,0,,0,6,6,5,2,0,0,1,5,8,25.7,1,2015-16
22015,201582,Alexis Ajinca,1610612740,NOP,New Orleans Pelicans,0021500274,2015-12-02,NOP @ HOU,L,9,3,6,0.5,0,0,,0,0,,1,2,3,0,0,1,2,4,6,2,10.6,1,2015-16
22015,203076,Anthony Davis,1610612740,NOP,New Orleans Pelicans,0021500274,2015-12-02,NOP @ HOU,L,35,9,20,0.45,1,2,0.5,10,11,0.909,2,11,13,1,2,2,2,2,29,-11,56.1,1,2015-16
22015,201565,Derrick Rose,1610612741,CHI,Chicago Bulls,0021500273,2015-12-02,CHI vs. DEN,W,37,3,17,0.176,0,2,0.0,6,8,0.75,0,2,2,9,0,0,2,2,12,9,25.9,1,2015-16
22015,202710,Jimmy Butler III,1610612741,CHI,Chicago Bulls,0021500273,2015-12-02,CHI vs. DEN,W,39,5,16,0.313,1,4,0.25,8,8,1.0,3,3,6,3,1,1,1,2,19,7,35.7,1,2015-16
22015,201568,Danilo Gallinari,1610612743,DEN,Denver Nuggets,0021500273,2015-12-02,DEN @ CHI,L,35,5,15,0.333,1,3,0.333,2,4,0.5,1,4,5,4,1,0,0,1,13,-2,28.0,1,2015-16
22015,1626144,Emmanuel Mudiay,1610612743,DEN,Denver Nuggets,0021500273,2015-12-02,DEN @ CHI,L,30,2,13,0.154,0,2,0.0,0,2,0.0,1,2,3,7,2,1,2,1,4,2,25.1,1,2015-16
22015,203110,Draymond Green,1610612744,GSW,Golden State Warriors,0021500268,2015-12-02,GSW @ CHA,W,31,2,9,0.222,0,4,0.0,0,2,0.0,0,11,11,9,0,3,5,2,4,19,34.7,1,2015-16
22015,203546,Ian Clark,1610612744,GSW,Golden State Warriors,0021500268,2015-12-02,GSW @ CHA,W,8,1,1,1.0,0,0,,0,0,,1,1,2,0,0,0,1,0,2,-2,3.4,1,2015-16
22015,2772,Trevor Ariza,1610612745,HOU,Houston Rockets,0021500274,2015-12-02,HOU vs. NOP,W,32,5,11,0.455,2,5,0.4,1,1,1.0,1,1,2,0,2,0,2,1,13,3,19.4,1,2015-16
22015,201976,Patrick Beverley,1610612745,HOU,Houston Rockets,0021500274,2015-12-02,HOU vs. NOP,W,26,4,10,0.4,2,5,0.4,0,0,,0,2,2,5,2,1,0,5,10,-1,28.9,1,2015-16
22015,201599,DeAndre Jordan,1610612746,LAC,LA Clippers,0021500276,2015-12-02,LAC vs. IND,L,28,0,4,0.0,0,0,,2,8,0.25,6,9,15,0,0,0,2,4,2,-7,18.0,0,2015-16
22015,202325,Wesley Johnson,1610612746,LAC,LA Clippers,0021500276,2015-12-02,LAC vs. IND,L,9,2,5,0.4,0,3,0.0,0,0,,0,1,1,0,1,0,0,1,4,2,8.2,0,2015-16
22015,202362,Lance Stephenson,1610612746,LAC,LA Clippers,0021500276,2015-12-02,LAC vs. IND,L,28,8,11,0.727,3,4,0.75,0,0,,1,2,3,3,1,0,2,5,19,-8,28.1,0,2015-16
22015,2546,Carmelo Anthony,1610612752,NYK,New York Knicks,0021500271,2015-12-02,NYK vs. PHI,W,26,5,16,0.313,0,3,0.0,2,2,1.0,0,6,6,2,0,0,4,2,12,12,18.2,1,2015-16
22015,203124,Kyle O'Quinn,1610612752,NYK,New York Knicks,0021500271,2015-12-02,NYK vs. PHI,W,3,0,1,0.0,0,0,,0,0,,1,1,2,0,0,0,0,2,0,-5,2.4,1,2015-16
22015,203921,Cleanthony Early,1610612752,NYK,New York Knicks,0021500271,2015-12-02,NYK vs. PHI,W,3,0,1,0.0,0,1,0.0,0,0,,0,0,0,0,0,1,0,0,0,-5,3.0,1,2015-16
22015,1626158,Richaun Holmes,1610612755,PHI,Philadelphia 76ers,0021500271,2015-12-02,PHI @ NYK,L,18,4,6,0.667,0,1,0.0,3,4,0.75,2,1,3,0,0,2,0,4,11,7,20.6,1,2015-16
22015,101179,Ronnie Price,1610612756,PHX,Phoenix Suns,0021500270,2015-12-02,PHX @ DET,L,7,0,1,0.0,0,0,,0,0,,0,0,0,2,0,0,0,1,0,12,3.0,1,2015-16
22015,1495,Tim Duncan,1610612759,SAS,San Antonio Spurs,0021500275,2015-12-02,SAS vs. MIL,W,20,7,11,0.636,0,0,,2,2,1.0,3,7,10,1,1,0,2,1,16,11,30.5,1,2015-16
22015,2446,Rasual Butler,1610612759,SAS,San Antonio Spurs,0021500275,2015-12-02,SAS vs. MIL,W,10,2,4,0.5,1,2,0.5,0,0,,0,2,2,1,0,1,0,0,5,2,11.9,1,2015-16
22015,203937,Kyle Anderson,1610612759,SAS,San Antonio Spurs,0021500275,2015-12-02,SAS vs. MIL,W,19,1,3,0.333,0,1,0.0,2,3,0.667,0,5,5,0,3,1,2,2,4,7,20.0,1,2015-16
22015,203512,Lucas Nogueira,1610612761,TOR,Toronto Raptors,0021500272,2015-12-02,TOR @ ATL,W,16,2,2,1.0,0,0,,0,0,,0,7,7,0,0,1,0,0,4,22,15.4,1,2015-16
22015,101162,Marcin Gortat,1610612764,WAS,Washington Wizards,0021500269,2015-12-02,WAS vs. LAL,L,37,9,15,0.6,0,0,,0,0,,2,8,10,1,2,1,3,3,18,2,37.5,1,2015-16
22015,203078,Bradley Beal,1610612764,WAS,Washington Wizards,0021500269,2015-12-02,WAS vs. LAL,L,38,4,12,0.333,1,4,0.25,2,2,1.0,0,2,2,6,2,1,5,3,11,-7,26.4,1,2015-16
22015,1626162,Kelly Oubre Jr.,1610612764,WAS,Washington Wizards,0021500269,2015-12-02,WAS vs. LAL,L,5,1,3,0.333,0,0,,0,0,,0,0,0,0,0,0,0,1,2,9,2.0,1,2015-16
22015,101141,Ersan Ilyasova,1610612765,DET,Detroit Pistons,0021500270,2015-12-02,DET vs. PHX,W,35,8,13,0.615,3,6,0.5,4,6,0.667,1,3,4,1,1,0,4,4,23,27,28.3,1,2015-16
22015,202704,Reggie Jackson,1610612765,DET,Detroit Pistons,0021500270,2015-12-02,DET vs. PHX,W,40,12,20,0.6,3,7,0.429,7,7,1.0,0,3,3,16,1,0,3,3,34,27,61.6,1,2015-16
22015,101107,Marvin Williams,1610612766,CHA,Charlotte Hornets,0021500268,2015-12-02,CHA vs. GSW,L,30,2,9,0.222,0,4,0.0,2,2,1.0,3,3,6,1,1,1,0,0,6,-17,20.7,1,2015-16
22015,201587,Nicolas Batum,1610612766,CHA,Charlotte Hornets,0021500268,2015-12-02,CHA vs. GSW,L,30,6,15,0.4,1,6,0.167,4,5,0.8,2,6,8,3,3,2,2,2,17,-16,44.1,1,2015-16
22015,203584,Troy Daniels,1610612766,CHA,Charlotte Hornets,0021500268,2015-12-02,CHA vs. GSW,L,8,1,5,0.2,1,3,0.333,2,2,1.0,0,1,1,0,1,0,0,0,5,9,9.2,1,2015-16
22015,2594,Kyle Korver,1610612737,ATL,Atlanta Hawks,0021500272,2015-12-02,ATL vs. TOR,L,31,4,9,0.444,3,5,0.6,1,1,1.0,0,2,2,1,2,0,3,1,12,-4,18.9,1,2015-16
22015,201952,Jeff Teague,1610612737,ATL,Atlanta Hawks,0021500272,2015-12-02,ATL vs. TOR,L,34,5,16,0.313,1,3,0.333,0,1,0.0,2,3,5,10,0,1,1,1,11,-6,34.0,1,2015-16
22015,203934,Lamar Patterson,1610612737,ATL,Atlanta Hawks,0021500272,2015-12-02,ATL vs. TOR,L,6,0,1,0.0,0,1,0.0,0,0,,0,0,0,0,0,0,0,1,0,-1,0.0,1,2015-16
22015,2200,Pau Gasol,1610612741,CHI,Chicago Bulls,0021500273,2015-12-02,CHI vs. DEN,W,36,12,19,0.632,0,0,,2,4,0.5,2,17,19,3,0,4,3,2,26,18,62.3,1,2015-16
22015,202703,Nikola Mirotic,1610612741,CHI,Chicago Bulls,0021500273,2015-12-02,CHI vs. DEN,W,5,1,2,0.5,1,2,0.5,0,0,,1,2,3,0,1,0,0,0,3,0,9.6,1,2015-16
22015,200751,Randy Foye,1610612743,DEN,Denver Nuggets,0021500273,2015-12-02,DEN @ CHI,L,21,1,5,0.2,1,3,0.333,2,2,1.0,0,1,1,4,1,2,0,2,5,6,21.2,1,2015-16
22015,2738,Andre Iguodala,1610612744,GSW,Golden State Warriors,0021500268,2015-12-02,GSW @ CHA,W,19,3,6,0.5,2,4,0.5,0,0,,3,0,3,3,1,1,0,2,8,11,22.1,1,2015-16
22015,101106,Andrew Bogut,1610612744,GSW,Golden State Warriors,0021500268,2015-12-02,GSW @ CHA,W,23,2,2,1.0,0,0,,0,0,,3,8,11,2,0,1,0,0,4,15,23.2,1,2015-16
22015,201575,Brandon Rush,1610612744,GSW,Golden State Warriors,0021500268,2015-12-02,GSW @ CHA,W,20,3,4,0.75,2,3,0.667,0,0,,1,3,4,0,0,1,1,0,8,8,14.8,1,2015-16
22015,202691,Klay Thompson,1610612744,GSW,Golden State Warriors,0021500268,2015-12-02,GSW @ CHA,W,29,8,18,0.444,4,10,0.4,1,2,0.5,0,3,3,0,1,1,2,3,21,9,28.6,1,2015-16
22015,201147,Corey Brewer,1610612745,HOU,Houston Rockets,0021500274,2015-12-02,HOU vs. NOP,W,26,3,12,0.25,1,5,0.2,7,8,0.875,0,1,1,2,3,0,0,2,14,4,27.2,1,2015-16
22015,201935,James Harden,1610612745,HOU,Houston Rockets,0021500274,2015-12-02,HOU vs. NOP,W,38,7,20,0.35,1,8,0.125,9,10,0.9,0,10,10,6,1,1,0,1,24,11,51.0,1,2015-16
22015,201977,Marcus Thornton,1610612745,HOU,Houston Rockets,0021500274,2015-12-02,HOU vs. NOP,W,11,3,5,0.6,0,1,0.0,0,0,,1,2,3,0,0,0,2,2,6,-10,7.6,1,2015-16
22015,203093,Terrence Jones,1610612745,HOU,Houston Rockets,0021500274,2015-12-02,HOU vs. NOP,W,25,6,12,0.5,1,2,0.5,2,4,0.5,1,3,4,1,1,2,0,0,15,-4,30.3,1,2015-16
22015,203143,Pablo Prigioni,1610612746,LAC,LA Clippers,0021500276,2015-12-02,LAC vs. IND,L,13,1,3,0.333,0,1,0.0,2,2,1.0,0,1,1,1,1,0,0,1,4,-8,9.7,0,2015-16
22015,1897,Metta World Peace,1610612747,LAL,Los Angeles Lakers,0021500269,2015-12-02,LAL @ WAS,W,12,3,8,0.375,1,2,0.5,0,0,,1,2,3,1,0,1,0,2,7,9,15.1,1,2015-16
22015,101150,Lou Williams,1610612747,LAL,Los Angeles Lakers,0021500269,2015-12-02,LAL @ WAS,W,33,3,8,0.375,2,4,0.5,4,4,1.0,0,2,2,4,7,0,2,3,12,8,39.4,1,2015-16
22015,203944,Julius Randle,1610612747,LAL,Los Angeles Lakers,0021500269,2015-12-02,LAL @ WAS,W,31,7,15,0.467,0,1,0.0,1,2,0.5,7,12,19,1,2,0,2,2,15,-9,43.3,1,2015-16
22015,203089,John Henson,1610612749,MIL,Milwaukee Bucks,0021500275,2015-12-02,MIL @ SAS,L,13,2,2,1.0,0,0,,2,2,1.0,0,2,2,0,0,2,0,2,6,-7,14.4,1,2015-16
22015,203101,Miles Plumlee,1610612749,MIL,Milwaukee Bucks,0021500275,2015-12-02,MIL @ SAS,L,7,0,0,,0,0,,0,0,,0,1,1,0,1,0,1,1,0,-1,3.2,1,2015-16
22015,101181,Jose Calderon,1610612752,NYK,New York Knicks,0021500271,2015-12-02,NYK vs. PHI,W,27,4,8,0.5,1,3,0.333,2,2,1.0,0,2,2,5,2,0,0,0,11,11,26.9,1,2015-16
22015,201167,Arron Afflalo,1610612752,NYK,New York Knicks,0021500271,2015-12-02,NYK vs. PHI,W,23,6,10,0.6,1,4,0.25,0,0,,1,7,8,0,1,0,1,3,13,13,24.6,1,2015-16
22015,204001,Kristaps Porziņģis,1610612752,NYK,New York Knicks,0021500271,2015-12-02,NYK vs. PHI,W,30,6,10,0.6,2,2,1.0,3,3,1.0,1,9,10,2,0,4,2,1,17,6,42.0,1,2015-16
22015,101133,Ian Mahinmi,1610612754,IND,Indiana Pacers,0021500276,2015-12-02,IND @ LAC,W,27,5,6,0.833,0,0,,4,6,0.667,3,4,7,0,1,4,4,4,14,4,33.4,0,2015-16
22015,101145,Monta Ellis,1610612754,IND,Indiana Pacers,0021500276,2015-12-02,IND @ LAC,W,34,4,8,0.5,0,1,0.0,2,2,1.0,0,4,4,1,2,1,1,1,10,12,24.3,0,2015-16
22015,201155,Rodney Stuckey,1610612754,IND,Indiana Pacers,0021500276,2015-12-02,IND @ LAC,W,32,6,13,0.462,0,2,0.0,6,6,1.0,0,5,5,2,1,0,0,2,18,-3,30.0,0,2015-16
22015,201978,Chase Budinger,1610612754,IND,Indiana Pacers,0021500276,2015-12-02,IND @ LAC,W,8,0,1,0.0,0,0,,0,0,,2,2,4,1,0,0,1,1,0,-6,5.3,0,2015-16
22015,202730,Lavoy Allen,1610612754,IND,Indiana Pacers,0021500276,2015-12-02,IND @ LAC,W,21,1,5,0.2,0,0,,0,0,,1,1,2,1,0,0,3,3,2,-2,2.9,0,2015-16
22015,203457,Nerlens Noel,1610612755,PHI,Philadelphia 76ers,0021500271,2015-12-02,PHI @ NYK,L,32,3,11,0.273,0,0,,0,2,0.0,1,5,6,0,2,0,4,0,6,-13,15.2,1,2015-16
22015,203515,Phil Pressey,1610612755,PHI,Philadelphia 76ers,0021500271,2015-12-02,PHI @ NYK,L,10,1,4,0.25,0,0,,0,2,0.0,0,5,5,1,1,0,2,2,2,-1,10.5,1,2015-16
22015,2564,Boris Diaw,1610612759,SAS,San Antonio Spurs,0021500275,2015-12-02,SAS vs. MIL,W,25,5,9,0.556,1,1,1.0,0,2,0.0,3,4,7,3,0,0,2,1,11,13,21.9,1,2015-16
22015,201988,Patty Mills,1610612759,SAS,San Antonio Spurs,0021500275,2015-12-02,SAS vs. MIL,W,22,5,11,0.455,3,6,0.5,0,0,,0,3,3,3,0,0,0,0,13,8,21.1,1,2015-16
22015,203083,Andre Drummond,1610612765,DET,Detroit Pistons,0021500270,2015-12-02,DET vs. PHX,W,42,8,16,0.5,0,1,0.0,6,17,0.353,3,9,12,0,2,1,2,3,22,6,43.4,1,2015-16
22015,203798,PJ Hairston,1610612766,CHA,Charlotte Hornets,0021500268,2015-12-02,CHA vs. GSW,L,5,0,0,,0,0,,0,0,,0,0,0,1,0,1,0,0,0,-9,4.5,1,2015-16
22015,201967,Dante Cunningham,1610612740,NOP,New Orleans Pelicans,0021500274,2015-12-02,NOP @ HOU,L,12,2,3,0.667,1,1,1.0,0,0,,1,2,3,1,0,0,0,1,5,5,10.1,1,2015-16
22015,203949,James Michael McAdoo,1610612744,GSW,Golden State Warriors,0021500268,2015-12-02,GSW @ CHA,W,9,3,6,0.5,0,0,,0,0,,0,0,0,0,0,1,2,3,6,-6,7.0,1,2015-16
22015,2746,Josh Smith,1610612746,LAC,LA Clippers,0021500276,2015-12-02,LAC vs. IND,L,17,2,7,0.286,0,4,0.0,5,6,0.833,1,4,5,4,1,2,1,2,9,-4,29.0,0,2015-16
22015,101138,Brandon Bass,1610612747,LAL,Los Angeles Lakers,0021500269,2015-12-02,LAL @ WAS,W,17,5,8,0.625,0,0,,0,0,,4,1,5,1,1,0,1,0,10,9,19.5,1,2015-16
22015,203507,Giannis Antetokounmpo,1610612749,MIL,Milwaukee Bucks,0021500275,2015-12-02,MIL @ SAS,L,26,2,8,0.25,0,1,0.0,3,4,0.75,1,3,4,2,0,2,2,2,7,-13,18.8,1,2015-16
22015,202338,Kevin Seraphin,1610612752,NYK,New York Knicks,0021500271,2015-12-02,NYK vs. PHI,W,17,2,5,0.4,0,0,,4,4,1.0,1,5,6,3,1,1,2,3,8,8,23.7,1,2015-16
22015,201588,George Hill,1610612754,IND,Indiana Pacers,0021500276,2015-12-02,IND @ LAC,W,33,0,5,0.0,0,1,0.0,5,6,0.833,0,4,4,3,0,0,3,3,5,21,11.3,0,2015-16
22015,202688,Brandon Knight,1610612756,PHX,Phoenix Suns,0021500270,2015-12-02,PHX @ DET,L,38,8,21,0.381,3,11,0.273,3,3,1.0,0,2,2,4,0,0,1,2,22,-17,29.4,1,2015-16
22015,202720,Jon Leuer,1610612756,PHX,Phoenix Suns,0021500270,2015-12-02,PHX @ DET,L,39,8,13,0.615,2,3,0.667,2,2,1.0,1,5,6,5,2,1,0,4,20,-10,43.7,1,2015-16
22015,1626164,Devin Booker,1610612756,PHX,Phoenix Suns,0021500270,2015-12-02,PHX @ DET,L,23,5,6,0.833,3,3,1.0,5,5,1.0,0,1,1,1,0,0,0,5,18,4,20.7,1,2015-16
22015,201942,DeMar DeRozan,1610612761,TOR,Toronto Raptors,0021500272,2015-12-02,TOR @ ATL,W,36,7,16,0.438,1,1,1.0,2,3,0.667,1,3,4,2,0,1,2,2,17,9,25.8,1,2015-16
22015,201196,Ramon Sessions,1610612764,WAS,Washington Wizards,0021500269,2015-12-02,WAS vs. LAL,L,12,2,5,0.4,0,0,,0,0,,0,1,1,1,2,0,1,0,4,-11,11.7,1,2015-16
22015,203382,Aron Baynes,1610612765,DET,Detroit Pistons,0021500270,2015-12-02,DET vs. PHX,W,11,0,5,0.0,0,0,,0,0,,4,1,5,0,0,0,2,3,0,-3,4.0,1,2015-16
22015,202323,Evan Turner,1610612738,BOS,Boston Celtics,0021500282,2015-12-03,BOS @ SAC,W,27,2,6,0.333,0,0,,2,3,0.667,0,1,1,4,1,0,2,1,6,-1,14.2,1,2015-16
22015,200751,Randy Foye,1610612743,DEN,Denver Nuggets,0021500278,2015-12-03,DEN @ TOR,W,36,3,9,0.333,1,4,0.25,5,5,1.0,0,2,2,4,0,0,4,2,12,-2,16.4,1,2015-16
22015,201568,Danilo Gallinari,1610612743,DEN,Denver Nuggets,0021500278,2015-12-03,DEN @ TOR,W,35,7,13,0.538,3,7,0.429,4,4,1.0,1,4,5,3,0,0,0,4,21,2,31.5,1,2015-16
22015,203999,Nikola Jokić,1610612743,DEN,Denver Nuggets,0021500278,2015-12-03,DEN @ TOR,W,14,4,7,0.571,0,0,,0,0,,1,5,6,0,0,0,0,0,8,3,15.2,1,2015-16
22015,101123,Gerald Green,1610612748,MIA,Miami Heat,0021500277,2015-12-03,MIA vs. OKC,W,28,2,9,0.222,0,2,0.0,1,2,0.5,0,2,2,2,0,0,2,1,5,-4,8.4,1,2015-16
22015,201160,Jason Smith,1610612753,ORL,Orlando Magic,0021500279,2015-12-03,ORL @ UTA,W,16,2,5,0.4,0,0,,0,0,,0,1,1,0,0,1,0,2,4,2,8.2,1,2015-16
22015,1626209,Mario Hezonja,1610612753,ORL,Orlando Magic,0021500279,2015-12-03,ORL @ UTA,W,2,0,0,,0,0,,0,0,,0,0,0,0,0,0,0,0,0,-2,0.0,1,2015-16
22015,201155,Rodney Stuckey,1610612754,IND,Indiana Pacers,0021500281,2015-12-03,IND @ POR,L,31,4,11,0.364,1,3,0.333,8,8,1.0,2,3,5,6,3,0,1,0,17,-17,40.0,1,2015-16
22015,201588,George Hill,1610612754,IND,Indiana Pacers,0021500281,2015-12-03,IND @ POR,L,28,7,17,0.412,2,4,0.5,2,2,1.0,1,0,1,3,0,0,2,4,18,2,21.7,1,2015-16
22015,202730,Lavoy Allen,1610612754,IND,Indiana Pacers,0021500281,2015-12-03,IND @ POR,L,16,2,3,0.667,0,0,,2,2,1.0,4,1,5,0,0,0,1,0,6,-11,11.0,1,2015-16
22015,203081,Damian Lillard,1610612757,POR,Portland Trail Blazers,0021500281,2015-12-03,POR vs. IND,W,35,6,15,0.4,5,9,0.556,9,9,1.0,0,3,3,9,1,1,5,2,26,12,44.1,1,2015-16
22015,203468,CJ McCollum,1610612757,POR,Portland Trail Blazers,0021500281,2015-12-03,POR vs. IND,W,33,7,20,0.35,3,9,0.333,4,4,1.0,1,4,5,5,2,0,2,2,21,7,38.5,1,2015-16
22015,200752,Rudy Gay,1610612758,SAC,Sacramento Kings,0021500282,2015-12-03,SAC vs. BOS,L,31,7,13,0.538,2,3,0.667,2,3,0.667,0,7,7,0,1,0,4,2,18,-15,25.4,1,2015-16
22015,202341,James Anderson,1610612758,SAC,Sacramento Kings,0021500282,2015-12-03,SAC vs. BOS,L,4,1,3,0.333,1,2,0.5,2,2,1.0,0,1,1,0,0,0,1,0,5,4,5.2,1,2015-16
22015,2225,Tony Parker,1610612759,SAS,San Antonio Spurs,0021500280,2015-12-03,SAS @ MEM,W,24,8,12,0.667,0,0,,1,2,0.5,3,4,7,5,0,0,1,2,17,6,31.9,2,2015-16
22015,2561,David West,1610612759,SAS,San Antonio Spurs,0021500280,2015-12-03,SAS @ MEM,W,7,3,5,0.6,0,0,,0,0,,1,0,1,0,1,0,1,2,6,7,9.2,2,2015-16
22015,200746,LaMarcus Aldridge,1610612759,SAS,San Antonio Spurs,0021500280,2015-12-03,SAS @ MEM,W,33,7,14,0.5,0,0,,4,6,0.667,2,2,4,0,0,3,1,1,18,14,30.8,2,2015-16
22015,201980,Danny Green,1610612759,SAS,San Antonio Spurs,0021500280,2015-12-03,SAS @ MEM,W,25,0,5,0.0,0,3,0.0,2,2,1.0,1,1,2,2,0,0,2,2,2,8,5.4,2,2015-16
22015,201142,Kevin Durant,1610612760,OKC,Oklahoma City Thunder,0021500277,2015-12-03,OKC @ MIA,L,34,9,21,0.429,2,7,0.286,5,7,0.714,0,9,9,6,1,0,5,2,25,-7,42.8,1,2015-16
22015,202683,Enes Freedom,1610612760,OKC,Oklahoma City Thunder,0021500277,2015-12-03,OKC @ MIA,L,21,3,5,0.6,0,0,,4,4,1.0,0,3,3,0,0,0,0,3,10,-4,13.6,1,2015-16
22015,200768,Kyle Lowry,1610612761,TOR,Toronto Raptors,0021500278,2015-12-03,TOR vs. DEN,L,37,4,16,0.25,3,10,0.3,5,7,0.714,1,5,6,8,4,2,3,2,16,-3,50.2,1,2015-16
22015,203481,Jeff Withey,1610612762,UTA,Utah Jazz,0021500279,2015-12-03,UTA vs. ORL,L,10,2,3,0.667,0,0,,0,0,,1,2,3,0,0,3,0,1,4,3,16.6,1,2015-16
22015,203526,Raul Neto,1610612762,UTA,Utah Jazz,0021500279,2015-12-03,UTA vs. ORL,L,12,1,3,0.333,1,1,1.0,1,1,1.0,0,3,3,1,0,0,2,2,4,-8,7.1,1,2015-16
22015,2754,Tony Allen,1610612763,MEM,Memphis Grizzlies,0021500280,2015-12-03,MEM vs. SAS,L,17,0,3,0.0,0,0,,0,0,,0,2,2,0,0,0,0,1,0,-5,2.4,2,2015-16
22015,201188,Marc Gasol,1610612763,MEM,Memphis Grizzlies,0021500280,2015-12-03,MEM vs. SAS,L,34,7,11,0.636,0,0,,1,2,0.5,2,6,8,2,2,3,5,3,15,-16,37.6,2,2015-16
22015,203516,James Ennis III,1610612763,MEM,Memphis Grizzlies,0021500280,2015-12-03,MEM vs. SAS,L,6,0,1,0.0,0,1,0.0,3,4,0.75,0,2,2,1,1,1,0,0,3,1,12.9,2,2015-16
22015,203893,Russ Smith,1610612763,MEM,Memphis Grizzlies,0021500280,2015-12-03,MEM vs. SAS,L,4,1,2,0.5,0,0,,0,0,,0,0,0,1,0,0,1,0,2,-1,2.5,2,2015-16
22015,202738,Isaiah Thomas,1610612738,BOS,Boston Celtics,0021500282,2015-12-03,BOS @ SAC,W,34,8,14,0.571,3,6,0.5,2,2,1.0,0,6,6,9,4,0,1,2,21,26,52.7,1,2015-16
22015,203092,Tyler Zeller,1610612738,BOS,Boston Celtics,0021500282,2015-12-03,BOS @ SAC,W,12,1,2,0.5,0,0,,3,4,0.75,0,3,3,0,0,0,1,4,5,5,7.6,1,2015-16
22015,203109,Jae Crowder,1610612738,BOS,Boston Celtics,0021500282,2015-12-03,BOS @ SAC,W,31,5,12,0.417,4,9,0.444,6,6,1.0,0,3,3,6,2,0,2,1,20,7,36.6,1,2015-16
22015,201589,Darrell Arthur,1610612743,DEN,Denver Nuggets,0021500278,2015-12-03,DEN @ TOR,W,27,8,14,0.571,3,3,1.0,0,0,,1,5,6,2,2,2,0,3,19,-3,41.2,1,2015-16
22015,203530,Joffrey Lauvergne,1610612743,DEN,Denver Nuggets,0021500278,2015-12-03,DEN @ TOR,W,25,6,9,0.667,0,1,0.0,2,2,1.0,1,9,10,1,0,1,0,2,14,0,30.5,1,2015-16
22015,101112,Channing Frye,1610612753,ORL,Orlando Magic,0021500279,2015-12-03,ORL @ UTA,W,18,1,3,0.333,1,3,0.333,2,2,1.0,0,3,3,1,3,0,0,2,5,3,19.1,1,2015-16
22015,203094,Andrew Nicholson,1610612753,ORL,Orlando Magic,0021500279,2015-12-03,ORL @ UTA,W,24,6,10,0.6,2,4,0.5,0,0,,1,1,2,0,1,0,1,1,14,3,18.4,1,2015-16
22015,101139,CJ Miles,1610612754,IND,Indiana Pacers,0021500281,2015-12-03,IND @ POR,L,32,9,14,0.643,8,11,0.727,1,2,0.5,0,6,6,0,1,1,2,3,27,-1,38.2,1,2015-16
22015,1626202,Joe Young,1610612754,IND,Indiana Pacers,0021500281,2015-12-03,IND @ POR,L,1,0,1,0.0,0,0,,0,0,,0,0,0,0,0,0,0,0,0,-3,0.0,1,2015-16
22015,203943,Noah Vonleh,1610612757,POR,Portland Trail Blazers,0021500281,2015-12-03,POR vs. IND,W,18,3,3,1.0,0,0,,0,0,,2,2,4,0,0,0,1,1,6,-6,9.8,1,2015-16
22015,203552,Seth Curry,1610612758,SAC,Sacramento Kings,0021500282,2015-12-03,SAC vs. BOS,L,23,2,4,0.5,0,1,0.0,4,6,0.667,0,2,2,0,1,0,1,2,8,-1,12.4,1,2015-16
22015,203961,Eric Moreland,1610612758,SAC,Sacramento Kings,0021500282,2015-12-03,SAC vs. BOS,L,4,0,0,,0,0,,0,0,,0,2,2,0,0,0,0,2,0,4,2.4,1,2015-16
22015,1626246,Boban Marjanovic,1610612759,SAS,San Antonio Spurs,0021500280,2015-12-03,SAS @ MEM,W,4,0,1,0.0,0,0,,0,0,,0,1,1,0,0,0,0,1,0,1,1.2,2,2015-16
22015,2555,Nick Collison,1610612760,OKC,Oklahoma City Thunder,0021500277,2015-12-03,OKC @ MIA,L,10,1,2,0.5,0,0,,0,0,,0,0,0,0,0,0,1,1,2,-4,1.0,1,2015-16
22015,203460,Andre Roberson,1610612760,OKC,Oklahoma City Thunder,0021500277,2015-12-03,OKC @ MIA,L,30,1,3,0.333,0,1,0.0,0,0,,3,6,9,0,1,1,0,2,2,5,18.8,1,2015-16
22015,203500,Steven Adams,1610612760,OKC,Oklahoma City Thunder,0021500277,2015-12-03,OKC @ MIA,L,20,3,4,0.75,0,0,,3,4,0.75,3,5,8,0,0,0,1,2,9,3,17.6,1,2015-16
22015,201949,James Johnson,1610612761,TOR,Toronto Raptors,0021500278,2015-12-03,TOR vs. DEN,L,4,2,2,1.0,0,0,,0,0,,0,3,3,0,0,0,0,0,4,-2,7.6,1,2015-16
22015,203512,Lucas Nogueira,1610612761,TOR,Toronto Raptors,0021500278,2015-12-03,TOR vs. DEN,L,16,3,3,1.0,0,0,,0,0,,0,1,1,0,1,0,0,1,6,3,10.2,1,2015-16
22015,202344,Trevor Booker,1610612762,UTA,Utah Jazz,0021500279,2015-12-03,UTA vs. ORL,L,15,1,2,0.5,0,1,0.0,0,0,,0,2,2,0,1,1,1,0,2,-7,9.4,1,2015-16
22015,202692,Alec Burks,1610612762,UTA,Utah Jazz,0021500279,2015-12-03,UTA vs. ORL,L,29,6,12,0.5,3,6,0.5,6,8,0.75,0,5,5,3,0,2,1,2,21,-3,36.5,1,2015-16
22015,1626168,Trey Lyles,1610612762,UTA,Utah Jazz,0021500279,2015-12-03,UTA vs. ORL,L,10,1,2,0.5,0,0,,1,2,0.5,0,2,2,0,0,0,1,0,3,1,4.4,1,2015-16
22015,201144,Mike Conley,1610612763,MEM,Memphis Grizzlies,0021500280,2015-12-03,MEM vs. SAS,L,28,5,13,0.385,0,2,0.0,5,5,1.0,1,4,5,4,0,2,1,1,15,-8,32.0,2,2015-16
22015,203210,JaMychal Green,1610612763,MEM,Memphis Grizzlies,0021500280,2015-12-03,MEM vs. SAS,L,13,2,4,0.5,0,1,0.0,0,0,,1,2,3,1,0,0,0,4,4,-7,9.1,2,2015-16
22015,101135,David Lee,1610612738,BOS,Boston Celtics,0021500282,2015-12-03,BOS @ SAC,W,15,1,5,0.2,0,0,,0,0,,1,2,3,4,1,1,2,4,2,6,15.6,1,2015-16
22015,203923,James Young,1610612738,BOS,Boston Celtics,0021500282,2015-12-03,BOS @ SAC,W,3,0,0,,0,0,,0,0,,0,0,0,0,0,0,0,1,0,2,0.0,1,2015-16
22015,1626154,RJ Hunter,1610612738,BOS,Boston Celtics,0021500282,2015-12-03,BOS @ SAC,W,8,1,5,0.2,0,4,0.0,0,0,,0,1,1,0,0,0,0,3,2,-8,3.2,1,2015-16
22015,1626179,Terry Rozier,1610612738,BOS,Boston Celtics,0021500282,2015-12-03,BOS @ SAC,W,3,1,2,0.5,0,0,,0,0,,0,0,0,0,0,0,1,0,2,2,1.0,1,2015-16
22015,203115,Will Barton,1610612743,DEN,Denver Nuggets,0021500278,2015-12-03,DEN @ TOR,W,31,6,13,0.462,3,6,0.5,7,7,1.0,1,3,4,4,0,1,2,4,22,-6,33.8,1,2015-16
22015,2548,Dwyane Wade,1610612748,MIA,Miami Heat,0021500277,2015-12-03,MIA vs. OKC,W,33,11,21,0.524,0,0,,6,9,0.667,0,4,4,4,1,0,2,1,28,-3,39.8,1,2015-16
22015,1626196,Josh Richardson,1610612748,MIA,Miami Heat,0021500277,2015-12-03,MIA vs. OKC,W,8,0,0,,0,0,,1,2,0.5,1,1,2,0,0,0,0,0,1,1,3.4,1,2015-16
22015,203894,Shabazz Napier,1610612753,ORL,Orlando Magic,0021500279,2015-12-03,ORL @ UTA,W,15,1,4,0.25,1,2,0.5,0,0,,1,0,1,2,0,0,0,0,3,-4,7.2,1,2015-16
22015,203901,Elfrid Payton,1610612753,ORL,Orlando Magic,0021500279,2015-12-03,ORL @ UTA,W,33,6,14,0.429,0,1,0.0,2,2,1.0,0,3,3,7,2,0,2,3,14,13,32.1,1,2015-16
22015,202334,Ed Davis,1610612757,POR,Portland Trail Blazers,0021500281,2015-12-03,POR vs. IND,W,22,3,3,1.0,0,0,,0,0,,7,6,13,3,2,1,0,1,6,3,35.1,1,2015-16
22015,203459,Allen Crabbe,1610612757,POR,Portland Trail Blazers,0021500281,2015-12-03,POR vs. IND,W,25,7,10,0.7,4,5,0.8,0,0,,0,0,0,0,1,0,2,4,18,12,19.0,1,2015-16
22015,200765,Rajon Rondo,1610612758,SAC,Sacramento Kings,0021500282,2015-12-03,SAC vs. BOS,L,24,2,6,0.333,1,1,1.0,0,0,,0,3,3,8,2,0,4,1,5,-12,22.6,1,2015-16
22015,201158,Marco Belinelli,1610612758,SAC,Sacramento Kings,0021500282,2015-12-03,SAC vs. BOS,L,26,2,8,0.25,1,5,0.2,0,0,,0,3,3,2,0,0,1,0,5,-6,10.6,1,2015-16
22015,201585,Kosta Koufos,1610612758,SAC,Sacramento Kings,0021500282,2015-12-03,SAC vs. BOS,L,19,2,6,0.333,0,0,,3,4,0.75,2,8,10,0,2,1,1,0,7,-15,27.0,1,2015-16
22015,2564,Boris Diaw,1610612759,SAS,San Antonio Spurs,0021500280,2015-12-03,SAS @ MEM,W,14,1,4,0.25,0,0,,0,0,,0,3,3,0,0,0,1,0,2,3,4.6,2,2015-16
22015,2588,Matt Bonner,1610612759,SAS,San Antonio Spurs,0021500280,2015-12-03,SAS @ MEM,W,4,2,4,0.5,1,1,1.0,0,0,,1,1,2,0,1,0,1,1,5,1,9.4,2,2015-16
22015,201988,Patty Mills,1610612759,SAS,San Antonio Spurs,0021500280,2015-12-03,SAS @ MEM,W,20,2,6,0.333,0,3,0.0,0,0,,0,2,2,2,2,0,2,2,4,15,13.4,2,2015-16
22015,203937,Kyle Anderson,1610612759,SAS,San Antonio Spurs,0021500280,2015-12-03,SAS @ MEM,W,15,0,2,0.0,0,0,,0,0,,1,1,2,4,0,1,0,1,0,3,11.4,2,2015-16
22015,201566,Russell Westbrook,1610612760,OKC,Oklahoma City Thunder,0021500277,2015-12-03,OKC @ MIA,L,34,8,18,0.444,0,3,0.0,9,9,1.0,1,4,5,6,1,0,7,1,25,8,36.0,1,2015-16
22015,201586,Serge Ibaka,1610612760,OKC,Oklahoma City Thunder,0021500277,2015-12-03,OKC @ MIA,L,33,4,11,0.364,1,1,1.0,0,0,,2,5,7,0,1,0,0,5,9,8,20.4,1,2015-16
22015,201627,Anthony Morrow,1610612760,OKC,Oklahoma City Thunder,0021500277,2015-12-03,OKC @ MIA,L,15,0,4,0.0,0,2,0.0,0,0,,0,0,0,0,0,0,0,1,0,-4,0.0,1,2015-16
22015,202713,Kyle Singler,1610612760,OKC,Oklahoma City Thunder,0021500277,2015-12-03,OKC @ MIA,L,0,0,0,,0,0,,0,0,,0,0,0,0,0,0,0,0,0,0,0.0,1,2015-16
22015,201942,DeMar DeRozan,1610612761,TOR,Toronto Raptors,0021500278,2015-12-03,TOR vs. DEN,L,38,14,26,0.538,0,2,0.0,6,6,1.0,2,3,5,5,0,0,0,2,34,1,47.5,1,2015-16
22015,202335,Patrick Patterson,1610612761,TOR,Toronto Raptors,0021500278,2015-12-03,TOR vs. DEN,L,22,1,3,0.333,1,3,0.333,0,0,,0,4,4,3,0,0,0,0,3,1,12.3,1,2015-16
22015,1713,Vince Carter,1610612763,MEM,Memphis Grizzlies,0021500280,2015-12-03,MEM vs. SAS,L,11,0,2,0.0,0,1,0.0,0,0,,0,1,1,1,1,0,0,2,0,-3,5.7,2,2015-16
22015,201596,Mario Chalmers,1610612763,MEM,Memphis Grizzlies,0021500280,2015-12-03,MEM vs. SAS,L,20,3,11,0.273,1,6,0.167,8,8,1.0,2,3,5,2,2,0,1,3,15,-10,29.0,2,2015-16
22015,201973,Jonas Jerebko,1610612738,BOS,Boston Celtics,0021500282,2015-12-03,BOS @ SAC,W,17,2,3,0.667,0,0,,1,1,1.0,3,3,6,1,0,1,0,1,5,7,16.7,1,2015-16
22015,202340,Avery Bradley,1610612738,BOS,Boston Celtics,0021500282,2015-12-03,BOS @ SAC,W,29,7,15,0.467,4,7,0.571,2,2,1.0,0,3,3,1,3,0,3,5,20,7,31.1,1,2015-16
22015,203482,Kelly Olynyk,1610612738,BOS,Boston Celtics,0021500282,2015-12-03,BOS @ SAC,W,25,9,12,0.75,3,5,0.6,0,0,,1,3,4,4,1,0,3,3,21,6,31.8,1,2015-16
22015,2749,Jameer Nelson,1610612743,DEN,Denver Nuggets,0021500278,2015-12-03,DEN @ TOR,W,28,1,3,0.333,0,1,0.0,0,0,,1,4,5,7,0,0,2,1,2,-8,16.5,1,2015-16
22015,201177,Josh McRoberts,1610612748,MIA,Miami Heat,0021500277,2015-12-03,MIA vs. OKC,W,19,5,7,0.714,0,2,0.0,2,2,1.0,1,2,3,4,1,1,1,0,12,6,26.6,1,2015-16
22015,201609,Goran Dragic,1610612748,MIA,Miami Heat,0021500277,2015-12-03,MIA vs. OKC,W,36,6,11,0.545,2,2,1.0,0,0,,1,2,3,7,2,0,1,2,14,10,33.1,1,2015-16
22015,202355,Hassan Whiteside,1610612748,MIA,Miami Heat,0021500277,2015-12-03,MIA vs. OKC,W,29,5,8,0.625,0,0,,1,2,0.5,1,7,8,0,0,2,2,3,11,-15,24.6,1,2015-16
22015,204020,Tyler Johnson,1610612748,MIA,Miami Heat,0021500277,2015-12-03,MIA vs. OKC,W,18,3,5,0.6,0,0,,2,3,0.667,1,0,1,3,2,0,0,3,8,-2,19.7,1,2015-16
22015,202699,Tobias Harris,1610612753,ORL,Orlando Magic,0021500279,2015-12-03,ORL @ UTA,W,40,5,13,0.385,1,3,0.333,6,6,1.0,1,6,7,1,2,1,1,0,17,7,34.9,1,2015-16
22015,203095,Evan Fournier,1610612753,ORL,Orlando Magic,0021500279,2015-12-03,ORL @ UTA,W,30,5,9,0.556,2,5,0.4,2,2,1.0,0,6,6,3,1,0,1,5,14,16,27.7,1,2015-16
22015,101133,Ian Mahinmi,1610612754,IND,Indiana Pacers,0021500281,2015-12-03,IND @ POR,L,26,4,8,0.5,0,0,,2,2,1.0,7,4,11,3,0,0,0,5,10,2,27.7,1,2015-16
22015,201978,Chase Budinger,1610612754,IND,Indiana Pacers,0021500281,2015-12-03,IND @ POR,L,23,3,5,0.6,2,2,1.0,2,2,1.0,0,3,3,0,0,0,0,0,10,-10,13.6,1,2015-16
22015,202331,Paul George,1610612754,IND,Indiana Pacers,0021500281,2015-12-03,IND @ POR,L,34,4,17,0.235,0,9,0.0,3,4,0.75,0,7,7,3,0,0,5,2,11,-12,18.9,1,2015-16
22015,203922,Glenn Robinson III,1610612754,IND,Indiana Pacers,0021500281,2015-12-03,IND @ POR,L,9,0,2,0.0,0,1,0.0,0,0,,0,0,0,0,0,1,0,0,0,3,3.0,1,2015-16
22015,203086,Meyers Leonard,1610612757,POR,Portland Trail Blazers,0021500281,2015-12-03,POR vs. IND,W,25,5,10,0.5,2,4,0.5,0,0,,0,2,2,1,1,0,1,3,12,12,17.9,1,2015-16
22015,203486,Mason Plumlee,1610612757,POR,Portland Trail Blazers,0021500281,2015-12-03,POR vs. IND,W,26,5,6,0.833,0,0,,2,5,0.4,2,8,10,2,0,1,0,3,12,9,30.0,1,2015-16
22015,2406,Caron Butler,1610612758,SAC,Sacramento Kings,0021500282,2015-12-03,SAC vs. BOS,L,8,0,0,,0,0,,0,0,,0,0,0,0,1,0,0,1,0,-5,3.0,1,2015-16
22015,202326,DeMarcus Cousins,1610612758,SAC,Sacramento Kings,0021500282,2015-12-03,SAC vs. BOS,L,25,4,17,0.235,2,5,0.4,6,8,0.75,4,3,7,4,0,1,4,5,16,-22,29.4,1,2015-16
22015,203112,Quincy Acy,1610612758,SAC,Sacramento Kings,0021500282,2015-12-03,SAC vs. BOS,L,7,1,4,0.25,0,0,,0,0,,1,0,1,0,1,0,0,0,2,-7,6.2,1,2015-16
22015,1495,Tim Duncan,1610612759,SAS,San Antonio Spurs,0021500280,2015-12-03,SAS @ MEM,W,31,3,6,0.5,0,0,,0,0,,1,9,10,5,1,3,1,3,6,12,36.5,2,2015-16
22015,203079,Dion Waiters,1610612760,OKC,Oklahoma City Thunder,0021500277,2015-12-03,OKC @ MIA,L,27,6,9,0.667,1,2,0.5,0,0,,0,3,3,2,1,0,0,1,13,-5,22.6,1,2015-16
22015,202687,Bismack Biyombo,1610612761,TOR,Toronto Raptors,0021500278,2015-12-03,TOR vs. DEN,L,25,2,4,0.5,0,0,,2,2,1.0,2,5,7,0,0,1,0,4,6,-17,17.4,1,2015-16
22015,202709,Cory Joseph,1610612761,TOR,Toronto Raptors,0021500278,2015-12-03,TOR vs. DEN,L,28,6,9,0.667,1,1,1.0,2,3,0.667,1,3,4,2,2,0,1,1,15,8,27.8,1,2015-16
22015,202324,Derrick Favors,1610612762,UTA,Utah Jazz,0021500279,2015-12-03,UTA vs. ORL,L,38,4,7,0.571,0,0,,4,6,0.667,2,8,10,2,1,1,1,0,12,-12,32.0,1,2015-16
22015,203504,Trey Burke,1610612762,UTA,Utah Jazz,0021500279,2015-12-03,UTA vs. ORL,L,34,5,15,0.333,3,7,0.429,0,0,,1,2,3,6,0,0,3,2,13,0,22.6,1,2015-16
22015,204060,Joe Ingles,1610612762,UTA,Utah Jazz,0021500279,2015-12-03,UTA vs. ORL,L,21,3,6,0.5,2,4,0.5,0,0,,0,2,2,1,0,0,2,2,8,3,9.9,1,2015-16
22015,2440,Matt Barnes,1610612763,MEM,Memphis Grizzlies,0021500280,2015-12-03,MEM vs. SAS,L,20,1,3,0.333,0,1,0.0,2,2,1.0,0,2,2,2,0,0,1,1,4,-15,8.4,2,2015-16
22015,1626159,Justise Winslow,1610612748,MIA,Miami Heat,0021500277,2015-12-03,MIA vs. OKC,W,34,1,3,0.333,0,2,0.0,0,2,0.0,0,4,4,3,2,0,1,3,2,-3,16.3,1,2015-16
22015,202696,Nikola Vučević,1610612753,ORL,Orlando Magic,0021500279,2015-12-03,ORL @ UTA,W,32,8,16,0.5,0,1,0.0,0,0,,4,4,8,3,2,1,3,1,16,7,36.1,1,2015-16
22015,203506,Victor Oladipo,1610612753,ORL,Orlando Magic,0021500279,2015-12-03,ORL @ UTA,W,24,5,13,0.385,1,3,0.333,3,3,1.0,1,6,7,2,0,1,2,3,14,0,26.4,1,2015-16
22015,101145,Monta Ellis,1610612754,IND,Indiana Pacers,0021500281,2015-12-03,IND @ POR,L,18,1,1,1.0,0,0,,0,0,,0,0,0,2,0,0,0,1,2,1,5.0,1,2015-16
22015,202329,Al-Farouq Aminu,1610612757,POR,Portland Trail Blazers,0021500281,2015-12-03,POR vs. IND,W,32,4,9,0.444,3,7,0.429,2,2,1.0,2,4,6,5,1,0,2,1,13,8,28.7,1,2015-16
22015,203463,Ben McLemore,1610612758,SAC,Sacramento Kings,0021500282,2015-12-03,SAC vs. BOS,L,25,3,6,0.5,0,2,0.0,5,6,0.833,1,3,4,1,0,0,0,4,11,-13,17.3,1,2015-16
22015,1626161,Willie Cauley-Stein,1610612758,SAC,Sacramento Kings,0021500282,2015-12-03,SAC vs. BOS,L,18,2,2,1.0,0,0,,4,6,0.667,1,4,5,1,0,1,1,3,8,11,17.5,1,2015-16
22015,1938,Manu Ginobili,1610612759,SAS,San Antonio Spurs,0021500280,2015-12-03,SAS @ MEM,W,22,4,7,0.571,2,2,1.0,3,4,0.75,0,3,3,4,1,0,3,2,13,17,22.6,2,2015-16
22015,202695,Kawhi Leonard,1610612759,SAS,San Antonio Spurs,0021500280,2015-12-03,SAS @ MEM,W,33,9,13,0.692,7,9,0.778,2,2,1.0,0,8,8,3,2,1,1,2,27,16,49.1,2,2015-16
22015,203613,Jonathon Simmons,1610612759,SAS,San Antonio Spurs,0021500280,2015-12-03,SAS @ MEM,W,8,1,1,1.0,0,0,,1,2,0.5,0,3,3,2,0,0,1,2,3,-3,8.6,2,2015-16
22015,201571,D.J. Augustin,1610612760,OKC,Oklahoma City Thunder,0021500277,2015-12-03,OKC @ MIA,L,14,0,2,0.0,0,0,,0,0,,0,0,0,1,0,0,1,0,0,-10,0.5,1,2015-16
22015,201960,DeMarre Carroll,1610612761,TOR,Toronto Raptors,0021500278,2015-12-03,TOR vs. DEN,L,31,3,12,0.25,2,5,0.4,2,2,1.0,0,6,6,1,1,0,0,3,10,-8,21.7,1,2015-16
22015,203082,Terrence Ross,1610612761,TOR,Toronto Raptors,0021500278,2015-12-03,TOR vs. DEN,L,17,1,9,0.111,1,4,0.25,0,0,,2,0,2,1,0,0,0,0,3,2,6.9,1,2015-16
22015,202330,Gordon Hayward,1610612762,UTA,Utah Jazz,0021500279,2015-12-03,UTA vs. ORL,L,39,7,13,0.538,4,8,0.5,6,7,0.857,0,5,5,4,2,0,6,4,24,-10,36.0,1,2015-16
22015,203187,Chris Johnson,1610612762,UTA,Utah Jazz,0021500279,2015-12-03,UTA vs. ORL,L,8,0,1,0.0,0,1,0.0,0,0,,0,0,0,0,0,0,0,0,0,-3,0.0,1,2015-16
22015,203918,Rodney Hood,1610612762,UTA,Utah Jazz,0021500279,2015-12-03,UTA vs. ORL,L,25,1,8,0.125,1,5,0.2,0,0,,1,3,4,1,0,1,2,3,3,-9,10.3,1,2015-16
22015,2216,Zach Randolph,1610612763,MEM,Memphis Grizzlies,0021500280,2015-12-03,MEM vs. SAS,L,29,4,10,0.4,0,0,,1,2,0.5,3,3,6,1,0,0,1,2,9,-10,16.7,2,2015-16
22015,201584,Courtney Lee,1610612763,MEM,Memphis Grizzlies,0021500280,2015-12-03,MEM vs. SAS,L,31,3,9,0.333,0,2,0.0,0,0,,0,1,1,2,0,0,1,0,6,-15,9.2,2,2015-16
22015,101161,Amir Johnson,1610612738,BOS,Boston Celtics,0021500282,2015-12-03,BOS @ SAC,W,23,1,2,0.5,0,0,,2,4,0.5,1,6,7,3,1,2,0,3,4,11,25.9,1,2015-16
22015,203096,Jared Sullinger,1610612738,BOS,Boston Celtics,0021500282,2015-12-03,BOS @ SAC,W,14,2,6,0.333,0,2,0.0,2,2,1.0,0,3,3,2,1,1,1,4,6,15,17.6,1,2015-16
22015,2034,Mike Miller,1610612743,DEN,Denver Nuggets,0021500278,2015-12-03,DEN @ TOR,W,12,1,4,0.25,1,3,0.333,0,0,,0,1,1,0,0,0,0,1,3,7,4.2,1,2015-16
22015,1626144,Emmanuel Mudiay,1610612743,DEN,Denver Nuggets,0021500278,2015-12-03,DEN @ TOR,W,32,2,9,0.222,1,2,0.5,0,0,,0,3,3,9,0,0,3,2,5,12,19.1,1,2015-16
22015,2547,Chris Bosh,1610612748,MIA,Miami Heat,0021500277,2015-12-03,MIA vs. OKC,W,35,7,17,0.412,1,5,0.2,1,2,0.5,1,7,8,2,2,0,0,1,16,20,34.6,1,2015-16
22015,203932,Aaron Gordon,1610612753,ORL,Orlando Magic,0021500279,2015-12-03,ORL @ UTA,W,6,1,2,0.5,0,1,0.0,0,0,,1,1,2,0,2,0,0,3,2,0,10.4,1,2015-16
22015,201941,Jordan Hill,1610612754,IND,Indiana Pacers,0021500281,2015-12-03,IND @ POR,L,21,4,9,0.444,0,0,,2,2,1.0,1,2,3,1,0,1,1,2,10,-11,17.1,1,2015-16
22015,203524,Solomon Hill,1610612754,IND,Indiana Pacers,0021500281,2015-12-03,IND @ POR,L,1,0,0,,0,0,,0,0,,0,0,0,0,0,0,0,0,0,-3,0.0,1,2015-16
22015,201945,Gerald Henderson,1610612757,POR,Portland Trail Blazers,0021500281,2015-12-03,POR vs. IND,W,9,2,4,0.5,0,0,,0,0,,0,0,0,0,1,0,0,1,4,-1,7.0,1,2015-16
22015,203090,Maurice Harkless,1610612757,POR,Portland Trail Blazers,0021500281,2015-12-03,POR vs. IND,W,16,2,5,0.4,1,2,0.5,0,0,,1,4,5,1,2,0,2,2,5,4,16.5,1,2015-16
22015,201954,Darren Collison,1610612758,SAC,Sacramento Kings,0021500282,2015-12-03,SAC vs. BOS,L,26,3,8,0.375,0,2,0.0,6,6,1.0,0,1,1,5,0,1,2,0,12,-8,21.7,1,2015-16
22015,2449,Luis Scola,1610612761,TOR,Toronto Raptors,0021500278,2015-12-03,TOR vs. DEN,L,22,3,8,0.375,0,2,0.0,2,2,1.0,1,0,1,1,1,0,0,3,8,10,13.7,1,2015-16
22015,201145,Jeff Green,1610612763,MEM,Memphis Grizzlies,0021500280,2015-12-03,MEM vs. SAS,L,27,4,11,0.364,1,2,0.5,1,2,0.5,0,2,2,2,0,0,0,0,10,-11,15.4,2,2015-16
22015,203118,Mike Scott,1610612737,ATL,Atlanta Hawks,0021500286,2015-12-04,ATL vs. LAL,W,17,5,9,0.556,1,2,0.5,3,4,0.75,2,1,3,3,0,0,1,2,14,11,21.1,1,2015-16
22015,203471,Dennis Schröder,1610612737,ATL,Atlanta Hawks,0021500286,2015-12-04,ATL vs. LAL,W,17,2,4,0.5,1,3,0.333,1,2,0.5,0,5,5,2,0,1,2,0,6,5,16.0,1,2015-16
22015,2590,Mo Williams,1610612739,CLE,Cleveland Cavaliers,0021500288,2015-12-04,CLE @ NOP,L,23,4,10,0.4,0,2,0.0,0,0,,0,1,1,3,0,0,1,2,8,-13,12.7,1,2015-16
22015,202708,Norris Cole,1610612740,NOP,New Orleans Pelicans,0021500288,2015-12-04,NOP vs. CLE,W,16,2,7,0.286,0,1,0.0,0,0,,0,0,0,2,0,0,0,1,4,3,7.0,1,2015-16
22015,1891,Jason Terry,1610612745,HOU,Houston Rockets,0021500287,2015-12-04,HOU @ DAL,W,12,3,5,0.6,1,1,1.0,0,0,,0,1,1,1,1,0,0,2,7,9,12.7,1,2015-16
22015,1897,Metta World Peace,1610612747,LAL,Los Angeles Lakers,0021500286,2015-12-04,LAL @ ATL,L,13,1,3,0.333,1,1,1.0,0,0,,0,3,3,1,0,0,0,1,3,2,8.1,1,2015-16
22015,1626204,Larry Nance Jr.,1610612747,LAL,Los Angeles Lakers,0021500286,2015-12-04,LAL @ ATL,L,20,3,5,0.6,0,0,,0,0,,2,5,7,0,1,0,0,0,6,14,17.4,1,2015-16
22015,203507,Giannis Antetokounmpo,1610612749,MIL,Milwaukee Bucks,0021500285,2015-12-04,MIL @ DET,L,34,5,11,0.455,0,0,,2,2,1.0,1,8,9,2,0,1,4,5,12,-10,24.8,1,2015-16
22015,101127,Jarrett Jack,1610612751,BKN,Brooklyn Nets,0021500283,2015-12-04,BKN @ NYK,L,24,2,6,0.333,1,2,0.5,0,0,,0,3,3,1,1,0,2,2,5,-24,11.1,1,2015-16
22015,201961,Wayne Ellington,1610612751,BKN,Brooklyn Nets,0021500283,2015-12-04,BKN @ NYK,L,13,2,8,0.25,0,3,0.0,1,2,0.5,1,1,2,1,0,0,1,0,5,-8,7.9,1,2015-16
22015,203080,Thomas Robinson,1610612751,BKN,Brooklyn Nets,0021500283,2015-12-04,BKN @ NYK,L,14,5,6,0.833,0,0,,0,2,0.0,1,7,8,0,0,0,1,1,10,3,18.6,1,2015-16
22015,203499,Shane Larkin,1610612751,BKN,Brooklyn Nets,0021500283,2015-12-04,BKN @ NYK,L,23,3,8,0.375,0,1,0.0,0,0,,2,0,2,3,3,1,1,1,6,2,23.9,1,2015-16
22015,200797,Ryan Hollins,1610612764,WAS,Washington Wizards,0021500284,2015-12-04,WAS vs. PHX,W,13,1,1,1.0,0,0,,0,0,,2,2,4,0,0,0,2,2,2,-1,4.8,1,2015-16
22015,201971,DeJuan Blair,1610612764,WAS,Washington Wizards,0021500284,2015-12-04,WAS vs. PHX,W,10,2,2,1.0,0,0,,0,2,0.0,4,0,4,2,0,0,0,2,4,-2,11.8,1,2015-16
22015,201229,Anthony Tolliver,1610612765,DET,Detroit Pistons,0021500285,2015-12-04,DET vs. MIL,W,23,3,5,0.6,2,3,0.667,0,2,0.0,1,4,5,1,1,2,0,0,8,-3,24.5,1,2015-16
22015,202694,Marcus Morris Sr.,1610612765,DET,Detroit Pistons,0021500285,2015-12-04,DET vs. MIL,W,39,7,14,0.5,1,2,0.5,8,9,0.889,2,2,4,3,1,0,2,1,23,13,33.3,1,2015-16
22015,203382,Aron Baynes,1610612765,DET,Detroit Pistons,0021500285,2015-12-04,DET vs. MIL,W,12,0,2,0.0,0,0,,0,0,,0,1,1,1,0,0,0,1,0,9,2.7,1,2015-16
22015,203484,Kentavious Caldwell-Pope,1610612765,DET,Detroit Pistons,0021500285,2015-12-04,DET vs. MIL,W,33,1,6,0.167,0,3,0.0,6,6,1.0,0,2,2,3,0,0,2,2,8,3,12.9,1,2015-16
22015,2594,Kyle Korver,1610612737,ATL,Atlanta Hawks,0021500286,2015-12-04,ATL vs. LAL,W,33,3,8,0.375,1,5,0.2,0,0,,0,6,6,4,1,3,3,1,7,13,29.2,1,2015-16
22015,203145,Kent Bazemore,1610612737,ATL,Atlanta Hawks,0021500286,2015-12-04,ATL vs. LAL,W,25,5,10,0.5,2,3,0.667,3,4,0.75,0,3,3,2,4,0,0,2,15,12,33.6,1,2015-16
22015,201569,Eric Gordon,1610612740,NOP,New Orleans Pelicans,0021500288,2015-12-04,NOP vs. CLE,W,31,7,9,0.778,4,5,0.8,1,2,0.5,0,1,1,2,0,0,2,0,19,6,21.2,1,2015-16
22015,201935,James Harden,1610612745,HOU,Houston Rockets,0021500287,2015-12-04,HOU @ DAL,W,36,10,23,0.435,1,6,0.167,4,5,0.8,1,7,8,9,1,2,4,1,25,-1,53.1,1,2015-16
22015,201951,Ty Lawson,1610612745,HOU,Houston Rockets,0021500287,2015-12-04,HOU @ DAL,W,20,3,8,0.375,1,3,0.333,1,2,0.5,1,0,1,1,1,0,2,2,8,-8,11.7,1,2015-16
22015,1626149,Montrezl Harrell,1610612745,HOU,Houston Rockets,0021500287,2015-12-04,HOU @ DAL,W,13,0,4,0.0,0,0,,0,0,,2,1,3,1,1,0,0,2,0,-14,8.1,1,2015-16
22015,201579,Roy Hibbert,1610612747,LAL,Los Angeles Lakers,0021500286,2015-12-04,LAL @ ATL,L,23,2,5,0.4,0,0,,1,2,0.5,3,2,5,3,1,1,3,1,5,-8,18.5,1,2015-16
22015,203903,Jordan Clarkson,1610612747,LAL,Los Angeles Lakers,0021500286,2015-12-04,LAL @ ATL,L,29,5,8,0.625,3,3,1.0,0,0,,1,2,3,2,1,0,2,2,13,6,20.6,1,2015-16
22015,202328,Greg Monroe,1610612749,MIL,Milwaukee Bucks,0021500285,2015-12-04,MIL @ DET,L,33,7,15,0.467,0,0,,0,0,,2,11,13,1,2,2,1,2,14,-1,42.1,1,2015-16
22015,203114,Khris Middleton,1610612749,MIL,Milwaukee Bucks,0021500285,2015-12-04,MIL @ DET,L,34,6,15,0.4,3,7,0.429,6,6,1.0,0,5,5,3,0,0,1,3,21,-1,30.5,1,2015-16
22015,1626173,Rashad Vaughn,1610612749,MIL,Milwaukee Bucks,0021500285,2015-12-04,MIL @ DET,L,11,0,2,0.0,0,0,,0,0,,0,0,0,0,1,0,0,3,0,2,3.0,1,2015-16
22015,201152,Thaddeus Young,1610612751,BKN,Brooklyn Nets,0021500283,2015-12-04,BKN @ NYK,L,33,9,19,0.474,0,0,,0,0,,4,7,11,1,1,0,3,0,18,-26,32.7,1,2015-16
22015,201572,Brook Lopez,1610612751,BKN,Brooklyn Nets,0021500283,2015-12-04,BKN @ NYK,L,35,8,20,0.4,0,0,,5,5,1.0,2,2,4,1,1,2,2,3,21,-19,34.3,1,2015-16
22015,202711,Bojan Bogdanovic,1610612751,BKN,Brooklyn Nets,0021500283,2015-12-04,BKN @ NYK,L,19,3,4,0.75,1,1,1.0,0,0,,0,7,7,0,2,0,1,1,7,-6,20.4,1,2015-16
22015,201577,Robin Lopez,1610612752,NYK,New York Knicks,0021500283,2015-12-04,NYK vs. BKN,W,30,3,6,0.5,0,0,,1,1,1.0,3,2,5,3,0,3,1,0,7,21,25.5,1,2015-16
22015,1626170,Jerian Grant,1610612752,NYK,New York Knicks,0021500283,2015-12-04,NYK vs. BKN,W,18,2,4,0.5,0,0,,0,0,,0,3,3,3,1,0,3,1,4,2,12.1,1,2015-16
22015,200782,P.J. Tucker,1610612756,PHX,Phoenix Suns,0021500284,2015-12-04,PHX @ WAS,L,37,3,6,0.5,1,1,1.0,2,3,0.667,4,9,13,1,1,0,3,6,9,9,26.1,1,2015-16
22015,202339,Eric Bledsoe,1610612756,PHX,Phoenix Suns,0021500284,2015-12-04,PHX @ WAS,L,35,9,18,0.5,1,5,0.2,3,4,0.75,2,2,4,7,2,0,2,2,22,6,41.3,1,2015-16
22015,202693,Markieff Morris,1610612756,PHX,Phoenix Suns,0021500284,2015-12-04,PHX @ WAS,L,28,4,10,0.4,0,1,0.0,2,2,1.0,1,3,4,1,0,1,3,4,10,-8,16.3,1,2015-16
22015,202720,Jon Leuer,1610612756,PHX,Phoenix Suns,0021500284,2015-12-04,PHX @ WAS,L,23,6,7,0.857,1,2,0.5,0,1,0.0,0,2,2,1,0,0,1,0,13,10,15.9,1,2015-16
22015,203933,T.J. Warren,1610612756,PHX,Phoenix Suns,0021500284,2015-12-04,PHX @ WAS,L,22,5,9,0.556,1,1,1.0,0,0,,0,0,0,2,0,0,1,4,11,-9,13.0,1,2015-16
22015,202322,John Wall,1610612764,WAS,Washington Wizards,0021500284,2015-12-04,WAS vs. PHX,W,37,5,13,0.385,2,4,0.5,5,6,0.833,1,5,6,9,2,0,7,3,17,-1,36.7,1,2015-16
22015,200794,Paul Millsap,1610612737,ATL,Atlanta Hawks,0021500286,2015-12-04,ATL vs. LAL,W,34,6,12,0.5,0,1,0.0,3,3,1.0,2,6,8,2,2,2,2,3,15,8,37.6,1,2015-16
22015,201143,Al Horford,1610612737,ATL,Atlanta Hawks,0021500286,2015-12-04,ATL vs. LAL,W,33,6,11,0.545,1,4,0.25,3,4,0.75,1,8,9,5,1,1,3,0,16,16,37.3,1,2015-16
22015,201952,Jeff Teague,1610612737,ATL,Atlanta Hawks,0021500286,2015-12-04,ATL vs. LAL,W,31,5,9,0.556,1,3,0.333,2,2,1.0,0,1,1,5,2,0,1,0,13,8,26.7,1,2015-16
22015,2544,LeBron James,1610612739,CLE,Cleveland Cavaliers,0021500288,2015-12-04,CLE @ NOP,L,45,13,29,0.448,1,5,0.2,10,11,0.909,2,5,7,8,1,1,5,4,37,-4,58.4,1,2015-16
22015,202684,Tristan Thompson,1610612739,CLE,Cleveland Cavaliers,0021500288,2015-12-04,CLE @ NOP,L,32,2,4,0.5,0,0,,1,2,0.5,4,6,10,1,1,0,1,3,5,-5,20.5,1,2015-16
22015,203521,Matthew Dellavedova,1610612739,CLE,Cleveland Cavaliers,0021500288,2015-12-04,CLE @ NOP,L,42,3,5,0.6,2,3,0.667,0,0,,0,2,2,4,1,0,3,3,8,6,16.4,1,2015-16
22015,201600,Omer Asik,1610612740,NOP,New Orleans Pelicans,0021500288,2015-12-04,NOP vs. CLE,W,25,1,2,0.5,0,0,,4,6,0.667,2,3,5,1,2,0,1,3,6,5,18.5,1,2015-16
22015,1717,Dirk Nowitzki,1610612742,DAL,Dallas Mavericks,0021500287,2015-12-04,DAL vs. HOU,L,31,6,15,0.4,0,3,0.0,4,4,1.0,1,9,10,4,2,0,0,2,16,-8,40.0,1,2015-16
22015,201976,Patrick Beverley,1610612745,HOU,Houston Rockets,0021500287,2015-12-04,HOU @ DAL,W,28,5,7,0.714,4,4,1.0,0,0,,1,2,3,1,2,0,2,3,14,10,23.1,1,2015-16
22015,977,Kobe Bryant,1610612747,LAL,Los Angeles Lakers,0021500286,2015-12-04,LAL @ ATL,L,35,4,19,0.211,2,10,0.2,4,5,0.8,0,3,3,5,2,2,2,2,14,-15,35.1,1,2015-16
22015,1626156,D'Angelo Russell,1610612747,LAL,Los Angeles Lakers,0021500286,2015-12-04,LAL @ ATL,L,36,6,16,0.375,4,7,0.571,0,0,,5,5,10,4,1,0,7,2,16,-21,30.0,1,2015-16
22015,201564,O.J. Mayo,1610612749,MIL,Milwaukee Bucks,0021500285,2015-12-04,MIL @ DET,L,34,5,13,0.385,0,4,0.0,3,3,1.0,0,5,5,4,1,0,2,6,13,-11,26.0,1,2015-16
22015,203089,John Henson,1610612749,MIL,Milwaukee Bucks,0021500285,2015-12-04,MIL @ DET,L,15,4,5,0.8,0,0,,0,0,,3,0,3,0,1,3,2,3,8,-4,21.6,1,2015-16
22015,2207,Joe Johnson,1610612751,BKN,Brooklyn Nets,0021500283,2015-12-04,BKN @ NYK,L,32,3,9,0.333,1,2,0.5,2,2,1.0,1,3,4,4,1,0,1,3,9,-13,21.8,1,2015-16
22015,203186,Willie Reed,1610612751,BKN,Brooklyn Nets,0021500283,2015-12-04,BKN @ NYK,L,11,3,4,0.75,0,0,,2,4,0.5,2,2,4,0,0,1,0,0,8,8,15.8,1,2015-16
22015,203508,Sergey Karasev,1610612751,BKN,Brooklyn Nets,0021500283,2015-12-04,BKN @ NYK,L,8,0,2,0.0,0,1,0.0,0,0,,0,0,0,0,0,0,0,0,0,8,0.0,1,2015-16
22015,201167,Arron Afflalo,1610612752,NYK,New York Knicks,0021500283,2015-12-04,NYK vs. BKN,W,29,7,11,0.636,1,2,0.5,3,3,1.0,0,3,3,1,0,0,1,2,18,13,22.1,1,2015-16
22015,101179,Ronnie Price,1610612756,PHX,Phoenix Suns,0021500284,2015-12-04,PHX @ WAS,L,19,2,5,0.4,2,4,0.5,0,0,,0,0,0,2,3,0,1,3,6,-12,17.0,1,2015-16
22015,203490,Otto Porter Jr.,1610612764,WAS,Washington Wizards,0021500284,2015-12-04,WAS vs. PHX,W,36,6,11,0.545,0,1,0.0,1,1,1.0,5,2,7,0,1,2,5,2,13,1,25.4,1,2015-16
22015,1626162,Kelly Oubre Jr.,1610612764,WAS,Washington Wizards,0021500284,2015-12-04,WAS vs. PHX,W,3,0,0,,0,0,,0,0,,0,0,0,0,0,0,0,1,0,3,0.0,1,2015-16
22015,2581,Steve Blake,1610612765,DET,Detroit Pistons,0021500285,2015-12-04,DET vs. MIL,W,15,0,3,0.0,0,2,0.0,0,0,,0,1,1,3,1,0,1,1,0,7,7.7,1,2015-16
22015,101141,Ersan Ilyasova,1610612765,DET,Detroit Pistons,0021500285,2015-12-04,DET vs. MIL,W,25,4,10,0.4,1,5,0.2,4,5,0.8,1,7,8,0,0,0,0,1,13,10,22.6,1,2015-16
22015,200757,Thabo Sefolosha,1610612737,ATL,Atlanta Hawks,0021500286,2015-12-04,ATL vs. LAL,W,32,3,7,0.429,2,4,0.5,0,0,,2,3,5,1,1,1,3,1,8,3,18.5,1,2015-16
22015,2747,JR Smith,1610612739,CLE,Cleveland Cavaliers,0021500288,2015-12-04,CLE @ NOP,L,37,6,14,0.429,6,13,0.462,0,0,,0,4,4,0,0,0,1,5,18,1,21.8,1,2015-16
22015,201567,Kevin Love,1610612739,CLE,Cleveland Cavaliers,0021500288,2015-12-04,CLE @ NOP,L,37,6,16,0.375,0,5,0.0,3,5,0.6,3,7,10,1,2,0,1,1,15,4,33.5,1,2015-16
22015,202389,Timofey Mozgov,1610612739,CLE,Cleveland Cavaliers,0021500288,2015-12-04,CLE @ NOP,L,17,4,5,0.8,0,0,,0,0,,1,2,3,0,0,0,1,2,8,-1,10.6,1,2015-16
22015,201967,Dante Cunningham,1610612740,NOP,New Orleans Pelicans,0021500288,2015-12-04,NOP vs. CLE,W,37,3,5,0.6,0,2,0.0,0,0,,2,6,8,3,1,1,1,3,6,8,25.1,1,2015-16
22015,202337,Luke Babbitt,1610612740,NOP,New Orleans Pelicans,0021500288,2015-12-04,NOP vs. CLE,W,5,0,2,0.0,0,2,0.0,0,0,,0,0,0,0,0,0,0,2,0,-7,0.0,1,2015-16
22015,203076,Anthony Davis,1610612740,NOP,New Orleans Pelicans,0021500288,2015-12-04,NOP vs. CLE,W,46,13,22,0.591,2,4,0.5,3,6,0.5,1,11,12,1,4,1,1,2,31,7,60.9,1,2015-16
22015,101109,Raymond Felton,1610612742,DAL,Dallas Mavericks,0021500287,2015-12-04,DAL vs. HOU,L,34,4,8,0.5,1,3,0.333,0,0,,0,3,3,5,2,1,4,2,9,-16,25.1,1,2015-16
22015,101111,Charlie Villanueva,1610612742,DAL,Dallas Mavericks,0021500287,2015-12-04,DAL vs. HOU,L,7,1,1,1.0,0,0,,0,0,,0,1,1,0,0,2,1,0,2,-15,8.2,1,2015-16
22015,101114,Deron Williams,1610612742,DAL,Dallas Mavericks,0021500287,2015-12-04,DAL vs. HOU,L,38,8,16,0.5,4,10,0.4,2,2,1.0,0,1,1,6,2,0,8,4,22,0,30.2,1,2015-16
22015,201580,JaVale McGee,1610612742,DAL,Dallas Mavericks,0021500287,2015-12-04,DAL vs. HOU,L,3,0,1,0.0,0,0,,0,0,,0,0,0,0,0,0,0,2,0,0,0.0,1,2015-16
22015,202718,Chandler Parsons,1610612742,DAL,Dallas Mavericks,0021500287,2015-12-04,DAL vs. HOU,L,27,4,12,0.333,1,4,0.25,0,0,,1,3,4,4,0,0,1,3,9,17,18.8,1,2015-16
22015,2772,Trevor Ariza,1610612745,HOU,Houston Rockets,0021500287,2015-12-04,HOU @ DAL,W,39,7,10,0.7,4,7,0.571,0,4,0.0,0,6,6,1,4,1,3,2,18,14,38.7,1,2015-16
22015,201977,Marcus Thornton,1610612745,HOU,Houston Rockets,0021500287,2015-12-04,HOU @ DAL,W,6,1,2,0.5,0,0,,0,0,,2,0,2,0,0,0,0,0,2,-1,4.4,1,2015-16
22015,203991,Clint Capela,1610612745,HOU,Houston Rockets,0021500287,2015-12-04,HOU @ DAL,W,28,0,5,0.0,0,0,,2,4,0.5,5,5,10,2,1,2,1,3,2,-10,25.0,1,2015-16
22015,101150,Lou Williams,1610612747,LAL,Los Angeles Lakers,0021500286,2015-12-04,LAL @ ATL,L,31,6,13,0.462,3,6,0.5,3,4,0.75,0,1,1,2,1,1,1,3,18,-11,27.2,1,2015-16
22015,203944,Julius Randle,1610612747,LAL,Los Angeles Lakers,0021500286,2015-12-04,LAL @ ATL,L,28,3,12,0.25,0,0,,2,2,1.0,3,2,5,0,3,1,1,2,8,-27,25.0,1,2015-16
22015,201573,Jerryd Bayless,1610612749,MIL,Milwaukee Bucks,0021500285,2015-12-04,MIL @ DET,L,26,4,9,0.444,1,5,0.2,0,1,0.0,0,3,3,5,0,0,0,1,9,-12,20.1,1,2015-16
22015,203487,Michael Carter-Williams,1610612749,MIL,Milwaukee Bucks,0021500285,2015-12-04,MIL @ DET,L,27,3,8,0.375,0,2,0.0,0,0,,0,7,7,5,0,0,3,4,6,-1,18.9,1,2015-16
22015,203953,Jabari Parker,1610612749,MIL,Milwaukee Bucks,0021500285,2015-12-04,MIL @ DET,L,19,4,8,0.5,0,0,,2,2,1.0,3,2,5,0,0,0,0,5,10,2,16.0,1,2015-16
22015,203900,Markel Brown,1610612751,BKN,Brooklyn Nets,0021500283,2015-12-04,BKN @ NYK,L,9,0,1,0.0,0,1,0.0,0,0,,0,1,1,3,0,0,0,0,0,9,5.7,1,2015-16
22015,1626178,Rondae Hollis-Jefferson,1610612751,BKN,Brooklyn Nets,0021500283,2015-12-04,BKN @ NYK,L,18,1,4,0.25,0,0,,0,0,,0,3,3,1,0,0,0,2,2,-22,7.1,1,2015-16
22015,101181,Jose Calderon,1610612752,NYK,New York Knicks,0021500283,2015-12-04,NYK vs. BKN,W,29,0,2,0.0,0,1,0.0,1,2,0.5,0,4,4,9,2,0,2,1,1,13,23.3,1,2015-16
22015,202498,Lance Thomas,1610612752,NYK,New York Knicks,0021500283,2015-12-04,NYK vs. BKN,W,22,3,9,0.333,1,4,0.25,2,2,1.0,1,1,2,0,1,0,2,2,9,2,12.4,1,2015-16
22015,204001,Kristaps Porziņģis,1610612752,NYK,New York Knicks,0021500283,2015-12-04,NYK vs. BKN,W,26,7,13,0.538,3,4,0.75,2,2,1.0,2,8,10,2,0,2,1,3,19,15,39.0,1,2015-16
22015,204038,Langston Galloway,1610612752,NYK,New York Knicks,0021500283,2015-12-04,NYK vs. BKN,W,20,3,9,0.333,2,5,0.4,0,0,,0,5,5,2,1,0,0,0,8,6,20.0,1,2015-16
22015,203141,Mirza Teletovic,1610612756,PHX,Phoenix Suns,0021500284,2015-12-04,PHX @ WAS,L,7,0,2,0.0,0,1,0.0,2,3,0.667,1,1,2,1,0,0,1,0,2,-9,4.9,1,2015-16
22015,202704,Reggie Jackson,1610612765,DET,Detroit Pistons,0021500285,2015-12-04,DET vs. MIL,W,33,8,14,0.571,1,4,0.25,6,7,0.857,0,1,1,5,1,0,2,1,23,0,32.7,1,2015-16
22015,1626169,Stanley Johnson,1610612765,DET,Detroit Pistons,0021500285,2015-12-04,DET vs. MIL,W,23,4,10,0.4,2,4,0.5,0,0,,0,1,1,1,1,0,0,2,10,-2,15.7,1,2015-16
22015,203488,Mike Muscala,1610612737,ATL,Atlanta Hawks,0021500286,2015-12-04,ATL vs. LAL,W,12,2,4,0.5,1,1,1.0,1,1,1.0,2,1,3,0,0,1,1,0,6,-9,11.6,1,2015-16
22015,203934,Lamar Patterson,1610612737,ATL,Atlanta Hawks,0021500286,2015-12-04,ATL vs. LAL,W,6,0,0,,0,0,,0,0,,0,0,0,0,0,0,1,2,0,-2,-1.0,1,2015-16
22015,2210,Richard Jefferson,1610612739,CLE,Cleveland Cavaliers,0021500288,2015-12-04,CLE @ NOP,L,14,0,1,0.0,0,0,,0,0,,2,2,4,0,2,0,0,4,0,-9,10.8,1,2015-16
22015,2592,James Jones,1610612739,CLE,Cleveland Cavaliers,0021500288,2015-12-04,CLE @ NOP,L,15,1,5,0.2,1,5,0.2,4,4,1.0,0,2,2,1,1,0,1,2,7,-3,12.9,1,2015-16
22015,2760,Anderson Varejao,1610612739,CLE,Cleveland Cavaliers,0021500288,2015-12-04,CLE @ NOP,L,4,0,0,,0,0,,2,2,1.0,0,0,0,0,0,0,0,0,2,-6,2.0,1,2015-16
22015,201583,Ryan Anderson,1610612740,NOP,New Orleans Pelicans,0021500288,2015-12-04,NOP vs. CLE,W,32,5,12,0.417,2,6,0.333,6,7,0.857,3,2,5,0,1,0,3,3,18,10,24.0,1,2015-16
22015,201936,Tyreke Evans,1610612740,NOP,New Orleans Pelicans,0021500288,2015-12-04,NOP vs. CLE,W,35,5,13,0.385,0,2,0.0,4,5,0.8,1,6,7,10,0,0,4,4,14,0,33.4,1,2015-16
22015,201950,Jrue Holiday,1610612740,NOP,New Orleans Pelicans,0021500288,2015-12-04,NOP vs. CLE,W,25,5,10,0.5,1,2,0.5,2,3,0.667,2,5,7,5,2,0,2,3,13,11,32.9,1,2015-16
22015,202087,Alonzo Gee,1610612740,NOP,New Orleans Pelicans,0021500288,2015-12-04,NOP vs. CLE,W,13,1,3,0.333,0,1,0.0,1,2,0.5,0,1,1,1,0,0,1,4,3,-13,4.7,1,2015-16
22015,2585,Zaza Pachulia,1610612742,DAL,Dallas Mavericks,0021500287,2015-12-04,DAL vs. HOU,L,29,3,7,0.429,0,0,,1,2,0.5,7,4,11,2,0,0,1,0,7,-8,22.2,1,2015-16
22015,2734,Devin Harris,1610612742,DAL,Dallas Mavericks,0021500287,2015-12-04,DAL vs. HOU,L,20,6,7,0.857,1,1,1.0,2,3,0.667,0,1,1,0,0,0,1,2,15,-3,15.2,1,2015-16
22015,202083,Wesley Matthews,1610612742,DAL,Dallas Mavericks,0021500287,2015-12-04,DAL vs. HOU,L,34,1,9,0.111,1,8,0.125,2,4,0.5,1,4,5,1,2,1,0,2,5,-7,21.5,1,2015-16
22015,203939,Dwight Powell,1610612742,DAL,Dallas Mavericks,0021500287,2015-12-04,DAL vs. HOU,L,16,4,5,0.8,0,0,,3,5,0.6,1,5,6,1,0,1,1,0,11,20,21.7,1,2015-16
22015,203093,Terrence Jones,1610612745,HOU,Houston Rockets,0021500287,2015-12-04,HOU @ DAL,W,32,7,12,0.583,0,0,,3,3,1.0,3,6,9,1,0,0,5,4,17,23,24.3,1,2015-16
22015,101138,Brandon Bass,1610612747,LAL,Los Angeles Lakers,0021500286,2015-12-04,LAL @ ATL,L,25,2,5,0.4,0,0,,0,0,,1,4,5,2,0,2,0,1,4,-5,19.0,1,2015-16
22015,203948,Johnny O'Bryant III,1610612749,MIL,Milwaukee Bucks,0021500285,2015-12-04,MIL @ DET,L,9,1,1,1.0,0,0,,0,0,,0,1,1,1,1,0,1,1,2,1,6.7,1,2015-16
22015,2546,Carmelo Anthony,1610612752,NYK,New York Knicks,0021500283,2015-12-04,NYK vs. BKN,W,31,9,18,0.5,5,8,0.625,5,7,0.714,1,6,7,3,2,0,2,1,28,14,44.9,1,2015-16
22015,200811,Lou Amundson,1610612752,NYK,New York Knicks,0021500283,2015-12-04,NYK vs. BKN,W,4,1,4,0.25,0,0,,0,0,,1,1,2,0,0,0,0,0,2,-3,4.4,1,2015-16
22015,202338,Kevin Seraphin,1610612752,NYK,New York Knicks,0021500283,2015-12-04,NYK vs. BKN,W,14,1,4,0.25,0,0,,2,2,1.0,0,3,3,2,0,1,1,3,4,-1,12.6,1,2015-16
22015,202682,Derrick Williams,1610612752,NYK,New York Knicks,0021500283,2015-12-04,NYK vs. BKN,W,17,3,7,0.429,0,3,0.0,2,2,1.0,0,0,0,0,1,0,0,1,8,3,11.0,1,2015-16
22015,203458,Alex Len,1610612756,PHX,Phoenix Suns,0021500284,2015-12-04,PHX @ WAS,L,15,3,5,0.6,0,1,0.0,0,0,,3,1,4,1,0,2,2,1,6,6,16.3,1,2015-16
22015,1626164,Devin Booker,1610612756,PHX,Phoenix Suns,0021500284,2015-12-04,PHX @ WAS,L,16,4,6,0.667,0,0,,0,0,,0,1,1,0,1,0,1,1,8,-6,11.2,1,2015-16
22015,201162,Jared Dudley,1610612764,WAS,Washington Wizards,0021500284,2015-12-04,WAS vs. PHX,W,23,0,7,0.0,0,3,0.0,3,4,0.75,0,1,1,1,2,0,1,2,3,-4,10.7,1,2015-16
22015,201196,Ramon Sessions,1610612764,WAS,Washington Wizards,0021500284,2015-12-04,WAS vs. PHX,W,24,8,12,0.667,0,3,0.0,2,2,1.0,0,2,2,0,1,0,2,2,18,9,21.4,1,2015-16
22015,202390,Gary Neal,1610612764,WAS,Washington Wizards,0021500284,2015-12-04,WAS vs. PHX,W,20,4,7,0.571,2,3,0.667,2,2,1.0,1,5,6,1,0,0,2,2,12,-1,18.7,1,2015-16
22015,203083,Andre Drummond,1610612765,DET,Detroit Pistons,0021500285,2015-12-04,DET vs. MIL,W,36,7,18,0.389,0,0,,3,10,0.3,4,19,23,1,3,2,2,2,17,-2,59.1,1,2015-16
22015,201147,Corey Brewer,1610612745,HOU,Houston Rockets,0021500287,2015-12-04,HOU @ DAL,W,26,3,8,0.375,1,5,0.2,0,0,,0,2,2,3,1,0,1,3,7,-2,15.9,1,2015-16
22015,202388,Donald Sloan,1610612751,BKN,Brooklyn Nets,0021500283,2015-12-04,BKN @ NYK,L,4,0,0,,0,0,,0,0,,0,0,0,0,0,0,1,0,0,3,-1.0,1,2015-16
22015,202688,Brandon Knight,1610612756,PHX,Phoenix Suns,0021500284,2015-12-04,PHX @ WAS,L,38,7,16,0.438,4,7,0.571,1,3,0.333,1,4,5,5,1,1,5,2,19,-2,33.5,1,2015-16
22015,202066,Garrett Temple,1610612764,WAS,Washington Wizards,0021500284,2015-12-04,WAS vs. PHX,W,35,2,6,0.333,1,4,0.25,1,2,0.5,0,3,3,1,1,0,0,2,6,15,14.1,1,2015-16
22015,203078,Bradley Beal,1610612764,WAS,Washington Wizards,0021500284,2015-12-04,WAS vs. PHX,W,38,12,23,0.522,5,8,0.625,5,6,0.833,2,6,8,5,2,0,2,3,34,-4,55.1,1,2015-16
22015,201973,Jonas Jerebko,1610612738,BOS,Boston Celtics,0021500296,2015-12-05,BOS @ SAS,L,11,0,3,0.0,0,1,0.0,0,0,,2,2,4,2,1,0,1,2,0,-6,9.8,1,2015-16
22015,202340,Avery Bradley,1610612738,BOS,Boston Celtics,0021500296,2015-12-05,BOS @ SAS,L,37,7,14,0.5,4,6,0.667,0,0,,1,1,2,1,2,0,2,1,18,4,25.9,1,2015-16
22015,202738,Isaiah Thomas,1610612738,BOS,Boston Celtics,0021500296,2015-12-05,BOS @ SAS,L,36,7,17,0.412,1,6,0.167,8,9,0.889,0,4,4,8,2,0,2,1,23,9,43.8,1,2015-16
22015,203482,Kelly Olynyk,1610612738,BOS,Boston Celtics,0021500296,2015-12-05,BOS @ SAS,L,12,3,6,0.5,0,1,0.0,0,2,0.0,0,2,2,1,0,1,1,5,6,-12,11.9,1,2015-16
22015,2210,Richard Jefferson,1610612739,CLE,Cleveland Cavaliers,0021500291,2015-12-05,CLE @ MIA,L,38,6,18,0.333,0,7,0.0,4,9,0.444,0,3,3,2,1,0,1,2,16,-10,24.6,1,2015-16
22015,201567,Kevin Love,1610612739,CLE,Cleveland Cavaliers,0021500291,2015-12-05,CLE @ MIA,L,22,2,11,0.182,0,4,0.0,1,1,1.0,3,5,8,2,0,0,3,2,5,-10,14.6,1,2015-16
22015,203099,Jared Cunningham,1610612739,CLE,Cleveland Cavaliers,0021500291,2015-12-05,CLE @ MIA,L,32,3,8,0.375,1,3,0.333,4,4,1.0,0,0,0,1,2,0,2,3,11,1,16.5,1,2015-16
22015,202703,Nikola Mirotic,1610612741,CHI,Chicago Bulls,0021500292,2015-12-05,CHI vs. CHA,L,27,3,11,0.273,1,6,0.167,0,2,0.0,1,6,7,2,1,0,1,2,7,-8,20.4,1,2015-16
22015,202734,E'Twaun Moore,1610612741,CHI,Chicago Bulls,0021500292,2015-12-05,CHI vs. CHA,L,13,2,4,0.5,1,1,1.0,0,0,,1,0,1,3,0,0,0,0,5,-2,10.7,1,2015-16
22015,2749,Jameer Nelson,1610612743,DEN,Denver Nuggets,0021500289,2015-12-05,DEN @ PHI,W,26,4,9,0.444,2,4,0.5,0,0,,0,2,2,3,0,0,1,1,10,2,15.9,1,2015-16
22015,200751,Randy Foye,1610612743,DEN,Denver Nuggets,0021500289,2015-12-05,DEN @ PHI,W,36,4,10,0.4,0,4,0.0,3,3,1.0,1,4,5,1,1,0,1,4,11,4,20.5,1,2015-16
22015,201581,JJ Hickson,1610612743,DEN,Denver Nuggets,0021500289,2015-12-05,DEN @ PHI,W,7,2,4,0.5,0,0,,3,9,0.333,1,3,4,2,1,0,0,1,7,3,17.8,1,2015-16
22015,202702,Kenneth Faried,1610612743,DEN,Denver Nuggets,0021500289,2015-12-05,DEN @ PHI,W,22,4,8,0.5,0,0,,4,9,0.444,5,4,9,2,0,2,3,1,12,7,28.8,1,2015-16
22015,2733,Shaun Livingston,1610612744,GSW,Golden State Warriors,0021500290,2015-12-05,GSW @ TOR,W,26,2,4,0.5,0,0,,0,0,,2,0,2,1,0,1,1,2,4,-11,9.9,1,2015-16
22015,2037,Jamal Crawford,1610612746,LAC,LA Clippers,0021500298,2015-12-05,LAC vs. ORL,W,31,10,19,0.526,6,9,0.667,6,7,0.857,0,1,1,5,0,0,1,3,32,7,39.7,1,2015-16
22015,2746,Josh Smith,1610612746,LAC,LA Clippers,0021500298,2015-12-05,LAC vs. ORL,W,11,1,4,0.25,0,2,0.0,0,0,,0,1,1,2,0,0,1,2,2,-5,5.2,1,2015-16
22015,201601,Luc Mbah a Moute,1610612746,LAC,LA Clippers,0021500298,2015-12-05,LAC vs. ORL,W,11,0,2,0.0,0,2,0.0,0,0,,0,0,0,0,0,0,1,1,0,-8,-1.0,1,2015-16
22015,2548,Dwyane Wade,1610612748,MIA,Miami Heat,0021500291,2015-12-05,MIA vs. CLE,W,29,8,14,0.571,0,0,,3,5,0.6,1,4,5,4,1,0,1,2,19,6,33.0,1,2015-16
22015,101123,Gerald Green,1610612748,MIA,Miami Heat,0021500291,2015-12-05,MIA vs. CLE,W,26,5,12,0.417,1,4,0.25,1,2,0.5,0,3,3,1,1,1,1,6,12,20,22.1,1,2015-16
22015,1626159,Justise Winslow,1610612748,MIA,Miami Heat,0021500291,2015-12-05,MIA vs. CLE,W,18,1,4,0.25,0,1,0.0,1,2,0.5,0,1,1,0,0,0,1,5,3,-3,3.2,1,2015-16
22015,203507,Giannis Antetokounmpo,1610612749,MIL,Milwaukee Bucks,0021500295,2015-12-05,MIL vs. NYK,W,35,6,15,0.4,0,1,0.0,5,6,0.833,1,5,6,6,1,2,2,3,17,18,40.2,1,2015-16
22015,1626173,Rashad Vaughn,1610612749,MIL,Milwaukee Bucks,0021500295,2015-12-05,MIL vs. NYK,W,4,0,1,0.0,0,1,0.0,0,0,,0,0,0,0,0,0,0,1,0,-4,0.0,1,2015-16
22015,202357,Nemanja Bjelica,1610612750,MIN,Minnesota Timberwolves,0021500294,2015-12-05,MIN vs. POR,L,13,1,1,1.0,0,0,,0,1,0.0,1,4,5,0,0,0,1,0,2,1,7.0,1,2015-16
22015,101181,Jose Calderon,1610612752,NYK,New York Knicks,0021500295,2015-12-05,NYK @ MIL,L,26,2,4,0.5,0,2,0.0,0,0,,0,6,6,5,0,0,0,0,4,-21,18.7,1,2015-16
22015,202338,Kevin Seraphin,1610612752,NYK,New York Knicks,0021500295,2015-12-05,NYK @ MIL,L,24,0,4,0.0,0,0,,4,6,0.667,2,2,4,5,0,2,2,3,4,7,20.3,1,2015-16
22015,204038,Langston Galloway,1610612752,NYK,New York Knicks,0021500295,2015-12-05,NYK @ MIL,L,27,1,5,0.2,0,2,0.0,2,2,1.0,0,6,6,4,3,0,0,3,4,8,26.2,1,2015-16
22015,202699,Tobias Harris,1610612753,ORL,Orlando Magic,0021500298,2015-12-05,ORL @ LAC,L,27,3,13,0.231,0,3,0.0,4,4,1.0,2,8,10,0,1,0,1,2,10,-9,24.0,1,2015-16
22015,101133,Ian Mahinmi,1610612754,IND,Indiana Pacers,0021500297,2015-12-05,IND @ UTA,L,23,3,3,1.0,0,0,,0,2,0.0,1,4,5,1,2,0,3,6,6,-12,16.5,1,2015-16
22015,1626158,Richaun Holmes,1610612755,PHI,Philadelphia 76ers,0021500289,2015-12-05,PHI vs. DEN,L,14,4,4,1.0,1,1,1.0,1,1,1.0,2,2,4,0,0,1,0,3,10,-2,17.8,1,2015-16
22015,201945,Gerald Henderson,1610612757,POR,Portland Trail Blazers,0021500294,2015-12-05,POR @ MIN,W,17,1,2,0.5,1,1,1.0,5,6,0.833,1,2,3,2,0,0,2,1,8,1,12.6,1,2015-16
22015,203486,Mason Plumlee,1610612757,POR,Portland Trail Blazers,0021500294,2015-12-05,POR @ MIN,W,24,2,6,0.333,0,0,,2,2,1.0,4,5,9,2,0,0,2,2,6,1,17.8,1,2015-16
22015,203943,Noah Vonleh,1610612757,POR,Portland Trail Blazers,0021500294,2015-12-05,POR @ MIN,W,15,2,4,0.5,0,0,,0,0,,0,3,3,1,1,0,2,0,4,9,10.1,1,2015-16
22015,203112,Quincy Acy,1610612758,SAC,Sacramento Kings,0021500293,2015-12-05,SAC @ HOU,L,4,1,2,0.5,0,0,,0,0,,1,0,1,0,0,0,0,2,2,-6,3.2,1,2015-16
22015,2564,Boris Diaw,1610612759,SAS,San Antonio Spurs,0021500296,2015-12-05,SAS vs. BOS,W,25,6,11,0.545,1,2,0.5,3,5,0.6,2,1,3,4,0,0,2,0,16,12,23.6,1,2015-16
22015,202324,Derrick Favors,1610612762,UTA,Utah Jazz,0021500297,2015-12-05,UTA vs. IND,W,44,14,24,0.583,0,0,,7,9,0.778,7,6,13,1,1,1,2,3,35,3,56.1,1,2015-16
22015,203187,Chris Johnson,1610612762,UTA,Utah Jazz,0021500297,2015-12-05,UTA vs. IND,W,6,0,0,,0,0,,0,0,,0,0,0,1,0,0,0,1,0,-8,1.5,1,2015-16
22015,202323,Evan Turner,1610612738,BOS,Boston Celtics,0021500296,2015-12-05,BOS @ SAS,L,30,7,17,0.412,1,2,0.5,1,2,0.5,1,3,4,1,2,0,1,2,16,-9,27.3,1,2015-16
22015,203109,Jae Crowder,1610612738,BOS,Boston Celtics,0021500296,2015-12-05,BOS @ SAS,L,35,5,5,1.0,3,3,1.0,2,2,1.0,0,3,3,3,1,0,3,4,15,-1,23.1,1,2015-16
22015,2760,Anderson Varejao,1610612739,CLE,Cleveland Cavaliers,0021500291,2015-12-05,CLE @ MIA,L,14,0,1,0.0,0,0,,0,0,,0,6,6,0,1,0,0,1,0,16,10.2,1,2015-16
22015,201959,Taj Gibson,1610612741,CHI,Chicago Bulls,0021500292,2015-12-05,CHI vs. CHA,L,21,3,7,0.429,0,0,,2,2,1.0,2,2,4,3,1,0,2,3,8,2,18.3,1,2015-16
22015,203110,Draymond Green,1610612744,GSW,Golden State Warriors,0021500290,2015-12-05,GSW @ TOR,W,39,5,12,0.417,0,2,0.0,6,9,0.667,0,9,9,6,0,1,1,4,16,11,37.8,1,2015-16
22015,203546,Ian Clark,1610612744,GSW,Golden State Warriors,0021500290,2015-12-05,GSW @ TOR,W,5,1,1,1.0,0,0,,0,0,,0,0,0,0,0,0,0,0,2,-1,2.0,1,2015-16
22015,203949,James Michael McAdoo,1610612744,GSW,Golden State Warriors,0021500290,2015-12-05,GSW @ TOR,W,3,0,1,0.0,0,0,,0,0,,0,2,2,0,0,0,0,1,0,-5,2.4,1,2015-16
22015,201935,James Harden,1610612745,HOU,Houston Rockets,0021500293,2015-12-05,HOU vs. SAC,W,36,6,14,0.429,5,6,0.833,14,16,0.875,0,2,2,9,0,1,5,4,31,1,44.9,1,2015-16
22015,203991,Clint Capela,1610612745,HOU,Houston Rockets,0021500293,2015-12-05,HOU vs. SAC,W,21,4,6,0.667,0,0,,0,0,,0,3,3,2,2,0,0,2,8,-9,20.6,1,2015-16
22015,202325,Wesley Johnson,1610612746,LAC,LA Clippers,0021500298,2015-12-05,LAC vs. ORL,W,36,6,12,0.5,6,12,0.5,3,5,0.6,1,6,7,2,2,1,1,2,21,12,40.4,1,2015-16
22015,203143,Pablo Prigioni,1610612746,LAC,LA Clippers,0021500298,2015-12-05,LAC vs. ORL,W,19,0,1,0.0,0,1,0.0,0,0,,1,1,2,4,0,0,0,1,0,8,8.4,1,2015-16
22015,2547,Chris Bosh,1610612748,MIA,Miami Heat,0021500291,2015-12-05,MIA vs. CLE,W,36,5,6,0.833,1,1,1.0,3,5,0.6,0,6,6,3,0,2,3,1,14,13,28.7,1,2015-16
22015,2757,Beno Udrih,1610612748,MIA,Miami Heat,0021500291,2015-12-05,MIA vs. CLE,W,4,1,1,1.0,0,0,,0,0,,0,0,0,0,0,0,0,0,2,-2,2.0,1,2015-16
22015,1626196,Josh Richardson,1610612748,MIA,Miami Heat,0021500291,2015-12-05,MIA vs. CLE,W,8,0,0,,0,0,,0,0,,0,1,1,0,0,0,1,2,0,-11,0.2,1,2015-16
22015,203487,Michael Carter-Williams,1610612749,MIL,Milwaukee Bucks,0021500295,2015-12-05,MIL vs. NYK,W,28,9,16,0.563,0,0,,2,3,0.667,1,2,3,5,0,1,2,2,20,4,32.1,1,2015-16
22015,203948,Johnny O'Bryant III,1610612749,MIL,Milwaukee Bucks,0021500295,2015-12-05,MIL vs. NYK,W,22,2,3,0.667,0,0,,2,2,1.0,1,4,5,2,0,0,3,2,6,-3,12.0,1,2015-16
22015,203953,Jabari Parker,1610612749,MIL,Milwaukee Bucks,0021500295,2015-12-05,MIL vs. NYK,W,36,8,13,0.615,0,0,,1,2,0.5,2,5,7,2,2,1,2,2,17,10,35.4,1,2015-16
22015,201937,Ricky Rubio,1610612750,MIN,Minnesota Timberwolves,0021500294,2015-12-05,MIN vs. POR,L,34,1,5,0.2,1,2,0.5,6,6,1.0,3,3,6,15,0,0,3,3,9,-8,35.7,1,2015-16
22015,1626157,Karl-Anthony Towns,1610612750,MIN,Minnesota Timberwolves,0021500294,2015-12-05,MIN vs. POR,L,32,13,21,0.619,1,2,0.5,0,0,,5,7,12,2,0,2,3,4,27,-6,47.4,1,2015-16
22015,2546,Carmelo Anthony,1610612752,NYK,New York Knicks,0021500295,2015-12-05,NYK @ MIL,L,32,6,17,0.353,2,7,0.286,4,4,1.0,0,5,5,3,1,1,2,5,18,-23,32.5,1,2015-16
22015,202498,Lance Thomas,1610612752,NYK,New York Knicks,0021500295,2015-12-05,NYK @ MIL,L,25,6,11,0.545,2,4,0.5,3,4,0.75,0,0,0,1,0,0,1,1,17,3,17.5,1,2015-16
22015,204001,Kristaps Porziņģis,1610612752,NYK,New York Knicks,0021500295,2015-12-05,NYK @ MIL,L,22,4,8,0.5,0,1,0.0,4,4,1.0,3,4,7,1,0,0,5,5,12,-15,16.9,1,2015-16
22015,203095,Evan Fournier,1610612753,ORL,Orlando Magic,0021500298,2015-12-05,ORL @ LAC,L,17,2,5,0.4,1,3,0.333,2,2,1.0,0,0,0,0,1,1,2,4,7,-18,11.0,1,2015-16
22015,203506,Victor Oladipo,1610612753,ORL,Orlando Magic,0021500298,2015-12-05,ORL @ LAC,L,34,10,20,0.5,1,3,0.333,3,4,0.75,1,6,7,5,0,3,4,3,24,6,44.9,1,2015-16
22015,203894,Shabazz Napier,1610612753,ORL,Orlando Magic,0021500298,2015-12-05,ORL @ LAC,L,11,0,2,0.0,0,1,0.0,2,2,1.0,0,0,0,2,0,0,0,1,2,-3,5.0,1,2015-16
22015,201588,George Hill,1610612754,IND,Indiana Pacers,0021500297,2015-12-05,IND @ UTA,L,42,4,10,0.4,2,5,0.4,0,0,,0,2,2,5,4,1,1,0,10,-3,33.9,1,2015-16
22015,201941,Jordan Hill,1610612754,IND,Indiana Pacers,0021500297,2015-12-05,IND @ UTA,L,23,4,9,0.444,0,1,0.0,2,2,1.0,6,2,8,0,0,0,2,5,10,1,17.6,1,2015-16
22015,202730,Lavoy Allen,1610612754,IND,Indiana Pacers,0021500297,2015-12-05,IND @ UTA,L,23,1,4,0.25,0,0,,0,0,,2,6,8,1,0,0,1,6,2,0,12.1,1,2015-16
22015,203100,Tony Wroten,1610612755,PHI,Philadelphia 76ers,0021500289,2015-12-05,PHI vs. DEN,L,13,2,7,0.286,0,0,,0,0,,0,0,0,3,0,0,5,2,4,6,3.5,1,2015-16
22015,203138,Hollis Thompson,1610612755,PHI,Philadelphia 76ers,0021500289,2015-12-05,PHI vs. DEN,L,23,1,4,0.25,0,2,0.0,0,0,,0,2,2,6,0,1,1,5,2,-4,15.4,1,2015-16
22015,203917,Nik Stauskas,1610612755,PHI,Philadelphia 76ers,0021500289,2015-12-05,PHI vs. DEN,L,28,3,6,0.5,2,4,0.5,1,2,0.5,0,3,3,1,1,1,1,2,9,2,19.1,1,2015-16
22015,203960,JaKarr Sampson,1610612755,PHI,Philadelphia 76ers,0021500289,2015-12-05,PHI vs. DEN,L,17,3,5,0.6,1,1,1.0,6,8,0.75,3,3,6,1,0,0,0,3,13,3,21.7,1,2015-16
22015,203459,Allen Crabbe,1610612757,POR,Portland Trail Blazers,0021500294,2015-12-05,POR @ MIN,W,23,5,9,0.556,1,2,0.5,0,0,,0,3,3,1,0,0,0,4,11,1,16.1,1,2015-16
22015,203468,CJ McCollum,1610612757,POR,Portland Trail Blazers,0021500294,2015-12-05,POR @ MIN,W,35,7,17,0.412,3,5,0.6,0,0,,0,5,5,6,2,1,1,2,17,14,40.0,1,2015-16
22015,204025,Tim Frazier,1610612757,POR,Portland Trail Blazers,0021500294,2015-12-05,POR @ MIN,W,0,0,0,,0,0,,0,0,,0,0,0,0,0,0,0,0,0,-2,0.0,1,2015-16
22015,1938,Manu Ginobili,1610612759,SAS,San Antonio Spurs,0021500296,2015-12-05,SAS vs. BOS,W,26,6,11,0.545,1,5,0.2,2,4,0.5,1,6,7,4,0,0,1,1,15,12,28.4,1,2015-16
22015,2449,Luis Scola,1610612761,TOR,Toronto Raptors,0021500290,2015-12-05,TOR vs. GSW,L,20,2,9,0.222,0,0,,6,6,1.0,2,2,4,2,0,0,0,5,10,8,17.8,1,2015-16
22015,203526,Raul Neto,1610612762,UTA,Utah Jazz,0021500297,2015-12-05,UTA vs. IND,W,18,5,8,0.625,2,3,0.667,1,1,1.0,0,2,2,1,1,0,2,2,13,-1,17.9,1,2015-16
22015,101107,Marvin Williams,1610612766,CHA,Charlotte Hornets,0021500292,2015-12-05,CHA @ CHI,W,31,3,12,0.25,1,6,0.167,0,0,,2,7,9,3,2,0,0,2,7,5,28.3,1,2015-16
22015,203469,Cody Zeller,1610612766,CHA,Charlotte Hornets,0021500292,2015-12-05,CHA @ CHI,W,32,6,10,0.6,0,1,0.0,5,7,0.714,2,6,8,2,1,1,0,4,17,9,35.6,1,2015-16
22015,1626163,Frank Kaminsky,1610612766,CHA,Charlotte Hornets,0021500292,2015-12-05,CHA @ CHI,W,11,1,6,0.167,0,3,0.0,0,0,,0,3,3,0,0,0,0,1,2,-8,5.6,1,2015-16
22015,201619,Sasha Kaun,1610612739,CLE,Cleveland Cavaliers,0021500291,2015-12-05,CLE @ MIA,L,8,1,2,0.5,0,0,,2,2,1.0,2,1,3,0,0,0,1,1,4,10,6.6,1,2015-16
22015,202684,Tristan Thompson,1610612739,CLE,Cleveland Cavaliers,0021500291,2015-12-05,CLE @ MIA,L,22,3,4,0.75,0,0,,0,2,0.0,2,4,6,0,1,0,0,4,6,-16,16.2,1,2015-16
22015,202710,Jimmy Butler III,1610612741,CHI,Chicago Bulls,0021500292,2015-12-05,CHI vs. CHA,L,38,8,18,0.444,1,5,0.2,8,10,0.8,4,4,8,2,2,0,3,4,25,-6,40.6,1,2015-16
22015,203115,Will Barton,1610612743,DEN,Denver Nuggets,0021500289,2015-12-05,DEN @ PHI,W,33,5,11,0.455,1,5,0.2,5,6,0.833,0,9,9,1,1,0,2,0,16,2,29.3,1,2015-16
22015,2571,Leandro Barbosa,1610612744,GSW,Golden State Warriors,0021500290,2015-12-05,GSW @ TOR,W,11,2,3,0.667,0,0,,0,0,,0,1,1,0,0,0,1,2,4,-11,4.2,1,2015-16
22015,202691,Klay Thompson,1610612744,GSW,Golden State Warriors,0021500290,2015-12-05,GSW @ TOR,W,35,7,15,0.467,6,9,0.667,6,6,1.0,0,4,4,1,0,0,2,4,26,12,30.3,1,2015-16
22015,2772,Trevor Ariza,1610612745,HOU,Houston Rockets,0021500293,2015-12-05,HOU vs. SAC,W,37,4,14,0.286,3,9,0.333,1,2,0.5,2,4,6,3,3,0,0,1,12,1,32.7,1,2015-16
22015,201977,Marcus Thornton,1610612745,HOU,Houston Rockets,0021500293,2015-12-05,HOU vs. SAC,W,5,1,5,0.2,1,2,0.5,0,0,,0,2,2,2,0,0,0,0,3,-1,8.4,1,2015-16
22015,1718,Paul Pierce,1610612746,LAC,LA Clippers,0021500298,2015-12-05,LAC vs. ORL,W,9,0,3,0.0,0,2,0.0,0,0,,0,1,1,0,1,0,2,2,0,0,2.2,1,2015-16
22015,201599,DeAndre Jordan,1610612746,LAC,LA Clippers,0021500298,2015-12-05,LAC vs. ORL,W,37,7,10,0.7,0,0,,1,3,0.333,5,9,14,0,0,1,0,0,15,7,34.8,1,2015-16
22015,201933,Blake Griffin,1610612746,LAC,LA Clippers,0021500298,2015-12-05,LAC vs. ORL,W,39,11,22,0.5,0,0,,6,8,0.75,2,11,13,7,0,0,4,0,28,2,50.1,1,2015-16
22015,201177,Josh McRoberts,1610612748,MIA,Miami Heat,0021500291,2015-12-05,MIA vs. CLE,W,19,2,3,0.667,0,0,,2,2,1.0,0,4,4,2,1,0,1,1,6,8,15.8,1,2015-16
22015,202328,Greg Monroe,1610612749,MIL,Milwaukee Bucks,0021500295,2015-12-05,MIL vs. NYK,W,33,8,13,0.615,0,0,,2,2,1.0,3,11,14,0,1,1,2,3,18,20,38.8,1,2015-16
22015,708,Kevin Garnett,1610612750,MIN,Minnesota Timberwolves,0021500294,2015-12-05,MIN vs. POR,L,16,2,4,0.5,0,0,,1,2,0.5,0,2,2,2,0,1,1,1,5,-4,12.4,1,2015-16
22015,203897,Zach LaVine,1610612750,MIN,Minnesota Timberwolves,0021500294,2015-12-05,MIN vs. POR,L,23,4,14,0.286,2,5,0.4,2,2,1.0,1,0,1,2,1,0,1,4,12,0,18.2,1,2015-16
22015,203940,Adreian Payne,1610612750,MIN,Minnesota Timberwolves,0021500294,2015-12-05,MIN vs. POR,L,11,1,2,0.5,0,1,0.0,0,0,,0,5,5,0,0,0,0,2,2,-1,8.0,1,2015-16
22015,101112,Channing Frye,1610612753,ORL,Orlando Magic,0021500298,2015-12-05,ORL @ LAC,L,17,1,3,0.333,1,3,0.333,0,0,,1,0,1,0,0,0,1,1,3,6,3.2,1,2015-16
22015,201155,Rodney Stuckey,1610612754,IND,Indiana Pacers,0021500297,2015-12-05,IND @ UTA,L,32,8,14,0.571,1,3,0.333,6,7,0.857,2,1,3,3,0,0,2,3,23,2,29.1,1,2015-16
22015,201978,Chase Budinger,1610612754,IND,Indiana Pacers,0021500297,2015-12-05,IND @ UTA,L,15,1,5,0.2,0,1,0.0,0,0,,0,6,6,0,0,0,1,3,2,20,8.2,1,2015-16
22015,203086,Meyers Leonard,1610612757,POR,Portland Trail Blazers,0021500294,2015-12-05,POR @ MIN,W,24,6,10,0.6,2,6,0.333,0,0,,0,0,0,2,0,0,2,5,14,1,15.0,1,2015-16
22015,200752,Rudy Gay,1610612758,SAC,Sacramento Kings,0021500293,2015-12-05,SAC @ HOU,L,31,6,12,0.5,1,3,0.333,2,2,1.0,3,3,6,2,2,0,1,5,15,-3,30.2,1,2015-16
22015,201158,Marco Belinelli,1610612758,SAC,Sacramento Kings,0021500293,2015-12-05,SAC @ HOU,L,16,3,6,0.5,0,1,0.0,0,0,,0,3,3,0,0,0,1,2,6,-15,8.6,1,2015-16
22015,201585,Kosta Koufos,1610612758,SAC,Sacramento Kings,0021500293,2015-12-05,SAC @ HOU,L,31,5,9,0.556,0,0,,1,2,0.5,4,8,12,1,2,2,0,3,11,3,38.9,1,2015-16
22015,202326,DeMarcus Cousins,1610612758,SAC,Sacramento Kings,0021500293,2015-12-05,SAC @ HOU,L,27,4,16,0.25,0,3,0.0,6,7,0.857,1,8,9,3,0,2,3,6,14,-12,32.3,1,2015-16
22015,200746,LaMarcus Aldridge,1610612759,SAS,San Antonio Spurs,0021500296,2015-12-05,SAS vs. BOS,W,27,8,15,0.533,0,0,,1,2,0.5,3,5,8,1,0,1,1,4,17,-7,30.1,1,2015-16
22015,203937,Kyle Anderson,1610612759,SAS,San Antonio Spurs,0021500296,2015-12-05,SAS vs. BOS,W,8,2,2,1.0,0,0,,0,0,,0,2,2,0,1,0,0,1,4,5,9.4,1,2015-16
22015,200768,Kyle Lowry,1610612761,TOR,Toronto Raptors,0021500290,2015-12-05,TOR vs. GSW,L,38,14,26,0.538,6,10,0.6,7,8,0.875,1,2,3,7,4,1,1,2,41,8,69.1,1,2015-16
22015,201949,James Johnson,1610612761,TOR,Toronto Raptors,0021500290,2015-12-05,TOR vs. GSW,L,5,0,0,,0,0,,1,2,0.5,0,0,0,1,0,0,0,1,1,-1,2.5,1,2015-16
22015,203512,Lucas Nogueira,1610612761,TOR,Toronto Raptors,0021500290,2015-12-05,TOR vs. GSW,L,25,7,9,0.778,0,0,,0,0,,2,2,4,3,1,0,1,2,14,1,25.3,1,2015-16
22015,202330,Gordon Hayward,1610612762,UTA,Utah Jazz,0021500297,2015-12-05,UTA vs. IND,W,43,5,14,0.357,3,8,0.375,9,10,0.9,3,2,5,5,2,0,4,3,22,-4,37.5,1,2015-16
22015,203504,Trey Burke,1610612762,UTA,Utah Jazz,0021500297,2015-12-05,UTA vs. IND,W,34,8,17,0.471,2,8,0.25,1,1,1.0,0,3,3,7,0,0,0,1,19,6,33.1,1,2015-16
22015,202689,Kemba Walker,1610612766,CHA,Charlotte Hornets,0021500292,2015-12-05,CHA @ CHI,W,38,7,16,0.438,2,6,0.333,1,2,0.5,2,4,6,5,3,1,3,4,17,2,40.7,1,2015-16
22015,203092,Tyler Zeller,1610612738,BOS,Boston Celtics,0021500296,2015-12-05,BOS @ SAS,L,6,2,3,0.667,0,0,,0,1,0.0,1,0,1,0,0,0,1,1,4,-10,4.2,1,2015-16
22015,2747,JR Smith,1610612739,CLE,Cleveland Cavaliers,0021500291,2015-12-05,CLE @ MIA,L,27,4,12,0.333,1,5,0.2,3,4,0.75,2,0,2,2,0,0,2,4,12,-19,15.4,1,2015-16
22015,2550,Kirk Hinrich,1610612741,CHI,Chicago Bulls,0021500292,2015-12-05,CHI vs. CHA,L,14,2,6,0.333,0,2,0.0,0,0,,0,3,3,2,1,0,1,2,4,5,12.6,1,2015-16
22015,201149,Joakim Noah,1610612741,CHI,Chicago Bulls,0021500292,2015-12-05,CHI vs. CHA,L,22,0,3,0.0,0,0,,2,2,1.0,2,8,10,6,0,1,2,1,2,0,24.0,1,2015-16
22015,203503,Tony Snell,1610612741,CHI,Chicago Bulls,0021500292,2015-12-05,CHI vs. CHA,L,12,0,0,,0,0,,0,0,,0,0,0,1,0,0,0,0,0,-3,1.5,1,2015-16
22015,201568,Danilo Gallinari,1610612743,DEN,Denver Nuggets,0021500289,2015-12-05,DEN @ PHI,W,39,7,14,0.5,3,9,0.333,7,9,0.778,2,5,7,1,1,1,0,4,24,2,39.9,1,2015-16
22015,201575,Brandon Rush,1610612744,GSW,Golden State Warriors,0021500290,2015-12-05,GSW @ TOR,W,14,1,2,0.5,1,2,0.5,0,0,,0,5,5,3,0,0,0,0,3,8,13.5,1,2015-16
22015,1891,Jason Terry,1610612745,HOU,Houston Rockets,0021500293,2015-12-05,HOU vs. SAC,W,18,2,4,0.5,2,4,0.5,0,0,,0,0,0,0,1,1,2,0,6,5,10.0,1,2015-16
22015,202700,Donatas Motiejunas,1610612745,HOU,Houston Rockets,0021500293,2015-12-05,HOU vs. SAC,W,6,0,4,0.0,0,1,0.0,0,0,,1,0,1,0,0,0,2,1,0,3,-0.8,1,2015-16
22015,203093,Terrence Jones,1610612745,HOU,Houston Rockets,0021500293,2015-12-05,HOU vs. SAC,W,26,6,9,0.667,1,3,0.333,3,3,1.0,3,2,5,1,0,1,2,2,16,10,24.5,1,2015-16
22015,202362,Lance Stephenson,1610612746,LAC,LA Clippers,0021500298,2015-12-05,LAC vs. ORL,W,18,0,2,0.0,0,1,0.0,0,0,,0,2,2,1,2,0,0,2,0,-7,9.9,1,2015-16
22015,202355,Hassan Whiteside,1610612748,MIA,Miami Heat,0021500291,2015-12-05,MIA vs. CLE,W,21,2,3,0.667,0,0,,3,7,0.429,2,7,9,0,1,5,0,2,7,12,35.8,1,2015-16
22015,203952,Andrew Wiggins,1610612750,MIN,Minnesota Timberwolves,0021500294,2015-12-05,MIN vs. POR,L,40,6,15,0.4,0,4,0.0,5,6,0.833,1,4,5,0,0,1,1,3,17,-3,25.0,1,2015-16
22015,201160,Jason Smith,1610612753,ORL,Orlando Magic,0021500298,2015-12-05,ORL @ LAC,L,23,4,6,0.667,0,0,,0,0,,2,3,5,2,1,2,0,3,8,3,26.0,1,2015-16
22015,203932,Aaron Gordon,1610612753,ORL,Orlando Magic,0021500298,2015-12-05,ORL @ LAC,L,21,5,8,0.625,0,1,0.0,0,0,,1,6,7,1,1,0,1,1,10,7,21.9,1,2015-16
22015,202331,Paul George,1610612754,IND,Indiana Pacers,0021500297,2015-12-05,IND @ UTA,L,42,15,27,0.556,8,11,0.727,10,13,0.769,0,8,8,3,3,0,2,4,48,-12,69.1,1,2015-16
22015,203477,Isaiah Canaan,1610612755,PHI,Philadelphia 76ers,0021500289,2015-12-05,PHI vs. DEN,L,24,5,9,0.556,5,8,0.625,0,0,,0,1,1,1,1,0,2,2,15,-7,18.7,1,2015-16
22015,203496,Robert Covington,1610612755,PHI,Philadelphia 76ers,0021500289,2015-12-05,PHI vs. DEN,L,30,6,13,0.462,5,12,0.417,1,2,0.5,1,9,10,2,2,1,3,5,18,-4,39.0,1,2015-16
22015,202329,Al-Farouq Aminu,1610612757,POR,Portland Trail Blazers,0021500294,2015-12-05,POR @ MIN,W,27,5,7,0.714,2,2,1.0,4,5,0.8,0,3,3,1,3,0,3,2,16,8,27.1,1,2015-16
22015,200765,Rajon Rondo,1610612758,SAC,Sacramento Kings,0021500293,2015-12-05,SAC @ HOU,L,36,6,12,0.5,1,2,0.5,0,0,,2,1,3,19,4,0,4,0,13,-11,53.1,1,2015-16
22015,201956,Omri Casspi,1610612758,SAC,Sacramento Kings,0021500293,2015-12-05,SAC @ HOU,L,33,6,14,0.429,1,6,0.167,2,2,1.0,0,3,3,2,0,2,3,4,15,3,24.6,1,2015-16
22015,2561,David West,1610612759,SAS,San Antonio Spurs,0021500296,2015-12-05,SAS vs. BOS,W,14,4,4,1.0,0,0,,2,3,0.667,2,4,6,1,0,1,1,2,10,6,20.7,1,2015-16
22015,201980,Danny Green,1610612759,SAS,San Antonio Spurs,0021500296,2015-12-05,SAS vs. BOS,W,29,2,6,0.333,0,2,0.0,2,2,1.0,1,3,4,0,0,0,1,4,6,-10,9.8,1,2015-16
22015,202695,Kawhi Leonard,1610612759,SAS,San Antonio Spurs,0021500296,2015-12-05,SAS vs. BOS,W,34,4,13,0.308,2,4,0.5,5,6,0.833,0,7,7,4,2,0,3,4,15,-2,32.4,1,2015-16
22015,201942,DeMar DeRozan,1610612761,TOR,Toronto Raptors,0021500290,2015-12-05,TOR vs. GSW,L,37,5,19,0.263,0,1,0.0,6,8,0.75,1,2,3,5,0,0,2,2,16,-10,25.1,1,2015-16
22015,201960,DeMarre Carroll,1610612761,TOR,Toronto Raptors,0021500290,2015-12-05,TOR vs. GSW,L,26,4,10,0.4,1,3,0.333,0,0,,0,6,6,1,2,0,0,4,9,-14,23.7,1,2015-16
22015,202335,Patrick Patterson,1610612761,TOR,Toronto Raptors,0021500290,2015-12-05,TOR vs. GSW,L,31,2,5,0.4,0,2,0.0,0,0,,4,6,10,1,1,1,0,3,4,1,23.5,1,2015-16
22015,202687,Bismack Biyombo,1610612761,TOR,Toronto Raptors,0021500290,2015-12-05,TOR vs. GSW,L,14,0,0,,0,0,,0,0,,1,4,5,0,0,0,1,4,0,-14,5.0,1,2015-16
22015,202344,Trevor Booker,1610612762,UTA,Utah Jazz,0021500297,2015-12-05,UTA vs. IND,W,23,2,6,0.333,0,0,,6,8,0.75,6,8,14,0,1,1,3,4,10,6,29.8,1,2015-16
22015,202407,Elijah Millsap,1610612762,UTA,Utah Jazz,0021500297,2015-12-05,UTA vs. IND,W,11,1,1,1.0,0,0,,0,0,,0,1,1,1,2,0,1,4,2,-4,9.7,1,2015-16
22015,201150,Spencer Hawes,1610612766,CHA,Charlotte Hornets,0021500292,2015-12-05,CHA @ CHI,W,23,4,6,0.667,3,4,0.75,3,4,0.75,4,3,7,4,0,0,2,2,14,-1,26.4,1,2015-16
22015,203087,Jeremy Lamb,1610612766,CHA,Charlotte Hornets,0021500292,2015-12-05,CHA @ CHI,W,22,4,10,0.4,0,2,0.0,2,2,1.0,1,0,1,1,0,0,0,1,10,0,12.7,1,2015-16
22015,101161,Amir Johnson,1610612738,BOS,Boston Celtics,0021500296,2015-12-05,BOS @ SAS,L,32,5,11,0.455,1,4,0.25,0,2,0.0,4,7,11,1,1,1,2,4,11,18,29.7,1,2015-16
22015,203096,Jared Sullinger,1610612738,BOS,Boston Celtics,0021500296,2015-12-05,BOS @ SAS,L,27,1,6,0.167,0,2,0.0,2,2,1.0,2,6,8,4,0,1,1,2,4,-3,21.6,1,2015-16
22015,1626154,RJ Hunter,1610612738,BOS,Boston Celtics,0021500296,2015-12-05,BOS @ SAS,L,14,2,4,0.5,2,4,0.5,2,2,1.0,0,0,0,1,0,0,0,0,8,-5,9.5,1,2015-16
22015,2590,Mo Williams,1610612739,CLE,Cleveland Cavaliers,0021500291,2015-12-05,CLE @ MIA,L,12,2,7,0.286,1,2,0.5,0,0,,0,0,0,1,0,0,1,4,5,-10,5.5,1,2015-16
22015,202389,Timofey Mozgov,1610612739,CLE,Cleveland Cavaliers,0021500291,2015-12-05,CLE @ MIA,L,21,4,6,0.667,0,0,,0,0,,0,4,4,0,2,0,1,1,8,-28,17.8,1,2015-16
22015,203521,Matthew Dellavedova,1610612739,CLE,Cleveland Cavaliers,0021500291,2015-12-05,CLE @ MIA,L,28,4,11,0.364,1,3,0.333,2,2,1.0,0,2,2,5,0,1,3,2,11,-15,20.9,1,2015-16
22015,2200,Pau Gasol,1610612741,CHI,Chicago Bulls,0021500292,2015-12-05,CHI vs. CHA,L,26,6,14,0.429,0,0,,1,2,0.5,2,9,11,4,0,4,1,4,13,-6,43.2,1,2015-16
22015,201565,Derrick Rose,1610612741,CHI,Chicago Bulls,0021500292,2015-12-05,CHI vs. CHA,L,34,8,17,0.471,3,6,0.5,0,1,0.0,0,7,7,5,0,0,2,2,19,-11,32.9,1,2015-16
22015,203926,Doug McDermott,1610612741,CHI,Chicago Bulls,0021500292,2015-12-05,CHI vs. CHA,L,33,5,9,0.556,3,5,0.6,0,0,,0,1,1,1,0,0,2,1,13,-1,13.7,1,2015-16
22015,2034,Mike Miller,1610612743,DEN,Denver Nuggets,0021500289,2015-12-05,DEN @ PHI,W,16,3,3,1.0,2,2,1.0,0,0,,0,1,1,6,0,0,1,2,8,-1,17.2,1,2015-16
22015,201589,Darrell Arthur,1610612743,DEN,Denver Nuggets,0021500289,2015-12-05,DEN @ PHI,W,21,3,6,0.5,2,4,0.5,0,0,,1,2,3,2,2,1,1,6,8,-5,22.6,1,2015-16
22015,203530,Joffrey Lauvergne,1610612743,DEN,Denver Nuggets,0021500289,2015-12-05,DEN @ PHI,W,9,1,4,0.25,0,0,,0,0,,1,1,2,1,1,0,1,1,2,4,7.9,1,2015-16
22015,1626144,Emmanuel Mudiay,1610612743,DEN,Denver Nuggets,0021500289,2015-12-05,DEN @ PHI,W,31,4,12,0.333,1,3,0.333,1,2,0.5,2,3,5,6,1,0,7,1,10,-3,21.0,1,2015-16
22015,201578,Marreese Speights,1610612744,GSW,Golden State Warriors,0021500290,2015-12-05,GSW @ TOR,W,12,1,4,0.25,0,1,0.0,3,4,0.75,0,2,2,2,0,1,4,2,5,-12,9.4,1,2015-16
22015,201939,Stephen Curry,1610612744,GSW,Golden State Warriors,0021500290,2015-12-05,GSW @ TOR,W,38,14,24,0.583,9,15,0.6,7,9,0.778,1,1,2,7,0,0,3,4,44,15,53.9,1,2015-16
22015,2730,Dwight Howard,1610612745,HOU,Houston Rockets,0021500293,2015-12-05,HOU vs. SAC,W,36,7,9,0.778,0,0,,8,14,0.571,5,13,18,0,2,2,3,1,22,14,52.6,1,2015-16
22015,201951,Ty Lawson,1610612745,HOU,Houston Rockets,0021500293,2015-12-05,HOU vs. SAC,W,12,0,1,0.0,0,1,0.0,2,2,1.0,0,0,0,4,0,0,1,1,2,12,7.0,1,2015-16
22015,201976,Patrick Beverley,1610612745,HOU,Houston Rockets,0021500293,2015-12-05,HOU vs. SAC,W,30,4,6,0.667,3,4,0.75,3,4,0.75,1,2,3,2,1,0,0,3,14,-4,23.6,1,2015-16
22015,203085,Austin Rivers,1610612746,LAC,LA Clippers,0021500298,2015-12-05,LAC vs. ORL,W,29,2,7,0.286,0,2,0.0,1,2,0.5,1,3,4,4,0,0,4,2,5,-6,11.8,1,2015-16
22015,201609,Goran Dragic,1610612748,MIA,Miami Heat,0021500291,2015-12-05,MIA vs. CLE,W,31,7,11,0.636,3,5,0.6,0,0,,0,2,2,8,0,0,4,3,17,22,27.4,1,2015-16
22015,204020,Tyler Johnson,1610612748,MIA,Miami Heat,0021500291,2015-12-05,MIA vs. CLE,W,30,6,10,0.6,2,5,0.4,5,6,0.833,0,5,5,2,1,1,2,2,19,13,32.0,1,2015-16
22015,203089,John Henson,1610612749,MIL,Milwaukee Bucks,0021500295,2015-12-05,MIL vs. NYK,W,15,1,6,0.167,0,0,,2,6,0.333,4,3,7,2,0,1,1,4,4,-5,17.4,1,2015-16
22015,203114,Khris Middleton,1610612749,MIL,Milwaukee Bucks,0021500295,2015-12-05,MIL vs. NYK,W,32,2,10,0.2,1,1,1.0,2,3,0.667,1,3,4,3,0,0,0,1,7,18,16.3,1,2015-16
22015,2419,Tayshaun Prince,1610612750,MIN,Minnesota Timberwolves,0021500294,2015-12-05,MIN vs. POR,L,12,0,2,0.0,0,0,,0,0,,0,2,2,0,0,0,0,1,0,-10,2.4,1,2015-16
22015,2755,Kevin Martin,1610612750,MIN,Minnesota Timberwolves,0021500294,2015-12-05,MIN vs. POR,L,24,3,6,0.5,1,1,1.0,4,4,1.0,0,1,1,2,0,0,0,1,11,2,15.2,1,2015-16
22015,203476,Gorgui Dieng,1610612750,MIN,Minnesota Timberwolves,0021500294,2015-12-05,MIN vs. POR,L,24,6,8,0.75,0,0,,3,3,1.0,2,3,5,1,1,0,4,4,15,0,21.5,1,2015-16
22015,203498,Shabazz Muhammad,1610612750,MIN,Minnesota Timberwolves,0021500294,2015-12-05,MIN vs. POR,L,11,1,5,0.2,0,0,,1,2,0.5,0,1,1,0,1,0,0,1,3,-1,7.2,1,2015-16
22015,201167,Arron Afflalo,1610612752,NYK,New York Knicks,0021500295,2015-12-05,NYK @ MIL,L,32,6,12,0.5,0,4,0.0,1,2,0.5,0,2,2,0,0,0,1,3,13,-25,14.4,1,2015-16
22015,202682,Derrick Williams,1610612752,NYK,New York Knicks,0021500295,2015-12-05,NYK @ MIL,L,13,3,6,0.5,1,2,0.5,0,0,,1,2,3,0,0,0,0,1,7,11,10.6,1,2015-16
22015,1626170,Jerian Grant,1610612752,NYK,New York Knicks,0021500295,2015-12-05,NYK @ MIL,L,20,2,6,0.333,1,3,0.333,2,4,0.5,0,3,3,2,0,0,1,2,7,5,12.6,1,2015-16
22015,202696,Nikola Vučević,1610612753,ORL,Orlando Magic,0021500298,2015-12-05,ORL @ LAC,L,30,4,10,0.4,0,0,,2,2,1.0,6,4,10,3,0,0,2,2,10,-13,24.5,1,2015-16
22015,203094,Andrew Nicholson,1610612753,ORL,Orlando Magic,0021500298,2015-12-05,ORL @ LAC,L,23,2,5,0.4,2,3,0.667,0,0,,0,7,7,1,0,0,1,0,6,10,14.9,1,2015-16
22015,203901,Elfrid Payton,1610612753,ORL,Orlando Magic,0021500298,2015-12-05,ORL @ LAC,L,37,9,18,0.5,1,3,0.333,2,4,0.5,2,2,4,8,4,0,1,4,21,1,48.8,1,2015-16
22015,101139,CJ Miles,1610612754,IND,Indiana Pacers,0021500297,2015-12-05,IND @ UTA,L,35,2,10,0.2,1,6,0.167,7,8,0.875,1,2,3,0,0,0,0,3,12,-2,15.6,1,2015-16
22015,101145,Monta Ellis,1610612754,IND,Indiana Pacers,0021500297,2015-12-05,IND @ UTA,L,31,2,11,0.182,0,2,0.0,2,2,1.0,0,1,1,4,1,1,3,4,6,-9,16.2,1,2015-16
22015,203457,Nerlens Noel,1610612755,PHI,Philadelphia 76ers,0021500289,2015-12-05,PHI vs. DEN,L,31,5,8,0.625,0,0,,4,7,0.571,1,4,5,0,0,2,5,2,14,-5,21.0,1,2015-16
22015,203924,Jerami Grant,1610612755,PHI,Philadelphia 76ers,0021500289,2015-12-05,PHI vs. DEN,L,29,4,8,0.5,0,1,0.0,2,4,0.5,0,1,1,2,4,2,1,3,10,0,31.2,1,2015-16
22015,204456,T.J. McConnell,1610612755,PHI,Philadelphia 76ers,0021500289,2015-12-05,PHI vs. DEN,L,30,4,10,0.4,1,2,0.5,1,2,0.5,0,8,8,6,3,0,2,1,10,-4,35.6,1,2015-16
22015,202334,Ed Davis,1610612757,POR,Portland Trail Blazers,0021500294,2015-12-05,POR @ MIN,W,27,5,6,0.833,0,0,,3,7,0.429,2,6,8,1,0,2,0,2,13,2,30.1,1,2015-16
22015,203090,Maurice Harkless,1610612757,POR,Portland Trail Blazers,0021500294,2015-12-05,POR @ MIN,W,10,0,1,0.0,0,1,0.0,1,4,0.25,1,2,3,0,0,0,0,0,1,-12,4.6,1,2015-16
22015,201954,Darren Collison,1610612758,SAC,Sacramento Kings,0021500293,2015-12-05,SAC @ HOU,L,22,7,13,0.538,4,6,0.667,0,0,,0,1,1,6,1,0,0,2,18,-2,31.2,1,2015-16
22015,201988,Patty Mills,1610612759,SAS,San Antonio Spurs,0021500296,2015-12-05,SAS vs. BOS,W,26,4,8,0.5,1,4,0.25,0,0,,1,3,4,2,0,0,0,1,9,4,16.8,1,2015-16
22015,202709,Cory Joseph,1610612761,TOR,Toronto Raptors,0021500290,2015-12-05,TOR vs. GSW,L,30,4,10,0.4,0,3,0.0,1,2,0.5,0,0,0,1,0,1,1,4,9,2,12.5,1,2015-16
22015,203082,Terrence Ross,1610612761,TOR,Toronto Raptors,0021500290,2015-12-05,TOR vs. GSW,L,13,2,3,0.667,1,1,1.0,0,0,,0,3,3,0,1,0,0,0,5,4,11.6,1,2015-16
22015,203481,Jeff Withey,1610612762,UTA,Utah Jazz,0021500297,2015-12-05,UTA vs. IND,W,9,1,2,0.5,0,0,,0,0,,0,2,2,0,0,1,2,1,2,0,5.4,1,2015-16
22015,203918,Rodney Hood,1610612762,UTA,Utah Jazz,0021500297,2015-12-05,UTA vs. IND,W,21,2,5,0.4,0,1,0.0,2,2,1.0,0,4,4,2,0,0,0,6,6,13,13.8,1,2015-16
22015,204060,Joe Ingles,1610612762,UTA,Utah Jazz,0021500297,2015-12-05,UTA vs. IND,W,3,0,0,,0,0,,0,0,,0,0,0,0,0,0,0,0,0,-8,0.0,1,2015-16
22015,201946,Tyler Hansbrough,1610612766,CHA,Charlotte Hornets,0021500292,2015-12-05,CHA @ CHI,W,3,1,1,1.0,0,0,,0,0,,0,0,0,0,0,0,0,0,2,2,2.0,1,2015-16
22015,202391,Jeremy Lin,1610612766,CHA,Charlotte Hornets,0021500292,2015-12-05,CHA @ CHI,W,27,3,9,0.333,0,3,0.0,3,4,0.75,2,3,5,3,3,0,0,3,9,6,28.5,1,2015-16
22015,203798,PJ Hairston,1610612766,CHA,Charlotte Hornets,0021500292,2015-12-05,CHA @ CHI,W,19,0,3,0.0,0,3,0.0,0,0,,0,0,0,0,1,0,1,0,0,5,2.0,1,2015-16
22015,2592,James Jones,1610612739,CLE,Cleveland Cavaliers,0021500291,2015-12-05,CLE @ MIA,L,14,2,5,0.4,2,4,0.5,0,0,,2,0,2,1,1,0,0,2,6,6,12.9,1,2015-16
22015,2738,Andre Iguodala,1610612744,GSW,Golden State Warriors,0021500290,2015-12-05,GSW @ TOR,W,29,0,2,0.0,0,1,0.0,0,0,,1,5,6,2,1,1,0,1,0,-6,16.2,1,2015-16
22015,203105,Festus Ezeli,1610612744,GSW,Golden State Warriors,0021500290,2015-12-05,GSW @ TOR,W,27,2,5,0.4,0,0,,4,8,0.5,4,6,10,0,1,1,0,4,8,15,26.0,1,2015-16
22015,201147,Corey Brewer,1610612745,HOU,Houston Rockets,0021500293,2015-12-05,HOU vs. SAC,W,13,2,6,0.333,1,4,0.25,1,2,0.5,1,2,3,2,0,0,2,3,6,3,10.6,1,2015-16
22015,2617,Udonis Haslem,1610612748,MIA,Miami Heat,0021500291,2015-12-05,MIA vs. CLE,W,20,0,4,0.0,0,0,,0,0,,0,5,5,1,0,0,1,1,0,-3,6.5,1,2015-16
22015,201564,O.J. Mayo,1610612749,MIL,Milwaukee Bucks,0021500295,2015-12-05,MIL vs. NYK,W,35,8,12,0.667,1,1,1.0,0,0,,0,3,3,5,1,0,1,4,17,17,30.1,1,2015-16
22015,201577,Robin Lopez,1610612752,NYK,New York Knicks,0021500295,2015-12-05,NYK @ MIL,L,21,2,3,0.667,0,0,,1,2,0.5,0,1,1,1,0,1,3,1,5,-25,7.7,1,2015-16
22015,203081,Damian Lillard,1610612757,POR,Portland Trail Blazers,0021500294,2015-12-05,POR @ MIN,W,37,6,15,0.4,1,3,0.333,6,6,1.0,0,3,3,7,1,0,2,3,19,7,34.1,1,2015-16
22015,203463,Ben McLemore,1610612758,SAC,Sacramento Kings,0021500293,2015-12-05,SAC @ HOU,L,42,8,14,0.571,3,5,0.6,0,0,,2,7,9,2,3,1,1,3,19,8,43.8,1,2015-16
22015,1495,Tim Duncan,1610612759,SAS,San Antonio Spurs,0021500296,2015-12-05,SAS vs. BOS,W,24,3,5,0.6,0,0,,0,0,,1,4,5,4,0,1,1,1,6,1,20.0,1,2015-16
22015,2225,Tony Parker,1610612759,SAS,San Antonio Spurs,0021500296,2015-12-05,SAS vs. BOS,W,27,5,8,0.625,0,0,,0,0,,0,1,1,6,0,0,4,4,10,-6,16.2,1,2015-16
22015,202692,Alec Burks,1610612762,UTA,Utah Jazz,0021500297,2015-12-05,UTA vs. IND,W,33,3,11,0.273,1,3,0.333,2,6,0.333,1,4,5,2,0,0,1,4,9,1,17.0,1,2015-16
22015,1626168,Trey Lyles,1610612762,UTA,Utah Jazz,0021500297,2015-12-05,UTA vs. IND,W,20,2,4,0.5,0,0,,0,0,,2,3,5,1,0,0,0,1,4,11,11.5,1,2015-16
22015,201587,Nicolas Batum,1610612766,CHA,Charlotte Hornets,0021500292,2015-12-05,CHA @ CHI,W,35,8,16,0.5,4,6,0.667,4,6,0.667,0,11,11,5,0,1,3,1,24,10,44.7,1,2015-16
22015,1717,Dirk Nowitzki,1610612742,DAL,Dallas Mavericks,0021500302,2015-12-06,DAL @ WAS,W,28,5,8,0.625,1,1,1.0,8,10,0.8,1,5,6,4,0,1,1,0,19,9,34.2,1,2015-16
22015,101109,Raymond Felton,1610612742,DAL,Dallas Mavericks,0021500302,2015-12-06,DAL @ WAS,W,38,5,13,0.385,1,4,0.25,0,0,,0,10,10,6,2,0,5,3,11,8,33.0,1,2015-16
22015,101114,Deron Williams,1610612742,DAL,Dallas Mavericks,0021500302,2015-12-06,DAL @ WAS,W,39,2,12,0.167,1,4,0.25,6,6,1.0,0,7,7,9,1,0,1,2,11,11,34.9,1,2015-16
22015,202083,Wesley Matthews,1610612742,DAL,Dallas Mavericks,0021500302,2015-12-06,DAL @ WAS,W,41,12,23,0.522,10,17,0.588,2,2,1.0,0,6,6,5,1,1,1,2,36,21,55.7,1,2015-16
22015,202379,Jeremy Evans,1610612742,DAL,Dallas Mavericks,0021500302,2015-12-06,DAL @ WAS,W,20,3,3,1.0,1,1,1.0,0,0,,3,4,7,0,0,1,0,0,7,7,18.4,1,2015-16
22015,1626147,Justin Anderson,1610612742,DAL,Dallas Mavericks,0021500302,2015-12-06,DAL @ WAS,W,5,0,0,,0,0,,0,0,,0,1,1,0,0,0,1,2,0,-6,0.2,1,2015-16
22015,2738,Andre Iguodala,1610612744,GSW,Golden State Warriors,0021500300,2015-12-06,GSW @ BKN,W,25,2,8,0.25,0,4,0.0,0,0,,2,7,9,3,4,0,1,3,4,16,30.3,1,2015-16
22015,203110,Draymond Green,1610612744,GSW,Golden State Warriors,0021500300,2015-12-06,GSW @ BKN,W,34,7,10,0.7,2,2,1.0,6,9,0.667,1,8,9,7,1,0,1,1,22,12,45.3,1,2015-16
22015,977,Kobe Bryant,1610612747,LAL,Los Angeles Lakers,0021500301,2015-12-06,LAL @ DET,L,26,2,15,0.133,1,6,0.167,0,0,,0,3,3,1,1,0,3,2,5,-22,10.1,1,2015-16
22015,203135,Robert Sacre,1610612747,LAL,Los Angeles Lakers,0021500301,2015-12-06,LAL @ DET,L,12,1,3,0.333,0,0,,0,0,,0,3,3,1,1,1,0,2,2,3,13.1,1,2015-16
22015,203527,Ryan Kelly,1610612747,LAL,Los Angeles Lakers,0021500301,2015-12-06,LAL @ DET,L,12,1,2,0.5,0,1,0.0,3,4,0.75,0,4,4,0,1,0,0,0,5,3,12.8,1,2015-16
22015,202388,Donald Sloan,1610612751,BKN,Brooklyn Nets,0021500300,2015-12-06,BKN vs. GSW,L,4,1,1,1.0,0,0,,0,0,,0,0,0,2,0,0,0,0,2,4,5.0,1,2015-16
22015,203900,Markel Brown,1610612751,BKN,Brooklyn Nets,0021500300,2015-12-06,BKN vs. GSW,L,26,3,6,0.5,1,3,0.333,0,0,,0,4,4,1,1,0,1,1,7,6,15.3,1,2015-16
22015,203141,Mirza Teletovic,1610612756,PHX,Phoenix Suns,0021500299,2015-12-06,PHX @ MEM,L,24,5,10,0.5,3,8,0.375,1,2,0.5,0,6,6,0,1,0,0,3,14,-13,24.2,1,2015-16
22015,203928,Cory Jefferson,1610612756,PHX,Phoenix Suns,0021500299,2015-12-06,PHX @ MEM,L,0,0,0,,0,0,,0,0,,0,0,0,0,0,0,0,0,0,-2,0.0,1,2015-16
22015,1626164,Devin Booker,1610612756,PHX,Phoenix Suns,0021500299,2015-12-06,PHX @ MEM,L,15,2,6,0.333,1,1,1.0,0,0,,0,2,2,1,0,0,0,2,5,-2,8.9,1,2015-16
22015,201158,Marco Belinelli,1610612758,SAC,Sacramento Kings,0021500303,2015-12-06,SAC @ OKC,L,26,6,13,0.462,1,6,0.167,3,3,1.0,1,3,4,2,0,0,4,1,16,4,19.8,1,2015-16
22015,203463,Ben McLemore,1610612758,SAC,Sacramento Kings,0021500303,2015-12-06,SAC @ OKC,L,20,1,2,0.5,0,0,,0,0,,0,1,1,0,0,0,1,2,2,-8,2.2,1,2015-16
22015,201142,Kevin Durant,1610612760,OKC,Oklahoma City Thunder,0021500303,2015-12-06,OKC vs. SAC,W,39,7,13,0.538,1,6,0.167,5,7,0.714,0,10,10,4,1,0,10,1,20,6,31.0,1,2015-16
22015,201566,Russell Westbrook,1610612760,OKC,Oklahoma City Thunder,0021500303,2015-12-06,OKC vs. SAC,W,38,7,13,0.538,1,3,0.333,4,5,0.8,0,11,11,10,3,0,3,2,19,13,53.2,1,2015-16
22015,201586,Serge Ibaka,1610612760,OKC,Oklahoma City Thunder,0021500303,2015-12-06,OKC vs. SAC,W,19,6,8,0.75,0,0,,0,0,,5,2,7,0,0,3,0,5,12,10,29.4,1,2015-16
22015,201627,Anthony Morrow,1610612760,OKC,Oklahoma City Thunder,0021500303,2015-12-06,OKC vs. SAC,W,11,3,7,0.429,1,3,0.333,2,3,0.667,0,0,0,0,0,0,0,0,9,0,9.0,1,2015-16
22015,203460,Andre Roberson,1610612760,OKC,Oklahoma City Thunder,0021500303,2015-12-06,OKC vs. SAC,W,30,1,7,0.143,0,1,0.0,1,2,0.5,3,2,5,1,1,1,3,3,3,12,13.5,1,2015-16
22015,1626166,Cameron Payne,1610612760,OKC,Oklahoma City Thunder,0021500303,2015-12-06,OKC vs. SAC,W,4,1,3,0.333,1,2,0.5,0,0,,0,3,3,0,0,0,1,0,3,-4,5.6,1,2015-16
22015,201971,DeJuan Blair,1610612764,WAS,Washington Wizards,0021500302,2015-12-06,WAS vs. DAL,L,12,3,3,1.0,0,0,,1,3,0.333,0,2,2,0,0,0,0,4,7,-9,9.4,1,2015-16
22015,203490,Otto Porter Jr.,1610612764,WAS,Washington Wizards,0021500302,2015-12-06,WAS vs. DAL,L,36,7,17,0.412,1,6,0.167,0,0,,3,8,11,2,1,0,1,2,15,-5,33.2,1,2015-16
22015,2571,Leandro Barbosa,1610612744,GSW,Golden State Warriors,0021500300,2015-12-06,GSW @ BKN,W,15,4,5,0.8,3,3,1.0,0,0,,1,2,3,1,1,1,1,1,11,3,21.1,1,2015-16
22015,2733,Shaun Livingston,1610612744,GSW,Golden State Warriors,0021500300,2015-12-06,GSW @ BKN,W,20,2,6,0.333,0,1,0.0,0,0,,2,0,2,4,1,0,1,1,4,10,14.4,1,2015-16
22015,201574,Jason Thompson,1610612744,GSW,Golden State Warriors,0021500300,2015-12-06,GSW @ BKN,W,2,1,1,1.0,0,0,,0,0,,0,1,1,0,0,0,0,0,2,-2,3.2,1,2015-16
22015,203105,Festus Ezeli,1610612744,GSW,Golden State Warriors,0021500300,2015-12-06,GSW @ BKN,W,20,5,7,0.714,0,0,,2,5,0.4,2,3,5,1,0,4,0,1,12,20,31.5,1,2015-16
22015,203546,Ian Clark,1610612744,GSW,Golden State Warriors,0021500300,2015-12-06,GSW @ BKN,W,9,0,2,0.0,0,1,0.0,0,0,,0,0,0,0,0,0,1,2,0,-11,-1.0,1,2015-16
22015,203949,James Michael McAdoo,1610612744,GSW,Golden State Warriors,0021500300,2015-12-06,GSW @ BKN,W,2,0,1,0.0,0,0,,0,0,,0,0,0,0,0,0,0,0,0,-2,0.0,1,2015-16
22015,101150,Lou Williams,1610612747,LAL,Los Angeles Lakers,0021500301,2015-12-06,LAL @ DET,L,32,6,12,0.5,3,6,0.5,6,9,0.667,0,0,0,0,0,0,1,2,21,-16,20.0,1,2015-16
22015,1626156,D'Angelo Russell,1610612747,LAL,Los Angeles Lakers,0021500301,2015-12-06,LAL @ DET,L,22,5,9,0.556,0,1,0.0,2,2,1.0,1,1,2,3,2,0,4,3,12,-13,20.9,1,2015-16
22015,2207,Joe Johnson,1610612751,BKN,Brooklyn Nets,0021500300,2015-12-06,BKN vs. GSW,L,36,4,12,0.333,1,3,0.333,0,0,,2,3,5,3,0,0,2,2,9,-15,17.5,1,2015-16
22015,201571,D.J. Augustin,1610612760,OKC,Oklahoma City Thunder,0021500303,2015-12-06,OKC vs. SAC,W,10,0,2,0.0,0,2,0.0,0,0,,0,0,0,0,0,0,1,1,0,-10,-1.0,1,2015-16
22015,201584,Courtney Lee,1610612763,MEM,Memphis Grizzlies,0021500299,2015-12-06,MEM vs. PHX,W,28,7,12,0.583,2,2,1.0,2,2,1.0,0,4,4,6,0,1,2,0,18,5,32.8,1,2015-16
22015,2581,Steve Blake,1610612765,DET,Detroit Pistons,0021500301,2015-12-06,DET vs. LAL,W,18,3,5,0.6,2,2,1.0,1,1,1.0,1,3,4,5,1,0,4,0,9,4,20.3,1,2015-16
22015,202694,Marcus Morris Sr.,1610612765,DET,Detroit Pistons,0021500301,2015-12-06,DET vs. LAL,W,31,4,13,0.308,0,2,0.0,1,3,0.333,0,3,3,3,0,0,1,2,9,16,16.1,1,2015-16
22015,202704,Reggie Jackson,1610612765,DET,Detroit Pistons,0021500301,2015-12-06,DET vs. LAL,W,25,6,13,0.462,2,2,1.0,6,6,1.0,0,3,3,6,3,0,2,0,20,18,39.6,1,2015-16
22015,1626199,Darrun Hilliard,1610612765,DET,Detroit Pistons,0021500301,2015-12-06,DET vs. LAL,W,7,1,5,0.2,1,4,0.25,2,2,1.0,1,0,1,0,0,0,0,2,5,-4,6.2,1,2015-16
22015,201575,Brandon Rush,1610612744,GSW,Golden State Warriors,0021500300,2015-12-06,GSW @ BKN,W,21,1,2,0.5,1,2,0.5,0,0,,0,3,3,2,0,0,0,1,3,2,9.6,1,2015-16
22015,202691,Klay Thompson,1610612744,GSW,Golden State Warriors,0021500300,2015-12-06,GSW @ BKN,W,32,8,18,0.444,3,10,0.3,2,2,1.0,0,3,3,3,1,2,1,1,21,6,37.1,1,2015-16
22015,1897,Metta World Peace,1610612747,LAL,Los Angeles Lakers,0021500301,2015-12-06,LAL @ DET,L,14,0,2,0.0,0,0,,0,0,,0,1,1,0,0,2,1,3,0,7,6.2,1,2015-16
22015,101138,Brandon Bass,1610612747,LAL,Los Angeles Lakers,0021500301,2015-12-06,LAL @ DET,L,11,3,4,0.75,0,0,,0,0,,1,4,5,0,0,0,0,1,6,-3,12.0,1,2015-16
22015,1626204,Larry Nance Jr.,1610612747,LAL,Los Angeles Lakers,0021500301,2015-12-06,LAL @ DET,L,13,0,0,,0,0,,2,2,1.0,1,0,1,0,0,0,1,0,2,-3,2.2,1,2015-16
22015,1626273,Marcelo Huertas,1610612747,LAL,Los Angeles Lakers,0021500301,2015-12-06,LAL @ DET,L,12,3,5,0.6,1,1,1.0,1,1,1.0,0,1,1,4,0,0,0,0,8,3,15.2,1,2015-16
22015,201152,Thaddeus Young,1610612751,BKN,Brooklyn Nets,0021500300,2015-12-06,BKN vs. GSW,L,35,11,19,0.579,0,1,0.0,3,6,0.5,5,9,14,0,0,0,2,3,25,-18,39.8,1,2015-16
22015,202339,Eric Bledsoe,1610612756,PHX,Phoenix Suns,0021500299,2015-12-06,PHX @ MEM,L,40,8,22,0.364,2,6,0.333,5,7,0.714,1,6,7,6,1,0,4,2,23,-1,39.4,1,2015-16
22015,203500,Steven Adams,1610612760,OKC,Oklahoma City Thunder,0021500303,2015-12-06,OKC vs. SAC,W,29,3,8,0.375,0,0,,0,0,,6,6,12,1,1,1,0,3,6,14,27.9,1,2015-16
22015,1713,Vince Carter,1610612763,MEM,Memphis Grizzlies,0021500299,2015-12-06,MEM vs. PHX,W,5,0,1,0.0,0,1,0.0,0,0,,0,0,0,0,0,0,0,0,0,-5,0.0,1,2015-16
22015,2216,Zach Randolph,1610612763,MEM,Memphis Grizzlies,0021500299,2015-12-06,MEM vs. PHX,W,37,5,16,0.313,0,0,,0,0,,4,5,9,3,0,0,1,2,10,-1,24.3,1,2015-16
22015,2440,Matt Barnes,1610612763,MEM,Memphis Grizzlies,0021500299,2015-12-06,MEM vs. PHX,W,26,1,4,0.25,0,2,0.0,3,4,0.75,3,3,6,3,1,1,1,5,5,17,21.7,1,2015-16
22015,203210,JaMychal Green,1610612763,MEM,Memphis Grizzlies,0021500299,2015-12-06,MEM vs. PHX,W,18,2,4,0.5,0,0,,3,3,1.0,3,6,9,1,0,0,1,1,7,19,18.3,1,2015-16
22015,201162,Jared Dudley,1610612764,WAS,Washington Wizards,0021500302,2015-12-06,WAS vs. DAL,L,34,2,7,0.286,1,3,0.333,1,1,1.0,1,2,3,3,1,0,1,3,6,-3,16.1,1,2015-16
22015,201202,Joel Anthony,1610612765,DET,Detroit Pistons,0021500301,2015-12-06,DET vs. LAL,W,2,0,0,,0,0,,0,0,,0,1,1,0,0,1,0,0,0,5,4.2,1,2015-16
22015,201229,Anthony Tolliver,1610612765,DET,Detroit Pistons,0021500301,2015-12-06,DET vs. LAL,W,34,3,9,0.333,2,7,0.286,1,2,0.5,2,11,13,0,1,0,2,4,9,18,25.6,1,2015-16
22015,203083,Andre Drummond,1610612765,DET,Detroit Pistons,0021500301,2015-12-06,DET vs. LAL,W,24,8,12,0.667,0,0,,2,5,0.4,5,10,15,0,1,0,0,3,18,19,39.0,1,2015-16
22015,203382,Aron Baynes,1610612765,DET,Detroit Pistons,0021500301,2015-12-06,DET vs. LAL,W,21,1,6,0.167,0,0,,0,0,,4,4,8,2,0,0,2,2,2,-2,12.6,1,2015-16
22015,203484,Kentavious Caldwell-Pope,1610612765,DET,Detroit Pistons,0021500301,2015-12-06,DET vs. LAL,W,31,9,14,0.643,1,2,0.5,3,3,1.0,3,1,4,2,4,0,1,3,22,18,40.8,1,2015-16
22015,203915,Spencer Dinwiddie,1610612765,DET,Detroit Pistons,0021500301,2015-12-06,DET vs. LAL,W,5,1,1,1.0,0,0,,0,0,,0,1,1,0,0,0,0,0,2,0,3.2,1,2015-16
22015,2585,Zaza Pachulia,1610612742,DAL,Dallas Mavericks,0021500302,2015-12-06,DAL @ WAS,W,24,3,6,0.5,0,0,,4,5,0.8,2,5,7,1,1,0,4,1,10,1,18.9,1,2015-16
22015,101111,Charlie Villanueva,1610612742,DAL,Dallas Mavericks,0021500302,2015-12-06,DAL @ WAS,W,14,3,4,0.75,1,2,0.5,3,3,1.0,0,4,4,0,0,1,2,3,10,-6,15.8,1,2015-16
22015,203098,John Jenkins,1610612742,DAL,Dallas Mavericks,0021500302,2015-12-06,DAL @ WAS,W,20,2,3,0.667,1,2,0.5,0,0,,0,1,1,0,0,0,0,3,5,15,6.2,1,2015-16
22015,101106,Andrew Bogut,1610612744,GSW,Golden State Warriors,0021500300,2015-12-06,GSW @ BKN,W,16,0,1,0.0,0,0,,0,2,0.0,1,3,4,2,0,2,1,2,0,4,12.8,1,2015-16
22015,201939,Stephen Curry,1610612744,GSW,Golden State Warriors,0021500300,2015-12-06,GSW @ BKN,W,32,11,17,0.647,5,9,0.556,1,4,0.25,0,5,5,2,1,0,4,2,28,10,36.0,1,2015-16
22015,203903,Jordan Clarkson,1610612747,LAL,Los Angeles Lakers,0021500301,2015-12-06,LAL @ DET,L,30,3,11,0.273,0,1,0.0,1,2,0.5,1,2,3,1,1,0,3,2,7,-18,12.1,1,2015-16
22015,203944,Julius Randle,1610612747,LAL,Los Angeles Lakers,0021500301,2015-12-06,LAL @ DET,L,24,5,9,0.556,0,0,,5,7,0.714,2,9,11,0,0,0,0,2,15,-22,28.2,1,2015-16
22015,201961,Wayne Ellington,1610612751,BKN,Brooklyn Nets,0021500300,2015-12-06,BKN vs. GSW,L,8,1,3,0.333,1,2,0.5,0,0,,0,0,0,0,0,0,0,0,3,-5,3.0,1,2015-16
22015,203499,Shane Larkin,1610612751,BKN,Brooklyn Nets,0021500300,2015-12-06,BKN vs. GSW,L,28,5,9,0.556,1,2,0.5,2,3,0.667,0,1,1,6,4,0,0,2,13,-7,35.2,1,2015-16
22015,200782,P.J. Tucker,1610612756,PHX,Phoenix Suns,0021500299,2015-12-06,PHX @ MEM,L,27,3,7,0.429,0,4,0.0,0,0,,4,5,9,2,1,0,3,0,6,9,19.8,1,2015-16
22015,203933,T.J. Warren,1610612756,PHX,Phoenix Suns,0021500299,2015-12-06,PHX @ MEM,L,14,3,4,0.75,0,1,0.0,0,0,,0,0,0,0,1,0,2,3,6,-14,7.0,1,2015-16
22015,200752,Rudy Gay,1610612758,SAC,Sacramento Kings,0021500303,2015-12-06,SAC @ OKC,L,36,8,18,0.444,2,6,0.333,2,2,1.0,3,4,7,3,3,0,3,2,20,-3,38.9,1,2015-16
22015,200765,Rajon Rondo,1610612758,SAC,Sacramento Kings,0021500303,2015-12-06,SAC @ OKC,L,36,3,9,0.333,0,1,0.0,1,2,0.5,2,7,9,10,3,0,1,3,7,0,40.8,1,2015-16
22015,201585,Kosta Koufos,1610612758,SAC,Sacramento Kings,0021500303,2015-12-06,SAC @ OKC,L,15,4,5,0.8,0,0,,2,4,0.5,2,1,3,0,0,3,0,3,10,-3,22.6,1,2015-16
22015,201954,Darren Collison,1610612758,SAC,Sacramento Kings,0021500303,2015-12-06,SAC @ OKC,L,33,4,10,0.4,2,4,0.5,6,6,1.0,1,1,2,5,2,0,2,2,16,9,29.9,1,2015-16
22015,202326,DeMarcus Cousins,1610612758,SAC,Sacramento Kings,0021500303,2015-12-06,SAC @ OKC,L,36,5,20,0.25,0,3,0.0,3,9,0.333,3,7,10,0,3,1,1,2,13,-7,36.0,1,2015-16
22015,2754,Tony Allen,1610612763,MEM,Memphis Grizzlies,0021500299,2015-12-06,MEM vs. PHX,W,8,0,4,0.0,0,0,,0,0,,0,0,0,0,1,0,1,0,0,-15,2.0,1,2015-16
22015,201196,Ramon Sessions,1610612764,WAS,Washington Wizards,0021500302,2015-12-06,WAS vs. DAL,L,24,3,4,0.75,0,1,0.0,3,6,0.5,0,1,1,0,2,0,0,3,9,-6,16.2,1,2015-16
22015,202322,John Wall,1610612764,WAS,Washington Wizards,0021500302,2015-12-06,WAS vs. DAL,L,40,12,22,0.545,0,3,0.0,4,4,1.0,0,4,4,10,5,0,2,2,28,-5,60.8,1,2015-16
22015,1626169,Stanley Johnson,1610612765,DET,Detroit Pistons,0021500301,2015-12-06,DET vs. LAL,W,27,2,10,0.2,0,3,0.0,2,2,1.0,0,6,6,2,1,0,1,1,6,10,18.2,1,2015-16
22015,2734,Devin Harris,1610612742,DAL,Dallas Mavericks,0021500302,2015-12-06,DAL @ WAS,W,9,3,4,0.75,0,0,,1,1,1.0,0,1,1,0,0,0,1,1,7,0,7.2,1,2015-16
22015,201578,Marreese Speights,1610612744,GSW,Golden State Warriors,0021500300,2015-12-06,GSW @ BKN,W,13,3,8,0.375,0,1,0.0,1,1,1.0,1,1,2,0,0,0,1,3,7,12,8.4,1,2015-16
22015,201156,Nick Young,1610612747,LAL,Los Angeles Lakers,0021500301,2015-12-06,LAL @ DET,L,7,0,3,0.0,0,2,0.0,0,0,,0,0,0,0,0,0,0,2,0,-7,0.0,1,2015-16
22015,201579,Roy Hibbert,1610612747,LAL,Los Angeles Lakers,0021500301,2015-12-06,LAL @ DET,L,25,3,5,0.6,0,0,,2,2,1.0,2,3,5,2,0,1,2,2,8,-22,18.0,1,2015-16
22015,101127,Jarrett Jack,1610612751,BKN,Brooklyn Nets,0021500300,2015-12-06,BKN vs. GSW,L,37,3,13,0.231,0,3,0.0,5,6,0.833,0,4,4,5,1,0,3,2,11,-15,23.3,1,2015-16
22015,201572,Brook Lopez,1610612751,BKN,Brooklyn Nets,0021500300,2015-12-06,BKN vs. GSW,L,28,7,14,0.5,0,0,,4,4,1.0,3,5,8,3,1,1,3,3,18,-15,35.1,1,2015-16
22015,202711,Bojan Bogdanovic,1610612751,BKN,Brooklyn Nets,0021500300,2015-12-06,BKN vs. GSW,L,20,2,7,0.286,1,3,0.333,0,0,,0,4,4,1,1,0,0,1,5,-11,14.3,1,2015-16
22015,203186,Willie Reed,1610612751,BKN,Brooklyn Nets,0021500300,2015-12-06,BKN vs. GSW,L,10,2,3,0.667,0,0,,0,2,0.0,1,2,3,0,0,1,1,2,4,1,9.6,1,2015-16
22015,101179,Ronnie Price,1610612756,PHX,Phoenix Suns,0021500299,2015-12-06,PHX @ MEM,L,9,0,1,0.0,0,1,0.0,0,0,,1,0,1,1,2,0,0,3,0,6,8.7,1,2015-16
22015,202688,Brandon Knight,1610612756,PHX,Phoenix Suns,0021500299,2015-12-06,PHX @ MEM,L,37,7,15,0.467,2,7,0.286,1,1,1.0,1,3,4,5,1,0,5,3,17,-3,27.3,1,2015-16
22015,202720,Jon Leuer,1610612756,PHX,Phoenix Suns,0021500299,2015-12-06,PHX @ MEM,L,41,3,11,0.273,1,3,0.333,3,5,0.6,1,10,11,4,0,3,3,4,10,-4,35.2,1,2015-16
22015,203458,Alex Len,1610612756,PHX,Phoenix Suns,0021500299,2015-12-06,PHX @ MEM,L,32,5,6,0.833,0,0,,2,2,1.0,3,4,7,1,1,2,1,4,12,14,29.9,1,2015-16
22015,202683,Enes Freedom,1610612760,OKC,Oklahoma City Thunder,0021500303,2015-12-06,OKC vs. SAC,W,20,4,9,0.444,0,0,,6,9,0.667,4,6,10,0,0,1,1,2,14,-11,28.0,1,2015-16
22015,202713,Kyle Singler,1610612760,OKC,Oklahoma City Thunder,0021500303,2015-12-06,OKC vs. SAC,W,14,1,4,0.25,0,1,0.0,0,1,0.0,1,2,3,0,2,0,1,4,2,-11,10.6,1,2015-16
22015,203079,Dion Waiters,1610612760,OKC,Oklahoma City Thunder,0021500303,2015-12-06,OKC vs. SAC,W,27,2,12,0.167,2,4,0.5,4,4,1.0,0,1,1,2,0,0,1,1,10,-4,13.2,1,2015-16
22015,201144,Mike Conley,1610612763,MEM,Memphis Grizzlies,0021500299,2015-12-06,MEM vs. PHX,W,34,4,14,0.286,2,5,0.4,2,4,0.5,0,1,1,6,3,1,1,3,12,2,33.2,1,2015-16
22015,201145,Jeff Green,1610612763,MEM,Memphis Grizzlies,0021500299,2015-12-06,MEM vs. PHX,W,26,5,11,0.455,0,2,0.0,0,1,0.0,3,2,5,2,0,0,2,1,10,-10,17.0,1,2015-16
22015,201596,Mario Chalmers,1610612763,MEM,Memphis Grizzlies,0021500299,2015-12-06,MEM vs. PHX,W,21,3,7,0.429,1,3,0.333,4,4,1.0,1,3,4,2,3,0,2,2,11,7,25.8,1,2015-16
22015,200797,Ryan Hollins,1610612764,WAS,Washington Wizards,0021500302,2015-12-06,WAS vs. DAL,L,5,0,2,0.0,0,0,,0,0,,0,1,1,0,0,0,0,0,0,0,1.2,1,2015-16
22015,202066,Garrett Temple,1610612764,WAS,Washington Wizards,0021500302,2015-12-06,WAS vs. DAL,L,13,0,1,0.0,0,1,0.0,0,0,,0,1,1,1,0,0,0,4,0,-16,2.7,1,2015-16
22015,202390,Gary Neal,1610612764,WAS,Washington Wizards,0021500302,2015-12-06,WAS vs. DAL,L,34,8,14,0.571,2,7,0.286,0,1,0.0,1,2,3,3,0,0,0,1,18,-1,26.1,1,2015-16
22015,203078,Bradley Beal,1610612764,WAS,Washington Wizards,0021500302,2015-12-06,WAS vs. DAL,L,41,7,19,0.368,4,6,0.667,3,6,0.5,1,4,5,3,0,0,2,3,21,-14,29.5,1,2015-16
22015,1626162,Kelly Oubre Jr.,1610612764,WAS,Washington Wizards,0021500302,2015-12-06,WAS vs. DAL,L,1,0,0,,0,0,,0,0,,0,0,0,0,0,0,0,0,0,-1,0.0,1,2015-16
22015,101141,Ersan Ilyasova,1610612765,DET,Detroit Pistons,0021500301,2015-12-06,DET vs. LAL,W,13,3,5,0.6,1,2,0.5,0,0,,1,0,1,0,0,0,3,4,7,3,5.2,1,2015-16
22015,203080,Thomas Robinson,1610612751,BKN,Brooklyn Nets,0021500300,2015-12-06,BKN vs. GSW,L,8,0,2,0.0,0,0,,1,2,0.5,0,3,3,0,0,0,1,2,1,-5,3.6,1,2015-16
22015,201956,Omri Casspi,1610612758,SAC,Sacramento Kings,0021500303,2015-12-06,SAC @ OKC,L,28,4,9,0.444,2,4,0.5,1,4,0.25,1,3,4,0,0,1,1,3,11,-8,17.8,1,2015-16
22015,202341,James Anderson,1610612758,SAC,Sacramento Kings,0021500303,2015-12-06,SAC @ OKC,L,10,0,2,0.0,0,0,,0,0,,0,1,1,0,0,0,1,2,0,1,0.2,1,2015-16
22015,201188,Marc Gasol,1610612763,MEM,Memphis Grizzlies,0021500299,2015-12-06,MEM vs. PHX,W,37,9,17,0.529,0,0,,4,6,0.667,1,7,8,0,0,2,1,2,22,-9,36.6,1,2015-16
22015,203493,Reggie Bullock Jr.,1610612765,DET,Detroit Pistons,0021500301,2015-12-06,DET vs. LAL,W,2,0,0,,0,0,,2,2,1.0,0,1,1,0,0,0,0,0,2,5,3.2,1,2015-16
22015,201973,Jonas Jerebko,1610612738,BOS,Boston Celtics,0021500312,2015-12-07,BOS @ NOP,W,8,1,1,1.0,0,0,,0,0,,0,1,1,0,0,0,1,4,2,-7,2.2,1,2015-16
22015,203092,Tyler Zeller,1610612738,BOS,Boston Celtics,0021500312,2015-12-07,BOS @ NOP,W,7,2,2,1.0,0,0,,0,0,,1,0,1,0,0,0,1,0,4,-5,4.2,1,2015-16
22015,201569,Eric Gordon,1610612740,NOP,New Orleans Pelicans,0021500312,2015-12-07,NOP vs. BOS,L,16,0,2,0.0,0,1,0.0,0,0,,0,2,2,1,0,1,1,2,0,-16,5.9,1,2015-16
22015,201582,Alexis Ajinca,1610612740,NOP,New Orleans Pelicans,0021500312,2015-12-07,NOP vs. BOS,L,19,6,9,0.667,0,0,,0,0,,3,6,9,1,0,0,0,1,12,7,24.3,1,2015-16
22015,2200,Pau Gasol,1610612741,CHI,Chicago Bulls,0021500309,2015-12-07,CHI vs. PHX,L,25,7,13,0.538,1,1,1.0,7,8,0.875,4,6,10,6,2,3,3,2,22,0,55.0,1,2015-16
22015,201149,Joakim Noah,1610612741,CHI,Chicago Bulls,0021500309,2015-12-07,CHI vs. PHX,L,21,1,3,0.333,0,0,,1,4,0.25,2,7,9,6,1,0,1,0,3,-1,24.8,1,2015-16
22015,101111,Charlie Villanueva,1610612742,DAL,Dallas Mavericks,0021500307,2015-12-07,DAL @ NYK,W,4,1,1,1.0,1,1,1.0,0,0,,0,0,0,0,1,0,0,0,3,0,6.0,1,2015-16
22015,2746,Josh Smith,1610612746,LAC,LA Clippers,0021500311,2015-12-07,LAC @ MIN,W,15,4,7,0.571,0,1,0.0,0,0,,1,2,3,0,0,3,0,3,8,-6,20.6,1,2015-16
22015,201579,Roy Hibbert,1610612747,LAL,Los Angeles Lakers,0021500308,2015-12-07,LAL @ TOR,L,30,2,5,0.4,0,0,,2,2,1.0,1,3,4,4,1,1,2,5,6,-8,20.8,1,2015-16
22015,2548,Dwyane Wade,1610612748,MIA,Miami Heat,0021500306,2015-12-07,MIA vs. WAS,L,32,12,15,0.8,0,0,,2,2,1.0,0,7,7,9,1,0,5,3,26,-1,45.9,1,2015-16
22015,1626159,Justise Winslow,1610612748,MIA,Miami Heat,0021500306,2015-12-07,MIA vs. WAS,L,33,1,5,0.2,0,3,0.0,0,0,,1,5,6,0,1,0,3,3,2,-16,9.2,1,2015-16
22015,1626196,Josh Richardson,1610612748,MIA,Miami Heat,0021500306,2015-12-07,MIA vs. WAS,L,8,0,0,,0,0,,0,0,,0,1,1,0,0,0,0,2,0,-6,1.2,1,2015-16
22015,203948,Johnny O'Bryant III,1610612749,MIL,Milwaukee Bucks,0021500310,2015-12-07,MIL vs. POR,W,12,0,4,0.0,0,0,,0,0,,0,1,1,0,0,0,0,2,0,-9,1.2,1,2015-16
22015,203952,Andrew Wiggins,1610612750,MIN,Minnesota Timberwolves,0021500311,2015-12-07,MIN vs. LAC,L,31,3,15,0.2,1,4,0.25,1,5,0.2,3,4,7,0,1,1,2,4,8,-10,20.4,1,2015-16
22015,201577,Robin Lopez,1610612752,NYK,New York Knicks,0021500307,2015-12-07,NYK vs. DAL,L,16,3,5,0.6,0,0,,0,0,,0,2,2,1,0,1,0,3,6,-6,12.9,1,2015-16
22015,203924,Jerami Grant,1610612755,PHI,Philadelphia 76ers,0021500305,2015-12-07,PHI vs. SAS,L,21,2,3,0.667,0,1,0.0,1,2,0.5,1,3,4,1,0,0,1,1,5,-11,10.3,1,2015-16
22015,203960,JaKarr Sampson,1610612755,PHI,Philadelphia 76ers,0021500305,2015-12-07,PHI vs. SAS,L,12,2,3,0.667,0,0,,1,3,0.333,0,1,1,0,0,0,1,3,5,-21,5.2,1,2015-16
22015,101179,Ronnie Price,1610612756,PHX,Phoenix Suns,0021500309,2015-12-07,PHX @ CHI,W,5,0,0,,0,0,,0,0,,0,0,0,0,0,0,0,0,0,1,0.0,1,2015-16
22015,201945,Gerald Henderson,1610612757,POR,Portland Trail Blazers,0021500310,2015-12-07,POR @ MIL,L,15,1,3,0.333,0,0,,0,0,,0,0,0,2,1,1,2,1,2,-2,9.0,1,2015-16
22015,203459,Allen Crabbe,1610612757,POR,Portland Trail Blazers,0021500310,2015-12-07,POR @ MIL,L,25,4,9,0.444,2,5,0.4,2,3,0.667,0,3,3,1,2,0,1,2,12,10,22.1,1,2015-16
22015,203943,Noah Vonleh,1610612757,POR,Portland Trail Blazers,0021500310,2015-12-07,POR @ MIL,L,14,3,5,0.6,0,0,,0,0,,6,1,7,1,0,0,1,2,6,-6,14.9,1,2015-16
22015,2225,Tony Parker,1610612759,SAS,San Antonio Spurs,0021500305,2015-12-07,SAS @ PHI,W,17,5,8,0.625,0,0,,2,2,1.0,0,4,4,6,0,0,0,0,12,19,25.8,1,2015-16
22015,2446,Rasual Butler,1610612759,SAS,San Antonio Spurs,0021500305,2015-12-07,SAS @ PHI,W,27,3,6,0.5,1,2,0.5,0,0,,0,5,5,2,0,1,0,1,7,30,19.0,1,2015-16
22015,200746,LaMarcus Aldridge,1610612759,SAS,San Antonio Spurs,0021500305,2015-12-07,SAS @ PHI,W,22,11,15,0.733,0,0,,4,4,1.0,0,9,9,1,0,0,0,2,26,23,38.3,1,2015-16
22015,1626246,Boban Marjanovic,1610612759,SAS,San Antonio Spurs,0021500305,2015-12-07,SAS @ PHI,W,17,8,10,0.8,0,0,,2,2,1.0,2,2,4,1,2,0,2,4,18,9,28.3,1,2015-16
22015,201942,DeMar DeRozan,1610612761,TOR,Toronto Raptors,0021500308,2015-12-07,TOR vs. LAL,W,35,7,14,0.5,0,1,0.0,2,3,0.667,0,5,5,6,0,0,2,0,16,7,29.0,1,2015-16
22015,201949,James Johnson,1610612761,TOR,Toronto Raptors,0021500308,2015-12-07,TOR vs. LAL,W,17,2,3,0.667,0,0,,0,0,,0,0,0,0,2,0,0,2,4,-2,10.0,1,2015-16
22015,203490,Otto Porter Jr.,1610612764,WAS,Washington Wizards,0021500306,2015-12-07,WAS @ MIA,W,36,5,15,0.333,0,2,0.0,3,6,0.5,3,11,14,4,2,1,1,2,13,13,43.8,1,2015-16
22015,2581,Steve Blake,1610612765,DET,Detroit Pistons,0021500304,2015-12-07,DET @ CHA,L,20,3,6,0.5,3,5,0.6,0,0,,1,0,1,7,0,0,1,0,9,1,19.7,1,2015-16
22015,203382,Aron Baynes,1610612765,DET,Detroit Pistons,0021500304,2015-12-07,DET @ CHA,L,21,4,8,0.5,0,0,,0,1,0.0,1,2,3,1,4,0,0,3,8,-11,25.1,1,2015-16
22015,203493,Reggie Bullock Jr.,1610612765,DET,Detroit Pistons,0021500304,2015-12-07,DET @ CHA,L,4,0,0,,0,0,,0,0,,0,0,0,0,0,0,0,0,0,2,0.0,1,2015-16
22015,201946,Tyler Hansbrough,1610612766,CHA,Charlotte Hornets,0021500304,2015-12-07,CHA vs. DET,W,4,1,1,1.0,0,0,,1,4,0.25,0,2,2,0,0,0,0,0,3,-2,5.4,1,2015-16
22015,202391,Jeremy Lin,1610612766,CHA,Charlotte Hornets,0021500304,2015-12-07,CHA vs. DET,W,26,5,10,0.5,1,3,0.333,2,4,0.5,0,3,3,4,2,0,1,2,13,6,27.6,1,2015-16
22015,202689,Kemba Walker,1610612766,CHA,Charlotte Hornets,0021500304,2015-12-07,CHA vs. DET,W,25,3,9,0.333,1,3,0.333,7,8,0.875,0,9,9,2,1,1,2,1,14,12,31.8,1,2015-16
22015,203482,Kelly Olynyk,1610612738,BOS,Boston Celtics,0021500312,2015-12-07,BOS @ NOP,W,27,8,13,0.615,2,5,0.4,3,3,1.0,1,2,3,3,2,2,2,2,21,-3,39.1,1,2015-16
22015,203923,James Young,1610612738,BOS,Boston Celtics,0021500312,2015-12-07,BOS @ NOP,W,20,2,5,0.4,0,3,0.0,0,2,0.0,0,3,3,2,1,0,0,1,4,1,13.6,1,2015-16
22015,201950,Jrue Holiday,1610612740,NOP,New Orleans Pelicans,0021500312,2015-12-07,NOP vs. BOS,L,22,4,9,0.444,1,2,0.5,5,5,1.0,0,2,2,6,1,1,1,1,14,-4,30.4,1,2015-16
22015,201967,Dante Cunningham,1610612740,NOP,New Orleans Pelicans,0021500312,2015-12-07,NOP vs. BOS,L,30,2,3,0.667,1,1,1.0,2,2,1.0,0,5,5,2,1,0,0,2,7,-12,19.0,1,2015-16
22015,2550,Kirk Hinrich,1610612741,CHI,Chicago Bulls,0021500309,2015-12-07,CHI vs. PHX,L,14,0,5,0.0,0,1,0.0,0,0,,0,1,1,0,0,0,1,2,0,-4,0.2,1,2015-16
22015,202710,Jimmy Butler III,1610612741,CHI,Chicago Bulls,0021500309,2015-12-07,CHI vs. PHX,L,36,6,12,0.5,2,3,0.667,5,6,0.833,0,4,4,3,1,1,3,4,19,6,31.3,1,2015-16
22015,202734,E'Twaun Moore,1610612741,CHI,Chicago Bulls,0021500309,2015-12-07,CHI vs. PHX,L,14,2,3,0.667,0,1,0.0,0,0,,0,1,1,0,1,0,1,0,4,-12,7.2,1,2015-16
22015,203503,Tony Snell,1610612741,CHI,Chicago Bulls,0021500309,2015-12-07,CHI vs. PHX,L,23,4,6,0.667,2,3,0.667,0,0,,0,2,2,1,0,0,0,1,10,13,13.9,1,2015-16
22015,1717,Dirk Nowitzki,1610612742,DAL,Dallas Mavericks,0021500307,2015-12-07,DAL @ NYK,W,33,9,18,0.5,2,4,0.5,5,6,0.833,1,5,6,2,0,0,0,0,25,21,35.2,1,2015-16
22015,203098,John Jenkins,1610612742,DAL,Dallas Mavericks,0021500307,2015-12-07,DAL @ NYK,W,12,3,7,0.429,1,3,0.333,0,0,,0,1,1,0,0,0,0,0,7,6,8.2,1,2015-16
22015,201601,Luc Mbah a Moute,1610612746,LAC,LA Clippers,0021500311,2015-12-07,LAC @ MIN,W,16,0,4,0.0,0,1,0.0,1,2,0.5,1,2,3,0,0,0,0,2,1,-11,4.6,1,2015-16
22015,1897,Metta World Peace,1610612747,LAL,Los Angeles Lakers,0021500308,2015-12-07,LAL @ TOR,L,16,1,2,0.5,1,1,1.0,0,0,,0,3,3,0,0,0,0,1,3,2,6.6,1,2015-16
22015,203135,Robert Sacre,1610612747,LAL,Los Angeles Lakers,0021500308,2015-12-07,LAL @ TOR,L,17,0,3,0.0,0,0,,3,4,0.75,2,0,2,2,0,0,2,4,3,0,6.4,1,2015-16
22015,203903,Jordan Clarkson,1610612747,LAL,Los Angeles Lakers,0021500308,2015-12-07,LAL @ TOR,L,32,5,15,0.333,1,4,0.25,2,2,1.0,2,3,5,1,0,0,1,2,13,-5,19.5,1,2015-16
22015,203944,Julius Randle,1610612747,LAL,Los Angeles Lakers,0021500308,2015-12-07,LAL @ TOR,L,21,6,13,0.462,0,0,,3,3,1.0,7,4,11,0,0,0,1,1,15,-4,27.2,1,2015-16
22015,1626273,Marcelo Huertas,1610612747,LAL,Los Angeles Lakers,0021500308,2015-12-07,LAL @ TOR,L,12,0,2,0.0,0,0,,2,2,1.0,0,2,2,1,1,0,1,0,2,0,7.9,1,2015-16
22015,201609,Goran Dragic,1610612748,MIA,Miami Heat,0021500306,2015-12-07,MIA vs. WAS,L,34,7,12,0.583,2,4,0.5,4,4,1.0,0,3,3,9,1,0,4,3,20,-2,36.1,1,2015-16
22015,203507,Giannis Antetokounmpo,1610612749,MIL,Milwaukee Bucks,0021500310,2015-12-07,MIL vs. POR,W,31,5,10,0.5,0,0,,7,8,0.875,3,6,9,1,1,2,3,1,17,6,35.3,1,2015-16
22015,708,Kevin Garnett,1610612750,MIN,Minnesota Timberwolves,0021500311,2015-12-07,MIN vs. LAC,L,19,2,5,0.4,0,0,,1,2,0.5,0,3,3,2,1,0,1,5,5,-16,13.6,1,2015-16
22015,2419,Tayshaun Prince,1610612750,MIN,Minnesota Timberwolves,0021500311,2015-12-07,MIN vs. LAC,L,20,1,1,1.0,0,0,,0,0,,0,3,3,2,2,0,0,1,2,0,14.6,1,2015-16
22015,2546,Carmelo Anthony,1610612752,NYK,New York Knicks,0021500307,2015-12-07,NYK vs. DAL,L,38,6,18,0.333,1,6,0.167,4,5,0.8,1,5,6,8,0,0,5,4,17,-4,31.2,1,2015-16
22015,203496,Robert Covington,1610612755,PHI,Philadelphia 76ers,0021500305,2015-12-07,PHI vs. SAS,L,31,5,8,0.625,2,5,0.4,1,2,0.5,1,5,6,2,0,0,2,3,13,-22,21.2,1,2015-16
22015,203917,Nik Stauskas,1610612755,PHI,Philadelphia 76ers,0021500305,2015-12-07,PHI vs. SAS,L,25,5,10,0.5,1,5,0.2,2,2,1.0,0,1,1,0,1,0,1,4,13,-43,16.2,1,2015-16
22015,1626143,Jahlil Okafor,1610612755,PHI,Philadelphia 76ers,0021500305,2015-12-07,PHI vs. SAS,L,29,3,14,0.214,0,0,,4,6,0.667,0,4,4,1,0,0,2,2,10,-27,14.3,1,2015-16
22015,1626158,Richaun Holmes,1610612755,PHI,Philadelphia 76ers,0021500305,2015-12-07,PHI vs. SAS,L,21,1,5,0.2,0,1,0.0,0,0,,1,3,4,0,0,0,3,4,2,-25,3.8,1,2015-16
22015,202339,Eric Bledsoe,1610612756,PHX,Phoenix Suns,0021500309,2015-12-07,PHX @ CHI,W,33,7,17,0.412,0,1,0.0,2,3,0.667,3,6,9,3,3,0,2,2,16,-6,38.3,1,2015-16
22015,203086,Meyers Leonard,1610612757,POR,Portland Trail Blazers,0021500310,2015-12-07,POR @ MIL,L,23,3,10,0.3,0,6,0.0,0,0,,1,4,5,2,0,1,3,3,6,-2,15.0,1,2015-16
22015,203468,CJ McCollum,1610612757,POR,Portland Trail Blazers,0021500310,2015-12-07,POR @ MIL,L,36,5,20,0.25,2,10,0.2,5,6,0.833,1,1,2,4,5,0,2,5,17,-1,38.4,1,2015-16
22015,201980,Danny Green,1610612759,SAS,San Antonio Spurs,0021500305,2015-12-07,SAS @ PHI,W,19,1,3,0.333,1,3,0.333,0,0,,0,2,2,1,0,0,1,2,3,21,5.9,1,2015-16
22015,203937,Kyle Anderson,1610612759,SAS,San Antonio Spurs,0021500305,2015-12-07,SAS @ PHI,W,30,2,4,0.5,0,0,,3,5,0.6,0,5,5,1,0,0,0,3,7,28,14.5,1,2015-16
22015,201196,Ramon Sessions,1610612764,WAS,Washington Wizards,0021500306,2015-12-07,WAS @ MIA,W,14,5,7,0.714,1,1,1.0,1,1,1.0,0,3,3,1,0,0,3,2,12,-4,14.1,1,2015-16
22015,203078,Bradley Beal,1610612764,WAS,Washington Wizards,0021500306,2015-12-07,WAS @ MIA,W,40,10,24,0.417,1,4,0.25,0,0,,0,3,3,4,1,0,2,2,21,6,31.6,1,2015-16
22015,201229,Anthony Tolliver,1610612765,DET,Detroit Pistons,0021500304,2015-12-07,DET @ CHA,L,20,2,8,0.25,2,7,0.286,0,0,,0,4,4,2,0,0,1,0,6,-1,12.8,1,2015-16
22015,203083,Andre Drummond,1610612765,DET,Detroit Pistons,0021500304,2015-12-07,DET @ CHA,L,24,4,7,0.571,0,0,,1,4,0.25,2,7,9,1,3,0,1,5,9,-11,29.3,1,2015-16
22015,1626169,Stanley Johnson,1610612765,DET,Detroit Pistons,0021500304,2015-12-07,DET @ CHA,L,20,2,6,0.333,0,1,0.0,0,0,,0,3,3,1,0,0,0,1,4,-8,9.1,1,2015-16
22015,101107,Marvin Williams,1610612766,CHA,Charlotte Hornets,0021500304,2015-12-07,CHA vs. DET,W,28,6,8,0.75,2,4,0.5,0,0,,5,7,12,0,0,0,0,1,14,14,28.4,1,2015-16
22015,203148,Brian Roberts,1610612766,CHA,Charlotte Hornets,0021500304,2015-12-07,CHA vs. DET,W,4,0,1,0.0,0,0,,0,0,,0,0,0,0,0,0,0,0,0,-2,0.0,1,2015-16
22015,1626151,Aaron Harrison,1610612766,CHA,Charlotte Hornets,0021500304,2015-12-07,CHA vs. DET,W,4,0,1,0.0,0,0,,0,0,,1,0,1,0,0,0,1,0,0,-2,0.2,1,2015-16
22015,202323,Evan Turner,1610612738,BOS,Boston Celtics,0021500312,2015-12-07,BOS @ NOP,W,23,2,8,0.25,0,1,0.0,4,4,1.0,1,3,4,4,2,0,3,0,8,-3,21.8,1,2015-16
22015,1626179,Terry Rozier,1610612738,BOS,Boston Celtics,0021500312,2015-12-07,BOS @ NOP,W,3,1,3,0.333,0,1,0.0,0,0,,1,2,3,0,0,0,0,0,2,1,5.6,1,2015-16
22015,201580,JaVale McGee,1610612742,DAL,Dallas Mavericks,0021500307,2015-12-07,DAL @ NYK,W,7,0,1,0.0,0,0,,0,0,,0,4,4,0,0,0,2,1,0,6,2.8,1,2015-16
22015,202379,Jeremy Evans,1610612742,DAL,Dallas Mavericks,0021500307,2015-12-07,DAL @ NYK,W,7,0,2,0.0,0,0,,0,0,,0,3,3,0,1,1,0,1,0,-6,9.6,1,2015-16
22015,202718,Chandler Parsons,1610612742,DAL,Dallas Mavericks,0021500307,2015-12-07,DAL @ NYK,W,25,3,6,0.5,2,3,0.667,1,2,0.5,0,2,2,1,0,2,1,3,9,-6,17.9,1,2015-16
22015,203939,Dwight Powell,1610612742,DAL,Dallas Mavericks,0021500307,2015-12-07,DAL @ NYK,W,19,2,3,0.667,0,0,,4,4,1.0,2,4,6,0,0,0,1,2,8,-14,14.2,1,2015-16
22015,200755,JJ Redick,1610612746,LAC,LA Clippers,0021500311,2015-12-07,LAC @ MIN,W,22,1,9,0.111,0,5,0.0,11,11,1.0,0,3,3,0,0,0,2,0,13,13,14.6,1,2015-16
22015,201599,DeAndre Jordan,1610612746,LAC,LA Clippers,0021500311,2015-12-07,LAC @ MIN,W,34,8,9,0.889,0,0,,4,6,0.667,6,6,12,0,2,4,1,4,20,-2,51.4,1,2015-16
22015,202362,Lance Stephenson,1610612746,LAC,LA Clippers,0021500311,2015-12-07,LAC @ MIN,W,13,1,2,0.5,1,2,0.5,0,0,,0,1,1,0,1,0,1,3,3,-4,6.2,1,2015-16
22015,203085,Austin Rivers,1610612746,LAC,LA Clippers,0021500311,2015-12-07,LAC @ MIN,W,17,3,5,0.6,0,2,0.0,1,1,1.0,1,3,4,3,0,0,1,2,7,-6,15.3,1,2015-16
22015,101150,Lou Williams,1610612747,LAL,Los Angeles Lakers,0021500308,2015-12-07,LAL @ TOR,L,31,5,11,0.455,3,5,0.6,2,2,1.0,0,3,3,0,0,0,1,3,15,-10,17.6,1,2015-16
22015,101123,Gerald Green,1610612748,MIA,Miami Heat,0021500306,2015-12-07,MIA vs. WAS,L,36,4,8,0.5,1,3,0.333,0,0,,0,1,1,1,0,1,0,4,9,-12,14.7,1,2015-16
22015,201177,Josh McRoberts,1610612748,MIA,Miami Heat,0021500306,2015-12-07,MIA vs. WAS,L,15,4,7,0.571,0,2,0.0,1,3,0.333,0,2,2,1,1,0,1,1,9,-6,14.9,1,2015-16
22015,204020,Tyler Johnson,1610612748,MIA,Miami Heat,0021500306,2015-12-07,MIA vs. WAS,L,23,1,4,0.25,1,1,1.0,2,2,1.0,1,0,1,1,0,0,1,0,5,-17,6.7,1,2015-16
22015,203487,Michael Carter-Williams,1610612749,MIL,Milwaukee Bucks,0021500310,2015-12-07,MIL vs. POR,W,31,2,9,0.222,0,0,,4,6,0.667,3,2,5,7,0,0,6,3,8,-3,18.5,1,2015-16
22015,203897,Zach LaVine,1610612750,MIN,Minnesota Timberwolves,0021500311,2015-12-07,MIN vs. LAC,L,25,7,16,0.438,1,2,0.5,6,6,1.0,0,3,3,2,1,0,2,2,21,-4,28.6,1,2015-16
22015,101181,Jose Calderon,1610612752,NYK,New York Knicks,0021500307,2015-12-07,NYK vs. DAL,L,35,5,7,0.714,3,4,0.75,1,1,1.0,0,7,7,5,1,0,1,3,14,-2,31.9,1,2015-16
22015,202338,Kevin Seraphin,1610612752,NYK,New York Knicks,0021500307,2015-12-07,NYK vs. DAL,L,16,3,8,0.375,0,0,,0,0,,1,4,5,0,0,1,0,0,6,-8,15.0,1,2015-16
22015,1626170,Jerian Grant,1610612752,NYK,New York Knicks,0021500307,2015-12-07,NYK vs. DAL,L,11,1,3,0.333,0,1,0.0,0,0,,0,1,1,2,0,0,2,2,2,0,4.2,1,2015-16
22015,203138,Hollis Thompson,1610612755,PHI,Philadelphia 76ers,0021500305,2015-12-07,PHI vs. SAS,L,19,1,6,0.167,1,4,0.25,0,0,,0,1,1,0,0,0,0,1,3,-24,4.2,1,2015-16
22015,200782,P.J. Tucker,1610612756,PHX,Phoenix Suns,0021500309,2015-12-07,PHX @ CHI,W,18,0,1,0.0,0,0,,0,0,,0,1,1,0,2,0,4,1,0,-12,3.2,1,2015-16
22015,202720,Jon Leuer,1610612756,PHX,Phoenix Suns,0021500309,2015-12-07,PHX @ CHI,W,30,6,14,0.429,0,4,0.0,0,0,,2,6,8,0,2,1,2,2,12,2,28.6,1,2015-16
22015,203141,Mirza Teletovic,1610612756,PHX,Phoenix Suns,0021500309,2015-12-07,PHX @ CHI,W,31,7,12,0.583,4,6,0.667,2,2,1.0,1,3,4,2,0,2,1,0,20,12,32.8,1,2015-16
22015,203458,Alex Len,1610612756,PHX,Phoenix Suns,0021500309,2015-12-07,PHX @ CHI,W,22,6,14,0.429,0,0,,3,4,0.75,2,4,6,2,1,1,2,6,15,-9,29.2,1,2015-16
22015,203933,T.J. Warren,1610612756,PHX,Phoenix Suns,0021500309,2015-12-07,PHX @ CHI,W,25,2,8,0.25,0,0,,1,1,1.0,1,2,3,3,2,0,2,3,5,6,17.1,1,2015-16
22015,202334,Ed Davis,1610612757,POR,Portland Trail Blazers,0021500310,2015-12-07,POR @ MIL,L,28,4,6,0.667,0,0,,2,2,1.0,5,8,13,2,0,2,1,3,10,4,33.6,1,2015-16
22015,203486,Mason Plumlee,1610612757,POR,Portland Trail Blazers,0021500310,2015-12-07,POR @ MIL,L,20,1,4,0.25,0,0,,1,2,0.5,0,4,4,1,0,3,2,3,3,-9,16.3,1,2015-16
22015,2564,Boris Diaw,1610612759,SAS,San Antonio Spurs,0021500305,2015-12-07,SAS @ PHI,W,16,3,3,1.0,1,1,1.0,0,0,,1,2,3,5,0,0,2,0,7,32,16.1,1,2015-16
22015,2588,Matt Bonner,1610612759,SAS,San Antonio Spurs,0021500305,2015-12-07,SAS @ PHI,W,24,4,6,0.667,1,3,0.333,0,0,,0,1,1,3,0,0,0,0,9,7,14.7,1,2015-16
22015,201988,Patty Mills,1610612759,SAS,San Antonio Spurs,0021500305,2015-12-07,SAS @ PHI,W,12,2,3,0.667,0,1,0.0,0,0,,0,1,1,4,0,0,0,0,4,17,11.2,1,2015-16
22015,203492,Ray McCallum,1610612759,SAS,San Antonio Spurs,0021500305,2015-12-07,SAS @ PHI,W,25,1,2,0.5,0,1,0.0,4,4,1.0,0,5,5,3,0,0,1,0,6,23,15.5,1,2015-16
22015,2449,Luis Scola,1610612761,TOR,Toronto Raptors,0021500308,2015-12-07,TOR vs. LAL,W,17,0,3,0.0,0,0,,2,2,1.0,0,1,1,2,1,0,2,3,2,-9,7.2,1,2015-16
22015,202687,Bismack Biyombo,1610612761,TOR,Toronto Raptors,0021500308,2015-12-07,TOR vs. LAL,W,29,4,8,0.5,0,0,,7,11,0.636,5,8,13,0,0,2,0,4,15,10,36.6,1,2015-16
22015,1626181,Norman Powell,1610612761,TOR,Toronto Raptors,0021500308,2015-12-07,TOR vs. LAL,W,5,0,1,0.0,0,1,0.0,0,0,,0,2,2,0,0,0,1,1,0,1,1.4,1,2015-16
22015,201162,Jared Dudley,1610612764,WAS,Washington Wizards,0021500306,2015-12-07,WAS @ MIA,W,35,4,9,0.444,2,4,0.5,2,3,0.667,2,2,4,1,1,0,1,3,12,6,20.3,1,2015-16
22015,201971,DeJuan Blair,1610612764,WAS,Washington Wizards,0021500306,2015-12-07,WAS @ MIA,W,1,0,2,0.0,0,0,,0,0,,1,0,1,0,0,0,0,0,0,-2,1.2,1,2015-16
22015,202066,Garrett Temple,1610612764,WAS,Washington Wizards,0021500306,2015-12-07,WAS @ MIA,W,8,1,2,0.5,1,1,1.0,0,0,,0,2,2,1,0,0,0,2,3,3,6.9,1,2015-16
22015,202322,John Wall,1610612764,WAS,Washington Wizards,0021500306,2015-12-07,WAS @ MIA,W,38,9,13,0.692,1,1,1.0,7,7,1.0,0,1,1,7,1,0,2,0,26,17,38.7,1,2015-16
22015,201150,Spencer Hawes,1610612766,CHA,Charlotte Hornets,0021500304,2015-12-07,CHA vs. DET,W,16,4,8,0.5,0,2,0.0,0,0,,0,3,3,1,0,0,0,0,8,2,13.1,1,2015-16
22015,203469,Cody Zeller,1610612766,CHA,Charlotte Hornets,0021500304,2015-12-07,CHA vs. DET,W,28,5,9,0.556,0,0,,10,13,0.769,4,2,6,1,0,2,3,3,20,20,31.7,1,2015-16
22015,1626163,Frank Kaminsky,1610612766,CHA,Charlotte Hornets,0021500304,2015-12-07,CHA vs. DET,W,31,3,5,0.6,1,2,0.5,0,0,,0,4,4,1,0,1,2,4,7,12,14.3,1,2015-16
22015,101161,Amir Johnson,1610612738,BOS,Boston Celtics,0021500312,2015-12-07,BOS @ NOP,W,24,3,5,0.6,0,1,0.0,3,6,0.5,2,3,5,2,0,3,1,2,9,16,26.0,1,2015-16
22015,202340,Avery Bradley,1610612738,BOS,Boston Celtics,0021500312,2015-12-07,BOS @ NOP,W,29,3,8,0.375,3,5,0.6,2,2,1.0,0,3,3,4,1,0,1,2,11,18,22.6,1,2015-16
22015,201600,Omer Asik,1610612740,NOP,New Orleans Pelicans,0021500312,2015-12-07,NOP vs. BOS,L,10,0,1,0.0,0,0,,3,4,0.75,1,1,2,0,1,0,0,0,3,-7,8.4,1,2015-16
22015,202337,Luke Babbitt,1610612740,NOP,New Orleans Pelicans,0021500312,2015-12-07,NOP vs. BOS,L,4,0,1,0.0,0,0,,0,0,,0,0,0,0,0,0,0,0,0,3,0.0,1,2015-16
22015,202708,Norris Cole,1610612740,NOP,New Orleans Pelicans,0021500312,2015-12-07,NOP vs. BOS,L,29,4,15,0.267,0,4,0.0,0,0,,1,1,2,1,2,1,3,4,8,-3,17.9,1,2015-16
22015,202703,Nikola Mirotic,1610612741,CHI,Chicago Bulls,0021500309,2015-12-07,CHI vs. PHX,L,28,6,13,0.462,1,7,0.143,0,0,,4,3,7,4,1,1,2,1,13,11,31.4,1,2015-16
22015,101109,Raymond Felton,1610612742,DAL,Dallas Mavericks,0021500307,2015-12-07,DAL @ NYK,W,34,6,11,0.545,2,6,0.333,0,0,,0,5,5,5,1,0,0,0,14,16,30.5,1,2015-16
22015,2037,Jamal Crawford,1610612746,LAC,LA Clippers,0021500311,2015-12-07,LAC @ MIN,W,27,5,11,0.455,4,6,0.667,4,4,1.0,0,3,3,7,1,0,2,2,18,13,33.1,1,2015-16
22015,201564,O.J. Mayo,1610612749,MIL,Milwaukee Bucks,0021500310,2015-12-07,MIL vs. POR,W,36,5,13,0.385,3,7,0.429,2,2,1.0,0,1,1,2,3,0,1,5,15,11,27.2,1,2015-16
22015,203114,Khris Middleton,1610612749,MIL,Milwaukee Bucks,0021500310,2015-12-07,MIL vs. POR,W,41,4,13,0.308,1,6,0.167,5,6,0.833,0,1,1,3,2,1,1,5,14,2,27.7,1,2015-16
22015,1626173,Rashad Vaughn,1610612749,MIL,Milwaukee Bucks,0021500310,2015-12-07,MIL vs. POR,W,9,0,2,0.0,0,0,,0,0,,1,2,3,1,2,0,1,1,0,-2,10.1,1,2015-16
22015,2755,Kevin Martin,1610612750,MIN,Minnesota Timberwolves,0021500311,2015-12-07,MIN vs. LAC,L,14,0,3,0.0,0,1,0.0,0,0,,0,2,2,0,1,0,1,1,0,-7,4.4,1,2015-16
22015,201937,Ricky Rubio,1610612750,MIN,Minnesota Timberwolves,0021500311,2015-12-07,MIN vs. LAC,L,29,4,8,0.5,0,1,0.0,8,8,1.0,1,4,5,7,4,0,6,2,16,-15,38.5,1,2015-16
22015,201167,Arron Afflalo,1610612752,NYK,New York Knicks,0021500307,2015-12-07,NYK vs. DAL,L,30,2,6,0.333,0,2,0.0,2,2,1.0,0,6,6,4,0,0,0,4,6,-7,19.2,1,2015-16
22015,204038,Langston Galloway,1610612752,NYK,New York Knicks,0021500307,2015-12-07,NYK vs. DAL,L,22,1,6,0.167,1,2,0.5,0,0,,1,3,4,2,2,0,1,0,3,-8,15.8,1,2015-16
22015,204456,T.J. McConnell,1610612755,PHI,Philadelphia 76ers,0021500305,2015-12-07,PHI vs. SAS,L,18,1,6,0.167,0,2,0.0,0,0,,0,2,2,2,0,0,1,1,2,-13,6.4,1,2015-16
22015,202688,Brandon Knight,1610612756,PHX,Phoenix Suns,0021500309,2015-12-07,PHX @ CHI,W,36,7,14,0.5,1,4,0.25,6,7,0.857,1,2,3,3,1,0,3,1,21,11,29.1,1,2015-16
22015,202335,Patrick Patterson,1610612761,TOR,Toronto Raptors,0021500308,2015-12-07,TOR vs. LAL,W,29,1,7,0.143,0,4,0.0,0,0,,0,2,2,2,1,0,0,1,2,16,10.4,1,2015-16
22015,202709,Cory Joseph,1610612761,TOR,Toronto Raptors,0021500308,2015-12-07,TOR vs. LAL,W,31,3,7,0.429,0,2,0.0,8,10,0.8,1,1,2,2,1,0,0,0,14,16,22.4,1,2015-16
22015,101141,Ersan Ilyasova,1610612765,DET,Detroit Pistons,0021500304,2015-12-07,DET @ CHA,L,28,4,14,0.286,3,10,0.3,4,8,0.5,1,12,13,1,1,1,3,2,15,-19,35.1,1,2015-16
22015,201202,Joel Anthony,1610612765,DET,Detroit Pistons,0021500304,2015-12-07,DET @ CHA,L,4,0,0,,0,0,,0,0,,0,0,0,0,0,0,0,1,0,2,0.0,1,2015-16
22015,202694,Marcus Morris Sr.,1610612765,DET,Detroit Pistons,0021500304,2015-12-07,DET @ CHA,L,30,4,11,0.364,1,2,0.5,2,3,0.667,1,2,3,1,0,1,2,2,11,-16,17.1,1,2015-16
22015,202704,Reggie Jackson,1610612765,DET,Detroit Pistons,0021500304,2015-12-07,DET @ CHA,L,24,2,9,0.222,0,4,0.0,0,0,,0,1,1,1,0,0,3,3,4,-23,3.7,1,2015-16
22015,1626199,Darrun Hilliard,1610612765,DET,Detroit Pistons,0021500304,2015-12-07,DET @ CHA,L,4,0,2,0.0,0,0,,2,4,0.5,0,0,0,0,0,0,0,0,2,2,2.0,1,2015-16
22015,203096,Jared Sullinger,1610612738,BOS,Boston Celtics,0021500312,2015-12-07,BOS @ NOP,W,34,4,13,0.308,1,2,0.5,2,2,1.0,4,16,20,3,1,0,5,4,11,32,37.5,1,2015-16
22015,203109,Jae Crowder,1610612738,BOS,Boston Celtics,0021500312,2015-12-07,BOS @ NOP,W,35,5,10,0.5,2,6,0.333,5,5,1.0,0,1,1,1,0,3,2,1,17,21,26.7,1,2015-16
22015,201583,Ryan Anderson,1610612740,NOP,New Orleans Pelicans,0021500312,2015-12-07,NOP vs. BOS,L,34,7,17,0.412,1,2,0.5,3,4,0.75,5,4,9,2,0,0,1,2,18,-11,30.8,1,2015-16
22015,201936,Tyreke Evans,1610612740,NOP,New Orleans Pelicans,0021500312,2015-12-07,NOP vs. BOS,L,18,0,5,0.0,0,0,,0,0,,1,1,2,3,1,0,5,2,0,-15,4.9,1,2015-16
22015,202087,Alonzo Gee,1610612740,NOP,New Orleans Pelicans,0021500312,2015-12-07,NOP vs. BOS,L,13,3,3,1.0,1,1,1.0,1,1,1.0,0,1,1,1,0,0,0,0,8,-8,10.7,1,2015-16
22015,202397,Ish Smith,1610612740,NOP,New Orleans Pelicans,0021500312,2015-12-07,NOP vs. BOS,L,16,3,4,0.75,0,0,,1,2,0.5,0,4,4,4,0,0,3,0,7,0,14.8,1,2015-16
22015,203076,Anthony Davis,1610612740,NOP,New Orleans Pelicans,0021500312,2015-12-07,NOP vs. BOS,L,30,8,21,0.381,0,2,0.0,0,0,,2,4,6,0,2,3,0,3,16,-24,38.2,1,2015-16
22015,201565,Derrick Rose,1610612741,CHI,Chicago Bulls,0021500309,2015-12-07,CHI vs. PHX,L,34,7,18,0.389,0,3,0.0,0,0,,1,5,6,4,3,1,5,3,14,2,34.2,1,2015-16
22015,201959,Taj Gibson,1610612741,CHI,Chicago Bulls,0021500309,2015-12-07,CHI vs. PHX,L,22,4,10,0.4,0,0,,0,0,,5,3,8,3,2,2,3,4,8,-14,31.1,1,2015-16
22015,203926,Doug McDermott,1610612741,CHI,Chicago Bulls,0021500309,2015-12-07,CHI vs. PHX,L,23,4,7,0.571,0,2,0.0,0,0,,0,0,0,1,0,0,1,2,8,-11,8.5,1,2015-16
22015,2585,Zaza Pachulia,1610612742,DAL,Dallas Mavericks,0021500307,2015-12-07,DAL @ NYK,W,32,3,8,0.375,0,0,,2,2,1.0,3,5,8,2,1,0,0,2,8,9,23.6,1,2015-16
22015,101114,Deron Williams,1610612742,DAL,Dallas Mavericks,0021500307,2015-12-07,DAL @ NYK,W,34,7,15,0.467,3,6,0.5,3,4,0.75,0,3,3,7,0,0,3,2,20,-2,31.1,1,2015-16
22015,202083,Wesley Matthews,1610612742,DAL,Dallas Mavericks,0021500307,2015-12-07,DAL @ NYK,W,34,3,10,0.3,2,8,0.25,2,2,1.0,1,4,5,4,3,0,2,3,10,5,29.0,1,2015-16
22015,1718,Paul Pierce,1610612746,LAC,LA Clippers,0021500311,2015-12-07,LAC @ MIN,W,6,0,2,0.0,0,1,0.0,0,0,,0,0,0,0,0,0,2,0,0,-4,-2.0,1,2015-16
22015,201933,Blake Griffin,1610612746,LAC,LA Clippers,0021500311,2015-12-07,LAC @ MIN,W,37,7,17,0.412,0,1,0.0,2,2,1.0,3,8,11,5,1,0,3,4,16,8,36.7,1,2015-16
22015,202325,Wesley Johnson,1610612746,LAC,LA Clippers,0021500311,2015-12-07,LAC @ MIN,W,22,4,6,0.667,2,4,0.5,0,0,,1,1,2,1,1,2,0,2,10,12,22.9,1,2015-16
22015,977,Kobe Bryant,1610612747,LAL,Los Angeles Lakers,0021500308,2015-12-07,LAL @ TOR,L,32,8,16,0.5,1,4,0.25,4,5,0.8,0,8,8,4,2,0,4,3,21,-11,38.6,1,2015-16
22015,1626156,D'Angelo Russell,1610612747,LAL,Los Angeles Lakers,0021500308,2015-12-07,LAL @ TOR,L,21,4,12,0.333,1,5,0.2,0,0,,0,3,3,2,0,0,2,0,9,-3,13.6,1,2015-16
22015,1626204,Larry Nance Jr.,1610612747,LAL,Los Angeles Lakers,0021500308,2015-12-07,LAL @ TOR,L,29,3,4,0.75,0,0,,0,0,,2,4,6,0,0,3,1,4,6,-6,21.2,1,2015-16
22015,203089,John Henson,1610612749,MIL,Milwaukee Bucks,0021500310,2015-12-07,MIL vs. POR,W,21,3,3,1.0,0,0,,2,4,0.5,1,6,7,1,0,4,0,0,8,-9,29.9,1,2015-16
22015,203953,Jabari Parker,1610612749,MIL,Milwaukee Bucks,0021500310,2015-12-07,MIL vs. POR,W,32,4,8,0.5,0,0,,4,5,0.8,0,6,6,4,0,0,2,1,12,3,23.2,1,2015-16
22015,202357,Nemanja Bjelica,1610612750,MIN,Minnesota Timberwolves,0021500311,2015-12-07,MIN vs. LAC,L,17,3,5,0.6,2,4,0.5,1,1,1.0,2,2,4,1,0,0,1,3,9,7,14.3,1,2015-16
22015,203476,Gorgui Dieng,1610612750,MIN,Minnesota Timberwolves,0021500311,2015-12-07,MIN vs. LAC,L,30,5,10,0.5,0,0,,4,4,1.0,1,4,5,2,0,0,2,5,14,14,21.0,1,2015-16
22015,203498,Shabazz Muhammad,1610612750,MIN,Minnesota Timberwolves,0021500311,2015-12-07,MIN vs. LAC,L,26,4,10,0.4,0,3,0.0,5,7,0.714,4,5,9,0,0,0,1,0,13,15,22.8,1,2015-16
22015,1626157,Karl-Anthony Towns,1610612750,MIN,Minnesota Timberwolves,0021500311,2015-12-07,MIN vs. LAC,L,29,7,9,0.778,3,3,1.0,1,2,0.5,0,5,5,2,0,2,2,6,18,-4,31.0,1,2015-16
22015,202682,Derrick Williams,1610612752,NYK,New York Knicks,0021500307,2015-12-07,NYK vs. DAL,L,10,2,4,0.5,0,1,0.0,0,0,,0,2,2,2,0,0,0,1,4,-3,9.4,1,2015-16
22015,204001,Kristaps Porziņģis,1610612752,NYK,New York Knicks,0021500307,2015-12-07,NYK vs. DAL,L,35,13,18,0.722,2,4,0.5,0,0,,0,2,2,1,1,2,2,1,28,-2,38.9,1,2015-16
22015,203100,Tony Wroten,1610612755,PHI,Philadelphia 76ers,0021500305,2015-12-07,PHI vs. SAS,L,14,0,5,0.0,0,1,0.0,2,4,0.5,0,1,1,2,0,0,1,2,2,-22,5.2,1,2015-16
22015,203457,Nerlens Noel,1610612755,PHI,Philadelphia 76ers,0021500305,2015-12-07,PHI vs. SAS,L,24,6,9,0.667,0,0,,1,2,0.5,3,3,6,1,2,1,1,4,13,-25,29.7,1,2015-16
22015,203477,Isaiah Canaan,1610612755,PHI,Philadelphia 76ers,0021500305,2015-12-07,PHI vs. SAS,L,28,0,6,0.0,0,5,0.0,0,0,,0,1,1,5,0,0,0,0,0,-22,8.7,1,2015-16
22015,203928,Cory Jefferson,1610612756,PHX,Phoenix Suns,0021500309,2015-12-07,PHX @ CHI,W,0,0,0,,0,0,,0,0,,0,0,0,0,0,0,0,0,0,0,0.0,1,2015-16
22015,202329,Al-Farouq Aminu,1610612757,POR,Portland Trail Blazers,0021500310,2015-12-07,POR @ MIL,L,30,4,8,0.5,1,3,0.333,0,1,0.0,1,4,5,1,2,0,1,4,9,-1,21.5,1,2015-16
22015,203090,Maurice Harkless,1610612757,POR,Portland Trail Blazers,0021500310,2015-12-07,POR @ MIL,L,10,0,1,0.0,0,1,0.0,0,0,,1,1,2,0,0,0,0,0,0,2,2.4,1,2015-16
22015,2561,David West,1610612759,SAS,San Antonio Spurs,0021500305,2015-12-07,SAS @ PHI,W,9,3,3,1.0,0,0,,0,0,,2,2,4,3,2,0,0,1,6,21,21.3,1,2015-16
22015,203613,Jonathon Simmons,1610612759,SAS,San Antonio Spurs,0021500305,2015-12-07,SAS @ PHI,W,24,4,13,0.308,0,0,,6,8,0.75,2,2,4,2,0,0,1,4,14,25,20.8,1,2015-16
22015,200768,Kyle Lowry,1610612761,TOR,Toronto Raptors,0021500308,2015-12-07,TOR vs. LAL,W,38,9,19,0.474,5,11,0.455,4,4,1.0,1,6,7,6,0,0,2,1,27,6,42.4,1,2015-16
22015,2743,Kris Humphries,1610612764,WAS,Washington Wizards,0021500306,2015-12-07,WAS @ MIA,W,17,1,5,0.2,0,1,0.0,0,0,,1,1,2,1,0,0,0,3,2,0,5.9,1,2015-16
22015,200797,Ryan Hollins,1610612764,WAS,Washington Wizards,0021500306,2015-12-07,WAS @ MIA,W,14,2,3,0.667,0,0,,0,0,,4,1,5,0,0,1,0,1,4,-1,13.0,1,2015-16
22015,202390,Gary Neal,1610612764,WAS,Washington Wizards,0021500306,2015-12-07,WAS @ MIA,W,36,9,12,0.75,3,4,0.75,0,0,,1,1,2,4,2,0,1,4,21,17,34.4,1,2015-16
22015,203484,Kentavious Caldwell-Pope,1610612765,DET,Detroit Pistons,0021500304,2015-12-07,DET @ CHA,L,38,7,15,0.467,1,5,0.2,1,2,0.5,1,3,4,1,3,0,1,3,16,-20,30.3,1,2015-16
22015,203915,Spencer Dinwiddie,1610612765,DET,Detroit Pistons,0021500304,2015-12-07,DET @ CHA,L,4,0,1,0.0,0,0,,0,0,,0,0,0,1,0,0,0,0,0,2,1.5,1,2015-16
22015,201587,Nicolas Batum,1610612766,CHA,Charlotte Hornets,0021500304,2015-12-07,CHA vs. DET,W,34,4,15,0.267,2,7,0.286,3,3,1.0,1,6,7,8,2,0,4,0,13,16,35.4,1,2015-16
22015,203087,Jeremy Lamb,1610612766,CHA,Charlotte Hornets,0021500304,2015-12-07,CHA vs. DET,W,21,3,11,0.273,0,2,0.0,0,2,0.0,3,4,7,3,0,1,1,3,6,13,20.9,1,2015-16
22015,202738,Isaiah Thomas,1610612738,BOS,Boston Celtics,0021500312,2015-12-07,BOS @ NOP,W,30,9,13,0.692,4,4,1.0,0,0,,0,2,2,5,1,0,1,2,22,19,33.9,1,2015-16
22015,101108,Chris Paul,1610612746,LAC,LA Clippers,0021500311,2015-12-07,LAC @ MIN,W,32,5,14,0.357,1,2,0.5,3,3,1.0,0,1,1,5,4,0,5,4,14,7,29.7,1,2015-16
22015,2547,Chris Bosh,1610612748,MIA,Miami Heat,0021500306,2015-12-07,MIA vs. WAS,L,36,5,11,0.455,1,3,0.333,7,8,0.875,2,7,9,4,1,2,2,1,18,3,41.8,1,2015-16
22015,202355,Hassan Whiteside,1610612748,MIA,Miami Heat,0021500306,2015-12-07,MIA vs. WAS,L,23,7,7,1.0,0,0,,0,3,0.0,0,4,4,0,0,3,0,1,14,2,27.8,1,2015-16
22015,202328,Greg Monroe,1610612749,MIL,Milwaukee Bucks,0021500310,2015-12-07,MIL vs. POR,W,27,7,11,0.636,0,0,,2,2,1.0,2,10,12,3,0,0,2,1,16,11,32.9,1,2015-16
22015,202498,Lance Thomas,1610612752,NYK,New York Knicks,0021500307,2015-12-07,NYK vs. DAL,L,27,4,9,0.444,2,5,0.4,1,1,1.0,0,2,2,0,0,0,2,3,11,5,11.4,1,2015-16
22015,202693,Markieff Morris,1610612756,PHX,Phoenix Suns,0021500309,2015-12-07,PHX @ CHI,W,7,0,2,0.0,0,0,,0,0,,0,3,3,0,0,0,1,1,0,-1,2.6,1,2015-16
22015,1626164,Devin Booker,1610612756,PHX,Phoenix Suns,0021500309,2015-12-07,PHX @ CHI,W,33,6,10,0.6,2,2,1.0,0,0,,0,3,3,5,1,0,1,1,14,6,27.1,1,2015-16
22015,203081,Damian Lillard,1610612757,POR,Portland Trail Blazers,0021500310,2015-12-07,POR @ MIL,L,38,8,19,0.421,3,8,0.375,4,4,1.0,0,5,5,7,0,0,4,2,23,-5,35.5,1,2015-16
22015,203082,Terrence Ross,1610612761,TOR,Toronto Raptors,0021500308,2015-12-07,TOR vs. LAL,W,39,8,12,0.667,4,6,0.667,2,2,1.0,1,5,6,0,2,0,0,1,22,0,35.2,1,2015-16
22015,203584,Troy Daniels,1610612766,CHA,Charlotte Hornets,0021500304,2015-12-07,CHA vs. DET,W,4,0,0,,0,0,,0,0,,0,0,0,0,0,0,0,1,0,-2,0.0,1,2015-16
22015,203798,PJ Hairston,1610612766,CHA,Charlotte Hornets,0021500304,2015-12-07,CHA vs. DET,W,16,2,6,0.333,1,3,0.333,1,1,1.0,0,3,3,1,0,0,0,5,6,13,11.1,1,2015-16
22015,2210,Richard Jefferson,1610612739,CLE,Cleveland Cavaliers,0021500313,2015-12-08,CLE vs. POR,W,20,3,6,0.5,1,3,0.333,0,0,,0,0,0,2,0,0,0,2,7,8,10.0,1,2015-16
22015,201575,Brandon Rush,1610612744,GSW,Golden State Warriors,0021500314,2015-12-08,GSW @ IND,W,25,5,10,0.5,3,6,0.5,0,0,,3,0,3,1,0,1,1,1,13,-12,20.1,1,2015-16
22015,201939,Stephen Curry,1610612744,GSW,Golden State Warriors,0021500314,2015-12-08,GSW @ IND,W,36,11,23,0.478,3,10,0.3,4,6,0.667,0,7,7,10,3,0,4,1,29,18,57.4,1,2015-16
22015,203546,Ian Clark,1610612744,GSW,Golden State Warriors,0021500314,2015-12-08,GSW @ IND,W,12,1,5,0.2,0,1,0.0,0,0,,0,0,0,2,0,0,0,3,2,-10,5.0,1,2015-16
22015,201152,Thaddeus Young,1610612751,BKN,Brooklyn Nets,0021500315,2015-12-08,BKN vs. HOU,W,34,10,13,0.769,0,0,,0,0,,2,10,12,5,3,0,5,2,20,11,45.9,1,2015-16
22015,202696,Nikola Vučević,1610612753,ORL,Orlando Magic,0021500317,2015-12-08,ORL @ DEN,W,34,9,14,0.643,0,0,,0,1,0.0,5,8,13,3,2,2,3,1,18,16,47.1,1,2015-16
22015,201941,Jordan Hill,1610612754,IND,Indiana Pacers,0021500314,2015-12-08,IND vs. GSW,L,17,4,7,0.571,0,0,,2,4,0.5,2,1,3,2,0,0,0,2,10,-2,16.6,1,2015-16
22015,202730,Lavoy Allen,1610612754,IND,Indiana Pacers,0021500314,2015-12-08,IND vs. GSW,L,6,2,5,0.4,0,0,,0,0,,1,0,1,0,0,0,1,0,4,0,4.2,1,2015-16
22015,203524,Solomon Hill,1610612754,IND,Indiana Pacers,0021500314,2015-12-08,IND vs. GSW,L,21,3,8,0.375,0,0,,0,0,,5,4,9,2,1,1,0,4,6,9,25.8,1,2015-16
22015,202334,Ed Davis,1610612757,POR,Portland Trail Blazers,0021500313,2015-12-08,POR @ CLE,L,25,3,5,0.6,0,0,,0,2,0.0,2,2,4,2,1,0,2,3,6,-8,14.8,1,2015-16
22015,203459,Allen Crabbe,1610612757,POR,Portland Trail Blazers,0021500313,2015-12-08,POR @ CLE,L,34,6,11,0.545,1,3,0.333,1,1,1.0,1,2,3,1,0,0,1,3,14,-6,18.1,1,2015-16
22015,203468,CJ McCollum,1610612757,POR,Portland Trail Blazers,0021500313,2015-12-08,POR @ CLE,L,36,10,19,0.526,4,8,0.5,0,0,,0,3,3,5,2,0,4,0,24,4,37.1,1,2015-16
22015,200765,Rajon Rondo,1610612758,SAC,Sacramento Kings,0021500318,2015-12-08,SAC vs. UTA,W,37,5,8,0.625,1,2,0.5,6,7,0.857,1,6,7,13,2,0,5,0,17,6,45.9,1,2015-16
22015,201627,Anthony Morrow,1610612760,OKC,Oklahoma City Thunder,0021500316,2015-12-08,OKC @ MEM,W,19,3,4,0.75,1,1,1.0,1,1,1.0,1,2,3,2,0,0,0,2,8,7,14.6,1,2015-16
22015,203500,Steven Adams,1610612760,OKC,Oklahoma City Thunder,0021500316,2015-12-08,OKC @ MEM,W,14,1,5,0.2,0,0,,2,4,0.5,4,1,5,0,1,0,1,2,4,12,12.0,1,2015-16
22015,203504,Trey Burke,1610612762,UTA,Utah Jazz,0021500318,2015-12-08,UTA @ SAC,L,21,5,14,0.357,2,8,0.25,0,0,,1,1,2,3,1,0,2,3,12,-1,19.9,1,2015-16
22015,203918,Rodney Hood,1610612762,UTA,Utah Jazz,0021500318,2015-12-08,UTA @ SAC,L,34,6,12,0.5,5,8,0.625,0,0,,0,2,2,3,1,0,2,2,17,-15,24.9,1,2015-16
22015,1626168,Trey Lyles,1610612762,UTA,Utah Jazz,0021500318,2015-12-08,UTA @ SAC,L,18,3,5,0.6,1,1,1.0,0,0,,1,2,3,0,0,0,0,2,7,-12,10.6,1,2015-16
22015,1713,Vince Carter,1610612763,MEM,Memphis Grizzlies,0021500316,2015-12-08,MEM vs. OKC,L,22,3,7,0.429,1,3,0.333,0,0,,1,2,3,1,0,0,0,0,7,-9,12.1,1,2015-16
22015,201584,Courtney Lee,1610612763,MEM,Memphis Grizzlies,0021500316,2015-12-08,MEM vs. OKC,L,30,4,13,0.308,1,4,0.25,0,0,,0,2,2,0,1,1,2,1,9,-21,15.4,1,2015-16
22015,201567,Kevin Love,1610612739,CLE,Cleveland Cavaliers,0021500313,2015-12-08,CLE vs. POR,W,30,5,12,0.417,0,1,0.0,8,10,0.8,2,2,4,4,4,0,1,0,18,-2,39.8,1,2015-16
22015,201568,Danilo Gallinari,1610612743,DEN,Denver Nuggets,0021500317,2015-12-08,DEN vs. ORL,L,38,5,14,0.357,1,4,0.25,2,2,1.0,1,5,6,2,1,1,1,0,13,-7,28.2,1,2015-16
22015,201581,JJ Hickson,1610612743,DEN,Denver Nuggets,0021500317,2015-12-08,DEN vs. ORL,L,29,4,10,0.4,0,0,,2,6,0.333,3,8,11,0,0,1,4,2,10,-7,22.2,1,2015-16
22015,202702,Kenneth Faried,1610612743,DEN,Denver Nuggets,0021500317,2015-12-08,DEN vs. ORL,L,36,2,12,0.167,0,0,,3,6,0.5,2,9,11,3,1,2,2,3,7,-7,31.7,1,2015-16
22015,1626144,Emmanuel Mudiay,1610612743,DEN,Denver Nuggets,0021500317,2015-12-08,DEN vs. ORL,L,22,2,5,0.4,0,1,0.0,2,2,1.0,2,1,3,4,1,1,5,1,6,-6,16.6,1,2015-16
22015,2738,Andre Iguodala,1610612744,GSW,Golden State Warriors,0021500314,2015-12-08,GSW @ IND,W,33,3,4,0.75,0,0,,0,0,,0,3,3,5,5,1,0,1,6,18,35.1,1,2015-16
22015,202691,Klay Thompson,1610612744,GSW,Golden State Warriors,0021500314,2015-12-08,GSW @ IND,W,34,13,21,0.619,10,16,0.625,3,3,1.0,1,6,7,6,0,1,4,2,39,19,55.4,1,2015-16
22015,1891,Jason Terry,1610612745,HOU,Houston Rockets,0021500315,2015-12-08,HOU @ BKN,L,15,2,5,0.4,2,4,0.5,2,2,1.0,1,1,2,1,2,0,0,1,8,14,17.9,1,2015-16
22015,201951,Ty Lawson,1610612745,HOU,Houston Rockets,0021500315,2015-12-08,HOU @ BKN,L,19,0,3,0.0,0,0,,0,0,,0,0,0,5,1,1,0,0,0,5,13.5,1,2015-16
22015,201976,Patrick Beverley,1610612745,HOU,Houston Rockets,0021500315,2015-12-08,HOU @ BKN,L,28,4,10,0.4,2,7,0.286,0,0,,0,0,0,3,5,0,2,4,10,-12,27.5,1,2015-16
22015,203991,Clint Capela,1610612745,HOU,Houston Rockets,0021500315,2015-12-08,HOU @ BKN,L,27,3,8,0.375,0,0,,0,2,0.0,3,6,9,0,0,0,3,2,6,-13,13.8,1,2015-16
22015,201961,Wayne Ellington,1610612751,BKN,Brooklyn Nets,0021500315,2015-12-08,BKN vs. HOU,W,16,3,8,0.375,1,3,0.333,0,0,,1,1,2,0,0,0,1,1,7,-8,8.4,1,2015-16
22015,203499,Shane Larkin,1610612751,BKN,Brooklyn Nets,0021500315,2015-12-08,BKN vs. HOU,W,16,0,2,0.0,0,0,,2,2,1.0,0,0,0,3,2,0,4,0,2,-9,8.5,1,2015-16
22015,101112,Channing Frye,1610612753,ORL,Orlando Magic,0021500317,2015-12-08,ORL @ DEN,W,24,0,3,0.0,0,2,0.0,0,0,,0,2,2,1,2,0,2,2,0,7,7.9,1,2015-16
22015,203094,Andrew Nicholson,1610612753,ORL,Orlando Magic,0021500317,2015-12-08,ORL @ DEN,W,21,4,7,0.571,0,1,0.0,0,0,,2,12,14,0,0,0,3,2,8,-4,21.8,1,2015-16
22015,203894,Shabazz Napier,1610612753,ORL,Orlando Magic,0021500317,2015-12-08,ORL @ DEN,W,14,3,7,0.429,0,3,0.0,0,0,,0,0,0,0,1,0,1,0,6,0,8.0,1,2015-16
22015,201978,Chase Budinger,1610612754,IND,Indiana Pacers,0021500314,2015-12-08,IND vs. GSW,L,18,4,7,0.571,1,1,1.0,3,4,0.75,4,3,7,0,0,0,0,0,12,18,20.4,1,2015-16
22015,202329,Al-Farouq Aminu,1610612757,POR,Portland Trail Blazers,0021500313,2015-12-08,POR @ CLE,L,31,1,3,0.333,1,2,0.5,1,2,0.5,1,4,5,0,0,1,1,5,4,-5,12.0,1,2015-16
22015,203486,Mason Plumlee,1610612757,POR,Portland Trail Blazers,0021500313,2015-12-08,POR @ CLE,L,22,2,6,0.333,0,0,,6,10,0.6,2,2,4,4,0,1,2,6,10,5,21.8,1,2015-16
22015,200752,Rudy Gay,1610612758,SAC,Sacramento Kings,0021500318,2015-12-08,SAC vs. UTA,W,35,10,13,0.769,1,3,0.333,2,2,1.0,0,4,4,1,0,1,1,3,23,14,31.3,1,2015-16
22015,201956,Omri Casspi,1610612758,SAC,Sacramento Kings,0021500318,2015-12-08,SAC vs. UTA,W,41,7,16,0.438,3,8,0.375,2,3,0.667,1,9,10,4,1,0,2,4,19,15,38.0,1,2015-16
22015,201571,D.J. Augustin,1610612760,OKC,Oklahoma City Thunder,0021500316,2015-12-08,OKC @ MEM,W,23,4,7,0.571,3,5,0.6,2,2,1.0,0,1,1,3,1,0,0,3,13,11,21.7,1,2015-16
22015,202683,Enes Freedom,1610612760,OKC,Oklahoma City Thunder,0021500316,2015-12-08,OKC @ MEM,W,15,3,6,0.5,0,1,0.0,0,2,0.0,2,3,5,0,0,0,0,2,6,4,12.0,1,2015-16
22015,202324,Derrick Favors,1610612762,UTA,Utah Jazz,0021500318,2015-12-08,UTA @ SAC,L,35,5,13,0.385,0,0,,4,7,0.571,6,4,10,4,1,0,2,4,14,-16,33.0,1,2015-16
22015,202344,Trevor Booker,1610612762,UTA,Utah Jazz,0021500318,2015-12-08,UTA @ SAC,L,27,4,10,0.4,0,1,0.0,4,6,0.667,7,3,10,1,1,0,0,2,12,6,28.5,1,2015-16
22015,202692,Alec Burks,1610612762,UTA,Utah Jazz,0021500318,2015-12-08,UTA @ SAC,L,30,6,15,0.4,2,6,0.333,4,5,0.8,1,3,4,3,0,0,1,4,18,11,26.3,1,2015-16
22015,203481,Jeff Withey,1610612762,UTA,Utah Jazz,0021500318,2015-12-08,UTA @ SAC,L,13,0,3,0.0,0,0,,0,0,,3,2,5,0,0,0,0,1,0,8,6.0,1,2015-16
22015,203526,Raul Neto,1610612762,UTA,Utah Jazz,0021500318,2015-12-08,UTA @ SAC,L,11,2,5,0.4,1,3,0.333,0,0,,0,0,0,1,0,0,2,1,5,-11,4.5,1,2015-16
22015,2754,Tony Allen,1610612763,MEM,Memphis Grizzlies,0021500316,2015-12-08,MEM vs. OKC,L,14,2,6,0.333,0,0,,0,0,,2,0,2,1,0,0,1,2,4,-16,6.9,1,2015-16
22015,201188,Marc Gasol,1610612763,MEM,Memphis Grizzlies,0021500316,2015-12-08,MEM vs. OKC,L,23,4,9,0.444,0,0,,3,3,1.0,1,3,4,1,0,1,3,2,11,-25,17.3,1,2015-16
22015,202684,Tristan Thompson,1610612739,CLE,Cleveland Cavaliers,0021500313,2015-12-08,CLE vs. POR,W,19,1,3,0.333,0,0,,0,0,,1,5,6,0,0,0,1,2,2,8,8.2,1,2015-16
22015,203099,Jared Cunningham,1610612739,CLE,Cleveland Cavaliers,0021500313,2015-12-08,CLE vs. POR,W,35,2,3,0.667,1,2,0.5,2,4,0.5,0,1,1,0,1,0,0,3,7,7,11.2,1,2015-16
22015,203521,Matthew Dellavedova,1610612739,CLE,Cleveland Cavaliers,0021500313,2015-12-08,CLE vs. POR,W,37,7,12,0.583,3,5,0.6,0,0,,0,3,3,3,1,0,1,4,17,4,27.1,1,2015-16
22015,2034,Mike Miller,1610612743,DEN,Denver Nuggets,0021500317,2015-12-08,DEN vs. ORL,L,10,0,2,0.0,0,2,0.0,0,0,,1,1,2,2,1,0,1,2,0,-3,7.4,1,2015-16
22015,2749,Jameer Nelson,1610612743,DEN,Denver Nuggets,0021500317,2015-12-08,DEN vs. ORL,L,26,2,8,0.25,2,5,0.4,0,0,,0,3,3,5,2,1,1,2,6,-5,25.1,1,2015-16
22015,203999,Nikola Jokić,1610612743,DEN,Denver Nuggets,0021500317,2015-12-08,DEN vs. ORL,L,17,2,6,0.333,0,0,,0,0,,1,3,4,1,0,0,0,1,4,2,10.3,1,2015-16
22015,2733,Shaun Livingston,1610612744,GSW,Golden State Warriors,0021500314,2015-12-08,GSW @ IND,W,22,3,3,1.0,0,0,,2,2,1.0,0,2,2,0,0,0,0,2,8,-27,10.4,1,2015-16
22015,101106,Andrew Bogut,1610612744,GSW,Golden State Warriors,0021500314,2015-12-08,GSW @ IND,W,23,7,8,0.875,0,0,,0,0,,3,7,10,1,1,2,1,3,14,31,35.5,1,2015-16
22015,201578,Marreese Speights,1610612744,GSW,Golden State Warriors,0021500314,2015-12-08,GSW @ IND,W,1,0,0,,0,0,,0,0,,0,0,0,0,0,0,0,0,0,-2,0.0,1,2015-16
22015,203105,Festus Ezeli,1610612744,GSW,Golden State Warriors,0021500314,2015-12-08,GSW @ IND,W,18,5,8,0.625,0,0,,2,4,0.5,2,3,5,0,0,0,1,2,12,-13,17.0,1,2015-16
22015,203110,Draymond Green,1610612744,GSW,Golden State Warriors,0021500314,2015-12-08,GSW @ IND,W,36,4,13,0.308,0,2,0.0,0,0,,1,8,9,4,1,1,4,4,8,18,26.8,1,2015-16
22015,201935,James Harden,1610612745,HOU,Houston Rockets,0021500315,2015-12-08,HOU @ BKN,L,35,2,9,0.222,1,5,0.2,5,6,0.833,0,3,3,9,3,0,7,2,10,-15,29.1,1,2015-16
22015,203093,Terrence Jones,1610612745,HOU,Houston Rockets,0021500315,2015-12-08,HOU @ BKN,L,16,2,5,0.4,1,2,0.5,0,0,,1,2,3,2,1,0,0,2,5,-8,14.6,1,2015-16
22015,201572,Brook Lopez,1610612751,BKN,Brooklyn Nets,0021500315,2015-12-08,BKN vs. HOU,W,39,9,14,0.643,0,0,,6,6,1.0,4,4,8,0,1,5,6,3,24,5,45.6,1,2015-16
22015,202711,Bojan Bogdanovic,1610612751,BKN,Brooklyn Nets,0021500315,2015-12-08,BKN vs. HOU,W,38,8,16,0.5,3,7,0.429,0,2,0.0,1,4,5,1,2,0,0,1,19,16,32.5,1,2015-16
22015,203080,Thomas Robinson,1610612751,BKN,Brooklyn Nets,0021500315,2015-12-08,BKN vs. HOU,W,11,1,3,0.333,0,0,,1,1,1.0,0,4,4,0,0,2,1,4,3,-2,12.8,1,2015-16
22015,203095,Evan Fournier,1610612753,ORL,Orlando Magic,0021500317,2015-12-08,ORL @ DEN,W,26,1,7,0.143,1,4,0.25,0,0,,0,2,2,1,0,0,1,5,3,16,5.9,1,2015-16
22015,203901,Elfrid Payton,1610612753,ORL,Orlando Magic,0021500317,2015-12-08,ORL @ DEN,W,32,8,15,0.533,0,0,,2,2,1.0,2,3,5,4,1,0,2,1,18,13,31.0,1,2015-16
22015,101133,Ian Mahinmi,1610612754,IND,Indiana Pacers,0021500314,2015-12-08,IND vs. GSW,L,21,3,5,0.6,0,0,,2,2,1.0,0,7,7,3,2,0,1,2,8,-11,25.9,1,2015-16
22015,203086,Meyers Leonard,1610612757,POR,Portland Trail Blazers,0021500313,2015-12-08,POR @ CLE,L,16,3,6,0.5,1,3,0.333,0,0,,2,1,3,1,0,0,2,2,7,-1,10.1,1,2015-16
22015,203943,Noah Vonleh,1610612757,POR,Portland Trail Blazers,0021500313,2015-12-08,POR @ CLE,L,11,1,1,1.0,0,0,,0,0,,1,3,4,0,0,0,0,2,2,9,6.8,1,2015-16
22015,201954,Darren Collison,1610612758,SAC,Sacramento Kings,0021500318,2015-12-08,SAC vs. UTA,W,25,3,8,0.375,0,3,0.0,0,0,,0,0,0,1,0,0,1,1,6,-5,6.5,1,2015-16
22015,202326,DeMarcus Cousins,1610612758,SAC,Sacramento Kings,0021500318,2015-12-08,SAC vs. UTA,W,37,8,14,0.571,1,3,0.333,6,10,0.6,2,10,12,6,1,0,5,6,23,4,44.4,1,2015-16
22015,201142,Kevin Durant,1610612760,OKC,Oklahoma City Thunder,0021500316,2015-12-08,OKC @ MEM,W,31,11,14,0.786,4,5,0.8,6,6,1.0,0,10,10,6,3,0,3,1,32,37,59.0,1,2015-16
22015,203210,JaMychal Green,1610612763,MEM,Memphis Grizzlies,0021500316,2015-12-08,MEM vs. OKC,L,19,4,7,0.571,0,0,,3,4,0.75,2,2,4,0,1,0,0,2,11,-9,18.8,1,2015-16
22015,2590,Mo Williams,1610612739,CLE,Cleveland Cavaliers,0021500313,2015-12-08,CLE vs. POR,W,21,5,10,0.5,1,3,0.333,2,2,1.0,0,2,2,2,0,0,2,1,13,-2,16.4,1,2015-16
22015,201589,Darrell Arthur,1610612743,DEN,Denver Nuggets,0021500317,2015-12-08,DEN vs. ORL,L,7,0,1,0.0,0,0,,0,0,,0,1,1,0,1,0,0,0,0,3,4.2,1,2015-16
22015,203115,Will Barton,1610612743,DEN,Denver Nuggets,0021500317,2015-12-08,DEN vs. ORL,L,38,9,23,0.391,3,10,0.3,2,4,0.5,0,4,4,1,4,1,1,3,23,-7,43.3,1,2015-16
22015,2730,Dwight Howard,1610612745,HOU,Houston Rockets,0021500315,2015-12-08,HOU @ BKN,L,29,4,5,0.8,0,0,,2,4,0.5,2,7,9,0,2,2,4,1,10,5,28.8,1,2015-16
22015,201147,Corey Brewer,1610612745,HOU,Houston Rockets,0021500315,2015-12-08,HOU @ BKN,L,34,9,16,0.563,4,8,0.5,0,0,,3,0,3,2,3,0,4,3,22,-9,33.6,1,2015-16
22015,201977,Marcus Thornton,1610612745,HOU,Houston Rockets,0021500315,2015-12-08,HOU @ BKN,L,26,12,18,0.667,5,8,0.625,3,3,1.0,0,6,6,3,3,0,1,0,32,14,51.7,1,2015-16
22015,202700,Donatas Motiejunas,1610612745,HOU,Houston Rockets,0021500315,2015-12-08,HOU @ BKN,L,7,0,0,,0,0,,0,0,,0,1,1,1,0,0,2,0,0,-7,0.7,1,2015-16
22015,101127,Jarrett Jack,1610612751,BKN,Brooklyn Nets,0021500315,2015-12-08,BKN vs. HOU,W,37,4,8,0.5,0,1,0.0,2,2,1.0,1,4,5,9,3,0,5,2,10,8,33.5,1,2015-16
22015,202699,Tobias Harris,1610612753,ORL,Orlando Magic,0021500317,2015-12-08,ORL @ DEN,W,32,7,13,0.538,0,2,0.0,3,3,1.0,0,9,9,1,2,2,2,4,17,10,39.3,1,2015-16
22015,203506,Victor Oladipo,1610612753,ORL,Orlando Magic,0021500317,2015-12-08,ORL @ DEN,W,33,5,14,0.357,0,4,0.0,1,2,0.5,0,3,3,3,1,4,4,2,11,7,30.1,1,2015-16
22015,1626209,Mario Hezonja,1610612753,ORL,Orlando Magic,0021500317,2015-12-08,ORL @ DEN,W,10,1,3,0.333,0,0,,0,0,,1,2,3,0,0,0,1,1,2,-5,4.6,1,2015-16
22015,101139,CJ Miles,1610612754,IND,Indiana Pacers,0021500314,2015-12-08,IND vs. GSW,L,34,8,15,0.533,5,11,0.455,3,3,1.0,1,3,4,1,0,0,1,3,24,-10,29.3,1,2015-16
22015,101145,Monta Ellis,1610612754,IND,Indiana Pacers,0021500314,2015-12-08,IND vs. GSW,L,38,4,11,0.364,0,2,0.0,1,2,0.5,0,2,2,5,1,1,6,2,9,-4,18.9,1,2015-16
22015,202331,Paul George,1610612754,IND,Indiana Pacers,0021500314,2015-12-08,IND vs. GSW,L,36,11,27,0.407,5,13,0.385,6,7,0.857,3,5,8,6,3,1,3,3,33,-18,60.6,1,2015-16
22015,203090,Maurice Harkless,1610612757,POR,Portland Trail Blazers,0021500313,2015-12-08,POR @ CLE,L,20,0,0,,0,0,,0,0,,0,4,4,1,0,0,1,2,0,-6,5.3,1,2015-16
22015,204025,Tim Frazier,1610612757,POR,Portland Trail Blazers,0021500313,2015-12-08,POR @ CLE,L,5,0,1,0.0,0,1,0.0,0,0,,0,0,0,1,0,0,1,0,0,-9,0.5,1,2015-16
22015,203463,Ben McLemore,1610612758,SAC,Sacramento Kings,0021500318,2015-12-08,SAC vs. UTA,W,26,4,6,0.667,2,4,0.5,0,0,,2,0,2,2,2,0,1,2,10,10,20.4,1,2015-16
22015,2555,Nick Collison,1610612760,OKC,Oklahoma City Thunder,0021500316,2015-12-08,OKC @ MEM,W,15,0,1,0.0,0,0,,0,0,,0,4,4,1,1,2,0,1,0,7,15.3,1,2015-16
22015,201586,Serge Ibaka,1610612760,OKC,Oklahoma City Thunder,0021500316,2015-12-08,OKC @ MEM,W,29,8,15,0.533,1,2,0.5,0,0,,1,3,4,0,0,0,1,2,17,24,20.8,1,2015-16
22015,203460,Andre Roberson,1610612760,OKC,Oklahoma City Thunder,0021500316,2015-12-08,OKC @ MEM,W,22,4,7,0.571,0,2,0.0,2,3,0.667,1,3,4,0,2,1,0,1,10,23,23.8,1,2015-16
22015,1626166,Cameron Payne,1610612760,OKC,Oklahoma City Thunder,0021500316,2015-12-08,OKC @ MEM,W,6,2,3,0.667,1,2,0.5,0,0,,0,3,3,2,0,0,0,0,5,3,11.6,1,2015-16
22015,204060,Joe Ingles,1610612762,UTA,Utah Jazz,0021500318,2015-12-08,UTA @ SAC,L,14,1,3,0.333,1,3,0.333,0,0,,0,0,0,2,0,0,0,1,3,-3,6.0,1,2015-16
22015,2440,Matt Barnes,1610612763,MEM,Memphis Grizzlies,0021500316,2015-12-08,MEM vs. OKC,L,19,2,3,0.667,1,2,0.5,0,0,,0,0,0,0,0,1,3,4,5,-19,5.0,1,2015-16
22015,201145,Jeff Green,1610612763,MEM,Memphis Grizzlies,0021500316,2015-12-08,MEM vs. OKC,L,30,4,10,0.4,0,1,0.0,1,1,1.0,2,1,3,1,1,0,1,0,9,-27,16.1,1,2015-16
22015,203893,Russ Smith,1610612763,MEM,Memphis Grizzlies,0021500316,2015-12-08,MEM vs. OKC,L,9,1,1,1.0,0,0,,2,2,1.0,0,3,3,3,0,0,0,0,4,-4,12.1,1,2015-16
22015,2544,LeBron James,1610612739,CLE,Cleveland Cavaliers,0021500313,2015-12-08,CLE vs. POR,W,40,14,24,0.583,1,3,0.333,4,4,1.0,1,9,10,3,2,3,2,3,33,7,62.5,1,2015-16
22015,2747,JR Smith,1610612739,CLE,Cleveland Cavaliers,0021500313,2015-12-08,CLE vs. POR,W,25,3,9,0.333,2,4,0.5,0,0,,1,1,2,2,2,0,0,2,8,7,19.4,1,2015-16
22015,202389,Timofey Mozgov,1610612739,CLE,Cleveland Cavaliers,0021500313,2015-12-08,CLE vs. POR,W,7,0,0,,0,0,,0,0,,0,0,0,0,0,0,0,0,0,-12,0.0,1,2015-16
22015,200751,Randy Foye,1610612743,DEN,Denver Nuggets,0021500317,2015-12-08,DEN vs. ORL,L,17,2,3,0.667,1,2,0.5,0,0,,0,2,2,1,0,0,2,2,5,-18,6.9,1,2015-16
22015,2772,Trevor Ariza,1610612745,HOU,Houston Rockets,0021500315,2015-12-08,HOU @ BKN,L,4,1,3,0.333,0,1,0.0,0,0,,0,0,0,0,0,0,0,0,2,1,2.0,1,2015-16
22015,2207,Joe Johnson,1610612751,BKN,Brooklyn Nets,0021500315,2015-12-08,BKN vs. HOU,W,43,9,15,0.6,2,5,0.4,2,3,0.667,3,2,5,8,3,0,2,3,22,6,47.0,1,2015-16
22015,201160,Jason Smith,1610612753,ORL,Orlando Magic,0021500317,2015-12-08,ORL @ DEN,W,14,0,5,0.0,0,0,,2,2,1.0,0,3,3,1,0,0,1,1,2,-5,6.1,1,2015-16
22015,201155,Rodney Stuckey,1610612754,IND,Indiana Pacers,0021500314,2015-12-08,IND vs. GSW,L,20,1,5,0.2,0,2,0.0,3,3,1.0,0,1,1,3,1,0,2,0,5,-1,11.7,1,2015-16
22015,201588,George Hill,1610612754,IND,Indiana Pacers,0021500314,2015-12-08,IND vs. GSW,L,29,4,10,0.4,3,4,0.75,1,1,1.0,0,2,2,1,0,0,2,2,12,-21,13.9,1,2015-16
22015,203081,Damian Lillard,1610612757,POR,Portland Trail Blazers,0021500313,2015-12-08,POR @ CLE,L,39,14,27,0.519,4,9,0.444,1,1,1.0,1,5,6,6,0,0,4,2,33,-8,45.2,1,2015-16
22015,201158,Marco Belinelli,1610612758,SAC,Sacramento Kings,0021500318,2015-12-08,SAC vs. UTA,W,20,3,7,0.429,2,5,0.4,2,2,1.0,0,1,1,2,0,0,0,2,10,-5,14.2,1,2015-16
22015,201566,Russell Westbrook,1610612760,OKC,Oklahoma City Thunder,0021500316,2015-12-08,OKC @ MEM,W,25,5,7,0.714,1,2,0.5,2,2,1.0,1,4,5,16,2,0,3,1,13,26,46.0,1,2015-16
22015,203079,Dion Waiters,1610612760,OKC,Oklahoma City Thunder,0021500316,2015-12-08,OKC @ MEM,W,26,4,8,0.5,1,3,0.333,3,3,1.0,0,0,0,1,1,0,3,0,12,23,13.5,1,2015-16
22015,202330,Gordon Hayward,1610612762,UTA,Utah Jazz,0021500318,2015-12-08,UTA @ SAC,L,37,6,12,0.5,3,6,0.5,3,4,0.75,0,8,8,6,3,0,3,2,18,-7,42.6,1,2015-16
22015,2216,Zach Randolph,1610612763,MEM,Memphis Grizzlies,0021500316,2015-12-08,MEM vs. OKC,L,31,3,10,0.3,0,0,,3,4,0.75,3,7,10,0,0,0,1,3,9,-20,20.0,1,2015-16
22015,201144,Mike Conley,1610612763,MEM,Memphis Grizzlies,0021500316,2015-12-08,MEM vs. OKC,L,22,0,7,0.0,0,3,0.0,0,0,,0,0,0,6,1,0,1,1,0,-22,11.0,1,2015-16
22015,201596,Mario Chalmers,1610612763,MEM,Memphis Grizzlies,0021500316,2015-12-08,MEM vs. OKC,L,21,6,8,0.75,0,1,0.0,7,8,0.875,0,2,2,1,2,1,3,2,19,-13,28.9,1,2015-16
22015,2760,Anderson Varejao,1610612739,CLE,Cleveland Cavaliers,0021500313,2015-12-08,CLE vs. POR,W,6,0,0,,0,0,,0,0,,1,1,2,2,0,1,1,1,0,0,7.4,1,2015-16
22015,203900,Markel Brown,1610612751,BKN,Brooklyn Nets,0021500315,2015-12-08,BKN vs. HOU,W,6,1,2,0.5,1,2,0.5,0,0,,0,1,1,1,0,0,0,1,3,-2,5.7,1,2015-16
22015,201585,Kosta Koufos,1610612758,SAC,Sacramento Kings,0021500318,2015-12-08,SAC vs. UTA,W,18,3,5,0.6,0,0,,0,0,,3,1,4,0,0,1,0,0,6,1,13.8,1,2015-16
22015,200779,Steve Novak,1610612760,OKC,Oklahoma City Thunder,0021500316,2015-12-08,OKC @ MEM,W,5,1,4,0.25,1,2,0.5,0,0,,0,1,1,0,0,0,0,1,3,4,4.2,1,2015-16
22015,202713,Kyle Singler,1610612760,OKC,Oklahoma City Thunder,0021500316,2015-12-08,OKC @ MEM,W,10,1,3,0.333,0,1,0.0,0,0,,0,1,1,0,0,0,1,1,2,4,2.2,1,2015-16
22015,200794,Paul Millsap,1610612737,ATL,Atlanta Hawks,0021500328,2015-12-09,ATL @ DAL,W,36,7,13,0.538,0,2,0.0,6,9,0.667,2,9,11,5,3,1,1,3,20,-4,51.7,1,2015-16
22015,101135,David Lee,1610612738,BOS,Boston Celtics,0021500319,2015-12-09,BOS vs. CHI,W,18,5,11,0.455,0,0,,2,2,1.0,2,4,6,2,1,0,1,2,12,6,24.2,1,2015-16
22015,201973,Jonas Jerebko,1610612738,BOS,Boston Celtics,0021500319,2015-12-09,BOS vs. CHI,W,1,0,0,,0,0,,0,0,,0,0,0,0,0,0,0,0,0,-4,0.0,1,2015-16
22015,202738,Isaiah Thomas,1610612738,BOS,Boston Celtics,0021500319,2015-12-09,BOS vs. CHI,W,31,5,15,0.333,2,5,0.4,8,8,1.0,0,5,5,5,0,0,2,0,20,-7,31.5,1,2015-16
22015,203923,James Young,1610612738,BOS,Boston Celtics,0021500319,2015-12-09,BOS vs. CHI,W,16,0,2,0.0,0,1,0.0,0,0,,0,1,1,0,0,0,0,0,0,15,1.2,1,2015-16
22015,2550,Kirk Hinrich,1610612741,CHI,Chicago Bulls,0021500319,2015-12-09,CHI @ BOS,L,11,1,1,1.0,0,0,,0,0,,0,1,1,0,0,0,1,2,2,0,2.2,1,2015-16
22015,1717,Dirk Nowitzki,1610612742,DAL,Dallas Mavericks,0021500328,2015-12-09,DAL vs. ATL,L,31,6,20,0.3,1,8,0.125,0,0,,3,5,8,2,3,1,2,1,13,-5,35.6,1,2015-16
22015,101111,Charlie Villanueva,1610612742,DAL,Dallas Mavericks,0021500328,2015-12-09,DAL vs. ATL,L,5,1,2,0.5,0,1,0.0,0,0,,0,0,0,0,0,0,0,0,2,1,2.0,1,2015-16
22015,202083,Wesley Matthews,1610612742,DAL,Dallas Mavericks,0021500328,2015-12-09,DAL vs. ATL,L,36,6,17,0.353,2,6,0.333,3,3,1.0,1,3,4,1,1,2,0,4,17,4,32.3,1,2015-16
22015,202379,Jeremy Evans,1610612742,DAL,Dallas Mavericks,0021500328,2015-12-09,DAL vs. ATL,L,0,0,0,,0,0,,0,0,,0,0,0,0,0,0,0,0,0,0,0.0,1,2015-16
22015,201977,Marcus Thornton,1610612745,HOU,Houston Rockets,0021500321,2015-12-09,HOU @ WAS,W,20,4,10,0.4,1,5,0.2,0,0,,0,1,1,1,1,0,2,1,9,-6,12.7,1,2015-16
22015,1718,Paul Pierce,1610612746,LAC,LA Clippers,0021500324,2015-12-09,LAC @ MIL,W,6,0,1,0.0,0,1,0.0,1,2,0.5,0,1,1,0,0,0,0,1,1,-12,2.2,1,2015-16
22015,2746,Josh Smith,1610612746,LAC,LA Clippers,0021500324,2015-12-09,LAC @ MIL,W,12,2,4,0.5,2,3,0.667,3,4,0.75,2,2,4,0,0,2,0,0,9,-1,19.8,1,2015-16
22015,101150,Lou Williams,1610612747,LAL,Los Angeles Lakers,0021500325,2015-12-09,LAL @ MIN,L,34,7,11,0.636,2,4,0.5,3,6,0.5,3,4,7,5,1,0,1,0,19,-5,36.9,1,2015-16
22015,203903,Jordan Clarkson,1610612747,LAL,Los Angeles Lakers,0021500325,2015-12-09,LAL @ MIN,L,23,7,10,0.7,0,2,0.0,0,0,,0,4,4,1,0,0,3,3,14,-1,17.3,1,2015-16
22015,2547,Chris Bosh,1610612748,MIA,Miami Heat,0021500320,2015-12-09,MIA @ CHA,L,22,3,8,0.375,0,0,,1,1,1.0,0,2,2,2,0,0,0,1,7,-22,12.4,1,2015-16
22015,1626159,Justise Winslow,1610612748,MIA,Miami Heat,0021500320,2015-12-09,MIA @ CHA,L,26,3,7,0.429,1,3,0.333,0,2,0.0,2,6,8,1,1,0,0,2,7,-1,21.1,1,2015-16
22015,203487,Michael Carter-Williams,1610612749,MIL,Milwaukee Bucks,0021500324,2015-12-09,MIL vs. LAC,L,32,9,16,0.563,0,0,,2,3,0.667,0,1,1,11,1,0,2,4,20,1,38.7,1,2015-16
22015,2419,Tayshaun Prince,1610612750,MIN,Minnesota Timberwolves,0021500325,2015-12-09,MIN vs. LAL,W,15,0,0,,0,0,,0,0,,0,1,1,1,0,0,1,0,0,-2,1.7,1,2015-16
22015,202357,Nemanja Bjelica,1610612750,MIN,Minnesota Timberwolves,0021500325,2015-12-09,MIN vs. LAL,W,21,3,5,0.6,0,1,0.0,0,1,0.0,3,1,4,2,0,1,1,4,6,-4,15.8,1,2015-16
22015,203952,Andrew Wiggins,1610612750,MIN,Minnesota Timberwolves,0021500325,2015-12-09,MIN vs. LAL,W,36,7,16,0.438,0,2,0.0,5,5,1.0,0,0,0,2,0,0,1,0,19,-1,21.0,1,2015-16
22015,2546,Carmelo Anthony,1610612752,NYK,New York Knicks,0021500327,2015-12-09,NYK @ UTA,L,26,3,11,0.273,1,4,0.25,5,7,0.714,0,5,5,2,1,0,4,2,12,-18,20.0,1,2015-16
22015,101181,Jose Calderon,1610612752,NYK,New York Knicks,0021500327,2015-12-09,NYK @ UTA,L,21,4,5,0.8,1,2,0.5,0,0,,1,2,3,2,0,1,0,1,9,-18,18.6,1,2015-16
22015,201577,Robin Lopez,1610612752,NYK,New York Knicks,0021500327,2015-12-09,NYK @ UTA,L,19,1,2,0.5,0,0,,0,2,0.0,0,0,0,0,0,1,0,2,2,-16,5.0,1,2015-16
22015,1626170,Jerian Grant,1610612752,NYK,New York Knicks,0021500327,2015-12-09,NYK @ UTA,L,14,1,7,0.143,1,3,0.333,0,0,,0,0,0,1,1,0,1,1,3,-12,6.5,1,2015-16
22015,202696,Nikola Vučević,1610612753,ORL,Orlando Magic,0021500326,2015-12-09,ORL @ PHX,L,38,8,16,0.5,0,0,,5,5,1.0,4,7,11,2,0,0,1,4,21,-6,36.2,1,2015-16
22015,101179,Ronnie Price,1610612756,PHX,Phoenix Suns,0021500326,2015-12-09,PHX vs. ORL,W,11,0,2,0.0,0,2,0.0,0,0,,0,0,0,1,0,0,1,1,0,6,0.5,1,2015-16
22015,202339,Eric Bledsoe,1610612756,PHX,Phoenix Suns,0021500326,2015-12-09,PHX vs. ORL,W,35,8,16,0.5,1,4,0.25,4,5,0.8,0,3,3,9,2,1,4,3,21,12,43.1,1,2015-16
22015,201980,Danny Green,1610612759,SAS,San Antonio Spurs,0021500323,2015-12-09,SAS @ TOR,L,21,4,11,0.364,2,7,0.286,0,0,,1,3,4,1,3,0,1,1,10,-11,24.3,1,2015-16
22015,203613,Jonathon Simmons,1610612759,SAS,San Antonio Spurs,0021500323,2015-12-09,SAS @ TOR,L,15,2,2,1.0,1,1,1.0,3,3,1.0,0,0,0,2,0,0,2,4,8,10,9.0,1,2015-16
22015,203937,Kyle Anderson,1610612759,SAS,San Antonio Spurs,0021500323,2015-12-09,SAS @ TOR,L,12,2,3,0.667,1,1,1.0,0,0,,0,1,1,2,0,0,0,0,5,1,9.2,1,2015-16
22015,202407,Elijah Millsap,1610612762,UTA,Utah Jazz,0021500327,2015-12-09,UTA vs. NYK,W,15,1,4,0.25,0,2,0.0,2,2,1.0,0,7,7,2,1,0,0,3,4,14,18.4,1,2015-16
22015,203187,Chris Johnson,1610612762,UTA,Utah Jazz,0021500327,2015-12-09,UTA vs. NYK,W,3,0,0,,0,0,,0,0,,0,0,0,0,0,0,0,0,0,-4,0.0,1,2015-16
22015,2754,Tony Allen,1610612763,MEM,Memphis Grizzlies,0021500322,2015-12-09,MEM @ DET,W,22,2,6,0.333,0,1,0.0,0,0,,2,4,6,1,1,0,1,2,4,4,14.7,1,2015-16
22015,201162,Jared Dudley,1610612764,WAS,Washington Wizards,0021500321,2015-12-09,WAS vs. HOU,L,24,3,5,0.6,2,3,0.667,2,2,1.0,0,2,2,1,2,0,0,3,10,2,19.9,1,2015-16
22015,201971,DeJuan Blair,1610612764,WAS,Washington Wizards,0021500321,2015-12-09,WAS vs. HOU,L,12,0,1,0.0,0,0,,0,0,,0,2,2,1,0,0,1,3,0,11,2.9,1,2015-16
22015,202704,Reggie Jackson,1610612765,DET,Detroit Pistons,0021500322,2015-12-09,DET vs. MEM,L,32,7,18,0.389,1,6,0.167,3,3,1.0,0,3,3,7,2,0,2,3,18,-1,36.1,1,2015-16
22015,203584,Troy Daniels,1610612766,CHA,Charlotte Hornets,0021500320,2015-12-09,CHA vs. MIA,W,9,2,4,0.5,1,3,0.333,0,0,,0,0,0,1,1,0,0,1,5,-12,9.5,1,2015-16
22015,1626151,Aaron Harrison,1610612766,CHA,Charlotte Hornets,0021500320,2015-12-09,CHA vs. MIA,W,7,0,0,,0,0,,2,4,0.5,0,1,1,0,1,0,0,0,2,-5,6.2,1,2015-16
22015,2594,Kyle Korver,1610612737,ATL,Atlanta Hawks,0021500328,2015-12-09,ATL @ DAL,W,33,3,8,0.375,1,6,0.167,1,1,1.0,0,1,1,2,1,1,3,1,8,0,15.2,1,2015-16
22015,101161,Amir Johnson,1610612738,BOS,Boston Celtics,0021500319,2015-12-09,BOS vs. CHI,W,26,6,9,0.667,0,0,,0,0,,3,2,5,2,1,0,1,6,12,-8,23.0,1,2015-16
22015,202703,Nikola Mirotic,1610612741,CHI,Chicago Bulls,0021500319,2015-12-09,CHI @ BOS,L,22,4,10,0.4,2,6,0.333,0,0,,1,2,3,2,1,1,1,3,10,2,21.6,1,2015-16
22015,202710,Jimmy Butler III,1610612741,CHI,Chicago Bulls,0021500319,2015-12-09,CHI @ BOS,L,39,12,24,0.5,0,5,0.0,12,14,0.857,0,7,7,0,1,0,1,3,36,3,46.4,1,2015-16
22015,203503,Tony Snell,1610612741,CHI,Chicago Bulls,0021500319,2015-12-09,CHI @ BOS,L,22,0,5,0.0,0,2,0.0,0,0,,1,1,2,3,2,0,3,2,0,-5,9.9,1,2015-16
22015,203926,Doug McDermott,1610612741,CHI,Chicago Bulls,0021500319,2015-12-09,CHI @ BOS,L,26,4,11,0.364,3,4,0.75,0,0,,1,6,7,0,0,0,1,2,11,0,18.4,1,2015-16
22015,200826,J.J. Barea,1610612742,DAL,Dallas Mavericks,0021500328,2015-12-09,DAL vs. ATL,L,10,0,6,0.0,0,3,0.0,0,0,,1,0,1,2,0,0,1,0,0,-9,3.2,1,2015-16
22015,202718,Chandler Parsons,1610612742,DAL,Dallas Mavericks,0021500328,2015-12-09,DAL vs. ATL,L,21,2,9,0.222,1,3,0.333,0,0,,0,2,2,1,0,0,1,1,5,-12,7.9,1,2015-16
22015,202700,Donatas Motiejunas,1610612745,HOU,Houston Rockets,0021500321,2015-12-09,HOU @ WAS,W,9,1,2,0.5,0,0,,0,0,,0,3,3,0,0,0,3,5,2,-2,2.6,1,2015-16
22015,101108,Chris Paul,1610612746,LAC,LA Clippers,0021500324,2015-12-09,LAC @ MIL,W,38,7,13,0.538,2,4,0.5,2,2,1.0,0,3,3,18,0,0,2,4,18,25,46.6,1,2015-16
22015,201601,Luc Mbah a Moute,1610612746,LAC,LA Clippers,0021500324,2015-12-09,LAC @ MIL,W,15,1,4,0.25,0,1,0.0,0,0,,2,0,2,0,1,0,1,0,2,5,6.4,1,2015-16
22015,202362,Lance Stephenson,1610612746,LAC,LA Clippers,0021500324,2015-12-09,LAC @ MIL,W,7,0,0,,0,0,,0,0,,0,0,0,0,0,0,1,1,0,-12,-1.0,1,2015-16
22015,977,Kobe Bryant,1610612747,LAL,Los Angeles Lakers,0021500325,2015-12-09,LAL @ MIN,L,25,5,13,0.385,1,2,0.5,0,0,,0,1,1,1,1,0,2,2,11,-12,14.7,1,2015-16
22015,201579,Roy Hibbert,1610612747,LAL,Los Angeles Lakers,0021500325,2015-12-09,LAL @ MIN,L,32,3,6,0.5,0,0,,2,2,1.0,2,5,7,1,1,1,0,2,8,-7,23.9,1,2015-16
22015,203944,Julius Randle,1610612747,LAL,Los Angeles Lakers,0021500325,2015-12-09,LAL @ MIN,L,33,7,13,0.538,0,0,,6,11,0.545,3,9,12,1,1,0,0,3,20,8,38.9,1,2015-16
22015,1626156,D'Angelo Russell,1610612747,LAL,Los Angeles Lakers,0021500325,2015-12-09,LAL @ MIN,L,32,8,20,0.4,3,9,0.333,4,5,0.8,0,1,1,3,0,0,2,4,23,-1,26.7,1,2015-16
22015,2736,Luol Deng,1610612748,MIA,Miami Heat,0021500320,2015-12-09,MIA @ CHA,L,24,1,6,0.167,1,3,0.333,2,2,1.0,0,6,6,1,0,0,1,0,5,-10,12.7,1,2015-16
22015,202328,Greg Monroe,1610612749,MIL,Milwaukee Bucks,0021500324,2015-12-09,MIL vs. LAC,L,36,8,16,0.5,0,0,,0,0,,4,6,10,2,1,0,1,1,16,-25,33.0,1,2015-16
22015,2755,Kevin Martin,1610612750,MIN,Minnesota Timberwolves,0021500325,2015-12-09,MIN vs. LAL,W,40,14,27,0.519,6,9,0.667,3,3,1.0,0,1,1,3,1,0,1,3,37,8,44.7,1,2015-16
22015,200811,Lou Amundson,1610612752,NYK,New York Knicks,0021500327,2015-12-09,NYK @ UTA,L,10,4,6,0.667,0,0,,2,6,0.333,1,3,4,1,3,0,0,2,10,8,25.3,1,2015-16
22015,204001,Kristaps Porziņģis,1610612752,NYK,New York Knicks,0021500327,2015-12-09,NYK @ UTA,L,13,2,8,0.25,0,2,0.0,0,0,,1,2,3,0,0,0,1,2,4,-27,6.6,1,2015-16
22015,203506,Victor Oladipo,1610612753,ORL,Orlando Magic,0021500326,2015-12-09,ORL @ PHX,L,29,6,14,0.429,2,5,0.4,0,0,,0,4,4,5,1,0,2,5,14,1,27.3,1,2015-16
22015,1495,Tim Duncan,1610612759,SAS,San Antonio Spurs,0021500323,2015-12-09,SAS @ TOR,L,20,4,8,0.5,0,0,,0,0,,2,0,2,2,0,0,1,1,8,-12,12.4,1,2015-16
22015,2564,Boris Diaw,1610612759,SAS,San Antonio Spurs,0021500323,2015-12-09,SAS @ TOR,L,18,3,5,0.6,0,2,0.0,3,3,1.0,1,1,2,0,0,0,2,2,9,5,9.4,1,2015-16
22015,202695,Kawhi Leonard,1610612759,SAS,San Antonio Spurs,0021500323,2015-12-09,SAS @ TOR,L,27,3,8,0.375,1,2,0.5,0,1,0.0,3,3,6,2,1,1,2,1,7,-14,21.2,1,2015-16
22015,200768,Kyle Lowry,1610612761,TOR,Toronto Raptors,0021500323,2015-12-09,TOR vs. SAS,W,37,6,11,0.545,1,3,0.333,6,6,1.0,0,5,5,8,1,0,4,2,19,5,36.0,1,2015-16
22015,201942,DeMar DeRozan,1610612761,TOR,Toronto Raptors,0021500323,2015-12-09,TOR vs. SAS,W,37,10,15,0.667,0,0,,8,8,1.0,1,3,4,6,1,1,6,3,28,3,41.8,1,2015-16
22015,203526,Raul Neto,1610612762,UTA,Utah Jazz,0021500327,2015-12-09,UTA vs. NYK,W,23,1,4,0.25,1,3,0.333,0,0,,0,2,2,6,2,0,2,0,3,15,18.4,1,2015-16
22015,2216,Zach Randolph,1610612763,MEM,Memphis Grizzlies,0021500322,2015-12-09,MEM @ DET,W,35,10,18,0.556,0,0,,1,4,0.25,7,9,16,1,0,0,1,3,21,5,40.7,1,2015-16
22015,2440,Matt Barnes,1610612763,MEM,Memphis Grizzlies,0021500322,2015-12-09,MEM @ DET,W,30,3,7,0.429,2,4,0.5,0,0,,2,9,11,3,0,0,2,2,8,3,23.7,1,2015-16
22015,201584,Courtney Lee,1610612763,MEM,Memphis Grizzlies,0021500322,2015-12-09,MEM @ DET,W,29,6,9,0.667,1,2,0.5,1,1,1.0,1,1,2,1,0,0,1,2,14,-4,16.9,1,2015-16
22015,202322,John Wall,1610612764,WAS,Washington Wizards,0021500321,2015-12-09,WAS vs. HOU,L,39,12,24,0.5,0,4,0.0,2,2,1.0,2,7,9,12,3,1,4,3,26,-1,62.8,1,2015-16
22015,203078,Bradley Beal,1610612764,WAS,Washington Wizards,0021500321,2015-12-09,WAS vs. HOU,L,39,5,15,0.333,1,7,0.143,4,6,0.667,1,5,6,2,0,1,7,3,15,-2,21.2,1,2015-16
22015,203083,Andre Drummond,1610612765,DET,Detroit Pistons,0021500322,2015-12-09,DET vs. MEM,L,37,8,15,0.533,0,0,,2,5,0.4,7,12,19,2,3,2,6,2,18,4,52.8,1,2015-16
22015,201150,Spencer Hawes,1610612766,CHA,Charlotte Hornets,0021500320,2015-12-09,CHA vs. MIA,W,17,2,4,0.5,1,1,1.0,0,0,,0,3,3,0,0,0,1,4,5,14,7.6,1,2015-16
22015,203148,Brian Roberts,1610612766,CHA,Charlotte Hornets,0021500320,2015-12-09,CHA vs. MIA,W,8,1,2,0.5,0,0,,0,0,,0,0,0,0,0,0,3,1,2,-8,-1.0,1,2015-16
22015,201143,Al Horford,1610612737,ATL,Atlanta Hawks,0021500328,2015-12-09,ATL @ DAL,W,37,7,13,0.538,0,1,0.0,0,0,,1,7,8,4,2,2,1,2,14,5,40.6,1,2015-16
22015,201168,Tiago Splitter,1610612737,ATL,Atlanta Hawks,0021500328,2015-12-09,ATL @ DAL,W,12,2,3,0.667,0,0,,0,0,,1,2,3,2,1,0,0,2,4,7,13.6,1,2015-16
22015,203471,Dennis Schröder,1610612737,ATL,Atlanta Hawks,0021500328,2015-12-09,ATL @ DAL,W,18,5,8,0.625,0,0,,1,2,0.5,0,2,2,1,0,0,4,2,11,3,10.9,1,2015-16
22015,202340,Avery Bradley,1610612738,BOS,Boston Celtics,0021500319,2015-12-09,BOS vs. CHI,W,39,5,15,0.333,0,6,0.0,0,0,,1,1,2,3,1,0,3,2,10,-1,16.9,1,2015-16
22015,201565,Derrick Rose,1610612741,CHI,Chicago Bulls,0021500319,2015-12-09,CHI @ BOS,L,37,5,11,0.455,1,3,0.333,1,4,0.25,0,2,2,6,0,1,3,0,12,-3,23.4,1,2015-16
22015,202734,E'Twaun Moore,1610612741,CHI,Chicago Bulls,0021500319,2015-12-09,CHI @ BOS,L,10,0,1,0.0,0,0,,0,0,,1,0,1,0,0,0,0,0,0,-10,1.2,1,2015-16
22015,2734,Devin Harris,1610612742,DAL,Dallas Mavericks,0021500328,2015-12-09,DAL vs. ATL,L,11,1,1,1.0,0,0,,2,3,0.667,0,0,0,0,0,0,0,1,4,-10,4.0,1,2015-16
22015,101114,Deron Williams,1610612742,DAL,Dallas Mavericks,0021500328,2015-12-09,DAL vs. ATL,L,36,8,20,0.4,2,7,0.286,0,0,,3,4,7,6,0,0,1,3,18,7,34.4,1,2015-16
22015,2730,Dwight Howard,1610612745,HOU,Houston Rockets,0021500321,2015-12-09,HOU @ WAS,W,28,1,4,0.25,0,0,,2,6,0.333,1,8,9,3,2,1,0,3,4,15,28.3,1,2015-16
22015,201951,Ty Lawson,1610612745,HOU,Houston Rockets,0021500321,2015-12-09,HOU @ WAS,W,21,1,4,0.25,0,1,0.0,0,0,,0,1,1,2,1,0,0,2,2,-4,9.2,1,2015-16
22015,201976,Patrick Beverley,1610612745,HOU,Houston Rockets,0021500321,2015-12-09,HOU @ WAS,W,37,5,12,0.417,4,11,0.364,0,0,,0,4,4,4,0,0,5,2,14,0,19.8,1,2015-16
22015,203093,Terrence Jones,1610612745,HOU,Houston Rockets,0021500321,2015-12-09,HOU @ WAS,W,20,1,4,0.25,0,0,,2,2,1.0,0,3,3,0,0,1,1,1,4,-3,9.6,1,2015-16
22015,203991,Clint Capela,1610612745,HOU,Houston Rockets,0021500321,2015-12-09,HOU @ WAS,W,21,5,7,0.714,0,0,,0,3,0.0,3,2,5,2,1,0,0,0,10,-3,22.0,1,2015-16
22015,2037,Jamal Crawford,1610612746,LAC,LA Clippers,0021500324,2015-12-09,LAC @ MIL,W,22,3,11,0.273,2,5,0.4,0,0,,1,0,1,0,0,0,1,0,8,-1,8.2,1,2015-16
22015,203085,Austin Rivers,1610612746,LAC,LA Clippers,0021500324,2015-12-09,LAC @ MIL,W,10,1,1,1.0,0,0,,1,1,1.0,0,1,1,1,0,0,1,3,3,-11,4.7,1,2015-16
22015,201156,Nick Young,1610612747,LAL,Los Angeles Lakers,0021500325,2015-12-09,LAL @ MIN,L,29,5,9,0.556,2,5,0.4,1,1,1.0,0,1,1,2,1,0,0,0,13,11,20.2,1,2015-16
22015,203135,Robert Sacre,1610612747,LAL,Los Angeles Lakers,0021500325,2015-12-09,LAL @ MIN,L,19,4,5,0.8,0,0,,1,2,0.5,1,2,3,0,0,0,0,6,9,1,12.6,1,2015-16
22015,1626273,Marcelo Huertas,1610612747,LAL,Los Angeles Lakers,0021500325,2015-12-09,LAL @ MIN,L,17,1,1,1.0,1,1,1.0,0,0,,0,1,1,4,2,0,1,1,3,5,15.2,1,2015-16
22015,2617,Udonis Haslem,1610612748,MIA,Miami Heat,0021500320,2015-12-09,MIA @ CHA,L,16,0,3,0.0,0,0,,1,1,1.0,1,5,6,1,0,1,1,2,1,5,11.7,1,2015-16
22015,101123,Gerald Green,1610612748,MIA,Miami Heat,0021500320,2015-12-09,MIA @ CHA,L,24,4,10,0.4,1,3,0.333,2,2,1.0,1,2,3,0,0,2,1,1,11,-21,19.6,1,2015-16
22015,201609,Goran Dragic,1610612748,MIA,Miami Heat,0021500320,2015-12-09,MIA @ CHA,L,24,2,7,0.286,1,4,0.25,0,0,,0,2,2,2,0,0,2,0,5,-22,8.4,1,2015-16
22015,1626196,Josh Richardson,1610612748,MIA,Miami Heat,0021500320,2015-12-09,MIA @ CHA,L,15,1,3,0.333,1,3,0.333,2,4,0.5,0,2,2,2,1,0,0,2,5,7,13.4,1,2015-16
22015,203114,Khris Middleton,1610612749,MIL,Milwaukee Bucks,0021500324,2015-12-09,MIL vs. LAC,L,39,3,9,0.333,1,3,0.333,2,3,0.667,0,6,6,2,1,0,4,5,9,-21,18.2,1,2015-16
22015,203948,Johnny O'Bryant III,1610612749,MIL,Milwaukee Bucks,0021500324,2015-12-09,MIL vs. LAC,L,8,1,1,1.0,1,1,1.0,0,0,,0,1,1,0,0,0,0,1,3,12,4.2,1,2015-16
22015,1626157,Karl-Anthony Towns,1610612750,MIN,Minnesota Timberwolves,0021500325,2015-12-09,MIN vs. LAL,W,35,11,19,0.579,0,1,0.0,4,6,0.667,5,9,14,1,0,3,2,5,26,18,51.3,1,2015-16
22015,202338,Kevin Seraphin,1610612752,NYK,New York Knicks,0021500327,2015-12-09,NYK @ UTA,L,9,1,3,0.333,0,0,,0,0,,2,3,5,1,0,0,2,0,2,-4,7.5,1,2015-16
22015,203124,Kyle O'Quinn,1610612752,NYK,New York Knicks,0021500327,2015-12-09,NYK @ UTA,L,16,2,4,0.5,0,1,0.0,5,6,0.833,2,4,6,2,2,1,0,4,9,7,28.2,1,2015-16
22015,203901,Elfrid Payton,1610612753,ORL,Orlando Magic,0021500326,2015-12-09,ORL @ PHX,L,33,6,15,0.4,0,1,0.0,0,2,0.0,0,3,3,10,5,0,3,2,12,-1,42.6,1,2015-16
22015,203933,T.J. Warren,1610612756,PHX,Phoenix Suns,0021500326,2015-12-09,PHX vs. ORL,W,13,1,4,0.25,0,1,0.0,0,0,,1,1,2,1,0,0,0,0,2,-13,5.9,1,2015-16
22015,1626164,Devin Booker,1610612756,PHX,Phoenix Suns,0021500326,2015-12-09,PHX vs. ORL,W,19,1,2,0.5,0,0,,0,0,,0,0,0,1,0,0,0,3,2,-10,3.5,1,2015-16
22015,2225,Tony Parker,1610612759,SAS,San Antonio Spurs,0021500323,2015-12-09,SAS @ TOR,L,30,2,7,0.286,0,2,0.0,0,0,,1,3,4,3,2,0,1,1,4,-8,18.3,1,2015-16
22015,2561,David West,1610612759,SAS,San Antonio Spurs,0021500323,2015-12-09,SAS @ TOR,L,17,4,6,0.667,0,0,,2,3,0.667,0,3,3,1,0,0,2,2,10,7,13.1,1,2015-16
22015,202687,Bismack Biyombo,1610612761,TOR,Toronto Raptors,0021500323,2015-12-09,TOR vs. SAS,W,26,5,7,0.714,0,0,,0,1,0.0,2,5,7,0,0,0,0,4,10,-3,18.4,1,2015-16
22015,202324,Derrick Favors,1610612762,UTA,Utah Jazz,0021500327,2015-12-09,UTA vs. NYK,W,28,8,13,0.615,0,0,,4,4,1.0,2,6,8,0,0,0,0,3,20,11,29.6,1,2015-16
22015,202330,Gordon Hayward,1610612762,UTA,Utah Jazz,0021500327,2015-12-09,UTA vs. NYK,W,27,9,14,0.643,4,4,1.0,2,2,1.0,0,4,4,5,1,0,2,3,24,12,37.3,1,2015-16
22015,202344,Trevor Booker,1610612762,UTA,Utah Jazz,0021500327,2015-12-09,UTA vs. NYK,W,18,3,5,0.6,0,0,,1,1,1.0,1,4,5,1,0,1,0,3,7,16,17.5,1,2015-16
22015,203918,Rodney Hood,1610612762,UTA,Utah Jazz,0021500327,2015-12-09,UTA vs. NYK,W,29,2,7,0.286,0,4,0.0,1,1,1.0,2,2,4,3,1,0,2,4,5,17,15.3,1,2015-16
22015,1626168,Trey Lyles,1610612762,UTA,Utah Jazz,0021500327,2015-12-09,UTA vs. NYK,W,29,2,7,0.286,0,0,,2,2,1.0,1,9,10,1,0,0,1,4,6,10,18.5,1,2015-16
22015,201188,Marc Gasol,1610612763,MEM,Memphis Grizzlies,0021500322,2015-12-09,MEM @ DET,W,36,9,18,0.5,0,0,,1,2,0.5,2,10,12,4,1,2,6,2,19,-2,42.4,1,2015-16
22015,201596,Mario Chalmers,1610612763,MEM,Memphis Grizzlies,0021500322,2015-12-09,MEM @ DET,W,19,2,6,0.333,0,1,0.0,1,2,0.5,0,0,0,2,1,2,2,2,5,4,15.0,1,2015-16
22015,2581,Steve Blake,1610612765,DET,Detroit Pistons,0021500322,2015-12-09,DET vs. MEM,L,16,4,7,0.571,2,4,0.5,1,2,0.5,0,2,2,1,0,0,0,2,11,0,14.9,1,2015-16
22015,203382,Aron Baynes,1610612765,DET,Detroit Pistons,0021500322,2015-12-09,DET vs. MEM,L,12,2,6,0.333,0,0,,2,2,1.0,2,2,4,2,0,1,1,1,6,-5,15.8,1,2015-16
22015,1626199,Darrun Hilliard,1610612765,DET,Detroit Pistons,0021500322,2015-12-09,DET vs. MEM,L,7,1,1,1.0,1,1,1.0,0,0,,0,1,1,1,0,0,0,0,3,0,5.7,1,2015-16
22015,101107,Marvin Williams,1610612766,CHA,Charlotte Hornets,0021500320,2015-12-09,CHA vs. MIA,W,23,7,11,0.636,4,6,0.667,0,0,,0,4,4,0,0,1,0,0,18,16,25.8,1,2015-16
22015,201587,Nicolas Batum,1610612766,CHA,Charlotte Hornets,0021500320,2015-12-09,CHA vs. MIA,W,28,3,9,0.333,1,4,0.25,3,4,0.75,0,11,11,11,1,1,3,1,10,22,42.7,1,2015-16
22015,202391,Jeremy Lin,1610612766,CHA,Charlotte Hornets,0021500320,2015-12-09,CHA vs. MIA,W,20,2,5,0.4,1,3,0.333,0,2,0.0,0,0,0,2,0,1,1,1,5,10,10.0,1,2015-16
22015,200757,Thabo Sefolosha,1610612737,ATL,Atlanta Hawks,0021500328,2015-12-09,ATL @ DAL,W,26,3,6,0.5,1,1,1.0,0,0,,0,6,6,2,0,1,0,1,7,-8,20.2,1,2015-16
22015,201952,Jeff Teague,1610612737,ATL,Atlanta Hawks,0021500328,2015-12-09,ATL @ DAL,W,32,3,11,0.273,2,3,0.667,6,6,1.0,0,2,2,6,0,0,2,4,14,0,23.4,1,2015-16
22015,203145,Kent Bazemore,1610612737,ATL,Atlanta Hawks,0021500328,2015-12-09,ATL @ DAL,W,23,5,10,0.5,2,3,0.667,0,0,,0,8,8,2,0,1,1,2,12,9,26.6,1,2015-16
22015,203488,Mike Muscala,1610612737,ATL,Atlanta Hawks,0021500328,2015-12-09,ATL @ DAL,W,11,4,7,0.571,0,2,0.0,0,0,,2,3,5,1,0,1,0,0,8,-2,18.5,1,2015-16
22015,203109,Jae Crowder,1610612738,BOS,Boston Celtics,0021500319,2015-12-09,BOS vs. CHI,W,33,5,10,0.5,1,3,0.333,2,2,1.0,0,3,3,0,3,0,1,5,13,-2,24.6,1,2015-16
22015,201959,Taj Gibson,1610612741,CHI,Chicago Bulls,0021500319,2015-12-09,CHI @ BOS,L,20,4,6,0.667,0,0,,0,0,,4,3,7,1,0,0,0,1,8,-5,17.9,1,2015-16
22015,203939,Dwight Powell,1610612742,DAL,Dallas Mavericks,0021500328,2015-12-09,DAL vs. ATL,L,23,4,10,0.4,0,1,0.0,6,7,0.857,3,3,6,0,1,0,1,4,14,-5,23.2,1,2015-16
22015,201599,DeAndre Jordan,1610612746,LAC,LA Clippers,0021500324,2015-12-09,LAC @ MIL,W,39,2,2,1.0,0,0,,5,12,0.417,5,14,19,2,0,3,3,4,9,20,40.8,1,2015-16
22015,201933,Blake Griffin,1610612746,LAC,LA Clippers,0021500324,2015-12-09,LAC @ MIL,W,40,8,18,0.444,0,0,,5,8,0.625,2,12,14,4,2,1,3,2,21,23,49.8,1,2015-16
22015,2548,Dwyane Wade,1610612748,MIA,Miami Heat,0021500320,2015-12-09,MIA @ CHA,L,25,5,11,0.455,0,0,,1,2,0.5,1,1,2,4,0,1,1,0,11,-17,21.4,1,2015-16
22015,2757,Beno Udrih,1610612748,MIA,Miami Heat,0021500320,2015-12-09,MIA @ CHA,L,7,1,2,0.5,0,0,,1,2,0.5,0,1,1,1,0,0,2,1,3,10,3.7,1,2015-16
22015,201177,Josh McRoberts,1610612748,MIA,Miami Heat,0021500320,2015-12-09,MIA @ CHA,L,4,0,1,0.0,0,0,,0,0,,0,1,1,0,0,0,0,1,0,-7,1.2,1,2015-16
22015,204020,Tyler Johnson,1610612748,MIA,Miami Heat,0021500320,2015-12-09,MIA @ CHA,L,29,6,12,0.5,1,5,0.2,7,8,0.875,1,1,2,2,1,1,3,2,20,0,28.4,1,2015-16
22015,203953,Jabari Parker,1610612749,MIL,Milwaukee Bucks,0021500324,2015-12-09,MIL vs. LAC,L,31,5,13,0.385,0,0,,0,0,,2,3,5,0,1,0,0,2,10,-25,19.0,1,2015-16
22015,201937,Ricky Rubio,1610612750,MIN,Minnesota Timberwolves,0021500325,2015-12-09,MIN vs. LAL,W,33,0,4,0.0,0,2,0.0,5,6,0.833,2,7,9,12,1,0,3,2,5,22,33.8,1,2015-16
22015,203498,Shabazz Muhammad,1610612750,MIN,Minnesota Timberwolves,0021500325,2015-12-09,MIN vs. LAL,W,15,6,8,0.75,1,2,0.5,2,2,1.0,2,3,5,1,0,0,2,1,15,-5,20.5,1,2015-16
22015,201167,Arron Afflalo,1610612752,NYK,New York Knicks,0021500327,2015-12-09,NYK @ UTA,L,22,2,5,0.4,0,1,0.0,0,0,,0,3,3,2,0,0,0,2,4,-20,10.6,1,2015-16
22015,101112,Channing Frye,1610612753,ORL,Orlando Magic,0021500326,2015-12-09,ORL @ PHX,L,17,1,2,0.5,1,2,0.5,0,0,,0,2,2,1,0,0,2,2,3,-7,4.9,1,2015-16
22015,201160,Jason Smith,1610612753,ORL,Orlando Magic,0021500326,2015-12-09,ORL @ PHX,L,7,0,0,,0,0,,0,0,,0,0,0,0,0,1,0,2,0,1,3.0,1,2015-16
22015,203095,Evan Fournier,1610612753,ORL,Orlando Magic,0021500326,2015-12-09,ORL @ PHX,L,35,5,14,0.357,3,7,0.429,1,2,0.5,1,1,2,1,1,0,3,1,14,-13,17.9,1,2015-16
22015,200782,P.J. Tucker,1610612756,PHX,Phoenix Suns,0021500326,2015-12-09,PHX vs. ORL,W,32,5,9,0.556,1,3,0.333,0,0,,3,5,8,0,1,1,1,2,11,17,25.6,1,2015-16
22015,202688,Brandon Knight,1610612756,PHX,Phoenix Suns,0021500326,2015-12-09,PHX vs. ORL,W,39,8,16,0.5,0,5,0.0,5,5,1.0,0,6,6,5,6,0,5,1,21,1,48.7,1,2015-16
22015,202720,Jon Leuer,1610612756,PHX,Phoenix Suns,0021500326,2015-12-09,PHX vs. ORL,W,27,6,11,0.545,0,1,0.0,3,4,0.75,1,5,6,2,0,1,2,0,15,3,26.2,1,2015-16
22015,203458,Alex Len,1610612756,PHX,Phoenix Suns,0021500326,2015-12-09,PHX vs. ORL,W,36,7,10,0.7,0,0,,6,11,0.545,6,8,14,1,0,3,3,3,20,-1,44.3,1,2015-16
22015,2588,Matt Bonner,1610612759,SAS,San Antonio Spurs,0021500323,2015-12-09,SAS @ TOR,L,0,0,0,,0,0,,0,0,,0,0,0,0,1,0,0,0,0,3,3.0,1,2015-16
22015,201949,James Johnson,1610612761,TOR,Toronto Raptors,0021500323,2015-12-09,TOR vs. SAS,W,16,0,1,0.0,0,0,,2,2,1.0,0,3,3,3,1,0,0,2,2,-3,13.1,1,2015-16
22015,202709,Cory Joseph,1610612761,TOR,Toronto Raptors,0021500323,2015-12-09,TOR vs. SAS,W,30,2,6,0.333,0,1,0.0,2,2,1.0,0,0,0,4,3,0,3,4,6,-7,18.0,1,2015-16
22015,203504,Trey Burke,1610612762,UTA,Utah Jazz,0021500327,2015-12-09,UTA vs. NYK,W,23,6,13,0.462,3,6,0.5,0,0,,0,1,1,5,0,0,2,2,15,4,21.7,1,2015-16
22015,204060,Joe Ingles,1610612762,UTA,Utah Jazz,0021500327,2015-12-09,UTA vs. NYK,W,5,1,2,0.5,1,2,0.5,1,2,0.5,0,1,1,0,0,0,1,1,4,-5,4.2,1,2015-16
22015,201144,Mike Conley,1610612763,MEM,Memphis Grizzlies,0021500322,2015-12-09,MEM @ DET,W,29,4,13,0.308,1,6,0.167,2,3,0.667,1,0,1,8,0,0,2,1,11,-5,22.2,1,2015-16
22015,202390,Gary Neal,1610612764,WAS,Washington Wizards,0021500321,2015-12-09,WAS vs. HOU,L,26,2,11,0.182,1,6,0.167,2,2,1.0,0,2,2,0,0,0,1,0,7,-16,8.4,1,2015-16
22015,201229,Anthony Tolliver,1610612765,DET,Detroit Pistons,0021500322,2015-12-09,DET vs. MEM,L,13,0,3,0.0,0,3,0.0,0,0,,0,0,0,1,0,0,0,0,0,0,1.5,1,2015-16
22015,202694,Marcus Morris Sr.,1610612765,DET,Detroit Pistons,0021500322,2015-12-09,DET vs. MEM,L,37,6,13,0.462,2,4,0.5,2,2,1.0,1,1,2,0,0,0,0,0,16,-7,18.4,1,2015-16
22015,202689,Kemba Walker,1610612766,CHA,Charlotte Hornets,0021500320,2015-12-09,CHA vs. MIA,W,31,8,13,0.615,1,2,0.5,1,2,0.5,0,5,5,4,5,0,0,2,18,20,45.0,1,2015-16
22015,203087,Jeremy Lamb,1610612766,CHA,Charlotte Hornets,0021500320,2015-12-09,CHA vs. MIA,W,19,5,12,0.417,0,4,0.0,0,1,0.0,1,3,4,1,0,1,0,1,10,10,19.3,1,2015-16
22015,203469,Cody Zeller,1610612766,CHA,Charlotte Hornets,0021500320,2015-12-09,CHA vs. MIA,W,24,4,8,0.5,0,0,,1,2,0.5,1,1,2,2,0,1,0,3,9,14,17.4,1,2015-16
22015,1626163,Frank Kaminsky,1610612766,CHA,Charlotte Hornets,0021500320,2015-12-09,CHA vs. MIA,W,29,2,6,0.333,0,2,0.0,1,2,0.5,0,7,7,6,1,0,1,3,5,6,24.4,1,2015-16
22015,203934,Lamar Patterson,1610612737,ATL,Atlanta Hawks,0021500328,2015-12-09,ATL @ DAL,W,12,0,2,0.0,0,2,0.0,0,0,,0,1,1,1,0,0,2,2,0,5,0.7,1,2015-16
22015,202323,Evan Turner,1610612738,BOS,Boston Celtics,0021500319,2015-12-09,BOS vs. CHI,W,29,3,8,0.375,0,1,0.0,7,8,0.875,1,2,3,7,2,0,2,1,13,15,31.1,1,2015-16
22015,203096,Jared Sullinger,1610612738,BOS,Boston Celtics,0021500319,2015-12-09,BOS vs. CHI,W,27,4,11,0.364,0,2,0.0,2,4,0.5,5,11,16,1,1,3,1,1,10,-3,41.7,1,2015-16
22015,203482,Kelly Olynyk,1610612738,BOS,Boston Celtics,0021500319,2015-12-09,BOS vs. CHI,W,20,5,11,0.455,2,5,0.4,3,4,0.75,1,3,4,2,1,1,1,5,15,14,27.8,1,2015-16
22015,201149,Joakim Noah,1610612741,CHI,Chicago Bulls,0021500319,2015-12-09,CHI @ BOS,L,21,2,5,0.4,0,0,,1,2,0.5,2,3,5,6,2,1,2,2,5,-18,27.0,1,2015-16
22015,2585,Zaza Pachulia,1610612742,DAL,Dallas Mavericks,0021500328,2015-12-09,DAL vs. ATL,L,38,4,5,0.8,0,0,,3,4,0.75,7,10,17,1,1,0,2,1,11,3,33.9,1,2015-16
22015,101109,Raymond Felton,1610612742,DAL,Dallas Mavericks,0021500328,2015-12-09,DAL vs. ATL,L,30,4,10,0.4,1,2,0.5,2,2,1.0,2,4,6,5,1,0,1,0,11,11,27.7,1,2015-16
22015,1891,Jason Terry,1610612745,HOU,Houston Rockets,0021500321,2015-12-09,HOU @ WAS,W,17,3,5,0.6,1,3,0.333,0,0,,0,0,0,1,0,0,0,1,7,7,8.5,1,2015-16
22015,201147,Corey Brewer,1610612745,HOU,Houston Rockets,0021500321,2015-12-09,HOU @ WAS,W,28,6,12,0.5,1,4,0.25,2,2,1.0,0,7,7,3,1,0,1,4,15,19,29.9,1,2015-16
22015,201935,James Harden,1610612745,HOU,Houston Rockets,0021500321,2015-12-09,HOU @ WAS,W,40,13,23,0.565,5,9,0.556,11,12,0.917,2,7,9,7,2,2,7,4,42,7,68.3,1,2015-16
22015,202325,Wesley Johnson,1610612746,LAC,LA Clippers,0021500324,2015-12-09,LAC @ MIL,W,19,3,9,0.333,0,5,0.0,1,3,0.333,0,3,3,0,4,2,0,0,7,10,28.6,1,2015-16
22015,1626204,Larry Nance Jr.,1610612747,LAL,Los Angeles Lakers,0021500325,2015-12-09,LAL @ MIN,L,22,1,5,0.2,0,0,,0,0,,0,3,3,1,2,0,0,2,2,-4,13.1,1,2015-16
22015,202355,Hassan Whiteside,1610612748,MIA,Miami Heat,0021500320,2015-12-09,MIA @ CHA,L,23,3,5,0.6,0,0,,0,0,,1,7,8,1,0,3,6,2,6,-12,20.1,1,2015-16
22015,203089,John Henson,1610612749,MIL,Milwaukee Bucks,0021500324,2015-12-09,MIL vs. LAC,L,12,4,7,0.571,0,0,,0,0,,1,1,2,1,0,0,0,5,8,11,11.9,1,2015-16
22015,203507,Giannis Antetokounmpo,1610612749,MIL,Milwaukee Bucks,0021500324,2015-12-09,MIL vs. LAC,L,28,5,11,0.455,0,2,0.0,5,6,0.833,0,6,6,1,0,1,1,5,15,-19,25.7,1,2015-16
22015,1626173,Rashad Vaughn,1610612749,MIL,Milwaukee Bucks,0021500324,2015-12-09,MIL vs. LAC,L,17,0,2,0.0,0,1,0.0,0,0,,0,5,5,1,1,0,0,1,0,9,10.5,1,2015-16
22015,708,Kevin Garnett,1610612750,MIN,Minnesota Timberwolves,0021500325,2015-12-09,MIN vs. LAL,W,15,3,3,1.0,0,0,,0,0,,1,3,4,4,1,0,0,2,6,5,19.8,1,2015-16
22015,203476,Gorgui Dieng,1610612750,MIN,Minnesota Timberwolves,0021500325,2015-12-09,MIN vs. LAL,W,30,0,3,0.0,0,0,,5,6,0.833,1,6,7,1,1,0,1,2,5,-9,16.9,1,2015-16
22015,203940,Adreian Payne,1610612750,MIN,Minnesota Timberwolves,0021500325,2015-12-09,MIN vs. LAL,W,5,0,0,,0,0,,0,0,,0,0,0,1,0,0,0,0,0,-8,1.5,1,2015-16
22015,2756,Sasha Vujacic,1610612752,NYK,New York Knicks,0021500327,2015-12-09,NYK @ UTA,L,27,3,5,0.6,2,2,1.0,2,4,0.5,0,1,1,7,3,0,2,3,10,20,28.7,1,2015-16
22015,202498,Lance Thomas,1610612752,NYK,New York Knicks,0021500327,2015-12-09,NYK @ UTA,L,22,3,10,0.3,1,3,0.333,1,2,0.5,0,4,4,1,0,0,0,2,8,-11,14.3,1,2015-16
22015,202682,Derrick Williams,1610612752,NYK,New York Knicks,0021500327,2015-12-09,NYK @ UTA,L,20,3,8,0.375,1,2,0.5,0,0,,0,2,2,1,0,0,0,3,7,-5,10.9,1,2015-16
22015,204038,Langston Galloway,1610612752,NYK,New York Knicks,0021500327,2015-12-09,NYK @ UTA,L,22,2,4,0.5,1,1,1.0,0,0,,0,0,0,0,0,0,0,0,5,-9,5.0,1,2015-16
22015,203894,Shabazz Napier,1610612753,ORL,Orlando Magic,0021500326,2015-12-09,ORL @ PHX,L,15,2,3,0.667,2,3,0.667,1,2,0.5,0,0,0,4,0,0,0,2,7,-2,13.0,1,2015-16
22015,203932,Aaron Gordon,1610612753,ORL,Orlando Magic,0021500326,2015-12-09,ORL @ PHX,L,12,2,2,1.0,1,1,1.0,0,0,,0,2,2,1,1,0,0,1,5,2,11.9,1,2015-16
22015,1626209,Mario Hezonja,1610612753,ORL,Orlando Magic,0021500326,2015-12-09,ORL @ PHX,L,8,1,1,1.0,1,1,1.0,0,0,,0,2,2,1,0,0,1,0,3,8,5.9,1,2015-16
22015,1938,Manu Ginobili,1610612759,SAS,San Antonio Spurs,0021500323,2015-12-09,SAS @ TOR,L,25,5,11,0.455,1,6,0.167,6,8,0.75,1,3,4,3,2,0,2,5,17,9,30.3,1,2015-16
22015,2449,Luis Scola,1610612761,TOR,Toronto Raptors,0021500323,2015-12-09,TOR vs. SAS,W,33,8,14,0.571,0,1,0.0,0,1,0.0,1,7,8,1,1,0,2,4,16,16,28.1,1,2015-16
22015,202335,Patrick Patterson,1610612761,TOR,Toronto Raptors,0021500323,2015-12-09,TOR vs. SAS,W,34,3,5,0.6,2,4,0.5,2,2,1.0,0,4,4,1,3,0,2,2,10,-7,23.3,1,2015-16
22015,203082,Terrence Ross,1610612761,TOR,Toronto Raptors,0021500323,2015-12-09,TOR vs. SAS,W,27,3,5,0.6,0,1,0.0,0,0,,0,3,3,0,0,1,3,3,6,11,9.6,1,2015-16
22015,202692,Alec Burks,1610612762,UTA,Utah Jazz,0021500327,2015-12-09,UTA vs. NYK,W,19,2,6,0.333,0,0,,6,9,0.667,0,0,0,1,1,0,1,2,10,5,13.5,1,2015-16
22015,203481,Jeff Withey,1610612762,UTA,Utah Jazz,0021500327,2015-12-09,UTA vs. NYK,W,20,4,5,0.8,0,0,,0,0,,3,6,9,2,0,1,3,1,8,10,21.8,1,2015-16
22015,201145,Jeff Green,1610612763,MEM,Memphis Grizzlies,0021500322,2015-12-09,MEM @ DET,W,25,4,7,0.571,0,1,0.0,0,0,,0,2,2,2,1,0,2,1,8,-6,14.4,1,2015-16
22015,203210,JaMychal Green,1610612763,MEM,Memphis Grizzlies,0021500322,2015-12-09,MEM @ DET,W,15,1,4,0.25,0,0,,1,1,1.0,1,2,3,1,0,0,0,0,3,6,8.1,1,2015-16
22015,201196,Ramon Sessions,1610612764,WAS,Washington Wizards,0021500321,2015-12-09,WAS vs. HOU,L,16,3,5,0.6,0,1,0.0,3,3,1.0,0,4,4,1,0,0,1,1,9,-6,14.3,1,2015-16
22015,203490,Otto Porter Jr.,1610612764,WAS,Washington Wizards,0021500321,2015-12-09,WAS vs. HOU,L,29,5,12,0.417,1,2,0.5,2,3,0.667,3,2,5,1,1,0,0,5,13,-2,23.5,1,2015-16
22015,101141,Ersan Ilyasova,1610612765,DET,Detroit Pistons,0021500322,2015-12-09,DET vs. MEM,L,34,3,9,0.333,1,4,0.25,0,1,0.0,3,4,7,3,1,3,1,5,7,-3,30.9,1,2015-16
22015,203484,Kentavious Caldwell-Pope,1610612765,DET,Detroit Pistons,0021500322,2015-12-09,DET vs. MEM,L,35,4,11,0.364,1,6,0.167,0,0,,0,2,2,0,3,0,1,1,9,0,19.4,1,2015-16
22015,1626169,Stanley Johnson,1610612765,DET,Detroit Pistons,0021500322,2015-12-09,DET vs. MEM,L,17,2,4,0.5,0,1,0.0,0,0,,0,3,3,0,0,0,1,2,4,7,6.6,1,2015-16
22015,201946,Tyler Hansbrough,1610612766,CHA,Charlotte Hornets,0021500320,2015-12-09,CHA vs. MIA,W,10,2,4,0.5,0,0,,0,0,,1,0,1,0,0,0,1,3,4,-8,4.2,1,2015-16
22015,203798,PJ Hairston,1610612766,CHA,Charlotte Hornets,0021500320,2015-12-09,CHA vs. MIA,W,16,2,3,0.667,2,2,1.0,0,0,,0,2,2,0,0,0,0,1,6,11,8.4,1,2015-16
22015,2200,Pau Gasol,1610612741,CHI,Chicago Bulls,0021500319,2015-12-09,CHI @ BOS,L,33,7,17,0.412,0,1,0.0,2,3,0.667,5,10,15,4,1,2,4,3,16,11,45.0,1,2015-16
22015,200755,JJ Redick,1610612746,LAC,LA Clippers,0021500324,2015-12-09,LAC @ MIL,W,33,11,18,0.611,6,9,0.667,3,4,0.75,0,3,3,2,0,0,2,1,31,24,35.6,1,2015-16
22015,201564,O.J. Mayo,1610612749,MIL,Milwaukee Bucks,0021500324,2015-12-09,MIL vs. LAC,L,36,7,15,0.467,0,3,0.0,0,0,,0,4,4,8,2,0,3,5,14,-13,33.8,1,2015-16
22015,203897,Zach LaVine,1610612750,MIN,Minnesota Timberwolves,0021500325,2015-12-09,MIN vs. LAL,W,20,2,8,0.25,0,2,0.0,0,2,0.0,0,2,2,2,0,0,2,1,4,-19,7.4,1,2015-16
22015,202699,Tobias Harris,1610612753,ORL,Orlando Magic,0021500326,2015-12-09,ORL @ PHX,L,33,6,13,0.462,1,4,0.25,3,3,1.0,0,3,3,3,3,0,3,2,16,-4,30.1,1,2015-16
22015,203094,Andrew Nicholson,1610612753,ORL,Orlando Magic,0021500326,2015-12-09,ORL @ PHX,L,14,3,5,0.6,1,1,1.0,2,2,1.0,0,3,3,0,0,0,1,5,9,6,11.6,1,2015-16
22015,203141,Mirza Teletovic,1610612756,PHX,Phoenix Suns,0021500326,2015-12-09,PHX vs. ORL,W,28,5,10,0.5,4,8,0.5,1,2,0.5,0,5,5,3,0,0,2,3,15,0,23.5,1,2015-16
22015,200746,LaMarcus Aldridge,1610612759,SAS,San Antonio Spurs,0021500323,2015-12-09,SAS @ TOR,L,34,4,10,0.4,0,1,0.0,5,6,0.833,3,4,7,1,0,1,3,2,13,-15,22.9,1,2015-16
22015,201988,Patty Mills,1610612759,SAS,San Antonio Spurs,0021500323,2015-12-09,SAS @ TOR,L,22,1,5,0.2,1,3,0.333,0,0,,1,1,2,6,1,0,1,0,3,10,16.4,1,2015-16
22015,101162,Marcin Gortat,1610612764,WAS,Washington Wizards,0021500321,2015-12-09,WAS vs. HOU,L,36,7,10,0.7,0,0,,4,4,1.0,4,9,13,1,1,1,4,5,18,-17,37.1,1,2015-16
22015,202066,Garrett Temple,1610612764,WAS,Washington Wizards,0021500321,2015-12-09,WAS vs. HOU,L,17,2,6,0.333,0,2,0.0,1,2,0.5,1,3,4,1,1,0,0,2,5,1,14.3,1,2015-16
22015,203145,Kent Bazemore,1610612737,ATL,Atlanta Hawks,0021500331,2015-12-10,ATL @ OKC,L,28,7,12,0.583,4,7,0.571,4,4,1.0,0,2,2,2,1,0,0,2,22,-11,30.4,1,2015-16
22015,203200,Justin Holiday,1610612737,ATL,Atlanta Hawks,0021500331,2015-12-10,ATL @ OKC,L,2,0,1,0.0,0,1,0.0,0,0,,0,0,0,0,0,0,0,0,0,-2,0.0,1,2015-16
22015,203488,Mike Muscala,1610612737,ATL,Atlanta Hawks,0021500331,2015-12-10,ATL @ OKC,L,20,4,8,0.5,0,2,0.0,0,0,,1,1,2,1,0,2,1,3,8,-10,16.9,1,2015-16
22015,201565,Derrick Rose,1610612741,CHI,Chicago Bulls,0021500330,2015-12-10,CHI vs. LAC,W,28,5,11,0.455,1,3,0.333,0,0,,0,3,3,2,1,0,3,0,11,-3,17.6,1,2015-16
22015,1718,Paul Pierce,1610612746,LAC,LA Clippers,0021500330,2015-12-10,LAC @ CHI,L,5,0,2,0.0,0,1,0.0,0,0,,0,0,0,0,0,0,0,0,0,-12,0.0,1,2015-16
22015,201933,Blake Griffin,1610612746,LAC,LA Clippers,0021500330,2015-12-10,LAC @ CHI,L,25,7,14,0.5,0,1,0.0,4,4,1.0,1,10,11,2,0,2,2,3,18,-4,38.2,1,2015-16
22015,2207,Joe Johnson,1610612751,BKN,Brooklyn Nets,0021500329,2015-12-10,BKN vs. PHI,W,33,3,9,0.333,1,4,0.25,0,0,,0,0,0,2,0,0,1,1,7,-4,9.0,1,2015-16
22015,201152,Thaddeus Young,1610612751,BKN,Brooklyn Nets,0021500329,2015-12-10,BKN vs. PHI,W,33,6,13,0.462,0,0,,6,9,0.667,2,9,11,0,2,0,4,2,18,0,33.2,1,2015-16
22015,202711,Bojan Bogdanovic,1610612751,BKN,Brooklyn Nets,0021500329,2015-12-10,BKN vs. PHI,W,33,4,7,0.571,2,4,0.5,0,0,,1,2,3,3,0,0,1,1,10,6,17.1,1,2015-16
22015,203186,Willie Reed,1610612751,BKN,Brooklyn Nets,0021500329,2015-12-10,BKN vs. PHI,W,13,3,4,0.75,0,0,,0,0,,0,3,3,0,0,0,1,1,6,-7,8.6,1,2015-16
22015,101181,Jose Calderon,1610612752,NYK,New York Knicks,0021500332,2015-12-10,NYK @ SAC,L,32,3,7,0.429,2,5,0.4,0,0,,1,1,2,3,1,0,1,1,8,-1,16.9,1,2015-16
22015,203124,Kyle O'Quinn,1610612752,NYK,New York Knicks,0021500332,2015-12-10,NYK @ SAC,L,12,2,3,0.667,0,0,,2,2,1.0,1,5,6,3,0,1,0,0,6,5,20.7,1,2015-16
22015,204456,T.J. McConnell,1610612755,PHI,Philadelphia 76ers,0021500329,2015-12-10,PHI @ BKN,L,24,6,9,0.667,3,4,0.75,2,2,1.0,0,1,1,1,3,0,2,1,17,3,26.7,1,2015-16
22015,201158,Marco Belinelli,1610612758,SAC,Sacramento Kings,0021500332,2015-12-10,SAC vs. NYK,W,20,3,10,0.3,0,2,0.0,0,0,,0,1,1,2,0,0,1,2,6,1,9.2,1,2015-16
22015,201585,Kosta Koufos,1610612758,SAC,Sacramento Kings,0021500332,2015-12-10,SAC vs. NYK,W,15,3,5,0.6,0,0,,0,0,,0,4,4,0,0,0,0,3,6,-13,10.8,1,2015-16
22015,2555,Nick Collison,1610612760,OKC,Oklahoma City Thunder,0021500331,2015-12-10,OKC vs. ATL,W,11,0,1,0.0,0,0,,0,0,,1,4,5,1,0,0,1,3,0,2,6.5,1,2015-16
22015,201566,Russell Westbrook,1610612760,OKC,Oklahoma City Thunder,0021500331,2015-12-10,OKC vs. ATL,W,38,8,17,0.471,3,4,0.75,4,6,0.667,2,4,6,10,3,0,2,2,23,15,52.2,1,2015-16
22015,201571,D.J. Augustin,1610612760,OKC,Oklahoma City Thunder,0021500331,2015-12-10,OKC vs. ATL,W,9,0,0,,0,0,,3,4,0.75,0,1,1,0,0,0,0,0,3,0,4.2,1,2015-16
22015,201586,Serge Ibaka,1610612760,OKC,Oklahoma City Thunder,0021500331,2015-12-10,OKC vs. ATL,W,36,9,14,0.643,1,3,0.333,4,4,1.0,1,9,10,0,1,2,2,4,23,13,42.0,1,2015-16
22015,203079,Dion Waiters,1610612760,OKC,Oklahoma City Thunder,0021500331,2015-12-10,OKC vs. ATL,W,31,4,14,0.286,1,4,0.25,0,0,,1,0,1,1,0,0,1,3,9,13,10.7,1,2015-16
22015,203500,Steven Adams,1610612760,OKC,Oklahoma City Thunder,0021500331,2015-12-10,OKC vs. ATL,W,31,5,7,0.714,0,0,,1,3,0.333,2,5,7,1,1,0,0,1,11,9,23.9,1,2015-16
22015,201952,Jeff Teague,1610612737,ATL,Atlanta Hawks,0021500331,2015-12-10,ATL @ OKC,L,32,8,14,0.571,1,2,0.5,1,1,1.0,0,5,5,4,2,0,1,2,18,-9,35.0,1,2015-16
22015,202703,Nikola Mirotic,1610612741,CHI,Chicago Bulls,0021500330,2015-12-10,CHI vs. LAC,W,14,2,8,0.25,1,5,0.2,0,0,,0,11,11,1,1,0,0,1,5,-2,22.7,1,2015-16
22015,203503,Tony Snell,1610612741,CHI,Chicago Bulls,0021500330,2015-12-10,CHI vs. LAC,W,22,1,3,0.333,0,1,0.0,0,0,,1,3,4,0,0,0,2,3,2,-8,4.8,1,2015-16
22015,201599,DeAndre Jordan,1610612746,LAC,LA Clippers,0021500330,2015-12-10,LAC @ CHI,L,37,4,7,0.571,0,0,,2,3,0.667,6,8,14,0,2,1,0,2,10,3,35.8,1,2015-16
22015,201601,Luc Mbah a Moute,1610612746,LAC,LA Clippers,0021500330,2015-12-10,LAC @ CHI,L,21,2,9,0.222,1,2,0.5,0,0,,4,2,6,1,0,0,1,2,5,2,12.7,1,2015-16
22015,202325,Wesley Johnson,1610612746,LAC,LA Clippers,0021500330,2015-12-10,LAC @ CHI,L,15,3,6,0.5,3,4,0.75,0,0,,2,2,4,0,0,0,0,0,9,-6,13.8,1,2015-16
22015,203499,Shane Larkin,1610612751,BKN,Brooklyn Nets,0021500329,2015-12-10,BKN vs. PHI,W,27,5,10,0.5,0,1,0.0,4,4,1.0,0,4,4,6,1,0,2,1,14,17,28.8,1,2015-16
22015,203900,Markel Brown,1610612751,BKN,Brooklyn Nets,0021500329,2015-12-10,BKN vs. PHI,W,16,2,3,0.667,1,2,0.5,0,0,,0,0,0,1,1,0,1,4,5,8,8.5,1,2015-16
22015,204001,Kristaps Porziņģis,1610612752,NYK,New York Knicks,0021500332,2015-12-10,NYK @ SAC,L,34,4,11,0.364,1,2,0.5,4,5,0.8,2,5,7,2,2,3,3,4,13,-2,36.4,1,2015-16
22015,1626158,Richaun Holmes,1610612755,PHI,Philadelphia 76ers,0021500329,2015-12-10,PHI @ BKN,L,17,5,6,0.833,0,0,,4,4,1.0,1,0,1,1,1,0,1,3,14,-5,18.7,1,2015-16
22015,200765,Rajon Rondo,1610612758,SAC,Sacramento Kings,0021500332,2015-12-10,SAC vs. NYK,W,40,7,10,0.7,1,2,0.5,1,1,1.0,2,7,9,12,2,0,3,3,16,2,47.8,1,2015-16
22015,201956,Omri Casspi,1610612758,SAC,Sacramento Kings,0021500332,2015-12-10,SAC vs. NYK,W,40,4,10,0.4,0,2,0.0,3,6,0.5,1,7,8,3,0,0,0,4,11,4,25.1,1,2015-16
22015,203463,Ben McLemore,1610612758,SAC,Sacramento Kings,0021500332,2015-12-10,SAC vs. NYK,W,24,2,5,0.4,1,2,0.5,2,2,1.0,0,2,2,0,1,0,0,0,7,8,12.4,1,2015-16
22015,202683,Enes Freedom,1610612760,OKC,Oklahoma City Thunder,0021500331,2015-12-10,OKC vs. ATL,W,11,2,6,0.333,0,0,,0,0,,2,3,5,0,0,0,1,0,4,4,9.0,1,2015-16
22015,202713,Kyle Singler,1610612760,OKC,Oklahoma City Thunder,0021500331,2015-12-10,OKC vs. ATL,W,1,0,0,,0,0,,0,0,,0,1,1,0,0,0,0,0,0,-2,1.2,1,2015-16
22015,200757,Thabo Sefolosha,1610612737,ATL,Atlanta Hawks,0021500331,2015-12-10,ATL @ OKC,L,35,5,8,0.625,0,2,0.0,1,4,0.25,1,2,3,1,4,0,2,1,11,-3,26.1,1,2015-16
22015,201143,Al Horford,1610612737,ATL,Atlanta Hawks,0021500331,2015-12-10,ATL @ OKC,L,33,3,14,0.214,1,4,0.25,2,2,1.0,2,5,7,3,0,1,1,2,9,0,23.9,1,2015-16
22015,203471,Dennis Schröder,1610612737,ATL,Atlanta Hawks,0021500331,2015-12-10,ATL @ OKC,L,19,2,8,0.25,0,2,0.0,3,4,0.75,0,4,4,2,1,1,3,3,7,-8,17.8,1,2015-16
22015,201166,Aaron Brooks,1610612741,CHI,Chicago Bulls,0021500330,2015-12-10,CHI vs. LAC,W,21,3,9,0.333,1,3,0.333,3,3,1.0,1,1,2,2,0,0,1,1,10,2,14.4,1,2015-16
22015,201959,Taj Gibson,1610612741,CHI,Chicago Bulls,0021500330,2015-12-10,CHI vs. LAC,W,29,4,9,0.444,0,0,,4,4,1.0,3,5,8,2,0,0,0,0,12,2,24.6,1,2015-16
22015,203926,Doug McDermott,1610612741,CHI,Chicago Bulls,0021500330,2015-12-10,CHI vs. LAC,W,16,0,5,0.0,0,2,0.0,0,0,,0,0,0,0,0,0,0,1,0,14,0.0,1,2015-16
22015,2037,Jamal Crawford,1610612746,LAC,LA Clippers,0021500330,2015-12-10,LAC @ CHI,L,22,1,5,0.2,0,1,0.0,0,0,,0,0,0,2,0,0,1,0,2,-11,4.0,1,2015-16
22015,200755,JJ Redick,1610612746,LAC,LA Clippers,0021500330,2015-12-10,LAC @ CHI,L,29,2,11,0.182,0,2,0.0,4,5,0.8,0,2,2,4,0,0,0,0,8,8,16.4,1,2015-16
22015,200745,Andrea Bargnani,1610612751,BKN,Brooklyn Nets,0021500329,2015-12-10,BKN vs. PHI,W,23,8,15,0.533,0,0,,7,9,0.778,3,3,6,1,0,0,0,0,23,13,31.7,1,2015-16
22015,201572,Brook Lopez,1610612751,BKN,Brooklyn Nets,0021500329,2015-12-10,BKN vs. PHI,W,19,2,3,0.667,0,0,,3,5,0.6,2,5,7,1,0,1,5,5,7,15,14.9,1,2015-16
22015,201961,Wayne Ellington,1610612751,BKN,Brooklyn Nets,0021500329,2015-12-10,BKN vs. PHI,W,9,1,1,1.0,1,1,1.0,0,0,,0,2,2,0,1,0,0,1,3,2,8.4,1,2015-16
22015,202498,Lance Thomas,1610612752,NYK,New York Knicks,0021500332,2015-12-10,NYK @ SAC,L,24,3,7,0.429,2,4,0.5,2,2,1.0,1,5,6,2,3,0,2,1,10,-1,27.2,1,2015-16
22015,204038,Langston Galloway,1610612752,NYK,New York Knicks,0021500332,2015-12-10,NYK @ SAC,L,18,2,6,0.333,1,2,0.5,4,4,1.0,0,4,4,0,1,0,1,2,9,1,15.8,1,2015-16
22015,203457,Nerlens Noel,1610612755,PHI,Philadelphia 76ers,0021500329,2015-12-10,PHI @ BKN,L,21,3,9,0.333,0,0,,0,0,,2,3,5,1,4,0,1,3,6,-8,24.5,1,2015-16
22015,203924,Jerami Grant,1610612755,PHI,Philadelphia 76ers,0021500329,2015-12-10,PHI @ BKN,L,24,4,10,0.4,1,4,0.25,0,0,,4,4,8,0,1,2,0,2,9,-5,27.6,1,2015-16
22015,202326,DeMarcus Cousins,1610612758,SAC,Sacramento Kings,0021500332,2015-12-10,SAC vs. NYK,W,37,12,25,0.48,0,2,0.0,3,4,0.75,3,8,11,2,2,0,3,5,27,14,46.2,1,2015-16
22015,201142,Kevin Durant,1610612760,OKC,Oklahoma City Thunder,0021500331,2015-12-10,OKC vs. ATL,W,37,8,14,0.571,2,2,1.0,7,7,1.0,0,12,12,10,1,0,5,2,25,9,52.4,1,2015-16
22015,201627,Anthony Morrow,1610612760,OKC,Oklahoma City Thunder,0021500331,2015-12-10,OKC vs. ATL,W,14,3,6,0.5,2,3,0.667,0,0,,0,1,1,0,0,0,0,1,8,3,9.2,1,2015-16
22015,203460,Andre Roberson,1610612760,OKC,Oklahoma City Thunder,0021500331,2015-12-10,OKC vs. ATL,W,21,0,1,0.0,0,1,0.0,1,2,0.5,1,2,3,1,0,0,2,0,1,1,4.1,1,2015-16
22015,2200,Pau Gasol,1610612741,CHI,Chicago Bulls,0021500330,2015-12-10,CHI vs. LAC,W,33,10,19,0.526,3,3,1.0,1,1,1.0,0,6,6,0,2,2,1,2,24,7,42.2,1,2015-16
22015,2550,Kirk Hinrich,1610612741,CHI,Chicago Bulls,0021500330,2015-12-10,CHI vs. LAC,W,20,1,4,0.25,1,4,0.25,0,0,,1,1,2,3,1,0,1,1,3,9,11.9,1,2015-16
22015,202710,Jimmy Butler III,1610612741,CHI,Chicago Bulls,0021500330,2015-12-10,CHI vs. LAC,W,37,4,14,0.286,0,2,0.0,6,8,0.75,1,4,5,8,2,2,0,0,14,-5,44.0,1,2015-16
22015,203085,Austin Rivers,1610612746,LAC,LA Clippers,0021500330,2015-12-10,LAC @ CHI,L,17,1,6,0.167,1,2,0.5,0,0,,2,3,5,1,0,0,1,1,3,-11,9.5,1,2015-16
22015,101127,Jarrett Jack,1610612751,BKN,Brooklyn Nets,0021500329,2015-12-10,BKN vs. PHI,W,27,2,7,0.286,1,2,0.5,0,0,,1,5,6,8,0,0,3,2,5,-4,21.2,1,2015-16
22015,203080,Thomas Robinson,1610612751,BKN,Brooklyn Nets,0021500329,2015-12-10,BKN vs. PHI,W,7,1,2,0.5,0,0,,0,0,,0,1,1,0,0,0,1,2,2,-1,2.2,1,2015-16
22015,2756,Sasha Vujacic,1610612752,NYK,New York Knicks,0021500332,2015-12-10,NYK @ SAC,L,18,3,7,0.429,2,6,0.333,0,0,,0,2,2,0,0,0,0,2,8,8,10.4,1,2015-16
22015,202682,Derrick Williams,1610612752,NYK,New York Knicks,0021500332,2015-12-10,NYK @ SAC,L,6,0,2,0.0,0,1,0.0,0,0,,0,1,1,0,0,0,0,0,0,-6,1.2,1,2015-16
22015,203138,Hollis Thompson,1610612755,PHI,Philadelphia 76ers,0021500329,2015-12-10,PHI @ BKN,L,25,0,5,0.0,0,3,0.0,2,2,1.0,0,2,2,2,1,0,0,1,2,-7,10.4,1,2015-16
22015,203477,Isaiah Canaan,1610612755,PHI,Philadelphia 76ers,0021500329,2015-12-10,PHI @ BKN,L,25,2,10,0.2,0,6,0.0,0,0,,1,2,3,3,1,1,1,2,4,-9,17.1,1,2015-16
22015,203496,Robert Covington,1610612755,PHI,Philadelphia 76ers,0021500329,2015-12-10,PHI @ BKN,L,27,3,10,0.3,0,6,0.0,0,0,,0,2,2,0,2,1,0,6,6,-3,17.4,1,2015-16
22015,200752,Rudy Gay,1610612758,SAC,Sacramento Kings,0021500332,2015-12-10,SAC vs. NYK,W,40,4,16,0.25,1,4,0.25,1,1,1.0,4,4,8,2,1,3,3,3,10,0,31.6,1,2015-16
22015,201954,Darren Collison,1610612758,SAC,Sacramento Kings,0021500332,2015-12-10,SAC vs. NYK,W,25,7,12,0.583,0,2,0.0,2,2,1.0,0,1,1,3,0,0,2,0,16,-6,19.7,1,2015-16
22015,2594,Kyle Korver,1610612737,ATL,Atlanta Hawks,0021500331,2015-12-10,ATL @ OKC,L,35,4,8,0.5,4,7,0.571,0,0,,0,3,3,4,0,1,1,3,12,-2,23.6,1,2015-16
22015,200794,Paul Millsap,1610612737,ATL,Atlanta Hawks,0021500331,2015-12-10,ATL @ OKC,L,33,2,5,0.4,0,1,0.0,3,8,0.375,1,7,8,4,1,2,0,3,7,-13,31.6,1,2015-16
22015,203934,Lamar Patterson,1610612737,ATL,Atlanta Hawks,0021500331,2015-12-10,ATL @ OKC,L,4,0,0,,0,0,,0,0,,0,0,0,0,0,0,0,0,0,-7,0.0,1,2015-16
22015,201149,Joakim Noah,1610612741,CHI,Chicago Bulls,0021500330,2015-12-10,CHI vs. LAC,W,20,1,5,0.2,0,0,,0,0,,6,7,13,2,1,2,3,3,2,-1,26.6,1,2015-16
22015,2746,Josh Smith,1610612746,LAC,LA Clippers,0021500330,2015-12-10,LAC @ CHI,L,19,3,8,0.375,2,3,0.667,0,0,,0,7,7,3,0,1,3,2,8,0,20.9,1,2015-16
22015,101108,Chris Paul,1610612746,LAC,LA Clippers,0021500330,2015-12-10,LAC @ CHI,L,31,5,16,0.313,2,4,0.5,0,0,,0,0,0,5,1,0,4,3,12,8,18.5,1,2015-16
22015,202362,Lance Stephenson,1610612746,LAC,LA Clippers,0021500330,2015-12-10,LAC @ CHI,L,18,2,4,0.5,1,2,0.5,0,0,,0,3,3,4,1,0,1,2,5,8,16.6,1,2015-16
22015,2546,Carmelo Anthony,1610612752,NYK,New York Knicks,0021500332,2015-12-10,NYK @ SAC,L,39,8,21,0.381,1,3,0.333,6,11,0.545,5,9,14,4,1,1,5,3,23,-2,46.8,1,2015-16
22015,201577,Robin Lopez,1610612752,NYK,New York Knicks,0021500332,2015-12-10,NYK @ SAC,L,20,2,5,0.4,0,0,,2,2,1.0,2,5,7,1,0,0,2,4,6,-9,13.9,1,2015-16
22015,1626170,Jerian Grant,1610612752,NYK,New York Knicks,0021500332,2015-12-10,NYK @ SAC,L,3,0,0,,0,0,,0,0,,1,0,1,0,0,0,2,0,0,-2,-0.8,1,2015-16
22015,203100,Tony Wroten,1610612755,PHI,Philadelphia 76ers,0021500329,2015-12-10,PHI @ BKN,L,17,3,5,0.6,0,1,0.0,3,6,0.5,1,3,4,2,1,0,2,0,9,-3,17.8,1,2015-16
22015,203917,Nik Stauskas,1610612755,PHI,Philadelphia 76ers,0021500329,2015-12-10,PHI @ BKN,L,28,1,8,0.125,0,7,0.0,0,0,,0,2,2,5,0,0,0,2,2,-4,11.9,1,2015-16
22015,1626143,Jahlil Okafor,1610612755,PHI,Philadelphia 76ers,0021500329,2015-12-10,PHI @ BKN,L,31,7,15,0.467,0,0,,8,8,1.0,4,6,10,2,0,2,3,2,22,-4,40.0,1,2015-16
22015,1626166,Cameron Payne,1610612760,OKC,Oklahoma City Thunder,0021500331,2015-12-10,OKC vs. ATL,W,1,0,0,,0,0,,0,0,,0,0,0,0,0,0,0,0,0,-2,0.0,1,2015-16
22015,201167,Arron Afflalo,1610612752,NYK,New York Knicks,0021500332,2015-12-10,NYK @ SAC,L,33,6,14,0.429,0,6,0.0,2,2,1.0,0,4,4,2,1,1,2,5,14,-1,25.8,1,2015-16
22015,202340,Avery Bradley,1610612738,BOS,Boston Celtics,0021500336,2015-12-11,BOS vs. GSW,L,34,8,19,0.421,3,9,0.333,0,0,,0,0,0,1,1,0,0,6,19,2,23.5,1,2015-16
22015,2210,Richard Jefferson,1610612739,CLE,Cleveland Cavaliers,0021500334,2015-12-11,CLE @ ORL,W,13,1,1,1.0,1,1,1.0,0,0,,0,3,3,0,2,0,3,1,3,-6,9.6,1,2015-16
22015,2590,Mo Williams,1610612739,CLE,Cleveland Cavaliers,0021500334,2015-12-11,CLE @ ORL,W,24,2,6,0.333,0,0,,1,1,1.0,0,5,5,4,0,0,3,2,5,1,14.0,1,2015-16
22015,201600,Omer Asik,1610612740,NOP,New Orleans Pelicans,0021500339,2015-12-11,NOP vs. WAS,W,9,0,1,0.0,0,0,,0,0,,1,1,2,0,0,0,1,0,0,0,1.4,1,2015-16
22015,201936,Tyreke Evans,1610612740,NOP,New Orleans Pelicans,0021500339,2015-12-11,NOP vs. WAS,W,34,10,18,0.556,5,6,0.833,2,4,0.5,0,7,7,4,2,0,3,2,27,9,44.4,1,2015-16
22015,203914,Gary Harris,1610612743,DEN,Denver Nuggets,0021500340,2015-12-11,DEN vs. MIN,W,44,5,15,0.333,2,6,0.333,0,0,,0,2,2,1,0,0,2,3,12,2,13.9,1,2015-16
22015,201939,Stephen Curry,1610612744,GSW,Golden State Warriors,0021500336,2015-12-11,GSW @ BOS,W,47,9,27,0.333,6,13,0.462,14,14,1.0,3,8,11,8,2,0,8,4,38,15,61.2,1,2015-16
22015,101150,Lou Williams,1610612747,LAL,Los Angeles Lakers,0021500342,2015-12-11,LAL @ SAS,L,34,7,12,0.583,2,5,0.4,3,3,1.0,0,3,3,1,2,1,2,2,19,-26,31.1,1,2015-16
22015,201156,Nick Young,1610612747,LAL,Los Angeles Lakers,0021500342,2015-12-11,LAL @ SAS,L,19,2,6,0.333,1,3,0.333,1,1,1.0,0,0,0,0,0,0,0,1,6,-4,6.0,1,2015-16
22015,203527,Ryan Kelly,1610612747,LAL,Los Angeles Lakers,0021500342,2015-12-11,LAL @ SAS,L,9,2,2,1.0,0,0,,0,0,,0,4,4,1,0,0,2,0,4,-6,8.3,1,2015-16
22015,1626273,Marcelo Huertas,1610612747,LAL,Los Angeles Lakers,0021500342,2015-12-11,LAL @ SAS,L,20,2,4,0.5,0,2,0.0,0,0,,0,0,0,5,0,0,0,3,4,-8,11.5,1,2015-16
22015,2405,Amar'e Stoudemire,1610612748,MIA,Miami Heat,0021500333,2015-12-11,MIA @ IND,L,7,0,2,0.0,0,0,,1,2,0.5,1,1,2,0,0,1,0,0,1,-1,6.4,1,2015-16
22015,1626196,Josh Richardson,1610612748,MIA,Miami Heat,0021500333,2015-12-11,MIA @ IND,L,9,0,1,0.0,0,1,0.0,0,0,,0,1,1,0,0,0,1,3,0,3,0.2,1,2015-16
22015,203897,Zach LaVine,1610612750,MIN,Minnesota Timberwolves,0021500340,2015-12-11,MIN @ DEN,L,25,4,11,0.364,1,4,0.25,3,4,0.75,1,4,5,5,0,0,2,0,12,3,23.5,1,2015-16
22015,101112,Channing Frye,1610612753,ORL,Orlando Magic,0021500334,2015-12-11,ORL vs. CLE,L,12,0,3,0.0,0,2,0.0,0,0,,0,0,0,0,0,0,0,1,0,-14,0.0,1,2015-16
22015,202699,Tobias Harris,1610612753,ORL,Orlando Magic,0021500334,2015-12-11,ORL vs. CLE,L,17,0,5,0.0,0,3,0.0,0,0,,0,2,2,0,1,0,2,1,0,-22,3.4,1,2015-16
22015,203094,Andrew Nicholson,1610612753,ORL,Orlando Magic,0021500334,2015-12-11,ORL vs. CLE,L,23,4,7,0.571,0,2,0.0,0,0,,0,6,6,0,0,1,1,2,8,-7,17.2,1,2015-16
22015,203894,Shabazz Napier,1610612753,ORL,Orlando Magic,0021500334,2015-12-11,ORL vs. CLE,L,19,1,7,0.143,0,3,0.0,1,2,0.5,0,0,0,5,1,0,3,1,3,-5,10.5,1,2015-16
22015,101139,CJ Miles,1610612754,IND,Indiana Pacers,0021500333,2015-12-11,IND vs. MIA,W,34,5,18,0.278,1,10,0.1,1,2,0.5,2,6,8,2,0,2,0,2,12,9,30.6,1,2015-16
22015,200782,P.J. Tucker,1610612756,PHX,Phoenix Suns,0021500343,2015-12-11,PHX vs. POR,L,22,1,3,0.333,0,1,0.0,0,0,,1,3,4,2,1,1,0,1,2,-15,15.8,1,2015-16
22015,202688,Brandon Knight,1610612756,PHX,Phoenix Suns,0021500343,2015-12-11,PHX vs. POR,L,33,0,12,0.0,0,8,0.0,1,1,1.0,0,5,5,10,2,0,3,2,1,-17,25.0,1,2015-16
22015,203928,Cory Jefferson,1610612756,PHX,Phoenix Suns,0021500343,2015-12-11,PHX vs. POR,L,11,2,3,0.667,0,0,,0,0,,0,2,2,0,0,1,0,1,4,-2,9.4,1,2015-16
22015,203086,Meyers Leonard,1610612757,POR,Portland Trail Blazers,0021500343,2015-12-11,POR @ PHX,W,17,1,8,0.125,0,3,0.0,0,0,,1,2,3,2,0,0,2,2,2,-5,6.6,1,2015-16
22015,203090,Maurice Harkless,1610612757,POR,Portland Trail Blazers,0021500343,2015-12-11,POR @ PHX,W,6,1,2,0.5,0,0,,0,0,,0,1,1,1,0,0,0,0,2,-7,4.7,1,2015-16
22015,203486,Mason Plumlee,1610612757,POR,Portland Trail Blazers,0021500343,2015-12-11,POR @ PHX,W,27,4,5,0.8,0,0,,0,0,,1,3,4,4,0,0,2,2,8,5,16.8,1,2015-16
22015,201988,Patty Mills,1610612759,SAS,San Antonio Spurs,0021500342,2015-12-11,SAS vs. LAL,W,22,9,11,0.818,3,4,0.75,1,2,0.5,0,3,3,3,1,0,1,0,22,17,32.1,1,2015-16
22015,2555,Nick Collison,1610612760,OKC,Oklahoma City Thunder,0021500341,2015-12-11,OKC @ UTA,W,15,0,0,,0,0,,1,2,0.5,1,2,3,0,0,0,0,3,1,-5,4.6,1,2015-16
22015,201627,Anthony Morrow,1610612760,OKC,Oklahoma City Thunder,0021500341,2015-12-11,OKC @ UTA,W,9,1,1,1.0,1,1,1.0,0,0,,0,0,0,0,0,0,1,2,3,2,2.0,1,2015-16
22015,202683,Enes Freedom,1610612760,OKC,Oklahoma City Thunder,0021500341,2015-12-11,OKC @ UTA,W,24,4,7,0.571,0,0,,3,4,0.75,2,4,6,1,0,0,2,1,11,5,17.7,1,2015-16
22015,203460,Andre Roberson,1610612760,OKC,Oklahoma City Thunder,0021500341,2015-12-11,OKC @ UTA,W,23,3,5,0.6,1,1,1.0,0,0,,1,3,4,0,0,0,1,1,7,6,10.8,1,2015-16
22015,203481,Jeff Withey,1610612762,UTA,Utah Jazz,0021500341,2015-12-11,UTA vs. OKC,L,11,3,3,1.0,0,0,,0,0,,0,1,1,0,0,0,1,0,6,7,6.2,1,2015-16
22015,2440,Matt Barnes,1610612763,MEM,Memphis Grizzlies,0021500338,2015-12-11,MEM vs. CHA,L,25,4,14,0.286,3,7,0.429,0,0,,3,4,7,1,1,1,2,2,11,-18,24.9,1,2015-16
22015,203210,JaMychal Green,1610612763,MEM,Memphis Grizzlies,0021500338,2015-12-11,MEM vs. CHA,L,17,2,5,0.4,0,0,,2,4,0.5,2,1,3,0,0,0,1,5,6,-5,8.6,1,2015-16
22015,201162,Jared Dudley,1610612764,WAS,Washington Wizards,0021500339,2015-12-11,WAS @ NOP,L,38,3,7,0.429,2,4,0.5,0,0,,0,3,3,3,4,0,1,4,8,-10,27.1,1,2015-16
22015,201196,Ramon Sessions,1610612764,WAS,Washington Wizards,0021500339,2015-12-11,WAS @ NOP,L,26,4,8,0.5,0,2,0.0,6,8,0.75,0,1,1,2,0,0,0,1,14,-1,18.2,1,2015-16
22015,202390,Gary Neal,1610612764,WAS,Washington Wizards,0021500339,2015-12-11,WAS @ NOP,L,26,5,10,0.5,3,4,0.75,2,2,1.0,1,3,4,2,0,0,0,2,15,-3,22.8,1,2015-16
22015,203083,Andre Drummond,1610612765,DET,Detroit Pistons,0021500335,2015-12-11,DET @ PHI,W,33,8,17,0.471,0,0,,2,6,0.333,11,5,16,0,2,4,1,3,18,27,54.2,1,2015-16
22015,1626169,Stanley Johnson,1610612765,DET,Detroit Pistons,0021500335,2015-12-11,DET @ PHI,W,15,2,6,0.333,0,1,0.0,0,0,,0,1,1,0,0,1,2,1,4,-18,6.2,1,2015-16
22015,1626199,Darrun Hilliard,1610612765,DET,Detroit Pistons,0021500335,2015-12-11,DET @ PHI,W,9,1,5,0.2,0,0,,0,0,,0,0,0,0,0,0,0,0,2,-22,2.0,1,2015-16
22015,203469,Cody Zeller,1610612766,CHA,Charlotte Hornets,0021500338,2015-12-11,CHA @ MEM,W,22,1,5,0.2,0,0,,0,0,,0,2,2,3,3,0,1,5,2,9,16.9,1,2015-16
22015,201973,Jonas Jerebko,1610612738,BOS,Boston Celtics,0021500336,2015-12-11,BOS vs. GSW,L,2,0,0,,0,0,,0,0,,0,0,0,0,0,0,0,1,0,-5,0.0,1,2015-16
22015,202738,Isaiah Thomas,1610612738,BOS,Boston Celtics,0021500336,2015-12-11,BOS vs. GSW,L,46,7,22,0.318,2,8,0.25,2,2,1.0,2,4,6,10,0,0,6,3,18,-9,34.2,1,2015-16
22015,203096,Jared Sullinger,1610612738,BOS,Boston Celtics,0021500336,2015-12-11,BOS vs. GSW,L,32,3,11,0.273,0,1,0.0,1,4,0.25,2,11,13,3,0,1,1,4,7,-8,29.1,1,2015-16
22015,202389,Timofey Mozgov,1610612739,CLE,Cleveland Cavaliers,0021500334,2015-12-11,CLE @ ORL,W,20,8,9,0.889,0,0,,1,1,1.0,2,2,4,1,0,0,2,3,17,27,21.3,1,2015-16
22015,202684,Tristan Thompson,1610612739,CLE,Cleveland Cavaliers,0021500334,2015-12-11,CLE @ ORL,W,20,1,3,0.333,0,0,,0,0,,1,5,6,0,1,0,0,0,2,11,12.2,1,2015-16
22015,202697,Iman Shumpert,1610612739,CLE,Cleveland Cavaliers,0021500334,2015-12-11,CLE @ ORL,W,25,5,7,0.714,2,3,0.667,2,3,0.667,0,3,3,0,0,0,0,2,14,19,17.6,1,2015-16
22015,203521,Matthew Dellavedova,1610612739,CLE,Cleveland Cavaliers,0021500334,2015-12-11,CLE @ ORL,W,24,5,7,0.714,2,3,0.667,0,0,,0,1,1,6,0,0,2,3,12,34,20.2,1,2015-16
22015,202087,Alonzo Gee,1610612740,NOP,New Orleans Pelicans,0021500339,2015-12-11,NOP vs. WAS,W,17,0,2,0.0,0,0,,0,0,,1,2,3,2,0,0,1,2,0,-3,5.6,1,2015-16
22015,2749,Jameer Nelson,1610612743,DEN,Denver Nuggets,0021500340,2015-12-11,DEN vs. MIN,W,38,7,12,0.583,4,7,0.571,2,2,1.0,1,5,6,7,2,0,3,5,20,13,40.7,1,2015-16
22015,1626144,Emmanuel Mudiay,1610612743,DEN,Denver Nuggets,0021500340,2015-12-11,DEN vs. MIN,W,12,1,5,0.2,0,2,0.0,0,0,,0,2,2,1,0,0,2,2,2,-8,3.9,1,2015-16
22015,201575,Brandon Rush,1610612744,GSW,Golden State Warriors,0021500336,2015-12-11,GSW @ BOS,W,16,2,4,0.5,0,2,0.0,0,0,,0,4,4,0,0,0,0,0,4,5,8.8,1,2015-16
22015,201578,Marreese Speights,1610612744,GSW,Golden State Warriors,0021500336,2015-12-11,GSW @ BOS,W,7,1,4,0.25,0,0,,1,1,1.0,0,1,1,2,0,0,0,0,3,-4,7.2,1,2015-16
22015,2757,Beno Udrih,1610612748,MIA,Miami Heat,0021500333,2015-12-11,MIA @ IND,L,14,1,2,0.5,0,0,,0,0,,0,2,2,1,1,0,2,0,2,-1,6.9,1,2015-16
22015,202355,Hassan Whiteside,1610612748,MIA,Miami Heat,0021500333,2015-12-11,MIA @ IND,L,17,4,4,1.0,0,0,,0,1,0.0,2,8,10,0,0,2,1,3,8,-12,25.0,1,2015-16
22015,1626159,Justise Winslow,1610612748,MIA,Miami Heat,0021500333,2015-12-11,MIA @ IND,L,29,2,6,0.333,0,2,0.0,0,0,,1,3,4,0,0,1,4,1,4,-3,7.8,1,2015-16
22015,201564,O.J. Mayo,1610612749,MIL,Milwaukee Bucks,0021500337,2015-12-11,MIL @ TOR,L,35,4,13,0.308,1,4,0.25,0,0,,1,2,3,4,3,1,3,1,9,3,27.6,1,2015-16
22015,203487,Michael Carter-Williams,1610612749,MIL,Milwaukee Bucks,0021500337,2015-12-11,MIL @ TOR,L,27,1,7,0.143,0,1,0.0,0,0,,0,3,3,6,0,1,3,3,2,-8,14.6,1,2015-16
22015,203507,Giannis Antetokounmpo,1610612749,MIL,Milwaukee Bucks,0021500337,2015-12-11,MIL @ TOR,L,43,7,12,0.583,0,1,0.0,1,2,0.5,2,5,7,3,2,1,4,3,15,-5,32.9,1,2015-16
22015,203476,Gorgui Dieng,1610612750,MIN,Minnesota Timberwolves,0021500340,2015-12-11,MIN @ DEN,L,23,2,4,0.5,0,0,,4,4,1.0,0,6,6,1,2,3,2,3,8,2,29.7,1,2015-16
22015,203506,Victor Oladipo,1610612753,ORL,Orlando Magic,0021500334,2015-12-11,ORL vs. CLE,L,19,2,8,0.25,0,2,0.0,0,0,,1,3,4,1,0,0,4,1,4,-10,6.3,1,2015-16
22015,203901,Elfrid Payton,1610612753,ORL,Orlando Magic,0021500334,2015-12-11,ORL vs. CLE,L,20,4,9,0.444,0,1,0.0,1,2,0.5,0,3,3,2,1,0,0,2,9,-14,18.6,1,2015-16
22015,201588,George Hill,1610612754,IND,Indiana Pacers,0021500333,2015-12-11,IND vs. MIA,W,31,3,9,0.333,0,3,0.0,0,0,,1,4,5,4,1,0,1,0,6,-1,20.0,1,2015-16
22015,204456,T.J. McConnell,1610612755,PHI,Philadelphia 76ers,0021500335,2015-12-11,PHI vs. DET,L,25,3,8,0.375,0,1,0.0,0,0,,2,6,8,7,1,0,3,2,6,3,26.1,1,2015-16
22015,101179,Ronnie Price,1610612756,PHX,Phoenix Suns,0021500343,2015-12-11,PHX vs. POR,L,21,2,3,0.667,2,3,0.667,0,0,,0,1,1,0,2,1,2,1,6,11,14.2,1,2015-16
22015,202339,Eric Bledsoe,1610612756,PHX,Phoenix Suns,0021500343,2015-12-11,PHX vs. POR,L,35,12,26,0.462,4,10,0.4,3,5,0.6,1,3,4,5,2,1,1,0,31,-8,51.3,1,2015-16
22015,203141,Mirza Teletovic,1610612756,PHX,Phoenix Suns,0021500343,2015-12-11,PHX vs. POR,L,25,5,12,0.417,4,10,0.4,1,2,0.5,0,6,6,2,0,0,2,1,15,6,23.2,1,2015-16
22015,202334,Ed Davis,1610612757,POR,Portland Trail Blazers,0021500343,2015-12-11,POR @ PHX,W,21,4,8,0.5,0,0,,1,3,0.333,5,4,9,0,0,0,0,1,9,5,19.8,1,2015-16
22015,203459,Allen Crabbe,1610612757,POR,Portland Trail Blazers,0021500343,2015-12-11,POR @ PHX,W,28,8,14,0.571,2,6,0.333,0,0,,2,3,5,1,1,1,2,2,18,3,29.5,1,2015-16
22015,2446,Rasual Butler,1610612759,SAS,San Antonio Spurs,0021500342,2015-12-11,SAS vs. LAL,W,10,2,3,0.667,0,1,0.0,1,2,0.5,0,1,1,0,0,0,0,0,5,9,6.2,1,2015-16
22015,200746,LaMarcus Aldridge,1610612759,SAS,San Antonio Spurs,0021500342,2015-12-11,SAS vs. LAL,W,27,11,20,0.55,0,0,,2,5,0.4,5,6,11,3,0,0,2,0,24,20,39.7,1,2015-16
22015,202695,Kawhi Leonard,1610612759,SAS,San Antonio Spurs,0021500342,2015-12-11,SAS vs. LAL,W,25,6,12,0.5,0,2,0.0,4,4,1.0,2,9,11,2,3,1,0,0,16,10,44.2,1,2015-16
22015,202330,Gordon Hayward,1610612762,UTA,Utah Jazz,0021500341,2015-12-11,UTA vs. OKC,L,36,5,11,0.455,4,6,0.667,5,6,0.833,0,8,8,3,2,0,2,3,19,3,37.1,1,2015-16
22015,201145,Jeff Green,1610612763,MEM,Memphis Grizzlies,0021500338,2015-12-11,MEM vs. CHA,L,26,2,8,0.25,0,1,0.0,2,4,0.5,0,3,3,1,0,0,2,1,6,-15,9.1,1,2015-16
22015,201188,Marc Gasol,1610612763,MEM,Memphis Grizzlies,0021500338,2015-12-11,MEM vs. CHA,L,37,5,11,0.455,0,0,,7,8,0.875,0,9,9,5,2,1,4,2,17,-17,40.3,1,2015-16
22015,202066,Garrett Temple,1610612764,WAS,Washington Wizards,0021500339,2015-12-11,WAS @ NOP,L,28,4,8,0.5,2,6,0.333,0,0,,0,0,0,3,3,0,1,2,10,7,22.5,1,2015-16
22015,202322,John Wall,1610612764,WAS,Washington Wizards,0021500339,2015-12-11,WAS @ NOP,L,37,10,18,0.556,3,6,0.5,3,5,0.6,0,7,7,12,1,0,5,2,26,2,50.4,1,2015-16
22015,201229,Anthony Tolliver,1610612765,DET,Detroit Pistons,0021500335,2015-12-11,DET @ PHI,W,22,1,3,0.333,1,3,0.333,2,2,1.0,1,4,5,1,1,0,0,1,5,-22,15.5,1,2015-16
22015,202694,Marcus Morris Sr.,1610612765,DET,Detroit Pistons,0021500335,2015-12-11,DET @ PHI,W,34,7,9,0.778,3,3,1.0,4,4,1.0,1,7,8,4,1,1,4,2,21,31,38.6,1,2015-16
22015,203382,Aron Baynes,1610612765,DET,Detroit Pistons,0021500335,2015-12-11,DET @ PHI,W,15,3,4,0.75,0,0,,0,0,,1,1,2,1,0,1,2,5,6,-15,10.9,1,2015-16
22015,201150,Spencer Hawes,1610612766,CHA,Charlotte Hornets,0021500338,2015-12-11,CHA @ MEM,W,17,0,2,0.0,0,0,,8,8,1.0,0,2,2,1,0,0,3,2,8,16,8.9,1,2015-16
22015,201587,Nicolas Batum,1610612766,CHA,Charlotte Hornets,0021500338,2015-12-11,CHA @ MEM,W,30,7,11,0.636,5,8,0.625,1,1,1.0,1,3,4,2,0,0,0,1,20,15,27.8,1,2015-16
22015,1626163,Frank Kaminsky,1610612766,CHA,Charlotte Hornets,0021500338,2015-12-11,CHA @ MEM,W,27,4,6,0.667,1,2,0.5,6,6,1.0,1,5,6,3,0,0,0,3,15,15,26.7,1,2015-16
22015,101135,David Lee,1610612738,BOS,Boston Celtics,0021500336,2015-12-11,BOS vs. GSW,L,16,5,8,0.625,0,0,,0,0,,0,4,4,4,0,0,2,3,10,3,18.8,1,2015-16
22015,101161,Amir Johnson,1610612738,BOS,Boston Celtics,0021500336,2015-12-11,BOS vs. GSW,L,19,2,4,0.5,0,1,0.0,0,1,0.0,1,3,4,0,0,3,0,5,4,0,17.8,1,2015-16
22015,202323,Evan Turner,1610612738,BOS,Boston Celtics,0021500336,2015-12-11,BOS vs. GSW,L,36,6,12,0.5,0,1,0.0,1,1,1.0,3,6,9,6,2,2,3,2,13,-3,41.8,1,2015-16
22015,203109,Jae Crowder,1610612738,BOS,Boston Celtics,0021500336,2015-12-11,BOS vs. GSW,L,48,5,14,0.357,3,6,0.5,2,4,0.5,1,4,5,3,1,2,2,3,15,-6,32.5,1,2015-16
22015,2592,James Jones,1610612739,CLE,Cleveland Cavaliers,0021500334,2015-12-11,CLE @ ORL,W,18,5,10,0.5,4,8,0.5,1,2,0.5,0,1,1,0,1,0,1,4,15,3,18.2,1,2015-16
22015,201619,Sasha Kaun,1610612739,CLE,Cleveland Cavaliers,0021500334,2015-12-11,CLE @ ORL,W,6,0,0,,0,0,,0,0,,0,0,0,0,1,0,1,0,0,5,2.0,1,2015-16
22015,203099,Jared Cunningham,1610612739,CLE,Cleveland Cavaliers,0021500334,2015-12-11,CLE @ ORL,W,23,1,5,0.2,1,2,0.5,3,6,0.5,1,2,3,2,0,0,1,3,6,16,11.6,1,2015-16
22015,201568,Danilo Gallinari,1610612743,DEN,Denver Nuggets,0021500340,2015-12-11,DEN vs. MIN,W,42,6,14,0.429,3,5,0.6,8,8,1.0,1,6,7,4,1,0,0,1,23,4,40.4,1,2015-16
22015,202702,Kenneth Faried,1610612743,DEN,Denver Nuggets,0021500340,2015-12-11,DEN vs. MIN,W,38,4,8,0.5,0,0,,6,15,0.4,3,9,12,0,1,1,1,3,14,4,33.4,1,2015-16
22015,2738,Andre Iguodala,1610612744,GSW,Golden State Warriors,0021500336,2015-12-11,GSW @ BOS,W,44,5,12,0.417,1,4,0.25,2,2,1.0,3,7,10,5,2,0,2,1,13,2,36.5,1,2015-16
22015,203105,Festus Ezeli,1610612744,GSW,Golden State Warriors,0021500336,2015-12-11,GSW @ BOS,W,27,3,7,0.429,0,0,,6,11,0.545,4,8,12,0,1,1,2,1,12,5,30.4,1,2015-16
22015,1626148,Anthony Brown,1610612747,LAL,Los Angeles Lakers,0021500342,2015-12-11,LAL @ SAS,L,5,0,1,0.0,0,0,,0,0,,0,0,0,0,0,0,0,1,0,-1,0.0,1,2015-16
22015,2548,Dwyane Wade,1610612748,MIA,Miami Heat,0021500333,2015-12-11,MIA @ IND,L,34,10,23,0.435,0,0,,0,0,,0,5,5,5,0,0,2,0,20,-12,31.5,1,2015-16
22015,2736,Luol Deng,1610612748,MIA,Miami Heat,0021500333,2015-12-11,MIA @ IND,L,34,3,9,0.333,1,6,0.167,0,0,,1,2,3,1,1,0,0,2,7,-23,15.1,1,2015-16
22015,202328,Greg Monroe,1610612749,MIL,Milwaukee Bucks,0021500337,2015-12-11,MIL @ TOR,L,33,6,9,0.667,0,0,,1,2,0.5,0,7,7,2,3,0,1,0,13,-3,32.4,1,2015-16
22015,203948,Johnny O'Bryant III,1610612749,MIL,Milwaukee Bucks,0021500337,2015-12-11,MIL @ TOR,L,14,0,7,0.0,0,0,,0,0,,3,3,6,0,1,0,0,3,0,-6,10.2,1,2015-16
22015,203953,Jabari Parker,1610612749,MIL,Milwaukee Bucks,0021500337,2015-12-11,MIL @ TOR,L,25,4,12,0.333,0,0,,2,2,1.0,1,5,6,1,0,0,2,3,10,-5,16.7,1,2015-16
22015,708,Kevin Garnett,1610612750,MIN,Minnesota Timberwolves,0021500340,2015-12-11,MIN @ DEN,L,12,1,2,0.5,0,0,,0,0,,1,4,5,0,0,0,0,3,2,6,8.0,1,2015-16
22015,2419,Tayshaun Prince,1610612750,MIN,Minnesota Timberwolves,0021500340,2015-12-11,MIN @ DEN,L,34,0,5,0.0,0,2,0.0,0,0,,2,2,4,2,0,0,0,1,0,2,7.8,1,2015-16
22015,201937,Ricky Rubio,1610612750,MIN,Minnesota Timberwolves,0021500340,2015-12-11,MIN @ DEN,L,30,4,7,0.571,2,2,1.0,3,4,0.75,0,5,5,7,0,0,1,6,13,-7,28.5,1,2015-16
22015,203932,Aaron Gordon,1610612753,ORL,Orlando Magic,0021500334,2015-12-11,ORL vs. CLE,L,31,2,6,0.333,2,3,0.667,0,0,,1,3,4,2,0,0,3,3,6,-13,10.8,1,2015-16
22015,202331,Paul George,1610612754,IND,Indiana Pacers,0021500333,2015-12-11,IND vs. MIA,W,37,7,17,0.412,1,5,0.2,8,8,1.0,0,8,8,3,1,0,3,2,23,23,37.1,1,2015-16
22015,203088,Kendall Marshall,1610612755,PHI,Philadelphia 76ers,0021500335,2015-12-11,PHI vs. DET,L,16,2,4,0.5,1,1,1.0,0,0,,0,1,1,6,0,0,1,0,5,-8,14.2,1,2015-16
22015,1626158,Richaun Holmes,1610612755,PHI,Philadelphia 76ers,0021500335,2015-12-11,PHI vs. DET,L,3,1,1,1.0,1,1,1.0,0,0,,0,1,1,1,0,0,0,0,3,3,5.7,1,2015-16
22015,202720,Jon Leuer,1610612756,PHX,Phoenix Suns,0021500343,2015-12-11,PHX vs. POR,L,28,6,8,0.75,1,1,1.0,0,0,,2,6,8,0,1,0,1,2,13,-8,24.6,1,2015-16
22015,203081,Damian Lillard,1610612757,POR,Portland Trail Blazers,0021500343,2015-12-11,POR @ PHX,W,35,8,21,0.381,1,7,0.143,1,2,0.5,0,5,5,7,0,0,3,2,18,8,31.5,1,2015-16
22015,1495,Tim Duncan,1610612759,SAS,San Antonio Spurs,0021500342,2015-12-11,SAS vs. LAL,W,20,2,5,0.4,0,0,,1,4,0.25,0,4,4,2,1,1,2,0,5,13,16.8,1,2015-16
22015,203492,Ray McCallum,1610612759,SAS,San Antonio Spurs,0021500342,2015-12-11,SAS vs. LAL,W,23,2,8,0.25,1,2,0.5,0,0,,1,2,3,5,0,2,1,3,5,9,21.1,1,2015-16
22015,203613,Jonathon Simmons,1610612759,SAS,San Antonio Spurs,0021500342,2015-12-11,SAS vs. LAL,W,19,2,3,0.667,0,0,,5,5,1.0,1,1,2,1,0,0,2,3,9,17,10.9,1,2015-16
22015,203937,Kyle Anderson,1610612759,SAS,San Antonio Spurs,0021500342,2015-12-11,SAS vs. LAL,W,21,0,1,0.0,0,1,0.0,0,0,,0,1,1,3,0,0,2,1,0,0,3.7,1,2015-16
22015,201566,Russell Westbrook,1610612760,OKC,Oklahoma City Thunder,0021500341,2015-12-11,OKC @ UTA,W,35,8,19,0.421,2,4,0.5,6,6,1.0,1,6,7,7,2,0,3,2,24,8,45.9,1,2015-16
22015,2449,Luis Scola,1610612761,TOR,Toronto Raptors,0021500337,2015-12-11,TOR vs. MIL,W,30,6,11,0.545,0,1,0.0,0,0,,4,4,8,2,0,1,2,3,12,-12,25.6,1,2015-16
22015,201949,James Johnson,1610612761,TOR,Toronto Raptors,0021500337,2015-12-11,TOR vs. MIL,W,11,3,4,0.75,1,1,1.0,0,2,0.0,0,2,2,0,1,0,1,4,7,0,11.4,1,2015-16
22015,203082,Terrence Ross,1610612761,TOR,Toronto Raptors,0021500337,2015-12-11,TOR vs. MIL,W,31,3,7,0.429,1,4,0.25,0,0,,0,1,1,3,1,1,2,2,7,8,16.7,1,2015-16
22015,202344,Trevor Booker,1610612762,UTA,Utah Jazz,0021500341,2015-12-11,UTA vs. OKC,L,24,4,5,0.8,0,0,,1,2,0.5,4,3,7,2,1,0,1,4,9,-2,22.4,1,2015-16
22015,202407,Elijah Millsap,1610612762,UTA,Utah Jazz,0021500341,2015-12-11,UTA vs. OKC,L,8,0,1,0.0,0,1,0.0,1,2,0.5,0,1,1,0,0,0,0,2,1,-7,2.2,1,2015-16
22015,1626168,Trey Lyles,1610612762,UTA,Utah Jazz,0021500341,2015-12-11,UTA vs. OKC,L,24,0,4,0.0,0,1,0.0,0,0,,2,0,2,1,1,1,0,1,0,-5,9.9,1,2015-16
22015,2216,Zach Randolph,1610612763,MEM,Memphis Grizzlies,0021500338,2015-12-11,MEM vs. CHA,L,29,5,9,0.556,0,1,0.0,3,4,0.75,4,3,7,1,1,0,0,0,13,-11,25.9,1,2015-16
22015,201584,Courtney Lee,1610612763,MEM,Memphis Grizzlies,0021500338,2015-12-11,MEM vs. CHA,L,26,4,9,0.444,2,4,0.5,2,2,1.0,0,2,2,1,0,0,0,1,12,-15,15.9,1,2015-16
22015,203893,Russ Smith,1610612763,MEM,Memphis Grizzlies,0021500338,2015-12-11,MEM vs. CHA,L,7,1,2,0.5,0,0,,0,0,,0,0,0,3,1,0,0,2,2,-6,9.5,1,2015-16
22015,203490,Otto Porter Jr.,1610612764,WAS,Washington Wizards,0021500339,2015-12-11,WAS @ NOP,L,34,6,11,0.545,2,5,0.4,1,2,0.5,1,6,7,2,2,0,1,3,15,2,31.4,1,2015-16
22015,1626162,Kelly Oubre Jr.,1610612764,WAS,Washington Wizards,0021500339,2015-12-11,WAS @ NOP,L,8,0,0,,0,0,,0,0,,0,0,0,1,0,0,0,2,0,-7,1.5,1,2015-16
22015,101107,Marvin Williams,1610612766,CHA,Charlotte Hornets,0021500338,2015-12-11,CHA @ MEM,W,31,3,7,0.429,1,5,0.2,0,0,,0,6,6,0,1,1,2,1,7,18,18.2,1,2015-16
22015,202391,Jeremy Lin,1610612766,CHA,Charlotte Hornets,0021500338,2015-12-11,CHA @ MEM,W,27,4,10,0.4,2,5,0.4,6,7,0.857,2,2,4,2,1,3,2,2,16,25,33.8,1,2015-16
22015,203087,Jeremy Lamb,1610612766,CHA,Charlotte Hornets,0021500338,2015-12-11,CHA @ MEM,W,17,4,8,0.5,1,3,0.333,1,1,1.0,1,3,4,0,0,0,0,3,10,6,14.8,1,2015-16
22015,203148,Brian Roberts,1610612766,CHA,Charlotte Hornets,0021500338,2015-12-11,CHA @ MEM,W,4,0,1,0.0,0,0,,0,0,,0,1,1,2,0,0,0,0,0,-1,4.2,1,2015-16
22015,203482,Kelly Olynyk,1610612738,BOS,Boston Celtics,0021500336,2015-12-11,BOS vs. GSW,L,37,11,21,0.524,3,6,0.5,3,4,0.75,1,5,6,3,3,1,0,3,28,-2,51.7,1,2015-16
22015,203923,James Young,1610612738,BOS,Boston Celtics,0021500336,2015-12-11,BOS vs. GSW,L,20,2,3,0.667,1,1,1.0,0,0,,1,3,4,2,0,0,1,0,5,3,11.8,1,2015-16
22015,2760,Anderson Varejao,1610612739,CLE,Cleveland Cavaliers,0021500334,2015-12-11,CLE @ ORL,W,10,1,3,0.333,0,0,,2,2,1.0,2,1,3,1,1,0,1,1,4,1,11.1,1,2015-16
22015,201569,Eric Gordon,1610612740,NOP,New Orleans Pelicans,0021500339,2015-12-11,NOP vs. WAS,W,36,5,12,0.417,3,7,0.429,2,2,1.0,0,4,4,1,1,0,2,2,15,1,22.3,1,2015-16
22015,201967,Dante Cunningham,1610612740,NOP,New Orleans Pelicans,0021500339,2015-12-11,NOP vs. WAS,W,19,2,3,0.667,2,2,1.0,2,2,1.0,0,0,0,0,2,0,0,2,8,-15,14.0,1,2015-16
22015,202397,Ish Smith,1610612740,NOP,New Orleans Pelicans,0021500339,2015-12-11,NOP vs. WAS,W,15,3,5,0.6,0,0,,2,2,1.0,0,3,3,4,0,0,1,1,8,11,16.6,1,2015-16
22015,202708,Norris Cole,1610612740,NOP,New Orleans Pelicans,0021500339,2015-12-11,NOP vs. WAS,W,21,2,5,0.4,0,2,0.0,1,2,0.5,0,1,1,2,0,0,1,3,5,-6,8.2,1,2015-16
22015,203076,Anthony Davis,1610612740,NOP,New Orleans Pelicans,0021500339,2015-12-11,NOP vs. WAS,W,39,8,15,0.533,1,3,0.333,1,2,0.5,4,7,11,2,1,0,2,1,18,13,35.2,1,2015-16
22015,2034,Mike Miller,1610612743,DEN,Denver Nuggets,0021500340,2015-12-11,DEN vs. MIN,W,15,0,0,,0,0,,0,0,,0,3,3,0,0,0,0,1,0,-1,3.6,1,2015-16
22015,200751,Randy Foye,1610612743,DEN,Denver Nuggets,0021500340,2015-12-11,DEN vs. MIN,W,3,0,2,0.0,0,1,0.0,0,0,,0,0,0,1,0,0,0,1,0,-2,1.5,1,2015-16
22015,203110,Draymond Green,1610612744,GSW,Golden State Warriors,0021500336,2015-12-11,GSW @ BOS,W,50,8,20,0.4,2,9,0.222,6,9,0.667,1,10,11,8,5,5,2,5,24,14,77.2,1,2015-16
22015,203949,James Michael McAdoo,1610612744,GSW,Golden State Warriors,0021500336,2015-12-11,GSW @ BOS,W,5,2,4,0.5,0,0,,0,0,,1,1,2,0,0,0,0,2,4,-9,6.4,1,2015-16
22015,101138,Brandon Bass,1610612747,LAL,Los Angeles Lakers,0021500342,2015-12-11,LAL @ SAS,L,5,3,3,1.0,0,0,,0,0,,1,0,1,0,0,0,0,1,6,-1,7.2,1,2015-16
22015,203135,Robert Sacre,1610612747,LAL,Los Angeles Lakers,0021500342,2015-12-11,LAL @ SAS,L,12,1,5,0.2,0,0,,0,2,0.0,2,1,3,2,0,1,0,1,2,4,11.6,1,2015-16
22015,203944,Julius Randle,1610612747,LAL,Los Angeles Lakers,0021500342,2015-12-11,LAL @ SAS,L,20,2,9,0.222,0,0,,0,0,,1,6,7,0,0,1,2,4,4,-8,13.4,1,2015-16
22015,1626204,Larry Nance Jr.,1610612747,LAL,Los Angeles Lakers,0021500342,2015-12-11,LAL @ SAS,L,19,1,3,0.333,0,0,,0,0,,0,0,0,0,3,0,2,3,2,-8,9.0,1,2015-16
22015,101123,Gerald Green,1610612748,MIA,Miami Heat,0021500333,2015-12-11,MIA @ IND,L,28,5,10,0.5,3,5,0.6,0,0,,0,3,3,0,2,1,0,3,13,-3,25.6,1,2015-16
22015,1626173,Rashad Vaughn,1610612749,MIL,Milwaukee Bucks,0021500337,2015-12-11,MIL @ TOR,L,5,0,1,0.0,0,1,0.0,2,2,1.0,0,0,0,0,0,0,0,2,2,-3,2.0,1,2015-16
22015,2755,Kevin Martin,1610612750,MIN,Minnesota Timberwolves,0021500340,2015-12-11,MIN @ DEN,L,41,8,20,0.4,2,7,0.286,4,4,1.0,1,3,4,3,0,0,0,1,22,-3,31.3,1,2015-16
22015,202357,Nemanja Bjelica,1610612750,MIN,Minnesota Timberwolves,0021500340,2015-12-11,MIN @ DEN,L,13,1,2,0.5,1,2,0.5,0,0,,0,0,0,2,0,0,0,5,3,-10,6.0,1,2015-16
22015,203952,Andrew Wiggins,1610612750,MIN,Minnesota Timberwolves,0021500340,2015-12-11,MIN @ DEN,L,35,8,17,0.471,0,0,,6,8,0.75,0,3,3,1,1,1,3,4,22,-11,30.1,1,2015-16
22015,1626157,Karl-Anthony Towns,1610612750,MIN,Minnesota Timberwolves,0021500340,2015-12-11,MIN @ DEN,L,31,6,11,0.545,0,1,0.0,2,2,1.0,3,6,9,1,2,3,2,4,14,-2,39.3,1,2015-16
22015,201160,Jason Smith,1610612753,ORL,Orlando Magic,0021500334,2015-12-11,ORL vs. CLE,L,19,4,8,0.5,1,2,0.5,0,0,,1,1,2,1,1,1,0,0,9,-3,18.9,1,2015-16
22015,202696,Nikola Vučević,1610612753,ORL,Orlando Magic,0021500334,2015-12-11,ORL vs. CLE,L,22,6,10,0.6,1,1,1.0,1,2,0.5,2,1,3,3,1,0,2,1,14,-25,23.1,1,2015-16
22015,203095,Evan Fournier,1610612753,ORL,Orlando Magic,0021500334,2015-12-11,ORL vs. CLE,L,17,1,2,0.5,0,0,,3,4,0.75,0,1,1,1,2,0,1,2,5,-28,12.7,1,2015-16
22015,203473,Dewayne Dedmon,1610612753,ORL,Orlando Magic,0021500334,2015-12-11,ORL vs. CLE,L,20,1,2,0.5,0,0,,4,6,0.667,1,4,5,0,0,1,0,4,6,-13,15.0,1,2015-16
22015,201941,Jordan Hill,1610612754,IND,Indiana Pacers,0021500333,2015-12-11,IND vs. MIA,W,12,1,2,0.5,0,0,,2,2,1.0,1,1,2,0,2,1,1,2,4,-4,14.4,1,2015-16
22015,201978,Chase Budinger,1610612754,IND,Indiana Pacers,0021500333,2015-12-11,IND vs. MIA,W,13,0,2,0.0,0,2,0.0,1,2,0.5,0,1,1,3,1,1,2,0,1,-7,10.7,1,2015-16
22015,202730,Lavoy Allen,1610612754,IND,Indiana Pacers,0021500333,2015-12-11,IND vs. MIA,W,12,1,2,0.5,0,0,,0,0,,1,2,3,0,0,1,1,1,2,1,7.6,1,2015-16
22015,203477,Isaiah Canaan,1610612755,PHI,Philadelphia 76ers,0021500335,2015-12-11,PHI vs. DET,L,23,1,5,0.2,1,3,0.333,4,4,1.0,0,1,1,2,0,0,1,1,7,-1,10.2,1,2015-16
22015,1626143,Jahlil Okafor,1610612755,PHI,Philadelphia 76ers,0021500335,2015-12-11,PHI vs. DET,L,30,10,18,0.556,0,0,,2,3,0.667,3,3,6,0,0,1,2,2,22,-17,30.2,1,2015-16
22015,1626164,Devin Booker,1610612756,PHX,Phoenix Suns,0021500343,2015-12-11,PHX vs. POR,L,22,3,4,0.75,2,2,1.0,0,0,,0,1,1,1,0,1,0,1,8,0,13.7,1,2015-16
22015,201945,Gerald Henderson,1610612757,POR,Portland Trail Blazers,0021500343,2015-12-11,POR @ PHX,W,24,3,10,0.3,2,5,0.4,0,0,,1,3,4,2,0,1,0,1,8,-2,18.8,1,2015-16
22015,202329,Al-Farouq Aminu,1610612757,POR,Portland Trail Blazers,0021500343,2015-12-11,POR @ PHX,W,30,5,12,0.417,2,5,0.4,1,1,1.0,3,10,13,1,3,1,2,1,13,16,40.1,1,2015-16
22015,203468,CJ McCollum,1610612757,POR,Portland Trail Blazers,0021500343,2015-12-11,POR @ PHX,W,34,10,15,0.667,5,8,0.625,1,1,1.0,0,2,2,4,3,0,1,2,26,18,42.4,1,2015-16
22015,2561,David West,1610612759,SAS,San Antonio Spurs,0021500342,2015-12-11,SAS vs. LAL,W,18,2,4,0.5,0,0,,0,0,,0,3,3,2,1,0,1,3,4,-4,12.6,1,2015-16
22015,1626246,Boban Marjanovic,1610612759,SAS,San Antonio Spurs,0021500342,2015-12-11,SAS vs. LAL,W,5,3,4,0.75,0,0,,0,1,0.0,1,2,3,0,0,0,0,1,6,1,9.6,1,2015-16
22015,201142,Kevin Durant,1610612760,OKC,Oklahoma City Thunder,0021500341,2015-12-11,OKC @ UTA,W,37,8,17,0.471,1,6,0.167,4,4,1.0,0,8,8,3,2,1,2,2,21,-2,42.1,1,2015-16
22015,201586,Serge Ibaka,1610612760,OKC,Oklahoma City Thunder,0021500341,2015-12-11,OKC @ UTA,W,30,4,13,0.308,0,0,,0,0,,1,7,8,1,0,1,2,3,8,12,20.1,1,2015-16
22015,203079,Dion Waiters,1610612760,OKC,Oklahoma City Thunder,0021500341,2015-12-11,OKC @ UTA,W,30,5,9,0.556,0,2,0.0,0,0,,2,2,4,1,0,0,1,1,10,-2,15.3,1,2015-16
22015,203500,Steven Adams,1610612760,OKC,Oklahoma City Thunder,0021500341,2015-12-11,OKC @ UTA,W,24,2,4,0.5,0,0,,0,0,,3,1,4,0,0,0,0,3,4,0,8.8,1,2015-16
22015,202709,Cory Joseph,1610612761,TOR,Toronto Raptors,0021500337,2015-12-11,TOR vs. MIL,W,32,4,6,0.667,1,1,1.0,4,8,0.5,0,3,3,3,3,1,2,2,13,15,31.1,1,2015-16
22015,202692,Alec Burks,1610612762,UTA,Utah Jazz,0021500341,2015-12-11,UTA vs. OKC,L,27,4,11,0.364,0,4,0.0,7,10,0.7,1,2,3,5,0,0,2,1,15,1,24.1,1,2015-16
22015,203918,Rodney Hood,1610612762,UTA,Utah Jazz,0021500341,2015-12-11,UTA vs. OKC,L,33,4,12,0.333,1,6,0.167,0,0,,0,5,5,1,0,0,2,2,9,-6,14.5,1,2015-16
22015,2754,Tony Allen,1610612763,MEM,Memphis Grizzlies,0021500338,2015-12-11,MEM vs. CHA,L,30,5,11,0.455,0,1,0.0,0,0,,1,2,3,1,1,1,2,4,10,-13,19.1,1,2015-16
22015,201144,Mike Conley,1610612763,MEM,Memphis Grizzlies,0021500338,2015-12-11,MEM vs. CHA,L,30,4,8,0.5,2,4,0.5,6,7,0.857,1,2,3,4,0,2,0,2,16,-16,31.6,1,2015-16
22015,2581,Steve Blake,1610612765,DET,Detroit Pistons,0021500335,2015-12-11,DET @ PHI,W,17,1,3,0.333,0,2,0.0,0,0,,0,1,1,4,0,0,1,4,2,-21,8.2,1,2015-16
22015,203484,Kentavious Caldwell-Pope,1610612765,DET,Detroit Pistons,0021500335,2015-12-11,DET @ PHI,W,36,5,12,0.417,2,7,0.286,1,2,0.5,0,2,2,2,3,0,1,1,13,38,26.4,1,2015-16
22015,203493,Reggie Bullock Jr.,1610612765,DET,Detroit Pistons,0021500335,2015-12-11,DET @ PHI,W,2,0,1,0.0,0,1,0.0,0,0,,0,0,0,0,0,0,0,0,0,-5,0.0,1,2015-16
22015,203584,Troy Daniels,1610612766,CHA,Charlotte Hornets,0021500338,2015-12-11,CHA @ MEM,W,4,1,2,0.5,1,1,1.0,0,0,,0,0,0,0,0,0,1,0,3,-1,2.0,1,2015-16
22015,203798,PJ Hairston,1610612766,CHA,Charlotte Hornets,0021500338,2015-12-11,CHA @ MEM,W,18,1,4,0.25,0,3,0.0,0,0,,1,4,5,3,0,0,1,4,2,0,11.5,1,2015-16
22015,1626151,Aaron Harrison,1610612766,CHA,Charlotte Hornets,0021500338,2015-12-11,CHA @ MEM,W,4,1,1,1.0,1,1,1.0,0,0,,0,0,0,0,0,0,0,0,3,-1,3.0,1,2015-16
22015,2544,LeBron James,1610612739,CLE,Cleveland Cavaliers,0021500334,2015-12-11,CLE @ ORL,W,29,10,15,0.667,0,1,0.0,5,8,0.625,0,3,3,8,4,0,4,0,25,36,48.6,1,2015-16
22015,201567,Kevin Love,1610612739,CLE,Cleveland Cavaliers,0021500334,2015-12-11,CLE @ ORL,W,28,2,6,0.333,1,3,0.333,3,4,0.75,3,10,13,6,2,0,0,0,8,28,38.6,1,2015-16
22015,201582,Alexis Ajinca,1610612740,NOP,New Orleans Pelicans,0021500339,2015-12-11,NOP vs. WAS,W,23,3,8,0.375,0,0,,1,2,0.5,1,9,10,0,0,0,1,2,7,-3,18.0,1,2015-16
22015,201950,Jrue Holiday,1610612740,NOP,New Orleans Pelicans,0021500339,2015-12-11,NOP vs. WAS,W,27,6,10,0.6,5,7,0.714,2,2,1.0,0,0,0,6,3,0,4,3,19,3,33.0,1,2015-16
22015,203115,Will Barton,1610612743,DEN,Denver Nuggets,0021500340,2015-12-11,DEN vs. MIN,W,35,6,14,0.429,1,4,0.25,0,0,,0,9,9,3,2,0,2,2,13,4,32.3,1,2015-16
22015,203530,Joffrey Lauvergne,1610612743,DEN,Denver Nuggets,0021500340,2015-12-11,DEN vs. MIN,W,14,4,6,0.667,0,1,0.0,0,0,,0,3,3,0,0,0,0,2,8,-10,11.6,1,2015-16
22015,203999,Nikola Jokić,1610612743,DEN,Denver Nuggets,0021500340,2015-12-11,DEN vs. MIN,W,25,5,10,0.5,1,2,0.5,8,8,1.0,3,3,6,4,1,0,2,5,19,9,33.2,1,2015-16
22015,2571,Leandro Barbosa,1610612744,GSW,Golden State Warriors,0021500336,2015-12-11,GSW @ BOS,W,17,3,6,0.5,0,0,,0,0,,0,1,1,1,0,0,1,2,6,0,7.7,1,2015-16
22015,2733,Shaun Livingston,1610612744,GSW,Golden State Warriors,0021500336,2015-12-11,GSW @ BOS,W,35,5,9,0.556,0,1,0.0,2,2,1.0,3,0,3,3,0,2,1,2,12,-3,25.1,1,2015-16
22015,203546,Ian Clark,1610612744,GSW,Golden State Warriors,0021500336,2015-12-11,GSW @ BOS,W,19,3,9,0.333,0,2,0.0,0,0,,1,2,3,0,0,0,1,1,6,1,8.6,1,2015-16
22015,977,Kobe Bryant,1610612747,LAL,Los Angeles Lakers,0021500342,2015-12-11,LAL @ SAS,L,29,5,12,0.417,1,5,0.2,1,2,0.5,1,5,6,4,0,0,2,1,12,-18,23.2,1,2015-16
22015,1626156,D'Angelo Russell,1610612747,LAL,Los Angeles Lakers,0021500342,2015-12-11,LAL @ SAS,L,36,9,23,0.391,5,10,0.5,1,2,0.5,1,5,6,6,2,0,3,1,24,-9,43.2,1,2015-16
22015,2547,Chris Bosh,1610612748,MIA,Miami Heat,0021500333,2015-12-11,MIA @ IND,L,36,8,19,0.421,1,5,0.2,6,8,0.75,2,8,10,0,1,3,4,2,23,-3,43.0,1,2015-16
22015,201609,Goran Dragic,1610612748,MIA,Miami Heat,0021500333,2015-12-11,MIA @ IND,L,31,2,5,0.4,0,1,0.0,1,2,0.5,1,4,5,7,1,0,5,2,5,-10,19.5,1,2015-16
22015,203498,Shabazz Muhammad,1610612750,MIN,Minnesota Timberwolves,0021500340,2015-12-11,MIN @ DEN,L,16,3,6,0.5,0,0,,1,1,1.0,0,2,2,0,0,1,0,0,7,7,12.4,1,2015-16
22015,204014,Damjan Rudez,1610612750,MIN,Minnesota Timberwolves,0021500340,2015-12-11,MIN @ DEN,L,6,1,2,0.5,1,1,1.0,2,2,1.0,0,0,0,0,0,0,0,0,5,-2,5.0,1,2015-16
22015,1626209,Mario Hezonja,1610612753,ORL,Orlando Magic,0021500334,2015-12-11,ORL vs. CLE,L,21,3,5,0.6,2,3,0.667,4,4,1.0,0,0,0,1,1,0,3,6,12,-21,13.5,1,2015-16
22015,101133,Ian Mahinmi,1610612754,IND,Indiana Pacers,0021500333,2015-12-11,IND vs. MIA,W,36,7,9,0.778,0,0,,4,4,1.0,2,10,12,2,2,1,0,1,18,17,44.4,1,2015-16
22015,101145,Monta Ellis,1610612754,IND,Indiana Pacers,0021500333,2015-12-11,IND vs. MIA,W,36,10,18,0.556,4,7,0.571,0,0,,0,4,4,6,6,0,2,4,24,23,53.8,1,2015-16
22015,201155,Rodney Stuckey,1610612754,IND,Indiana Pacers,0021500333,2015-12-11,IND vs. MIA,W,29,2,9,0.222,0,1,0.0,2,2,1.0,0,2,2,2,0,0,2,1,6,4,9.4,1,2015-16
22015,203138,Hollis Thompson,1610612755,PHI,Philadelphia 76ers,0021500335,2015-12-11,PHI vs. DET,L,28,2,5,0.4,0,0,,1,1,1.0,1,2,3,0,0,0,1,0,5,-4,7.6,1,2015-16
22015,203457,Nerlens Noel,1610612755,PHI,Philadelphia 76ers,0021500335,2015-12-11,PHI vs. DET,L,29,3,6,0.5,0,0,,4,8,0.5,2,8,10,1,1,2,4,2,10,-6,28.5,1,2015-16
22015,203496,Robert Covington,1610612755,PHI,Philadelphia 76ers,0021500335,2015-12-11,PHI vs. DET,L,34,5,16,0.313,3,9,0.333,5,5,1.0,4,5,9,2,2,0,3,3,18,-4,34.8,1,2015-16
22015,203924,Jerami Grant,1610612755,PHI,Philadelphia 76ers,0021500335,2015-12-11,PHI vs. DET,L,18,4,5,0.8,0,0,,0,0,,0,0,0,1,1,2,1,2,8,-19,17.5,1,2015-16
22015,203458,Alex Len,1610612756,PHX,Phoenix Suns,0021500343,2015-12-11,PHX vs. POR,L,28,4,10,0.4,0,0,,5,8,0.625,4,4,8,1,0,1,0,0,13,-12,27.1,1,2015-16
22015,203933,T.J. Warren,1610612756,PHX,Phoenix Suns,0021500343,2015-12-11,PHX vs. POR,L,15,1,2,0.5,0,0,,1,2,0.5,0,1,1,0,0,1,0,0,3,-5,7.2,1,2015-16
22015,203943,Noah Vonleh,1610612757,POR,Portland Trail Blazers,0021500343,2015-12-11,POR @ PHX,W,17,1,1,1.0,0,0,,0,0,,1,4,5,1,0,0,0,1,2,9,9.5,1,2015-16
22015,200768,Kyle Lowry,1610612761,TOR,Toronto Raptors,0021500337,2015-12-11,TOR vs. MIL,W,35,5,16,0.313,2,8,0.25,0,0,,0,7,7,5,1,2,5,3,12,0,31.9,1,2015-16
22015,201942,DeMar DeRozan,1610612761,TOR,Toronto Raptors,0021500337,2015-12-11,TOR vs. MIL,W,35,8,17,0.471,0,1,0.0,11,12,0.917,0,3,3,1,2,1,0,3,27,-2,41.1,1,2015-16
22015,202335,Patrick Patterson,1610612761,TOR,Toronto Raptors,0021500337,2015-12-11,TOR vs. MIL,W,32,3,6,0.5,2,4,0.5,0,0,,1,5,6,2,0,1,0,2,8,15,21.2,1,2015-16
22015,202687,Bismack Biyombo,1610612761,TOR,Toronto Raptors,0021500337,2015-12-11,TOR vs. MIL,W,34,2,3,0.667,0,0,,0,1,0.0,2,7,9,0,1,1,4,4,4,11,16.8,1,2015-16
22015,203504,Trey Burke,1610612762,UTA,Utah Jazz,0021500341,2015-12-11,UTA vs. OKC,L,30,6,15,0.4,3,8,0.375,1,2,0.5,1,2,3,4,1,0,1,1,16,7,27.6,1,2015-16
22015,203526,Raul Neto,1610612762,UTA,Utah Jazz,0021500341,2015-12-11,UTA vs. OKC,L,10,1,3,0.333,0,2,0.0,0,0,,0,2,2,0,0,0,1,0,2,-10,3.4,1,2015-16
22015,204060,Joe Ingles,1610612762,UTA,Utah Jazz,0021500341,2015-12-11,UTA vs. OKC,L,0,0,0,,0,0,,0,0,,0,0,0,0,0,0,0,0,0,3,0.0,1,2015-16
22015,101162,Marcin Gortat,1610612764,WAS,Washington Wizards,0021500339,2015-12-11,WAS @ NOP,L,31,5,12,0.417,0,0,,0,2,0.0,2,6,8,2,0,1,1,1,10,7,24.6,1,2015-16
22015,200797,Ryan Hollins,1610612764,WAS,Washington Wizards,0021500339,2015-12-11,WAS @ NOP,L,5,1,1,1.0,0,0,,0,0,,0,0,0,0,0,0,0,0,2,-10,2.0,1,2015-16
22015,101141,Ersan Ilyasova,1610612765,DET,Detroit Pistons,0021500335,2015-12-11,DET @ PHI,W,26,6,13,0.462,3,7,0.429,0,0,,1,7,8,2,2,2,0,3,15,34,39.6,1,2015-16
22015,202704,Reggie Jackson,1610612765,DET,Detroit Pistons,0021500335,2015-12-11,DET @ PHI,W,31,9,20,0.45,1,3,0.333,2,2,1.0,2,3,5,4,0,0,3,1,21,33,30.0,1,2015-16
22015,201946,Tyler Hansbrough,1610612766,CHA,Charlotte Hornets,0021500338,2015-12-11,CHA @ MEM,W,6,1,2,0.5,1,1,1.0,1,2,0.5,0,2,2,1,0,1,0,1,4,-2,10.9,1,2015-16
22015,202689,Kemba Walker,1610612766,CHA,Charlotte Hornets,0021500338,2015-12-11,CHA @ MEM,W,35,12,19,0.632,5,8,0.625,4,5,0.8,1,4,5,6,0,0,3,2,33,21,45.0,1,2015-16
22015,101106,Andrew Bogut,1610612744,GSW,Golden State Warriors,0021500336,2015-12-11,GSW @ BOS,W,23,1,5,0.2,0,0,,0,0,,1,8,9,1,0,3,1,4,2,-1,22.3,1,2015-16
22015,201579,Roy Hibbert,1610612747,LAL,Los Angeles Lakers,0021500342,2015-12-11,LAL @ SAS,L,30,2,8,0.25,0,0,,0,0,,3,3,6,1,0,2,2,3,4,-25,16.7,1,2015-16
22015,203089,John Henson,1610612749,MIL,Milwaukee Bucks,0021500337,2015-12-11,MIL @ TOR,L,15,3,4,0.75,0,0,,0,0,,3,2,5,0,0,1,1,1,6,-4,14.0,1,2015-16
22015,203114,Khris Middleton,1610612749,MIL,Milwaukee Bucks,0021500337,2015-12-11,MIL @ TOR,L,43,8,15,0.533,3,4,0.75,7,8,0.875,0,3,3,3,0,0,1,3,26,-4,33.1,1,2015-16
22015,203917,Nik Stauskas,1610612755,PHI,Philadelphia 76ers,0021500335,2015-12-11,PHI vs. DET,L,22,3,6,0.5,0,1,0.0,0,0,,0,0,0,1,0,0,3,1,6,-15,4.5,1,2015-16
22015,203960,JaKarr Sampson,1610612755,PHI,Philadelphia 76ers,0021500335,2015-12-11,PHI vs. DET,L,12,2,6,0.333,0,2,0.0,1,3,0.333,1,4,5,1,0,0,2,3,5,8,10.5,1,2015-16
22015,1938,Manu Ginobili,1610612759,SAS,San Antonio Spurs,0021500342,2015-12-11,SAS vs. LAL,W,5,1,2,0.5,0,0,,0,0,,0,2,2,4,0,0,0,0,2,6,10.4,1,2015-16
22015,2564,Boris Diaw,1610612759,SAS,San Antonio Spurs,0021500342,2015-12-11,SAS vs. LAL,W,25,3,6,0.5,1,1,1.0,1,2,0.5,1,3,4,1,1,1,2,2,8,14,18.3,1,2015-16
22015,201980,Danny Green,1610612759,SAS,San Antonio Spurs,0021500342,2015-12-11,SAS vs. LAL,W,18,1,3,0.333,1,3,0.333,0,0,,0,1,1,0,2,1,0,0,3,-2,13.2,1,2015-16
22015,201571,D.J. Augustin,1610612760,OKC,Oklahoma City Thunder,0021500341,2015-12-11,OKC @ UTA,W,13,2,4,0.5,1,3,0.333,0,0,,0,1,1,1,0,0,1,1,5,-4,6.7,1,2015-16
22015,202324,Derrick Favors,1610612762,UTA,Utah Jazz,0021500341,2015-12-11,UTA vs. OKC,L,36,6,13,0.462,0,0,,1,2,0.5,3,4,7,1,2,3,1,2,13,-11,36.9,1,2015-16
22015,201596,Mario Chalmers,1610612763,MEM,Memphis Grizzlies,0021500338,2015-12-11,MEM vs. CHA,L,13,0,3,0.0,0,2,0.0,6,8,0.75,0,3,3,2,2,0,1,5,6,-4,17.6,1,2015-16
22015,201971,DeJuan Blair,1610612764,WAS,Washington Wizards,0021500339,2015-12-11,WAS @ NOP,L,7,2,5,0.4,0,0,,1,2,0.5,2,1,3,0,0,0,1,0,5,3,7.6,1,2015-16
22015,201143,Al Horford,1610612737,ATL,Atlanta Hawks,0021500347,2015-12-12,ATL vs. SAS,L,26,3,7,0.429,0,1,0.0,3,4,0.75,1,6,7,3,2,0,1,0,9,-14,26.9,1,2015-16
22015,203488,Mike Muscala,1610612737,ATL,Atlanta Hawks,0021500347,2015-12-12,ATL vs. SAS,L,20,1,3,0.333,0,1,0.0,0,0,,1,2,3,0,2,0,2,5,2,-3,9.6,1,2015-16
22015,203934,Lamar Patterson,1610612737,ATL,Atlanta Hawks,0021500347,2015-12-12,ATL vs. SAS,L,17,2,6,0.333,1,3,0.333,0,0,,1,2,3,1,1,0,1,0,5,3,12.1,1,2015-16
22015,203096,Jared Sullinger,1610612738,BOS,Boston Celtics,0021500345,2015-12-12,BOS @ CHA,W,17,2,5,0.4,0,0,,0,0,,0,7,7,0,1,0,1,1,4,6,14.4,1,2015-16
22015,2570,Kendrick Perkins,1610612740,NOP,New Orleans Pelicans,0021500348,2015-12-12,NOP @ CHI,L,1,0,0,,0,0,,0,0,,0,0,0,0,0,0,1,0,0,-3,-1.0,1,2015-16
22015,201967,Dante Cunningham,1610612740,NOP,New Orleans Pelicans,0021500348,2015-12-12,NOP @ CHI,L,17,1,1,1.0,1,1,1.0,0,0,,0,1,1,0,0,0,0,4,3,-11,4.2,1,2015-16
22015,201149,Joakim Noah,1610612741,CHI,Chicago Bulls,0021500348,2015-12-12,CHI vs. NOP,W,30,3,4,0.75,0,0,,4,4,1.0,3,6,9,2,0,4,0,4,10,6,35.8,1,2015-16
22015,201166,Aaron Brooks,1610612741,CHI,Chicago Bulls,0021500348,2015-12-12,CHI vs. NOP,W,19,6,11,0.545,3,6,0.5,2,2,1.0,0,1,1,3,0,0,1,1,17,0,21.7,1,2015-16
22015,203503,Tony Snell,1610612741,CHI,Chicago Bulls,0021500348,2015-12-12,CHI vs. NOP,W,16,0,2,0.0,0,2,0.0,0,0,,0,1,1,1,1,1,2,0,0,-4,6.7,1,2015-16
22015,202718,Chandler Parsons,1610612742,DAL,Dallas Mavericks,0021500350,2015-12-12,DAL vs. WAS,L,23,3,9,0.333,1,4,0.25,1,2,0.5,0,3,3,0,0,0,1,2,8,-21,10.6,1,2015-16
22015,202691,Klay Thompson,1610612744,GSW,Golden State Warriors,0021500351,2015-12-12,GSW @ MIL,L,30,4,14,0.286,2,7,0.286,2,4,0.5,1,1,2,3,1,0,2,4,12,-5,19.9,1,2015-16
22015,201951,Ty Lawson,1610612745,HOU,Houston Rockets,0021500349,2015-12-12,HOU vs. LAL,W,26,1,2,0.5,1,2,0.5,2,2,1.0,0,2,2,8,2,0,3,0,5,32,22.4,1,2015-16
22015,203909,KJ McDaniels,1610612745,HOU,Houston Rockets,0021500349,2015-12-12,HOU vs. LAL,W,3,2,2,1.0,1,1,1.0,0,0,,0,0,0,0,0,0,0,0,5,7,5.0,1,2015-16
22015,2037,Jamal Crawford,1610612746,LAC,LA Clippers,0021500344,2015-12-12,LAC @ BKN,W,25,4,8,0.5,1,4,0.25,0,0,,1,2,3,3,2,0,2,3,9,-3,21.1,1,2015-16
22015,977,Kobe Bryant,1610612747,LAL,Los Angeles Lakers,0021500349,2015-12-12,LAL @ HOU,L,31,9,16,0.563,4,9,0.444,3,3,1.0,2,5,7,6,3,0,0,0,25,3,51.4,1,2015-16
22015,201156,Nick Young,1610612747,LAL,Los Angeles Lakers,0021500349,2015-12-12,LAL @ HOU,L,27,5,10,0.5,3,7,0.429,0,0,,2,1,3,1,0,0,0,1,13,-35,18.1,1,2015-16
22015,201579,Roy Hibbert,1610612747,LAL,Los Angeles Lakers,0021500349,2015-12-12,LAL @ HOU,L,25,5,9,0.556,0,0,,0,0,,1,6,7,0,0,3,0,4,10,6,27.4,1,2015-16
22015,1626273,Marcelo Huertas,1610612747,LAL,Los Angeles Lakers,0021500349,2015-12-12,LAL @ HOU,L,17,0,1,0.0,0,1,0.0,0,0,,0,0,0,4,1,0,6,4,0,-15,3.0,1,2015-16
22015,202328,Greg Monroe,1610612749,MIL,Milwaukee Bucks,0021500351,2015-12-12,MIL vs. GSW,W,36,11,17,0.647,0,0,,6,7,0.857,4,7,11,5,0,0,3,4,28,17,45.7,1,2015-16
22015,203114,Khris Middleton,1610612749,MIL,Milwaukee Bucks,0021500351,2015-12-12,MIL vs. GSW,W,38,3,12,0.25,1,4,0.25,0,0,,1,5,6,5,2,1,2,2,7,13,28.7,1,2015-16
22015,203487,Michael Carter-Williams,1610612749,MIL,Milwaukee Bucks,0021500351,2015-12-12,MIL vs. GSW,W,30,7,10,0.7,0,0,,3,3,1.0,1,2,3,7,5,0,1,4,17,22,45.1,1,2015-16
22015,101127,Jarrett Jack,1610612751,BKN,Brooklyn Nets,0021500344,2015-12-12,BKN vs. LAC,L,37,4,10,0.4,1,4,0.25,7,9,0.778,0,5,5,11,1,0,3,3,16,-12,38.5,1,2015-16
22015,201152,Thaddeus Young,1610612751,BKN,Brooklyn Nets,0021500344,2015-12-12,BKN vs. LAC,L,36,9,16,0.563,0,0,,0,0,,1,4,5,0,1,0,1,3,18,-8,26.0,1,2015-16
22015,202711,Bojan Bogdanovic,1610612751,BKN,Brooklyn Nets,0021500344,2015-12-12,BKN vs. LAC,L,39,4,10,0.4,2,6,0.333,5,6,0.833,1,5,6,1,1,1,1,3,15,2,28.7,1,2015-16
22015,2546,Carmelo Anthony,1610612752,NYK,New York Knicks,0021500352,2015-12-12,NYK @ POR,W,38,13,21,0.619,2,5,0.4,9,9,1.0,2,4,6,2,1,2,4,0,37,-8,52.2,1,2015-16
22015,202682,Derrick Williams,1610612752,NYK,New York Knicks,0021500352,2015-12-12,NYK @ POR,W,13,3,6,0.5,3,4,0.75,1,2,0.5,0,4,4,4,0,0,0,1,10,19,20.8,1,2015-16
22015,201941,Jordan Hill,1610612754,IND,Indiana Pacers,0021500346,2015-12-12,IND @ DET,L,26,4,6,0.667,0,0,,0,0,,1,6,7,3,0,0,3,2,8,-2,17.9,1,2015-16
22015,201978,Chase Budinger,1610612754,IND,Indiana Pacers,0021500346,2015-12-12,IND @ DET,L,15,3,7,0.429,1,3,0.333,2,3,0.667,0,0,0,2,0,0,1,0,9,-3,11.0,1,2015-16
22015,202331,Paul George,1610612754,IND,Indiana Pacers,0021500346,2015-12-12,IND @ DET,L,34,4,16,0.25,0,4,0.0,5,7,0.714,0,6,6,3,1,0,4,2,13,-19,23.7,1,2015-16
22015,203081,Damian Lillard,1610612757,POR,Portland Trail Blazers,0021500352,2015-12-12,POR vs. NYK,L,38,11,28,0.393,2,6,0.333,5,6,0.833,2,6,8,4,0,0,1,2,29,12,43.6,1,2015-16
22015,201980,Danny Green,1610612759,SAS,San Antonio Spurs,0021500347,2015-12-12,SAS @ ATL,W,21,4,8,0.5,2,3,0.667,0,0,,0,1,1,2,1,0,4,1,10,2,13.2,1,2015-16
22015,203937,Kyle Anderson,1610612759,SAS,San Antonio Spurs,0021500347,2015-12-12,SAS @ ATL,W,5,1,2,0.5,0,0,,0,0,,0,1,1,0,0,0,1,0,2,1,2.2,1,2015-16
22015,201196,Ramon Sessions,1610612764,WAS,Washington Wizards,0021500350,2015-12-12,WAS @ DAL,W,30,5,8,0.625,2,4,0.5,5,6,0.833,0,1,1,6,0,1,3,4,17,-8,27.2,1,2015-16
22015,203484,Kentavious Caldwell-Pope,1610612765,DET,Detroit Pistons,0021500346,2015-12-12,DET vs. IND,W,37,5,12,0.417,2,5,0.4,6,6,1.0,2,5,7,8,4,1,1,2,18,20,52.4,1,2015-16
22015,203493,Reggie Bullock Jr.,1610612765,DET,Detroit Pistons,0021500346,2015-12-12,DET vs. IND,W,3,0,0,,0,0,,0,0,,0,0,0,0,0,0,0,0,0,-3,0.0,1,2015-16
22015,201150,Spencer Hawes,1610612766,CHA,Charlotte Hornets,0021500345,2015-12-12,CHA vs. BOS,L,21,4,6,0.667,2,3,0.667,0,0,,1,7,8,3,0,0,1,1,10,19,23.1,1,2015-16
22015,203798,PJ Hairston,1610612766,CHA,Charlotte Hornets,0021500345,2015-12-12,CHA vs. BOS,L,22,2,7,0.286,2,5,0.4,0,0,,0,4,4,0,0,1,0,0,6,-12,13.8,1,2015-16
22015,201952,Jeff Teague,1610612737,ATL,Atlanta Hawks,0021500347,2015-12-12,ATL vs. SAS,L,24,0,5,0.0,0,1,0.0,4,4,1.0,0,1,1,3,0,0,5,2,4,-24,4.7,1,2015-16
22015,203200,Justin Holiday,1610612737,ATL,Atlanta Hawks,0021500347,2015-12-12,ATL vs. SAS,L,7,0,1,0.0,0,1,0.0,0,0,,0,1,1,0,0,0,0,0,0,-2,1.2,1,2015-16
22015,202323,Evan Turner,1610612738,BOS,Boston Celtics,0021500345,2015-12-12,BOS @ CHA,W,28,5,10,0.5,0,1,0.0,0,1,0.0,0,2,2,3,1,0,0,2,10,-15,19.9,1,2015-16
22015,201569,Eric Gordon,1610612740,NOP,New Orleans Pelicans,0021500348,2015-12-12,NOP @ CHI,L,34,5,15,0.333,2,6,0.333,2,2,1.0,0,0,0,2,1,0,1,2,14,3,19.0,1,2015-16
22015,202397,Ish Smith,1610612740,NOP,New Orleans Pelicans,0021500348,2015-12-12,NOP @ CHI,L,13,1,2,0.5,0,0,,0,0,,0,3,3,2,1,0,0,0,2,-4,11.6,1,2015-16
22015,203076,Anthony Davis,1610612740,NOP,New Orleans Pelicans,0021500348,2015-12-12,NOP @ CHI,L,42,8,24,0.333,0,2,0.0,6,9,0.667,0,13,13,2,1,4,4,1,22,8,51.6,1,2015-16
22015,101109,Raymond Felton,1610612742,DAL,Dallas Mavericks,0021500350,2015-12-12,DAL vs. WAS,L,38,3,11,0.273,0,3,0.0,4,4,1.0,0,11,11,11,1,0,2,2,10,6,40.7,1,2015-16
22015,200826,J.J. Barea,1610612742,DAL,Dallas Mavericks,0021500350,2015-12-12,DAL vs. WAS,L,29,7,15,0.467,5,6,0.833,2,2,1.0,0,3,3,3,1,0,1,2,21,4,31.1,1,2015-16
22015,201578,Marreese Speights,1610612744,GSW,Golden State Warriors,0021500351,2015-12-12,GSW @ MIL,L,6,1,3,0.333,0,0,,0,0,,1,1,2,0,0,0,0,0,2,-3,4.4,1,2015-16
22015,203546,Ian Clark,1610612744,GSW,Golden State Warriors,0021500351,2015-12-12,GSW @ MIL,L,1,0,0,,0,0,,0,0,,0,0,0,0,0,0,0,0,0,0,0.0,1,2015-16
22015,2730,Dwight Howard,1610612745,HOU,Houston Rockets,0021500349,2015-12-12,HOU vs. LAL,W,33,7,8,0.875,0,0,,4,9,0.444,5,7,12,2,1,2,2,0,18,15,42.4,1,2015-16
22015,201935,James Harden,1610612745,HOU,Houston Rockets,0021500349,2015-12-12,HOU vs. LAL,W,32,11,21,0.524,3,5,0.6,5,5,1.0,0,3,3,3,3,0,2,2,30,6,45.1,1,2015-16
22015,201976,Patrick Beverley,1610612745,HOU,Houston Rockets,0021500349,2015-12-12,HOU vs. LAL,W,22,3,10,0.3,1,6,0.167,0,0,,3,2,5,3,0,0,0,3,7,-3,17.5,1,2015-16
22015,201977,Marcus Thornton,1610612745,HOU,Houston Rockets,0021500349,2015-12-12,HOU vs. LAL,W,16,7,13,0.538,4,8,0.5,0,0,,0,3,3,3,0,0,0,0,18,25,26.1,1,2015-16
22015,201933,Blake Griffin,1610612746,LAC,LA Clippers,0021500344,2015-12-12,LAC @ BKN,W,35,10,19,0.526,0,1,0.0,1,2,0.5,1,8,9,4,1,0,3,0,21,-5,37.8,1,2015-16
22015,202325,Wesley Johnson,1610612746,LAC,LA Clippers,0021500344,2015-12-12,LAC @ BKN,W,18,2,5,0.4,1,3,0.333,0,0,,0,1,1,0,0,0,0,1,5,3,6.2,1,2015-16
22015,203089,John Henson,1610612749,MIL,Milwaukee Bucks,0021500351,2015-12-12,MIL vs. GSW,W,12,3,8,0.375,0,0,,0,0,,0,2,2,2,0,0,1,5,6,-4,10.4,1,2015-16
22015,203507,Giannis Antetokounmpo,1610612749,MIL,Milwaukee Bucks,0021500351,2015-12-12,MIL vs. GSW,W,43,4,10,0.4,1,2,0.5,2,3,0.667,0,12,12,8,1,2,4,2,11,3,42.4,1,2015-16
22015,203953,Jabari Parker,1610612749,MIL,Milwaukee Bucks,0021500351,2015-12-12,MIL vs. GSW,W,28,9,14,0.643,0,0,,1,3,0.333,1,6,7,1,2,1,2,3,19,10,35.9,1,2015-16
22015,2207,Joe Johnson,1610612751,BKN,Brooklyn Nets,0021500344,2015-12-12,BKN vs. LAC,L,36,6,14,0.429,2,6,0.333,1,2,0.5,1,3,4,3,0,0,2,1,15,3,22.3,1,2015-16
22015,201961,Wayne Ellington,1610612751,BKN,Brooklyn Nets,0021500344,2015-12-12,BKN vs. LAC,L,10,0,2,0.0,0,1,0.0,0,0,,0,1,1,0,0,0,0,0,0,-1,1.2,1,2015-16
22015,202388,Donald Sloan,1610612751,BKN,Brooklyn Nets,0021500344,2015-12-12,BKN vs. LAC,L,6,0,0,,0,0,,0,0,,0,0,0,0,0,0,1,1,0,4,-1.0,1,2015-16
22015,203499,Shane Larkin,1610612751,BKN,Brooklyn Nets,0021500344,2015-12-12,BKN vs. LAC,L,6,1,1,1.0,0,0,,0,0,,0,1,1,1,1,0,1,2,2,1,6.7,1,2015-16
22015,203900,Markel Brown,1610612751,BKN,Brooklyn Nets,0021500344,2015-12-12,BKN vs. LAC,L,18,2,7,0.286,0,2,0.0,3,4,0.75,0,5,5,0,0,0,0,2,7,-8,13.0,1,2015-16
22015,201577,Robin Lopez,1610612752,NYK,New York Knicks,0021500352,2015-12-12,NYK @ POR,W,29,5,7,0.714,0,0,,4,4,1.0,4,3,7,1,0,0,0,3,14,-15,23.9,1,2015-16
22015,202498,Lance Thomas,1610612752,NYK,New York Knicks,0021500352,2015-12-12,NYK @ POR,W,25,3,3,1.0,1,1,1.0,6,6,1.0,0,1,1,0,0,0,1,3,13,10,13.2,1,2015-16
22015,204001,Kristaps Porziņģis,1610612752,NYK,New York Knicks,0021500352,2015-12-12,NYK @ POR,W,19,0,6,0.0,0,0,,0,0,,0,3,3,0,2,0,2,3,0,-8,7.6,1,2015-16
22015,204038,Langston Galloway,1610612752,NYK,New York Knicks,0021500352,2015-12-12,NYK @ POR,W,30,2,8,0.25,1,3,0.333,2,2,1.0,0,4,4,3,0,0,0,2,7,9,16.3,1,2015-16
22015,201155,Rodney Stuckey,1610612754,IND,Indiana Pacers,0021500346,2015-12-12,IND @ DET,L,23,5,8,0.625,0,1,0.0,0,0,,0,3,3,2,0,0,2,2,10,-5,14.6,1,2015-16
22015,203524,Solomon Hill,1610612754,IND,Indiana Pacers,0021500346,2015-12-12,IND @ DET,L,6,2,3,0.667,0,1,0.0,0,0,,0,0,0,0,0,0,0,0,4,3,4.0,1,2015-16
22015,203090,Maurice Harkless,1610612757,POR,Portland Trail Blazers,0021500352,2015-12-12,POR vs. NYK,L,15,0,1,0.0,0,0,,2,2,1.0,0,0,0,0,0,0,1,2,2,-9,1.0,1,2015-16
22015,1938,Manu Ginobili,1610612759,SAS,San Antonio Spurs,0021500347,2015-12-12,SAS @ ATL,W,19,5,7,0.714,3,3,1.0,4,5,0.8,1,2,3,1,0,0,4,1,17,5,18.1,1,2015-16
22015,2564,Boris Diaw,1610612759,SAS,San Antonio Spurs,0021500347,2015-12-12,SAS @ ATL,W,14,0,4,0.0,0,2,0.0,0,0,,1,1,2,2,0,0,0,1,0,3,5.4,1,2015-16
22015,2588,Matt Bonner,1610612759,SAS,San Antonio Spurs,0021500347,2015-12-12,SAS @ ATL,W,5,1,2,0.5,1,1,1.0,0,0,,0,1,1,0,0,0,0,0,3,1,4.2,1,2015-16
22015,200746,LaMarcus Aldridge,1610612759,SAS,San Antonio Spurs,0021500347,2015-12-12,SAS @ ATL,W,27,5,9,0.556,0,0,,3,3,1.0,1,5,6,1,0,1,3,2,13,22,21.7,1,2015-16
22015,202695,Kawhi Leonard,1610612759,SAS,San Antonio Spurs,0021500347,2015-12-12,SAS @ ATL,W,32,7,13,0.538,1,3,0.333,7,7,1.0,1,7,8,4,5,0,2,2,22,36,50.6,1,2015-16
22015,202322,John Wall,1610612764,WAS,Washington Wizards,0021500350,2015-12-12,WAS @ DAL,W,38,10,19,0.526,3,4,0.75,3,3,1.0,0,5,5,16,1,2,3,2,26,3,62.0,1,2015-16
22015,202390,Gary Neal,1610612764,WAS,Washington Wizards,0021500350,2015-12-12,WAS @ DAL,W,22,3,9,0.333,1,4,0.25,1,1,1.0,0,0,0,0,0,0,1,1,8,-7,7.0,1,2015-16
22015,101141,Ersan Ilyasova,1610612765,DET,Detroit Pistons,0021500346,2015-12-12,DET vs. IND,W,29,9,13,0.692,2,4,0.5,0,0,,1,4,5,1,0,2,0,2,20,18,33.5,1,2015-16
22015,202694,Marcus Morris Sr.,1610612765,DET,Detroit Pistons,0021500346,2015-12-12,DET vs. IND,W,30,7,13,0.538,2,4,0.5,0,0,,1,2,3,0,0,0,1,1,16,22,18.6,1,2015-16
22015,202704,Reggie Jackson,1610612765,DET,Detroit Pistons,0021500346,2015-12-12,DET vs. IND,W,26,8,17,0.471,2,4,0.5,3,3,1.0,1,2,3,9,1,0,1,1,21,21,40.1,1,2015-16
22015,203915,Spencer Dinwiddie,1610612765,DET,Detroit Pistons,0021500346,2015-12-12,DET vs. IND,W,3,0,0,,0,0,,0,0,,0,0,0,0,0,0,0,0,0,-3,0.0,1,2015-16
22015,2594,Kyle Korver,1610612737,ATL,Atlanta Hawks,0021500347,2015-12-12,ATL vs. SAS,L,25,2,8,0.25,1,4,0.25,0,0,,0,2,2,1,3,0,1,2,5,-10,16.9,1,2015-16
22015,202714,Shelvin Mack,1610612737,ATL,Atlanta Hawks,0021500347,2015-12-12,ATL vs. SAS,L,7,2,4,0.5,0,2,0.0,0,0,,0,0,0,1,0,0,0,0,4,-3,5.5,1,2015-16
22015,203471,Dennis Schröder,1610612737,ATL,Atlanta Hawks,0021500347,2015-12-12,ATL vs. SAS,L,19,2,10,0.2,0,3,0.0,2,2,1.0,1,2,3,7,0,0,0,1,6,0,20.1,1,2015-16
22015,203482,Kelly Olynyk,1610612738,BOS,Boston Celtics,0021500345,2015-12-12,BOS @ CHA,W,23,4,13,0.308,0,1,0.0,0,0,,0,4,4,0,0,0,1,1,8,-3,11.8,1,2015-16
22015,201600,Omer Asik,1610612740,NOP,New Orleans Pelicans,0021500348,2015-12-12,NOP @ CHI,L,13,3,3,1.0,0,0,,0,0,,1,3,4,2,1,0,0,4,6,9,16.8,1,2015-16
22015,202708,Norris Cole,1610612740,NOP,New Orleans Pelicans,0021500348,2015-12-12,NOP @ CHI,L,21,5,9,0.556,0,0,,0,0,,0,6,6,6,0,0,1,0,10,-2,25.2,1,2015-16
22015,202703,Nikola Mirotic,1610612741,CHI,Chicago Bulls,0021500348,2015-12-12,CHI vs. NOP,W,18,3,6,0.5,2,3,0.667,2,2,1.0,1,9,10,2,0,0,0,1,10,-1,25.0,1,2015-16
22015,202083,Wesley Matthews,1610612742,DAL,Dallas Mavericks,0021500350,2015-12-12,DAL vs. WAS,L,35,10,17,0.588,6,11,0.545,2,2,1.0,0,1,1,0,3,0,4,1,28,8,34.2,1,2015-16
22015,203939,Dwight Powell,1610612742,DAL,Dallas Mavericks,0021500350,2015-12-12,DAL vs. WAS,L,21,3,6,0.5,0,0,,3,4,0.75,2,2,4,0,0,0,0,0,9,-3,13.8,1,2015-16
22015,2733,Shaun Livingston,1610612744,GSW,Golden State Warriors,0021500351,2015-12-12,GSW @ MIL,L,24,2,6,0.333,0,0,,0,0,,1,0,1,2,2,0,0,0,4,-5,14.2,1,2015-16
22015,201147,Corey Brewer,1610612745,HOU,Houston Rockets,0021500349,2015-12-12,HOU vs. LAL,W,17,2,2,1.0,2,2,1.0,1,2,0.5,0,2,2,4,4,1,0,3,7,21,30.4,1,2015-16
22015,202700,Donatas Motiejunas,1610612745,HOU,Houston Rockets,0021500349,2015-12-12,HOU vs. LAL,W,15,4,4,1.0,1,1,1.0,2,4,0.5,0,1,1,1,1,0,4,1,11,16,12.7,1,2015-16
22015,2746,Josh Smith,1610612746,LAC,LA Clippers,0021500344,2015-12-12,LAC @ BKN,W,12,3,9,0.333,0,1,0.0,0,0,,2,3,5,0,2,0,1,2,6,4,17.0,1,2015-16
22015,101108,Chris Paul,1610612746,LAC,LA Clippers,0021500344,2015-12-12,LAC @ BKN,W,31,6,15,0.4,0,4,0.0,3,3,1.0,0,2,2,14,3,0,3,2,15,1,44.4,1,2015-16
22015,203135,Robert Sacre,1610612747,LAL,Los Angeles Lakers,0021500349,2015-12-12,LAL @ HOU,L,23,2,6,0.333,0,0,,3,4,0.75,1,1,2,0,0,1,1,1,7,-35,11.4,1,2015-16
22015,1626156,D'Angelo Russell,1610612747,LAL,Los Angeles Lakers,0021500349,2015-12-12,LAL @ HOU,L,37,5,14,0.357,2,8,0.25,0,0,,0,0,0,4,3,0,4,3,12,-14,23.0,1,2015-16
22015,201564,O.J. Mayo,1610612749,MIL,Milwaukee Bucks,0021500351,2015-12-12,MIL vs. GSW,W,29,6,13,0.462,4,8,0.5,2,2,1.0,0,1,1,1,1,0,2,2,18,6,21.7,1,2015-16
22015,200745,Andrea Bargnani,1610612751,BKN,Brooklyn Nets,0021500344,2015-12-12,BKN vs. LAC,L,14,3,7,0.429,0,0,,5,5,1.0,1,4,5,1,0,0,1,4,11,13,17.5,1,2015-16
22015,101133,Ian Mahinmi,1610612754,IND,Indiana Pacers,0021500346,2015-12-12,IND @ DET,L,22,4,4,1.0,0,0,,1,2,0.5,1,1,2,1,0,1,3,1,9,-20,12.9,1,2015-16
22015,203459,Allen Crabbe,1610612757,POR,Portland Trail Blazers,0021500352,2015-12-12,POR vs. NYK,L,27,5,10,0.5,0,3,0.0,5,6,0.833,1,1,2,0,1,0,0,2,15,-7,20.4,1,2015-16
22015,203943,Noah Vonleh,1610612757,POR,Portland Trail Blazers,0021500352,2015-12-12,POR vs. NYK,L,17,2,2,1.0,1,1,1.0,2,2,1.0,4,1,5,2,2,0,1,2,7,11,21.0,1,2015-16
22015,2446,Rasual Butler,1610612759,SAS,San Antonio Spurs,0021500347,2015-12-12,SAS @ ATL,W,7,2,3,0.667,2,3,0.667,0,0,,0,1,1,0,1,0,0,0,6,2,10.2,1,2015-16
22015,2561,David West,1610612759,SAS,San Antonio Spurs,0021500347,2015-12-12,SAS @ ATL,W,12,1,1,1.0,0,0,,0,0,,0,3,3,1,1,0,1,1,2,-6,9.1,1,2015-16
22015,201162,Jared Dudley,1610612764,WAS,Washington Wizards,0021500350,2015-12-12,WAS @ DAL,W,33,5,11,0.455,3,5,0.6,0,0,,2,5,7,2,0,0,1,5,13,-10,23.4,1,2015-16
22015,203490,Otto Porter Jr.,1610612764,WAS,Washington Wizards,0021500350,2015-12-12,WAS @ DAL,W,39,11,18,0.611,4,8,0.5,2,2,1.0,2,4,6,3,1,1,1,2,28,8,44.7,1,2015-16
22015,1626162,Kelly Oubre Jr.,1610612764,WAS,Washington Wizards,0021500350,2015-12-12,WAS @ DAL,W,9,1,2,0.5,0,1,0.0,1,2,0.5,0,3,3,0,1,0,2,3,3,0,7.6,1,2015-16
22015,203083,Andre Drummond,1610612765,DET,Detroit Pistons,0021500346,2015-12-12,DET vs. IND,W,28,4,11,0.364,0,0,,0,2,0.0,3,8,11,1,1,2,2,3,8,20,29.7,1,2015-16
22015,1626169,Stanley Johnson,1610612765,DET,Detroit Pistons,0021500346,2015-12-12,DET vs. IND,W,25,4,10,0.4,1,5,0.2,2,2,1.0,0,4,4,2,3,0,4,4,11,5,23.8,1,2015-16
22015,1626199,Darrun Hilliard,1610612765,DET,Detroit Pistons,0021500346,2015-12-12,DET vs. IND,W,3,1,3,0.333,0,1,0.0,0,0,,0,0,0,0,0,0,1,0,2,-3,1.0,1,2015-16
22015,101107,Marvin Williams,1610612766,CHA,Charlotte Hornets,0021500345,2015-12-12,CHA vs. BOS,L,29,1,8,0.125,0,6,0.0,0,0,,1,6,7,1,0,1,1,1,2,-16,13.9,1,2015-16
22015,201587,Nicolas Batum,1610612766,CHA,Charlotte Hornets,0021500345,2015-12-12,CHA vs. BOS,L,38,9,21,0.429,2,10,0.2,1,1,1.0,0,8,8,2,0,0,4,2,21,-11,29.6,1,2015-16
22015,203087,Jeremy Lamb,1610612766,CHA,Charlotte Hornets,0021500345,2015-12-12,CHA vs. BOS,L,15,3,11,0.273,2,5,0.4,1,1,1.0,0,3,3,2,1,0,1,0,9,16,17.6,1,2015-16
22015,203145,Kent Bazemore,1610612737,ATL,Atlanta Hawks,0021500347,2015-12-12,ATL vs. SAS,L,25,4,11,0.364,0,3,0.0,1,1,1.0,0,3,3,1,2,0,0,0,9,-19,20.1,1,2015-16
22015,101135,David Lee,1610612738,BOS,Boston Celtics,0021500345,2015-12-12,BOS @ CHA,W,18,4,12,0.333,0,0,,2,2,1.0,1,4,5,3,1,1,0,1,10,-19,26.5,1,2015-16
22015,101161,Amir Johnson,1610612738,BOS,Boston Celtics,0021500345,2015-12-12,BOS @ CHA,W,30,3,6,0.5,0,1,0.0,0,0,,0,6,6,3,1,3,0,1,6,22,29.7,1,2015-16
22015,203109,Jae Crowder,1610612738,BOS,Boston Celtics,0021500345,2015-12-12,BOS @ CHA,W,32,5,15,0.333,3,10,0.3,3,3,1.0,0,7,7,1,0,0,0,1,16,20,25.9,1,2015-16
22015,203923,James Young,1610612738,BOS,Boston Celtics,0021500345,2015-12-12,BOS @ CHA,W,13,0,1,0.0,0,1,0.0,0,0,,0,2,2,0,1,1,0,0,0,-12,8.4,1,2015-16
22015,201582,Alexis Ajinca,1610612740,NOP,New Orleans Pelicans,0021500348,2015-12-12,NOP @ CHI,L,26,3,7,0.429,0,0,,0,0,,2,4,6,2,0,2,1,3,6,-7,21.2,1,2015-16
22015,201936,Tyreke Evans,1610612740,NOP,New Orleans Pelicans,0021500348,2015-12-12,NOP @ CHI,L,36,10,22,0.455,2,6,0.333,0,0,,1,2,3,8,0,0,1,3,22,-13,36.6,1,2015-16
22015,202087,Alonzo Gee,1610612740,NOP,New Orleans Pelicans,0021500348,2015-12-12,NOP @ CHI,L,37,4,6,0.667,1,1,1.0,0,0,,1,4,5,2,5,0,1,5,9,0,32.0,1,2015-16
22015,2200,Pau Gasol,1610612741,CHI,Chicago Bulls,0021500348,2015-12-12,CHI vs. NOP,W,31,6,15,0.4,0,1,0.0,6,8,0.75,2,9,11,2,0,0,3,2,18,3,31.2,1,2015-16
22015,203926,Doug McDermott,1610612741,CHI,Chicago Bulls,0021500348,2015-12-12,CHI vs. NOP,W,28,5,10,0.5,2,6,0.333,0,0,,0,2,2,2,0,0,2,0,12,6,15.4,1,2015-16
22015,1717,Dirk Nowitzki,1610612742,DAL,Dallas Mavericks,0021500350,2015-12-12,DAL vs. WAS,L,31,3,9,0.333,1,3,0.333,6,6,1.0,1,5,6,2,0,2,0,1,13,5,29.2,1,2015-16
22015,2585,Zaza Pachulia,1610612742,DAL,Dallas Mavericks,0021500350,2015-12-12,DAL vs. WAS,L,23,5,8,0.625,0,0,,0,0,,6,6,12,3,0,0,2,1,10,-11,26.9,1,2015-16
22015,2734,Devin Harris,1610612742,DAL,Dallas Mavericks,0021500350,2015-12-12,DAL vs. WAS,L,34,3,8,0.375,1,3,0.333,3,4,0.75,1,3,4,4,0,1,1,3,10,7,22.8,1,2015-16
22015,101111,Charlie Villanueva,1610612742,DAL,Dallas Mavericks,0021500350,2015-12-12,DAL vs. WAS,L,6,1,6,0.167,0,3,0.0,0,0,,1,1,2,0,0,0,1,0,2,-10,3.4,1,2015-16
22015,2738,Andre Iguodala,1610612744,GSW,Golden State Warriors,0021500351,2015-12-12,GSW @ MIL,L,28,1,9,0.111,0,4,0.0,0,0,,1,8,9,5,2,0,1,2,2,-14,25.3,1,2015-16
22015,201574,Jason Thompson,1610612744,GSW,Golden State Warriors,0021500351,2015-12-12,GSW @ MIL,L,5,0,0,,0,0,,0,0,,0,0,0,0,0,1,0,1,0,-9,3.0,1,2015-16
22015,203105,Festus Ezeli,1610612744,GSW,Golden State Warriors,0021500351,2015-12-12,GSW @ MIL,L,20,5,8,0.625,0,0,,3,6,0.5,6,2,8,0,2,0,2,3,13,-7,26.6,1,2015-16
22015,1718,Paul Pierce,1610612746,LAC,LA Clippers,0021500344,2015-12-12,LAC @ BKN,W,13,4,6,0.667,2,3,0.667,0,0,,0,0,0,0,0,0,1,2,10,8,9.0,1,2015-16
22015,201599,DeAndre Jordan,1610612746,LAC,LA Clippers,0021500344,2015-12-12,LAC @ BKN,W,34,5,6,0.833,0,0,,2,6,0.333,2,10,12,1,2,0,0,2,12,5,33.9,1,2015-16
22015,1626148,Anthony Brown,1610612747,LAL,Los Angeles Lakers,0021500349,2015-12-12,LAL @ HOU,L,3,0,2,0.0,0,1,0.0,0,0,,0,0,0,0,0,0,0,0,0,-7,0.0,1,2015-16
22015,203948,Johnny O'Bryant III,1610612749,MIL,Milwaukee Bucks,0021500351,2015-12-12,MIL vs. GSW,W,14,1,5,0.2,0,0,,0,0,,1,0,1,2,0,0,1,1,2,2,5.2,1,2015-16
22015,201572,Brook Lopez,1610612751,BKN,Brooklyn Nets,0021500344,2015-12-12,BKN vs. LAC,L,32,5,11,0.455,0,0,,4,4,1.0,8,4,12,0,1,1,5,2,14,-14,29.4,1,2015-16
22015,101181,Jose Calderon,1610612752,NYK,New York Knicks,0021500352,2015-12-12,NYK @ POR,W,20,0,4,0.0,0,3,0.0,0,0,,0,1,1,3,0,0,0,2,0,-14,5.7,1,2015-16
22015,201167,Arron Afflalo,1610612752,NYK,New York Knicks,0021500352,2015-12-12,NYK @ POR,W,40,5,11,0.455,2,4,0.5,3,4,0.75,0,1,1,0,0,0,2,3,15,9,14.2,1,2015-16
22015,203124,Kyle O'Quinn,1610612752,NYK,New York Knicks,0021500352,2015-12-12,NYK @ POR,W,19,7,8,0.875,0,1,0.0,0,1,0.0,1,6,7,2,0,1,1,2,14,10,27.4,1,2015-16
22015,101145,Monta Ellis,1610612754,IND,Indiana Pacers,0021500346,2015-12-12,IND @ DET,L,24,4,10,0.4,1,1,1.0,2,4,0.5,0,1,1,3,2,1,3,3,11,-24,22.7,1,2015-16
22015,201588,George Hill,1610612754,IND,Indiana Pacers,0021500346,2015-12-12,IND @ DET,L,32,7,12,0.583,0,3,0.0,0,0,,1,7,8,3,0,0,0,2,14,-15,28.1,1,2015-16
22015,203922,Glenn Robinson III,1610612754,IND,Indiana Pacers,0021500346,2015-12-12,IND @ DET,L,12,3,4,0.75,0,1,0.0,1,2,0.5,0,2,2,0,0,0,0,1,7,-3,9.4,1,2015-16
22015,203086,Meyers Leonard,1610612757,POR,Portland Trail Blazers,0021500352,2015-12-12,POR vs. NYK,L,19,3,6,0.5,0,1,0.0,0,0,,2,5,7,3,0,0,0,3,6,-8,18.9,1,2015-16
22015,203468,CJ McCollum,1610612757,POR,Portland Trail Blazers,0021500352,2015-12-12,POR vs. NYK,L,35,8,17,0.471,1,4,0.25,5,5,1.0,0,3,3,1,0,0,1,3,22,-2,26.1,1,2015-16
22015,201988,Patty Mills,1610612759,SAS,San Antonio Spurs,0021500347,2015-12-12,SAS @ ATL,W,24,2,7,0.286,0,4,0.0,3,3,1.0,0,3,3,5,1,0,1,1,7,2,20.1,1,2015-16
22015,203613,Jonathon Simmons,1610612759,SAS,San Antonio Spurs,0021500347,2015-12-12,SAS @ ATL,W,19,2,5,0.4,1,1,1.0,4,4,1.0,1,6,7,2,0,0,2,2,9,6,18.4,1,2015-16
22015,101162,Marcin Gortat,1610612764,WAS,Washington Wizards,0021500350,2015-12-12,WAS @ DAL,W,32,7,9,0.778,0,0,,0,1,0.0,0,12,12,2,0,1,0,1,14,15,34.4,1,2015-16
22015,201971,DeJuan Blair,1610612764,WAS,Washington Wizards,0021500350,2015-12-12,WAS @ DAL,W,8,0,3,0.0,0,1,0.0,0,0,,0,3,3,0,1,0,0,1,0,-2,6.6,1,2015-16
22015,201229,Anthony Tolliver,1610612765,DET,Detroit Pistons,0021500346,2015-12-12,DET vs. IND,W,16,2,3,0.667,1,2,0.5,0,0,,0,3,3,0,1,0,0,0,5,7,11.6,1,2015-16
22015,202391,Jeremy Lin,1610612766,CHA,Charlotte Hornets,0021500345,2015-12-12,CHA vs. BOS,L,32,5,10,0.5,0,1,0.0,4,4,1.0,1,4,5,2,0,2,1,3,14,10,28.0,1,2015-16
22015,202689,Kemba Walker,1610612766,CHA,Charlotte Hornets,0021500345,2015-12-12,CHA vs. BOS,L,34,5,15,0.333,2,4,0.5,4,4,1.0,3,3,6,4,0,0,1,2,16,-21,28.2,1,2015-16
22015,203469,Cody Zeller,1610612766,CHA,Charlotte Hornets,0021500345,2015-12-12,CHA vs. BOS,L,27,6,9,0.667,0,0,,0,0,,1,4,5,1,0,0,1,3,12,-24,18.5,1,2015-16
22015,1626163,Frank Kaminsky,1610612766,CHA,Charlotte Hornets,0021500345,2015-12-12,CHA vs. BOS,L,23,1,1,1.0,1,1,1.0,0,0,,0,6,6,2,0,1,1,0,3,14,15.2,1,2015-16
22015,200757,Thabo Sefolosha,1610612737,ATL,Atlanta Hawks,0021500347,2015-12-12,ATL vs. SAS,L,20,2,6,0.333,1,2,0.5,0,0,,1,0,1,2,0,1,1,1,5,-20,11.2,1,2015-16
22015,200794,Paul Millsap,1610612737,ATL,Atlanta Hawks,0021500347,2015-12-12,ATL vs. SAS,L,29,9,13,0.692,2,3,0.667,2,3,0.667,1,4,5,2,2,2,3,4,22,-28,40.0,1,2015-16
22015,204002,Edy Tavares,1610612737,ATL,Atlanta Hawks,0021500347,2015-12-12,ATL vs. SAS,L,7,1,3,0.333,0,0,,1,2,0.5,0,0,0,0,0,0,0,0,3,-2,3.0,1,2015-16
22015,202340,Avery Bradley,1610612738,BOS,Boston Celtics,0021500345,2015-12-12,BOS @ CHA,W,35,9,17,0.529,4,6,0.667,1,1,1.0,0,3,3,3,0,0,0,2,23,13,31.1,1,2015-16
22015,202738,Isaiah Thomas,1610612738,BOS,Boston Celtics,0021500345,2015-12-12,BOS @ CHA,W,39,8,16,0.5,2,5,0.4,3,3,1.0,1,4,5,13,0,0,2,2,21,16,44.5,1,2015-16
22015,2550,Kirk Hinrich,1610612741,CHI,Chicago Bulls,0021500348,2015-12-12,CHI vs. NOP,W,15,1,1,1.0,1,1,1.0,0,0,,0,2,2,2,1,0,2,0,3,7,9.4,1,2015-16
22015,201959,Taj Gibson,1610612741,CHI,Chicago Bulls,0021500348,2015-12-12,CHI vs. NOP,W,17,1,3,0.333,0,0,,2,2,1.0,1,5,6,0,1,0,1,1,4,0,13.2,1,2015-16
22015,202710,Jimmy Butler III,1610612741,CHI,Chicago Bulls,0021500348,2015-12-12,CHI vs. NOP,W,38,4,16,0.25,0,1,0.0,7,9,0.778,0,3,3,0,2,1,1,1,15,3,26.6,1,2015-16
22015,2571,Leandro Barbosa,1610612744,GSW,Golden State Warriors,0021500351,2015-12-12,GSW @ MIL,L,13,1,4,0.25,0,2,0.0,0,0,,0,0,0,0,0,0,2,1,2,-13,0.0,1,2015-16
22015,201575,Brandon Rush,1610612744,GSW,Golden State Warriors,0021500351,2015-12-12,GSW @ MIL,L,18,2,6,0.333,1,3,0.333,1,2,0.5,0,2,2,0,0,1,1,2,6,-3,10.4,1,2015-16
22015,203110,Draymond Green,1610612744,GSW,Golden State Warriors,0021500351,2015-12-12,GSW @ MIL,L,36,9,14,0.643,1,2,0.5,5,6,0.833,3,8,11,5,1,1,6,4,24,-1,44.7,1,2015-16
22015,203949,James Michael McAdoo,1610612744,GSW,Golden State Warriors,0021500351,2015-12-12,GSW @ MIL,L,1,0,0,,0,0,,0,0,,0,0,0,0,0,0,0,0,0,0,0.0,1,2015-16
22015,2772,Trevor Ariza,1610612745,HOU,Houston Rockets,0021500349,2015-12-12,HOU vs. LAL,W,28,1,7,0.143,1,6,0.167,2,2,1.0,0,5,5,6,3,0,2,2,5,1,27.0,1,2015-16
22015,203093,Terrence Jones,1610612745,HOU,Houston Rockets,0021500349,2015-12-12,HOU vs. LAL,W,23,4,13,0.308,1,2,0.5,0,0,,3,6,9,1,0,3,1,1,9,15,29.3,1,2015-16
22015,203991,Clint Capela,1610612745,HOU,Houston Rockets,0021500349,2015-12-12,HOU vs. LAL,W,24,5,8,0.625,0,0,,1,4,0.25,4,6,10,1,2,1,2,3,11,10,31.5,1,2015-16
22015,200755,JJ Redick,1610612746,LAC,LA Clippers,0021500344,2015-12-12,LAC @ BKN,W,27,6,11,0.545,4,6,0.667,5,7,0.714,0,2,2,3,0,0,1,3,21,3,26.9,1,2015-16
22015,202362,Lance Stephenson,1610612746,LAC,LA Clippers,0021500344,2015-12-12,LAC @ BKN,W,12,0,2,0.0,0,1,0.0,0,0,,0,1,1,2,0,0,1,2,0,1,3.2,1,2015-16
22015,203085,Austin Rivers,1610612746,LAC,LA Clippers,0021500344,2015-12-12,LAC @ BKN,W,17,3,5,0.6,0,1,0.0,0,0,,0,3,3,1,2,0,0,3,6,4,17.1,1,2015-16
22015,1626204,Larry Nance Jr.,1610612747,LAL,Los Angeles Lakers,0021500349,2015-12-12,LAL @ HOU,L,25,3,9,0.333,0,0,,2,2,1.0,1,5,6,1,1,0,1,2,8,5,18.7,1,2015-16
22015,1626173,Rashad Vaughn,1610612749,MIL,Milwaukee Bucks,0021500351,2015-12-12,MIL vs. GSW,W,9,0,1,0.0,0,0,,0,0,,0,1,1,0,1,0,0,1,0,-4,4.2,1,2015-16
22015,203080,Thomas Robinson,1610612751,BKN,Brooklyn Nets,0021500344,2015-12-12,BKN vs. LAC,L,0,0,0,,0,0,,0,0,,0,0,0,0,0,0,0,0,0,0,0.0,1,2015-16
22015,2756,Sasha Vujacic,1610612752,NYK,New York Knicks,0021500352,2015-12-12,NYK @ POR,W,6,1,1,1.0,0,0,,0,0,,0,0,0,2,0,0,1,3,2,-2,4.0,1,2015-16
22015,101139,CJ Miles,1610612754,IND,Indiana Pacers,0021500346,2015-12-12,IND @ DET,L,24,3,7,0.429,1,2,0.5,0,0,,0,1,1,0,1,0,0,2,7,-25,11.2,1,2015-16
22015,202730,Lavoy Allen,1610612754,IND,Indiana Pacers,0021500346,2015-12-12,IND @ DET,L,22,2,5,0.4,0,0,,0,0,,2,1,3,0,3,0,0,1,4,3,16.6,1,2015-16
22015,201945,Gerald Henderson,1610612757,POR,Portland Trail Blazers,0021500352,2015-12-12,POR vs. NYK,L,7,2,3,0.667,1,1,1.0,2,4,0.5,0,1,1,1,0,0,0,1,7,-8,9.7,1,2015-16
22015,202329,Al-Farouq Aminu,1610612757,POR,Portland Trail Blazers,0021500352,2015-12-12,POR vs. NYK,L,32,5,13,0.385,1,5,0.2,0,0,,2,3,5,1,0,0,1,0,11,5,17.5,1,2015-16
22015,202334,Ed Davis,1610612757,POR,Portland Trail Blazers,0021500352,2015-12-12,POR vs. NYK,L,20,1,3,0.333,0,0,,0,0,,3,3,6,0,0,0,0,1,2,-12,9.2,1,2015-16
22015,203486,Mason Plumlee,1610612757,POR,Portland Trail Blazers,0021500352,2015-12-12,POR vs. NYK,L,28,4,6,0.667,0,0,,1,4,0.25,0,2,2,3,1,0,2,6,9,8,16.9,1,2015-16
22015,1495,Tim Duncan,1610612759,SAS,San Antonio Spurs,0021500347,2015-12-12,SAS @ ATL,W,31,2,6,0.333,0,0,,0,0,,0,10,10,4,1,0,4,2,4,28,21.0,1,2015-16
22015,202066,Garrett Temple,1610612764,WAS,Washington Wizards,0021500350,2015-12-12,WAS @ DAL,W,28,2,6,0.333,1,2,0.5,0,0,,0,2,2,4,2,1,2,3,5,16,20.4,1,2015-16
22015,2581,Steve Blake,1610612765,DET,Detroit Pistons,0021500346,2015-12-12,DET vs. IND,W,19,4,6,0.667,3,4,0.75,0,0,,0,2,2,4,0,0,2,2,11,4,17.4,1,2015-16
22015,201202,Joel Anthony,1610612765,DET,Detroit Pistons,0021500346,2015-12-12,DET vs. IND,W,3,0,0,,0,0,,0,0,,0,1,1,0,1,0,0,1,0,-3,4.2,1,2015-16
22015,203382,Aron Baynes,1610612765,DET,Detroit Pistons,0021500346,2015-12-12,DET vs. IND,W,16,1,2,0.5,0,0,,4,6,0.667,2,5,7,1,0,1,2,2,6,5,16.9,1,2015-16
22015,201168,Tiago Splitter,1610612737,ATL,Atlanta Hawks,0021500347,2015-12-12,ATL vs. SAS,L,14,2,3,0.667,0,0,,0,0,,1,3,4,0,3,0,3,0,4,-3,14.8,1,2015-16
22015,201973,Jonas Jerebko,1610612738,BOS,Boston Celtics,0021500345,2015-12-12,BOS @ CHA,W,5,0,1,0.0,0,0,,0,0,,1,0,1,0,0,0,1,2,0,-3,0.2,1,2015-16
22015,201565,Derrick Rose,1610612741,CHI,Chicago Bulls,0021500348,2015-12-12,CHI vs. NOP,W,29,4,10,0.4,0,0,,1,2,0.5,0,3,3,3,1,0,1,0,9,0,19.1,1,2015-16
22015,101106,Andrew Bogut,1610612744,GSW,Golden State Warriors,0021500351,2015-12-12,GSW @ MIL,L,22,1,3,0.333,0,0,,0,0,,0,7,7,3,0,5,0,1,2,-5,29.9,1,2015-16
22015,201939,Stephen Curry,1610612744,GSW,Golden State Warriors,0021500351,2015-12-12,GSW @ MIL,L,35,10,22,0.455,2,9,0.222,6,7,0.857,2,5,7,5,1,0,2,2,28,0,44.9,1,2015-16
22015,201601,Luc Mbah a Moute,1610612746,LAC,LA Clippers,0021500344,2015-12-12,LAC @ BKN,W,16,0,0,,0,0,,0,0,,1,1,2,0,0,0,0,1,0,4,2.4,1,2015-16
22015,101150,Lou Williams,1610612747,LAL,Los Angeles Lakers,0021500349,2015-12-12,LAL @ HOU,L,29,3,10,0.3,1,5,0.2,8,9,0.889,1,4,5,3,2,0,4,3,15,-19,27.5,1,2015-16
22015,203944,Julius Randle,1610612747,LAL,Los Angeles Lakers,0021500349,2015-12-12,LAL @ HOU,L,23,3,11,0.273,0,1,0.0,1,2,0.5,3,7,10,2,1,0,3,5,7,-34,22.0,1,2015-16
22015,203186,Willie Reed,1610612751,BKN,Brooklyn Nets,0021500344,2015-12-12,BKN vs. LAC,L,7,1,1,1.0,0,0,,0,0,,0,2,2,0,0,0,1,1,2,-5,3.4,1,2015-16
22015,2225,Tony Parker,1610612759,SAS,San Antonio Spurs,0021500347,2015-12-12,SAS @ ATL,W,24,4,7,0.571,0,0,,0,0,,1,2,3,4,1,1,1,3,8,23,22.6,1,2015-16
22015,2548,Dwyane Wade,1610612748,MIA,Miami Heat,0021500354,2015-12-13,MIA vs. MEM,W,30,7,16,0.438,0,0,,0,0,,1,3,4,2,0,0,2,3,14,-7,19.8,1,2015-16
22015,202355,Hassan Whiteside,1610612748,MIA,Miami Heat,0021500354,2015-12-13,MIA vs. MEM,W,28,4,5,0.8,0,0,,1,3,0.333,4,7,11,0,2,0,1,3,9,-18,27.2,1,2015-16
22015,201937,Ricky Rubio,1610612750,MIN,Minnesota Timberwolves,0021500353,2015-12-13,MIN @ PHX,L,23,0,4,0.0,0,1,0.0,1,2,0.5,1,1,2,7,3,0,4,1,1,-5,18.9,1,2015-16
22015,204014,Damjan Rudez,1610612750,MIN,Minnesota Timberwolves,0021500353,2015-12-13,MIN @ PHX,L,22,4,6,0.667,3,5,0.6,0,0,,0,0,0,1,0,0,3,2,11,3,9.5,1,2015-16
22015,203960,JaKarr Sampson,1610612755,PHI,Philadelphia 76ers,0021500355,2015-12-13,PHI @ TOR,L,6,0,2,0.0,0,0,,0,0,,0,0,0,0,0,0,1,1,0,-13,-1.0,1,2015-16
22015,1626158,Richaun Holmes,1610612755,PHI,Philadelphia 76ers,0021500355,2015-12-13,PHI @ TOR,L,6,1,2,0.5,0,0,,0,0,,0,0,0,0,0,0,0,1,2,-14,2.0,1,2015-16
22015,200782,P.J. Tucker,1610612756,PHX,Phoenix Suns,0021500353,2015-12-13,PHX vs. MIN,W,34,1,6,0.167,1,2,0.5,0,0,,3,4,7,0,2,0,0,5,3,14,17.4,1,2015-16
22015,202339,Eric Bledsoe,1610612756,PHX,Phoenix Suns,0021500353,2015-12-13,PHX vs. MIN,W,36,7,13,0.538,1,3,0.333,8,10,0.8,0,5,5,9,4,4,6,0,23,4,60.5,1,2015-16
22015,203933,T.J. Warren,1610612756,PHX,Phoenix Suns,0021500353,2015-12-13,PHX vs. MIN,W,14,3,10,0.3,0,1,0.0,1,2,0.5,3,2,5,0,1,0,0,2,7,-5,16.0,1,2015-16
22015,201627,Anthony Morrow,1610612760,OKC,Oklahoma City Thunder,0021500356,2015-12-13,OKC vs. UTA,W,13,1,3,0.333,1,2,0.5,2,2,1.0,0,2,2,0,1,1,0,0,5,-1,13.4,1,2015-16
22015,203079,Dion Waiters,1610612760,OKC,Oklahoma City Thunder,0021500356,2015-12-13,OKC vs. UTA,W,39,5,12,0.417,3,6,0.5,0,0,,2,1,3,4,0,0,1,1,13,-3,21.6,1,2015-16
22015,203460,Andre Roberson,1610612760,OKC,Oklahoma City Thunder,0021500356,2015-12-13,OKC vs. UTA,W,15,1,3,0.333,0,1,0.0,0,0,,0,1,1,2,2,0,1,4,2,5,11.2,1,2015-16
22015,203500,Steven Adams,1610612760,OKC,Oklahoma City Thunder,0021500356,2015-12-13,OKC vs. UTA,W,32,3,6,0.5,0,0,,3,3,1.0,1,6,7,0,0,2,1,3,9,17,22.4,1,2015-16
22015,203461,Anthony Bennett,1610612761,TOR,Toronto Raptors,0021500355,2015-12-13,TOR vs. PHI,W,2,1,1,1.0,1,1,1.0,0,0,,0,0,0,0,0,0,0,1,3,4,3.0,1,2015-16
22015,203512,Lucas Nogueira,1610612761,TOR,Toronto Raptors,0021500355,2015-12-13,TOR vs. PHI,W,15,1,4,0.25,0,0,,1,2,0.5,1,1,2,0,2,1,1,4,3,-8,13.4,1,2015-16
22015,202324,Derrick Favors,1610612762,UTA,Utah Jazz,0021500356,2015-12-13,UTA @ OKC,L,42,7,17,0.412,0,0,,0,0,,7,3,10,0,0,0,0,3,14,-18,26.0,1,2015-16
22015,204060,Joe Ingles,1610612762,UTA,Utah Jazz,0021500356,2015-12-13,UTA @ OKC,L,7,0,3,0.0,0,3,0.0,0,0,,0,0,0,1,0,0,0,1,0,-6,1.5,1,2015-16
22015,101123,Gerald Green,1610612748,MIA,Miami Heat,0021500354,2015-12-13,MIA vs. MEM,W,33,5,9,0.556,2,5,0.4,4,5,0.8,0,1,1,0,1,0,0,0,16,12,20.2,1,2015-16
22015,1626159,Justise Winslow,1610612748,MIA,Miami Heat,0021500354,2015-12-13,MIA vs. MEM,W,26,2,6,0.333,2,5,0.4,2,2,1.0,0,2,2,3,2,1,1,1,8,3,22.9,1,2015-16
22015,203952,Andrew Wiggins,1610612750,MIN,Minnesota Timberwolves,0021500353,2015-12-13,MIN @ PHX,L,27,4,8,0.5,0,1,0.0,5,7,0.714,0,2,2,1,0,0,3,2,13,-17,13.9,1,2015-16
22015,1626157,Karl-Anthony Towns,1610612750,MIN,Minnesota Timberwolves,0021500353,2015-12-13,MIN @ PHX,L,18,4,8,0.5,0,0,,0,0,,2,4,6,2,0,1,1,3,8,-6,20.2,1,2015-16
22015,203477,Isaiah Canaan,1610612755,PHI,Philadelphia 76ers,0021500355,2015-12-13,PHI @ TOR,L,36,3,9,0.333,3,8,0.375,1,1,1.0,0,1,1,3,0,0,2,2,10,-9,13.7,1,2015-16
22015,203917,Nik Stauskas,1610612755,PHI,Philadelphia 76ers,0021500355,2015-12-13,PHI @ TOR,L,35,3,8,0.375,2,5,0.4,1,2,0.5,0,5,5,1,0,3,3,2,9,-26,22.5,1,2015-16
22015,1626143,Jahlil Okafor,1610612755,PHI,Philadelphia 76ers,0021500355,2015-12-13,PHI @ TOR,L,35,10,25,0.4,0,0,,3,3,1.0,5,9,14,1,0,1,1,2,23,-12,43.3,1,2015-16
22015,101179,Ronnie Price,1610612756,PHX,Phoenix Suns,0021500353,2015-12-13,PHX vs. MIN,W,11,2,5,0.4,1,4,0.25,0,0,,0,1,1,3,2,0,0,3,5,5,16.7,1,2015-16
22015,203458,Alex Len,1610612756,PHX,Phoenix Suns,0021500353,2015-12-13,PHX vs. MIN,W,25,5,10,0.5,0,1,0.0,8,8,1.0,2,5,7,3,0,1,0,4,18,-3,33.9,1,2015-16
22015,1626164,Devin Booker,1610612756,PHX,Phoenix Suns,0021500353,2015-12-13,PHX vs. MIN,W,14,1,5,0.2,0,1,0.0,2,2,1.0,1,0,1,1,0,0,1,3,4,1,5.7,1,2015-16
22015,201571,D.J. Augustin,1610612760,OKC,Oklahoma City Thunder,0021500356,2015-12-13,OKC vs. UTA,W,13,0,0,,0,0,,0,0,,0,0,0,0,0,0,0,1,0,-13,0.0,1,2015-16
22015,200768,Kyle Lowry,1610612761,TOR,Toronto Raptors,0021500355,2015-12-13,TOR vs. PHI,W,35,5,15,0.333,3,8,0.375,3,4,0.75,0,5,5,3,1,3,2,1,16,15,36.5,1,2015-16
22015,203082,Terrence Ross,1610612761,TOR,Toronto Raptors,0021500355,2015-12-13,TOR vs. PHI,W,29,0,6,0.0,0,2,0.0,0,0,,0,3,3,1,1,1,0,0,0,-4,11.1,1,2015-16
22015,202344,Trevor Booker,1610612762,UTA,Utah Jazz,0021500356,2015-12-13,UTA @ OKC,L,30,2,3,0.667,0,0,,0,2,0.0,2,3,5,1,1,0,1,4,4,0,13.5,1,2015-16
22015,202407,Elijah Millsap,1610612762,UTA,Utah Jazz,0021500356,2015-12-13,UTA @ OKC,L,23,1,6,0.167,0,3,0.0,0,0,,2,3,5,4,1,0,1,2,2,15,16.0,1,2015-16
22015,1626168,Trey Lyles,1610612762,UTA,Utah Jazz,0021500356,2015-12-13,UTA @ OKC,L,20,0,2,0.0,0,0,,0,0,,2,5,7,1,0,1,1,4,0,-10,11.9,1,2015-16
22015,201584,Courtney Lee,1610612763,MEM,Memphis Grizzlies,0021500354,2015-12-13,MEM @ MIA,L,38,4,8,0.5,1,2,0.5,0,0,,0,1,1,2,4,0,0,4,9,7,25.2,1,2015-16
22015,2757,Beno Udrih,1610612748,MIA,Miami Heat,0021500354,2015-12-13,MIA vs. MEM,W,11,2,6,0.333,0,1,0.0,2,2,1.0,0,3,3,1,1,0,0,2,6,3,14.1,1,2015-16
22015,203138,Hollis Thompson,1610612755,PHI,Philadelphia 76ers,0021500355,2015-12-13,PHI @ TOR,L,15,1,4,0.25,0,1,0.0,0,0,,1,2,3,0,0,1,3,0,2,-11,5.6,1,2015-16
22015,203496,Robert Covington,1610612755,PHI,Philadelphia 76ers,0021500355,2015-12-13,PHI @ TOR,L,32,5,14,0.357,5,12,0.417,0,0,,0,9,9,0,0,3,2,5,15,-2,32.8,1,2015-16
22015,201142,Kevin Durant,1610612760,OKC,Oklahoma City Thunder,0021500356,2015-12-13,OKC vs. UTA,W,43,10,17,0.588,2,6,0.333,9,10,0.9,0,5,5,6,1,1,4,3,31,9,48.0,1,2015-16
22015,202335,Patrick Patterson,1610612761,TOR,Toronto Raptors,0021500355,2015-12-13,TOR vs. PHI,W,26,1,3,0.333,0,2,0.0,0,0,,0,1,1,1,1,1,0,1,2,12,10.7,1,2015-16
22015,202330,Gordon Hayward,1610612762,UTA,Utah Jazz,0021500356,2015-12-13,UTA @ OKC,L,41,8,18,0.444,1,3,0.333,5,7,0.714,0,4,4,1,1,1,4,3,22,-9,30.3,1,2015-16
22015,2617,Udonis Haslem,1610612748,MIA,Miami Heat,0021500354,2015-12-13,MIA vs. MEM,W,7,1,1,1.0,0,0,,0,0,,0,0,0,1,0,0,0,2,2,6,3.5,1,2015-16
22015,201609,Goran Dragic,1610612748,MIA,Miami Heat,0021500354,2015-12-13,MIA vs. MEM,W,35,3,14,0.214,0,5,0.0,2,3,0.667,1,2,3,8,1,0,5,2,8,-1,21.6,1,2015-16
22015,1889,Andre Miller,1610612750,MIN,Minnesota Timberwolves,0021500353,2015-12-13,MIN @ PHX,L,13,0,0,,0,0,,0,0,,1,2,3,5,0,0,1,1,0,12,10.1,1,2015-16
22015,2755,Kevin Martin,1610612750,MIN,Minnesota Timberwolves,0021500353,2015-12-13,MIN @ PHX,L,25,5,12,0.417,2,5,0.4,7,9,0.778,1,2,3,1,1,0,1,1,19,-5,26.1,1,2015-16
22015,202357,Nemanja Bjelica,1610612750,MIN,Minnesota Timberwolves,0021500353,2015-12-13,MIN @ PHX,L,15,0,5,0.0,0,3,0.0,0,0,,2,4,6,0,0,1,2,3,0,-12,8.2,1,2015-16
22015,203498,Shabazz Muhammad,1610612750,MIN,Minnesota Timberwolves,0021500353,2015-12-13,MIN @ PHX,L,22,2,2,1.0,0,0,,5,6,0.833,0,5,5,0,1,0,2,3,9,2,16.0,1,2015-16
22015,203457,Nerlens Noel,1610612755,PHI,Philadelphia 76ers,0021500355,2015-12-13,PHI @ TOR,L,18,1,3,0.333,0,0,,0,2,0.0,2,3,5,4,0,1,2,3,2,3,15.0,1,2015-16
22015,204456,T.J. McConnell,1610612755,PHI,Philadelphia 76ers,0021500355,2015-12-13,PHI @ TOR,L,12,1,5,0.2,0,1,0.0,0,0,,2,3,5,3,0,0,2,2,2,-9,10.5,1,2015-16
22015,201586,Serge Ibaka,1610612760,OKC,Oklahoma City Thunder,0021500356,2015-12-13,OKC vs. UTA,W,40,2,5,0.4,1,2,0.5,2,2,1.0,2,5,7,1,1,6,1,1,7,16,36.9,1,2015-16
22015,201949,James Johnson,1610612761,TOR,Toronto Raptors,0021500355,2015-12-13,TOR vs. PHI,W,15,3,6,0.5,1,2,0.5,2,4,0.5,2,2,4,2,0,1,1,2,9,-6,18.8,1,2015-16
22015,202687,Bismack Biyombo,1610612761,TOR,Toronto Raptors,0021500355,2015-12-13,TOR vs. PHI,W,27,2,3,0.667,0,0,,2,4,0.5,2,7,9,0,1,1,1,3,6,16,21.8,1,2015-16
22015,202692,Alec Burks,1610612762,UTA,Utah Jazz,0021500356,2015-12-13,UTA @ OKC,L,37,8,22,0.364,2,3,0.667,3,6,0.5,1,4,5,3,1,0,1,2,21,-16,33.5,1,2015-16
22015,2216,Zach Randolph,1610612763,MEM,Memphis Grizzlies,0021500354,2015-12-13,MEM @ MIA,L,26,6,9,0.667,0,0,,0,1,0.0,0,6,6,4,0,0,0,1,12,-5,25.2,1,2015-16
22015,2440,Matt Barnes,1610612763,MEM,Memphis Grizzlies,0021500354,2015-12-13,MEM @ MIA,L,37,5,9,0.556,3,7,0.429,0,0,,1,12,13,4,2,1,3,3,13,-10,40.6,1,2015-16
22015,201144,Mike Conley,1610612763,MEM,Memphis Grizzlies,0021500354,2015-12-13,MEM @ MIA,L,26,4,11,0.364,1,3,0.333,0,0,,0,1,1,4,4,1,2,4,9,3,29.2,1,2015-16
22015,201145,Jeff Green,1610612763,MEM,Memphis Grizzlies,0021500354,2015-12-13,MEM @ MIA,L,45,10,20,0.5,2,6,0.333,4,4,1.0,0,2,2,3,0,1,4,3,26,-3,31.9,1,2015-16
22015,201188,Marc Gasol,1610612763,MEM,Memphis Grizzlies,0021500354,2015-12-13,MEM @ MIA,L,37,5,10,0.5,0,0,,2,4,0.5,2,5,7,4,0,0,2,1,12,9,24.4,1,2015-16
22015,203210,JaMychal Green,1610612763,MEM,Memphis Grizzlies,0021500354,2015-12-13,MEM @ MIA,L,9,2,3,0.667,0,0,,0,0,,2,1,3,0,0,0,0,1,4,-10,7.6,1,2015-16
22015,2547,Chris Bosh,1610612748,MIA,Miami Heat,0021500354,2015-12-13,MIA vs. MEM,W,35,7,10,0.7,2,3,0.667,6,6,1.0,0,4,4,2,1,0,1,0,22,18,31.8,1,2015-16
22015,2419,Tayshaun Prince,1610612750,MIN,Minnesota Timberwolves,0021500353,2015-12-13,MIN @ PHX,L,8,0,0,,0,0,,0,0,,0,1,1,0,0,0,0,0,0,-6,1.2,1,2015-16
22015,203476,Gorgui Dieng,1610612750,MIN,Minnesota Timberwolves,0021500353,2015-12-13,MIN @ PHX,L,29,4,7,0.571,0,0,,2,3,0.667,0,5,5,1,0,2,5,5,10,-1,18.5,1,2015-16
22015,203897,Zach LaVine,1610612750,MIN,Minnesota Timberwolves,0021500353,2015-12-13,MIN @ PHX,L,26,10,19,0.526,3,4,0.75,5,5,1.0,0,2,2,2,1,0,2,4,28,-2,34.4,1,2015-16
22015,203088,Kendall Marshall,1610612755,PHI,Philadelphia 76ers,0021500355,2015-12-13,PHI @ TOR,L,20,1,3,0.333,0,1,0.0,0,0,,1,2,3,5,1,0,3,0,2,-1,13.1,1,2015-16
22015,203924,Jerami Grant,1610612755,PHI,Philadelphia 76ers,0021500355,2015-12-13,PHI @ TOR,L,25,2,9,0.222,0,0,,5,6,0.833,4,3,7,1,0,0,3,2,9,-6,15.9,1,2015-16
22015,2199,Tyson Chandler,1610612756,PHX,Phoenix Suns,0021500353,2015-12-13,PHX vs. MIN,W,23,1,3,0.333,0,0,,1,1,1.0,2,2,4,2,1,1,0,2,3,10,16.8,1,2015-16
22015,202720,Jon Leuer,1610612756,PHX,Phoenix Suns,0021500353,2015-12-13,PHX vs. MIN,W,28,6,9,0.667,0,2,0.0,0,0,,0,3,3,4,2,0,1,3,12,5,26.6,1,2015-16
22015,203141,Mirza Teletovic,1610612756,PHX,Phoenix Suns,0021500353,2015-12-13,PHX vs. MIN,W,20,4,7,0.571,0,2,0.0,0,1,0.0,0,2,2,0,0,0,1,1,8,2,9.4,1,2015-16
22015,2555,Nick Collison,1610612760,OKC,Oklahoma City Thunder,0021500356,2015-12-13,OKC vs. UTA,W,13,0,2,0.0,0,0,,2,2,1.0,0,0,0,0,0,0,0,2,2,-10,2.0,1,2015-16
22015,201566,Russell Westbrook,1610612760,OKC,Oklahoma City Thunder,0021500356,2015-12-13,OKC vs. UTA,W,40,9,25,0.36,0,4,0.0,7,9,0.778,2,9,11,5,2,2,1,2,25,19,56.7,1,2015-16
22015,202683,Enes Freedom,1610612760,OKC,Oklahoma City Thunder,0021500356,2015-12-13,OKC vs. UTA,W,16,4,6,0.667,0,0,,2,2,1.0,1,5,6,0,0,1,1,1,10,-9,19.2,1,2015-16
22015,2449,Luis Scola,1610612761,TOR,Toronto Raptors,0021500355,2015-12-13,TOR vs. PHI,W,27,10,14,0.714,2,4,0.5,0,0,,1,4,5,0,2,0,2,3,22,16,32.0,1,2015-16
22015,201942,DeMar DeRozan,1610612761,TOR,Toronto Raptors,0021500355,2015-12-13,TOR vs. PHI,W,34,6,14,0.429,0,1,0.0,13,14,0.929,1,7,8,2,1,0,1,0,25,30,39.6,1,2015-16
22015,1626181,Norman Powell,1610612761,TOR,Toronto Raptors,0021500355,2015-12-13,TOR vs. PHI,W,2,1,1,1.0,0,0,,0,0,,0,0,0,1,2,0,0,0,2,4,9.5,1,2015-16
22015,203504,Trey Burke,1610612762,UTA,Utah Jazz,0021500356,2015-12-13,UTA @ OKC,L,17,4,5,0.8,1,1,1.0,1,1,1.0,0,1,1,2,1,0,0,1,10,6,17.2,1,2015-16
22015,203918,Rodney Hood,1610612762,UTA,Utah Jazz,0021500356,2015-12-13,UTA @ OKC,L,38,8,17,0.471,4,9,0.444,3,4,0.75,1,2,3,1,1,0,3,1,23,-4,28.1,1,2015-16
22015,201596,Mario Chalmers,1610612763,MEM,Memphis Grizzlies,0021500354,2015-12-13,MEM @ MIA,L,22,4,7,0.571,0,1,0.0,4,5,0.8,0,0,0,2,0,0,2,4,12,-6,13.0,1,2015-16
22015,2736,Luol Deng,1610612748,MIA,Miami Heat,0021500354,2015-12-13,MIA vs. MEM,W,36,6,10,0.6,1,3,0.333,2,2,1.0,1,6,7,1,1,0,0,2,15,-1,27.9,1,2015-16
22015,708,Kevin Garnett,1610612750,MIN,Minnesota Timberwolves,0021500353,2015-12-13,MIN @ PHX,L,11,0,2,0.0,0,0,,2,2,1.0,2,1,3,2,1,0,0,1,2,2,11.6,1,2015-16
22015,203940,Adreian Payne,1610612750,MIN,Minnesota Timberwolves,0021500353,2015-12-13,MIN @ PHX,L,1,0,0,,0,0,,0,0,,0,0,0,0,0,0,0,0,0,0,0.0,1,2015-16
22015,202688,Brandon Knight,1610612756,PHX,Phoenix Suns,0021500353,2015-12-13,PHX vs. MIN,W,35,9,19,0.474,7,14,0.5,0,0,,1,2,3,6,4,2,5,3,25,2,50.6,1,2015-16
22015,202709,Cory Joseph,1610612761,TOR,Toronto Raptors,0021500355,2015-12-13,TOR vs. PHI,W,30,2,11,0.182,0,2,0.0,4,6,0.667,1,3,4,4,0,1,0,0,8,21,21.8,1,2015-16
22015,203481,Jeff Withey,1610612762,UTA,Utah Jazz,0021500356,2015-12-13,UTA @ OKC,L,10,1,1,1.0,0,0,,0,0,,1,3,4,0,0,0,0,3,2,12,6.8,1,2015-16
22015,203471,Dennis Schröder,1610612737,ATL,Atlanta Hawks,0021500360,2015-12-14,ATL vs. MIA,L,26,4,10,0.4,2,5,0.4,3,4,0.75,1,3,4,7,4,0,2,3,13,0,38.3,1,2015-16
22015,201582,Alexis Ajinca,1610612740,NOP,New Orleans Pelicans,0021500366,2015-12-14,NOP @ POR,L,11,1,3,0.333,0,0,,0,0,,0,0,0,0,0,0,1,3,2,-7,1.0,1,2015-16
22015,101109,Raymond Felton,1610612742,DAL,Dallas Mavericks,0021500363,2015-12-14,DAL vs. PHX,W,34,6,11,0.545,3,7,0.429,2,2,1.0,0,4,4,4,2,0,2,3,17,-5,31.8,1,2015-16
22015,101114,Deron Williams,1610612742,DAL,Dallas Mavericks,0021500363,2015-12-14,DAL vs. PHX,W,35,8,16,0.5,2,6,0.333,0,0,,0,4,4,3,1,0,5,2,18,15,25.3,1,2015-16
22015,2749,Jameer Nelson,1610612743,DEN,Denver Nuggets,0021500365,2015-12-14,DEN vs. HOU,W,37,4,13,0.308,2,6,0.333,0,0,,2,3,5,7,0,0,4,3,10,9,22.5,1,2015-16
22015,201935,James Harden,1610612745,HOU,Houston Rockets,0021500365,2015-12-14,HOU @ DEN,L,34,9,20,0.45,5,8,0.625,1,3,0.333,1,2,3,6,3,0,2,1,24,9,43.6,1,2015-16
22015,201933,Blake Griffin,1610612746,LAC,LA Clippers,0021500359,2015-12-14,LAC @ DET,W,43,15,30,0.5,0,0,,4,6,0.667,0,5,5,7,0,0,2,2,34,11,48.5,1,2015-16
22015,2736,Luol Deng,1610612748,MIA,Miami Heat,0021500360,2015-12-14,MIA @ ATL,W,36,7,12,0.583,1,2,0.5,3,3,1.0,1,8,9,4,2,0,1,2,18,9,39.8,1,2015-16
22015,2757,Beno Udrih,1610612748,MIA,Miami Heat,0021500360,2015-12-14,MIA @ ATL,W,19,3,5,0.6,1,1,1.0,2,2,1.0,1,1,2,1,0,0,2,2,9,-2,10.9,1,2015-16
22015,1626159,Justise Winslow,1610612748,MIA,Miami Heat,0021500360,2015-12-14,MIA @ ATL,W,13,0,2,0.0,0,2,0.0,0,0,,0,3,3,1,0,0,3,2,0,4,2.1,1,2015-16
22015,200745,Andrea Bargnani,1610612751,BKN,Brooklyn Nets,0021500358,2015-12-14,BKN vs. ORL,L,20,5,8,0.625,0,0,,2,3,0.667,0,3,3,0,0,0,2,1,12,-12,13.6,1,2015-16
22015,201152,Thaddeus Young,1610612751,BKN,Brooklyn Nets,0021500358,2015-12-14,BKN vs. ORL,L,34,5,11,0.455,0,1,0.0,0,0,,2,9,11,2,1,0,1,3,10,-21,28.2,1,2015-16
22015,203080,Thomas Robinson,1610612751,BKN,Brooklyn Nets,0021500358,2015-12-14,BKN vs. ORL,L,4,0,2,0.0,0,0,,0,0,,0,2,2,0,1,0,0,0,0,0,5.4,1,2015-16
22015,101133,Ian Mahinmi,1610612754,IND,Indiana Pacers,0021500357,2015-12-14,IND vs. TOR,W,14,1,5,0.2,0,0,,0,0,,0,2,2,0,0,0,0,4,2,-7,4.4,1,2015-16
22015,101145,Monta Ellis,1610612754,IND,Indiana Pacers,0021500357,2015-12-14,IND vs. TOR,W,30,7,15,0.467,1,4,0.25,3,3,1.0,0,2,2,1,3,0,3,1,18,-3,27.9,1,2015-16
22015,201941,Jordan Hill,1610612754,IND,Indiana Pacers,0021500357,2015-12-14,IND vs. TOR,W,31,8,16,0.5,0,0,,4,5,0.8,4,9,13,1,1,0,2,4,20,27,38.1,1,2015-16
22015,202730,Lavoy Allen,1610612754,IND,Indiana Pacers,0021500357,2015-12-14,IND vs. TOR,W,30,3,6,0.5,0,0,,2,2,1.0,5,5,10,4,0,0,2,0,8,37,24.0,1,2015-16
22015,203477,Isaiah Canaan,1610612755,PHI,Philadelphia 76ers,0021500361,2015-12-14,PHI @ CHI,L,30,1,5,0.2,1,3,0.333,1,1,1.0,0,1,1,3,0,0,1,2,4,2,8.7,1,2015-16
22015,203496,Robert Covington,1610612755,PHI,Philadelphia 76ers,0021500361,2015-12-14,PHI @ CHI,L,26,6,16,0.375,3,11,0.273,0,0,,2,4,6,1,0,2,2,0,15,-26,27.7,1,2015-16
22015,203924,Jerami Grant,1610612755,PHI,Philadelphia 76ers,0021500361,2015-12-14,PHI @ CHI,L,28,2,8,0.25,0,0,,2,4,0.5,2,4,6,3,1,5,1,1,6,-28,34.7,1,2015-16
22015,101179,Ronnie Price,1610612756,PHX,Phoenix Suns,0021500363,2015-12-14,PHX @ DAL,L,17,2,4,0.5,1,1,1.0,0,0,,0,1,1,0,0,0,0,2,5,-20,6.2,1,2015-16
22015,202688,Brandon Knight,1610612756,PHX,Phoenix Suns,0021500363,2015-12-14,PHX @ DAL,L,31,5,11,0.455,2,4,0.5,0,0,,1,3,4,3,1,0,2,1,12,-19,22.3,1,2015-16
22015,203141,Mirza Teletovic,1610612756,PHX,Phoenix Suns,0021500363,2015-12-14,PHX @ DAL,L,15,0,5,0.0,0,3,0.0,0,0,,0,4,4,0,0,0,1,1,0,-22,3.8,1,2015-16
22015,203933,T.J. Warren,1610612756,PHX,Phoenix Suns,0021500363,2015-12-14,PHX @ DAL,L,19,3,5,0.6,0,0,,4,5,0.8,1,1,2,0,1,1,0,2,10,8,18.4,1,2015-16
22015,203486,Mason Plumlee,1610612757,POR,Portland Trail Blazers,0021500366,2015-12-14,POR vs. NOP,W,30,5,10,0.5,0,0,,5,6,0.833,5,8,13,6,0,2,4,4,15,2,41.6,1,2015-16
22015,1938,Manu Ginobili,1610612759,SAS,San Antonio Spurs,0021500364,2015-12-14,SAS vs. UTA,W,12,1,4,0.25,0,2,0.0,2,2,1.0,1,0,1,2,0,0,2,2,4,-2,6.2,1,2015-16
22015,201980,Danny Green,1610612759,SAS,San Antonio Spurs,0021500364,2015-12-14,SAS vs. UTA,W,20,2,5,0.4,0,3,0.0,0,0,,1,6,7,5,0,0,0,2,4,42,19.9,1,2015-16
22015,200768,Kyle Lowry,1610612761,TOR,Toronto Raptors,0021500357,2015-12-14,TOR @ IND,L,34,7,14,0.5,2,5,0.4,4,4,1.0,0,2,2,4,1,0,5,5,20,-11,26.4,1,2015-16
22015,202709,Cory Joseph,1610612761,TOR,Toronto Raptors,0021500357,2015-12-14,TOR @ IND,L,28,0,6,0.0,0,1,0.0,3,4,0.75,2,1,3,0,0,0,3,3,3,-10,3.6,1,2015-16
22015,203082,Terrence Ross,1610612761,TOR,Toronto Raptors,0021500357,2015-12-14,TOR @ IND,L,31,4,11,0.364,2,6,0.333,0,0,,1,3,4,1,1,1,0,0,10,-6,22.3,1,2015-16
22015,203461,Anthony Bennett,1610612761,TOR,Toronto Raptors,0021500357,2015-12-14,TOR @ IND,L,3,1,4,0.25,0,2,0.0,0,0,,2,1,3,0,0,0,0,0,2,9,5.6,1,2015-16
22015,202330,Gordon Hayward,1610612762,UTA,Utah Jazz,0021500364,2015-12-14,UTA @ SAS,L,22,1,5,0.2,0,0,,2,2,1.0,0,0,0,2,1,0,0,4,4,-42,10.0,1,2015-16
22015,203526,Raul Neto,1610612762,UTA,Utah Jazz,0021500364,2015-12-14,UTA @ SAS,L,21,5,7,0.714,2,2,1.0,0,0,,0,3,3,1,1,0,2,1,12,-14,18.1,1,2015-16
22015,203918,Rodney Hood,1610612762,UTA,Utah Jazz,0021500364,2015-12-14,UTA @ SAS,L,23,2,8,0.25,0,2,0.0,0,0,,0,2,2,2,0,0,2,1,4,-34,7.4,1,2015-16
22015,1626168,Trey Lyles,1610612762,UTA,Utah Jazz,0021500364,2015-12-14,UTA @ SAS,L,19,1,3,0.333,0,0,,0,0,,0,2,2,0,0,0,0,3,2,-28,4.4,1,2015-16
22015,201596,Mario Chalmers,1610612763,MEM,Memphis Grizzlies,0021500362,2015-12-14,MEM vs. WAS,W,19,5,6,0.833,1,1,1.0,1,1,1.0,0,1,1,1,1,0,1,2,12,4,16.7,1,2015-16
22015,203210,JaMychal Green,1610612763,MEM,Memphis Grizzlies,0021500362,2015-12-14,MEM vs. WAS,W,11,0,2,0.0,0,0,,0,0,,0,3,3,0,0,0,2,0,0,-7,1.6,1,2015-16
22015,2743,Kris Humphries,1610612764,WAS,Washington Wizards,0021500362,2015-12-14,WAS @ MEM,L,18,2,7,0.286,0,2,0.0,1,2,0.5,3,2,5,2,0,1,0,2,5,2,17.0,1,2015-16
22015,101141,Ersan Ilyasova,1610612765,DET,Detroit Pistons,0021500359,2015-12-14,DET vs. LAC,L,20,3,8,0.375,0,2,0.0,0,0,,2,1,3,1,1,0,0,1,6,-12,14.1,1,2015-16
22015,203083,Andre Drummond,1610612765,DET,Detroit Pistons,0021500359,2015-12-14,DET vs. LAC,L,40,8,17,0.471,0,0,,4,8,0.5,4,11,15,1,3,0,5,3,20,-9,43.5,1,2015-16
22015,203484,Kentavious Caldwell-Pope,1610612765,DET,Detroit Pistons,0021500359,2015-12-14,DET vs. LAC,L,45,6,17,0.353,2,8,0.25,5,7,0.714,0,3,3,2,1,0,1,5,19,3,27.6,1,2015-16
22015,1626169,Stanley Johnson,1610612765,DET,Detroit Pistons,0021500359,2015-12-14,DET vs. LAC,L,19,0,5,0.0,0,0,,0,0,,0,4,4,1,0,0,1,0,0,3,5.3,1,2015-16
22015,203145,Kent Bazemore,1610612737,ATL,Atlanta Hawks,0021500360,2015-12-14,ATL vs. MIA,L,40,11,18,0.611,3,7,0.429,3,3,1.0,1,4,5,2,1,1,2,4,28,-12,41.0,1,2015-16
22015,201583,Ryan Anderson,1610612740,NOP,New Orleans Pelicans,0021500366,2015-12-14,NOP @ POR,L,31,5,16,0.313,2,7,0.286,4,4,1.0,0,4,4,0,1,0,0,1,16,-5,23.8,1,2015-16
22015,202087,Alonzo Gee,1610612740,NOP,New Orleans Pelicans,0021500366,2015-12-14,NOP @ POR,L,10,0,0,,0,0,,0,0,,0,0,0,1,0,0,0,2,0,-15,1.5,1,2015-16
22015,202708,Norris Cole,1610612740,NOP,New Orleans Pelicans,0021500366,2015-12-14,NOP @ POR,L,15,2,6,0.333,2,3,0.667,0,0,,0,2,2,2,0,0,0,1,6,-4,11.4,1,2015-16
22015,201149,Joakim Noah,1610612741,CHI,Chicago Bulls,0021500361,2015-12-14,CHI vs. PHI,W,22,2,7,0.286,0,1,0.0,1,2,0.5,3,12,15,8,1,2,1,3,5,14,43.0,1,2015-16
22015,202710,Jimmy Butler III,1610612741,CHI,Chicago Bulls,0021500361,2015-12-14,CHI vs. PHI,W,29,8,14,0.571,0,1,0.0,7,7,1.0,0,3,3,3,2,1,0,0,23,18,40.1,1,2015-16
22015,200826,J.J. Barea,1610612742,DAL,Dallas Mavericks,0021500363,2015-12-14,DAL vs. PHX,W,14,0,4,0.0,0,1,0.0,1,2,0.5,0,0,0,1,0,0,0,0,1,-3,2.5,1,2015-16
22015,201568,Danilo Gallinari,1610612743,DEN,Denver Nuggets,0021500365,2015-12-14,DEN vs. HOU,W,32,4,8,0.5,1,3,0.333,6,7,0.857,0,5,5,7,2,0,2,0,15,3,35.5,1,2015-16
22015,203123,Kostas Papanikolaou,1610612743,DEN,Denver Nuggets,0021500365,2015-12-14,DEN vs. HOU,W,14,2,4,0.5,1,2,0.5,0,0,,1,0,1,0,1,1,2,3,5,-1,10.2,1,2015-16
22015,1891,Jason Terry,1610612745,HOU,Houston Rockets,0021500365,2015-12-14,HOU @ DEN,L,13,1,3,0.333,0,2,0.0,0,0,,0,3,3,0,1,0,0,1,2,4,8.6,1,2015-16
22015,2730,Dwight Howard,1610612745,HOU,Houston Rockets,0021500365,2015-12-14,HOU @ DEN,L,33,6,10,0.6,0,1,0.0,1,2,0.5,1,7,8,0,4,1,4,4,13,14,33.6,1,2015-16
22015,1718,Paul Pierce,1610612746,LAC,LA Clippers,0021500359,2015-12-14,LAC @ DET,W,11,0,2,0.0,0,1,0.0,2,2,1.0,0,1,1,0,1,0,0,2,2,-4,6.2,1,2015-16
22015,101108,Chris Paul,1610612746,LAC,LA Clippers,0021500359,2015-12-14,LAC @ DET,W,38,6,16,0.375,0,2,0.0,1,1,1.0,1,4,5,12,2,0,3,5,13,12,40.0,1,2015-16
22015,201601,Luc Mbah a Moute,1610612746,LAC,LA Clippers,0021500359,2015-12-14,LAC @ DET,W,18,1,2,0.5,0,0,,0,0,,1,3,4,0,1,0,0,0,2,5,9.8,1,2015-16
22015,203085,Austin Rivers,1610612746,LAC,LA Clippers,0021500359,2015-12-14,LAC @ DET,W,15,1,5,0.2,0,2,0.0,0,0,,0,0,0,0,0,1,0,2,2,-10,5.0,1,2015-16
22015,101127,Jarrett Jack,1610612751,BKN,Brooklyn Nets,0021500358,2015-12-14,BKN vs. ORL,L,26,5,9,0.556,1,3,0.333,4,5,0.8,0,5,5,7,0,0,3,1,15,-14,28.5,1,2015-16
22015,201572,Brook Lopez,1610612751,BKN,Brooklyn Nets,0021500358,2015-12-14,BKN vs. ORL,L,32,4,15,0.267,0,0,,3,4,0.75,2,4,6,0,0,0,1,2,11,-12,17.2,1,2015-16
22015,202696,Nikola Vučević,1610612753,ORL,Orlando Magic,0021500358,2015-12-14,ORL @ BKN,W,28,8,13,0.615,0,0,,2,2,1.0,2,4,6,4,0,1,1,3,18,14,33.2,1,2015-16
22015,202331,Paul George,1610612754,IND,Indiana Pacers,0021500357,2015-12-14,IND vs. TOR,W,24,5,13,0.385,4,8,0.5,2,2,1.0,0,3,3,3,1,0,4,5,16,8,23.1,1,2015-16
22015,203917,Nik Stauskas,1610612755,PHI,Philadelphia 76ers,0021500361,2015-12-14,PHI @ CHI,L,20,2,5,0.4,1,4,0.25,0,0,,0,1,1,1,1,0,2,4,5,-31,8.7,1,2015-16
22015,204456,T.J. McConnell,1610612755,PHI,Philadelphia 76ers,0021500361,2015-12-14,PHI @ CHI,L,22,3,11,0.273,1,2,0.5,0,0,,1,5,6,3,1,0,1,1,7,3,20.7,1,2015-16
22015,1626143,Jahlil Okafor,1610612755,PHI,Philadelphia 76ers,0021500361,2015-12-14,PHI @ CHI,L,34,9,17,0.529,0,1,0.0,4,4,1.0,3,5,8,1,1,1,2,2,22,-11,37.1,1,2015-16
22015,1626158,Richaun Holmes,1610612755,PHI,Philadelphia 76ers,0021500361,2015-12-14,PHI @ CHI,L,14,2,3,0.667,0,0,,0,0,,1,0,1,3,0,0,0,4,4,-3,9.7,1,2015-16
22015,202720,Jon Leuer,1610612756,PHX,Phoenix Suns,0021500363,2015-12-14,PHX @ DAL,L,33,5,11,0.455,1,3,0.333,4,4,1.0,4,9,13,3,1,0,2,4,15,12,36.1,1,2015-16
22015,203458,Alex Len,1610612756,PHX,Phoenix Suns,0021500363,2015-12-14,PHX @ DAL,L,21,1,7,0.143,0,0,,0,0,,1,3,4,0,1,1,3,3,2,0,9.8,1,2015-16
22015,1626164,Devin Booker,1610612756,PHX,Phoenix Suns,0021500363,2015-12-14,PHX @ DAL,L,5,0,1,0.0,0,0,,0,0,,0,1,1,1,0,0,1,0,0,0,1.7,1,2015-16
22015,202334,Ed Davis,1610612757,POR,Portland Trail Blazers,0021500366,2015-12-14,POR vs. NOP,W,19,2,2,1.0,0,0,,0,2,0.0,0,6,6,0,2,0,0,2,4,5,17.2,1,2015-16
22015,203086,Meyers Leonard,1610612757,POR,Portland Trail Blazers,0021500366,2015-12-14,POR vs. NOP,W,17,1,5,0.2,0,3,0.0,0,1,0.0,1,3,4,4,0,0,2,1,2,0,10.8,1,2015-16
22015,203090,Maurice Harkless,1610612757,POR,Portland Trail Blazers,0021500366,2015-12-14,POR vs. NOP,W,7,0,1,0.0,0,0,,0,0,,0,1,1,1,0,0,1,1,0,3,1.7,1,2015-16
22015,203459,Allen Crabbe,1610612757,POR,Portland Trail Blazers,0021500366,2015-12-14,POR vs. NOP,W,29,2,9,0.222,1,7,0.143,2,2,1.0,0,5,5,5,2,0,1,4,7,-4,25.5,1,2015-16
22015,2225,Tony Parker,1610612759,SAS,San Antonio Spurs,0021500364,2015-12-14,SAS vs. UTA,W,21,7,9,0.778,1,2,0.5,3,3,1.0,0,1,1,5,1,0,0,1,18,29,29.7,1,2015-16
22015,2588,Matt Bonner,1610612759,SAS,San Antonio Spurs,0021500364,2015-12-14,SAS vs. UTA,W,18,4,5,0.8,2,3,0.667,0,0,,1,4,5,0,0,0,0,1,10,-1,16.0,1,2015-16
22015,200746,LaMarcus Aldridge,1610612759,SAS,San Antonio Spurs,0021500364,2015-12-14,SAS vs. UTA,W,24,6,10,0.6,0,0,,6,6,1.0,2,6,8,0,0,0,1,1,18,29,26.6,1,2015-16
22015,203937,Kyle Anderson,1610612759,SAS,San Antonio Spurs,0021500364,2015-12-14,SAS vs. UTA,W,17,2,3,0.667,0,0,,2,2,1.0,0,1,1,1,0,0,1,2,6,-2,7.7,1,2015-16
22015,2449,Luis Scola,1610612761,TOR,Toronto Raptors,0021500357,2015-12-14,TOR @ IND,L,18,2,7,0.286,0,0,,0,0,,1,4,5,0,2,0,0,1,4,-12,16.0,1,2015-16
22015,201942,DeMar DeRozan,1610612761,TOR,Toronto Raptors,0021500357,2015-12-14,TOR @ IND,L,38,7,18,0.389,2,4,0.5,4,5,0.8,0,5,5,2,2,1,2,2,20,-11,36.0,1,2015-16
22015,202687,Bismack Biyombo,1610612761,TOR,Toronto Raptors,0021500357,2015-12-14,TOR @ IND,L,31,1,3,0.333,0,0,,7,8,0.875,5,8,13,0,1,2,3,3,9,-6,30.6,1,2015-16
22015,202324,Derrick Favors,1610612762,UTA,Utah Jazz,0021500364,2015-12-14,UTA @ SAS,L,24,6,14,0.429,0,0,,4,6,0.667,0,3,3,0,1,1,1,2,16,-35,24.6,1,2015-16
22015,201145,Jeff Green,1610612763,MEM,Memphis Grizzlies,0021500362,2015-12-14,MEM vs. WAS,W,40,6,12,0.5,0,1,0.0,3,4,0.75,2,4,6,4,1,1,3,3,15,12,31.2,1,2015-16
22015,2581,Steve Blake,1610612765,DET,Detroit Pistons,0021500359,2015-12-14,DET vs. LAC,L,14,2,3,0.667,1,2,0.5,0,0,,0,2,2,0,0,0,3,2,5,6,4.4,1,2015-16
22015,202694,Marcus Morris Sr.,1610612765,DET,Detroit Pistons,0021500359,2015-12-14,DET vs. LAC,L,42,3,10,0.3,0,1,0.0,0,0,,0,4,4,2,2,0,1,3,6,-10,18.8,1,2015-16
22015,200757,Thabo Sefolosha,1610612737,ATL,Atlanta Hawks,0021500360,2015-12-14,ATL vs. MIA,L,9,0,3,0.0,0,3,0.0,0,0,,0,1,1,0,0,0,4,1,0,-7,-2.8,1,2015-16
22015,200794,Paul Millsap,1610612737,ATL,Atlanta Hawks,0021500360,2015-12-14,ATL vs. MIA,L,37,6,12,0.5,0,2,0.0,6,6,1.0,3,6,9,2,0,0,2,3,18,-15,29.8,1,2015-16
22015,201143,Al Horford,1610612737,ATL,Atlanta Hawks,0021500360,2015-12-14,ATL vs. MIA,L,35,6,12,0.5,1,5,0.2,0,0,,0,4,4,5,2,2,2,3,13,-4,35.3,1,2015-16
22015,201168,Tiago Splitter,1610612737,ATL,Atlanta Hawks,0021500360,2015-12-14,ATL vs. MIA,L,13,1,2,0.5,0,0,,0,0,,1,1,2,1,0,1,1,2,2,-4,7.9,1,2015-16
22015,201952,Jeff Teague,1610612737,ATL,Atlanta Hawks,0021500360,2015-12-14,ATL vs. MIA,L,28,2,12,0.167,1,3,0.333,2,2,1.0,0,1,1,4,0,0,0,4,7,-12,14.2,1,2015-16
22015,203934,Lamar Patterson,1610612737,ATL,Atlanta Hawks,0021500360,2015-12-14,ATL vs. MIA,L,8,1,2,0.5,0,0,,0,0,,0,1,1,1,0,0,0,0,2,-1,4.7,1,2015-16
22015,201600,Omer Asik,1610612740,NOP,New Orleans Pelicans,0021500366,2015-12-14,NOP @ POR,L,9,0,0,,0,0,,2,4,0.5,1,2,3,0,0,1,0,3,2,11,8.6,1,2015-16
22015,201936,Tyreke Evans,1610612740,NOP,New Orleans Pelicans,0021500366,2015-12-14,NOP @ POR,L,38,7,15,0.467,1,2,0.5,4,5,0.8,2,10,12,5,4,1,3,4,19,1,52.9,1,2015-16
22015,202397,Ish Smith,1610612740,NOP,New Orleans Pelicans,0021500366,2015-12-14,NOP @ POR,L,5,0,0,,0,0,,0,0,,0,0,0,1,0,0,0,0,0,-4,1.5,1,2015-16
22015,202734,E'Twaun Moore,1610612741,CHI,Chicago Bulls,0021500361,2015-12-14,CHI vs. PHI,W,8,0,1,0.0,0,0,,0,0,,0,0,0,1,0,0,1,2,0,-9,0.5,1,2015-16
22015,203503,Tony Snell,1610612741,CHI,Chicago Bulls,0021500361,2015-12-14,CHI vs. PHI,W,37,5,10,0.5,1,5,0.2,5,6,0.833,2,9,11,1,2,0,2,2,16,18,34.7,1,2015-16
22015,1626171,Bobby Portis,1610612741,CHI,Chicago Bulls,0021500361,2015-12-14,CHI vs. PHI,W,4,3,4,0.75,0,0,,1,2,0.5,0,1,1,0,0,0,0,0,7,-3,8.2,1,2015-16
22015,1717,Dirk Nowitzki,1610612742,DAL,Dallas Mavericks,0021500363,2015-12-14,DAL vs. PHX,W,29,5,10,0.5,0,1,0.0,4,5,0.8,1,6,7,4,0,0,2,4,14,4,26.4,1,2015-16
22015,2585,Zaza Pachulia,1610612742,DAL,Dallas Mavericks,0021500363,2015-12-14,DAL vs. PHX,W,28,2,3,0.667,0,0,,0,0,,4,8,12,0,3,0,5,2,4,12,22.4,1,2015-16
22015,2734,Devin Harris,1610612742,DAL,Dallas Mavericks,0021500363,2015-12-14,DAL vs. PHX,W,23,5,8,0.625,2,3,0.667,0,2,0.0,0,1,1,2,6,0,0,3,12,1,34.2,1,2015-16
22015,202083,Wesley Matthews,1610612742,DAL,Dallas Mavericks,0021500363,2015-12-14,DAL vs. PHX,W,32,5,13,0.385,3,9,0.333,0,0,,0,5,5,1,0,0,1,3,13,10,19.5,1,2015-16
22015,202702,Kenneth Faried,1610612743,DEN,Denver Nuggets,0021500365,2015-12-14,DEN vs. HOU,W,20,5,8,0.625,0,0,,1,2,0.5,5,4,9,1,0,2,1,1,11,-11,28.3,1,2015-16
22015,201147,Corey Brewer,1610612745,HOU,Houston Rockets,0021500365,2015-12-14,HOU @ DEN,L,16,1,4,0.25,1,3,0.333,2,2,1.0,0,1,1,1,2,0,1,1,5,-10,12.7,1,2015-16
22015,201951,Ty Lawson,1610612745,HOU,Houston Rockets,0021500365,2015-12-14,HOU @ DEN,L,13,1,5,0.2,0,3,0.0,0,0,,0,0,0,2,0,0,0,0,2,-22,5.0,1,2015-16
22015,202700,Donatas Motiejunas,1610612745,HOU,Houston Rockets,0021500365,2015-12-14,HOU @ DEN,L,22,7,11,0.636,3,4,0.75,2,2,1.0,1,1,2,2,0,0,1,5,19,-14,23.4,1,2015-16
22015,2746,Josh Smith,1610612746,LAC,LA Clippers,0021500359,2015-12-14,LAC @ DET,W,9,1,6,0.167,0,0,,0,0,,1,0,1,2,1,0,0,2,2,-9,9.2,1,2015-16
22015,101123,Gerald Green,1610612748,MIA,Miami Heat,0021500360,2015-12-14,MIA @ ATL,W,31,9,14,0.643,1,2,0.5,1,1,1.0,2,1,3,2,1,0,2,2,20,5,27.6,1,2015-16
22015,201961,Wayne Ellington,1610612751,BKN,Brooklyn Nets,0021500358,2015-12-14,BKN vs. ORL,L,20,3,8,0.375,2,4,0.5,3,3,1.0,1,0,1,0,1,0,1,0,11,-3,14.2,1,2015-16
22015,202711,Bojan Bogdanovic,1610612751,BKN,Brooklyn Nets,0021500358,2015-12-14,BKN vs. ORL,L,34,4,8,0.5,2,5,0.4,0,0,,0,0,0,1,0,0,3,2,10,-16,8.5,1,2015-16
22015,203186,Willie Reed,1610612751,BKN,Brooklyn Nets,0021500358,2015-12-14,BKN vs. ORL,L,5,1,4,0.25,0,0,,0,0,,2,2,4,0,0,0,0,0,2,-1,6.8,1,2015-16
22015,203508,Sergey Karasev,1610612751,BKN,Brooklyn Nets,0021500358,2015-12-14,BKN vs. ORL,L,4,0,0,,0,0,,0,0,,0,0,0,1,0,0,1,0,0,0,0.5,1,2015-16
22015,203900,Markel Brown,1610612751,BKN,Brooklyn Nets,0021500358,2015-12-14,BKN vs. ORL,L,10,1,2,0.5,0,1,0.0,1,1,1.0,0,0,0,0,1,0,0,2,3,-7,6.0,1,2015-16
22015,101112,Channing Frye,1610612753,ORL,Orlando Magic,0021500358,2015-12-14,ORL @ BKN,W,23,4,6,0.667,3,5,0.6,0,0,,0,4,4,5,2,0,0,1,11,18,29.3,1,2015-16
22015,201588,George Hill,1610612754,IND,Indiana Pacers,0021500357,2015-12-14,IND vs. TOR,W,35,3,6,0.5,0,1,0.0,0,0,,0,1,1,3,1,2,1,1,6,6,19.7,1,2015-16
22015,203138,Hollis Thompson,1610612755,PHI,Philadelphia 76ers,0021500361,2015-12-14,PHI @ CHI,L,27,2,5,0.4,1,2,0.5,0,0,,0,1,1,4,0,0,0,3,5,-1,12.2,1,2015-16
22015,200782,P.J. Tucker,1610612756,PHX,Phoenix Suns,0021500363,2015-12-14,PHX @ DAL,L,24,3,9,0.333,0,3,0.0,0,0,,3,3,6,3,1,0,1,2,6,-18,19.7,1,2015-16
22015,201603,Sonny Weems,1610612756,PHX,Phoenix Suns,0021500363,2015-12-14,PHX @ DAL,L,13,2,3,0.667,2,2,1.0,3,4,0.75,0,0,0,1,0,0,2,3,9,7,8.5,1,2015-16
22015,203462,Archie Goodwin,1610612756,PHX,Phoenix Suns,0021500363,2015-12-14,PHX @ DAL,L,11,3,4,0.75,0,1,0.0,0,5,0.0,0,4,4,1,1,0,1,1,6,12,14.3,1,2015-16
22015,203081,Damian Lillard,1610612757,POR,Portland Trail Blazers,0021500366,2015-12-14,POR vs. NOP,W,35,8,16,0.5,3,7,0.429,11,12,0.917,0,3,3,3,1,0,2,2,30,3,39.1,1,2015-16
22015,1495,Tim Duncan,1610612759,SAS,San Antonio Spurs,0021500364,2015-12-14,SAS vs. UTA,W,18,2,2,1.0,0,0,,1,1,1.0,1,4,5,1,0,0,2,2,5,32,10.5,1,2015-16
22015,2564,Boris Diaw,1610612759,SAS,San Antonio Spurs,0021500364,2015-12-14,SAS vs. UTA,W,20,2,3,0.667,0,0,,0,0,,0,2,2,1,0,1,0,0,4,1,10.9,1,2015-16
22015,202695,Kawhi Leonard,1610612759,SAS,San Antonio Spurs,0021500364,2015-12-14,SAS vs. UTA,W,25,7,10,0.7,2,3,0.667,6,6,1.0,0,7,7,2,2,0,0,1,22,36,39.4,1,2015-16
22015,201949,James Johnson,1610612761,TOR,Toronto Raptors,0021500357,2015-12-14,TOR @ IND,L,19,2,5,0.4,0,2,0.0,4,4,1.0,1,0,1,2,0,1,0,1,8,-7,15.2,1,2015-16
22015,203481,Jeff Withey,1610612762,UTA,Utah Jazz,0021500364,2015-12-14,UTA @ SAS,L,20,3,5,0.6,0,0,,3,4,0.75,1,4,5,0,1,2,2,3,9,2,22.0,1,2015-16
22015,203504,Trey Burke,1610612762,UTA,Utah Jazz,0021500364,2015-12-14,UTA @ SAS,L,24,4,9,0.444,1,3,0.333,1,1,1.0,1,2,3,2,0,0,2,1,10,-16,14.6,1,2015-16
22015,2216,Zach Randolph,1610612763,MEM,Memphis Grizzlies,0021500362,2015-12-14,MEM vs. WAS,W,21,4,7,0.571,0,0,,0,0,,1,3,4,1,1,0,2,2,8,8,15.3,1,2015-16
22015,201144,Mike Conley,1610612763,MEM,Memphis Grizzlies,0021500362,2015-12-14,MEM vs. WAS,W,37,7,14,0.5,2,4,0.5,2,2,1.0,1,3,4,11,2,0,2,1,18,16,43.3,1,2015-16
22015,201188,Marc Gasol,1610612763,MEM,Memphis Grizzlies,0021500362,2015-12-14,MEM vs. WAS,W,39,9,17,0.529,0,0,,6,6,1.0,1,11,12,6,1,3,3,4,24,16,56.4,1,2015-16
22015,201584,Courtney Lee,1610612763,MEM,Memphis Grizzlies,0021500362,2015-12-14,MEM vs. WAS,W,39,6,11,0.545,3,4,0.75,0,0,,0,3,3,0,0,0,0,3,15,17,18.6,1,2015-16
22015,101162,Marcin Gortat,1610612764,WAS,Washington Wizards,0021500362,2015-12-14,WAS @ MEM,L,26,4,11,0.364,0,0,,2,4,0.5,3,6,9,0,2,0,3,1,10,-15,23.8,1,2015-16
22015,201971,DeJuan Blair,1610612764,WAS,Washington Wizards,0021500362,2015-12-14,WAS @ MEM,L,22,3,5,0.6,0,0,,0,0,,1,3,4,1,1,1,0,5,6,-2,18.3,1,2015-16
22015,202322,John Wall,1610612764,WAS,Washington Wizards,0021500362,2015-12-14,WAS @ MEM,L,28,2,11,0.182,2,7,0.286,0,0,,0,2,2,9,0,0,4,0,6,-17,17.9,1,2015-16
22015,202390,Gary Neal,1610612764,WAS,Washington Wizards,0021500362,2015-12-14,WAS @ MEM,L,31,9,14,0.643,3,4,0.75,3,5,0.6,1,1,2,0,1,0,0,1,24,-5,29.4,1,2015-16
22015,203490,Otto Porter Jr.,1610612764,WAS,Washington Wizards,0021500362,2015-12-14,WAS @ MEM,L,27,1,8,0.125,0,1,0.0,0,0,,0,3,3,4,1,0,0,1,2,-16,14.6,1,2015-16
22015,201229,Anthony Tolliver,1610612765,DET,Detroit Pistons,0021500359,2015-12-14,DET vs. LAC,L,33,1,5,0.2,1,4,0.25,0,0,,0,6,6,1,0,0,1,2,3,10,10.7,1,2015-16
22015,202704,Reggie Jackson,1610612765,DET,Detroit Pistons,0021500359,2015-12-14,DET vs. LAC,L,39,9,18,0.5,2,2,1.0,14,16,0.875,5,6,11,7,1,0,4,3,34,-8,56.7,1,2015-16
22015,203382,Aron Baynes,1610612765,DET,Detroit Pistons,0021500359,2015-12-14,DET vs. LAC,L,13,5,6,0.833,0,0,,0,0,,4,2,6,2,0,0,2,2,10,7,18.2,1,2015-16
22015,203488,Mike Muscala,1610612737,ATL,Atlanta Hawks,0021500360,2015-12-14,ATL vs. MIA,L,10,0,1,0.0,0,0,,0,0,,1,1,2,1,0,0,0,1,0,-1,3.9,1,2015-16
22015,201950,Jrue Holiday,1610612740,NOP,New Orleans Pelicans,0021500366,2015-12-14,NOP @ POR,L,29,7,14,0.5,3,6,0.5,2,2,1.0,0,5,5,2,2,1,2,3,19,17,35.0,1,2015-16
22015,201967,Dante Cunningham,1610612740,NOP,New Orleans Pelicans,0021500366,2015-12-14,NOP @ POR,L,14,0,0,,0,0,,0,0,,0,2,2,0,0,1,0,1,0,-9,5.4,1,2015-16
22015,202703,Nikola Mirotic,1610612741,CHI,Chicago Bulls,0021500361,2015-12-14,CHI vs. PHI,W,19,6,10,0.6,5,8,0.625,0,0,,0,2,2,0,0,1,3,3,17,-1,19.4,1,2015-16
22015,203926,Doug McDermott,1610612741,CHI,Chicago Bulls,0021500361,2015-12-14,CHI vs. PHI,W,24,6,16,0.375,1,4,0.25,0,0,,4,4,8,2,0,0,0,1,13,5,25.6,1,2015-16
22015,203946,Cameron Bairstow,1610612741,CHI,Chicago Bulls,0021500361,2015-12-14,CHI vs. PHI,W,3,1,2,0.5,0,0,,0,0,,0,0,0,0,0,0,0,0,2,-2,2.0,1,2015-16
22015,202718,Chandler Parsons,1610612742,DAL,Dallas Mavericks,0021500363,2015-12-14,DAL vs. PHX,W,28,5,10,0.5,2,5,0.4,5,5,1.0,0,2,2,2,0,1,1,2,17,12,24.4,1,2015-16
22015,203115,Will Barton,1610612743,DEN,Denver Nuggets,0021500365,2015-12-14,DEN vs. HOU,W,33,8,18,0.444,2,6,0.333,5,5,1.0,2,7,9,3,3,0,2,1,23,10,45.3,1,2015-16
22015,203530,Joffrey Lauvergne,1610612743,DEN,Denver Nuggets,0021500365,2015-12-14,DEN vs. HOU,W,21,7,11,0.636,0,1,0.0,0,0,,4,7,11,1,0,0,2,4,14,-11,26.7,1,2015-16
22015,201976,Patrick Beverley,1610612745,HOU,Houston Rockets,0021500365,2015-12-14,HOU @ DEN,L,34,6,11,0.545,2,6,0.333,0,0,,1,0,1,8,0,0,0,4,14,16,27.2,1,2015-16
22015,201977,Marcus Thornton,1610612745,HOU,Houston Rockets,0021500365,2015-12-14,HOU @ DEN,L,21,4,8,0.5,3,4,0.75,2,2,1.0,0,1,1,2,0,0,1,3,13,-23,16.2,1,2015-16
22015,203093,Terrence Jones,1610612745,HOU,Houston Rockets,0021500365,2015-12-14,HOU @ DEN,L,13,0,3,0.0,0,0,,0,0,,1,1,2,1,1,0,0,1,0,-9,6.9,1,2015-16
22015,2037,Jamal Crawford,1610612746,LAC,LA Clippers,0021500359,2015-12-14,LAC @ DET,W,26,5,8,0.625,1,3,0.333,3,3,1.0,0,2,2,4,1,0,1,0,14,-3,24.4,1,2015-16
22015,2547,Chris Bosh,1610612748,MIA,Miami Heat,0021500360,2015-12-14,MIA @ ATL,W,36,8,14,0.571,4,6,0.667,4,4,1.0,2,8,10,3,0,0,2,1,24,8,38.5,1,2015-16
22015,201609,Goran Dragic,1610612748,MIA,Miami Heat,0021500360,2015-12-14,MIA @ ATL,W,35,6,14,0.429,0,2,0.0,0,0,,2,5,7,8,2,2,2,3,12,18,42.4,1,2015-16
22015,2207,Joe Johnson,1610612751,BKN,Brooklyn Nets,0021500358,2015-12-14,BKN vs. ORL,L,26,2,8,0.25,2,4,0.5,0,0,,1,2,3,5,0,0,2,3,6,-16,15.1,1,2015-16
22015,203499,Shane Larkin,1610612751,BKN,Brooklyn Nets,0021500358,2015-12-14,BKN vs. ORL,L,19,1,5,0.2,0,1,0.0,0,0,,1,3,4,6,1,0,1,5,2,-13,17.8,1,2015-16
22015,202699,Tobias Harris,1610612753,ORL,Orlando Magic,0021500358,2015-12-14,ORL @ BKN,W,26,7,11,0.636,1,4,0.25,0,1,0.0,0,9,9,3,0,0,0,0,15,15,30.3,1,2015-16
22015,203473,Dewayne Dedmon,1610612753,ORL,Orlando Magic,0021500358,2015-12-14,ORL @ BKN,W,4,0,1,0.0,0,0,,0,0,,0,2,2,0,0,1,0,1,0,0,5.4,1,2015-16
22015,203506,Victor Oladipo,1610612753,ORL,Orlando Magic,0021500358,2015-12-14,ORL @ BKN,W,20,2,3,0.667,1,2,0.5,5,6,0.833,0,2,2,2,3,1,1,4,10,8,26.4,1,2015-16
22015,203894,Shabazz Napier,1610612753,ORL,Orlando Magic,0021500358,2015-12-14,ORL @ BKN,W,4,0,1,0.0,0,0,,0,0,,0,0,0,2,2,0,2,0,0,0,7.0,1,2015-16
22015,203901,Elfrid Payton,1610612753,ORL,Orlando Magic,0021500358,2015-12-14,ORL @ BKN,W,30,6,11,0.545,1,1,1.0,4,6,0.667,2,3,5,5,2,0,2,1,17,16,34.5,1,2015-16
22015,203932,Aaron Gordon,1610612753,ORL,Orlando Magic,0021500358,2015-12-14,ORL @ BKN,W,22,1,3,0.333,0,0,,2,3,0.667,1,4,5,0,0,0,3,2,4,8,7.0,1,2015-16
22015,101139,CJ Miles,1610612754,IND,Indiana Pacers,0021500357,2015-12-14,IND vs. TOR,W,23,6,7,0.857,5,5,1.0,0,0,,0,4,4,0,1,1,0,2,17,-10,27.8,1,2015-16
22015,203524,Solomon Hill,1610612754,IND,Indiana Pacers,0021500357,2015-12-14,IND vs. TOR,W,3,0,1,0.0,0,1,0.0,0,0,,0,0,0,0,0,0,0,1,0,-9,0.0,1,2015-16
22015,203922,Glenn Robinson III,1610612754,IND,Indiana Pacers,0021500357,2015-12-14,IND vs. TOR,W,3,1,1,1.0,0,0,,0,0,,0,1,1,0,0,0,0,0,2,-9,3.2,1,2015-16
22015,203960,JaKarr Sampson,1610612755,PHI,Philadelphia 76ers,0021500361,2015-12-14,PHI @ CHI,L,15,4,6,0.667,1,2,0.5,0,0,,0,1,1,0,0,0,0,0,9,3,10.2,1,2015-16
22015,1626174,Christian Wood,1610612755,PHI,Philadelphia 76ers,0021500361,2015-12-14,PHI @ CHI,L,8,3,5,0.6,1,2,0.5,0,0,,0,2,2,0,1,0,0,0,7,8,12.4,1,2015-16
22015,203468,CJ McCollum,1610612757,POR,Portland Trail Blazers,0021500366,2015-12-14,POR vs. NOP,W,32,5,14,0.357,3,6,0.5,3,5,0.6,1,1,2,6,1,1,3,2,16,0,30.4,1,2015-16
22015,204025,Tim Frazier,1610612757,POR,Portland Trail Blazers,0021500366,2015-12-14,POR vs. NOP,W,4,0,0,,0,0,,0,0,,0,0,0,1,0,0,1,1,0,2,0.5,1,2015-16
22015,2446,Rasual Butler,1610612759,SAS,San Antonio Spurs,0021500364,2015-12-14,SAS vs. UTA,W,12,0,0,,0,0,,1,2,0.5,0,1,1,0,0,1,1,1,1,-3,4.2,1,2015-16
22015,2561,David West,1610612759,SAS,San Antonio Spurs,0021500364,2015-12-14,SAS vs. UTA,W,16,2,6,0.333,0,0,,4,5,0.8,1,2,3,1,0,0,2,2,8,11,11.1,1,2015-16
22015,203613,Jonathon Simmons,1610612759,SAS,San Antonio Spurs,0021500364,2015-12-14,SAS vs. UTA,W,23,3,12,0.25,1,4,0.25,0,0,,0,4,4,4,2,0,1,1,7,2,22.8,1,2015-16
22015,202335,Patrick Patterson,1610612761,TOR,Toronto Raptors,0021500357,2015-12-14,TOR @ IND,L,23,3,6,0.5,3,6,0.5,0,0,,0,5,5,0,1,0,3,1,9,-28,15.0,1,2015-16
22015,203512,Lucas Nogueira,1610612761,TOR,Toronto Raptors,0021500357,2015-12-14,TOR @ IND,L,8,0,0,,0,0,,0,0,,1,0,1,0,0,1,2,3,0,-5,2.2,1,2015-16
22015,1626181,Norman Powell,1610612761,TOR,Toronto Raptors,0021500357,2015-12-14,TOR @ IND,L,7,2,5,0.4,1,2,0.5,0,1,0.0,2,1,3,1,1,0,0,2,5,7,13.1,1,2015-16
22015,203893,Russ Smith,1610612763,MEM,Memphis Grizzlies,0021500362,2015-12-14,MEM vs. WAS,W,1,0,0,,0,0,,0,0,,0,0,0,1,0,0,0,0,0,-3,1.5,1,2015-16
22015,201162,Jared Dudley,1610612764,WAS,Washington Wizards,0021500362,2015-12-14,WAS @ MEM,L,27,6,10,0.6,2,3,0.667,0,2,0.0,2,4,6,1,1,0,1,1,14,-17,24.7,1,2015-16
22015,201196,Ramon Sessions,1610612764,WAS,Washington Wizards,0021500362,2015-12-14,WAS @ MEM,L,26,5,8,0.625,0,1,0.0,4,5,0.8,0,1,1,3,1,0,3,0,14,-3,19.7,1,2015-16
22015,202066,Garrett Temple,1610612764,WAS,Washington Wizards,0021500362,2015-12-14,WAS @ MEM,L,17,2,5,0.4,0,3,0.0,2,2,1.0,0,0,0,1,0,1,2,0,6,-12,8.5,1,2015-16
22015,1626162,Kelly Oubre Jr.,1610612764,WAS,Washington Wizards,0021500362,2015-12-14,WAS @ MEM,L,17,3,7,0.429,2,3,0.667,0,0,,0,4,4,1,2,0,1,2,8,0,19.3,1,2015-16
22015,2594,Kyle Korver,1610612737,ATL,Atlanta Hawks,0021500360,2015-12-14,ATL vs. MIA,L,33,2,12,0.167,1,8,0.125,0,0,,0,8,8,2,0,0,1,0,5,-4,16.6,1,2015-16
22015,201569,Eric Gordon,1610612740,NOP,New Orleans Pelicans,0021500366,2015-12-14,NOP @ POR,L,34,3,9,0.333,0,5,0.0,3,3,1.0,0,3,3,3,2,0,1,2,9,2,22.1,1,2015-16
22015,203076,Anthony Davis,1610612740,NOP,New Orleans Pelicans,0021500366,2015-12-14,NOP @ POR,L,42,11,19,0.579,0,2,0.0,6,9,0.667,2,8,10,1,0,5,2,2,28,-7,54.5,1,2015-16
22015,2550,Kirk Hinrich,1610612741,CHI,Chicago Bulls,0021500361,2015-12-14,CHI vs. PHI,W,13,1,2,0.5,1,1,1.0,0,0,,0,0,0,0,1,0,1,2,3,23,5.0,1,2015-16
22015,201166,Aaron Brooks,1610612741,CHI,Chicago Bulls,0021500361,2015-12-14,CHI vs. PHI,W,7,1,4,0.25,0,2,0.0,2,2,1.0,0,0,0,1,0,0,0,0,4,-3,5.5,1,2015-16
22015,201959,Taj Gibson,1610612741,CHI,Chicago Bulls,0021500361,2015-12-14,CHI vs. PHI,W,22,3,5,0.6,0,0,,0,2,0.0,1,4,5,2,1,2,2,0,6,17,22.0,1,2015-16
22015,203939,Dwight Powell,1610612742,DAL,Dallas Mavericks,0021500363,2015-12-14,DAL vs. PHX,W,16,2,2,1.0,0,0,,4,5,0.8,0,6,6,0,0,0,0,3,8,4,15.2,1,2015-16
22015,200751,Randy Foye,1610612743,DEN,Denver Nuggets,0021500365,2015-12-14,DEN vs. HOU,W,12,0,3,0.0,0,2,0.0,3,4,0.75,0,3,3,3,0,0,2,0,3,-1,9.1,1,2015-16
22015,203914,Gary Harris,1610612743,DEN,Denver Nuggets,0021500365,2015-12-14,DEN vs. HOU,W,40,8,11,0.727,1,2,0.5,4,4,1.0,1,1,2,1,1,2,2,1,21,12,31.9,1,2015-16
22015,203999,Nikola Jokić,1610612743,DEN,Denver Nuggets,0021500365,2015-12-14,DEN vs. HOU,W,22,3,3,1.0,0,0,,3,3,1.0,0,7,7,1,1,0,1,1,9,24,20.9,1,2015-16
22015,2772,Trevor Ariza,1610612745,HOU,Houston Rockets,0021500365,2015-12-14,HOU @ DEN,L,42,6,12,0.5,4,9,0.444,0,0,,0,5,5,4,3,0,2,2,16,5,35.0,1,2015-16
22015,202325,Wesley Johnson,1610612746,LAC,LA Clippers,0021500359,2015-12-14,LAC @ DET,W,30,2,6,0.333,1,3,0.333,0,0,,1,3,4,0,3,0,1,3,5,-10,17.8,1,2015-16
22015,2548,Dwyane Wade,1610612748,MIA,Miami Heat,0021500360,2015-12-14,MIA @ ATL,W,29,3,16,0.188,0,1,0.0,1,1,1.0,2,4,6,6,0,0,1,0,7,6,22.2,1,2015-16
22015,2617,Udonis Haslem,1610612748,MIA,Miami Heat,0021500360,2015-12-14,MIA @ ATL,W,15,0,1,0.0,0,0,,2,2,1.0,0,1,1,1,1,0,0,0,2,1,7.7,1,2015-16
22015,202388,Donald Sloan,1610612751,BKN,Brooklyn Nets,0021500358,2015-12-14,BKN vs. ORL,L,4,0,0,,0,0,,0,0,,0,0,0,1,0,0,2,0,0,0,-0.5,1,2015-16
22015,201160,Jason Smith,1610612753,ORL,Orlando Magic,0021500358,2015-12-14,ORL @ BKN,W,16,2,7,0.286,0,0,,0,0,,0,3,3,0,0,0,2,2,4,9,5.6,1,2015-16
22015,203095,Evan Fournier,1610612753,ORL,Orlando Magic,0021500358,2015-12-14,ORL @ BKN,W,24,1,6,0.167,1,4,0.25,0,0,,1,0,1,2,0,0,1,1,3,15,6.2,1,2015-16
22015,1626209,Mario Hezonja,1610612753,ORL,Orlando Magic,0021500358,2015-12-14,ORL @ BKN,W,18,4,5,0.8,0,0,,0,0,,1,2,3,1,1,0,2,1,8,7,14.1,1,2015-16
22015,1626202,Joe Young,1610612754,IND,Indiana Pacers,0021500357,2015-12-14,IND vs. TOR,W,2,1,1,1.0,0,0,,0,0,,0,0,0,0,0,0,1,2,2,-6,1.0,1,2015-16
22015,203100,Tony Wroten,1610612755,PHI,Philadelphia 76ers,0021500361,2015-12-14,PHI @ CHI,L,18,4,11,0.364,2,4,0.5,2,4,0.5,0,3,3,0,1,0,2,0,12,-11,16.6,1,2015-16
22015,201945,Gerald Henderson,1610612757,POR,Portland Trail Blazers,0021500366,2015-12-14,POR vs. NOP,W,21,7,10,0.7,4,5,0.8,1,1,1.0,0,2,2,0,0,0,0,1,19,5,21.4,1,2015-16
22015,202329,Al-Farouq Aminu,1610612757,POR,Portland Trail Blazers,0021500366,2015-12-14,POR vs. NOP,W,28,4,9,0.444,2,4,0.5,0,0,,1,8,9,1,0,1,1,0,10,2,24.3,1,2015-16
22015,203943,Noah Vonleh,1610612757,POR,Portland Trail Blazers,0021500366,2015-12-14,POR vs. NOP,W,17,1,5,0.2,0,0,,0,0,,2,3,5,1,1,1,0,3,2,2,15.5,1,2015-16
22015,202344,Trevor Booker,1610612762,UTA,Utah Jazz,0021500364,2015-12-14,UTA @ SAS,L,21,2,4,0.5,0,0,,0,0,,2,5,7,0,1,0,0,1,4,-12,15.4,1,2015-16
22015,202692,Alec Burks,1610612762,UTA,Utah Jazz,0021500364,2015-12-14,UTA @ SAS,L,18,2,9,0.222,0,0,,4,4,1.0,1,0,1,3,0,0,0,1,8,-17,13.7,1,2015-16
22015,203187,Chris Johnson,1610612762,UTA,Utah Jazz,0021500364,2015-12-14,UTA @ SAS,L,9,2,4,0.5,0,1,0.0,0,0,,1,1,2,1,1,0,1,0,4,7,9.9,1,2015-16
22015,204060,Joe Ingles,1610612762,UTA,Utah Jazz,0021500364,2015-12-14,UTA @ SAS,L,22,2,6,0.333,0,3,0.0,0,0,,0,2,2,4,2,0,0,1,4,0,18.4,1,2015-16
22015,2440,Matt Barnes,1610612763,MEM,Memphis Grizzlies,0021500362,2015-12-14,MEM vs. WAS,W,33,7,9,0.778,4,5,0.8,2,2,1.0,1,5,6,2,2,1,4,3,20,22,35.2,1,2015-16
22015,2200,Pau Gasol,1610612741,CHI,Chicago Bulls,0021500361,2015-12-14,CHI vs. PHI,W,25,5,7,0.714,0,0,,3,3,1.0,0,7,7,6,0,2,1,1,13,13,35.4,1,2015-16
22015,201565,Derrick Rose,1610612741,CHI,Chicago Bulls,0021500361,2015-12-14,CHI vs. PHI,W,26,2,3,0.667,0,0,,2,2,1.0,0,1,1,4,0,0,2,1,6,5,11.2,1,2015-16
22015,2034,Mike Miller,1610612743,DEN,Denver Nuggets,0021500365,2015-12-14,DEN vs. HOU,W,9,1,3,0.333,1,3,0.333,0,0,,0,0,0,2,0,0,0,1,3,-4,6.0,1,2015-16
22015,200755,JJ Redick,1610612746,LAC,LA Clippers,0021500359,2015-12-14,LAC @ DET,W,32,10,17,0.588,4,8,0.5,0,0,,0,3,3,3,0,0,2,2,24,12,30.1,1,2015-16
22015,201599,DeAndre Jordan,1610612746,LAC,LA Clippers,0021500359,2015-12-14,LAC @ DET,W,43,3,5,0.6,0,0,,1,3,0.333,6,8,14,1,0,3,1,4,7,6,33.3,1,2015-16
22015,202355,Hassan Whiteside,1610612748,MIA,Miami Heat,0021500360,2015-12-14,MIA @ ATL,W,26,4,11,0.364,0,0,,0,2,0.0,5,8,13,0,0,3,2,4,8,11,30.6,1,2015-16
22015,203094,Andrew Nicholson,1610612753,ORL,Orlando Magic,0021500358,2015-12-14,ORL @ BKN,W,25,6,9,0.667,2,5,0.4,1,2,0.5,0,3,3,0,2,0,2,2,15,5,22.6,1,2015-16
22015,201155,Rodney Stuckey,1610612754,IND,Indiana Pacers,0021500357,2015-12-14,IND vs. TOR,W,27,5,9,0.556,0,0,,0,0,,1,3,4,2,1,0,1,1,10,41,19.8,1,2015-16
22015,201978,Chase Budinger,1610612754,IND,Indiana Pacers,0021500357,2015-12-14,IND vs. TOR,W,18,1,6,0.167,0,3,0.0,3,4,0.75,0,4,4,0,0,0,0,0,5,5,9.8,1,2015-16
22015,2199,Tyson Chandler,1610612756,PHX,Phoenix Suns,0021500363,2015-12-14,PHX @ DAL,L,14,2,3,0.667,0,0,,2,2,1.0,2,1,3,0,0,1,1,1,6,-17,11.6,1,2015-16
22015,202339,Eric Bledsoe,1610612756,PHX,Phoenix Suns,0021500363,2015-12-14,PHX @ DAL,L,37,7,17,0.412,3,8,0.375,6,7,0.857,0,5,5,7,3,2,2,3,23,7,52.5,1,2015-16
22015,201988,Patty Mills,1610612759,SAS,San Antonio Spurs,0021500364,2015-12-14,SAS vs. UTA,W,15,4,6,0.667,3,4,0.75,0,0,,2,1,3,2,1,0,1,1,11,11,19.6,1,2015-16
22015,202407,Elijah Millsap,1610612762,UTA,Utah Jazz,0021500364,2015-12-14,UTA @ SAS,L,16,2,5,0.4,0,0,,0,0,,1,1,2,3,0,0,1,5,4,4,9.9,1,2015-16
22015,202323,Evan Turner,1610612738,BOS,Boston Celtics,0021500367,2015-12-15,BOS vs. CLE,L,27,3,8,0.375,0,1,0.0,0,0,,1,7,8,4,0,1,2,0,6,-5,22.6,1,2015-16
22015,203096,Jared Sullinger,1610612738,BOS,Boston Celtics,0021500367,2015-12-15,BOS vs. CLE,L,23,2,9,0.222,0,1,0.0,1,2,0.5,1,4,5,2,0,0,1,2,5,-13,13.0,1,2015-16
22015,2749,Jameer Nelson,1610612743,DEN,Denver Nuggets,0021500368,2015-12-15,DEN @ MIN,W,23,4,7,0.571,2,3,0.667,0,0,,0,3,3,4,2,0,2,4,10,0,23.6,1,2015-16
22015,202702,Kenneth Faried,1610612743,DEN,Denver Nuggets,0021500368,2015-12-15,DEN @ MIN,W,28,7,12,0.583,0,0,,5,8,0.625,3,7,10,1,0,3,0,5,19,-3,41.5,1,2015-16
22015,203530,Joffrey Lauvergne,1610612743,DEN,Denver Nuggets,0021500368,2015-12-15,DEN @ MIN,W,16,4,5,0.8,1,1,1.0,2,2,1.0,1,6,7,1,0,0,2,2,11,8,18.9,1,2015-16
22015,201147,Corey Brewer,1610612745,HOU,Houston Rockets,0021500369,2015-12-15,HOU @ SAC,L,24,3,7,0.429,2,4,0.5,2,2,1.0,0,2,2,3,2,0,3,1,10,-8,19.9,1,2015-16
22015,201935,James Harden,1610612745,HOU,Houston Rockets,0021500369,2015-12-15,HOU @ SAC,L,36,10,18,0.556,4,8,0.5,9,12,0.75,1,6,7,6,1,0,7,2,33,-5,46.4,1,2015-16
22015,201977,Marcus Thornton,1610612745,HOU,Houston Rockets,0021500369,2015-12-15,HOU @ SAC,L,6,0,3,0.0,0,2,0.0,0,0,,0,0,0,1,1,0,0,1,0,3,4.5,1,2015-16
22015,202700,Donatas Motiejunas,1610612745,HOU,Houston Rockets,0021500369,2015-12-15,HOU @ SAC,L,14,2,7,0.286,0,3,0.0,0,0,,0,3,3,0,3,1,3,2,4,-14,16.6,1,2015-16
22015,203093,Terrence Jones,1610612745,HOU,Houston Rockets,0021500369,2015-12-15,HOU @ SAC,L,13,0,0,,0,0,,1,2,0.5,1,3,4,0,0,0,1,3,1,-13,4.8,1,2015-16
22015,203909,KJ McDaniels,1610612745,HOU,Houston Rockets,0021500369,2015-12-15,HOU @ SAC,L,1,1,2,0.5,0,0,,1,1,1.0,0,0,0,0,0,0,0,0,3,3,3.0,1,2015-16
22015,203944,Julius Randle,1610612747,LAL,Los Angeles Lakers,0021500370,2015-12-15,LAL vs. MIL,W,25,6,12,0.5,0,1,0.0,2,2,1.0,6,8,14,1,0,0,4,4,14,-4,28.3,1,2015-16
22015,1626156,D'Angelo Russell,1610612747,LAL,Los Angeles Lakers,0021500370,2015-12-15,LAL vs. MIL,W,30,7,13,0.538,2,5,0.4,3,4,0.75,1,3,4,7,3,0,1,2,19,4,42.3,1,2015-16
22015,203114,Khris Middleton,1610612749,MIL,Milwaukee Bucks,0021500370,2015-12-15,MIL @ LAL,L,34,6,16,0.375,2,4,0.5,2,2,1.0,0,2,2,4,2,0,1,0,16,-17,29.4,1,2015-16
22015,203487,Michael Carter-Williams,1610612749,MIL,Milwaukee Bucks,0021500370,2015-12-15,MIL @ LAL,L,32,9,18,0.5,0,0,,1,2,0.5,2,3,5,5,2,1,1,3,19,-9,40.5,1,2015-16
22015,203507,Giannis Antetokounmpo,1610612749,MIL,Milwaukee Bucks,0021500370,2015-12-15,MIL @ LAL,L,35,6,11,0.545,0,1,0.0,3,4,0.75,0,6,6,5,0,0,1,2,15,-17,28.7,1,2015-16
22015,201937,Ricky Rubio,1610612750,MIN,Minnesota Timberwolves,0021500368,2015-12-15,MIN vs. DEN,L,30,3,6,0.5,2,3,0.667,5,6,0.833,0,4,4,9,0,0,1,1,13,-7,30.3,1,2015-16
22015,101135,David Lee,1610612738,BOS,Boston Celtics,0021500367,2015-12-15,BOS vs. CLE,L,18,4,8,0.5,0,0,,0,0,,2,2,4,3,0,0,2,0,8,3,15.3,1,2015-16
22015,201973,Jonas Jerebko,1610612738,BOS,Boston Celtics,0021500367,2015-12-15,BOS vs. CLE,L,14,2,4,0.5,1,2,0.5,0,0,,0,0,0,0,0,0,0,2,5,-1,5.0,1,2015-16
22015,202340,Avery Bradley,1610612738,BOS,Boston Celtics,0021500367,2015-12-15,BOS vs. CLE,L,34,5,12,0.417,3,10,0.3,4,4,1.0,0,3,3,2,3,2,2,1,17,-13,36.6,1,2015-16
22015,1626154,RJ Hunter,1610612738,BOS,Boston Celtics,0021500367,2015-12-15,BOS vs. CLE,L,3,0,1,0.0,0,1,0.0,0,0,,0,0,0,0,0,0,0,0,0,1,0.0,1,2015-16
22015,2210,Richard Jefferson,1610612739,CLE,Cleveland Cavaliers,0021500367,2015-12-15,CLE @ BOS,W,21,2,3,0.667,1,1,1.0,0,0,,0,1,1,1,0,0,1,0,5,-4,6.7,1,2015-16
22015,2590,Mo Williams,1610612739,CLE,Cleveland Cavaliers,0021500367,2015-12-15,CLE @ BOS,W,19,4,10,0.4,1,4,0.25,1,1,1.0,0,1,1,3,0,0,3,2,10,1,12.7,1,2015-16
22015,201567,Kevin Love,1610612739,CLE,Cleveland Cavaliers,0021500367,2015-12-15,CLE @ BOS,W,34,7,16,0.438,3,7,0.429,3,4,0.75,1,7,8,5,1,2,2,0,20,20,44.1,1,2015-16
22015,203099,Jared Cunningham,1610612739,CLE,Cleveland Cavaliers,0021500367,2015-12-15,CLE @ BOS,W,0,0,0,,0,0,,0,0,,0,0,0,0,0,0,0,0,0,-2,0.0,1,2015-16
22015,203521,Matthew Dellavedova,1610612739,CLE,Cleveland Cavaliers,0021500367,2015-12-15,CLE @ BOS,W,28,1,6,0.167,0,2,0.0,0,0,,0,1,1,4,1,0,1,4,2,13,11.2,1,2015-16
22015,2034,Mike Miller,1610612743,DEN,Denver Nuggets,0021500368,2015-12-15,DEN @ MIN,W,10,0,1,0.0,0,1,0.0,0,0,,0,0,0,2,1,0,0,1,0,6,6.0,1,2015-16
22015,203115,Will Barton,1610612743,DEN,Denver Nuggets,0021500368,2015-12-15,DEN @ MIN,W,31,5,11,0.455,1,2,0.5,3,4,0.75,2,5,7,5,0,0,3,3,14,8,26.9,1,2015-16
22015,203914,Gary Harris,1610612743,DEN,Denver Nuggets,0021500368,2015-12-15,DEN @ MIN,W,24,2,5,0.4,0,1,0.0,0,0,,1,1,2,0,0,0,1,1,4,3,5.4,1,2015-16
22015,2730,Dwight Howard,1610612745,HOU,Houston Rockets,0021500369,2015-12-15,HOU @ SAC,L,28,2,7,0.286,0,0,,0,1,0.0,1,3,4,2,1,1,2,5,4,-10,15.8,1,2015-16
22015,101138,Brandon Bass,1610612747,LAL,Los Angeles Lakers,0021500370,2015-12-15,LAL vs. MIL,W,2,0,1,0.0,0,0,,0,0,,1,1,2,0,0,0,0,0,0,-2,2.4,1,2015-16
22015,201156,Nick Young,1610612747,LAL,Los Angeles Lakers,0021500370,2015-12-15,LAL vs. MIL,W,21,3,8,0.375,3,6,0.5,1,2,0.5,0,1,1,0,0,0,0,1,10,-2,11.2,1,2015-16
22015,1626204,Larry Nance Jr.,1610612747,LAL,Los Angeles Lakers,0021500370,2015-12-15,LAL vs. MIL,W,23,2,2,1.0,0,0,,0,0,,4,1,5,2,0,0,0,1,4,22,13.0,1,2015-16
22015,201564,O.J. Mayo,1610612749,MIL,Milwaukee Bucks,0021500370,2015-12-15,MIL @ LAL,L,27,3,11,0.273,2,5,0.4,1,2,0.5,0,1,1,2,2,0,3,4,9,-9,16.2,1,2015-16
22015,203101,Miles Plumlee,1610612749,MIL,Milwaukee Bucks,0021500370,2015-12-15,MIL @ LAL,L,24,5,7,0.714,0,0,,0,2,0.0,2,6,8,0,0,1,1,3,10,-1,21.6,1,2015-16
22015,203953,Jabari Parker,1610612749,MIL,Milwaukee Bucks,0021500370,2015-12-15,MIL @ LAL,L,26,4,9,0.444,0,1,0.0,4,6,0.667,3,1,4,3,0,0,0,0,12,-16,21.3,1,2015-16
22015,203996,Damien Inglis,1610612749,MIL,Milwaukee Bucks,0021500370,2015-12-15,MIL @ LAL,L,2,0,0,,0,0,,0,0,,0,0,0,0,0,0,0,0,0,2,0.0,1,2015-16
22015,203476,Gorgui Dieng,1610612750,MIN,Minnesota Timberwolves,0021500368,2015-12-15,MIN vs. DEN,L,23,2,4,0.5,0,0,,0,0,,2,7,9,1,2,1,1,4,4,-1,24.3,1,2015-16
22015,203897,Zach LaVine,1610612750,MIN,Minnesota Timberwolves,0021500368,2015-12-15,MIN vs. DEN,L,25,8,18,0.444,1,3,0.333,3,4,0.75,1,3,4,5,1,1,2,1,20,-7,36.3,1,2015-16
22015,203952,Andrew Wiggins,1610612750,MIN,Minnesota Timberwolves,0021500368,2015-12-15,MIN vs. DEN,L,34,9,17,0.529,1,1,1.0,4,5,0.8,0,1,1,1,0,1,3,3,23,-5,25.7,1,2015-16
22015,1626157,Karl-Anthony Towns,1610612750,MIN,Minnesota Timberwolves,0021500368,2015-12-15,MIN vs. DEN,L,28,5,7,0.714,0,0,,8,8,1.0,4,2,6,1,1,2,0,4,18,-12,35.7,1,2015-16
22015,201585,Kosta Koufos,1610612758,SAC,Sacramento Kings,0021500369,2015-12-15,SAC vs. HOU,W,19,4,7,0.571,0,0,,0,2,0.0,2,4,6,0,0,1,0,1,8,14,18.2,1,2015-16
22015,202341,James Anderson,1610612758,SAC,Sacramento Kings,0021500369,2015-12-15,SAC vs. HOU,W,1,0,1,0.0,0,0,,0,0,,0,0,0,0,0,0,0,0,0,-3,0.0,1,2015-16
22015,203112,Quincy Acy,1610612758,SAC,Sacramento Kings,0021500369,2015-12-15,SAC vs. HOU,W,1,0,1,0.0,0,1,0.0,0,0,,0,0,0,0,0,0,0,0,0,-3,0.0,1,2015-16
22015,101161,Amir Johnson,1610612738,BOS,Boston Celtics,0021500367,2015-12-15,BOS vs. CLE,L,24,2,5,0.4,0,0,,1,2,0.5,4,3,7,0,1,1,1,2,5,-11,18.4,1,2015-16
22015,202738,Isaiah Thomas,1610612738,BOS,Boston Celtics,0021500367,2015-12-15,BOS vs. CLE,L,27,3,15,0.2,0,2,0.0,6,6,1.0,2,1,3,4,0,0,1,0,12,-10,20.6,1,2015-16
22015,203092,Tyler Zeller,1610612738,BOS,Boston Celtics,0021500367,2015-12-15,BOS vs. CLE,L,3,0,1,0.0,0,0,,0,0,,0,0,0,0,0,0,0,0,0,3,0.0,1,2015-16
22015,203923,James Young,1610612738,BOS,Boston Celtics,0021500367,2015-12-15,BOS vs. CLE,L,16,0,3,0.0,0,3,0.0,0,0,,1,4,5,3,0,0,0,1,0,-1,10.5,1,2015-16
22015,1626179,Terry Rozier,1610612738,BOS,Boston Celtics,0021500367,2015-12-15,BOS vs. CLE,L,1,0,1,0.0,0,0,,0,0,,0,1,1,0,0,0,0,0,0,3,1.2,1,2015-16
22015,203123,Kostas Papanikolaou,1610612743,DEN,Denver Nuggets,0021500368,2015-12-15,DEN @ MIN,W,20,3,6,0.5,0,1,0.0,2,2,1.0,0,2,2,2,0,0,1,3,8,12,12.4,1,2015-16
22015,201976,Patrick Beverley,1610612745,HOU,Houston Rockets,0021500369,2015-12-15,HOU @ SAC,L,35,5,11,0.455,2,6,0.333,2,3,0.667,0,0,0,1,3,0,1,4,14,-1,23.5,1,2015-16
22015,203991,Clint Capela,1610612745,HOU,Houston Rockets,0021500369,2015-12-15,HOU @ SAC,L,13,2,3,0.667,0,0,,0,0,,3,6,9,0,1,1,2,5,4,7,18.8,1,2015-16
22015,203135,Robert Sacre,1610612747,LAL,Los Angeles Lakers,0021500370,2015-12-15,LAL vs. MIL,W,22,2,5,0.4,0,0,,0,0,,1,2,3,1,0,2,1,4,4,-2,14.1,1,2015-16
22015,203903,Jordan Clarkson,1610612747,LAL,Los Angeles Lakers,0021500370,2015-12-15,LAL vs. MIL,W,33,5,14,0.357,1,2,0.5,1,2,0.5,1,5,6,3,3,0,3,1,12,11,29.7,1,2015-16
22015,1626273,Marcelo Huertas,1610612747,LAL,Los Angeles Lakers,0021500370,2015-12-15,LAL vs. MIL,W,2,0,1,0.0,0,1,0.0,0,0,,0,0,0,0,0,0,1,0,0,-2,-1.0,1,2015-16
22015,708,Kevin Garnett,1610612750,MIN,Minnesota Timberwolves,0021500368,2015-12-15,MIN vs. DEN,L,13,2,3,0.667,0,0,,2,2,1.0,1,3,4,0,1,0,0,2,6,-5,13.8,1,2015-16
22015,2755,Kevin Martin,1610612750,MIN,Minnesota Timberwolves,0021500368,2015-12-15,MIN vs. DEN,L,22,1,8,0.125,0,2,0.0,0,0,,0,0,0,3,0,0,0,2,2,-13,6.5,1,2015-16
22015,203940,Adreian Payne,1610612750,MIN,Minnesota Timberwolves,0021500368,2015-12-15,MIN vs. DEN,L,4,2,2,1.0,0,0,,1,2,0.5,0,1,1,0,0,0,0,1,5,6,6.2,1,2015-16
22015,204014,Damjan Rudez,1610612750,MIN,Minnesota Timberwolves,0021500368,2015-12-15,MIN vs. DEN,L,11,0,0,,0,0,,0,0,,0,0,0,0,0,0,0,1,0,-4,0.0,1,2015-16
22015,203482,Kelly Olynyk,1610612738,BOS,Boston Celtics,0021500367,2015-12-15,BOS vs. CLE,L,22,2,7,0.286,1,3,0.333,0,0,,1,1,2,0,1,0,0,0,5,-6,10.4,1,2015-16
22015,202684,Tristan Thompson,1610612739,CLE,Cleveland Cavaliers,0021500367,2015-12-15,CLE @ BOS,W,22,0,2,0.0,0,0,,0,0,,1,8,9,0,0,0,0,0,0,-4,10.8,1,2015-16
22015,203999,Nikola Jokić,1610612743,DEN,Denver Nuggets,0021500368,2015-12-15,DEN @ MIN,W,21,3,4,0.75,0,0,,0,0,,2,1,3,2,2,2,2,3,6,12,22.6,1,2015-16
22015,2772,Trevor Ariza,1610612745,HOU,Houston Rockets,0021500369,2015-12-15,HOU @ SAC,L,33,3,10,0.3,2,8,0.25,2,2,1.0,1,5,6,2,3,0,0,2,10,-6,29.2,1,2015-16
22015,201951,Ty Lawson,1610612745,HOU,Houston Rockets,0021500369,2015-12-15,HOU @ SAC,L,7,0,1,0.0,0,0,,0,0,,0,0,0,3,0,0,1,1,0,-4,3.5,1,2015-16
22015,977,Kobe Bryant,1610612747,LAL,Los Angeles Lakers,0021500370,2015-12-15,LAL vs. MIL,W,27,7,15,0.467,3,7,0.429,5,5,1.0,0,3,3,6,0,0,2,2,22,20,32.6,1,2015-16
22015,203142,Chris Copeland,1610612749,MIL,Milwaukee Bucks,0021500370,2015-12-15,MIL @ LAL,L,7,0,1,0.0,0,1,0.0,0,0,,0,0,0,0,0,0,1,1,0,-3,-1.0,1,2015-16
22015,203898,Tyler Ennis,1610612749,MIL,Milwaukee Bucks,0021500370,2015-12-15,MIL @ LAL,L,4,1,1,1.0,0,0,,0,0,,0,1,1,0,1,0,0,1,2,-1,6.2,1,2015-16
22015,1626173,Rashad Vaughn,1610612749,MIL,Milwaukee Bucks,0021500370,2015-12-15,MIL @ LAL,L,6,0,1,0.0,0,1,0.0,0,0,,0,0,0,1,0,0,0,0,0,3,1.5,1,2015-16
22015,200752,Rudy Gay,1610612758,SAC,Sacramento Kings,0021500369,2015-12-15,SAC vs. HOU,W,35,6,11,0.545,2,5,0.4,3,5,0.6,2,11,13,3,6,1,5,5,17,14,53.1,1,2015-16
22015,201954,Darren Collison,1610612758,SAC,Sacramento Kings,0021500369,2015-12-15,SAC vs. HOU,W,41,6,9,0.667,1,1,1.0,1,1,1.0,0,7,7,13,1,0,8,3,14,17,36.9,1,2015-16
22015,203463,Ben McLemore,1610612758,SAC,Sacramento Kings,0021500369,2015-12-15,SAC vs. HOU,W,24,3,4,0.75,0,0,,2,3,0.667,0,0,0,2,2,0,3,3,8,4,14.0,1,2015-16
22015,2544,LeBron James,1610612739,CLE,Cleveland Cavaliers,0021500367,2015-12-15,CLE @ BOS,W,36,10,20,0.5,0,3,0.0,4,4,1.0,1,6,7,3,2,1,6,3,24,17,39.9,1,2015-16
22015,2747,JR Smith,1610612739,CLE,Cleveland Cavaliers,0021500367,2015-12-15,CLE @ BOS,W,36,4,9,0.444,1,3,0.333,0,0,,3,3,6,0,1,0,0,4,9,8,19.2,1,2015-16
22015,202389,Timofey Mozgov,1610612739,CLE,Cleveland Cavaliers,0021500367,2015-12-15,CLE @ BOS,W,24,4,5,0.8,0,0,,1,1,1.0,0,10,10,0,0,3,0,1,9,11,30.0,1,2015-16
22015,202697,Iman Shumpert,1610612739,CLE,Cleveland Cavaliers,0021500367,2015-12-15,CLE @ BOS,W,14,2,4,0.5,2,3,0.667,0,0,,0,1,1,1,0,1,1,1,6,4,10.7,1,2015-16
22015,200751,Randy Foye,1610612743,DEN,Denver Nuggets,0021500368,2015-12-15,DEN @ MIN,W,25,7,9,0.778,5,6,0.833,0,0,,0,2,2,2,2,0,1,1,19,12,29.4,1,2015-16
22015,201568,Danilo Gallinari,1610612743,DEN,Denver Nuggets,0021500368,2015-12-15,DEN @ MIN,W,28,3,7,0.429,1,2,0.5,8,11,0.727,1,2,3,5,0,0,1,2,15,0,25.1,1,2015-16
22015,201589,Darrell Arthur,1610612743,DEN,Denver Nuggets,0021500368,2015-12-15,DEN @ MIN,W,15,3,6,0.5,0,1,0.0,0,0,,0,0,0,0,2,1,1,1,6,2,14.0,1,2015-16
22015,1891,Jason Terry,1610612745,HOU,Houston Rockets,0021500369,2015-12-15,HOU @ SAC,L,26,6,13,0.462,2,8,0.25,0,0,,0,1,1,4,2,0,1,2,14,-5,26.2,1,2015-16
22015,1626149,Montrezl Harrell,1610612745,HOU,Houston Rockets,0021500369,2015-12-15,HOU @ SAC,L,1,0,0,,0,0,,0,0,,0,0,0,0,0,0,0,0,0,3,0.0,1,2015-16
22015,203089,John Henson,1610612749,MIL,Milwaukee Bucks,0021500370,2015-12-15,MIL @ LAL,L,24,3,5,0.6,0,0,,0,2,0.0,1,3,4,1,0,4,2,3,6,-17,22.3,1,2015-16
22015,1889,Andre Miller,1610612750,MIN,Minnesota Timberwolves,0021500368,2015-12-15,MIN vs. DEN,L,9,1,3,0.333,0,0,,0,2,0.0,0,0,0,1,0,0,0,2,2,2,3.5,1,2015-16
22015,2419,Tayshaun Prince,1610612750,MIN,Minnesota Timberwolves,0021500368,2015-12-15,MIN vs. DEN,L,12,1,1,1.0,0,0,,0,0,,0,0,0,0,1,0,0,0,2,-10,5.0,1,2015-16
22015,202357,Nemanja Bjelica,1610612750,MIN,Minnesota Timberwolves,0021500368,2015-12-15,MIN vs. DEN,L,17,1,3,0.333,0,1,0.0,0,0,,2,0,2,0,0,1,0,3,2,3,7.4,1,2015-16
22015,203498,Shabazz Muhammad,1610612750,MIN,Minnesota Timberwolves,0021500368,2015-12-15,MIN vs. DEN,L,14,1,5,0.2,0,0,,1,2,0.5,0,0,0,0,0,0,2,0,3,-7,1.0,1,2015-16
22015,201956,Omri Casspi,1610612758,SAC,Sacramento Kings,0021500369,2015-12-15,SAC vs. HOU,W,38,8,11,0.727,3,4,0.75,0,0,,3,3,6,6,2,0,5,1,19,6,36.2,1,2015-16
22015,202326,DeMarcus Cousins,1610612758,SAC,Sacramento Kings,0021500369,2015-12-15,SAC vs. HOU,W,33,7,17,0.412,2,4,0.5,10,14,0.714,1,11,12,0,2,1,4,4,26,4,45.4,1,2015-16
22015,203552,Seth Curry,1610612758,SAC,Sacramento Kings,0021500369,2015-12-15,SAC vs. HOU,W,21,1,4,0.25,0,2,0.0,4,4,1.0,0,1,1,0,0,0,1,0,6,-8,6.2,1,2015-16
22015,203109,Jae Crowder,1610612738,BOS,Boston Celtics,0021500367,2015-12-15,BOS vs. CLE,L,28,5,13,0.385,4,9,0.444,0,0,,0,3,3,0,1,2,1,3,14,-10,25.6,1,2015-16
22015,2760,Anderson Varejao,1610612739,CLE,Cleveland Cavaliers,0021500367,2015-12-15,CLE @ BOS,W,7,2,3,0.667,0,0,,0,0,,0,2,2,0,0,0,0,2,4,-4,6.4,1,2015-16
22015,101150,Lou Williams,1610612747,LAL,Los Angeles Lakers,0021500370,2015-12-15,LAL vs. MIL,W,32,4,9,0.444,1,5,0.2,7,7,1.0,0,3,3,4,1,0,2,1,16,23,26.6,1,2015-16
22015,201579,Roy Hibbert,1610612747,LAL,Los Angeles Lakers,0021500370,2015-12-15,LAL vs. MIL,W,24,5,9,0.556,0,0,,2,3,0.667,4,7,11,2,0,1,0,2,12,22,31.2,1,2015-16
22015,203948,Johnny O'Bryant III,1610612749,MIL,Milwaukee Bucks,0021500370,2015-12-15,MIL @ LAL,L,20,3,5,0.6,0,0,,0,0,,4,3,7,2,0,1,1,3,6,-5,19.4,1,2015-16
22015,201158,Marco Belinelli,1610612758,SAC,Sacramento Kings,0021500369,2015-12-15,SAC vs. HOU,W,27,3,10,0.3,3,7,0.429,0,0,,1,1,2,1,0,0,2,2,9,5,10.9,1,2015-16
22015,2594,Kyle Korver,1610612737,ATL,Atlanta Hawks,0021500376,2015-12-16,ATL vs. PHI,W,27,2,5,0.4,2,4,0.5,1,1,1.0,0,3,3,7,2,0,4,3,7,25,23.1,1,2015-16
22015,200757,Thabo Sefolosha,1610612737,ATL,Atlanta Hawks,0021500376,2015-12-16,ATL vs. PHI,W,22,2,3,0.667,0,1,0.0,1,2,0.5,0,2,2,0,0,0,0,5,5,2,7.4,1,2015-16
22015,200794,Paul Millsap,1610612737,ATL,Atlanta Hawks,0021500376,2015-12-16,ATL vs. PHI,W,25,7,8,0.875,1,1,1.0,6,7,0.857,0,0,0,3,0,2,1,3,21,7,30.5,1,2015-16
22015,201600,Omer Asik,1610612740,NOP,New Orleans Pelicans,0021500380,2015-12-16,NOP @ UTA,W,20,1,2,0.5,0,0,,0,0,,1,4,5,0,0,0,0,2,2,1,8.0,1,2015-16
22015,202708,Norris Cole,1610612740,NOP,New Orleans Pelicans,0021500380,2015-12-16,NOP @ UTA,W,18,3,7,0.429,1,2,0.5,0,0,,0,3,3,1,1,0,2,2,7,3,13.1,1,2015-16
22015,203076,Anthony Davis,1610612740,NOP,New Orleans Pelicans,0021500380,2015-12-16,NOP @ UTA,W,38,7,15,0.467,0,1,0.0,3,3,1.0,2,11,13,0,0,1,0,3,17,8,35.6,1,2015-16
22015,201149,Joakim Noah,1610612741,CHI,Chicago Bulls,0021500377,2015-12-16,CHI vs. MEM,W,29,1,4,0.25,0,0,,1,4,0.25,2,4,6,5,0,1,2,4,3,7,18.7,1,2015-16
22015,203926,Doug McDermott,1610612741,CHI,Chicago Bulls,0021500377,2015-12-16,CHI vs. MEM,W,23,6,12,0.5,4,8,0.5,1,1,1.0,0,1,1,0,0,1,1,2,17,10,20.2,1,2015-16
22015,201580,JaVale McGee,1610612742,DAL,Dallas Mavericks,0021500371,2015-12-16,DAL @ IND,L,11,2,2,1.0,0,0,,0,0,,3,4,7,1,0,0,0,1,4,-10,13.9,1,2015-16
22015,202379,Jeremy Evans,1610612742,DAL,Dallas Mavericks,0021500371,2015-12-16,DAL @ IND,L,6,0,0,,0,0,,0,0,,0,0,0,0,0,0,0,0,0,-8,0.0,1,2015-16
22015,203939,Dwight Powell,1610612742,DAL,Dallas Mavericks,0021500371,2015-12-16,DAL @ IND,L,7,1,1,1.0,0,0,,0,0,,0,1,1,0,0,0,0,3,2,-8,3.2,1,2015-16
22015,1626147,Justin Anderson,1610612742,DAL,Dallas Mavericks,0021500371,2015-12-16,DAL @ IND,L,6,0,5,0.0,0,3,0.0,0,0,,0,0,0,0,0,0,0,0,0,-8,0.0,1,2015-16
22015,2571,Leandro Barbosa,1610612744,GSW,Golden State Warriors,0021500381,2015-12-16,GSW vs. PHX,W,13,2,6,0.333,0,3,0.0,0,0,,0,0,0,3,2,1,0,0,4,0,17.5,1,2015-16
22015,203105,Festus Ezeli,1610612744,GSW,Golden State Warriors,0021500381,2015-12-16,GSW vs. PHX,W,15,3,7,0.429,0,0,,1,2,0.5,1,4,5,0,0,0,1,1,7,-3,12.0,1,2015-16
22015,200755,JJ Redick,1610612746,LAC,LA Clippers,0021500382,2015-12-16,LAC vs. MIL,W,27,5,11,0.455,3,6,0.5,6,6,1.0,0,0,0,3,1,0,1,0,19,16,25.5,1,2015-16
22015,201601,Luc Mbah a Moute,1610612746,LAC,LA Clippers,0021500382,2015-12-16,LAC vs. MIL,W,19,3,5,0.6,1,1,1.0,0,0,,3,3,6,1,0,0,1,0,7,7,14.7,1,2015-16
22015,203089,John Henson,1610612749,MIL,Milwaukee Bucks,0021500382,2015-12-16,MIL @ LAC,L,21,5,8,0.625,0,0,,0,0,,4,4,8,0,0,3,1,0,10,7,27.6,1,2015-16
22015,203487,Michael Carter-Williams,1610612749,MIL,Milwaukee Bucks,0021500382,2015-12-16,MIL @ LAC,L,39,8,18,0.444,0,0,,1,2,0.5,1,5,6,5,1,0,4,2,17,-14,30.7,1,2015-16
22015,203948,Johnny O'Bryant III,1610612749,MIL,Milwaukee Bucks,0021500382,2015-12-16,MIL @ LAC,L,11,3,4,0.75,0,0,,0,1,0.0,2,0,2,1,3,0,0,2,6,-11,18.9,1,2015-16
22015,203953,Jabari Parker,1610612749,MIL,Milwaukee Bucks,0021500382,2015-12-16,MIL @ LAC,L,25,6,11,0.545,0,0,,2,2,1.0,1,1,2,1,1,1,0,3,14,-8,23.9,1,2015-16
22015,201937,Ricky Rubio,1610612750,MIN,Minnesota Timberwolves,0021500375,2015-12-16,MIN @ NYK,L,34,3,10,0.3,1,1,1.0,2,2,1.0,3,7,10,12,8,0,1,1,9,3,62.0,1,2015-16
22015,202357,Nemanja Bjelica,1610612750,MIN,Minnesota Timberwolves,0021500375,2015-12-16,MIN @ NYK,L,10,1,4,0.25,0,3,0.0,0,0,,0,0,0,0,1,0,0,1,2,2,5.0,1,2015-16
22015,203897,Zach LaVine,1610612750,MIN,Minnesota Timberwolves,0021500375,2015-12-16,MIN @ NYK,L,29,9,20,0.45,1,5,0.2,0,0,,0,2,2,2,0,0,1,3,19,3,23.4,1,2015-16
22015,101127,Jarrett Jack,1610612751,BKN,Brooklyn Nets,0021500373,2015-12-16,BKN vs. MIA,L,36,7,14,0.5,1,5,0.2,7,8,0.875,0,2,2,10,2,0,2,2,22,0,43.4,1,2015-16
22015,201572,Brook Lopez,1610612751,BKN,Brooklyn Nets,0021500373,2015-12-16,BKN vs. MIA,L,28,12,16,0.75,0,0,,1,2,0.5,3,3,6,0,0,0,0,4,25,-3,32.2,1,2015-16
22015,203080,Thomas Robinson,1610612751,BKN,Brooklyn Nets,0021500373,2015-12-16,BKN vs. MIA,L,2,0,0,,0,0,,1,2,0.5,1,0,1,0,0,0,0,1,1,-2,2.2,1,2015-16
22015,2756,Sasha Vujacic,1610612752,NYK,New York Knicks,0021500375,2015-12-16,NYK vs. MIN,W,10,0,2,0.0,0,0,,2,2,1.0,0,0,0,0,0,0,0,1,2,-7,2.0,1,2015-16
22015,203095,Evan Fournier,1610612753,ORL,Orlando Magic,0021500372,2015-12-16,ORL vs. CHA,W,24,4,7,0.571,3,5,0.6,4,4,1.0,0,3,3,3,2,0,2,0,15,18,27.1,1,2015-16
22015,201941,Jordan Hill,1610612754,IND,Indiana Pacers,0021500371,2015-12-16,IND vs. DAL,W,23,3,4,0.75,0,0,,0,0,,2,4,6,2,1,1,0,3,6,17,22.2,1,2015-16
22015,202331,Paul George,1610612754,IND,Indiana Pacers,0021500371,2015-12-16,IND vs. DAL,W,32,7,18,0.389,2,8,0.25,3,3,1.0,0,7,7,3,1,1,3,2,19,18,34.9,1,2015-16
22015,203100,Tony Wroten,1610612755,PHI,Philadelphia 76ers,0021500376,2015-12-16,PHI @ ATL,L,16,4,10,0.4,1,4,0.25,3,5,0.6,0,2,2,0,0,0,4,1,12,-23,10.4,1,2015-16
22015,204456,T.J. McConnell,1610612755,PHI,Philadelphia 76ers,0021500376,2015-12-16,PHI @ ATL,L,17,2,3,0.667,1,1,1.0,0,0,,1,1,2,4,1,0,3,1,5,8,13.4,1,2015-16
22015,203458,Alex Len,1610612756,PHX,Phoenix Suns,0021500381,2015-12-16,PHX @ GSW,L,22,3,6,0.5,0,0,,0,0,,1,4,5,1,1,1,1,1,6,4,18.5,1,2015-16
22015,203933,T.J. Warren,1610612756,PHX,Phoenix Suns,0021500381,2015-12-16,PHX @ GSW,L,36,9,15,0.6,0,1,0.0,1,2,0.5,2,6,8,3,1,2,1,3,19,0,41.1,1,2015-16
22015,201945,Gerald Henderson,1610612757,POR,Portland Trail Blazers,0021500378,2015-12-16,POR @ OKC,L,17,1,5,0.2,0,1,0.0,0,0,,0,3,3,1,0,0,1,0,2,-10,6.1,1,2015-16
22015,203081,Damian Lillard,1610612757,POR,Portland Trail Blazers,0021500378,2015-12-16,POR @ OKC,L,30,6,20,0.3,4,8,0.5,4,5,0.8,0,5,5,2,1,1,2,3,20,-17,33.0,1,2015-16
22015,203459,Allen Crabbe,1610612757,POR,Portland Trail Blazers,0021500378,2015-12-16,POR @ OKC,L,16,1,5,0.2,1,3,0.333,0,0,,0,0,0,0,1,0,1,4,3,-13,5.0,1,2015-16
22015,2561,David West,1610612759,SAS,San Antonio Spurs,0021500379,2015-12-16,SAS vs. WAS,W,25,4,7,0.571,0,0,,1,2,0.5,3,7,10,1,1,2,0,3,9,8,31.5,1,2015-16
22015,203937,Kyle Anderson,1610612759,SAS,San Antonio Spurs,0021500379,2015-12-16,SAS vs. WAS,W,17,2,3,0.667,0,0,,2,4,0.5,0,1,1,2,0,2,1,2,6,9,15.2,1,2015-16
22015,1626246,Boban Marjanovic,1610612759,SAS,San Antonio Spurs,0021500379,2015-12-16,SAS vs. WAS,W,15,2,4,0.5,0,0,,3,4,0.75,2,4,6,0,0,2,1,1,7,17,19.2,1,2015-16
22015,203079,Dion Waiters,1610612760,OKC,Oklahoma City Thunder,0021500378,2015-12-16,OKC vs. POR,W,28,6,10,0.6,1,2,0.5,5,7,0.714,0,6,6,1,1,0,3,2,18,8,26.7,1,2015-16
22015,203460,Andre Roberson,1610612760,OKC,Oklahoma City Thunder,0021500378,2015-12-16,OKC vs. POR,W,22,2,3,0.667,0,1,0.0,0,0,,1,0,1,1,1,0,1,2,4,6,8.7,1,2015-16
22015,1626162,Kelly Oubre Jr.,1610612764,WAS,Washington Wizards,0021500379,2015-12-16,WAS @ SAS,L,25,6,15,0.4,2,7,0.286,4,4,1.0,2,1,3,0,0,0,0,3,18,-7,21.6,1,2015-16
22015,101141,Ersan Ilyasova,1610612765,DET,Detroit Pistons,0021500374,2015-12-16,DET vs. BOS,W,31,2,8,0.25,2,5,0.4,5,6,0.833,1,4,5,0,1,2,1,3,11,-8,25.0,1,2015-16
22015,201202,Joel Anthony,1610612765,DET,Detroit Pistons,0021500374,2015-12-16,DET vs. BOS,W,1,0,0,,0,0,,1,2,0.5,0,0,0,0,0,0,0,0,1,-3,1.0,1,2015-16
22015,203083,Andre Drummond,1610612765,DET,Detroit Pistons,0021500374,2015-12-16,DET vs. BOS,W,35,6,10,0.6,1,1,1.0,3,10,0.3,4,8,12,1,2,0,2,3,16,1,35.9,1,2015-16
22015,203484,Kentavious Caldwell-Pope,1610612765,DET,Detroit Pistons,0021500374,2015-12-16,DET vs. BOS,W,44,10,16,0.625,3,4,0.75,8,8,1.0,0,2,2,3,1,1,1,3,31,-4,42.9,1,2015-16
22015,1626169,Stanley Johnson,1610612765,DET,Detroit Pistons,0021500374,2015-12-16,DET vs. BOS,W,21,3,5,0.6,0,0,,2,3,0.667,1,6,7,0,0,0,1,1,8,10,15.4,1,2015-16
22015,203469,Cody Zeller,1610612766,CHA,Charlotte Hornets,0021500372,2015-12-16,CHA @ ORL,L,23,3,3,1.0,0,0,,5,5,1.0,0,2,2,2,3,0,0,2,11,-1,25.4,1,2015-16
22015,203798,PJ Hairston,1610612766,CHA,Charlotte Hornets,0021500372,2015-12-16,CHA @ ORL,L,22,5,11,0.455,3,7,0.429,1,1,1.0,1,1,2,0,1,0,2,1,14,-14,17.4,1,2015-16
22015,203934,Lamar Patterson,1610612737,ATL,Atlanta Hawks,0021500376,2015-12-16,ATL vs. PHI,W,13,2,4,0.5,0,1,0.0,0,0,,0,2,2,3,0,0,0,1,4,-3,10.9,1,2015-16
22015,203092,Tyler Zeller,1610612738,BOS,Boston Celtics,0021500374,2015-12-16,BOS @ DET,L,10,5,7,0.714,0,0,,2,4,0.5,1,2,3,1,0,0,2,4,12,4,15.1,1,2015-16
22015,203482,Kelly Olynyk,1610612738,BOS,Boston Celtics,0021500374,2015-12-16,BOS @ DET,L,16,0,2,0.0,0,2,0.0,0,0,,0,2,2,2,0,1,0,1,0,-4,8.4,1,2015-16
22015,201569,Eric Gordon,1610612740,NOP,New Orleans Pelicans,0021500380,2015-12-16,NOP @ UTA,W,28,5,9,0.556,4,7,0.571,5,5,1.0,0,0,0,1,1,0,3,4,19,2,20.5,1,2015-16
22015,201936,Tyreke Evans,1610612740,NOP,New Orleans Pelicans,0021500380,2015-12-16,NOP @ UTA,W,35,4,12,0.333,1,4,0.25,2,2,1.0,1,3,4,5,2,0,3,3,11,9,26.3,1,2015-16
22015,201967,Dante Cunningham,1610612740,NOP,New Orleans Pelicans,0021500380,2015-12-16,NOP @ UTA,W,14,0,2,0.0,0,2,0.0,1,2,0.5,0,1,1,0,0,0,0,1,1,15,2.2,1,2015-16
22015,2200,Pau Gasol,1610612741,CHI,Chicago Bulls,0021500377,2015-12-16,CHI vs. MEM,W,33,3,6,0.5,0,1,0.0,4,4,1.0,1,13,14,2,0,2,2,1,10,5,33.8,1,2015-16
22015,201166,Aaron Brooks,1610612741,CHI,Chicago Bulls,0021500377,2015-12-16,CHI vs. MEM,W,17,2,8,0.25,2,4,0.5,1,2,0.5,2,1,3,1,0,1,2,4,7,-4,13.1,1,2015-16
22015,201565,Derrick Rose,1610612741,CHI,Chicago Bulls,0021500377,2015-12-16,CHI vs. MEM,W,33,9,19,0.474,0,3,0.0,1,3,0.333,0,2,2,5,1,0,3,1,19,10,28.9,1,2015-16
22015,202710,Jimmy Butler III,1610612741,CHI,Chicago Bulls,0021500377,2015-12-16,CHI vs. MEM,W,38,10,22,0.455,1,4,0.25,3,3,1.0,1,3,4,4,1,1,1,1,24,10,39.8,1,2015-16
22015,2734,Devin Harris,1610612742,DAL,Dallas Mavericks,0021500371,2015-12-16,DAL @ IND,L,6,1,1,1.0,1,1,1.0,2,2,1.0,0,0,0,0,0,0,0,1,5,4,5.0,1,2015-16
22015,101114,Deron Williams,1610612742,DAL,Dallas Mavericks,0021500371,2015-12-16,DAL @ IND,L,27,3,10,0.3,1,4,0.25,1,1,1.0,0,0,0,6,0,0,2,0,8,-1,15.0,1,2015-16
22015,2733,Shaun Livingston,1610612744,GSW,Golden State Warriors,0021500381,2015-12-16,GSW vs. PHX,W,17,0,3,0.0,0,1,0.0,2,2,1.0,0,2,2,4,1,1,1,0,2,5,15.4,1,2015-16
22015,201574,Jason Thompson,1610612744,GSW,Golden State Warriors,0021500381,2015-12-16,GSW vs. PHX,W,4,0,0,,0,0,,0,0,,0,3,3,0,0,0,0,0,0,-12,3.6,1,2015-16
22015,201575,Brandon Rush,1610612744,GSW,Golden State Warriors,0021500381,2015-12-16,GSW vs. PHX,W,30,4,8,0.5,3,5,0.6,0,0,,0,3,3,2,0,0,1,2,11,9,16.6,1,2015-16
22015,201578,Marreese Speights,1610612744,GSW,Golden State Warriors,0021500381,2015-12-16,GSW vs. PHX,W,12,3,7,0.429,0,0,,5,6,0.833,2,0,2,0,0,0,2,5,11,-15,11.4,1,2015-16
22015,203110,Draymond Green,1610612744,GSW,Golden State Warriors,0021500381,2015-12-16,GSW vs. PHX,W,31,5,14,0.357,2,3,0.667,4,4,1.0,4,7,11,10,5,1,2,1,16,39,60.2,1,2015-16
22015,201933,Blake Griffin,1610612746,LAC,LA Clippers,0021500382,2015-12-16,LAC vs. MIL,W,34,5,13,0.385,0,0,,5,7,0.714,1,7,8,5,0,1,0,0,15,17,35.1,1,2015-16
22015,2547,Chris Bosh,1610612748,MIA,Miami Heat,0021500373,2015-12-16,MIA @ BKN,W,30,1,7,0.143,0,3,0.0,5,6,0.833,0,7,7,2,0,0,1,0,7,11,17.4,1,2015-16
22015,1626159,Justise Winslow,1610612748,MIA,Miami Heat,0021500373,2015-12-16,MIA @ BKN,W,33,4,5,0.8,3,3,1.0,0,0,,1,7,8,0,0,1,0,1,11,8,23.6,1,2015-16
22015,203114,Khris Middleton,1610612749,MIL,Milwaukee Bucks,0021500382,2015-12-16,MIL @ LAC,L,41,4,11,0.364,1,5,0.2,6,6,1.0,2,3,5,6,1,1,1,3,15,-17,35.0,1,2015-16
22015,201152,Thaddeus Young,1610612751,BKN,Brooklyn Nets,0021500373,2015-12-16,BKN vs. MIA,L,30,4,13,0.308,0,0,,0,0,,1,6,7,4,1,1,1,1,8,-4,27.4,1,2015-16
22015,2546,Carmelo Anthony,1610612752,NYK,New York Knicks,0021500375,2015-12-16,NYK vs. MIN,W,35,6,15,0.4,1,2,0.5,7,8,0.875,3,12,15,9,1,1,4,1,20,1,53.5,1,2015-16
22015,201577,Robin Lopez,1610612752,NYK,New York Knicks,0021500375,2015-12-16,NYK vs. MIN,W,18,3,8,0.375,0,0,,0,1,0.0,2,0,2,1,0,1,0,5,6,-12,12.9,1,2015-16
22015,203094,Andrew Nicholson,1610612753,ORL,Orlando Magic,0021500372,2015-12-16,ORL vs. CHA,W,18,2,4,0.5,1,2,0.5,2,2,1.0,0,1,1,0,0,1,1,3,7,-8,10.2,1,2015-16
22015,203473,Dewayne Dedmon,1610612753,ORL,Orlando Magic,0021500372,2015-12-16,ORL vs. CHA,W,4,0,0,,0,0,,0,0,,0,0,0,0,0,0,1,4,0,-9,-1.0,1,2015-16
22015,203506,Victor Oladipo,1610612753,ORL,Orlando Magic,0021500372,2015-12-16,ORL vs. CHA,W,25,5,9,0.556,1,2,0.5,0,0,,0,4,4,4,1,0,3,2,11,11,21.8,1,2015-16
22015,203901,Elfrid Payton,1610612753,ORL,Orlando Magic,0021500372,2015-12-16,ORL vs. CHA,W,30,5,9,0.556,0,1,0.0,2,2,1.0,0,3,3,9,1,0,2,1,12,16,30.1,1,2015-16
22015,201155,Rodney Stuckey,1610612754,IND,Indiana Pacers,0021500371,2015-12-16,IND vs. DAL,W,26,5,11,0.455,1,1,1.0,1,1,1.0,0,3,3,7,2,0,1,3,12,14,31.1,1,2015-16
22015,202730,Lavoy Allen,1610612754,IND,Indiana Pacers,0021500371,2015-12-16,IND vs. DAL,W,18,4,6,0.667,0,0,,0,0,,1,3,4,1,0,1,0,0,8,16,17.3,1,2015-16
22015,1626202,Joe Young,1610612754,IND,Indiana Pacers,0021500371,2015-12-16,IND vs. DAL,W,3,2,2,1.0,1,1,1.0,0,0,,0,2,2,0,0,0,0,0,5,5,7.4,1,2015-16
22015,203088,Kendall Marshall,1610612755,PHI,Philadelphia 76ers,0021500376,2015-12-16,PHI @ ATL,L,15,3,6,0.5,1,3,0.333,0,0,,0,0,0,4,0,0,4,0,7,-6,9.0,1,2015-16
22015,203496,Robert Covington,1610612755,PHI,Philadelphia 76ers,0021500376,2015-12-16,PHI @ ATL,L,27,4,8,0.5,1,2,0.5,1,1,1.0,1,3,4,4,2,0,1,3,10,-25,25.8,1,2015-16
22015,101179,Ronnie Price,1610612756,PHX,Phoenix Suns,0021500381,2015-12-16,PHX @ GSW,L,15,1,6,0.167,1,3,0.333,6,6,1.0,1,2,3,2,3,0,0,2,9,-4,24.6,1,2015-16
22015,202688,Brandon Knight,1610612756,PHX,Phoenix Suns,0021500381,2015-12-16,PHX @ GSW,L,29,7,16,0.438,0,4,0.0,3,3,1.0,0,1,1,2,0,0,3,3,17,-27,18.2,1,2015-16
22015,203090,Maurice Harkless,1610612757,POR,Portland Trail Blazers,0021500378,2015-12-16,POR @ OKC,L,10,1,4,0.25,0,0,,0,0,,1,1,2,0,0,0,1,2,2,1,3.4,1,2015-16
22015,203486,Mason Plumlee,1610612757,POR,Portland Trail Blazers,0021500378,2015-12-16,POR @ OKC,L,26,4,14,0.286,0,0,,6,6,1.0,9,1,10,3,0,0,5,2,14,-8,25.5,1,2015-16
22015,203943,Noah Vonleh,1610612757,POR,Portland Trail Blazers,0021500378,2015-12-16,POR @ OKC,L,26,0,2,0.0,0,0,,2,2,1.0,4,3,7,0,0,0,0,3,2,-10,10.4,1,2015-16
22015,204025,Tim Frazier,1610612757,POR,Portland Trail Blazers,0021500378,2015-12-16,POR @ OKC,L,11,2,3,0.667,1,1,1.0,0,0,,0,0,0,1,0,0,2,2,5,9,4.5,1,2015-16
22015,1938,Manu Ginobili,1610612759,SAS,San Antonio Spurs,0021500379,2015-12-16,SAS vs. WAS,W,18,4,7,0.571,1,3,0.333,2,2,1.0,0,3,3,8,1,0,3,3,11,15,26.6,1,2015-16
22015,201988,Patty Mills,1610612759,SAS,San Antonio Spurs,0021500379,2015-12-16,SAS vs. WAS,W,19,4,8,0.5,0,2,0.0,3,3,1.0,0,0,0,1,1,0,0,1,11,16,15.5,1,2015-16
22015,201586,Serge Ibaka,1610612760,OKC,Oklahoma City Thunder,0021500378,2015-12-16,OKC vs. POR,W,24,5,9,0.556,0,0,,3,5,0.6,1,3,4,1,0,4,2,3,13,14,29.3,1,2015-16
22015,202683,Enes Freedom,1610612760,OKC,Oklahoma City Thunder,0021500378,2015-12-16,OKC vs. POR,W,25,3,6,0.5,0,0,,6,8,0.75,2,11,13,0,0,0,2,2,12,2,25.6,1,2015-16
22015,203526,Raul Neto,1610612762,UTA,Utah Jazz,0021500380,2015-12-16,UTA vs. NOP,L,10,3,3,1.0,2,2,1.0,0,0,,0,0,0,2,0,0,0,0,8,2,11.0,1,2015-16
22015,1626168,Trey Lyles,1610612762,UTA,Utah Jazz,0021500380,2015-12-16,UTA vs. NOP,L,14,1,1,1.0,0,0,,0,0,,0,3,3,1,0,0,1,2,2,-14,6.1,1,2015-16
22015,201144,Mike Conley,1610612763,MEM,Memphis Grizzlies,0021500377,2015-12-16,MEM @ CHI,L,34,3,14,0.214,1,8,0.125,1,2,0.5,1,6,7,2,1,1,1,2,8,-7,24.4,1,2015-16
22015,201584,Courtney Lee,1610612763,MEM,Memphis Grizzlies,0021500377,2015-12-16,MEM @ CHI,L,37,8,11,0.727,2,2,1.0,0,0,,0,7,7,6,2,0,1,2,18,-11,40.4,1,2015-16
22015,201596,Mario Chalmers,1610612763,MEM,Memphis Grizzlies,0021500377,2015-12-16,MEM @ CHI,L,27,2,5,0.4,0,1,0.0,4,8,0.5,0,3,3,4,0,1,2,3,8,2,18.6,1,2015-16
22015,201162,Jared Dudley,1610612764,WAS,Washington Wizards,0021500379,2015-12-16,WAS @ SAS,L,19,1,1,1.0,0,0,,0,0,,0,2,2,0,0,0,0,1,2,-8,4.4,1,2015-16
22015,201971,DeJuan Blair,1610612764,WAS,Washington Wizards,0021500379,2015-12-16,WAS @ SAS,L,8,1,3,0.333,0,0,,2,2,1.0,1,1,2,0,0,0,2,4,4,-11,4.4,1,2015-16
22015,202322,John Wall,1610612764,WAS,Washington Wizards,0021500379,2015-12-16,WAS @ SAS,L,38,6,18,0.333,1,3,0.333,7,8,0.875,1,4,5,11,1,0,5,1,20,0,40.5,1,2015-16
22015,203490,Otto Porter Jr.,1610612764,WAS,Washington Wizards,0021500379,2015-12-16,WAS @ SAS,L,23,1,6,0.167,0,2,0.0,0,0,,0,2,2,1,3,0,0,2,2,-14,14.9,1,2015-16
22015,201229,Anthony Tolliver,1610612765,DET,Detroit Pistons,0021500374,2015-12-16,DET vs. BOS,W,15,3,5,0.6,3,4,0.75,0,0,,0,2,2,2,0,1,0,3,9,9,17.4,1,2015-16
22015,202694,Marcus Morris Sr.,1610612765,DET,Detroit Pistons,0021500374,2015-12-16,DET vs. BOS,W,33,4,9,0.444,1,2,0.5,2,2,1.0,0,1,1,2,1,0,1,3,11,-1,17.2,1,2015-16
22015,203148,Brian Roberts,1610612766,CHA,Charlotte Hornets,0021500372,2015-12-16,CHA @ ORL,L,7,2,2,1.0,1,1,1.0,0,0,,0,1,1,0,0,0,0,0,5,5,6.2,1,2015-16
22015,201168,Tiago Splitter,1610612737,ATL,Atlanta Hawks,0021500376,2015-12-16,ATL vs. PHI,W,14,4,5,0.8,0,0,,2,2,1.0,1,0,1,2,1,1,0,1,10,17,20.2,1,2015-16
22015,202714,Shelvin Mack,1610612737,ATL,Atlanta Hawks,0021500376,2015-12-16,ATL vs. PHI,W,8,4,6,0.667,0,1,0.0,0,0,,0,0,0,1,1,0,1,0,8,-2,11.5,1,2015-16
22015,203200,Justin Holiday,1610612737,ATL,Atlanta Hawks,0021500376,2015-12-16,ATL vs. PHI,W,6,0,0,,0,0,,0,0,,0,0,0,0,0,0,0,1,0,-6,0.0,1,2015-16
22015,203471,Dennis Schröder,1610612737,ATL,Atlanta Hawks,0021500376,2015-12-16,ATL vs. PHI,W,23,6,12,0.5,2,4,0.5,3,4,0.75,0,0,0,7,3,0,1,2,17,25,35.5,1,2015-16
22015,201973,Jonas Jerebko,1610612738,BOS,Boston Celtics,0021500374,2015-12-16,BOS @ DET,L,16,3,5,0.6,3,4,0.75,0,0,,0,3,3,0,0,0,1,3,9,10,11.6,1,2015-16
22015,201950,Jrue Holiday,1610612740,NOP,New Orleans Pelicans,0021500380,2015-12-16,NOP @ UTA,W,24,6,10,0.6,2,3,0.667,1,1,1.0,2,1,3,4,2,1,0,2,15,11,33.6,1,2015-16
22015,202397,Ish Smith,1610612740,NOP,New Orleans Pelicans,0021500380,2015-12-16,NOP @ UTA,W,2,0,0,,0,0,,0,0,,1,0,1,0,0,0,1,1,0,-1,0.2,1,2015-16
22015,201959,Taj Gibson,1610612741,CHI,Chicago Bulls,0021500377,2015-12-16,CHI vs. MEM,W,19,3,6,0.5,0,0,,2,2,1.0,3,3,6,1,1,0,1,1,8,6,18.7,1,2015-16
22015,2585,Zaza Pachulia,1610612742,DAL,Dallas Mavericks,0021500371,2015-12-16,DAL @ IND,L,26,2,8,0.25,0,0,,1,3,0.333,6,8,14,0,1,0,1,2,5,-7,23.8,1,2015-16
22015,200826,J.J. Barea,1610612742,DAL,Dallas Mavericks,0021500371,2015-12-16,DAL @ IND,L,21,3,8,0.375,0,2,0.0,2,2,1.0,0,3,3,4,0,0,1,2,8,-25,16.6,1,2015-16
22015,202718,Chandler Parsons,1610612742,DAL,Dallas Mavericks,0021500371,2015-12-16,DAL @ IND,L,29,3,9,0.333,1,3,0.333,0,0,,1,3,4,2,0,0,3,2,7,-17,11.8,1,2015-16
22015,101106,Andrew Bogut,1610612744,GSW,Golden State Warriors,0021500381,2015-12-16,GSW vs. PHX,W,21,0,0,,0,0,,0,2,0.0,1,11,12,3,1,1,3,4,0,42,21.9,1,2015-16
22015,203949,James Michael McAdoo,1610612744,GSW,Golden State Warriors,0021500381,2015-12-16,GSW vs. PHX,W,4,1,1,1.0,0,0,,0,0,,0,0,0,0,0,0,0,0,2,-12,2.0,1,2015-16
22015,2746,Josh Smith,1610612746,LAC,LA Clippers,0021500382,2015-12-16,LAC vs. MIL,W,18,5,9,0.556,3,3,1.0,0,2,0.0,2,2,4,0,2,0,1,0,13,-4,22.8,1,2015-16
22015,202325,Wesley Johnson,1610612746,LAC,LA Clippers,0021500382,2015-12-16,LAC vs. MIL,W,13,0,3,0.0,0,2,0.0,0,0,,0,1,1,0,0,1,1,2,0,2,3.2,1,2015-16
22015,2548,Dwyane Wade,1610612748,MIA,Miami Heat,0021500373,2015-12-16,MIA @ BKN,W,30,13,17,0.765,1,1,1.0,1,2,0.5,1,4,5,2,0,3,3,0,28,-1,43.0,1,2015-16
22015,2736,Luol Deng,1610612748,MIA,Miami Heat,0021500373,2015-12-16,MIA @ BKN,W,36,2,6,0.333,0,2,0.0,1,2,0.5,1,5,6,3,1,0,3,0,5,0,16.7,1,2015-16
22015,203476,Gorgui Dieng,1610612750,MIN,Minnesota Timberwolves,0021500375,2015-12-16,MIN @ NYK,L,36,6,9,0.667,0,0,,2,2,1.0,3,7,10,3,1,1,1,4,14,13,35.5,1,2015-16
22015,203498,Shabazz Muhammad,1610612750,MIN,Minnesota Timberwolves,0021500375,2015-12-16,MIN @ NYK,L,18,3,8,0.375,0,1,0.0,2,2,1.0,3,6,9,0,1,0,0,1,8,-16,21.8,1,2015-16
22015,2207,Joe Johnson,1610612751,BKN,Brooklyn Nets,0021500373,2015-12-16,BKN vs. MIA,L,33,2,9,0.222,1,1,1.0,0,0,,0,2,2,4,0,0,2,2,5,-9,11.4,1,2015-16
22015,200745,Andrea Bargnani,1610612751,BKN,Brooklyn Nets,0021500373,2015-12-16,BKN vs. MIA,L,21,5,11,0.455,0,0,,0,1,0.0,2,3,5,0,0,0,0,2,10,0,16.0,1,2015-16
22015,203900,Markel Brown,1610612751,BKN,Brooklyn Nets,0021500373,2015-12-16,BKN vs. MIA,L,4,0,1,0.0,0,0,,0,0,,0,0,0,0,0,0,0,0,0,-8,0.0,1,2015-16
22015,201167,Arron Afflalo,1610612752,NYK,New York Knicks,0021500375,2015-12-16,NYK vs. MIN,W,34,9,14,0.643,3,5,0.6,8,9,0.889,0,3,3,1,0,0,1,1,29,13,33.1,1,2015-16
22015,204001,Kristaps Porziņģis,1610612752,NYK,New York Knicks,0021500375,2015-12-16,NYK vs. MIN,W,29,4,14,0.286,1,6,0.167,2,2,1.0,2,4,6,3,0,7,3,2,11,4,40.7,1,2015-16
22015,201160,Jason Smith,1610612753,ORL,Orlando Magic,0021500372,2015-12-16,ORL vs. CHA,W,17,5,6,0.833,0,0,,0,0,,0,2,2,1,1,2,1,2,10,13,21.9,1,2015-16
22015,202699,Tobias Harris,1610612753,ORL,Orlando Magic,0021500372,2015-12-16,ORL vs. CHA,W,23,5,11,0.455,2,4,0.5,1,1,1.0,0,5,5,1,2,1,3,1,13,12,26.5,1,2015-16
22015,203894,Shabazz Napier,1610612753,ORL,Orlando Magic,0021500372,2015-12-16,ORL vs. CHA,W,4,0,2,0.0,0,0,,0,0,,0,0,0,0,0,0,1,0,0,-7,-1.0,1,2015-16
22015,101133,Ian Mahinmi,1610612754,IND,Indiana Pacers,0021500371,2015-12-16,IND vs. DAL,W,22,2,2,1.0,0,0,,1,4,0.25,0,10,10,3,0,0,1,2,5,4,20.5,1,2015-16
22015,203524,Solomon Hill,1610612754,IND,Indiana Pacers,0021500371,2015-12-16,IND vs. DAL,W,3,0,0,,0,0,,0,0,,0,0,0,2,0,0,0,0,0,5,3.0,1,2015-16
22015,203922,Glenn Robinson III,1610612754,IND,Indiana Pacers,0021500371,2015-12-16,IND vs. DAL,W,3,1,2,0.5,0,0,,0,0,,1,0,1,1,0,0,0,0,2,5,4.7,1,2015-16
22015,203917,Nik Stauskas,1610612755,PHI,Philadelphia 76ers,0021500376,2015-12-16,PHI @ ATL,L,13,0,0,,0,0,,0,0,,0,1,1,0,0,0,1,0,0,-22,0.2,1,2015-16
22015,2199,Tyson Chandler,1610612756,PHX,Phoenix Suns,0021500381,2015-12-16,PHX @ GSW,L,20,3,5,0.6,0,0,,0,0,,1,4,5,1,1,0,2,1,6,-32,14.5,1,2015-16
22015,203141,Mirza Teletovic,1610612756,PHX,Phoenix Suns,0021500381,2015-12-16,PHX @ GSW,L,24,9,13,0.692,3,5,0.6,3,3,1.0,1,3,4,2,0,0,2,2,24,-6,29.8,1,2015-16
22015,203462,Archie Goodwin,1610612756,PHX,Phoenix Suns,0021500381,2015-12-16,PHX @ GSW,L,12,3,6,0.5,0,3,0.0,3,4,0.75,0,5,5,4,1,0,2,1,9,15,22.0,1,2015-16
22015,202329,Al-Farouq Aminu,1610612757,POR,Portland Trail Blazers,0021500378,2015-12-16,POR @ OKC,L,21,2,7,0.286,1,2,0.5,0,0,,1,4,5,0,1,1,1,2,5,-18,16.0,1,2015-16
22015,202334,Ed Davis,1610612757,POR,Portland Trail Blazers,0021500378,2015-12-16,POR @ OKC,L,18,4,5,0.8,0,0,,1,3,0.333,2,2,4,0,2,1,1,4,9,-12,21.8,1,2015-16
22015,2225,Tony Parker,1610612759,SAS,San Antonio Spurs,0021500379,2015-12-16,SAS vs. WAS,W,26,5,13,0.385,0,2,0.0,0,0,,2,2,4,10,1,1,3,2,10,1,32.8,1,2015-16
22015,2564,Boris Diaw,1610612759,SAS,San Antonio Spurs,0021500379,2015-12-16,SAS vs. WAS,W,21,3,5,0.6,0,1,0.0,0,0,,0,5,5,1,1,1,1,1,6,7,18.5,1,2015-16
22015,202695,Kawhi Leonard,1610612759,SAS,San Antonio Spurs,0021500379,2015-12-16,SAS vs. WAS,W,38,9,15,0.6,4,7,0.571,5,6,0.833,0,3,3,4,4,0,1,2,27,4,47.6,1,2015-16
22015,200779,Steve Novak,1610612760,OKC,Oklahoma City Thunder,0021500378,2015-12-16,OKC vs. POR,W,3,0,1,0.0,0,1,0.0,0,0,,0,0,0,0,0,0,0,0,0,-4,0.0,1,2015-16
22015,201566,Russell Westbrook,1610612760,OKC,Oklahoma City Thunder,0021500378,2015-12-16,OKC vs. POR,W,27,5,15,0.333,0,3,0.0,3,3,1.0,1,2,3,5,2,2,3,2,13,12,33.1,1,2015-16
22015,1626166,Cameron Payne,1610612760,OKC,Oklahoma City Thunder,0021500378,2015-12-16,OKC vs. POR,W,3,1,2,0.5,0,0,,0,0,,0,1,1,0,0,0,0,0,2,-4,3.2,1,2015-16
22015,202692,Alec Burks,1610612762,UTA,Utah Jazz,0021500380,2015-12-16,UTA vs. NOP,L,33,2,10,0.2,0,4,0.0,4,6,0.667,1,4,5,2,0,0,2,5,8,-2,15.0,1,2015-16
22015,203504,Trey Burke,1610612762,UTA,Utah Jazz,0021500380,2015-12-16,UTA vs. NOP,L,28,4,13,0.308,1,6,0.167,3,3,1.0,1,3,4,5,0,0,1,0,12,0,23.3,1,2015-16
22015,203918,Rodney Hood,1610612762,UTA,Utah Jazz,0021500380,2015-12-16,UTA vs. NOP,L,21,4,5,0.8,1,1,1.0,0,0,,0,2,2,0,0,0,1,5,9,-20,10.4,1,2015-16
22015,203516,James Ennis III,1610612763,MEM,Memphis Grizzlies,0021500377,2015-12-16,MEM @ CHI,L,9,1,2,0.5,1,1,1.0,1,2,0.5,1,1,2,1,0,1,1,0,4,-2,9.9,1,2015-16
22015,2743,Kris Humphries,1610612764,WAS,Washington Wizards,0021500379,2015-12-16,WAS @ SAS,L,29,4,8,0.5,0,2,0.0,0,0,,3,6,9,1,0,0,2,2,8,-11,18.3,1,2015-16
22015,201587,Nicolas Batum,1610612766,CHA,Charlotte Hornets,0021500372,2015-12-16,CHA @ ORL,L,20,2,7,0.286,2,4,0.5,0,0,,2,0,2,2,1,0,3,4,6,-11,11.4,1,2015-16
22015,201946,Tyler Hansbrough,1610612766,CHA,Charlotte Hornets,0021500372,2015-12-16,CHA @ ORL,L,11,0,2,0.0,0,0,,0,0,,1,2,3,0,0,0,0,2,0,3,3.6,1,2015-16
22015,101161,Amir Johnson,1610612738,BOS,Boston Celtics,0021500374,2015-12-16,BOS @ DET,L,21,5,10,0.5,1,3,0.333,0,0,,1,2,3,0,1,1,4,3,11,1,16.6,1,2015-16
22015,202323,Evan Turner,1610612738,BOS,Boston Celtics,0021500374,2015-12-16,BOS @ DET,L,27,4,9,0.444,0,0,,1,1,1.0,1,8,9,3,0,0,2,4,9,-12,22.3,1,2015-16
22015,203096,Jared Sullinger,1610612738,BOS,Boston Celtics,0021500374,2015-12-16,BOS @ DET,L,27,7,13,0.538,1,4,0.25,2,4,0.5,4,6,10,2,0,0,2,3,17,-5,30.0,1,2015-16
22015,203109,Jae Crowder,1610612738,BOS,Boston Celtics,0021500374,2015-12-16,BOS @ DET,L,32,3,9,0.333,1,3,0.333,2,2,1.0,1,6,7,1,2,0,0,6,9,-6,24.9,1,2015-16
22015,201583,Ryan Anderson,1610612740,NOP,New Orleans Pelicans,0021500380,2015-12-16,NOP @ UTA,W,34,5,10,0.5,1,1,1.0,13,13,1.0,1,3,4,1,2,0,1,1,24,11,35.3,1,2015-16
22015,202703,Nikola Mirotic,1610612741,CHI,Chicago Bulls,0021500377,2015-12-16,CHI vs. MEM,W,15,1,2,0.5,1,2,0.5,0,0,,0,2,2,2,2,0,0,1,3,8,14.4,1,2015-16
22015,1717,Dirk Nowitzki,1610612742,DAL,Dallas Mavericks,0021500371,2015-12-16,DAL @ IND,L,26,6,16,0.375,1,7,0.143,0,0,,0,7,7,0,0,2,2,0,13,-17,25.4,1,2015-16
22015,2738,Andre Iguodala,1610612744,GSW,Golden State Warriors,0021500381,2015-12-16,GSW vs. PHX,W,25,2,4,0.5,0,1,0.0,1,1,1.0,1,4,5,0,1,0,1,0,5,10,13.0,1,2015-16
22015,202691,Klay Thompson,1610612744,GSW,Golden State Warriors,0021500381,2015-12-16,GSW vs. PHX,W,31,15,22,0.682,8,13,0.615,5,5,1.0,0,3,3,2,1,0,1,0,43,37,51.6,1,2015-16
22015,203546,Ian Clark,1610612744,GSW,Golden State Warriors,0021500381,2015-12-16,GSW vs. PHX,W,6,1,2,0.5,0,1,0.0,0,0,,0,1,1,1,0,0,2,0,2,-12,2.7,1,2015-16
22015,101108,Chris Paul,1610612746,LAC,LA Clippers,0021500382,2015-12-16,LAC vs. MIL,W,33,7,12,0.583,3,4,0.75,4,4,1.0,0,6,6,8,2,0,4,1,21,14,42.2,1,2015-16
22015,202362,Lance Stephenson,1610612746,LAC,LA Clippers,0021500382,2015-12-16,LAC vs. MIL,W,18,2,2,1.0,0,0,,0,0,,1,1,2,4,1,0,0,3,4,-1,15.4,1,2015-16
22015,203085,Austin Rivers,1610612746,LAC,LA Clippers,0021500382,2015-12-16,LAC vs. MIL,W,19,2,6,0.333,1,1,1.0,2,2,1.0,0,2,2,1,0,0,1,1,7,4,9.9,1,2015-16
22015,2757,Beno Udrih,1610612748,MIA,Miami Heat,0021500373,2015-12-16,MIA @ BKN,W,6,1,1,1.0,0,0,,0,0,,0,0,0,0,0,0,0,1,2,-1,2.0,1,2015-16
22015,101123,Gerald Green,1610612748,MIA,Miami Heat,0021500373,2015-12-16,MIA @ BKN,W,21,5,11,0.455,2,5,0.4,1,2,0.5,0,0,0,2,0,0,1,1,13,8,15.0,1,2015-16
22015,201609,Goran Dragic,1610612748,MIA,Miami Heat,0021500373,2015-12-16,MIA @ BKN,W,36,6,15,0.4,1,6,0.167,3,4,0.75,0,3,3,5,2,1,1,4,16,4,35.1,1,2015-16
22015,202355,Hassan Whiteside,1610612748,MIA,Miami Heat,0021500373,2015-12-16,MIA @ BKN,W,30,7,10,0.7,0,0,,6,8,0.75,5,8,13,0,0,1,2,4,20,-8,36.6,1,2015-16
22015,203101,Miles Plumlee,1610612749,MIL,Milwaukee Bucks,0021500382,2015-12-16,MIL @ LAC,L,22,1,4,0.25,0,0,,0,0,,2,1,3,0,0,1,0,2,2,-15,8.6,1,2015-16
22015,203507,Giannis Antetokounmpo,1610612749,MIL,Milwaukee Bucks,0021500382,2015-12-16,MIL @ LAC,L,34,4,12,0.333,1,1,1.0,0,0,,2,9,11,2,0,0,3,4,9,-9,22.2,1,2015-16
22015,1889,Andre Miller,1610612750,MIN,Minnesota Timberwolves,0021500375,2015-12-16,MIN @ NYK,L,9,0,1,0.0,0,0,,0,0,,0,0,0,1,0,0,0,1,0,-9,1.5,1,2015-16
22015,203952,Andrew Wiggins,1610612750,MIN,Minnesota Timberwolves,0021500375,2015-12-16,MIN @ NYK,L,37,8,22,0.364,0,4,0.0,7,7,1.0,2,3,5,1,1,1,2,3,23,1,34.5,1,2015-16
22015,1626157,Karl-Anthony Towns,1610612750,MIN,Minnesota Timberwolves,0021500375,2015-12-16,MIN @ NYK,L,32,11,22,0.5,2,4,0.5,1,1,1.0,5,6,11,0,0,0,2,4,25,-5,36.2,1,2015-16
22015,201961,Wayne Ellington,1610612751,BKN,Brooklyn Nets,0021500373,2015-12-16,BKN vs. MIA,L,27,6,13,0.462,0,4,0.0,0,0,,0,2,2,1,3,0,0,2,12,-9,24.9,1,2015-16
22015,202388,Donald Sloan,1610612751,BKN,Brooklyn Nets,0021500373,2015-12-16,BKN vs. MIA,L,12,2,2,1.0,0,0,,1,1,1.0,1,0,1,3,0,0,0,0,5,-6,10.7,1,2015-16
22015,202711,Bojan Bogdanovic,1610612751,BKN,Brooklyn Nets,0021500373,2015-12-16,BKN vs. MIA,L,40,3,8,0.375,2,6,0.333,0,0,,1,4,5,1,0,0,1,4,8,4,14.5,1,2015-16
22015,202338,Kevin Seraphin,1610612752,NYK,New York Knicks,0021500375,2015-12-16,NYK vs. MIN,W,7,1,2,0.5,0,0,,1,1,1.0,1,0,1,1,0,0,1,0,3,7,4.7,1,2015-16
22015,202498,Lance Thomas,1610612752,NYK,New York Knicks,0021500375,2015-12-16,NYK vs. MIN,W,23,5,10,0.5,1,1,1.0,3,3,1.0,2,5,7,2,0,0,1,1,14,4,24.4,1,2015-16
22015,203124,Kyle O'Quinn,1610612752,NYK,New York Knicks,0021500375,2015-12-16,NYK vs. MIN,W,17,2,2,1.0,0,0,,0,0,,2,2,4,1,0,0,0,5,4,0,10.3,1,2015-16
22015,204038,Langston Galloway,1610612752,NYK,New York Knicks,0021500375,2015-12-16,NYK vs. MIN,W,32,5,11,0.455,1,3,0.333,1,2,0.5,2,1,3,6,1,1,0,1,12,-1,30.6,1,2015-16
22015,101112,Channing Frye,1610612753,ORL,Orlando Magic,0021500372,2015-12-16,ORL vs. CHA,W,30,5,7,0.714,5,7,0.714,2,2,1.0,0,3,3,2,2,0,1,0,17,23,28.6,1,2015-16
22015,202696,Nikola Vučević,1610612753,ORL,Orlando Magic,0021500372,2015-12-16,ORL vs. CHA,W,27,7,14,0.5,0,0,,0,2,0.0,1,7,8,4,1,0,1,1,14,11,31.6,1,2015-16
22015,1626209,Mario Hezonja,1610612753,ORL,Orlando Magic,0021500372,2015-12-16,ORL vs. CHA,W,13,3,5,0.6,2,3,0.667,0,0,,1,3,4,1,0,0,1,1,8,-8,13.3,1,2015-16
22015,101145,Monta Ellis,1610612754,IND,Indiana Pacers,0021500371,2015-12-16,IND vs. DAL,W,33,7,17,0.412,3,5,0.6,2,2,1.0,0,2,2,3,2,1,0,2,19,14,34.9,1,2015-16
22015,203138,Hollis Thompson,1610612755,PHI,Philadelphia 76ers,0021500376,2015-12-16,PHI @ ATL,L,14,2,6,0.333,1,4,0.25,1,2,0.5,0,2,2,1,0,0,1,1,6,-13,8.9,1,2015-16
22015,203477,Isaiah Canaan,1610612755,PHI,Philadelphia 76ers,0021500376,2015-12-16,PHI @ ATL,L,31,7,12,0.583,6,8,0.75,4,5,0.8,0,1,1,0,1,0,3,3,24,5,25.2,1,2015-16
22015,1626174,Christian Wood,1610612755,PHI,Philadelphia 76ers,0021500376,2015-12-16,PHI @ ATL,L,2,0,0,,0,0,,0,0,,0,1,1,0,0,0,0,0,0,-2,1.2,1,2015-16
22015,201603,Sonny Weems,1610612756,PHX,Phoenix Suns,0021500381,2015-12-16,PHX @ GSW,L,6,0,0,,0,0,,0,0,,0,0,0,1,0,0,0,1,0,12,1.5,1,2015-16
22015,203086,Meyers Leonard,1610612757,POR,Portland Trail Blazers,0021500378,2015-12-16,POR @ OKC,L,26,2,8,0.25,0,3,0.0,0,0,,0,6,6,2,0,0,1,4,4,-2,13.2,1,2015-16
22015,203468,CJ McCollum,1610612757,POR,Portland Trail Blazers,0021500378,2015-12-16,POR @ OKC,L,36,9,18,0.5,4,7,0.571,2,2,1.0,0,4,4,4,1,0,2,2,24,-4,35.8,1,2015-16
22015,1626192,Pat Connaughton,1610612757,POR,Portland Trail Blazers,0021500378,2015-12-16,POR @ OKC,L,4,0,1,0.0,0,1,0.0,0,0,,0,1,1,0,0,0,1,0,0,4,0.2,1,2015-16
22015,201980,Danny Green,1610612759,SAS,San Antonio Spurs,0021500379,2015-12-16,SAS vs. WAS,W,19,3,7,0.429,1,5,0.2,0,0,,0,4,4,0,0,1,0,1,7,10,14.8,1,2015-16
22015,203613,Jonathon Simmons,1610612759,SAS,San Antonio Spurs,0021500379,2015-12-16,SAS vs. WAS,W,4,1,1,1.0,1,1,1.0,0,0,,0,0,0,1,0,0,1,2,3,0,3.5,1,2015-16
22015,201142,Kevin Durant,1610612760,OKC,Oklahoma City Thunder,0021500378,2015-12-16,OKC vs. POR,W,29,8,14,0.571,1,4,0.25,7,9,0.778,0,6,6,4,0,1,3,2,24,16,37.2,1,2015-16
22015,201627,Anthony Morrow,1610612760,OKC,Oklahoma City Thunder,0021500378,2015-12-16,OKC vs. POR,W,15,1,3,0.333,0,1,0.0,0,0,,2,0,2,0,0,0,0,0,2,5,4.4,1,2015-16
22015,202713,Kyle Singler,1610612760,OKC,Oklahoma City Thunder,0021500378,2015-12-16,OKC vs. POR,W,3,0,1,0.0,0,0,,1,2,0.5,0,0,0,0,1,0,0,0,1,-4,4.0,1,2015-16
22015,203187,Chris Johnson,1610612762,UTA,Utah Jazz,0021500380,2015-12-16,UTA vs. NOP,L,10,0,1,0.0,0,0,,0,0,,0,0,0,0,0,1,0,2,0,-2,3.0,1,2015-16
22015,2216,Zach Randolph,1610612763,MEM,Memphis Grizzlies,0021500377,2015-12-16,MEM @ CHI,L,30,4,9,0.444,0,0,,2,2,1.0,0,11,11,5,0,0,1,3,10,-9,29.7,1,2015-16
22015,201188,Marc Gasol,1610612763,MEM,Memphis Grizzlies,0021500377,2015-12-16,MEM @ CHI,L,34,4,10,0.4,0,0,,0,0,,2,5,7,7,0,0,3,4,8,-8,23.9,1,2015-16
22015,202390,Gary Neal,1610612764,WAS,Washington Wizards,0021500379,2015-12-16,WAS @ SAS,L,22,3,10,0.3,0,0,,2,2,1.0,1,2,3,2,0,0,0,3,8,-22,14.6,1,2015-16
22015,203382,Aron Baynes,1610612765,DET,Detroit Pistons,0021500374,2015-12-16,DET vs. BOS,W,13,3,5,0.6,0,0,,3,3,1.0,0,3,3,0,0,0,0,1,9,8,12.6,1,2015-16
22015,202391,Jeremy Lin,1610612766,CHA,Charlotte Hornets,0021500372,2015-12-16,CHA @ ORL,L,29,3,9,0.333,1,4,0.25,1,2,0.5,1,1,2,4,0,0,1,3,8,-12,15.4,1,2015-16
22015,203087,Jeremy Lamb,1610612766,CHA,Charlotte Hornets,0021500372,2015-12-16,CHA @ ORL,L,24,7,10,0.7,1,2,0.5,1,1,1.0,1,4,5,4,4,0,2,1,16,-3,38.0,1,2015-16
22015,1626163,Frank Kaminsky,1610612766,CHA,Charlotte Hornets,0021500372,2015-12-16,CHA @ ORL,L,26,4,8,0.5,1,4,0.25,0,0,,1,4,5,0,2,0,2,2,9,-9,19.0,1,2015-16
22015,201143,Al Horford,1610612737,ATL,Atlanta Hawks,0021500376,2015-12-16,ATL vs. PHI,W,28,8,13,0.615,1,1,1.0,0,0,,0,4,4,1,1,0,2,0,17,13,24.3,1,2015-16
22015,201952,Jeff Teague,1610612737,ATL,Atlanta Hawks,0021500376,2015-12-16,ATL vs. PHI,W,23,6,9,0.667,2,3,0.667,4,4,1.0,0,3,3,4,2,2,1,1,18,6,38.6,1,2015-16
22015,203118,Mike Scott,1610612737,ATL,Atlanta Hawks,0021500376,2015-12-16,ATL vs. PHI,W,19,4,5,0.8,1,2,0.5,0,0,,1,1,2,0,0,0,1,1,9,18,10.4,1,2015-16
22015,203145,Kent Bazemore,1610612737,ATL,Atlanta Hawks,0021500376,2015-12-16,ATL vs. PHI,W,25,2,5,0.4,0,1,0.0,4,4,1.0,0,7,7,3,1,2,0,0,8,6,29.9,1,2015-16
22015,203488,Mike Muscala,1610612737,ATL,Atlanta Hawks,0021500376,2015-12-16,ATL vs. PHI,W,9,1,3,0.333,1,2,0.5,0,0,,0,1,1,1,0,0,1,3,3,-3,4.7,1,2015-16
22015,202340,Avery Bradley,1610612738,BOS,Boston Celtics,0021500374,2015-12-16,BOS @ DET,L,38,2,8,0.25,1,4,0.25,0,0,,0,2,2,1,1,0,1,3,5,-4,10.9,1,2015-16
22015,202738,Isaiah Thomas,1610612738,BOS,Boston Celtics,0021500374,2015-12-16,BOS @ DET,L,38,12,20,0.6,3,5,0.6,11,11,1.0,2,1,3,7,0,0,4,5,38,13,48.1,1,2015-16
22015,203923,James Young,1610612738,BOS,Boston Celtics,0021500374,2015-12-16,BOS @ DET,L,8,0,0,,0,0,,0,0,,0,1,1,0,0,0,1,2,0,-7,0.2,1,2015-16
22015,201582,Alexis Ajinca,1610612740,NOP,New Orleans Pelicans,0021500380,2015-12-16,NOP @ UTA,W,4,0,3,0.0,0,0,,0,0,,0,1,1,0,0,0,0,1,0,-2,1.2,1,2015-16
22015,202087,Alonzo Gee,1610612740,NOP,New Orleans Pelicans,0021500380,2015-12-16,NOP @ UTA,W,23,3,3,1.0,1,1,1.0,1,2,0.5,0,1,1,2,1,0,0,4,8,-7,15.2,1,2015-16
22015,2550,Kirk Hinrich,1610612741,CHI,Chicago Bulls,0021500377,2015-12-16,CHI vs. MEM,W,11,2,3,0.667,1,1,1.0,0,0,,0,1,1,2,0,0,1,2,5,5,8.2,1,2015-16
22015,203503,Tony Snell,1610612741,CHI,Chicago Bulls,0021500377,2015-12-16,CHI vs. MEM,W,22,1,4,0.25,0,1,0.0,0,0,,0,6,6,0,0,0,1,0,2,8,8.2,1,2015-16
22015,101109,Raymond Felton,1610612742,DAL,Dallas Mavericks,0021500371,2015-12-16,DAL @ IND,L,32,6,12,0.5,3,6,0.5,1,2,0.5,0,3,3,2,0,0,1,1,16,-17,21.6,1,2015-16
22015,101111,Charlie Villanueva,1610612742,DAL,Dallas Mavericks,0021500371,2015-12-16,DAL @ IND,L,15,4,8,0.5,1,3,0.333,0,0,,1,3,4,0,0,0,1,1,9,-10,12.8,1,2015-16
22015,202083,Wesley Matthews,1610612742,DAL,Dallas Mavericks,0021500371,2015-12-16,DAL @ IND,L,29,2,10,0.2,0,4,0.0,0,0,,0,4,4,1,1,1,0,3,4,-6,16.3,1,2015-16
22015,201939,Stephen Curry,1610612744,GSW,Golden State Warriors,0021500381,2015-12-16,GSW vs. PHX,W,30,10,14,0.714,2,5,0.4,3,5,0.6,0,2,2,7,1,0,3,4,25,37,37.9,1,2015-16
22015,1718,Paul Pierce,1610612746,LAC,LA Clippers,0021500382,2015-12-16,LAC vs. MIL,W,19,3,7,0.429,0,3,0.0,0,0,,0,3,3,2,0,0,1,0,6,-1,11.6,1,2015-16
22015,2037,Jamal Crawford,1610612746,LAC,LA Clippers,0021500382,2015-12-16,LAC vs. MIL,W,21,0,3,0.0,0,1,0.0,2,2,1.0,0,0,0,1,1,0,1,1,2,3,5.5,1,2015-16
22015,2617,Udonis Haslem,1610612748,MIA,Miami Heat,0021500373,2015-12-16,MIA @ BKN,W,12,1,2,0.5,0,1,0.0,0,0,,0,3,3,1,1,0,0,2,2,6,10.1,1,2015-16
22015,201564,O.J. Mayo,1610612749,MIL,Milwaukee Bucks,0021500382,2015-12-16,MIL @ LAC,L,38,7,18,0.389,3,9,0.333,0,0,,1,3,4,6,3,0,1,5,17,1,38.8,1,2015-16
22015,2419,Tayshaun Prince,1610612750,MIN,Minnesota Timberwolves,0021500375,2015-12-16,MIN @ NYK,L,21,1,3,0.333,0,1,0.0,0,0,,0,1,1,2,0,0,0,3,2,-10,6.2,1,2015-16
22015,204014,Damjan Rudez,1610612750,MIN,Minnesota Timberwolves,0021500375,2015-12-16,MIN @ NYK,L,7,0,1,0.0,0,1,0.0,0,0,,0,0,0,0,0,0,0,1,0,-8,0.0,1,2015-16
22015,101181,Jose Calderon,1610612752,NYK,New York Knicks,0021500375,2015-12-16,NYK vs. MIN,W,25,1,3,0.333,1,3,0.333,0,0,,0,8,8,3,0,0,4,0,3,15,13.1,1,2015-16
22015,202682,Derrick Williams,1610612752,NYK,New York Knicks,0021500375,2015-12-16,NYK vs. MIN,W,11,1,4,0.25,0,1,0.0,1,2,0.5,0,1,1,1,0,0,0,0,3,1,5.7,1,2015-16
22015,203932,Aaron Gordon,1610612753,ORL,Orlando Magic,0021500372,2015-12-16,ORL vs. CHA,W,25,2,3,0.667,0,0,,2,2,1.0,2,5,7,3,2,0,0,0,6,3,24.9,1,2015-16
22015,101139,CJ Miles,1610612754,IND,Indiana Pacers,0021500371,2015-12-16,IND vs. DAL,W,29,7,13,0.538,3,9,0.333,3,5,0.6,1,6,7,2,1,0,1,3,20,13,33.4,1,2015-16
22015,201588,George Hill,1610612754,IND,Indiana Pacers,0021500371,2015-12-16,IND vs. DAL,W,30,5,10,0.5,1,4,0.25,0,2,0.0,0,0,0,3,2,0,0,0,11,14,21.5,1,2015-16
22015,203960,JaKarr Sampson,1610612755,PHI,Philadelphia 76ers,0021500376,2015-12-16,PHI @ ATL,L,17,3,4,0.75,0,0,,0,2,0.0,0,3,3,3,0,0,1,4,6,15,13.1,1,2015-16
22015,1626143,Jahlil Okafor,1610612755,PHI,Philadelphia 76ers,0021500376,2015-12-16,PHI @ ATL,L,30,7,12,0.583,0,0,,5,6,0.833,1,6,7,0,0,0,1,3,19,-24,26.4,1,2015-16
22015,1626158,Richaun Holmes,1610612755,PHI,Philadelphia 76ers,0021500376,2015-12-16,PHI @ ATL,L,27,5,8,0.625,1,2,0.5,1,1,1.0,4,3,7,3,1,2,1,2,12,2,32.9,1,2015-16
22015,200782,P.J. Tucker,1610612756,PHX,Phoenix Suns,0021500381,2015-12-16,PHX @ GSW,L,19,0,2,0.0,0,1,0.0,0,0,,0,0,0,1,0,1,0,2,0,-27,4.5,1,2015-16
22015,202720,Jon Leuer,1610612756,PHX,Phoenix Suns,0021500381,2015-12-16,PHX @ GSW,L,14,3,6,0.5,1,2,0.5,0,0,,1,4,5,1,2,0,2,0,7,-23,18.5,1,2015-16
22015,2446,Rasual Butler,1610612759,SAS,San Antonio Spurs,0021500379,2015-12-16,SAS vs. WAS,W,3,0,0,,0,0,,0,0,,0,0,0,0,0,0,0,0,0,2,0.0,1,2015-16
22015,2588,Matt Bonner,1610612759,SAS,San Antonio Spurs,0021500379,2015-12-16,SAS vs. WAS,W,2,1,1,1.0,1,1,1.0,0,0,,0,1,1,0,0,0,0,1,3,0,4.2,1,2015-16
22015,200746,LaMarcus Aldridge,1610612759,SAS,San Antonio Spurs,0021500379,2015-12-16,SAS vs. WAS,W,33,6,12,0.5,0,0,,2,2,1.0,1,5,6,1,1,0,0,2,14,6,25.7,1,2015-16
22015,2555,Nick Collison,1610612760,OKC,Oklahoma City Thunder,0021500378,2015-12-16,OKC vs. POR,W,22,2,5,0.4,0,0,,0,0,,1,2,3,1,1,0,2,3,4,4,10.1,1,2015-16
22015,201571,D.J. Augustin,1610612760,OKC,Oklahoma City Thunder,0021500378,2015-12-16,OKC vs. POR,W,18,0,2,0.0,0,2,0.0,2,2,1.0,0,0,0,0,0,0,1,1,2,8,1.0,1,2015-16
22015,203500,Steven Adams,1610612760,OKC,Oklahoma City Thunder,0021500378,2015-12-16,OKC vs. POR,W,22,5,8,0.625,0,0,,1,1,1.0,6,6,12,0,0,1,1,3,11,17,27.4,1,2015-16
22015,202344,Trevor Booker,1610612762,UTA,Utah Jazz,0021500380,2015-12-16,UTA vs. NOP,L,29,3,5,0.6,0,0,,3,4,0.75,1,2,3,0,2,1,3,1,9,-10,18.6,1,2015-16
22015,202407,Elijah Millsap,1610612762,UTA,Utah Jazz,0021500380,2015-12-16,UTA vs. NOP,L,3,0,0,,0,0,,0,0,,0,1,1,0,0,0,1,0,0,-5,0.2,1,2015-16
22015,201145,Jeff Green,1610612763,MEM,Memphis Grizzlies,0021500377,2015-12-16,MEM @ CHI,L,33,4,12,0.333,1,3,0.333,2,4,0.5,0,1,1,2,1,1,0,1,11,-8,21.2,1,2015-16
22015,203210,JaMychal Green,1610612763,MEM,Memphis Grizzlies,0021500377,2015-12-16,MEM @ CHI,L,14,4,6,0.667,0,1,0.0,3,6,0.5,1,1,2,0,1,0,3,1,11,-5,13.4,1,2015-16
22015,101162,Marcin Gortat,1610612764,WAS,Washington Wizards,0021500379,2015-12-16,WAS @ SAS,L,40,9,15,0.6,0,0,,2,2,1.0,2,8,10,2,1,3,1,0,20,-8,46.0,1,2015-16
22015,201196,Ramon Sessions,1610612764,WAS,Washington Wizards,0021500379,2015-12-16,WAS @ SAS,L,25,3,6,0.5,0,0,,4,5,0.8,0,2,2,4,1,0,2,1,10,-11,19.4,1,2015-16
22015,202066,Garrett Temple,1610612764,WAS,Washington Wizards,0021500379,2015-12-16,WAS @ SAS,L,11,1,2,0.5,0,1,0.0,1,2,0.5,0,0,0,1,0,1,0,1,3,-3,7.5,1,2015-16
22015,2581,Steve Blake,1610612765,DET,Detroit Pistons,0021500374,2015-12-16,DET vs. BOS,W,20,0,4,0.0,0,1,0.0,0,0,,0,2,2,2,0,0,1,2,0,19,4.4,1,2015-16
22015,202704,Reggie Jackson,1610612765,DET,Detroit Pistons,0021500374,2015-12-16,DET vs. BOS,W,28,7,16,0.438,1,4,0.25,8,9,0.889,1,1,2,3,0,0,4,3,23,-16,25.9,1,2015-16
22015,101107,Marvin Williams,1610612766,CHA,Charlotte Hornets,0021500372,2015-12-16,CHA @ ORL,L,26,2,7,0.286,2,5,0.4,0,0,,0,5,5,2,0,3,2,1,6,-19,22.0,1,2015-16
22015,201150,Spencer Hawes,1610612766,CHA,Charlotte Hornets,0021500372,2015-12-16,CHA @ ORL,L,18,1,4,0.25,0,1,0.0,0,0,,0,1,1,0,0,0,1,1,2,-8,2.2,1,2015-16
22015,203584,Troy Daniels,1610612766,CHA,Charlotte Hornets,0021500372,2015-12-16,CHA @ ORL,L,7,3,4,0.75,3,3,1.0,0,0,,0,1,1,0,0,0,0,1,9,5,10.2,1,2015-16
22015,101135,David Lee,1610612738,BOS,Boston Celtics,0021500374,2015-12-16,BOS @ DET,L,8,2,6,0.333,0,0,,2,2,1.0,0,1,1,0,0,0,1,1,6,-5,6.2,1,2015-16
22015,201599,DeAndre Jordan,1610612746,LAC,LA Clippers,0021500382,2015-12-16,LAC vs. MIL,W,18,4,4,1.0,0,0,,1,1,1.0,3,5,8,0,0,2,3,2,9,8,21.6,1,2015-16
22015,204020,Tyler Johnson,1610612748,MIA,Miami Heat,0021500373,2015-12-16,MIA @ BKN,W,5,0,1,0.0,0,0,,0,0,,0,0,0,1,0,0,1,0,0,3,0.5,1,2015-16
22015,203898,Tyler Ennis,1610612749,MIL,Milwaukee Bucks,0021500382,2015-12-16,MIL @ LAC,L,9,0,2,0.0,0,1,0.0,0,0,,0,0,0,0,0,0,1,0,0,1,-1.0,1,2015-16
22015,203940,Adreian Payne,1610612750,MIN,Minnesota Timberwolves,0021500375,2015-12-16,MIN @ NYK,L,6,0,1,0.0,0,1,0.0,0,0,,0,2,2,0,0,0,0,1,0,1,2.4,1,2015-16
22015,203186,Willie Reed,1610612751,BKN,Brooklyn Nets,0021500373,2015-12-16,BKN vs. MIA,L,8,1,2,0.5,0,0,,0,0,,1,3,4,1,0,2,0,0,2,7,14.3,1,2015-16
22015,201978,Chase Budinger,1610612754,IND,Indiana Pacers,0021500371,2015-12-16,IND vs. DAL,W,17,0,4,0.0,0,1,0.0,0,0,,0,5,5,1,0,0,2,2,0,5,5.5,1,2015-16
22015,203924,Jerami Grant,1610612755,PHI,Philadelphia 76ers,0021500376,2015-12-16,PHI @ ATL,L,29,2,6,0.333,0,2,0.0,1,2,0.5,0,2,2,1,0,0,2,3,5,-20,6.9,1,2015-16
22015,202339,Eric Bledsoe,1610612756,PHX,Phoenix Suns,0021500381,2015-12-16,PHX @ GSW,L,32,3,12,0.25,0,0,,0,0,,0,5,5,8,2,0,5,2,6,-18,25.0,1,2015-16
22015,1626164,Devin Booker,1610612756,PHX,Phoenix Suns,0021500381,2015-12-16,PHX @ GSW,L,10,0,4,0.0,0,3,0.0,0,0,,0,0,0,2,0,0,2,2,0,-19,1.0,1,2015-16
22015,202324,Derrick Favors,1610612762,UTA,Utah Jazz,0021500380,2015-12-16,UTA vs. NOP,L,35,10,15,0.667,0,0,,2,2,1.0,2,5,7,5,1,1,0,1,22,0,43.9,1,2015-16
22015,202330,Gordon Hayward,1610612762,UTA,Utah Jazz,0021500380,2015-12-16,UTA vs. NOP,L,40,4,11,0.364,3,7,0.429,9,12,0.75,0,6,6,2,0,0,3,1,20,-3,27.2,1,2015-16
22015,203481,Jeff Withey,1610612762,UTA,Utah Jazz,0021500380,2015-12-16,UTA vs. NOP,L,17,1,3,0.333,0,0,,2,2,1.0,0,3,3,0,1,1,0,3,4,4,13.6,1,2015-16
22015,2440,Matt Barnes,1610612763,MEM,Memphis Grizzlies,0021500377,2015-12-16,MEM @ CHI,L,22,2,7,0.286,0,3,0.0,3,4,0.75,0,1,1,0,1,1,1,4,7,-17,13.2,1,2015-16
22015,202689,Kemba Walker,1610612766,CHA,Charlotte Hornets,0021500372,2015-12-16,CHA @ ORL,L,27,4,12,0.333,0,3,0.0,4,6,0.667,0,4,4,9,1,0,3,1,12,-11,30.3,1,2015-16
22015,2210,Richard Jefferson,1610612739,CLE,Cleveland Cavaliers,0021500384,2015-12-17,CLE vs. OKC,W,32,5,9,0.556,3,6,0.5,0,0,,0,2,2,1,0,0,1,2,13,9,15.9,1,2015-16
22015,2544,LeBron James,1610612739,CLE,Cleveland Cavaliers,0021500384,2015-12-17,CLE vs. OKC,W,40,12,27,0.444,2,5,0.4,7,8,0.875,2,7,9,11,2,0,7,2,33,5,59.3,1,2015-16
22015,201567,Kevin Love,1610612739,CLE,Cleveland Cavaliers,0021500384,2015-12-17,CLE vs. OKC,W,32,4,10,0.4,2,5,0.4,1,1,1.0,1,6,7,5,2,0,3,2,11,-10,29.9,1,2015-16
22015,202389,Timofey Mozgov,1610612739,CLE,Cleveland Cavaliers,0021500384,2015-12-17,CLE vs. OKC,W,21,3,5,0.6,0,0,,0,0,,0,0,0,1,0,0,1,2,6,0,6.5,1,2015-16
22015,201935,James Harden,1610612745,HOU,Houston Rockets,0021500385,2015-12-17,HOU @ LAL,W,36,7,24,0.292,2,9,0.222,9,10,0.9,2,4,6,6,1,1,3,2,25,31,44.2,1,2015-16
22015,1626149,Montrezl Harrell,1610612745,HOU,Houston Rockets,0021500385,2015-12-17,HOU @ LAL,W,2,0,0,,0,0,,0,0,,0,0,0,1,0,0,0,0,0,3,1.5,1,2015-16
22015,201579,Roy Hibbert,1610612747,LAL,Los Angeles Lakers,0021500385,2015-12-17,LAL vs. HOU,L,22,2,7,0.286,0,0,,0,0,,2,2,4,1,0,1,0,6,4,-26,13.3,1,2015-16
22015,1626156,D'Angelo Russell,1610612747,LAL,Los Angeles Lakers,0021500385,2015-12-17,LAL vs. HOU,L,26,1,9,0.111,0,4,0.0,0,0,,0,3,3,7,1,0,4,2,2,-5,15.1,1,2015-16
22015,1626204,Larry Nance Jr.,1610612747,LAL,Los Angeles Lakers,0021500385,2015-12-17,LAL vs. HOU,L,28,5,8,0.625,0,0,,1,2,0.5,2,3,5,0,1,1,1,5,11,-19,22.0,1,2015-16
22015,203460,Andre Roberson,1610612760,OKC,Oklahoma City Thunder,0021500384,2015-12-17,OKC @ CLE,L,21,2,3,0.667,1,1,1.0,0,0,,2,2,4,2,1,3,1,0,5,1,23.8,1,2015-16
22015,201942,DeMar DeRozan,1610612761,TOR,Toronto Raptors,0021500383,2015-12-17,TOR @ CHA,L,44,12,25,0.48,0,1,0.0,7,8,0.875,0,4,4,5,1,1,1,2,31,-8,48.3,1,2015-16
22015,202709,Cory Joseph,1610612761,TOR,Toronto Raptors,0021500383,2015-12-17,TOR @ CHA,L,34,3,6,0.5,1,2,0.5,0,0,,2,2,4,1,2,1,3,4,7,-2,19.3,1,2015-16
22015,202684,Tristan Thompson,1610612739,CLE,Cleveland Cavaliers,0021500384,2015-12-17,CLE vs. OKC,W,35,7,10,0.7,0,0,,0,2,0.0,11,4,15,1,0,1,1,3,14,13,35.5,1,2015-16
22015,2730,Dwight Howard,1610612745,HOU,Houston Rockets,0021500385,2015-12-17,HOU @ LAL,W,26,3,10,0.3,0,0,,10,18,0.556,9,6,15,1,0,2,1,5,16,19,40.5,1,2015-16
22015,203135,Robert Sacre,1610612747,LAL,Los Angeles Lakers,0021500385,2015-12-17,LAL vs. HOU,L,22,1,2,0.5,0,0,,0,0,,3,3,6,2,0,1,1,1,2,9,14.2,1,2015-16
22015,203903,Jordan Clarkson,1610612747,LAL,Los Angeles Lakers,0021500385,2015-12-17,LAL vs. HOU,L,39,6,14,0.429,0,5,0.0,0,0,,2,2,4,4,2,0,2,3,12,-23,26.8,1,2015-16
22015,203079,Dion Waiters,1610612760,OKC,Oklahoma City Thunder,0021500384,2015-12-17,OKC @ CLE,L,21,1,7,0.143,0,3,0.0,2,4,0.5,0,2,2,0,1,0,0,4,4,-9,9.4,1,2015-16
22015,200768,Kyle Lowry,1610612761,TOR,Toronto Raptors,0021500383,2015-12-17,TOR @ CHA,L,42,6,29,0.207,3,17,0.176,5,7,0.714,1,3,4,7,1,0,0,3,20,-9,38.3,1,2015-16
22015,201150,Spencer Hawes,1610612766,CHA,Charlotte Hornets,0021500383,2015-12-17,CHA vs. TOR,W,23,2,2,1.0,1,1,1.0,0,0,,0,10,10,4,3,1,1,5,5,12,34.0,1,2015-16
22015,203798,PJ Hairston,1610612766,CHA,Charlotte Hornets,0021500383,2015-12-17,CHA vs. TOR,W,34,5,10,0.5,4,7,0.571,0,0,,1,3,4,0,0,0,2,4,14,8,16.8,1,2015-16
22015,2760,Anderson Varejao,1610612739,CLE,Cleveland Cavaliers,0021500384,2015-12-17,CLE vs. OKC,W,4,0,2,0.0,0,0,,0,0,,0,0,0,0,0,0,0,0,0,-3,0.0,1,2015-16
22015,201951,Ty Lawson,1610612745,HOU,Houston Rockets,0021500385,2015-12-17,HOU @ LAL,W,19,0,3,0.0,0,1,0.0,0,0,,0,1,1,3,1,0,2,1,0,-10,6.7,1,2015-16
22015,201156,Nick Young,1610612747,LAL,Los Angeles Lakers,0021500385,2015-12-17,LAL vs. HOU,L,16,1,4,0.25,0,3,0.0,0,0,,0,1,1,0,0,0,1,1,2,4,2.2,1,2015-16
22015,2555,Nick Collison,1610612760,OKC,Oklahoma City Thunder,0021500384,2015-12-17,OKC @ CLE,L,8,2,3,0.667,0,0,,0,0,,1,1,2,0,0,0,0,4,4,-8,6.4,1,2015-16
22015,201571,D.J. Augustin,1610612760,OKC,Oklahoma City Thunder,0021500384,2015-12-17,OKC @ CLE,L,14,1,5,0.2,0,2,0.0,0,0,,0,2,2,3,0,0,0,1,2,-1,8.9,1,2015-16
22015,201586,Serge Ibaka,1610612760,OKC,Oklahoma City Thunder,0021500384,2015-12-17,OKC @ CLE,L,38,8,14,0.571,2,5,0.4,5,6,0.833,3,6,9,1,0,1,1,0,23,10,37.3,1,2015-16
22015,203500,Steven Adams,1610612760,OKC,Oklahoma City Thunder,0021500384,2015-12-17,OKC @ CLE,L,27,2,3,0.667,0,0,,0,0,,3,2,5,0,0,1,2,6,4,3,11.0,1,2015-16
22015,202391,Jeremy Lin,1610612766,CHA,Charlotte Hornets,0021500383,2015-12-17,CHA vs. TOR,W,47,13,22,0.591,2,5,0.4,7,9,0.778,0,5,5,4,0,2,3,4,35,11,50.0,1,2015-16
22015,203087,Jeremy Lamb,1610612766,CHA,Charlotte Hornets,0021500383,2015-12-17,CHA vs. TOR,W,15,2,6,0.333,1,3,0.333,2,2,1.0,0,2,2,0,0,0,1,2,7,2,8.4,1,2015-16
22015,203584,Troy Daniels,1610612766,CHA,Charlotte Hornets,0021500383,2015-12-17,CHA vs. TOR,W,12,0,2,0.0,0,1,0.0,0,0,,0,0,0,1,0,0,1,1,0,-4,0.5,1,2015-16
22015,1626163,Frank Kaminsky,1610612766,CHA,Charlotte Hornets,0021500383,2015-12-17,CHA vs. TOR,W,27,1,6,0.167,0,4,0.0,4,6,0.667,0,6,6,1,0,3,1,1,6,0,22.7,1,2015-16
22015,203521,Matthew Dellavedova,1610612739,CLE,Cleveland Cavaliers,0021500384,2015-12-17,CLE vs. OKC,W,39,3,10,0.3,3,6,0.5,2,2,1.0,2,3,5,10,0,0,1,3,11,1,31.0,1,2015-16
22015,201976,Patrick Beverley,1610612745,HOU,Houston Rockets,0021500385,2015-12-17,HOU @ LAL,W,29,5,12,0.417,3,7,0.429,0,0,,1,3,4,1,2,0,1,2,13,30,24.3,1,2015-16
22015,203093,Terrence Jones,1610612745,HOU,Houston Rockets,0021500385,2015-12-17,HOU @ LAL,W,21,5,7,0.714,1,2,0.5,5,6,0.833,0,4,4,2,0,1,1,0,16,-5,25.8,1,2015-16
22015,203909,KJ McDaniels,1610612745,HOU,Houston Rockets,0021500385,2015-12-17,HOU @ LAL,W,2,0,0,,0,0,,0,0,,0,1,1,0,0,0,0,0,0,3,1.2,1,2015-16
22015,202713,Kyle Singler,1610612760,OKC,Oklahoma City Thunder,0021500384,2015-12-17,OKC @ CLE,L,17,0,0,,0,0,,0,0,,0,0,0,2,2,0,0,0,0,0,9.0,1,2015-16
22015,2449,Luis Scola,1610612761,TOR,Toronto Raptors,0021500383,2015-12-17,TOR @ CHA,L,21,1,7,0.143,0,1,0.0,0,0,,0,5,5,1,0,1,1,3,2,-11,11.5,1,2015-16
22015,203082,Terrence Ross,1610612761,TOR,Toronto Raptors,0021500383,2015-12-17,TOR @ CHA,L,38,6,12,0.5,5,10,0.5,0,0,,0,1,1,1,1,0,0,0,17,-7,22.7,1,2015-16
22015,1626181,Norman Powell,1610612761,TOR,Toronto Raptors,0021500383,2015-12-17,TOR @ CHA,L,3,0,0,,0,0,,0,0,,0,1,1,0,0,0,0,0,0,2,1.2,1,2015-16
22015,101107,Marvin Williams,1610612766,CHA,Charlotte Hornets,0021500383,2015-12-17,CHA vs. TOR,W,32,2,6,0.333,2,5,0.4,4,4,1.0,1,9,10,3,1,1,0,0,10,12,32.5,1,2015-16
22015,201946,Tyler Hansbrough,1610612766,CHA,Charlotte Hornets,0021500383,2015-12-17,CHA vs. TOR,W,8,0,1,0.0,0,0,,0,0,,1,1,2,0,0,0,0,0,0,4,2.4,1,2015-16
22015,2747,JR Smith,1610612739,CLE,Cleveland Cavaliers,0021500384,2015-12-17,CLE vs. OKC,W,25,5,12,0.417,1,5,0.2,0,0,,0,3,3,0,1,0,0,4,11,-8,17.6,1,2015-16
22015,203099,Jared Cunningham,1610612739,CLE,Cleveland Cavaliers,0021500384,2015-12-17,CLE vs. OKC,W,13,2,3,0.667,1,2,0.5,0,0,,0,1,1,0,1,0,2,4,5,13,7.2,1,2015-16
22015,201147,Corey Brewer,1610612745,HOU,Houston Rockets,0021500385,2015-12-17,HOU @ LAL,W,16,2,8,0.25,2,5,0.4,0,0,,0,2,2,1,0,0,1,1,6,-8,8.9,1,2015-16
22015,203991,Clint Capela,1610612745,HOU,Houston Rockets,0021500385,2015-12-17,HOU @ LAL,W,28,4,6,0.667,0,0,,2,4,0.5,7,5,12,1,2,4,1,1,10,19,42.9,1,2015-16
22015,101150,Lou Williams,1610612747,LAL,Los Angeles Lakers,0021500385,2015-12-17,LAL vs. HOU,L,31,5,9,0.556,2,5,0.4,2,3,0.667,0,5,5,3,0,1,2,2,14,-12,25.5,1,2015-16
22015,203944,Julius Randle,1610612747,LAL,Los Angeles Lakers,0021500385,2015-12-17,LAL vs. HOU,L,23,6,15,0.4,1,1,1.0,5,6,0.833,3,7,10,2,1,0,1,5,18,-4,35.0,1,2015-16
22015,201142,Kevin Durant,1610612760,OKC,Oklahoma City Thunder,0021500384,2015-12-17,OKC @ CLE,L,41,7,17,0.412,2,6,0.333,9,10,0.9,0,3,3,5,0,2,4,0,25,-2,38.1,1,2015-16
22015,201566,Russell Westbrook,1610612760,OKC,Oklahoma City Thunder,0021500384,2015-12-17,OKC @ CLE,L,34,10,18,0.556,1,3,0.333,6,6,1.0,0,3,3,10,3,0,4,4,27,-4,50.6,1,2015-16
22015,202683,Enes Freedom,1610612760,OKC,Oklahoma City Thunder,0021500384,2015-12-17,OKC @ CLE,L,18,2,4,0.5,0,0,,2,2,1.0,0,6,6,0,0,0,0,1,6,-10,13.2,1,2015-16
22015,201949,James Johnson,1610612761,TOR,Toronto Raptors,0021500383,2015-12-17,TOR @ CHA,L,13,3,5,0.6,0,1,0.0,3,5,0.6,1,2,3,0,0,0,3,3,9,-1,9.6,1,2015-16
22015,202335,Patrick Patterson,1610612761,TOR,Toronto Raptors,0021500383,2015-12-17,TOR @ CHA,L,25,1,8,0.125,0,7,0.0,0,0,,0,3,3,3,1,0,0,1,2,-3,13.1,1,2015-16
22015,202687,Bismack Biyombo,1610612761,TOR,Toronto Raptors,0021500383,2015-12-17,TOR @ CHA,L,40,2,4,0.5,0,0,,4,6,0.667,3,15,18,0,1,7,0,6,8,-6,53.6,1,2015-16
22015,203512,Lucas Nogueira,1610612761,TOR,Toronto Raptors,0021500383,2015-12-17,TOR @ CHA,L,5,1,1,1.0,0,0,,1,2,0.5,2,1,3,0,0,0,0,0,3,-5,6.6,1,2015-16
22015,202689,Kemba Walker,1610612766,CHA,Charlotte Hornets,0021500383,2015-12-17,CHA vs. TOR,W,44,10,24,0.417,0,3,0.0,7,8,0.875,2,4,6,7,1,2,3,0,27,11,50.7,1,2015-16
22015,203469,Cody Zeller,1610612766,CHA,Charlotte Hornets,0021500383,2015-12-17,CHA vs. TOR,W,21,2,6,0.333,0,0,,1,2,0.5,1,5,6,3,0,0,1,6,5,-6,15.7,1,2015-16
22015,1891,Jason Terry,1610612745,HOU,Houston Rockets,0021500385,2015-12-17,HOU @ LAL,W,6,0,1,0.0,0,0,,0,0,,0,0,0,0,0,0,0,1,0,-12,0.0,1,2015-16
22015,2772,Trevor Ariza,1610612745,HOU,Houston Rockets,0021500385,2015-12-17,HOU @ LAL,W,36,5,10,0.5,3,6,0.5,0,0,,2,3,5,4,3,0,0,2,13,26,34.0,1,2015-16
22015,202700,Donatas Motiejunas,1610612745,HOU,Houston Rockets,0021500385,2015-12-17,HOU @ LAL,W,19,3,7,0.429,1,1,1.0,1,4,0.25,2,2,4,2,0,0,3,2,8,4,12.8,1,2015-16
22015,977,Kobe Bryant,1610612747,LAL,Los Angeles Lakers,0021500385,2015-12-17,LAL vs. HOU,L,32,9,16,0.563,2,6,0.333,2,7,0.286,1,7,8,3,0,1,2,2,22,-24,37.1,1,2015-16
22015,2594,Kyle Korver,1610612737,ATL,Atlanta Hawks,0021500389,2015-12-18,ATL @ BOS,W,35,4,9,0.444,1,4,0.25,2,2,1.0,0,5,5,2,2,0,0,4,11,5,26.0,1,2015-16
22015,203145,Kent Bazemore,1610612737,ATL,Atlanta Hawks,0021500389,2015-12-18,ATL @ BOS,W,37,6,16,0.375,0,4,0.0,3,5,0.6,0,3,3,2,1,0,2,4,15,16,22.6,1,2015-16
22015,203471,Dennis Schröder,1610612737,ATL,Atlanta Hawks,0021500389,2015-12-18,ATL @ BOS,W,28,8,15,0.533,2,4,0.5,4,4,1.0,0,0,0,5,4,0,0,3,22,20,41.5,1,2015-16
22015,201569,Eric Gordon,1610612740,NOP,New Orleans Pelicans,0021500396,2015-12-18,NOP @ PHX,L,29,2,11,0.182,2,9,0.222,9,11,0.818,0,1,1,1,2,1,2,3,15,-3,24.7,1,2015-16
22015,201936,Tyreke Evans,1610612740,NOP,New Orleans Pelicans,0021500396,2015-12-18,NOP @ PHX,L,24,4,10,0.4,0,1,0.0,4,4,1.0,1,3,4,1,2,1,3,4,12,1,24.3,1,2015-16
22015,201950,Jrue Holiday,1610612740,NOP,New Orleans Pelicans,0021500396,2015-12-18,NOP @ PHX,L,27,4,13,0.308,1,6,0.167,5,8,0.625,0,2,2,4,0,0,2,2,14,-18,20.4,1,2015-16
22015,201166,Aaron Brooks,1610612741,CHI,Chicago Bulls,0021500391,2015-12-18,CHI vs. DET,L,12,1,3,0.333,0,0,,0,0,,1,1,2,2,0,0,1,2,2,-6,6.4,1,2015-16
22015,201959,Taj Gibson,1610612741,CHI,Chicago Bulls,0021500391,2015-12-18,CHI vs. DET,L,44,4,7,0.571,0,0,,6,7,0.857,6,6,12,0,0,2,2,2,14,-2,32.4,1,2015-16
22015,203939,Dwight Powell,1610612742,DAL,Dallas Mavericks,0021500394,2015-12-18,DAL vs. MEM,W,9,0,2,0.0,0,0,,0,0,,1,0,1,0,1,0,0,3,0,0,4.2,1,2015-16
22015,201589,Darrell Arthur,1610612743,DEN,Denver Nuggets,0021500395,2015-12-18,DEN @ UTA,L,18,3,7,0.429,0,0,,0,0,,0,1,1,0,2,2,0,0,6,1,19.2,1,2015-16
22015,203530,Joffrey Lauvergne,1610612743,DEN,Denver Nuggets,0021500395,2015-12-18,DEN @ UTA,L,27,5,12,0.417,2,4,0.5,0,0,,6,7,13,1,0,0,0,1,12,-4,29.1,1,2015-16
22015,203914,Gary Harris,1610612743,DEN,Denver Nuggets,0021500395,2015-12-18,DEN @ UTA,L,29,5,11,0.455,1,6,0.167,1,1,1.0,0,2,2,2,1,1,3,3,12,-9,20.4,1,2015-16
22015,101106,Andrew Bogut,1610612744,GSW,Golden State Warriors,0021500397,2015-12-18,GSW vs. MIL,W,5,0,0,,0,0,,0,0,,0,1,1,1,0,0,1,2,0,0,1.7,1,2015-16
22015,201574,Jason Thompson,1610612744,GSW,Golden State Warriors,0021500397,2015-12-18,GSW vs. MIL,W,4,1,1,1.0,0,0,,0,0,,0,0,0,0,0,0,0,2,2,-4,2.0,1,2015-16
22015,202691,Klay Thompson,1610612744,GSW,Golden State Warriors,0021500397,2015-12-18,GSW vs. MIL,W,37,8,16,0.5,2,9,0.222,9,10,0.9,0,3,3,2,1,3,1,2,27,22,44.6,1,2015-16
22015,203105,Festus Ezeli,1610612744,GSW,Golden State Warriors,0021500397,2015-12-18,GSW vs. MIL,W,27,6,8,0.75,0,0,,2,6,0.333,6,4,10,2,2,0,1,3,14,20,34.0,1,2015-16
22015,101108,Chris Paul,1610612746,LAC,LA Clippers,0021500393,2015-12-18,LAC @ SAS,L,34,8,14,0.571,2,5,0.4,9,10,0.9,1,1,2,10,3,0,2,5,27,6,51.4,1,2015-16
22015,201601,Luc Mbah a Moute,1610612746,LAC,LA Clippers,0021500393,2015-12-18,LAC @ SAS,L,22,1,3,0.333,1,2,0.5,2,2,1.0,0,1,1,0,1,0,1,2,5,5,8.2,1,2015-16
22015,202325,Wesley Johnson,1610612746,LAC,LA Clippers,0021500393,2015-12-18,LAC @ SAS,L,15,2,4,0.5,1,3,0.333,2,2,1.0,0,3,3,0,0,2,1,1,7,-7,15.6,1,2015-16
22015,101123,Gerald Green,1610612748,MIA,Miami Heat,0021500390,2015-12-18,MIA vs. TOR,L,31,7,15,0.467,5,10,0.5,1,1,1.0,0,0,0,1,1,0,1,2,20,-8,23.5,1,2015-16
22015,201609,Goran Dragic,1610612748,MIA,Miami Heat,0021500390,2015-12-18,MIA vs. TOR,L,33,8,13,0.615,0,2,0.0,2,3,0.667,0,2,2,5,1,0,2,2,18,-16,28.9,1,2015-16
22015,203089,John Henson,1610612749,MIL,Milwaukee Bucks,0021500397,2015-12-18,MIL @ GSW,L,2,0,0,,0,0,,0,0,,0,0,0,0,0,0,0,3,0,-4,0.0,1,2015-16
22015,1626173,Rashad Vaughn,1610612749,MIL,Milwaukee Bucks,0021500397,2015-12-18,MIL @ GSW,L,11,1,1,1.0,1,1,1.0,0,0,,0,0,0,1,0,0,1,0,3,-4,3.5,1,2015-16
22015,201961,Wayne Ellington,1610612751,BKN,Brooklyn Nets,0021500386,2015-12-18,BKN @ IND,L,15,2,6,0.333,1,2,0.5,0,0,,0,2,2,0,0,0,0,2,5,-2,7.4,1,2015-16
22015,2756,Sasha Vujacic,1610612752,NYK,New York Knicks,0021500388,2015-12-18,NYK @ PHI,W,7,0,3,0.0,0,2,0.0,0,0,,1,0,1,0,0,0,0,0,0,-15,1.2,1,2015-16
22015,201167,Arron Afflalo,1610612752,NYK,New York Knicks,0021500388,2015-12-18,NYK @ PHI,W,26,9,13,0.692,3,5,0.6,1,1,1.0,1,6,7,1,1,1,0,0,22,18,37.9,1,2015-16
22015,202338,Kevin Seraphin,1610612752,NYK,New York Knicks,0021500388,2015-12-18,NYK @ PHI,W,5,1,4,0.25,0,0,,0,0,,0,2,2,0,0,1,0,1,2,-13,7.4,1,2015-16
22015,204038,Langston Galloway,1610612752,NYK,New York Knicks,0021500388,2015-12-18,NYK @ PHI,W,16,3,5,0.6,1,1,1.0,0,1,0.0,1,1,2,3,1,0,2,2,7,9,14.9,1,2015-16
22015,202699,Tobias Harris,1610612753,ORL,Orlando Magic,0021500387,2015-12-18,ORL vs. POR,W,36,9,13,0.692,1,3,0.333,6,7,0.857,3,9,12,2,3,0,0,0,25,9,51.4,1,2015-16
22015,203095,Evan Fournier,1610612753,ORL,Orlando Magic,0021500387,2015-12-18,ORL vs. POR,W,25,1,7,0.143,0,4,0.0,0,0,,0,1,1,4,2,0,0,0,2,4,15.2,1,2015-16
22015,101133,Ian Mahinmi,1610612754,IND,Indiana Pacers,0021500386,2015-12-18,IND vs. BKN,W,25,5,7,0.714,0,0,,0,0,,2,7,9,2,0,1,0,1,10,-5,26.8,1,2015-16
22015,201588,George Hill,1610612754,IND,Indiana Pacers,0021500386,2015-12-18,IND vs. BKN,W,35,3,11,0.273,3,7,0.429,0,0,,0,4,4,3,0,0,1,0,9,12,17.3,1,2015-16
22015,201941,Jordan Hill,1610612754,IND,Indiana Pacers,0021500386,2015-12-18,IND vs. BKN,W,23,5,9,0.556,0,0,,4,4,1.0,5,6,11,1,0,0,1,3,14,12,27.7,1,2015-16
22015,202331,Paul George,1610612754,IND,Indiana Pacers,0021500386,2015-12-18,IND vs. BKN,W,36,7,15,0.467,2,6,0.333,7,8,0.875,0,10,10,3,1,0,7,4,23,4,35.5,1,2015-16
22015,203138,Hollis Thompson,1610612755,PHI,Philadelphia 76ers,0021500388,2015-12-18,PHI vs. NYK,L,21,3,7,0.429,2,5,0.4,2,4,0.5,1,6,7,0,0,0,1,4,10,-9,17.4,1,2015-16
22015,203924,Jerami Grant,1610612755,PHI,Philadelphia 76ers,0021500388,2015-12-18,PHI vs. NYK,L,27,2,8,0.25,0,3,0.0,4,6,0.667,0,1,1,0,1,1,0,2,8,7,15.2,1,2015-16
22015,101179,Ronnie Price,1610612756,PHX,Phoenix Suns,0021500396,2015-12-18,PHX vs. NOP,W,18,0,1,0.0,0,1,0.0,0,0,,0,0,0,3,1,0,1,4,0,3,6.5,1,2015-16
22015,203086,Meyers Leonard,1610612757,POR,Portland Trail Blazers,0021500387,2015-12-18,POR @ ORL,L,22,2,6,0.333,0,2,0.0,0,0,,1,6,7,0,0,0,2,2,4,-1,10.4,1,2015-16
22015,203090,Maurice Harkless,1610612757,POR,Portland Trail Blazers,0021500387,2015-12-18,POR @ ORL,L,10,0,1,0.0,0,0,,1,2,0.5,0,1,1,0,0,0,0,2,1,1,2.2,1,2015-16
22015,201988,Patty Mills,1610612759,SAS,San Antonio Spurs,0021500393,2015-12-18,SAS vs. LAC,W,24,3,9,0.333,2,5,0.4,0,0,,0,2,2,2,0,1,1,2,8,10,15.4,1,2015-16
22015,202695,Kawhi Leonard,1610612759,SAS,San Antonio Spurs,0021500393,2015-12-18,SAS vs. LAC,W,36,6,14,0.429,1,3,0.333,6,7,0.857,1,8,9,2,0,0,0,3,19,-10,32.8,1,2015-16
22015,202687,Bismack Biyombo,1610612761,TOR,Toronto Raptors,0021500390,2015-12-18,TOR @ MIA,W,34,2,5,0.4,0,0,,1,2,0.5,4,11,15,0,0,1,1,1,5,11,25.0,1,2015-16
22015,201144,Mike Conley,1610612763,MEM,Memphis Grizzlies,0021500394,2015-12-18,MEM @ DAL,L,35,6,12,0.5,1,2,0.5,7,7,1.0,1,3,4,2,1,0,2,2,20,-9,28.8,1,2015-16
22015,201229,Anthony Tolliver,1610612765,DET,Detroit Pistons,0021500391,2015-12-18,DET @ CHI,W,13,1,4,0.25,0,2,0.0,0,0,,0,1,1,0,0,0,0,1,2,5,3.2,1,2015-16
22015,203484,Kentavious Caldwell-Pope,1610612765,DET,Detroit Pistons,0021500391,2015-12-18,DET @ CHI,W,49,7,18,0.389,2,7,0.286,1,4,0.25,1,6,7,3,1,1,1,5,17,-6,34.9,1,2015-16
22015,201168,Tiago Splitter,1610612737,ATL,Atlanta Hawks,0021500389,2015-12-18,ATL @ BOS,W,18,1,3,0.333,0,0,,1,2,0.5,1,2,3,1,1,1,0,4,3,1,14.1,1,2015-16
22015,203118,Mike Scott,1610612737,ATL,Atlanta Hawks,0021500389,2015-12-18,ATL @ BOS,W,9,0,0,,0,0,,0,0,,0,2,2,0,0,0,0,2,0,-2,2.4,1,2015-16
22015,203934,Lamar Patterson,1610612737,ATL,Atlanta Hawks,0021500389,2015-12-18,ATL @ BOS,W,5,0,0,,0,0,,0,0,,0,1,1,0,0,0,2,0,0,0,-0.8,1,2015-16
22015,203096,Jared Sullinger,1610612738,BOS,Boston Celtics,0021500389,2015-12-18,BOS vs. ATL,L,24,4,7,0.571,0,0,,2,6,0.333,2,6,8,3,1,0,0,0,10,3,27.1,1,2015-16
22015,202087,Alonzo Gee,1610612740,NOP,New Orleans Pelicans,0021500396,2015-12-18,NOP @ PHX,L,21,2,3,0.667,1,1,1.0,0,0,,2,3,5,1,0,1,1,2,5,-15,14.5,1,2015-16
22015,202708,Norris Cole,1610612740,NOP,New Orleans Pelicans,0021500396,2015-12-18,NOP @ PHX,L,24,2,6,0.333,0,3,0.0,0,0,,0,2,2,1,0,0,2,1,4,-11,5.9,1,2015-16
22015,201149,Joakim Noah,1610612741,CHI,Chicago Bulls,0021500391,2015-12-18,CHI vs. DET,L,26,3,5,0.6,0,0,,0,0,,5,6,11,4,1,0,3,1,6,-10,25.2,1,2015-16
22015,2585,Zaza Pachulia,1610612742,DAL,Dallas Mavericks,0021500394,2015-12-18,DAL vs. MEM,W,29,4,12,0.333,0,0,,2,2,1.0,6,12,18,1,1,0,2,3,10,-10,34.1,1,2015-16
22015,200826,J.J. Barea,1610612742,DAL,Dallas Mavericks,0021500394,2015-12-18,DAL vs. MEM,W,22,3,6,0.5,1,3,0.333,0,0,,0,3,3,5,0,0,3,5,7,7,15.1,1,2015-16
22015,200751,Randy Foye,1610612743,DEN,Denver Nuggets,0021500395,2015-12-18,DEN @ UTA,L,15,0,1,0.0,0,1,0.0,0,0,,0,0,0,2,3,0,1,2,0,4,11.0,1,2015-16
22015,201939,Stephen Curry,1610612744,GSW,Golden State Warriors,0021500397,2015-12-18,GSW vs. MIL,W,39,7,14,0.5,2,6,0.333,10,11,0.909,2,8,10,9,2,0,6,2,26,13,51.5,1,2015-16
22015,2037,Jamal Crawford,1610612746,LAC,LA Clippers,0021500393,2015-12-18,LAC @ SAS,L,17,0,3,0.0,0,1,0.0,0,0,,0,1,1,3,0,1,0,2,0,-10,8.7,1,2015-16
22015,2746,Josh Smith,1610612746,LAC,LA Clippers,0021500393,2015-12-18,LAC @ SAS,L,12,3,6,0.5,0,2,0.0,0,0,,0,2,2,1,1,2,3,2,6,-4,15.9,1,2015-16
22015,203114,Khris Middleton,1610612749,MIL,Milwaukee Bucks,0021500397,2015-12-18,MIL @ GSW,L,38,6,16,0.375,2,9,0.222,2,2,1.0,0,2,2,4,2,0,2,0,16,-10,28.4,1,2015-16
22015,203948,Johnny O'Bryant III,1610612749,MIL,Milwaukee Bucks,0021500397,2015-12-18,MIL @ GSW,L,15,0,1,0.0,0,0,,0,0,,1,2,3,0,1,0,1,2,0,3,5.6,1,2015-16
22015,1889,Andre Miller,1610612750,MIN,Minnesota Timberwolves,0021500392,2015-12-18,MIN vs. SAC,W,5,1,1,1.0,0,0,,0,0,,0,0,0,1,0,0,0,1,2,-2,3.5,1,2015-16
22015,2755,Kevin Martin,1610612750,MIN,Minnesota Timberwolves,0021500392,2015-12-18,MIN vs. SAC,W,16,1,4,0.25,0,0,,0,0,,0,2,2,0,0,0,1,0,2,-10,3.4,1,2015-16
22015,203897,Zach LaVine,1610612750,MIN,Minnesota Timberwolves,0021500392,2015-12-18,MIN vs. SAC,W,18,4,11,0.364,0,4,0.0,0,0,,1,1,2,0,0,0,4,2,8,-5,6.4,1,2015-16
22015,203952,Andrew Wiggins,1610612750,MIN,Minnesota Timberwolves,0021500392,2015-12-18,MIN vs. SAC,W,36,11,20,0.55,1,3,0.333,9,10,0.9,5,5,10,6,0,0,4,2,32,10,49.0,1,2015-16
22015,200811,Lou Amundson,1610612752,NYK,New York Knicks,0021500388,2015-12-18,NYK @ PHI,W,5,0,1,0.0,0,0,,0,0,,1,1,2,1,0,0,1,0,0,-13,2.9,1,2015-16
22015,204001,Kristaps Porziņģis,1610612752,NYK,New York Knicks,0021500388,2015-12-18,NYK @ PHI,W,26,3,9,0.333,0,2,0.0,2,2,1.0,1,3,4,1,1,3,2,1,8,15,24.3,1,2015-16
22015,1626170,Jerian Grant,1610612752,NYK,New York Knicks,0021500388,2015-12-18,NYK @ PHI,W,22,2,6,0.333,0,1,0.0,0,0,,0,2,2,2,0,0,1,1,4,-4,8.4,1,2015-16
22015,201160,Jason Smith,1610612753,ORL,Orlando Magic,0021500387,2015-12-18,ORL vs. POR,W,13,2,5,0.4,0,0,,0,0,,0,1,1,0,0,1,0,1,4,3,8.2,1,2015-16
22015,203932,Aaron Gordon,1610612753,ORL,Orlando Magic,0021500387,2015-12-18,ORL vs. POR,W,12,0,1,0.0,0,0,,2,2,1.0,1,4,5,0,0,0,0,1,2,-1,8.0,1,2015-16
22015,101145,Monta Ellis,1610612754,IND,Indiana Pacers,0021500386,2015-12-18,IND vs. BKN,W,34,1,8,0.125,0,3,0.0,0,0,,0,1,1,5,2,0,1,3,2,-3,15.7,1,2015-16
22015,201978,Chase Budinger,1610612754,IND,Indiana Pacers,0021500386,2015-12-18,IND vs. BKN,W,13,3,8,0.375,0,3,0.0,2,2,1.0,2,0,2,1,0,0,0,1,8,-1,11.9,1,2015-16
22015,203088,Kendall Marshall,1610612755,PHI,Philadelphia 76ers,0021500388,2015-12-18,PHI vs. NYK,L,16,1,4,0.25,0,2,0.0,0,0,,0,1,1,3,2,0,2,1,2,-13,11.7,1,2015-16
22015,203496,Robert Covington,1610612755,PHI,Philadelphia 76ers,0021500388,2015-12-18,PHI vs. NYK,L,16,1,5,0.2,1,4,0.25,0,0,,0,4,4,1,0,0,1,4,3,-8,8.3,1,2015-16
22015,203917,Nik Stauskas,1610612755,PHI,Philadelphia 76ers,0021500388,2015-12-18,PHI vs. NYK,L,7,0,0,,0,0,,0,2,0.0,0,0,0,0,1,0,0,0,0,5,3.0,1,2015-16
22015,204456,T.J. McConnell,1610612755,PHI,Philadelphia 76ers,0021500388,2015-12-18,PHI vs. NYK,L,14,2,3,0.667,1,1,1.0,0,0,,2,3,5,3,1,0,0,0,5,12,18.5,1,2015-16
22015,202720,Jon Leuer,1610612756,PHX,Phoenix Suns,0021500396,2015-12-18,PHX vs. NOP,W,27,6,12,0.5,0,1,0.0,0,0,,2,8,10,0,1,0,1,1,12,12,26.0,1,2015-16
22015,203141,Mirza Teletovic,1610612756,PHX,Phoenix Suns,0021500396,2015-12-18,PHX vs. NOP,W,3,1,2,0.5,0,0,,0,0,,0,0,0,0,0,0,0,0,2,-8,2.0,1,2015-16
22015,203458,Alex Len,1610612756,PHX,Phoenix Suns,0021500396,2015-12-18,PHX vs. NOP,W,29,8,11,0.727,1,1,1.0,2,4,0.5,4,9,13,2,2,1,1,5,19,19,45.6,1,2015-16
22015,202329,Al-Farouq Aminu,1610612757,POR,Portland Trail Blazers,0021500387,2015-12-18,POR @ ORL,L,29,5,6,0.833,4,5,0.8,2,2,1.0,1,3,4,1,0,0,1,2,16,-6,21.3,1,2015-16
22015,203943,Noah Vonleh,1610612757,POR,Portland Trail Blazers,0021500387,2015-12-18,POR @ ORL,L,12,2,4,0.5,0,1,0.0,0,0,,0,0,0,1,0,0,0,1,4,-10,5.5,1,2015-16
22015,200765,Rajon Rondo,1610612758,SAC,Sacramento Kings,0021500392,2015-12-18,SAC @ MIN,L,36,4,8,0.5,0,1,0.0,3,4,0.75,1,3,4,13,3,0,2,5,11,-13,42.3,1,2015-16
22015,201585,Kosta Koufos,1610612758,SAC,Sacramento Kings,0021500392,2015-12-18,SAC @ MIN,L,22,1,3,0.333,0,0,,2,2,1.0,0,4,4,0,0,0,0,0,4,10,8.8,1,2015-16
22015,201954,Darren Collison,1610612758,SAC,Sacramento Kings,0021500392,2015-12-18,SAC @ MIN,L,27,6,10,0.6,2,5,0.4,1,3,0.333,0,0,0,1,0,0,0,3,15,9,16.5,1,2015-16
22015,203463,Ben McLemore,1610612758,SAC,Sacramento Kings,0021500392,2015-12-18,SAC @ MIN,L,21,3,5,0.6,0,1,0.0,0,1,0.0,0,0,0,1,2,0,1,3,6,-14,12.5,1,2015-16
22015,203552,Seth Curry,1610612758,SAC,Sacramento Kings,0021500392,2015-12-18,SAC @ MIN,L,7,0,1,0.0,0,1,0.0,0,0,,0,1,1,1,0,0,0,0,0,6,2.7,1,2015-16
22015,201980,Danny Green,1610612759,SAS,San Antonio Spurs,0021500393,2015-12-18,SAS vs. LAC,W,25,4,6,0.667,2,4,0.5,0,0,,1,3,4,0,0,2,1,2,10,-5,19.8,1,2015-16
22015,203613,Jonathon Simmons,1610612759,SAS,San Antonio Spurs,0021500393,2015-12-18,SAS vs. LAC,W,8,2,2,1.0,1,1,1.0,0,0,,0,1,1,0,1,0,0,3,5,17,9.2,1,2015-16
22015,200768,Kyle Lowry,1610612761,TOR,Toronto Raptors,0021500390,2015-12-18,TOR @ MIA,W,38,8,18,0.444,1,4,0.25,4,4,1.0,0,3,3,4,4,0,1,2,21,17,41.6,1,2015-16
22015,203082,Terrence Ross,1610612761,TOR,Toronto Raptors,0021500390,2015-12-18,TOR @ MIA,W,25,6,9,0.667,5,8,0.625,0,0,,0,1,1,1,1,2,1,1,17,3,27.7,1,2015-16
22015,202407,Elijah Millsap,1610612762,UTA,Utah Jazz,0021500395,2015-12-18,UTA vs. DEN,W,3,0,0,,0,0,,0,0,,0,1,1,1,0,0,1,1,0,-3,1.7,1,2015-16
22015,202692,Alec Burks,1610612762,UTA,Utah Jazz,0021500395,2015-12-18,UTA vs. DEN,W,17,3,7,0.429,1,3,0.333,1,2,0.5,0,4,4,0,1,0,1,1,8,9,14.8,1,2015-16
22015,203526,Raul Neto,1610612762,UTA,Utah Jazz,0021500395,2015-12-18,UTA vs. DEN,W,15,3,5,0.6,1,2,0.5,1,1,1.0,0,1,1,0,0,0,1,2,8,-10,8.2,1,2015-16
22015,203918,Rodney Hood,1610612762,UTA,Utah Jazz,0021500395,2015-12-18,UTA vs. DEN,W,33,4,10,0.4,1,5,0.2,3,4,0.75,0,4,4,5,1,0,0,2,12,5,27.3,1,2015-16
22015,204060,Joe Ingles,1610612762,UTA,Utah Jazz,0021500395,2015-12-18,UTA vs. DEN,W,17,2,5,0.4,1,3,0.333,0,0,,0,0,0,1,3,0,1,1,5,4,14.5,1,2015-16
22015,201145,Jeff Green,1610612763,MEM,Memphis Grizzlies,0021500394,2015-12-18,MEM @ DAL,L,35,0,7,0.0,0,1,0.0,2,2,1.0,0,7,7,3,0,0,0,3,2,-8,14.9,1,2015-16
22015,2581,Steve Blake,1610612765,DET,Detroit Pistons,0021500391,2015-12-18,DET @ CHI,W,19,3,5,0.6,1,2,0.5,1,2,0.5,1,2,3,2,1,0,0,0,8,3,17.6,1,2015-16
22015,1626169,Stanley Johnson,1610612765,DET,Detroit Pistons,0021500391,2015-12-18,DET @ CHI,W,30,6,11,0.545,1,2,0.5,3,4,0.75,1,6,7,1,1,0,2,6,16,6,26.9,1,2015-16
22015,201952,Jeff Teague,1610612737,ATL,Atlanta Hawks,0021500389,2015-12-18,ATL @ BOS,W,20,1,6,0.167,0,1,0.0,4,4,1.0,1,1,2,6,0,0,2,2,6,-12,15.4,1,2015-16
22015,101161,Amir Johnson,1610612738,BOS,Boston Celtics,0021500389,2015-12-18,BOS vs. ATL,L,16,2,3,0.667,0,0,,0,0,,0,3,3,1,0,0,1,3,4,-9,8.1,1,2015-16
22015,201583,Ryan Anderson,1610612740,NOP,New Orleans Pelicans,0021500396,2015-12-18,NOP @ PHX,L,21,0,3,0.0,0,0,,3,3,1.0,0,2,2,0,0,0,3,1,3,4,2.4,1,2015-16
22015,201600,Omer Asik,1610612740,NOP,New Orleans Pelicans,0021500396,2015-12-18,NOP @ PHX,L,21,2,3,0.667,0,0,,0,0,,3,3,6,1,1,0,1,3,4,-9,14.7,1,2015-16
22015,201967,Dante Cunningham,1610612740,NOP,New Orleans Pelicans,0021500396,2015-12-18,NOP @ PHX,L,5,0,2,0.0,0,0,,0,0,,0,0,0,0,0,0,0,1,0,-7,0.0,1,2015-16
22015,203503,Tony Snell,1610612741,CHI,Chicago Bulls,0021500391,2015-12-18,CHI vs. DET,L,38,1,7,0.143,1,7,0.143,0,0,,1,3,4,0,1,0,2,5,3,9,8.8,1,2015-16
22015,201580,JaVale McGee,1610612742,DAL,Dallas Mavericks,0021500394,2015-12-18,DAL vs. MEM,W,18,5,6,0.833,0,0,,0,0,,1,4,5,0,0,3,2,0,10,20,23.0,1,2015-16
22015,202083,Wesley Matthews,1610612742,DAL,Dallas Mavericks,0021500394,2015-12-18,DAL vs. MEM,W,29,0,4,0.0,0,3,0.0,2,2,1.0,0,1,1,3,2,0,1,0,2,4,12.7,1,2015-16
22015,203123,Kostas Papanikolaou,1610612743,DEN,Denver Nuggets,0021500395,2015-12-18,DEN @ UTA,L,11,0,1,0.0,0,1,0.0,1,2,0.5,0,2,2,0,1,0,2,0,1,0,4.4,1,2015-16
22015,203999,Nikola Jokić,1610612743,DEN,Denver Nuggets,0021500395,2015-12-18,DEN @ UTA,L,21,1,5,0.2,0,2,0.0,5,6,0.833,3,7,10,0,1,0,2,3,7,-5,20.0,1,2015-16
22015,2571,Leandro Barbosa,1610612744,GSW,Golden State Warriors,0021500397,2015-12-18,GSW vs. MIL,W,9,2,6,0.333,0,1,0.0,2,2,1.0,0,0,0,0,0,0,2,2,6,-4,4.0,1,2015-16
22015,203110,Draymond Green,1610612744,GSW,Golden State Warriors,0021500397,2015-12-18,GSW vs. MIL,W,40,7,15,0.467,2,3,0.667,5,8,0.625,2,7,9,8,1,0,2,4,21,15,44.8,1,2015-16
22015,203085,Austin Rivers,1610612746,LAC,LA Clippers,0021500393,2015-12-18,LAC @ SAS,L,14,2,4,0.5,0,1,0.0,0,0,,0,2,2,3,0,0,1,0,4,-14,9.9,1,2015-16
22015,2547,Chris Bosh,1610612748,MIA,Miami Heat,0021500390,2015-12-18,MIA vs. TOR,L,29,4,8,0.5,1,2,0.5,2,2,1.0,0,4,4,3,1,0,1,4,11,-19,22.3,1,2015-16
22015,2548,Dwyane Wade,1610612748,MIA,Miami Heat,0021500390,2015-12-18,MIA vs. TOR,L,31,8,16,0.5,0,2,0.0,5,5,1.0,2,4,6,5,0,0,8,0,21,-6,27.7,1,2015-16
22015,1626196,Josh Richardson,1610612748,MIA,Miami Heat,0021500390,2015-12-18,MIA vs. TOR,L,3,0,0,,0,0,,0,0,,0,0,0,0,0,1,0,2,0,-2,3.0,1,2015-16
22015,203101,Miles Plumlee,1610612749,MIL,Milwaukee Bucks,0021500397,2015-12-18,MIL @ GSW,L,19,3,3,1.0,0,0,,7,8,0.875,3,4,7,0,0,3,0,1,13,10,30.4,1,2015-16
22015,708,Kevin Garnett,1610612750,MIN,Minnesota Timberwolves,0021500392,2015-12-18,MIN vs. SAC,W,21,1,2,0.5,0,0,,0,0,,0,2,2,3,0,2,0,0,2,8,14.9,1,2015-16
22015,201937,Ricky Rubio,1610612750,MIN,Minnesota Timberwolves,0021500392,2015-12-18,MIN vs. SAC,W,32,3,10,0.3,2,6,0.333,4,4,1.0,2,5,7,8,2,0,3,3,12,6,35.4,1,2015-16
22015,2207,Joe Johnson,1610612751,BKN,Brooklyn Nets,0021500386,2015-12-18,BKN @ IND,L,33,4,11,0.364,3,4,0.75,0,0,,0,0,0,3,3,0,1,2,11,-1,23.5,1,2015-16
22015,101127,Jarrett Jack,1610612751,BKN,Brooklyn Nets,0021500386,2015-12-18,BKN @ IND,L,39,8,15,0.533,3,6,0.5,7,7,1.0,0,9,9,6,3,2,3,2,26,-3,57.8,1,2015-16
22015,202388,Donald Sloan,1610612751,BKN,Brooklyn Nets,0021500386,2015-12-18,BKN @ IND,L,24,3,7,0.429,0,0,,0,0,,0,6,6,3,0,0,2,2,6,1,15.7,1,2015-16
22015,203186,Willie Reed,1610612751,BKN,Brooklyn Nets,0021500386,2015-12-18,BKN @ IND,L,9,0,0,,0,0,,0,0,,0,0,0,0,0,1,1,2,0,-5,2.0,1,2015-16
22015,2546,Carmelo Anthony,1610612752,NYK,New York Knicks,0021500388,2015-12-18,NYK @ PHI,W,28,4,14,0.286,0,2,0.0,8,9,0.889,1,4,5,4,2,0,3,1,16,15,31.0,1,2015-16
22015,202682,Derrick Williams,1610612752,NYK,New York Knicks,0021500388,2015-12-18,NYK @ PHI,W,22,7,11,0.636,1,3,0.333,2,4,0.5,0,3,3,0,1,0,1,4,17,-2,22.6,1,2015-16
22015,203506,Victor Oladipo,1610612753,ORL,Orlando Magic,0021500387,2015-12-18,ORL vs. POR,W,35,7,14,0.5,1,2,0.5,0,0,,0,4,4,6,3,1,6,4,15,4,34.8,1,2015-16
22015,203457,Nerlens Noel,1610612755,PHI,Philadelphia 76ers,0021500388,2015-12-18,PHI vs. NYK,L,27,4,4,1.0,0,0,,0,0,,1,4,5,0,0,3,0,2,8,-17,23.0,1,2015-16
22015,1626143,Jahlil Okafor,1610612755,PHI,Philadelphia 76ers,0021500388,2015-12-18,PHI vs. NYK,L,30,9,17,0.529,0,0,,2,3,0.667,0,5,5,2,0,0,0,1,20,-9,29.0,1,2015-16
22015,1626158,Richaun Holmes,1610612755,PHI,Philadelphia 76ers,0021500388,2015-12-18,PHI vs. NYK,L,18,5,7,0.714,0,1,0.0,0,0,,0,3,3,0,1,0,1,1,10,6,15.6,1,2015-16
22015,203933,T.J. Warren,1610612756,PHX,Phoenix Suns,0021500396,2015-12-18,PHX vs. NOP,W,28,5,11,0.455,0,1,0.0,0,0,,3,1,4,1,2,0,1,2,10,17,21.3,1,2015-16
22015,201945,Gerald Henderson,1610612757,POR,Portland Trail Blazers,0021500387,2015-12-18,POR @ ORL,L,16,1,3,0.333,0,1,0.0,2,2,1.0,1,3,4,1,0,1,1,0,4,-5,12.3,1,2015-16
22015,202334,Ed Davis,1610612757,POR,Portland Trail Blazers,0021500387,2015-12-18,POR @ ORL,L,22,0,2,0.0,0,0,,1,6,0.167,2,5,7,0,0,0,1,2,1,4,8.4,1,2015-16
22015,203459,Allen Crabbe,1610612757,POR,Portland Trail Blazers,0021500387,2015-12-18,POR @ ORL,L,24,5,11,0.455,2,7,0.286,2,2,1.0,0,4,4,1,0,0,2,1,14,4,18.3,1,2015-16
22015,203468,CJ McCollum,1610612757,POR,Portland Trail Blazers,0021500387,2015-12-18,POR @ ORL,L,39,11,19,0.579,3,7,0.429,2,3,0.667,0,2,2,6,2,0,2,3,27,-3,42.4,1,2015-16
22015,201158,Marco Belinelli,1610612758,SAC,Sacramento Kings,0021500392,2015-12-18,SAC @ MIN,L,18,2,4,0.5,0,1,0.0,0,0,,0,1,1,2,0,0,2,0,4,4,6.2,1,2015-16
22015,202326,DeMarcus Cousins,1610612758,SAC,Sacramento Kings,0021500392,2015-12-18,SAC @ MIN,L,37,11,25,0.44,0,3,0.0,2,3,0.667,4,8,12,4,4,1,5,4,24,-3,54.4,1,2015-16
22015,1495,Tim Duncan,1610612759,SAS,San Antonio Spurs,0021500393,2015-12-18,SAS vs. LAC,W,29,5,8,0.625,0,0,,4,6,0.667,3,2,5,4,1,0,2,2,14,5,27.0,1,2015-16
22015,201942,DeMar DeRozan,1610612761,TOR,Toronto Raptors,0021500390,2015-12-18,TOR @ MIA,W,40,10,17,0.588,0,1,0.0,10,13,0.769,0,4,4,4,2,0,3,0,30,11,43.8,1,2015-16
22015,201949,James Johnson,1610612761,TOR,Toronto Raptors,0021500390,2015-12-18,TOR @ MIA,W,32,5,9,0.556,1,2,0.5,2,2,1.0,1,0,1,5,1,1,0,1,13,12,27.7,1,2015-16
22015,202344,Trevor Booker,1610612762,UTA,Utah Jazz,0021500395,2015-12-18,UTA vs. DEN,W,25,4,6,0.667,1,1,1.0,3,4,0.75,0,6,6,1,2,0,1,2,12,5,25.7,1,2015-16
22015,202694,Marcus Morris Sr.,1610612765,DET,Detroit Pistons,0021500391,2015-12-18,DET @ CHI,W,57,7,17,0.412,3,6,0.5,3,6,0.5,2,5,7,2,0,1,2,6,20,7,32.4,1,2015-16
22015,200757,Thabo Sefolosha,1610612737,ATL,Atlanta Hawks,0021500389,2015-12-18,ATL @ BOS,W,19,5,7,0.714,1,2,0.5,0,0,,3,5,8,1,0,0,0,1,11,-7,22.1,1,2015-16
22015,200794,Paul Millsap,1610612737,ATL,Atlanta Hawks,0021500389,2015-12-18,ATL @ BOS,W,33,6,13,0.462,0,3,0.0,8,10,0.8,1,7,8,4,2,0,3,4,20,14,38.6,1,2015-16
22015,101135,David Lee,1610612738,BOS,Boston Celtics,0021500389,2015-12-18,BOS vs. ATL,L,18,3,11,0.273,0,0,,0,0,,1,6,7,1,0,2,2,0,6,1,19.9,1,2015-16
22015,202323,Evan Turner,1610612738,BOS,Boston Celtics,0021500389,2015-12-18,BOS vs. ATL,L,28,3,8,0.375,1,2,0.5,1,2,0.5,0,2,2,5,1,0,4,2,8,-10,16.9,1,2015-16
22015,202340,Avery Bradley,1610612738,BOS,Boston Celtics,0021500389,2015-12-18,BOS vs. ATL,L,35,2,8,0.25,0,3,0.0,0,1,0.0,1,0,1,1,1,0,2,2,4,-11,7.7,1,2015-16
22015,2570,Kendrick Perkins,1610612740,NOP,New Orleans Pelicans,0021500396,2015-12-18,NOP @ PHX,L,10,1,1,1.0,0,0,,1,2,0.5,1,1,2,0,0,1,1,2,3,-4,7.4,1,2015-16
22015,203076,Anthony Davis,1610612740,NOP,New Orleans Pelicans,0021500396,2015-12-18,NOP @ PHX,L,42,5,12,0.417,0,0,,6,6,1.0,3,9,12,2,2,3,4,3,16,-18,44.4,1,2015-16
22015,2200,Pau Gasol,1610612741,CHI,Chicago Bulls,0021500391,2015-12-18,CHI vs. DET,L,48,10,23,0.435,0,1,0.0,10,12,0.833,6,9,15,5,0,5,1,5,30,9,69.5,1,2015-16
22015,2550,Kirk Hinrich,1610612741,CHI,Chicago Bulls,0021500391,2015-12-18,CHI vs. DET,L,13,0,1,0.0,0,1,0.0,0,0,,0,0,0,0,0,0,0,3,0,2,0.0,1,2015-16
22015,202710,Jimmy Butler III,1610612741,CHI,Chicago Bulls,0021500391,2015-12-18,CHI vs. DET,L,56,14,29,0.483,1,4,0.25,14,16,0.875,1,7,8,2,2,2,3,5,43,-5,64.6,1,2015-16
22015,203926,Doug McDermott,1610612741,CHI,Chicago Bulls,0021500391,2015-12-18,CHI vs. DET,L,22,1,3,0.333,0,2,0.0,0,0,,0,1,1,0,0,0,0,3,2,-10,3.2,1,2015-16
22015,202379,Jeremy Evans,1610612742,DAL,Dallas Mavericks,0021500394,2015-12-18,DAL vs. MEM,W,1,0,0,,0,0,,0,0,,0,0,0,0,0,0,0,0,0,-3,0.0,1,2015-16
22015,202718,Chandler Parsons,1610612742,DAL,Dallas Mavericks,0021500394,2015-12-18,DAL vs. MEM,W,32,5,10,0.5,2,6,0.333,4,5,0.8,0,7,7,6,1,0,2,0,16,13,34.4,1,2015-16
22015,203098,John Jenkins,1610612742,DAL,Dallas Mavericks,0021500394,2015-12-18,DAL vs. MEM,W,1,0,0,,0,0,,0,0,,0,0,0,0,0,0,0,0,0,-4,0.0,1,2015-16
22015,2749,Jameer Nelson,1610612743,DEN,Denver Nuggets,0021500395,2015-12-18,DEN @ UTA,L,33,5,8,0.625,1,4,0.25,4,4,1.0,2,3,5,6,1,1,2,4,15,-13,34.0,1,2015-16
22015,202702,Kenneth Faried,1610612743,DEN,Denver Nuggets,0021500395,2015-12-18,DEN @ UTA,L,29,4,11,0.364,0,0,,0,2,0.0,4,3,7,0,0,0,2,4,8,-7,14.4,1,2015-16
22015,201575,Brandon Rush,1610612744,GSW,Golden State Warriors,0021500397,2015-12-18,GSW vs. MIL,W,25,4,7,0.571,2,3,0.667,0,0,,2,3,5,2,0,0,0,0,10,16,19.0,1,2015-16
22015,202362,Lance Stephenson,1610612746,LAC,LA Clippers,0021500393,2015-12-18,LAC @ SAS,L,10,0,1,0.0,0,1,0.0,0,0,,0,0,0,0,0,0,1,1,0,-8,-1.0,1,2015-16
22015,2617,Udonis Haslem,1610612748,MIA,Miami Heat,0021500390,2015-12-18,MIA vs. TOR,L,6,0,1,0.0,0,1,0.0,0,0,,0,1,1,1,0,0,0,0,0,-3,2.7,1,2015-16
22015,1626159,Justise Winslow,1610612748,MIA,Miami Heat,0021500390,2015-12-18,MIA vs. TOR,L,18,0,2,0.0,0,2,0.0,2,2,1.0,0,2,2,0,0,0,0,3,2,-6,4.4,1,2015-16
22015,201564,O.J. Mayo,1610612749,MIL,Milwaukee Bucks,0021500397,2015-12-18,MIL @ GSW,L,22,3,11,0.273,0,6,0.0,6,6,1.0,2,1,3,4,0,0,2,4,12,-2,19.6,1,2015-16
22015,203953,Jabari Parker,1610612749,MIL,Milwaukee Bucks,0021500397,2015-12-18,MIL @ GSW,L,31,6,13,0.462,0,1,0.0,2,3,0.667,0,2,2,2,0,1,2,5,14,-4,20.4,1,2015-16
22015,2419,Tayshaun Prince,1610612750,MIN,Minnesota Timberwolves,0021500392,2015-12-18,MIN vs. SAC,W,21,3,4,0.75,0,0,,0,0,,0,0,0,0,0,0,0,0,6,12,6.0,1,2015-16
22015,203476,Gorgui Dieng,1610612750,MIN,Minnesota Timberwolves,0021500392,2015-12-18,MIN vs. SAC,W,29,2,4,0.5,0,0,,0,0,,2,9,11,5,0,1,1,1,4,-6,26.7,1,2015-16
22015,203498,Shabazz Muhammad,1610612750,MIN,Minnesota Timberwolves,0021500392,2015-12-18,MIN vs. SAC,W,27,7,13,0.538,2,4,0.5,0,0,,2,5,7,1,0,0,0,2,16,-3,25.9,1,2015-16
22015,200745,Andrea Bargnani,1610612751,BKN,Brooklyn Nets,0021500386,2015-12-18,BKN @ IND,L,22,5,9,0.556,0,0,,2,2,1.0,1,4,5,1,0,1,0,2,12,-4,22.5,1,2015-16
22015,203900,Markel Brown,1610612751,BKN,Brooklyn Nets,0021500386,2015-12-18,BKN @ IND,L,3,0,2,0.0,0,1,0.0,0,0,,0,0,0,0,0,0,0,0,0,-2,0.0,1,2015-16
22015,201577,Robin Lopez,1610612752,NYK,New York Knicks,0021500388,2015-12-18,NYK @ PHI,W,16,4,6,0.667,0,0,,0,0,,3,3,6,0,0,1,0,3,8,14,18.2,1,2015-16
22015,202696,Nikola Vučević,1610612753,ORL,Orlando Magic,0021500387,2015-12-18,ORL vs. POR,W,35,12,22,0.545,0,0,,1,2,0.5,4,7,11,1,1,2,1,2,25,5,47.7,1,2015-16
22015,203094,Andrew Nicholson,1610612753,ORL,Orlando Magic,0021500387,2015-12-18,ORL vs. POR,W,25,3,9,0.333,0,2,0.0,2,3,0.667,2,2,4,0,0,0,1,2,8,-4,11.8,1,2015-16
22015,203901,Elfrid Payton,1610612753,ORL,Orlando Magic,0021500387,2015-12-18,ORL vs. POR,W,36,4,9,0.444,0,1,0.0,11,17,0.647,3,3,6,3,2,1,4,5,19,8,35.7,1,2015-16
22015,101139,CJ Miles,1610612754,IND,Indiana Pacers,0021500386,2015-12-18,IND vs. BKN,W,27,4,12,0.333,2,8,0.25,5,5,1.0,1,2,3,1,1,2,1,3,15,3,28.1,1,2015-16
22015,203477,Isaiah Canaan,1610612755,PHI,Philadelphia 76ers,0021500388,2015-12-18,PHI vs. NYK,L,29,4,10,0.4,2,6,0.333,4,5,0.8,0,0,0,3,0,0,2,3,14,-20,16.5,1,2015-16
22015,2199,Tyson Chandler,1610612756,PHX,Phoenix Suns,0021500396,2015-12-18,PHX vs. NOP,W,19,1,2,0.5,0,0,,1,2,0.5,1,6,7,0,0,1,2,2,3,-3,12.4,1,2015-16
22015,203081,Damian Lillard,1610612757,POR,Portland Trail Blazers,0021500387,2015-12-18,POR @ ORL,L,36,4,15,0.267,2,9,0.222,9,9,1.0,1,2,3,10,1,0,6,4,19,-10,34.6,1,2015-16
22015,200752,Rudy Gay,1610612758,SAC,Sacramento Kings,0021500392,2015-12-18,SAC @ MIN,L,38,8,18,0.444,2,6,0.333,2,2,1.0,3,2,5,0,0,1,0,2,20,-11,29.0,1,2015-16
22015,2225,Tony Parker,1610612759,SAS,San Antonio Spurs,0021500393,2015-12-18,SAS vs. LAC,W,31,8,15,0.533,3,3,1.0,2,2,1.0,1,0,1,3,1,0,1,2,21,-1,28.7,1,2015-16
22015,202709,Cory Joseph,1610612761,TOR,Toronto Raptors,0021500390,2015-12-18,TOR @ MIA,W,20,0,3,0.0,0,2,0.0,0,0,,0,3,3,2,2,0,1,2,0,1,11.6,1,2015-16
22015,202324,Derrick Favors,1610612762,UTA,Utah Jazz,0021500395,2015-12-18,UTA vs. DEN,W,35,2,8,0.25,0,0,,3,5,0.6,3,6,9,0,1,0,1,4,7,7,19.8,1,2015-16
22015,202330,Gordon Hayward,1610612762,UTA,Utah Jazz,0021500395,2015-12-18,UTA vs. DEN,W,36,8,17,0.471,4,7,0.571,6,7,0.857,1,4,5,4,0,0,2,1,26,20,36.0,1,2015-16
22015,2440,Matt Barnes,1610612763,MEM,Memphis Grizzlies,0021500394,2015-12-18,MEM @ DAL,L,32,4,9,0.444,1,6,0.167,2,2,1.0,0,5,5,1,4,3,1,2,11,-1,38.5,1,2015-16
22015,201584,Courtney Lee,1610612763,MEM,Memphis Grizzlies,0021500394,2015-12-18,MEM @ DAL,L,29,2,8,0.25,1,3,0.333,3,3,1.0,0,0,0,2,1,0,2,1,8,-4,12.0,1,2015-16
22015,1626185,Jarell Martin,1610612763,MEM,Memphis Grizzlies,0021500394,2015-12-18,MEM @ DAL,L,3,0,2,0.0,0,0,,0,0,,0,0,0,0,0,0,0,0,0,6,0.0,1,2015-16
22015,101141,Ersan Ilyasova,1610612765,DET,Detroit Pistons,0021500391,2015-12-18,DET @ CHI,W,54,6,17,0.353,1,8,0.125,5,8,0.625,3,6,9,4,0,0,2,5,18,-3,32.8,1,2015-16
22015,201202,Joel Anthony,1610612765,DET,Detroit Pistons,0021500391,2015-12-18,DET @ CHI,W,14,0,0,,0,0,,2,2,1.0,0,3,3,0,0,0,0,2,2,7,5.6,1,2015-16
22015,203083,Andre Drummond,1610612765,DET,Detroit Pistons,0021500391,2015-12-18,DET @ CHI,W,54,14,25,0.56,0,0,,5,10,0.5,10,11,21,3,3,2,2,6,33,-3,75.7,1,2015-16
22015,201143,Al Horford,1610612737,ATL,Atlanta Hawks,0021500389,2015-12-18,ATL @ BOS,W,36,10,19,0.526,0,2,0.0,1,2,0.5,3,7,10,2,1,3,3,4,21,5,45.0,1,2015-16
22015,201973,Jonas Jerebko,1610612738,BOS,Boston Celtics,0021500389,2015-12-18,BOS vs. ATL,L,16,0,5,0.0,0,2,0.0,0,0,,1,5,6,1,0,0,0,3,0,-4,8.7,1,2015-16
22015,202738,Isaiah Thomas,1610612738,BOS,Boston Celtics,0021500389,2015-12-18,BOS vs. ATL,L,33,6,12,0.5,3,5,0.6,14,15,0.933,0,1,1,6,2,0,5,4,29,-4,40.2,1,2015-16
22015,203109,Jae Crowder,1610612738,BOS,Boston Celtics,0021500389,2015-12-18,BOS vs. ATL,L,37,8,13,0.615,3,7,0.429,5,5,1.0,1,9,10,0,0,0,3,6,24,-7,33.0,1,2015-16
22015,1626154,RJ Hunter,1610612738,BOS,Boston Celtics,0021500389,2015-12-18,BOS vs. ATL,L,18,3,5,0.6,2,3,0.667,0,0,,0,3,3,0,0,0,0,1,8,1,11.6,1,2015-16
22015,202397,Ish Smith,1610612740,NOP,New Orleans Pelicans,0021500396,2015-12-18,NOP @ PHX,L,16,4,7,0.571,0,2,0.0,4,4,1.0,0,0,0,2,1,0,2,1,12,0,16.0,1,2015-16
22015,201565,Derrick Rose,1610612741,CHI,Chicago Bulls,0021500391,2015-12-18,CHI vs. DET,L,54,14,34,0.412,1,3,0.333,5,5,1.0,0,4,4,8,1,0,4,5,34,5,49.8,1,2015-16
22015,202703,Nikola Mirotic,1610612741,CHI,Chicago Bulls,0021500391,2015-12-18,CHI vs. DET,L,24,1,6,0.167,1,3,0.333,2,2,1.0,0,5,5,0,0,0,0,3,5,-7,11.0,1,2015-16
22015,202734,E'Twaun Moore,1610612741,CHI,Chicago Bulls,0021500391,2015-12-18,CHI vs. DET,L,3,1,2,0.5,1,1,1.0,2,2,1.0,0,0,0,0,0,0,0,1,5,0,5.0,1,2015-16
22015,1717,Dirk Nowitzki,1610612742,DAL,Dallas Mavericks,0021500394,2015-12-18,DAL vs. MEM,W,28,7,13,0.538,2,3,0.667,4,4,1.0,2,3,5,1,0,1,1,1,20,13,29.5,1,2015-16
22015,101109,Raymond Felton,1610612742,DAL,Dallas Mavericks,0021500394,2015-12-18,DAL vs. MEM,W,28,3,10,0.3,2,5,0.4,0,0,,0,3,3,6,1,0,2,2,8,10,21.6,1,2015-16
22015,101111,Charlie Villanueva,1610612742,DAL,Dallas Mavericks,0021500394,2015-12-18,DAL vs. MEM,W,12,4,7,0.571,2,5,0.4,0,0,,0,1,1,2,0,0,1,0,10,-6,13.2,1,2015-16
22015,101114,Deron Williams,1610612742,DAL,Dallas Mavericks,0021500394,2015-12-18,DAL vs. MEM,W,31,3,8,0.375,1,4,0.25,7,8,0.875,1,5,6,3,1,0,5,3,14,1,23.7,1,2015-16
22015,201568,Danilo Gallinari,1610612743,DEN,Denver Nuggets,0021500395,2015-12-18,DEN @ UTA,L,34,3,10,0.3,1,4,0.25,4,4,1.0,0,1,1,2,0,0,0,1,11,-11,15.2,1,2015-16
22015,203115,Will Barton,1610612743,DEN,Denver Nuggets,0021500395,2015-12-18,DEN @ UTA,L,23,5,13,0.385,1,6,0.167,5,6,0.833,0,3,3,2,1,0,2,2,16,-1,23.6,1,2015-16
22015,2733,Shaun Livingston,1610612744,GSW,Golden State Warriors,0021500397,2015-12-18,GSW vs. MIL,W,16,2,6,0.333,0,1,0.0,0,0,,0,2,2,5,0,0,0,1,4,-13,13.9,1,2015-16
22015,203949,James Michael McAdoo,1610612744,GSW,Golden State Warriors,0021500397,2015-12-18,GSW vs. MIL,W,7,2,2,1.0,0,0,,0,0,,2,1,3,0,1,1,1,2,4,-6,12.6,1,2015-16
22015,1718,Paul Pierce,1610612746,LAC,LA Clippers,0021500393,2015-12-18,LAC @ SAS,L,8,1,3,0.333,1,1,1.0,0,0,,1,1,2,0,0,1,0,2,3,-14,8.4,1,2015-16
22015,201933,Blake Griffin,1610612746,LAC,LA Clippers,0021500393,2015-12-18,LAC @ SAS,L,40,10,19,0.526,2,2,1.0,3,4,0.75,0,5,5,5,1,0,1,3,25,8,40.5,1,2015-16
22015,2736,Luol Deng,1610612748,MIA,Miami Heat,0021500390,2015-12-18,MIA vs. TOR,L,34,2,9,0.222,2,5,0.4,3,4,0.75,1,2,3,2,1,0,0,2,9,-11,18.6,1,2015-16
22015,2757,Beno Udrih,1610612748,MIA,Miami Heat,0021500390,2015-12-18,MIA vs. TOR,L,22,2,4,0.5,1,1,1.0,0,0,,0,3,3,2,0,0,1,2,5,1,10.6,1,2015-16
22015,202355,Hassan Whiteside,1610612748,MIA,Miami Heat,0021500390,2015-12-18,MIA vs. TOR,L,31,4,6,0.667,0,0,,0,0,,1,12,13,0,0,5,0,2,8,0,38.6,1,2015-16
22015,202328,Greg Monroe,1610612749,MIL,Milwaukee Bucks,0021500397,2015-12-18,MIL @ GSW,L,27,5,11,0.455,0,0,,0,0,,3,10,13,6,2,1,3,5,10,-15,40.6,1,2015-16
22015,203487,Michael Carter-Williams,1610612749,MIL,Milwaukee Bucks,0021500397,2015-12-18,MIL @ GSW,L,39,9,18,0.5,1,1,1.0,5,6,0.833,2,3,5,4,1,1,2,3,24,-8,40.0,1,2015-16
22015,203507,Giannis Antetokounmpo,1610612749,MIL,Milwaukee Bucks,0021500397,2015-12-18,MIL @ GSW,L,36,9,17,0.529,0,0,,2,3,0.667,3,3,6,4,0,1,3,6,20,-11,33.2,1,2015-16
22015,202357,Nemanja Bjelica,1610612750,MIN,Minnesota Timberwolves,0021500392,2015-12-18,MIN vs. SAC,W,4,0,1,0.0,0,0,,0,0,,0,0,0,0,0,1,0,2,0,-4,3.0,1,2015-16
22015,203940,Adreian Payne,1610612750,MIN,Minnesota Timberwolves,0021500392,2015-12-18,MIN vs. SAC,W,7,0,1,0.0,0,0,,0,0,,0,0,0,1,0,1,1,1,0,2,3.5,1,2015-16
22015,1626157,Karl-Anthony Towns,1610612750,MIN,Minnesota Timberwolves,0021500392,2015-12-18,MIN vs. SAC,W,24,6,11,0.545,1,1,1.0,2,2,1.0,2,6,8,0,0,1,4,5,15,12,23.6,1,2015-16
22015,201152,Thaddeus Young,1610612751,BKN,Brooklyn Nets,0021500386,2015-12-18,BKN @ IND,L,33,5,14,0.357,0,0,,4,4,1.0,6,8,14,2,1,1,1,3,14,-1,38.8,1,2015-16
22015,201572,Brook Lopez,1610612751,BKN,Brooklyn Nets,0021500386,2015-12-18,BKN @ IND,L,33,7,15,0.467,0,0,,4,4,1.0,2,3,5,1,0,1,2,5,18,-4,26.5,1,2015-16
22015,202711,Bojan Bogdanovic,1610612751,BKN,Brooklyn Nets,0021500386,2015-12-18,BKN @ IND,L,31,2,7,0.286,1,3,0.333,0,0,,0,1,1,2,0,0,2,1,5,-14,7.2,1,2015-16
22015,101181,Jose Calderon,1610612752,NYK,New York Knicks,0021500388,2015-12-18,NYK @ PHI,W,24,0,2,0.0,0,1,0.0,1,2,0.5,1,4,5,6,0,0,0,2,1,12,16.0,1,2015-16
22015,202498,Lance Thomas,1610612752,NYK,New York Knicks,0021500388,2015-12-18,NYK @ PHI,W,20,4,6,0.667,1,2,0.5,3,4,0.75,2,1,3,1,1,0,2,1,12,10,18.1,1,2015-16
22015,101112,Channing Frye,1610612753,ORL,Orlando Magic,0021500387,2015-12-18,ORL vs. POR,W,23,1,4,0.25,0,3,0.0,0,0,,0,4,4,3,0,0,1,3,2,12,10.3,1,2015-16
22015,201155,Rodney Stuckey,1610612754,IND,Indiana Pacers,0021500386,2015-12-18,IND vs. BKN,W,26,5,11,0.455,0,1,0.0,5,7,0.714,2,5,7,1,0,0,0,0,15,9,24.9,1,2015-16
22015,202730,Lavoy Allen,1610612754,IND,Indiana Pacers,0021500386,2015-12-18,IND vs. BKN,W,21,4,8,0.5,0,0,,0,0,,2,3,5,0,0,1,0,0,8,4,17.0,1,2015-16
22015,203100,Tony Wroten,1610612755,PHI,Philadelphia 76ers,0021500388,2015-12-18,PHI vs. NYK,L,23,5,10,0.5,0,1,0.0,5,8,0.625,0,3,3,3,1,0,7,2,15,-7,19.1,1,2015-16
22015,203960,JaKarr Sampson,1610612755,PHI,Philadelphia 76ers,0021500388,2015-12-18,PHI vs. NYK,L,12,1,2,0.5,0,1,0.0,0,2,0.0,0,2,2,0,0,1,1,2,2,3,6.4,1,2015-16
22015,200782,P.J. Tucker,1610612756,PHX,Phoenix Suns,0021500396,2015-12-18,PHX vs. NOP,W,24,2,4,0.5,1,1,1.0,1,2,0.5,0,3,3,2,1,0,0,1,6,0,15.6,1,2015-16
22015,202339,Eric Bledsoe,1610612756,PHX,Phoenix Suns,0021500396,2015-12-18,PHX vs. NOP,W,35,12,17,0.706,1,3,0.333,4,5,0.8,1,3,4,9,2,0,6,4,29,18,47.3,1,2015-16
22015,202688,Brandon Knight,1610612756,PHX,Phoenix Suns,0021500396,2015-12-18,PHX vs. NOP,W,41,4,11,0.364,1,6,0.167,1,2,0.5,0,2,2,3,0,0,5,4,10,10,11.9,1,2015-16
22015,202693,Markieff Morris,1610612756,PHX,Phoenix Suns,0021500396,2015-12-18,PHX vs. NOP,W,17,5,13,0.385,2,2,1.0,1,2,0.5,1,1,2,2,1,0,2,4,13,12,19.4,1,2015-16
22015,203486,Mason Plumlee,1610612757,POR,Portland Trail Blazers,0021500387,2015-12-18,POR @ ORL,L,30,2,6,0.333,0,0,,0,0,,1,9,10,1,0,1,4,6,4,-14,16.5,1,2015-16
22015,201956,Omri Casspi,1610612758,SAC,Sacramento Kings,0021500392,2015-12-18,SAC @ MIN,L,35,3,7,0.429,3,5,0.6,2,2,1.0,0,4,4,0,1,0,2,2,11,-8,16.8,1,2015-16
22015,1938,Manu Ginobili,1610612759,SAS,San Antonio Spurs,0021500393,2015-12-18,SAS vs. LAC,W,21,1,6,0.167,1,2,0.5,2,2,1.0,1,0,1,5,2,0,0,3,5,9,19.7,1,2015-16
22015,2564,Boris Diaw,1610612759,SAS,San Antonio Spurs,0021500393,2015-12-18,SAS vs. LAC,W,19,1,3,0.333,0,1,0.0,1,1,1.0,1,3,4,5,1,0,2,4,3,7,16.3,1,2015-16
22015,200746,LaMarcus Aldridge,1610612759,SAS,San Antonio Spurs,0021500393,2015-12-18,SAS vs. LAC,W,32,11,18,0.611,0,0,,4,6,0.667,2,11,13,3,0,1,0,4,26,2,49.1,1,2015-16
22015,2449,Luis Scola,1610612761,TOR,Toronto Raptors,0021500390,2015-12-18,TOR @ MIA,W,27,9,16,0.563,1,2,0.5,1,1,1.0,1,2,3,1,0,1,0,3,20,-3,28.1,1,2015-16
22015,203481,Jeff Withey,1610612762,UTA,Utah Jazz,0021500395,2015-12-18,UTA vs. DEN,W,9,0,0,,0,0,,0,0,,0,1,1,0,0,1,2,3,0,7,2.2,1,2015-16
22015,203504,Trey Burke,1610612762,UTA,Utah Jazz,0021500395,2015-12-18,UTA vs. DEN,W,23,5,9,0.556,1,4,0.25,2,2,1.0,0,2,2,2,0,0,3,1,13,4,15.4,1,2015-16
22015,1626168,Trey Lyles,1610612762,UTA,Utah Jazz,0021500395,2015-12-18,UTA vs. DEN,W,26,3,6,0.5,0,0,,0,0,,1,5,6,1,0,0,1,1,6,-3,13.7,1,2015-16
22015,2216,Zach Randolph,1610612763,MEM,Memphis Grizzlies,0021500394,2015-12-18,MEM @ DAL,L,26,3,10,0.3,0,0,,1,2,0.5,3,5,8,1,0,0,1,4,7,-17,17.1,1,2015-16
22015,201188,Marc Gasol,1610612763,MEM,Memphis Grizzlies,0021500394,2015-12-18,MEM @ DAL,L,34,6,14,0.429,0,0,,4,4,1.0,1,7,8,1,3,0,2,2,16,-4,34.1,1,2015-16
22015,201596,Mario Chalmers,1610612763,MEM,Memphis Grizzlies,0021500394,2015-12-18,MEM @ DAL,L,25,4,9,0.444,2,4,0.5,2,2,1.0,0,0,0,2,1,0,2,2,12,-10,16.0,1,2015-16
22015,203210,JaMychal Green,1610612763,MEM,Memphis Grizzlies,0021500394,2015-12-18,MEM @ DAL,L,13,4,6,0.667,0,0,,0,0,,5,2,7,0,0,0,1,2,8,0,15.4,1,2015-16
22015,203893,Russ Smith,1610612763,MEM,Memphis Grizzlies,0021500394,2015-12-18,MEM @ DAL,L,1,0,1,0.0,0,0,,0,0,,0,0,0,1,0,0,0,0,0,4,1.5,1,2015-16
22015,202704,Reggie Jackson,1610612765,DET,Detroit Pistons,0021500391,2015-12-18,DET @ CHI,W,50,12,27,0.444,0,2,0.0,7,10,0.7,1,5,6,13,1,0,2,4,31,-1,58.7,1,2015-16
22015,203482,Kelly Olynyk,1610612738,BOS,Boston Celtics,0021500389,2015-12-18,BOS vs. ATL,L,15,3,5,0.6,1,1,1.0,1,2,0.5,0,2,2,1,0,0,4,4,8,0,7.9,1,2015-16
22015,2738,Andre Iguodala,1610612744,GSW,Golden State Warriors,0021500397,2015-12-18,GSW vs. MIL,W,19,1,5,0.2,1,3,0.333,0,0,,0,0,0,2,0,0,1,1,3,-6,5.0,1,2015-16
22015,201578,Marreese Speights,1610612744,GSW,Golden State Warriors,0021500397,2015-12-18,GSW vs. MIL,W,11,2,7,0.286,0,0,,0,0,,1,2,3,0,0,0,0,1,4,-8,7.6,1,2015-16
22015,200755,JJ Redick,1610612746,LAC,LA Clippers,0021500393,2015-12-18,LAC @ SAS,L,33,5,9,0.556,3,6,0.5,1,2,0.5,0,2,2,1,0,0,0,1,14,2,17.9,1,2015-16
22015,201599,DeAndre Jordan,1610612746,LAC,LA Clippers,0021500393,2015-12-18,LAC @ SAS,L,35,4,6,0.667,0,0,,8,20,0.4,4,13,17,0,0,2,0,3,16,-4,42.4,1,2015-16
22015,203124,Kyle O'Quinn,1610612752,NYK,New York Knicks,0021500388,2015-12-18,NYK @ PHI,W,21,3,5,0.6,0,0,,4,5,0.8,2,5,7,5,1,0,3,3,10,4,25.9,1,2015-16
22015,2561,David West,1610612759,SAS,San Antonio Spurs,0021500393,2015-12-18,SAS vs. LAC,W,14,2,6,0.333,0,0,,0,0,,0,4,4,1,1,0,1,5,4,6,12.3,1,2015-16
22015,202335,Patrick Patterson,1610612761,TOR,Toronto Raptors,0021500390,2015-12-18,TOR @ MIA,W,24,1,3,0.333,0,2,0.0,0,0,,0,8,8,1,1,0,0,2,2,18,16.1,1,2015-16
22015,203516,James Ennis III,1610612763,MEM,Memphis Grizzlies,0021500394,2015-12-18,MEM @ DAL,L,8,1,2,0.5,1,1,1.0,1,2,0.5,0,0,0,0,1,0,1,1,4,-2,6.0,1,2015-16
22015,2550,Kirk Hinrich,1610612741,CHI,Chicago Bulls,0021500400,2015-12-19,CHI @ NYK,L,20,0,2,0.0,0,1,0.0,0,0,,0,4,4,1,0,0,1,3,0,-9,5.3,1,2015-16
22015,202703,Nikola Mirotic,1610612741,CHI,Chicago Bulls,0021500400,2015-12-19,CHI @ NYK,L,25,1,8,0.125,0,5,0.0,0,0,,0,3,3,0,1,0,3,4,2,-10,5.6,1,2015-16
22015,203946,Cameron Bairstow,1610612741,CHI,Chicago Bulls,0021500400,2015-12-19,CHI @ NYK,L,6,1,3,0.333,0,0,,0,0,,1,2,3,0,0,0,0,1,2,2,5.6,1,2015-16
22015,201976,Patrick Beverley,1610612745,HOU,Houston Rockets,0021500401,2015-12-19,HOU vs. LAC,W,31,2,7,0.286,2,4,0.5,1,4,0.25,0,5,5,1,1,1,4,4,7,-4,16.5,1,2015-16
22015,202700,Donatas Motiejunas,1610612745,HOU,Houston Rockets,0021500401,2015-12-19,HOU vs. LAC,W,20,4,5,0.8,0,1,0.0,2,2,1.0,0,3,3,1,1,0,1,5,10,8,17.1,1,2015-16
22015,2037,Jamal Crawford,1610612746,LAC,LA Clippers,0021500401,2015-12-19,LAC @ HOU,L,31,1,8,0.125,1,4,0.25,1,2,0.5,0,1,1,1,0,1,1,4,4,7,8.7,1,2015-16
22015,2746,Josh Smith,1610612746,LAC,LA Clippers,0021500401,2015-12-19,LAC @ HOU,L,6,2,7,0.286,0,3,0.0,2,2,1.0,2,0,2,0,0,0,0,0,6,-9,8.4,1,2015-16
22015,101108,Chris Paul,1610612746,LAC,LA Clippers,0021500401,2015-12-19,LAC @ HOU,L,31,3,13,0.231,2,7,0.286,4,5,0.8,0,1,1,10,7,0,2,2,12,-1,47.2,1,2015-16
22015,201933,Blake Griffin,1610612746,LAC,LA Clippers,0021500401,2015-12-19,LAC @ HOU,L,36,9,13,0.692,0,0,,4,5,0.8,0,8,8,6,1,0,2,5,22,-15,41.6,1,2015-16
22015,203143,Pablo Prigioni,1610612746,LAC,LA Clippers,0021500401,2015-12-19,LAC @ HOU,L,6,2,3,0.667,2,3,0.667,0,0,,0,2,2,2,0,0,0,3,6,8,11.4,1,2015-16
22015,101150,Lou Williams,1610612747,LAL,Los Angeles Lakers,0021500398,2015-12-19,LAL @ OKC,L,27,5,11,0.455,4,6,0.667,6,6,1.0,0,2,2,1,3,0,1,2,20,-22,31.9,1,2015-16
22015,203944,Julius Randle,1610612747,LAL,Los Angeles Lakers,0021500398,2015-12-19,LAL @ OKC,L,26,1,7,0.143,0,1,0.0,0,0,,3,4,7,0,0,0,5,3,2,-28,5.4,1,2015-16
22015,201167,Arron Afflalo,1610612752,NYK,New York Knicks,0021500400,2015-12-19,NYK vs. CHI,W,34,8,14,0.571,1,1,1.0,1,2,0.5,0,4,4,3,0,0,1,2,18,22,26.3,1,2015-16
22015,201588,George Hill,1610612754,IND,Indiana Pacers,0021500402,2015-12-19,IND @ MEM,L,30,3,7,0.429,0,3,0.0,2,4,0.5,1,4,5,2,1,0,1,3,8,-20,19.0,1,2015-16
22015,201978,Chase Budinger,1610612754,IND,Indiana Pacers,0021500402,2015-12-19,IND @ MEM,L,8,1,3,0.333,0,1,0.0,0,0,,0,0,0,1,0,0,0,1,2,1,3.5,1,2015-16
22015,201566,Russell Westbrook,1610612760,OKC,Oklahoma City Thunder,0021500398,2015-12-19,OKC vs. LAL,W,28,5,11,0.455,0,1,0.0,3,6,0.5,0,1,1,11,1,0,4,2,13,18,29.7,1,2015-16
22015,202713,Kyle Singler,1610612760,OKC,Oklahoma City Thunder,0021500398,2015-12-19,OKC vs. LAL,W,7,0,0,,0,0,,0,0,,0,2,2,0,0,0,1,0,0,2,1.4,1,2015-16
22015,203460,Andre Roberson,1610612760,OKC,Oklahoma City Thunder,0021500398,2015-12-19,OKC vs. LAL,W,18,2,4,0.5,0,1,0.0,0,0,,3,1,4,1,0,1,0,2,4,13,13.3,1,2015-16
22015,203500,Steven Adams,1610612760,OKC,Oklahoma City Thunder,0021500398,2015-12-19,OKC vs. LAL,W,25,4,4,1.0,0,0,,2,4,0.5,3,4,7,0,0,0,0,3,10,15,18.4,1,2015-16
22015,1713,Vince Carter,1610612763,MEM,Memphis Grizzlies,0021500402,2015-12-19,MEM vs. IND,W,22,3,5,0.6,1,3,0.333,2,2,1.0,0,1,1,2,1,1,0,1,9,5,19.2,1,2015-16
22015,2440,Matt Barnes,1610612763,MEM,Memphis Grizzlies,0021500402,2015-12-19,MEM vs. IND,W,39,6,14,0.429,3,6,0.5,0,0,,5,5,10,2,2,1,3,5,15,18,36.0,1,2015-16
22015,201144,Mike Conley,1610612763,MEM,Memphis Grizzlies,0021500402,2015-12-19,MEM vs. IND,W,33,6,16,0.375,1,3,0.333,7,8,0.875,0,4,4,8,4,0,1,1,20,18,47.8,1,2015-16
22015,201145,Jeff Green,1610612763,MEM,Memphis Grizzlies,0021500402,2015-12-19,MEM vs. IND,W,34,5,11,0.455,0,2,0.0,1,1,1.0,1,5,6,0,0,1,0,3,11,10,21.2,1,2015-16
22015,201188,Marc Gasol,1610612763,MEM,Memphis Grizzlies,0021500402,2015-12-19,MEM vs. IND,W,40,9,18,0.5,0,0,,1,2,0.5,3,9,12,6,2,1,0,3,19,11,51.4,1,2015-16
22015,201596,Mario Chalmers,1610612763,MEM,Memphis Grizzlies,0021500402,2015-12-19,MEM vs. IND,W,18,3,6,0.5,0,2,0.0,6,8,0.75,0,3,3,3,0,0,2,4,12,-5,18.1,1,2015-16
22015,201565,Derrick Rose,1610612741,CHI,Chicago Bulls,0021500400,2015-12-19,CHI @ NYK,L,21,3,10,0.3,0,2,0.0,0,1,0.0,2,0,2,1,0,0,2,0,6,-2,7.9,1,2015-16
22015,1626171,Bobby Portis,1610612741,CHI,Chicago Bulls,0021500400,2015-12-19,CHI @ NYK,L,23,8,18,0.444,2,3,0.667,2,4,0.5,5,6,11,1,2,0,3,2,20,-3,37.7,1,2015-16
22015,1891,Jason Terry,1610612745,HOU,Houston Rockets,0021500401,2015-12-19,HOU vs. LAC,W,17,2,5,0.4,1,3,0.333,2,2,1.0,0,1,1,2,1,0,0,2,7,14,14.2,1,2015-16
22015,201147,Corey Brewer,1610612745,HOU,Houston Rockets,0021500401,2015-12-19,HOU vs. LAC,W,16,0,4,0.0,0,3,0.0,0,0,,0,2,2,2,1,1,0,2,0,7,11.4,1,2015-16
22015,201977,Marcus Thornton,1610612745,HOU,Houston Rockets,0021500401,2015-12-19,HOU vs. LAC,W,19,2,7,0.286,0,2,0.0,7,7,1.0,1,2,3,1,1,0,0,2,11,-5,19.1,1,2015-16
22015,203093,Terrence Jones,1610612745,HOU,Houston Rockets,0021500401,2015-12-19,HOU vs. LAC,W,21,3,8,0.375,2,4,0.5,0,0,,0,6,6,0,0,0,1,1,8,-5,14.2,1,2015-16
22015,202362,Lance Stephenson,1610612746,LAC,LA Clippers,0021500401,2015-12-19,LAC @ HOU,L,20,0,2,0.0,0,1,0.0,0,0,,1,2,3,0,0,0,3,6,0,-4,0.6,1,2015-16
22015,101138,Brandon Bass,1610612747,LAL,Los Angeles Lakers,0021500398,2015-12-19,LAL @ OKC,L,10,2,5,0.4,0,0,,0,0,,0,1,1,0,0,0,0,1,4,-5,5.2,1,2015-16
22015,1626148,Anthony Brown,1610612747,LAL,Los Angeles Lakers,0021500398,2015-12-19,LAL @ OKC,L,27,2,9,0.222,0,3,0.0,0,0,,1,0,1,1,2,0,2,4,4,-8,10.7,1,2015-16
22015,2546,Carmelo Anthony,1610612752,NYK,New York Knicks,0021500400,2015-12-19,NYK vs. CHI,W,35,12,20,0.6,1,4,0.25,2,2,1.0,1,6,7,3,1,0,2,1,27,14,40.9,1,2015-16
22015,101181,Jose Calderon,1610612752,NYK,New York Knicks,0021500400,2015-12-19,NYK vs. CHI,W,23,1,5,0.2,1,5,0.2,2,2,1.0,0,2,2,5,0,0,0,2,5,-1,14.9,1,2015-16
22015,202682,Derrick Williams,1610612752,NYK,New York Knicks,0021500400,2015-12-19,NYK vs. CHI,W,16,2,6,0.333,0,1,0.0,5,7,0.714,2,4,6,0,0,0,1,0,9,2,15.2,1,2015-16
22015,204038,Langston Galloway,1610612752,NYK,New York Knicks,0021500400,2015-12-19,NYK vs. CHI,W,25,3,7,0.429,0,2,0.0,1,1,1.0,0,3,3,3,1,0,1,0,7,17,17.1,1,2015-16
22015,101145,Monta Ellis,1610612754,IND,Indiana Pacers,0021500402,2015-12-19,IND @ MEM,L,37,6,12,0.5,0,4,0.0,1,2,0.5,1,1,2,1,2,1,0,0,13,-3,25.9,1,2015-16
22015,202331,Paul George,1610612754,IND,Indiana Pacers,0021500402,2015-12-19,IND @ MEM,L,39,8,22,0.364,4,12,0.333,9,10,0.9,2,4,6,2,2,0,7,0,29,-13,38.2,1,2015-16
22015,1626202,Joe Young,1610612754,IND,Indiana Pacers,0021500402,2015-12-19,IND @ MEM,L,1,0,0,,0,0,,0,0,,0,0,0,0,0,0,0,0,0,0,0.0,1,2015-16
22015,201571,D.J. Augustin,1610612760,OKC,Oklahoma City Thunder,0021500398,2015-12-19,OKC vs. LAL,W,17,1,3,0.333,1,2,0.5,0,0,,0,1,1,3,1,0,0,3,3,22,11.7,1,2015-16
22015,201627,Anthony Morrow,1610612760,OKC,Oklahoma City Thunder,0021500398,2015-12-19,OKC vs. LAL,W,19,4,9,0.444,2,6,0.333,0,0,,0,0,0,1,0,0,0,0,10,12,11.5,1,2015-16
22015,203079,Dion Waiters,1610612760,OKC,Oklahoma City Thunder,0021500398,2015-12-19,OKC vs. LAL,W,17,5,8,0.625,0,1,0.0,1,2,0.5,0,6,6,2,1,0,1,1,11,19,23.2,1,2015-16
22015,1626166,Cameron Payne,1610612760,OKC,Oklahoma City Thunder,0021500398,2015-12-19,OKC vs. LAL,W,10,3,4,0.75,0,0,,0,0,,0,1,1,3,3,1,2,0,6,5,21.7,1,2015-16
22015,101107,Marvin Williams,1610612766,CHA,Charlotte Hornets,0021500399,2015-12-19,CHA @ WAS,L,34,4,14,0.286,1,5,0.2,0,0,,6,3,9,1,1,1,1,3,9,-3,26.3,1,2015-16
22015,201150,Spencer Hawes,1610612766,CHA,Charlotte Hornets,0021500399,2015-12-19,CHA @ WAS,L,18,4,8,0.5,1,2,0.5,0,0,,1,3,4,2,0,0,1,1,9,6,15.8,1,2015-16
22015,201149,Joakim Noah,1610612741,CHI,Chicago Bulls,0021500400,2015-12-19,CHI @ NYK,L,29,9,16,0.563,0,0,,3,4,0.75,6,4,10,2,1,0,1,1,21,-15,38.0,1,2015-16
22015,202734,E'Twaun Moore,1610612741,CHI,Chicago Bulls,0021500400,2015-12-19,CHI @ NYK,L,12,2,5,0.4,0,0,,0,0,,1,2,3,0,1,1,1,1,4,-7,12.6,1,2015-16
22015,2730,Dwight Howard,1610612745,HOU,Houston Rockets,0021500401,2015-12-19,HOU vs. LAC,W,26,8,11,0.727,0,0,,6,16,0.375,6,8,14,0,0,2,2,5,22,7,42.8,1,2015-16
22015,201935,James Harden,1610612745,HOU,Houston Rockets,0021500401,2015-12-19,HOU vs. LAC,W,34,4,13,0.308,0,4,0.0,10,10,1.0,0,5,5,11,0,1,5,4,18,8,38.5,1,2015-16
22015,1718,Paul Pierce,1610612746,LAC,LA Clippers,0021500401,2015-12-19,LAC @ HOU,L,16,1,4,0.25,1,3,0.333,0,0,,0,1,1,0,0,0,0,4,3,-10,4.2,1,2015-16
22015,202332,Cole Aldrich,1610612746,LAC,LA Clippers,0021500401,2015-12-19,LAC @ HOU,L,6,1,1,1.0,0,0,,0,0,,2,4,6,1,0,0,1,0,2,8,9.7,1,2015-16
22015,203903,Jordan Clarkson,1610612747,LAL,Los Angeles Lakers,0021500398,2015-12-19,LAL @ OKC,L,30,7,15,0.467,0,2,0.0,1,2,0.5,0,4,4,1,1,0,1,0,15,-21,23.3,1,2015-16
22015,202498,Lance Thomas,1610612752,NYK,New York Knicks,0021500400,2015-12-19,NYK vs. CHI,W,24,4,5,0.8,2,2,1.0,3,3,1.0,0,0,0,2,2,0,0,1,13,16,22.0,1,2015-16
22015,101133,Ian Mahinmi,1610612754,IND,Indiana Pacers,0021500402,2015-12-19,IND @ MEM,L,18,2,5,0.4,0,0,,3,4,0.75,2,4,6,1,1,0,2,5,7,-8,16.7,1,2015-16
22015,101139,CJ Miles,1610612754,IND,Indiana Pacers,0021500402,2015-12-19,IND @ MEM,L,24,0,9,0.0,0,5,0.0,0,0,,1,2,3,0,0,0,3,2,0,-17,0.6,1,2015-16
22015,202730,Lavoy Allen,1610612754,IND,Indiana Pacers,0021500402,2015-12-19,IND @ MEM,L,26,1,1,1.0,0,0,,0,0,,1,6,7,2,0,0,0,2,2,2,13.4,1,2015-16
22015,203922,Glenn Robinson III,1610612754,IND,Indiana Pacers,0021500402,2015-12-19,IND @ MEM,L,2,1,1,1.0,0,0,,0,0,,0,1,1,0,0,0,0,0,2,0,3.2,1,2015-16
22015,202683,Enes Freedom,1610612760,OKC,Oklahoma City Thunder,0021500398,2015-12-19,OKC vs. LAL,W,23,8,13,0.615,0,0,,3,3,1.0,3,11,14,2,0,1,1,0,19,25,40.8,1,2015-16
22015,2216,Zach Randolph,1610612763,MEM,Memphis Grizzlies,0021500402,2015-12-19,MEM vs. IND,W,14,3,4,0.75,0,0,,0,0,,0,2,2,0,0,0,0,1,6,-9,8.4,1,2015-16
22015,202322,John Wall,1610612764,WAS,Washington Wizards,0021500399,2015-12-19,WAS vs. CHA,W,42,10,21,0.476,2,5,0.4,5,6,0.833,0,4,4,12,3,1,8,1,27,8,53.8,1,2015-16
22015,1626162,Kelly Oubre Jr.,1610612764,WAS,Washington Wizards,0021500399,2015-12-19,WAS vs. CHA,W,22,3,5,0.6,2,2,1.0,0,0,,1,4,5,0,0,1,0,4,8,-6,17.0,1,2015-16
22015,202391,Jeremy Lin,1610612766,CHA,Charlotte Hornets,0021500399,2015-12-19,CHA @ WAS,L,36,6,13,0.462,2,2,1.0,1,1,1.0,1,5,6,7,0,0,3,2,15,-6,29.7,1,2015-16
22015,203087,Jeremy Lamb,1610612766,CHA,Charlotte Hornets,0021500399,2015-12-19,CHA @ WAS,L,12,4,8,0.5,1,4,0.25,0,0,,1,3,4,0,0,0,0,3,9,3,13.8,1,2015-16
22015,200755,JJ Redick,1610612746,LAC,LA Clippers,0021500401,2015-12-19,LAC @ HOU,L,27,6,14,0.429,4,9,0.444,3,3,1.0,0,2,2,0,1,0,0,2,19,-5,24.4,1,2015-16
22015,201599,DeAndre Jordan,1610612746,LAC,LA Clippers,0021500401,2015-12-19,LAC @ HOU,L,30,6,7,0.857,0,0,,4,12,0.333,2,9,11,0,0,4,1,3,16,-9,40.2,1,2015-16
22015,202325,Wesley Johnson,1610612746,LAC,LA Clippers,0021500401,2015-12-19,LAC @ HOU,L,9,2,7,0.286,1,4,0.25,0,0,,0,0,0,0,0,1,1,0,5,-1,7.0,1,2015-16
22015,203135,Robert Sacre,1610612747,LAL,Los Angeles Lakers,0021500398,2015-12-19,LAL @ OKC,L,15,0,2,0.0,0,0,,0,2,0.0,1,2,3,1,0,0,0,4,0,-22,5.1,1,2015-16
22015,1626204,Larry Nance Jr.,1610612747,LAL,Los Angeles Lakers,0021500398,2015-12-19,LAL @ OKC,L,22,1,4,0.25,0,0,,0,2,0.0,0,4,4,1,1,0,1,1,2,-12,10.3,1,2015-16
22015,204001,Kristaps Porziņģis,1610612752,NYK,New York Knicks,0021500400,2015-12-19,NYK vs. CHI,W,29,4,9,0.444,0,3,0.0,2,3,0.667,2,5,7,3,1,1,0,5,10,13,28.9,1,2015-16
22015,1626170,Jerian Grant,1610612752,NYK,New York Knicks,0021500400,2015-12-19,NYK vs. CHI,W,14,2,7,0.286,0,2,0.0,2,2,1.0,0,1,1,0,0,0,1,0,6,-6,6.2,1,2015-16
22015,201155,Rodney Stuckey,1610612754,IND,Indiana Pacers,0021500402,2015-12-19,IND @ MEM,L,28,3,7,0.429,1,3,0.333,4,5,0.8,0,2,2,2,0,1,3,3,11,-1,16.4,1,2015-16
22015,201941,Jordan Hill,1610612754,IND,Indiana Pacers,0021500402,2015-12-19,IND @ MEM,L,27,5,10,0.5,0,0,,0,0,,5,8,13,1,2,0,1,4,10,-1,32.1,1,2015-16
22015,2555,Nick Collison,1610612760,OKC,Oklahoma City Thunder,0021500398,2015-12-19,OKC vs. LAL,W,16,1,1,1.0,0,0,,3,3,1.0,0,4,4,3,0,0,1,1,5,24,13.3,1,2015-16
22015,202390,Gary Neal,1610612764,WAS,Washington Wizards,0021500399,2015-12-19,WAS vs. CHA,W,22,1,7,0.143,0,4,0.0,2,2,1.0,0,0,0,5,2,0,1,1,4,9,16.5,1,2015-16
22015,201946,Tyler Hansbrough,1610612766,CHA,Charlotte Hornets,0021500399,2015-12-19,CHA @ WAS,L,4,0,1,0.0,0,0,,0,0,,0,1,1,0,0,0,2,1,0,-8,-0.8,1,2015-16
22015,201166,Aaron Brooks,1610612741,CHI,Chicago Bulls,0021500400,2015-12-19,CHI @ NYK,L,21,3,8,0.375,1,4,0.25,4,4,1.0,0,1,1,3,1,0,1,3,11,-4,18.7,1,2015-16
22015,201959,Taj Gibson,1610612741,CHI,Chicago Bulls,0021500400,2015-12-19,CHI @ NYK,L,20,3,4,0.75,0,0,,0,0,,1,1,2,2,0,0,0,0,6,-4,11.4,1,2015-16
22015,202710,Jimmy Butler III,1610612741,CHI,Chicago Bulls,0021500400,2015-12-19,CHI @ NYK,L,33,4,11,0.364,1,2,0.5,3,4,0.75,1,1,2,5,1,0,1,3,12,-13,23.9,1,2015-16
22015,203503,Tony Snell,1610612741,CHI,Chicago Bulls,0021500400,2015-12-19,CHI @ NYK,L,21,3,6,0.5,1,2,0.5,0,0,,1,5,6,2,0,0,0,1,7,2,17.2,1,2015-16
22015,2772,Trevor Ariza,1610612745,HOU,Houston Rockets,0021500401,2015-12-19,HOU vs. LAC,W,34,7,11,0.636,3,4,0.75,0,0,,1,5,6,3,1,0,0,3,17,9,31.7,1,2015-16
22015,203991,Clint Capela,1610612745,HOU,Houston Rockets,0021500401,2015-12-19,HOU vs. LAC,W,21,2,5,0.4,0,0,,3,8,0.375,5,5,10,1,1,2,2,1,7,11,27.5,1,2015-16
22015,201601,Luc Mbah a Moute,1610612746,LAC,LA Clippers,0021500401,2015-12-19,LAC @ HOU,L,5,0,2,0.0,0,2,0.0,0,0,,0,0,0,0,0,0,0,3,0,-6,0.0,1,2015-16
22015,203085,Austin Rivers,1610612746,LAC,LA Clippers,0021500401,2015-12-19,LAC @ HOU,L,16,1,5,0.2,0,2,0.0,0,0,,0,1,1,1,1,0,1,4,2,-13,6.7,1,2015-16
22015,201156,Nick Young,1610612747,LAL,Los Angeles Lakers,0021500398,2015-12-19,LAL @ OKC,L,21,5,13,0.385,3,9,0.333,1,1,1.0,0,0,0,0,0,0,1,0,14,-32,13.0,1,2015-16
22015,201579,Roy Hibbert,1610612747,LAL,Los Angeles Lakers,0021500398,2015-12-19,LAL @ OKC,L,23,1,3,0.333,0,0,,0,0,,1,2,3,2,2,2,1,5,2,-13,19.6,1,2015-16
22015,1626156,D'Angelo Russell,1610612747,LAL,Los Angeles Lakers,0021500398,2015-12-19,LAL @ OKC,L,27,5,13,0.385,1,7,0.143,1,3,0.333,2,5,7,5,1,0,2,0,12,-34,28.9,1,2015-16
22015,1626273,Marcelo Huertas,1610612747,LAL,Los Angeles Lakers,0021500398,2015-12-19,LAL @ OKC,L,12,1,4,0.25,0,0,,1,1,1.0,0,0,0,2,0,0,0,0,3,-3,6.0,1,2015-16
22015,203124,Kyle O'Quinn,1610612752,NYK,New York Knicks,0021500400,2015-12-19,NYK vs. CHI,W,20,2,4,0.5,0,0,,0,0,,3,7,10,0,1,1,3,3,4,2,19.0,1,2015-16
22015,203524,Solomon Hill,1610612754,IND,Indiana Pacers,0021500402,2015-12-19,IND @ MEM,L,1,0,0,,0,0,,0,0,,0,0,0,0,0,0,0,0,0,0,0.0,1,2015-16
22015,200779,Steve Novak,1610612760,OKC,Oklahoma City Thunder,0021500398,2015-12-19,OKC vs. LAL,W,6,1,2,0.5,1,2,0.5,0,0,,0,1,1,0,0,0,0,0,3,0,4.2,1,2015-16
22015,2743,Kris Humphries,1610612764,WAS,Washington Wizards,0021500399,2015-12-19,WAS vs. CHA,W,16,2,3,0.667,0,0,,1,1,1.0,0,4,4,0,0,0,0,1,5,-4,9.8,1,2015-16
22015,101162,Marcin Gortat,1610612764,WAS,Washington Wizards,0021500399,2015-12-19,WAS vs. CHA,W,38,7,16,0.438,0,0,,4,4,1.0,3,3,6,1,1,2,4,1,18,16,31.7,1,2015-16
22015,201162,Jared Dudley,1610612764,WAS,Washington Wizards,0021500399,2015-12-19,WAS vs. CHA,W,41,7,10,0.7,3,5,0.6,2,2,1.0,0,9,9,4,2,0,0,3,19,4,41.8,1,2015-16
22015,201196,Ramon Sessions,1610612764,WAS,Washington Wizards,0021500399,2015-12-19,WAS vs. CHA,W,23,3,8,0.375,0,1,0.0,1,1,1.0,1,4,5,1,0,0,0,1,7,1,14.5,1,2015-16
22015,202066,Garrett Temple,1610612764,WAS,Washington Wizards,0021500399,2015-12-19,WAS vs. CHA,W,35,7,9,0.778,2,3,0.667,5,7,0.714,0,5,5,3,2,0,1,2,21,12,36.5,1,2015-16
22015,201587,Nicolas Batum,1610612766,CHA,Charlotte Hornets,0021500399,2015-12-19,CHA @ WAS,L,32,5,12,0.417,1,7,0.143,3,4,0.75,0,6,6,8,3,1,4,1,14,-7,41.2,1,2015-16
22015,202689,Kemba Walker,1610612766,CHA,Charlotte Hornets,0021500399,2015-12-19,CHA @ WAS,L,41,6,18,0.333,1,7,0.143,5,5,1.0,0,3,3,2,3,0,4,3,18,-6,29.6,1,2015-16
22015,203469,Cody Zeller,1610612766,CHA,Charlotte Hornets,0021500399,2015-12-19,CHA @ WAS,L,26,5,9,0.556,0,0,,1,2,0.5,4,3,7,0,1,1,1,3,11,-6,24.4,1,2015-16
22015,203798,PJ Hairston,1610612766,CHA,Charlotte Hornets,0021500399,2015-12-19,CHA @ WAS,L,19,3,6,0.5,2,3,0.667,2,2,1.0,3,3,6,2,0,0,1,1,10,-10,19.2,1,2015-16
22015,1626163,Frank Kaminsky,1610612766,CHA,Charlotte Hornets,0021500399,2015-12-19,CHA @ WAS,L,19,2,4,0.5,1,3,0.333,1,2,0.5,2,3,5,1,0,1,0,2,6,-3,16.5,1,2015-16
22015,203926,Doug McDermott,1610612741,CHI,Chicago Bulls,0021500400,2015-12-19,CHI @ NYK,L,10,0,3,0.0,0,2,0.0,0,0,,0,0,0,0,0,0,0,1,0,-17,0.0,1,2015-16
22015,201577,Robin Lopez,1610612752,NYK,New York Knicks,0021500400,2015-12-19,NYK vs. CHI,W,19,3,5,0.6,0,0,,2,2,1.0,2,1,3,0,0,0,2,1,8,1,9.6,1,2015-16
22015,201142,Kevin Durant,1610612760,OKC,Oklahoma City Thunder,0021500398,2015-12-19,OKC vs. LAL,W,30,7,13,0.538,3,4,0.75,5,7,0.714,0,8,8,2,0,0,2,1,22,29,32.6,1,2015-16
22015,201586,Serge Ibaka,1610612760,OKC,Oklahoma City Thunder,0021500398,2015-12-19,OKC vs. LAL,W,26,5,12,0.417,2,2,1.0,0,0,,3,4,7,0,0,0,3,1,12,16,17.4,1,2015-16
22015,201584,Courtney Lee,1610612763,MEM,Memphis Grizzlies,0021500402,2015-12-19,MEM vs. IND,W,30,1,6,0.167,0,3,0.0,0,0,,0,4,4,0,0,1,3,1,2,11,6.8,1,2015-16
22015,203210,JaMychal Green,1610612763,MEM,Memphis Grizzlies,0021500402,2015-12-19,MEM vs. IND,W,8,1,3,0.333,0,0,,0,0,,0,4,4,0,0,1,0,1,2,1,9.8,1,2015-16
22015,200794,Paul Millsap,1610612737,ATL,Atlanta Hawks,0021500407,2015-12-20,ATL @ ORL,W,35,5,16,0.313,0,2,0.0,3,4,0.75,3,10,13,3,2,2,2,4,13,-5,43.1,1,2015-16
22015,203118,Mike Scott,1610612737,ATL,Atlanta Hawks,0021500407,2015-12-20,ATL @ ORL,W,17,6,10,0.6,3,5,0.6,0,1,0.0,0,2,2,1,0,0,0,2,15,11,18.9,1,2015-16
22015,2210,Richard Jefferson,1610612739,CLE,Cleveland Cavaliers,0021500405,2015-12-20,CLE vs. PHI,W,23,3,6,0.5,3,5,0.6,0,0,,0,1,1,1,0,0,0,3,9,-11,11.7,1,2015-16
22015,202681,Kyrie Irving,1610612739,CLE,Cleveland Cavaliers,0021500405,2015-12-20,CLE vs. PHI,W,17,5,12,0.417,2,2,1.0,0,0,,0,1,1,4,2,0,1,1,12,16,24.2,1,2015-16
22015,203099,Jared Cunningham,1610612739,CLE,Cleveland Cavaliers,0021500405,2015-12-20,CLE vs. PHI,W,13,1,4,0.25,0,2,0.0,1,2,0.5,0,1,1,1,0,0,0,0,3,-6,5.7,1,2015-16
22015,202708,Norris Cole,1610612740,NOP,New Orleans Pelicans,0021500409,2015-12-20,NOP @ DEN,W,20,3,6,0.5,0,0,,4,4,1.0,0,0,0,1,0,0,0,2,10,-11,11.5,1,2015-16
22015,203115,Will Barton,1610612743,DEN,Denver Nuggets,0021500409,2015-12-20,DEN vs. NOP,L,36,12,25,0.48,7,11,0.636,1,1,1.0,2,8,10,6,0,0,1,2,32,7,52.0,1,2015-16
22015,2547,Chris Bosh,1610612748,MIA,Miami Heat,0021500404,2015-12-20,MIA vs. POR,W,31,11,19,0.579,3,7,0.429,4,5,0.8,0,6,6,4,2,0,5,2,29,11,43.2,1,2015-16
22015,2548,Dwyane Wade,1610612748,MIA,Miami Heat,0021500404,2015-12-20,MIA vs. POR,W,27,6,11,0.545,0,0,,6,9,0.667,1,1,2,7,2,0,2,3,18,0,34.9,1,2015-16
22015,203487,Michael Carter-Williams,1610612749,MIL,Milwaukee Bucks,0021500406,2015-12-20,MIL @ PHX,W,36,9,16,0.563,0,1,0.0,2,4,0.5,1,8,9,6,1,1,3,3,20,10,42.8,1,2015-16
22015,201937,Ricky Rubio,1610612750,MIN,Minnesota Timberwolves,0021500403,2015-12-20,MIN @ BKN,W,28,1,6,0.167,0,1,0.0,6,7,0.857,0,2,2,15,4,0,2,1,8,19,42.9,1,2015-16
22015,203498,Shabazz Muhammad,1610612750,MIN,Minnesota Timberwolves,0021500403,2015-12-20,MIN @ BKN,W,10,0,4,0.0,0,2,0.0,0,0,,1,0,1,0,0,0,0,0,0,-11,1.2,1,2015-16
22015,203940,Adreian Payne,1610612750,MIN,Minnesota Timberwolves,0021500403,2015-12-20,MIN @ BKN,W,17,0,3,0.0,0,0,,0,0,,0,7,7,0,0,1,1,1,0,16,10.4,1,2015-16
22015,203952,Andrew Wiggins,1610612750,MIN,Minnesota Timberwolves,0021500403,2015-12-20,MIN @ BKN,W,32,6,11,0.545,0,2,0.0,4,6,0.667,2,1,3,0,1,1,3,3,16,17,22.6,1,2015-16
22015,2207,Joe Johnson,1610612751,BKN,Brooklyn Nets,0021500403,2015-12-20,BKN vs. MIN,L,31,2,10,0.2,0,1,0.0,2,2,1.0,2,4,6,6,0,0,2,3,6,-14,20.2,1,2015-16
22015,203186,Willie Reed,1610612751,BKN,Brooklyn Nets,0021500403,2015-12-20,BKN vs. MIN,L,4,1,2,0.5,0,0,,0,0,,0,0,0,0,0,0,0,1,2,-1,2.0,1,2015-16
22015,203901,Elfrid Payton,1610612753,ORL,Orlando Magic,0021500407,2015-12-20,ORL vs. ATL,L,31,6,14,0.429,0,1,0.0,2,6,0.333,0,2,2,6,5,1,2,2,14,4,41.4,1,2015-16
22015,203088,Kendall Marshall,1610612755,PHI,Philadelphia 76ers,0021500405,2015-12-20,PHI @ CLE,L,18,3,7,0.429,0,2,0.0,2,2,1.0,0,2,2,4,0,0,3,1,8,-18,13.4,1,2015-16
22015,203477,Isaiah Canaan,1610612755,PHI,Philadelphia 76ers,0021500405,2015-12-20,PHI @ CLE,L,21,2,9,0.222,2,6,0.333,0,0,,0,2,2,0,1,0,1,3,6,-26,10.4,1,2015-16
22015,202339,Eric Bledsoe,1610612756,PHX,Phoenix Suns,0021500406,2015-12-20,PHX vs. MIL,L,34,6,11,0.545,1,2,0.5,5,5,1.0,0,1,1,1,3,0,4,2,18,-24,25.7,1,2015-16
22015,202720,Jon Leuer,1610612756,PHX,Phoenix Suns,0021500406,2015-12-20,PHX vs. MIL,L,22,4,6,0.667,1,1,1.0,0,2,0.0,2,4,6,0,0,0,1,3,9,-11,15.2,1,2015-16
22015,201945,Gerald Henderson,1610612757,POR,Portland Trail Blazers,0021500404,2015-12-20,POR @ MIA,L,9,2,4,0.5,0,1,0.0,0,0,,0,2,2,0,0,0,3,0,4,-2,3.4,1,2015-16
22015,204025,Tim Frazier,1610612757,POR,Portland Trail Blazers,0021500404,2015-12-20,POR @ MIA,L,0,0,0,,0,0,,0,0,,0,0,0,0,0,0,0,0,0,-2,0.0,1,2015-16
22015,200752,Rudy Gay,1610612758,SAC,Sacramento Kings,0021500408,2015-12-20,SAC @ TOR,W,41,7,17,0.412,1,5,0.2,4,4,1.0,1,8,9,1,3,1,2,2,19,4,41.3,1,2015-16
22015,201956,Omri Casspi,1610612758,SAC,Sacramento Kings,0021500408,2015-12-20,SAC @ TOR,W,34,6,8,0.75,3,4,0.75,0,1,0.0,0,11,11,3,1,0,3,2,15,22,32.7,1,2015-16
22015,203934,Lamar Patterson,1610612737,ATL,Atlanta Hawks,0021500407,2015-12-20,ATL @ ORL,W,13,0,0,,0,0,,0,0,,0,4,4,3,0,1,1,0,0,10,11.3,1,2015-16
22015,2760,Anderson Varejao,1610612739,CLE,Cleveland Cavaliers,0021500405,2015-12-20,CLE vs. PHI,W,13,0,4,0.0,0,0,,0,0,,1,2,3,1,1,0,0,3,0,-9,8.1,1,2015-16
22015,2570,Kendrick Perkins,1610612740,NOP,New Orleans Pelicans,0021500409,2015-12-20,NOP @ DEN,W,17,0,0,,0,0,,0,0,,1,1,2,1,0,1,2,2,0,-16,4.9,1,2015-16
22015,201950,Jrue Holiday,1610612740,NOP,New Orleans Pelicans,0021500409,2015-12-20,NOP @ DEN,W,25,7,13,0.538,2,5,0.4,5,8,0.625,0,3,3,5,2,1,1,3,21,-11,40.1,1,2015-16
22015,201967,Dante Cunningham,1610612740,NOP,New Orleans Pelicans,0021500409,2015-12-20,NOP @ DEN,W,19,1,2,0.5,1,2,0.5,0,0,,0,3,3,0,0,2,0,3,3,-12,12.6,1,2015-16
22015,202087,Alonzo Gee,1610612740,NOP,New Orleans Pelicans,0021500409,2015-12-20,NOP @ DEN,W,17,2,4,0.5,0,2,0.0,0,0,,0,2,2,1,1,0,0,3,4,16,10.9,1,2015-16
22015,2749,Jameer Nelson,1610612743,DEN,Denver Nuggets,0021500409,2015-12-20,DEN vs. NOP,L,37,6,12,0.5,3,6,0.5,0,0,,0,2,2,6,0,0,2,4,15,-13,24.4,1,2015-16
22015,203914,Gary Harris,1610612743,DEN,Denver Nuggets,0021500409,2015-12-20,DEN vs. NOP,L,26,1,8,0.125,0,3,0.0,0,0,,1,1,2,1,3,1,0,2,2,-21,17.9,1,2015-16
22015,2617,Udonis Haslem,1610612748,MIA,Miami Heat,0021500404,2015-12-20,MIA vs. POR,W,7,0,0,,0,0,,0,0,,0,2,2,1,0,0,0,0,0,-3,3.9,1,2015-16
22015,101123,Gerald Green,1610612748,MIA,Miami Heat,0021500404,2015-12-20,MIA vs. POR,W,32,6,9,0.667,4,6,0.667,1,3,0.333,0,1,1,1,0,0,0,1,17,7,19.7,1,2015-16
22015,203089,John Henson,1610612749,MIL,Milwaukee Bucks,0021500406,2015-12-20,MIL @ PHX,W,22,3,4,0.75,0,0,,2,4,0.5,2,4,6,2,1,4,0,2,8,0,33.2,1,2015-16
22015,203114,Khris Middleton,1610612749,MIL,Milwaukee Bucks,0021500406,2015-12-20,MIL @ PHX,W,40,10,17,0.588,2,6,0.333,4,4,1.0,0,3,3,7,2,0,3,4,26,17,43.1,1,2015-16
22015,203953,Jabari Parker,1610612749,MIL,Milwaukee Bucks,0021500406,2015-12-20,MIL @ PHX,W,27,2,7,0.286,0,0,,3,4,0.75,2,4,6,1,1,0,0,2,7,7,18.7,1,2015-16
22015,708,Kevin Garnett,1610612750,MIN,Minnesota Timberwolves,0021500403,2015-12-20,MIN @ BKN,W,10,0,1,0.0,0,0,,0,0,,0,7,7,2,2,0,0,2,0,1,17.4,1,2015-16
22015,202357,Nemanja Bjelica,1610612750,MIN,Minnesota Timberwolves,0021500403,2015-12-20,MIN @ BKN,W,3,0,0,,0,0,,0,0,,0,0,0,0,0,0,0,2,0,-5,0.0,1,2015-16
22015,201572,Brook Lopez,1610612751,BKN,Brooklyn Nets,0021500403,2015-12-20,BKN vs. MIN,L,40,8,11,0.727,0,1,0.0,4,5,0.8,2,10,12,5,1,2,4,3,20,-7,46.9,1,2015-16
22015,201961,Wayne Ellington,1610612751,BKN,Brooklyn Nets,0021500403,2015-12-20,BKN vs. MIN,L,20,4,10,0.4,2,6,0.333,0,0,,0,1,1,2,0,0,1,1,10,-8,13.2,1,2015-16
22015,202711,Bojan Bogdanovic,1610612751,BKN,Brooklyn Nets,0021500403,2015-12-20,BKN vs. MIN,L,37,5,12,0.417,3,7,0.429,0,1,0.0,0,3,3,2,2,0,3,3,13,-7,22.6,1,2015-16
22015,201160,Jason Smith,1610612753,ORL,Orlando Magic,0021500407,2015-12-20,ORL vs. ATL,L,14,5,5,1.0,0,0,,0,0,,0,1,1,1,0,0,1,1,10,-8,11.7,1,2015-16
22015,203932,Aaron Gordon,1610612753,ORL,Orlando Magic,0021500407,2015-12-20,ORL vs. ATL,L,17,1,5,0.2,0,0,,0,0,,2,2,4,1,0,0,1,0,2,-3,7.3,1,2015-16
22015,1626209,Mario Hezonja,1610612753,ORL,Orlando Magic,0021500407,2015-12-20,ORL vs. ATL,L,7,2,2,1.0,0,0,,0,0,,0,1,1,0,1,0,0,2,4,-15,8.2,1,2015-16
22015,203100,Tony Wroten,1610612755,PHI,Philadelphia 76ers,0021500405,2015-12-20,PHI @ CLE,L,15,2,8,0.25,0,4,0.0,2,2,1.0,0,3,3,3,0,0,3,1,6,-7,11.1,1,2015-16
22015,204456,T.J. McConnell,1610612755,PHI,Philadelphia 76ers,0021500405,2015-12-20,PHI @ CLE,L,15,4,6,0.667,0,0,,2,2,1.0,1,4,5,3,1,0,3,1,10,3,20.5,1,2015-16
22015,1626143,Jahlil Okafor,1610612755,PHI,Philadelphia 76ers,0021500405,2015-12-20,PHI @ CLE,L,25,3,11,0.273,0,0,,3,4,0.75,4,4,8,0,0,0,1,2,9,-15,17.6,1,2015-16
22015,1626158,Richaun Holmes,1610612755,PHI,Philadelphia 76ers,0021500405,2015-12-20,PHI @ CLE,L,14,1,4,0.25,0,2,0.0,3,3,1.0,1,1,2,1,1,0,2,1,5,-9,9.9,1,2015-16
22015,202693,Markieff Morris,1610612756,PHX,Phoenix Suns,0021500406,2015-12-20,PHX vs. MIL,L,15,2,5,0.4,1,1,1.0,3,3,1.0,0,3,3,4,1,0,5,1,8,-3,15.6,1,2015-16
22015,203933,T.J. Warren,1610612756,PHX,Phoenix Suns,0021500406,2015-12-20,PHX vs. MIL,L,24,7,13,0.538,0,1,0.0,4,4,1.0,0,1,1,0,0,0,0,2,18,5,19.2,1,2015-16
22015,203081,Damian Lillard,1610612757,POR,Portland Trail Blazers,0021500404,2015-12-20,POR @ MIA,L,37,10,18,0.556,3,9,0.333,9,11,0.818,1,1,2,9,1,0,6,3,32,6,44.9,1,2015-16
22015,203090,Maurice Harkless,1610612757,POR,Portland Trail Blazers,0021500404,2015-12-20,POR @ MIA,L,14,1,3,0.333,0,1,0.0,0,0,,1,3,4,1,0,0,0,0,2,3,8.3,1,2015-16
22015,203468,CJ McCollum,1610612757,POR,Portland Trail Blazers,0021500404,2015-12-20,POR @ MIA,L,33,8,19,0.421,4,9,0.444,0,0,,0,3,3,6,1,0,2,1,20,-15,33.6,1,2015-16
22015,201949,James Johnson,1610612761,TOR,Toronto Raptors,0021500408,2015-12-20,TOR vs. SAC,L,32,7,11,0.636,0,2,0.0,0,0,,1,5,6,1,2,1,2,1,14,4,29.7,1,2015-16
22015,203082,Terrence Ross,1610612761,TOR,Toronto Raptors,0021500408,2015-12-20,TOR vs. SAC,L,33,5,14,0.357,3,10,0.3,0,0,,1,2,3,2,0,0,3,2,13,-8,16.6,1,2015-16
22015,200757,Thabo Sefolosha,1610612737,ATL,Atlanta Hawks,0021500407,2015-12-20,ATL @ ORL,W,16,2,4,0.5,1,2,0.5,1,1,1.0,1,1,2,0,0,1,0,2,6,5,11.4,1,2015-16
22015,201168,Tiago Splitter,1610612737,ATL,Atlanta Hawks,0021500407,2015-12-20,ATL @ ORL,W,14,3,6,0.5,0,0,,0,0,,2,1,3,0,0,1,1,1,6,7,11.6,1,2015-16
22015,2592,James Jones,1610612739,CLE,Cleveland Cavaliers,0021500405,2015-12-20,CLE vs. PHI,W,16,1,5,0.2,0,2,0.0,0,0,,0,5,5,1,0,1,0,1,2,-9,12.5,1,2015-16
22015,201619,Sasha Kaun,1610612739,CLE,Cleveland Cavaliers,0021500405,2015-12-20,CLE vs. PHI,W,6,2,3,0.667,0,0,,0,0,,2,0,2,0,0,0,1,1,4,-11,5.4,1,2015-16
22015,203521,Matthew Dellavedova,1610612739,CLE,Cleveland Cavaliers,0021500405,2015-12-20,CLE vs. PHI,W,23,7,10,0.7,4,6,0.667,2,2,1.0,0,0,0,2,2,2,4,1,20,13,31.0,1,2015-16
22015,201583,Ryan Anderson,1610612740,NOP,New Orleans Pelicans,0021500409,2015-12-20,NOP @ DEN,W,32,6,12,0.5,2,3,0.667,2,3,0.667,2,3,5,1,0,1,2,1,16,7,24.5,1,2015-16
22015,201600,Omer Asik,1610612740,NOP,New Orleans Pelicans,0021500409,2015-12-20,NOP @ DEN,W,17,2,2,1.0,0,0,,1,2,0.5,2,2,4,1,0,0,1,3,5,16,10.3,1,2015-16
22015,202397,Ish Smith,1610612740,NOP,New Orleans Pelicans,0021500409,2015-12-20,NOP @ DEN,W,3,0,0,,0,0,,0,0,,0,0,0,0,0,0,0,0,0,-2,0.0,1,2015-16
22015,2034,Mike Miller,1610612743,DEN,Denver Nuggets,0021500409,2015-12-20,DEN vs. NOP,L,11,0,1,0.0,0,1,0.0,0,0,,0,1,1,2,1,1,0,3,0,5,10.2,1,2015-16
22015,200751,Randy Foye,1610612743,DEN,Denver Nuggets,0021500409,2015-12-20,DEN vs. NOP,L,21,6,10,0.6,5,7,0.714,0,0,,0,2,2,3,1,0,1,3,17,12,25.9,1,2015-16
22015,201589,Darrell Arthur,1610612743,DEN,Denver Nuggets,0021500409,2015-12-20,DEN vs. NOP,L,6,1,1,1.0,0,0,,0,0,,0,0,0,0,0,0,0,0,2,3,2.0,1,2015-16
22015,202702,Kenneth Faried,1610612743,DEN,Denver Nuggets,0021500409,2015-12-20,DEN vs. NOP,L,24,8,14,0.571,0,1,0.0,5,7,0.714,9,4,13,0,0,0,1,5,21,-13,35.6,1,2015-16
22015,201152,Thaddeus Young,1610612751,BKN,Brooklyn Nets,0021500403,2015-12-20,BKN vs. MIN,L,33,4,11,0.364,0,0,,4,4,1.0,1,7,8,0,1,0,0,1,12,-24,24.6,1,2015-16
22015,202696,Nikola Vučević,1610612753,ORL,Orlando Magic,0021500407,2015-12-20,ORL vs. ATL,L,34,10,19,0.526,0,0,,0,0,,4,7,11,4,1,0,1,2,20,5,41.2,1,2015-16
22015,202699,Tobias Harris,1610612753,ORL,Orlando Magic,0021500407,2015-12-20,ORL vs. ATL,L,31,2,9,0.222,0,2,0.0,0,0,,0,6,6,3,1,1,0,5,4,5,21.7,1,2015-16
22015,203138,Hollis Thompson,1610612755,PHI,Philadelphia 76ers,0021500405,2015-12-20,PHI @ CLE,L,22,2,6,0.333,2,3,0.667,0,0,,1,1,2,0,0,0,2,2,6,-17,6.4,1,2015-16
22015,203457,Nerlens Noel,1610612755,PHI,Philadelphia 76ers,0021500405,2015-12-20,PHI @ CLE,L,31,5,10,0.5,0,0,,5,11,0.455,4,8,12,1,1,1,1,3,15,-15,35.9,1,2015-16
22015,203496,Robert Covington,1610612755,PHI,Philadelphia 76ers,0021500405,2015-12-20,PHI @ CLE,L,21,2,9,0.222,1,6,0.167,0,0,,1,2,3,0,1,0,1,3,5,-12,10.6,1,2015-16
22015,203924,Jerami Grant,1610612755,PHI,Philadelphia 76ers,0021500405,2015-12-20,PHI @ CLE,L,22,2,9,0.222,0,1,0.0,2,2,1.0,2,0,2,1,0,1,0,4,6,2,12.9,1,2015-16
22015,2199,Tyson Chandler,1610612756,PHX,Phoenix Suns,0021500406,2015-12-20,PHX vs. MIL,L,28,2,4,0.5,0,0,,0,0,,1,4,5,0,0,1,3,3,4,-6,10.0,1,2015-16
22015,202688,Brandon Knight,1610612756,PHX,Phoenix Suns,0021500406,2015-12-20,PHX vs. MIL,L,29,3,10,0.3,1,1,1.0,2,2,1.0,0,2,2,4,1,0,2,4,9,-3,18.4,1,2015-16
22015,203943,Noah Vonleh,1610612757,POR,Portland Trail Blazers,0021500404,2015-12-20,POR @ MIA,L,11,1,4,0.25,0,0,,0,0,,1,2,3,0,0,0,1,3,2,-12,4.6,1,2015-16
22015,2449,Luis Scola,1610612761,TOR,Toronto Raptors,0021500408,2015-12-20,TOR vs. SAC,L,26,1,6,0.167,0,1,0.0,0,0,,0,6,6,0,0,0,2,3,2,2,7.2,1,2015-16
22015,201942,DeMar DeRozan,1610612761,TOR,Toronto Raptors,0021500408,2015-12-20,TOR vs. SAC,L,35,10,24,0.417,0,1,0.0,8,8,1.0,2,5,7,1,2,0,3,4,28,-12,40.9,1,2015-16
22015,202335,Patrick Patterson,1610612761,TOR,Toronto Raptors,0021500408,2015-12-20,TOR vs. SAC,L,33,6,12,0.5,4,8,0.5,2,2,1.0,1,7,8,1,3,0,1,4,18,5,37.1,1,2015-16
22015,202687,Bismack Biyombo,1610612761,TOR,Toronto Raptors,0021500408,2015-12-20,TOR vs. SAC,L,26,0,7,0.0,0,0,,2,2,1.0,5,8,13,0,0,1,0,2,2,-22,20.6,1,2015-16
22015,2594,Kyle Korver,1610612737,ATL,Atlanta Hawks,0021500407,2015-12-20,ATL @ ORL,W,35,6,8,0.75,6,8,0.75,1,2,0.5,0,2,2,5,1,0,1,2,19,-2,30.9,1,2015-16
22015,201952,Jeff Teague,1610612737,ATL,Atlanta Hawks,0021500407,2015-12-20,ATL @ ORL,W,27,4,7,0.571,0,0,,6,8,0.75,0,2,2,1,1,0,6,3,14,-1,14.9,1,2015-16
22015,201569,Eric Gordon,1610612740,NOP,New Orleans Pelicans,0021500409,2015-12-20,NOP @ DEN,W,32,6,11,0.545,4,7,0.571,4,5,0.8,1,2,3,3,0,1,1,1,20,19,30.1,1,2015-16
22015,202337,Luke Babbitt,1610612740,NOP,New Orleans Pelicans,0021500409,2015-12-20,NOP @ DEN,W,7,1,3,0.333,1,3,0.333,0,0,,0,0,0,0,0,0,0,0,3,-6,3.0,1,2015-16
22015,201568,Danilo Gallinari,1610612743,DEN,Denver Nuggets,0021500409,2015-12-20,DEN vs. NOP,L,23,3,10,0.3,1,2,0.5,11,12,0.917,0,2,2,3,0,0,0,0,18,1,24.9,1,2015-16
22015,203530,Joffrey Lauvergne,1610612743,DEN,Denver Nuggets,0021500409,2015-12-20,DEN vs. NOP,L,13,2,4,0.5,1,2,0.5,0,0,,0,2,2,1,0,1,0,2,5,-17,11.9,1,2015-16
22015,2736,Luol Deng,1610612748,MIA,Miami Heat,0021500404,2015-12-20,MIA vs. POR,W,33,5,7,0.714,5,6,0.833,2,2,1.0,0,2,2,1,0,0,1,3,17,2,19.9,1,2015-16
22015,201609,Goran Dragic,1610612748,MIA,Miami Heat,0021500404,2015-12-20,MIA vs. POR,W,27,4,10,0.4,0,1,0.0,0,0,,1,1,2,8,2,1,0,2,8,-1,31.4,1,2015-16
22015,202328,Greg Monroe,1610612749,MIL,Milwaukee Bucks,0021500406,2015-12-20,MIL @ PHX,W,26,6,10,0.6,0,0,,1,2,0.5,0,2,2,4,0,0,1,4,13,6,20.4,1,2015-16
22015,203948,Johnny O'Bryant III,1610612749,MIL,Milwaukee Bucks,0021500406,2015-12-20,MIL @ PHX,W,18,3,5,0.6,0,0,,0,0,,1,3,4,0,1,0,2,4,6,0,11.8,1,2015-16
22015,1889,Andre Miller,1610612750,MIN,Minnesota Timberwolves,0021500403,2015-12-20,MIN @ BKN,W,10,1,1,1.0,0,0,,0,0,,0,0,0,1,1,0,0,1,2,8,6.5,1,2015-16
22015,1626157,Karl-Anthony Towns,1610612750,MIN,Minnesota Timberwolves,0021500403,2015-12-20,MIN @ BKN,W,28,10,19,0.526,0,0,,4,4,1.0,3,7,10,1,1,2,2,3,24,9,44.5,1,2015-16
22015,101127,Jarrett Jack,1610612751,BKN,Brooklyn Nets,0021500403,2015-12-20,BKN vs. MIN,L,30,2,9,0.222,0,5,0.0,0,0,,0,3,3,6,1,0,3,5,4,-14,16.6,1,2015-16
22015,203900,Markel Brown,1610612751,BKN,Brooklyn Nets,0021500403,2015-12-20,BKN vs. MIN,L,6,0,0,,0,0,,1,2,0.5,0,0,0,0,0,0,0,2,1,0,1.0,1,2015-16
22015,101112,Channing Frye,1610612753,ORL,Orlando Magic,0021500407,2015-12-20,ORL vs. ATL,L,27,3,4,0.75,2,3,0.667,5,5,1.0,0,2,2,2,3,2,4,3,13,5,29.4,1,2015-16
22015,203094,Andrew Nicholson,1610612753,ORL,Orlando Magic,0021500407,2015-12-20,ORL vs. ATL,L,17,2,4,0.5,1,2,0.5,7,7,1.0,1,5,6,0,1,1,3,3,12,-5,22.2,1,2015-16
22015,203506,Victor Oladipo,1610612753,ORL,Orlando Magic,0021500407,2015-12-20,ORL vs. ATL,L,28,2,11,0.182,0,1,0.0,0,0,,0,0,0,6,2,0,1,3,4,-3,18.0,1,2015-16
22015,101179,Ronnie Price,1610612756,PHX,Phoenix Suns,0021500406,2015-12-20,PHX vs. MIL,L,16,2,3,0.667,1,1,1.0,0,0,,0,1,1,3,0,0,0,4,5,14,10.7,1,2015-16
22015,1626164,Devin Booker,1610612756,PHX,Phoenix Suns,0021500406,2015-12-20,PHX vs. MIL,L,18,1,5,0.2,0,3,0.0,5,5,1.0,0,2,2,2,3,0,1,1,7,-1,20.4,1,2015-16
22015,202329,Al-Farouq Aminu,1610612757,POR,Portland Trail Blazers,0021500404,2015-12-20,POR @ MIA,L,32,6,9,0.667,4,7,0.571,0,0,,1,3,4,2,3,0,2,3,16,-3,30.8,1,2015-16
22015,203086,Meyers Leonard,1610612757,POR,Portland Trail Blazers,0021500404,2015-12-20,POR @ MIA,L,25,3,5,0.6,2,3,0.667,0,0,,1,8,9,1,0,0,0,3,8,7,20.3,1,2015-16
22015,203459,Allen Crabbe,1610612757,POR,Portland Trail Blazers,0021500404,2015-12-20,POR @ MIA,L,30,3,9,0.333,0,3,0.0,2,2,1.0,0,4,4,1,2,0,0,2,8,-1,20.3,1,2015-16
22015,200765,Rajon Rondo,1610612758,SAC,Sacramento Kings,0021500408,2015-12-20,SAC @ TOR,W,39,8,13,0.615,1,4,0.25,2,2,1.0,0,2,2,13,1,1,5,1,19,12,41.9,1,2015-16
22015,201585,Kosta Koufos,1610612758,SAC,Sacramento Kings,0021500408,2015-12-20,SAC @ TOR,W,24,3,6,0.5,0,0,,1,4,0.25,2,5,7,0,0,1,0,3,7,-16,18.4,1,2015-16
22015,201954,Darren Collison,1610612758,SAC,Sacramento Kings,0021500408,2015-12-20,SAC @ TOR,W,26,4,7,0.571,1,2,0.5,2,2,1.0,0,1,1,2,1,0,1,5,11,-11,17.2,1,2015-16
22015,202326,DeMarcus Cousins,1610612758,SAC,Sacramento Kings,0021500408,2015-12-20,SAC @ TOR,W,32,5,13,0.385,1,1,1.0,4,8,0.5,1,8,9,5,2,4,2,3,15,32,49.3,1,2015-16
22015,203145,Kent Bazemore,1610612737,ATL,Atlanta Hawks,0021500407,2015-12-20,ATL @ ORL,W,33,5,9,0.556,1,1,1.0,2,3,0.667,0,6,6,4,1,0,2,1,13,-7,27.2,1,2015-16
22015,203471,Dennis Schröder,1610612737,ATL,Atlanta Hawks,0021500407,2015-12-20,ATL @ ORL,W,20,1,3,0.333,0,1,0.0,1,1,1.0,0,1,1,3,0,1,4,3,3,4,7.7,1,2015-16
22015,2544,LeBron James,1610612739,CLE,Cleveland Cavaliers,0021500405,2015-12-20,CLE vs. PHI,W,25,10,17,0.588,0,3,0.0,3,4,0.75,0,5,5,4,3,1,2,0,23,33,45.0,1,2015-16
22015,2747,JR Smith,1610612739,CLE,Cleveland Cavaliers,0021500405,2015-12-20,CLE vs. PHI,W,22,3,5,0.6,1,1,1.0,1,1,1.0,0,2,2,4,1,0,0,1,8,29,19.4,1,2015-16
22015,202684,Tristan Thompson,1610612739,CLE,Cleveland Cavaliers,0021500405,2015-12-20,CLE vs. PHI,W,22,2,4,0.5,0,0,,2,2,1.0,2,4,6,1,0,1,0,2,6,36,17.7,1,2015-16
22015,202697,Iman Shumpert,1610612739,CLE,Cleveland Cavaliers,0021500405,2015-12-20,CLE vs. PHI,W,16,1,5,0.2,0,1,0.0,1,2,0.5,0,2,2,4,1,0,0,0,3,3,14.4,1,2015-16
22015,201936,Tyreke Evans,1610612740,NOP,New Orleans Pelicans,0021500409,2015-12-20,NOP @ DEN,W,33,7,13,0.538,1,2,0.5,6,8,0.75,1,7,8,10,1,1,2,3,21,14,49.6,1,2015-16
22015,203123,Kostas Papanikolaou,1610612743,DEN,Denver Nuggets,0021500409,2015-12-20,DEN vs. NOP,L,20,0,3,0.0,0,1,0.0,0,0,,0,2,2,2,0,0,0,2,0,0,5.4,1,2015-16
22015,203999,Nikola Jokić,1610612743,DEN,Denver Nuggets,0021500409,2015-12-20,DEN vs. NOP,L,23,6,8,0.75,0,1,0.0,1,2,0.5,1,2,3,2,0,1,0,2,13,11,22.6,1,2015-16
22015,202355,Hassan Whiteside,1610612748,MIA,Miami Heat,0021500404,2015-12-20,MIA vs. POR,W,38,10,13,0.769,0,0,,2,4,0.5,3,8,11,1,2,5,2,3,22,11,55.7,1,2015-16
22015,203142,Chris Copeland,1610612749,MIL,Milwaukee Bucks,0021500406,2015-12-20,MIL @ PHX,W,8,0,2,0.0,0,2,0.0,0,0,,0,1,1,0,0,0,0,1,0,-9,1.2,1,2015-16
22015,203898,Tyler Ennis,1610612749,MIL,Milwaukee Bucks,0021500406,2015-12-20,MIL @ PHX,W,5,1,1,1.0,0,0,,1,2,0.5,0,1,1,0,0,0,1,0,3,-8,3.2,1,2015-16
22015,1626173,Rashad Vaughn,1610612749,MIL,Milwaukee Bucks,0021500406,2015-12-20,MIL @ PHX,W,17,2,6,0.333,2,2,1.0,0,0,,0,0,0,0,0,0,1,1,6,-2,5.0,1,2015-16
22015,2419,Tayshaun Prince,1610612750,MIN,Minnesota Timberwolves,0021500403,2015-12-20,MIN @ BKN,W,24,2,3,0.667,0,0,,0,0,,0,1,1,0,0,0,1,1,4,15,4.2,1,2015-16
22015,2755,Kevin Martin,1610612750,MIN,Minnesota Timberwolves,0021500403,2015-12-20,MIN @ BKN,W,18,5,9,0.556,3,4,0.75,3,3,1.0,0,0,0,3,2,0,2,2,16,4,24.5,1,2015-16
22015,203476,Gorgui Dieng,1610612750,MIN,Minnesota Timberwolves,0021500403,2015-12-20,MIN @ BKN,W,36,9,12,0.75,0,0,,2,2,1.0,0,10,10,3,1,1,1,4,20,9,41.5,1,2015-16
22015,204014,Damjan Rudez,1610612750,MIN,Minnesota Timberwolves,0021500403,2015-12-20,MIN @ BKN,W,2,0,1,0.0,0,1,0.0,0,0,,0,1,1,0,0,0,0,0,0,0,1.2,1,2015-16
22015,200745,Andrea Bargnani,1610612751,BKN,Brooklyn Nets,0021500403,2015-12-20,BKN vs. MIN,L,19,3,6,0.5,0,0,,5,6,0.833,1,2,3,1,1,0,1,0,11,2,18.1,1,2015-16
22015,203917,Nik Stauskas,1610612755,PHI,Philadelphia 76ers,0021500405,2015-12-20,PHI @ CLE,L,12,0,0,,0,0,,0,0,,1,0,1,0,1,0,1,0,0,6,3.2,1,2015-16
22015,203960,JaKarr Sampson,1610612755,PHI,Philadelphia 76ers,0021500405,2015-12-20,PHI @ CLE,L,24,4,7,0.571,0,0,,2,4,0.5,1,6,7,2,0,0,1,1,10,-2,20.4,1,2015-16
22015,200782,P.J. Tucker,1610612756,PHX,Phoenix Suns,0021500406,2015-12-20,PHX vs. MIL,L,25,4,4,1.0,2,2,1.0,2,3,0.667,2,5,7,2,0,0,2,0,12,-5,21.4,1,2015-16
22015,203141,Mirza Teletovic,1610612756,PHX,Phoenix Suns,0021500406,2015-12-20,PHX vs. MIL,L,10,1,8,0.125,1,6,0.167,0,0,,0,4,4,1,0,0,1,1,3,0,8.3,1,2015-16
22015,203458,Alex Len,1610612756,PHX,Phoenix Suns,0021500406,2015-12-20,PHX vs. MIL,L,20,1,5,0.2,0,0,,0,0,,1,6,7,1,0,1,1,1,2,4,13.9,1,2015-16
22015,202334,Ed Davis,1610612757,POR,Portland Trail Blazers,0021500404,2015-12-20,POR @ MIA,L,17,2,4,0.5,0,0,,2,2,1.0,1,3,4,1,0,0,0,5,6,-6,12.3,1,2015-16
22015,201158,Marco Belinelli,1610612758,SAC,Sacramento Kings,0021500408,2015-12-20,SAC @ TOR,W,26,2,5,0.4,0,1,0.0,2,2,1.0,0,0,0,2,0,0,1,0,6,-15,8.0,1,2015-16
22015,202709,Cory Joseph,1610612761,TOR,Toronto Raptors,0021500408,2015-12-20,TOR vs. SAC,L,30,2,7,0.286,0,1,0.0,0,0,,0,1,1,3,0,1,0,0,4,-11,12.7,1,2015-16
22015,201143,Al Horford,1610612737,ATL,Atlanta Hawks,0021500407,2015-12-20,ATL @ ORL,W,30,7,15,0.467,0,3,0.0,0,0,,2,4,6,5,1,1,2,3,14,-7,32.7,1,2015-16
22015,201567,Kevin Love,1610612739,CLE,Cleveland Cavaliers,0021500405,2015-12-20,CLE vs. PHI,W,22,2,4,0.5,1,2,0.5,5,6,0.833,0,5,5,1,1,0,2,4,10,12,18.5,1,2015-16
22015,202389,Timofey Mozgov,1610612739,CLE,Cleveland Cavaliers,0021500405,2015-12-20,CLE vs. PHI,W,24,3,6,0.5,0,1,0.0,2,2,1.0,1,6,7,1,0,1,0,2,8,14,20.9,1,2015-16
22015,203076,Anthony Davis,1610612740,NOP,New Orleans Pelicans,0021500409,2015-12-20,NOP @ DEN,W,20,9,12,0.75,0,0,,9,9,1.0,0,6,6,1,0,4,1,1,27,11,46.7,1,2015-16
22015,2757,Beno Udrih,1610612748,MIA,Miami Heat,0021500404,2015-12-20,MIA vs. POR,W,20,0,3,0.0,0,1,0.0,2,2,1.0,0,1,1,2,0,0,1,0,2,11,5.2,1,2015-16
22015,1626159,Justise Winslow,1610612748,MIA,Miami Heat,0021500404,2015-12-20,MIA vs. POR,W,25,1,3,0.333,0,2,0.0,1,1,1.0,0,3,3,1,3,1,0,0,3,-3,20.1,1,2015-16
22015,201564,O.J. Mayo,1610612749,MIL,Milwaukee Bucks,0021500406,2015-12-20,MIL @ PHX,W,41,5,11,0.455,1,5,0.2,1,4,0.25,0,5,5,5,2,1,2,2,12,9,32.5,1,2015-16
22015,203897,Zach LaVine,1610612750,MIN,Minnesota Timberwolves,0021500403,2015-12-20,MIN @ BKN,W,22,4,10,0.4,0,2,0.0,2,2,1.0,1,3,4,4,0,0,1,1,10,-7,19.8,1,2015-16
22015,202388,Donald Sloan,1610612751,BKN,Brooklyn Nets,0021500403,2015-12-20,BKN vs. MIN,L,20,3,7,0.429,0,1,0.0,0,0,,0,3,3,4,1,0,0,1,6,-2,18.6,1,2015-16
22015,203095,Evan Fournier,1610612753,ORL,Orlando Magic,0021500407,2015-12-20,ORL vs. ATL,L,35,5,8,0.625,1,3,0.333,6,6,1.0,1,2,3,4,2,0,0,1,17,0,32.6,1,2015-16
22015,203486,Mason Plumlee,1610612757,POR,Portland Trail Blazers,0021500404,2015-12-20,POR @ MIA,L,31,3,5,0.6,0,1,0.0,5,7,0.714,4,3,7,2,0,0,5,4,11,-10,17.4,1,2015-16
22015,203463,Ben McLemore,1610612758,SAC,Sacramento Kings,0021500408,2015-12-20,SAC @ TOR,W,19,5,7,0.714,2,4,0.5,0,1,0.0,1,2,3,0,0,1,1,3,12,22,17.6,1,2015-16
22015,200768,Kyle Lowry,1610612761,TOR,Toronto Raptors,0021500408,2015-12-20,TOR vs. SAC,L,25,4,13,0.308,1,6,0.167,4,5,0.8,3,2,5,4,1,0,1,2,13,-8,27.0,1,2015-16
22015,203145,Kent Bazemore,1610612737,ATL,Atlanta Hawks,0021500413,2015-12-21,ATL vs. POR,W,29,4,10,0.4,2,6,0.333,2,2,1.0,1,6,7,1,1,0,0,2,12,4,24.9,1,2015-16
22015,203482,Kelly Olynyk,1610612738,BOS,Boston Celtics,0021500411,2015-12-21,BOS vs. MIN,W,29,7,10,0.7,3,3,1.0,2,4,0.5,2,3,5,1,0,1,1,3,19,5,28.5,1,2015-16
22015,1626175,Jordan Mickey,1610612738,BOS,Boston Celtics,0021500411,2015-12-21,BOS vs. MIN,W,1,1,1,1.0,0,0,,0,0,,0,0,0,0,0,0,0,0,2,-1,2.0,1,2015-16
22015,2550,Kirk Hinrich,1610612741,CHI,Chicago Bulls,0021500414,2015-12-21,CHI vs. BKN,L,12,1,2,0.5,1,2,0.5,0,0,,0,1,1,2,0,0,0,3,3,-3,7.2,1,2015-16
22015,1626171,Bobby Portis,1610612741,CHI,Chicago Bulls,0021500414,2015-12-21,CHI vs. BKN,L,14,3,9,0.333,0,1,0.0,0,0,,0,2,2,1,1,0,0,1,6,0,12.9,1,2015-16
22015,201935,James Harden,1610612745,HOU,Houston Rockets,0021500415,2015-12-21,HOU vs. CHA,W,35,9,16,0.563,2,7,0.286,16,19,0.842,1,4,5,7,0,1,4,4,36,-1,51.5,1,2015-16
22015,201977,Marcus Thornton,1610612745,HOU,Houston Rockets,0021500415,2015-12-21,HOU vs. CHA,W,14,4,7,0.571,2,4,0.5,3,4,0.75,0,1,1,1,1,0,2,2,13,17,16.7,1,2015-16
22015,101108,Chris Paul,1610612746,LAC,LA Clippers,0021500418,2015-12-21,LAC vs. OKC,L,36,11,19,0.579,4,6,0.667,6,6,1.0,1,4,5,10,2,0,2,3,32,-4,57.0,1,2015-16
22015,200755,JJ Redick,1610612746,LAC,LA Clippers,0021500418,2015-12-21,LAC vs. OKC,L,25,6,14,0.429,3,7,0.429,0,0,,0,4,4,2,0,0,2,1,15,-2,20.8,1,2015-16
22015,202325,Wesley Johnson,1610612746,LAC,LA Clippers,0021500418,2015-12-21,LAC vs. OKC,L,12,1,4,0.25,0,2,0.0,0,0,,1,0,1,1,0,0,0,0,2,7,4.7,1,2015-16
22015,2419,Tayshaun Prince,1610612750,MIN,Minnesota Timberwolves,0021500411,2015-12-21,MIN @ BOS,L,22,2,2,1.0,0,0,,0,0,,2,2,4,2,0,0,1,0,4,-17,10.8,1,2015-16
22015,204014,Damjan Rudez,1610612750,MIN,Minnesota Timberwolves,0021500411,2015-12-21,MIN @ BOS,L,10,0,0,,0,0,,0,0,,0,0,0,0,0,0,0,1,0,14,0.0,1,2015-16
22015,101127,Jarrett Jack,1610612751,BKN,Brooklyn Nets,0021500414,2015-12-21,BKN @ CHI,W,32,2,9,0.222,0,2,0.0,2,2,1.0,1,2,3,8,1,1,4,0,6,7,23.6,1,2015-16
22015,201152,Thaddeus Young,1610612751,BKN,Brooklyn Nets,0021500414,2015-12-21,BKN @ CHI,W,31,8,15,0.533,0,0,,0,0,,6,7,13,2,3,0,3,1,16,0,40.6,1,2015-16
22015,201941,Jordan Hill,1610612754,IND,Indiana Pacers,0021500416,2015-12-21,IND @ SAS,L,25,7,10,0.7,0,0,,1,2,0.5,5,4,9,1,0,0,0,1,15,-13,27.3,1,2015-16
22015,1626202,Joe Young,1610612754,IND,Indiana Pacers,0021500416,2015-12-21,IND @ SAS,L,2,1,2,0.5,0,0,,0,0,,0,0,0,0,1,0,0,0,2,2,5.0,1,2015-16
22015,2199,Tyson Chandler,1610612756,PHX,Phoenix Suns,0021500417,2015-12-21,PHX @ UTA,L,18,0,1,0.0,0,0,,1,2,0.5,0,3,3,0,1,0,1,0,1,-26,6.6,1,2015-16
22015,101179,Ronnie Price,1610612756,PHX,Phoenix Suns,0021500417,2015-12-21,PHX @ UTA,L,17,1,2,0.5,1,2,0.5,0,0,,1,1,2,0,2,0,1,3,3,-3,10.4,1,2015-16
22015,202688,Brandon Knight,1610612756,PHX,Phoenix Suns,0021500417,2015-12-21,PHX @ UTA,L,35,8,17,0.471,2,8,0.25,8,8,1.0,1,1,2,2,0,0,3,4,26,1,28.4,1,2015-16
22015,1626164,Devin Booker,1610612756,PHX,Phoenix Suns,0021500417,2015-12-21,PHX @ UTA,L,13,2,4,0.5,0,0,,2,2,1.0,0,0,0,0,0,0,1,2,6,-20,5.0,1,2015-16
22015,203086,Meyers Leonard,1610612757,POR,Portland Trail Blazers,0021500413,2015-12-21,POR @ ATL,L,23,2,7,0.286,0,1,0.0,1,1,1.0,1,2,3,1,0,1,0,3,5,-4,13.1,1,2015-16
22015,203943,Noah Vonleh,1610612757,POR,Portland Trail Blazers,0021500413,2015-12-21,POR @ ATL,L,13,2,3,0.667,0,0,,1,1,1.0,0,3,3,0,1,0,1,1,5,-4,10.6,1,2015-16
22015,1626146,Cliff Alexander,1610612757,POR,Portland Trail Blazers,0021500413,2015-12-21,POR @ ATL,L,1,0,0,,0,0,,0,0,,0,0,0,0,0,0,0,0,0,2,0.0,1,2015-16
22015,1626192,Pat Connaughton,1610612757,POR,Portland Trail Blazers,0021500413,2015-12-21,POR @ ATL,L,1,0,0,,0,0,,0,0,,0,0,0,0,0,0,0,1,0,-1,0.0,1,2015-16
22015,201956,Omri Casspi,1610612758,SAC,Sacramento Kings,0021500410,2015-12-21,SAC @ WAS,L,26,3,7,0.429,1,3,0.333,2,2,1.0,0,6,6,2,0,0,2,3,9,-6,17.2,1,2015-16
22015,203463,Ben McLemore,1610612758,SAC,Sacramento Kings,0021500410,2015-12-21,SAC @ WAS,L,24,3,6,0.5,1,1,1.0,2,2,1.0,2,4,6,0,1,0,1,0,9,-6,18.2,1,2015-16
22015,201980,Danny Green,1610612759,SAS,San Antonio Spurs,0021500416,2015-12-21,SAS vs. IND,W,26,1,7,0.143,1,5,0.2,0,0,,0,5,5,2,0,1,1,1,3,7,14.0,1,2015-16
22015,203613,Jonathon Simmons,1610612759,SAS,San Antonio Spurs,0021500416,2015-12-21,SAS vs. IND,W,11,3,4,0.75,1,1,1.0,0,0,,0,3,3,2,0,0,2,1,7,3,11.6,1,2015-16
22015,202407,Elijah Millsap,1610612762,UTA,Utah Jazz,0021500417,2015-12-21,UTA vs. PHX,W,10,1,4,0.25,0,2,0.0,1,2,0.5,0,2,2,1,0,0,0,0,3,-6,6.9,1,2015-16
22015,204060,Joe Ingles,1610612762,UTA,Utah Jazz,0021500417,2015-12-21,UTA vs. PHX,W,1,0,0,,0,0,,0,0,,0,1,1,0,0,0,0,0,0,-1,1.2,1,2015-16
22015,201587,Nicolas Batum,1610612766,CHA,Charlotte Hornets,0021500415,2015-12-21,CHA @ HOU,L,34,3,11,0.273,0,3,0.0,3,4,0.75,0,5,5,3,1,0,2,2,9,-12,20.5,1,2015-16
22015,203469,Cody Zeller,1610612766,CHA,Charlotte Hornets,0021500415,2015-12-21,CHA @ HOU,L,26,5,9,0.556,0,0,,0,0,,2,5,7,0,2,0,1,6,10,-3,23.4,1,2015-16
22015,2594,Kyle Korver,1610612737,ATL,Atlanta Hawks,0021500413,2015-12-21,ATL vs. POR,W,29,2,4,0.5,2,4,0.5,3,3,1.0,0,2,2,0,0,0,1,1,9,10,10.4,1,2015-16
22015,200757,Thabo Sefolosha,1610612737,ATL,Atlanta Hawks,0021500413,2015-12-21,ATL vs. POR,W,26,5,6,0.833,1,1,1.0,2,4,0.5,0,6,6,1,1,0,2,1,13,16,22.7,1,2015-16
22015,201168,Tiago Splitter,1610612737,ATL,Atlanta Hawks,0021500413,2015-12-21,ATL vs. POR,W,19,3,4,0.75,0,0,,2,2,1.0,1,2,3,2,2,0,0,1,8,19,20.6,1,2015-16
22015,201952,Jeff Teague,1610612737,ATL,Atlanta Hawks,0021500413,2015-12-21,ATL vs. POR,W,31,4,12,0.333,0,4,0.0,5,6,0.833,0,2,2,8,2,0,2,2,13,0,31.4,1,2015-16
22015,203118,Mike Scott,1610612737,ATL,Atlanta Hawks,0021500413,2015-12-21,ATL vs. POR,W,23,5,9,0.556,1,3,0.333,2,2,1.0,0,1,1,1,0,1,0,1,13,-5,18.7,1,2015-16
22015,203471,Dennis Schröder,1610612737,ATL,Atlanta Hawks,0021500413,2015-12-21,ATL vs. POR,W,17,7,10,0.7,3,4,0.75,1,2,0.5,0,1,1,3,1,0,1,1,18,11,25.7,1,2015-16
22015,201973,Jonas Jerebko,1610612738,BOS,Boston Celtics,0021500411,2015-12-21,BOS vs. MIN,W,25,4,7,0.571,3,3,1.0,1,2,0.5,2,5,7,3,0,0,1,0,12,1,23.9,1,2015-16
22015,202323,Evan Turner,1610612738,BOS,Boston Celtics,0021500411,2015-12-21,BOS vs. MIN,W,23,2,4,0.5,0,1,0.0,0,0,,0,1,1,10,0,0,3,3,4,6,17.2,1,2015-16
22015,202340,Avery Bradley,1610612738,BOS,Boston Celtics,0021500411,2015-12-21,BOS vs. MIN,W,30,5,14,0.357,2,6,0.333,1,1,1.0,1,2,3,1,1,1,2,0,13,20,22.1,1,2015-16
22015,203092,Tyler Zeller,1610612738,BOS,Boston Celtics,0021500411,2015-12-21,BOS vs. MIN,W,17,7,10,0.7,0,0,,0,0,,2,6,8,0,0,1,3,6,14,13,23.6,1,2015-16
22015,203109,Jae Crowder,1610612738,BOS,Boston Celtics,0021500411,2015-12-21,BOS vs. MIN,W,30,8,13,0.615,2,4,0.5,0,3,0.0,0,10,10,2,0,2,1,1,18,18,38.0,1,2015-16
22015,201565,Derrick Rose,1610612741,CHI,Chicago Bulls,0021500414,2015-12-21,CHI vs. BKN,L,33,3,11,0.273,1,3,0.333,1,2,0.5,1,3,4,5,2,0,3,1,8,-9,23.3,1,2015-16
22015,1891,Jason Terry,1610612745,HOU,Houston Rockets,0021500415,2015-12-21,HOU vs. CHA,W,21,1,4,0.25,0,3,0.0,0,0,,0,3,3,2,0,0,1,3,2,-9,7.6,1,2015-16
22015,201976,Patrick Beverley,1610612745,HOU,Houston Rockets,0021500415,2015-12-21,HOU vs. CHA,W,27,3,9,0.333,2,4,0.5,3,6,0.5,2,5,7,1,0,0,1,5,11,20,19.9,1,2015-16
22015,203093,Terrence Jones,1610612745,HOU,Houston Rockets,0021500415,2015-12-21,HOU vs. CHA,W,24,7,11,0.636,0,1,0.0,3,5,0.6,2,4,6,0,0,2,0,2,17,0,30.2,1,2015-16
22015,202332,Cole Aldrich,1610612746,LAC,LA Clippers,0021500418,2015-12-21,LAC vs. OKC,L,14,2,3,0.667,0,0,,1,2,0.5,0,4,4,0,3,2,1,0,5,6,23.8,1,2015-16
22015,202362,Lance Stephenson,1610612746,LAC,LA Clippers,0021500418,2015-12-21,LAC vs. OKC,L,20,5,7,0.714,0,2,0.0,0,0,,0,4,4,1,1,0,4,3,10,-2,15.3,1,2015-16
22015,1889,Andre Miller,1610612750,MIN,Minnesota Timberwolves,0021500411,2015-12-21,MIN @ BOS,L,3,0,1,0.0,0,0,,0,0,,0,0,0,1,0,0,0,1,0,2,1.5,1,2015-16
22015,201937,Ricky Rubio,1610612750,MIN,Minnesota Timberwolves,0021500411,2015-12-21,MIN @ BOS,L,33,1,9,0.111,0,2,0.0,2,4,0.5,0,2,2,8,4,0,2,2,4,-5,28.4,1,2015-16
22015,203476,Gorgui Dieng,1610612750,MIN,Minnesota Timberwolves,0021500411,2015-12-21,MIN @ BOS,L,30,6,12,0.5,0,0,,0,2,0.0,1,4,5,3,1,2,2,3,12,-22,29.5,1,2015-16
22015,203897,Zach LaVine,1610612750,MIN,Minnesota Timberwolves,0021500411,2015-12-21,MIN @ BOS,L,26,7,12,0.583,0,2,0.0,3,5,0.6,0,3,3,2,1,0,1,1,17,-13,25.6,1,2015-16
22015,2546,Carmelo Anthony,1610612752,NYK,New York Knicks,0021500412,2015-12-21,NYK vs. ORL,L,40,10,17,0.588,2,3,0.667,1,2,0.5,0,4,4,6,0,0,5,3,23,-9,31.8,1,2015-16
22015,201577,Robin Lopez,1610612752,NYK,New York Knicks,0021500412,2015-12-21,NYK vs. ORL,L,34,6,6,1.0,0,0,,0,0,,2,6,8,2,0,2,0,0,12,-8,30.6,1,2015-16
22015,202338,Kevin Seraphin,1610612752,NYK,New York Knicks,0021500412,2015-12-21,NYK vs. ORL,L,8,1,2,0.5,0,0,,0,0,,0,1,1,0,0,0,0,1,2,-5,3.2,1,2015-16
22015,204038,Langston Galloway,1610612752,NYK,New York Knicks,0021500412,2015-12-21,NYK vs. ORL,L,26,3,7,0.429,1,4,0.25,3,3,1.0,0,4,4,3,0,0,1,2,10,5,18.3,1,2015-16
22015,203894,Shabazz Napier,1610612753,ORL,Orlando Magic,0021500412,2015-12-21,ORL @ NYK,W,12,1,4,0.25,1,2,0.5,0,0,,0,2,2,6,0,0,1,1,3,2,13.4,1,2015-16
22015,101133,Ian Mahinmi,1610612754,IND,Indiana Pacers,0021500416,2015-12-21,IND @ SAS,L,24,4,6,0.667,0,0,,1,2,0.5,4,7,11,0,1,1,1,2,9,-7,27.2,1,2015-16
22015,201588,George Hill,1610612754,IND,Indiana Pacers,0021500416,2015-12-21,IND @ SAS,L,36,6,13,0.462,3,4,0.75,0,0,,0,2,2,1,1,0,2,3,15,-17,19.9,1,2015-16
22015,201978,Chase Budinger,1610612754,IND,Indiana Pacers,0021500416,2015-12-21,IND @ SAS,L,13,2,5,0.4,0,0,,0,0,,1,0,1,1,0,0,0,0,4,-2,6.7,1,2015-16
22015,200782,P.J. Tucker,1610612756,PHX,Phoenix Suns,0021500417,2015-12-21,PHX @ UTA,L,25,0,4,0.0,0,1,0.0,0,0,,0,5,5,2,0,0,0,3,0,4,9.0,1,2015-16
22015,202693,Markieff Morris,1610612756,PHX,Phoenix Suns,0021500417,2015-12-21,PHX @ UTA,L,21,2,7,0.286,0,2,0.0,0,0,,3,3,6,4,0,0,2,3,4,10,15.2,1,2015-16
22015,203486,Mason Plumlee,1610612757,POR,Portland Trail Blazers,0021500413,2015-12-21,POR @ ATL,L,27,3,3,1.0,0,0,,5,6,0.833,3,7,10,6,1,1,2,2,11,-2,36.0,1,2015-16
22015,200765,Rajon Rondo,1610612758,SAC,Sacramento Kings,0021500410,2015-12-21,SAC @ WAS,L,34,1,7,0.143,0,0,,0,0,,1,7,8,9,1,0,4,3,2,-12,24.1,1,2015-16
22015,201954,Darren Collison,1610612758,SAC,Sacramento Kings,0021500410,2015-12-21,SAC @ WAS,L,31,4,8,0.5,1,3,0.333,4,5,0.8,2,1,3,8,0,0,2,3,13,-4,26.6,1,2015-16
22015,202326,DeMarcus Cousins,1610612758,SAC,Sacramento Kings,0021500410,2015-12-21,SAC @ WAS,L,32,8,22,0.364,1,3,0.333,5,7,0.714,3,5,8,3,3,1,3,2,22,-18,45.1,1,2015-16
22015,2225,Tony Parker,1610612759,SAS,San Antonio Spurs,0021500416,2015-12-21,SAS vs. IND,W,28,7,12,0.583,1,1,1.0,0,0,,0,1,1,4,0,0,0,2,15,3,22.2,1,2015-16
22015,2561,David West,1610612759,SAS,San Antonio Spurs,0021500416,2015-12-21,SAS vs. IND,W,17,3,5,0.6,0,0,,1,1,1.0,0,5,5,1,0,2,1,1,7,5,19.5,1,2015-16
22015,200746,LaMarcus Aldridge,1610612759,SAS,San Antonio Spurs,0021500416,2015-12-21,SAS vs. IND,W,27,4,11,0.364,0,0,,2,2,1.0,3,6,9,1,3,1,0,2,10,5,34.3,1,2015-16
22015,2555,Nick Collison,1610612760,OKC,Oklahoma City Thunder,0021500418,2015-12-21,OKC @ LAC,W,9,1,1,1.0,0,0,,0,0,,2,4,6,2,0,0,1,3,2,-9,11.2,1,2015-16
22015,201586,Serge Ibaka,1610612760,OKC,Oklahoma City Thunder,0021500418,2015-12-21,OKC @ LAC,W,36,8,13,0.615,0,2,0.0,1,2,0.5,2,6,8,1,2,0,1,1,17,9,33.1,1,2015-16
22015,202683,Enes Freedom,1610612760,OKC,Oklahoma City Thunder,0021500418,2015-12-21,OKC @ LAC,W,15,2,5,0.4,0,0,,0,0,,0,3,3,0,0,0,2,1,4,2,5.6,1,2015-16
22015,202713,Kyle Singler,1610612760,OKC,Oklahoma City Thunder,0021500418,2015-12-21,OKC @ LAC,W,10,1,1,1.0,0,0,,0,0,,0,0,0,0,1,0,0,0,2,0,5.0,1,2015-16
22015,202344,Trevor Booker,1610612762,UTA,Utah Jazz,0021500417,2015-12-21,UTA vs. PHX,W,26,4,7,0.571,1,1,1.0,0,0,,5,3,8,2,2,0,1,4,9,-1,26.6,1,2015-16
22015,101162,Marcin Gortat,1610612764,WAS,Washington Wizards,0021500410,2015-12-21,WAS vs. SAC,W,37,12,19,0.632,0,0,,3,4,0.75,4,12,16,2,1,4,3,2,27,17,61.2,1,2015-16
22015,1626162,Kelly Oubre Jr.,1610612764,WAS,Washington Wizards,0021500410,2015-12-21,WAS vs. SAC,W,32,2,4,0.5,2,2,1.0,2,2,1.0,0,6,6,2,1,0,1,4,8,-4,20.2,1,2015-16
22015,101107,Marvin Williams,1610612766,CHA,Charlotte Hornets,0021500415,2015-12-21,CHA @ HOU,L,26,2,9,0.222,2,5,0.4,6,6,1.0,2,4,6,0,0,1,0,3,12,-8,22.2,1,2015-16
22015,201150,Spencer Hawes,1610612766,CHA,Charlotte Hornets,0021500415,2015-12-21,CHA @ HOU,L,21,1,5,0.2,1,2,0.5,0,0,,0,1,1,2,3,1,1,3,3,-2,18.2,1,2015-16
22015,203087,Jeremy Lamb,1610612766,CHA,Charlotte Hornets,0021500415,2015-12-21,CHA @ HOU,L,19,3,9,0.333,1,5,0.2,3,3,1.0,1,1,2,3,0,0,0,0,10,-4,16.9,1,2015-16
22015,200794,Paul Millsap,1610612737,ATL,Atlanta Hawks,0021500413,2015-12-21,ATL vs. POR,W,25,3,9,0.333,0,2,0.0,6,7,0.857,0,6,6,1,1,0,2,2,12,14,21.7,1,2015-16
22015,201143,Al Horford,1610612737,ATL,Atlanta Hawks,0021500413,2015-12-21,ATL vs. POR,W,24,3,9,0.333,0,2,0.0,0,0,,0,2,2,3,0,0,2,4,6,-6,10.9,1,2015-16
22015,1626154,RJ Hunter,1610612738,BOS,Boston Celtics,0021500411,2015-12-21,BOS vs. MIN,W,19,3,8,0.375,1,5,0.2,0,0,,0,1,1,1,1,3,1,2,7,0,20.7,1,2015-16
22015,2200,Pau Gasol,1610612741,CHI,Chicago Bulls,0021500414,2015-12-21,CHI vs. BKN,L,33,8,16,0.5,0,0,,4,6,0.667,2,7,9,3,0,2,3,2,20,-6,38.3,1,2015-16
22015,201149,Joakim Noah,1610612741,CHI,Chicago Bulls,0021500414,2015-12-21,CHI vs. BKN,L,16,2,4,0.5,0,0,,0,0,,3,5,8,8,0,2,0,3,4,1,31.6,1,2015-16
22015,201166,Aaron Brooks,1610612741,CHI,Chicago Bulls,0021500414,2015-12-21,CHI vs. BKN,L,14,3,6,0.5,2,4,0.5,0,0,,0,0,0,2,1,0,1,1,8,6,13.0,1,2015-16
22015,202710,Jimmy Butler III,1610612741,CHI,Chicago Bulls,0021500414,2015-12-21,CHI vs. BKN,L,38,11,20,0.55,1,6,0.167,1,3,0.333,1,2,3,4,1,1,2,1,24,-6,37.6,1,2015-16
22015,201599,DeAndre Jordan,1610612746,LAC,LA Clippers,0021500418,2015-12-21,LAC vs. OKC,L,34,3,3,1.0,0,0,,2,4,0.5,2,8,10,0,0,1,1,1,8,-9,22.0,1,2015-16
22015,203143,Pablo Prigioni,1610612746,LAC,LA Clippers,0021500418,2015-12-21,LAC vs. OKC,L,12,1,2,0.5,0,1,0.0,0,0,,1,0,1,2,1,0,0,0,2,3,9.2,1,2015-16
22015,2755,Kevin Martin,1610612750,MIN,Minnesota Timberwolves,0021500411,2015-12-21,MIN @ BOS,L,19,1,6,0.167,1,1,1.0,0,0,,0,0,0,0,1,1,0,2,3,-2,9.0,1,2015-16
22015,203940,Adreian Payne,1610612750,MIN,Minnesota Timberwolves,0021500411,2015-12-21,MIN @ BOS,L,8,0,1,0.0,0,1,0.0,0,0,,0,2,2,1,1,0,0,1,0,-5,6.9,1,2015-16
22015,1626157,Karl-Anthony Towns,1610612750,MIN,Minnesota Timberwolves,0021500411,2015-12-21,MIN @ BOS,L,35,8,14,0.571,0,1,0.0,9,9,1.0,3,13,16,2,1,3,2,4,25,-8,57.2,1,2015-16
22015,200745,Andrea Bargnani,1610612751,BKN,Brooklyn Nets,0021500414,2015-12-21,BKN @ CHI,W,19,3,8,0.375,0,2,0.0,2,3,0.667,0,5,5,1,0,0,1,1,8,2,14.5,1,2015-16
22015,101181,Jose Calderon,1610612752,NYK,New York Knicks,0021500412,2015-12-21,NYK vs. ORL,L,18,1,3,0.333,0,2,0.0,2,2,1.0,1,1,2,2,1,0,2,2,4,-6,10.4,1,2015-16
22015,202498,Lance Thomas,1610612752,NYK,New York Knicks,0021500412,2015-12-21,NYK vs. ORL,L,27,9,9,1.0,3,3,1.0,3,3,1.0,1,1,2,2,1,0,3,0,24,-7,29.4,1,2015-16
22015,204001,Kristaps Porziņģis,1610612752,NYK,New York Knicks,0021500412,2015-12-21,NYK vs. ORL,L,25,3,12,0.25,1,6,0.167,2,2,1.0,2,6,8,1,0,4,2,1,9,2,30.1,1,2015-16
22015,1626170,Jerian Grant,1610612752,NYK,New York Knicks,0021500412,2015-12-21,NYK vs. ORL,L,14,2,5,0.4,0,0,,2,2,1.0,1,1,2,1,2,0,0,1,6,-3,15.9,1,2015-16
22015,201160,Jason Smith,1610612753,ORL,Orlando Magic,0021500412,2015-12-21,ORL @ NYK,W,27,1,3,0.333,0,1,0.0,0,0,,3,3,6,0,0,0,2,1,2,0,7.2,1,2015-16
22015,202696,Nikola Vučević,1610612753,ORL,Orlando Magic,0021500412,2015-12-21,ORL @ NYK,W,36,13,19,0.684,0,0,,0,0,,2,7,9,2,0,1,1,2,26,6,41.8,1,2015-16
22015,203094,Andrew Nicholson,1610612753,ORL,Orlando Magic,0021500412,2015-12-21,ORL @ NYK,W,12,2,8,0.25,1,2,0.5,0,0,,0,1,1,0,0,0,0,1,5,2,6.2,1,2015-16
22015,203095,Evan Fournier,1610612753,ORL,Orlando Magic,0021500412,2015-12-21,ORL @ NYK,W,32,6,14,0.429,3,6,0.5,1,2,0.5,1,5,6,1,3,0,1,3,16,8,32.7,1,2015-16
22015,203901,Elfrid Payton,1610612753,ORL,Orlando Magic,0021500412,2015-12-21,ORL @ NYK,W,10,2,3,0.667,0,0,,1,1,1.0,0,0,0,3,0,0,0,0,5,1,9.5,1,2015-16
22015,1626209,Mario Hezonja,1610612753,ORL,Orlando Magic,0021500412,2015-12-21,ORL @ NYK,W,19,5,8,0.625,1,4,0.25,0,0,,1,0,1,3,0,1,2,2,11,-1,17.7,1,2015-16
22015,203524,Solomon Hill,1610612754,IND,Indiana Pacers,0021500416,2015-12-21,IND @ SAS,L,2,0,1,0.0,0,0,,0,0,,0,1,1,0,0,0,0,0,0,2,1.2,1,2015-16
22015,203922,Glenn Robinson III,1610612754,IND,Indiana Pacers,0021500416,2015-12-21,IND @ SAS,L,2,0,0,,0,0,,0,0,,0,0,0,0,0,0,0,0,0,2,0.0,1,2015-16
22015,203141,Mirza Teletovic,1610612756,PHX,Phoenix Suns,0021500417,2015-12-21,PHX @ UTA,L,21,5,6,0.833,3,4,0.75,4,4,1.0,0,7,7,0,0,0,1,3,17,1,24.4,1,2015-16
22015,202329,Al-Farouq Aminu,1610612757,POR,Portland Trail Blazers,0021500413,2015-12-21,POR @ ATL,L,26,3,8,0.375,1,2,0.5,0,0,,2,7,9,1,0,0,3,3,7,-4,16.3,1,2015-16
22015,203090,Maurice Harkless,1610612757,POR,Portland Trail Blazers,0021500413,2015-12-21,POR @ ATL,L,23,6,10,0.6,2,6,0.333,0,0,,0,3,3,1,1,0,2,1,14,-10,20.1,1,2015-16
22015,204025,Tim Frazier,1610612757,POR,Portland Trail Blazers,0021500413,2015-12-21,POR @ ATL,L,48,5,15,0.333,0,4,0.0,2,3,0.667,2,5,7,7,2,1,5,5,12,-6,34.9,1,2015-16
22015,2406,Caron Butler,1610612758,SAC,Sacramento Kings,0021500410,2015-12-21,SAC @ WAS,L,6,2,3,0.667,0,0,,0,0,,0,2,2,1,0,0,0,2,4,3,7.9,1,2015-16
22015,201585,Kosta Koufos,1610612758,SAC,Sacramento Kings,0021500410,2015-12-21,SAC @ WAS,L,19,3,6,0.5,0,0,,0,0,,2,3,5,0,0,1,1,2,6,0,14.0,1,2015-16
22015,201142,Kevin Durant,1610612760,OKC,Oklahoma City Thunder,0021500418,2015-12-21,OKC @ LAC,W,38,10,24,0.417,1,7,0.143,3,4,0.75,1,8,9,7,2,2,2,1,24,6,55.3,1,2015-16
22015,201566,Russell Westbrook,1610612760,OKC,Oklahoma City Thunder,0021500418,2015-12-21,OKC @ LAC,W,37,11,25,0.44,2,5,0.4,9,11,0.818,1,4,5,7,3,0,1,4,33,8,57.5,1,2015-16
22015,203460,Andre Roberson,1610612760,OKC,Oklahoma City Thunder,0021500418,2015-12-21,OKC @ LAC,W,15,1,1,1.0,0,0,,0,0,,0,0,0,0,1,0,0,0,2,-8,5.0,1,2015-16
22015,203500,Steven Adams,1610612760,OKC,Oklahoma City Thunder,0021500418,2015-12-21,OKC @ LAC,W,26,2,6,0.333,0,0,,2,2,1.0,4,7,11,0,0,1,1,3,6,0,21.2,1,2015-16
22015,202324,Derrick Favors,1610612762,UTA,Utah Jazz,0021500417,2015-12-21,UTA vs. PHX,W,33,6,12,0.5,0,0,,6,8,0.75,4,5,9,2,0,2,3,3,18,32,34.8,1,2015-16
22015,2743,Kris Humphries,1610612764,WAS,Washington Wizards,0021500410,2015-12-21,WAS vs. SAC,W,17,4,7,0.571,3,3,1.0,4,4,1.0,0,1,1,0,0,1,0,2,15,-6,19.2,1,2015-16
22015,203798,PJ Hairston,1610612766,CHA,Charlotte Hornets,0021500415,2015-12-21,CHA @ HOU,L,20,2,12,0.167,2,9,0.222,1,2,0.5,2,0,2,0,1,0,0,3,7,-1,12.4,1,2015-16
22015,101135,David Lee,1610612738,BOS,Boston Celtics,0021500411,2015-12-21,BOS vs. MIN,W,22,5,11,0.455,0,0,,3,4,0.75,5,3,8,3,0,1,3,3,13,7,27.1,1,2015-16
22015,202738,Isaiah Thomas,1610612738,BOS,Boston Celtics,0021500411,2015-12-21,BOS vs. MIN,W,35,3,9,0.333,0,2,0.0,2,2,1.0,0,7,7,12,4,0,1,1,8,4,45.4,1,2015-16
22015,1626179,Terry Rozier,1610612738,BOS,Boston Celtics,0021500411,2015-12-21,BOS vs. MIN,W,1,0,1,0.0,0,0,,0,0,,0,0,0,1,0,0,0,1,0,-1,1.5,1,2015-16
22015,201959,Taj Gibson,1610612741,CHI,Chicago Bulls,0021500414,2015-12-21,CHI vs. BKN,L,33,5,9,0.556,0,0,,0,0,,6,3,9,4,0,1,1,2,10,-2,28.8,1,2015-16
22015,203926,Doug McDermott,1610612741,CHI,Chicago Bulls,0021500414,2015-12-21,CHI vs. BKN,L,25,4,9,0.444,3,6,0.5,0,0,,1,4,5,2,0,0,2,1,11,8,18.0,1,2015-16
22015,2730,Dwight Howard,1610612745,HOU,Houston Rockets,0021500415,2015-12-21,HOU vs. CHA,W,27,4,5,0.8,0,0,,1,3,0.333,1,8,9,0,0,1,5,6,9,-5,17.8,1,2015-16
22015,201147,Corey Brewer,1610612745,HOU,Houston Rockets,0021500415,2015-12-21,HOU vs. CHA,W,19,0,3,0.0,0,2,0.0,0,0,,0,3,3,3,1,0,1,3,0,5,10.1,1,2015-16
22015,203991,Clint Capela,1610612745,HOU,Houston Rockets,0021500415,2015-12-21,HOU vs. CHA,W,20,1,3,0.333,0,0,,1,2,0.5,2,6,8,0,0,0,1,5,3,-1,11.6,1,2015-16
22015,201601,Luc Mbah a Moute,1610612746,LAC,LA Clippers,0021500418,2015-12-21,LAC vs. OKC,L,27,1,4,0.25,0,1,0.0,0,0,,4,4,8,0,0,0,2,1,2,1,9.6,1,2015-16
22015,202357,Nemanja Bjelica,1610612750,MIN,Minnesota Timberwolves,0021500411,2015-12-21,MIN @ BOS,L,5,0,1,0.0,0,1,0.0,0,0,,0,0,0,1,0,0,1,0,0,5,0.5,1,2015-16
22015,203498,Shabazz Muhammad,1610612750,MIN,Minnesota Timberwolves,0021500411,2015-12-21,MIN @ BOS,L,16,3,4,0.75,0,1,0.0,2,2,1.0,0,1,1,0,0,0,0,0,8,-15,9.2,1,2015-16
22015,201572,Brook Lopez,1610612751,BKN,Brooklyn Nets,0021500414,2015-12-21,BKN @ CHI,W,35,8,18,0.444,0,0,,5,6,0.833,3,9,12,2,2,3,3,3,21,6,50.4,1,2015-16
22015,201167,Arron Afflalo,1610612752,NYK,New York Knicks,0021500412,2015-12-21,NYK vs. ORL,L,33,2,8,0.25,0,3,0.0,0,0,,2,3,5,3,0,0,1,2,4,-12,13.5,1,2015-16
22015,202699,Tobias Harris,1610612753,ORL,Orlando Magic,0021500412,2015-12-21,ORL @ NYK,W,37,7,14,0.5,3,6,0.5,3,3,1.0,0,3,3,1,3,0,0,4,20,6,34.1,1,2015-16
22015,203932,Aaron Gordon,1610612753,ORL,Orlando Magic,0021500412,2015-12-21,ORL @ NYK,W,11,0,1,0.0,0,0,,0,0,,0,2,2,1,2,0,0,1,0,2,9.9,1,2015-16
22015,201155,Rodney Stuckey,1610612754,IND,Indiana Pacers,0021500416,2015-12-21,IND @ SAS,L,27,6,11,0.545,2,4,0.5,2,3,0.667,0,4,4,4,0,0,3,0,16,-8,23.8,1,2015-16
22015,202331,Paul George,1610612754,IND,Indiana Pacers,0021500416,2015-12-21,IND @ SAS,L,35,1,14,0.071,1,5,0.2,4,5,0.8,0,7,7,6,2,0,6,1,7,-12,24.4,1,2015-16
22015,202339,Eric Bledsoe,1610612756,PHX,Phoenix Suns,0021500417,2015-12-21,PHX @ UTA,L,26,2,10,0.2,0,2,0.0,4,4,1.0,0,2,2,3,0,0,0,2,8,-36,14.9,1,2015-16
22015,202720,Jon Leuer,1610612756,PHX,Phoenix Suns,0021500417,2015-12-21,PHX @ UTA,L,16,3,9,0.333,0,2,0.0,0,0,,1,4,5,0,0,0,1,1,6,-24,11.0,1,2015-16
22015,203458,Alex Len,1610612756,PHX,Phoenix Suns,0021500417,2015-12-21,PHX @ UTA,L,17,2,6,0.333,0,0,,1,2,0.5,1,2,3,0,0,0,2,3,5,-1,6.6,1,2015-16
22015,1495,Tim Duncan,1610612759,SAS,San Antonio Spurs,0021500416,2015-12-21,SAS vs. IND,W,23,3,6,0.5,0,0,,1,1,1.0,1,4,5,3,2,2,1,3,7,1,28.5,1,2015-16
22015,2446,Rasual Butler,1610612759,SAS,San Antonio Spurs,0021500416,2015-12-21,SAS vs. IND,W,2,0,1,0.0,0,0,,0,0,,0,0,0,0,0,0,0,0,0,-2,0.0,1,2015-16
22015,201988,Patty Mills,1610612759,SAS,San Antonio Spurs,0021500416,2015-12-21,SAS vs. IND,W,20,4,8,0.5,1,4,0.25,1,2,0.5,0,0,0,4,0,0,0,1,10,11,16.0,1,2015-16
22015,1626246,Boban Marjanovic,1610612759,SAS,San Antonio Spurs,0021500416,2015-12-21,SAS vs. IND,W,2,1,1,1.0,0,0,,0,0,,0,2,2,0,0,1,0,0,2,-2,7.4,1,2015-16
22015,201627,Anthony Morrow,1610612760,OKC,Oklahoma City Thunder,0021500418,2015-12-21,OKC @ LAC,W,5,0,0,,0,0,,0,0,,0,0,0,0,1,0,0,1,0,-2,3.0,1,2015-16
22015,202330,Gordon Hayward,1610612762,UTA,Utah Jazz,0021500417,2015-12-21,UTA vs. PHX,W,36,8,16,0.5,2,9,0.222,6,6,1.0,0,3,3,4,2,1,1,1,24,24,41.6,1,2015-16
22015,201162,Jared Dudley,1610612764,WAS,Washington Wizards,0021500410,2015-12-21,WAS vs. SAC,W,41,5,8,0.625,3,5,0.6,0,0,,0,4,4,3,1,0,2,2,13,17,23.3,1,2015-16
22015,201196,Ramon Sessions,1610612764,WAS,Washington Wizards,0021500410,2015-12-21,WAS vs. SAC,W,31,7,13,0.538,0,1,0.0,1,2,0.5,0,4,4,2,0,0,0,2,15,6,22.8,1,2015-16
22015,201971,DeJuan Blair,1610612764,WAS,Washington Wizards,0021500410,2015-12-21,WAS vs. SAC,W,1,0,0,,0,0,,0,0,,0,0,0,0,0,0,0,0,0,0,0.0,1,2015-16
22015,202391,Jeremy Lin,1610612766,CHA,Charlotte Hornets,0021500415,2015-12-21,CHA @ HOU,L,22,4,6,0.667,1,3,0.333,4,7,0.571,1,0,1,5,0,0,1,5,13,-3,20.7,1,2015-16
22015,202689,Kemba Walker,1610612766,CHA,Charlotte Hornets,0021500415,2015-12-21,CHA @ HOU,L,41,3,10,0.3,2,6,0.333,6,6,1.0,1,4,5,6,0,0,4,5,14,-4,25.0,1,2015-16
22015,203584,Troy Daniels,1610612766,CHA,Charlotte Hornets,0021500415,2015-12-21,CHA @ HOU,L,2,1,2,0.5,1,2,0.5,0,0,,0,0,0,0,0,0,1,0,3,1,2.0,1,2015-16
22015,1626163,Frank Kaminsky,1610612766,CHA,Charlotte Hornets,0021500415,2015-12-21,CHA @ HOU,L,23,4,8,0.5,2,5,0.4,2,3,0.667,0,5,5,0,0,1,0,0,12,-1,21.0,1,2015-16
22015,203488,Mike Muscala,1610612737,ATL,Atlanta Hawks,0021500413,2015-12-21,ATL vs. POR,W,5,0,1,0.0,0,1,0.0,0,0,,0,1,1,0,0,0,0,1,0,-7,1.2,1,2015-16
22015,203934,Lamar Patterson,1610612737,ATL,Atlanta Hawks,0021500413,2015-12-21,ATL vs. POR,W,12,1,3,0.333,0,2,0.0,0,0,,0,0,0,1,0,0,0,1,2,-11,3.5,1,2015-16
22015,2772,Trevor Ariza,1610612745,HOU,Houston Rockets,0021500415,2015-12-21,HOU vs. CHA,W,31,2,6,0.333,1,5,0.2,0,0,,0,3,3,0,1,0,3,2,5,1,8.6,1,2015-16
22015,202700,Donatas Motiejunas,1610612745,HOU,Houston Rockets,0021500415,2015-12-21,HOU vs. CHA,W,23,2,7,0.286,0,2,0.0,2,2,1.0,1,3,4,4,0,0,1,1,6,8,15.8,1,2015-16
22015,2037,Jamal Crawford,1610612746,LAC,LA Clippers,0021500418,2015-12-21,LAC vs. OKC,L,24,4,10,0.4,0,2,0.0,0,0,,1,0,1,0,0,0,0,3,8,0,9.2,1,2015-16
22015,201933,Blake Griffin,1610612746,LAC,LA Clippers,0021500418,2015-12-21,LAC vs. OKC,L,36,7,21,0.333,0,1,0.0,1,2,0.5,0,7,7,5,0,0,1,3,15,-5,29.9,1,2015-16
22015,203952,Andrew Wiggins,1610612750,MIN,Minnesota Timberwolves,0021500411,2015-12-21,MIN @ BOS,L,34,8,17,0.471,1,4,0.25,9,10,0.9,0,3,3,0,0,0,3,4,26,-4,26.6,1,2015-16
22015,201961,Wayne Ellington,1610612751,BKN,Brooklyn Nets,0021500414,2015-12-21,BKN @ CHI,W,28,5,9,0.556,3,5,0.6,0,0,,0,4,4,2,1,0,0,1,13,-14,23.8,1,2015-16
22015,202388,Donald Sloan,1610612751,BKN,Brooklyn Nets,0021500414,2015-12-21,BKN @ CHI,W,17,3,7,0.429,0,1,0.0,0,0,,1,3,4,6,0,0,2,1,6,1,17.8,1,2015-16
22015,202711,Bojan Bogdanovic,1610612751,BKN,Brooklyn Nets,0021500414,2015-12-21,BKN @ CHI,W,27,5,8,0.625,2,4,0.5,0,0,,1,1,2,0,0,0,0,1,12,14,14.4,1,2015-16
22015,2756,Sasha Vujacic,1610612752,NYK,New York Knicks,0021500412,2015-12-21,NYK vs. ORL,L,5,0,2,0.0,0,1,0.0,0,0,,0,1,1,1,1,0,1,0,0,0,4.7,1,2015-16
22015,202682,Derrick Williams,1610612752,NYK,New York Knicks,0021500412,2015-12-21,NYK vs. ORL,L,10,2,5,0.4,0,2,0.0,1,2,0.5,0,2,2,0,0,0,0,2,5,3,7.4,1,2015-16
22015,101139,CJ Miles,1610612754,IND,Indiana Pacers,0021500416,2015-12-21,IND @ SAS,L,18,4,9,0.444,1,5,0.2,0,0,,0,2,2,1,0,0,1,3,9,-15,11.9,1,2015-16
22015,101145,Monta Ellis,1610612754,IND,Indiana Pacers,0021500416,2015-12-21,IND @ SAS,L,29,3,10,0.3,0,1,0.0,0,0,,1,2,3,6,0,1,0,2,6,-6,21.6,1,2015-16
22015,202730,Lavoy Allen,1610612754,IND,Indiana Pacers,0021500416,2015-12-21,IND @ SAS,L,28,4,9,0.444,0,0,,1,3,0.333,2,6,8,1,0,1,1,3,9,4,22.1,1,2015-16
22015,203462,Archie Goodwin,1610612756,PHX,Phoenix Suns,0021500417,2015-12-21,PHX @ UTA,L,10,2,4,0.5,0,1,0.0,0,0,,0,2,2,1,0,0,0,1,4,7,7.9,1,2015-16
22015,203933,T.J. Warren,1610612756,PHX,Phoenix Suns,0021500417,2015-12-21,PHX @ UTA,L,21,4,9,0.444,1,2,0.5,0,0,,2,1,3,0,0,0,1,1,9,-18,11.6,1,2015-16
22015,201945,Gerald Henderson,1610612757,POR,Portland Trail Blazers,0021500413,2015-12-21,POR @ ATL,L,26,3,11,0.273,1,6,0.167,5,6,0.833,1,2,3,4,0,0,2,2,12,-5,19.6,1,2015-16
22015,202334,Ed Davis,1610612757,POR,Portland Trail Blazers,0021500413,2015-12-21,POR @ ATL,L,20,4,4,1.0,0,0,,0,0,,4,4,8,2,0,0,1,1,8,-7,19.6,1,2015-16
22015,1626242,Luis Montero,1610612757,POR,Portland Trail Blazers,0021500413,2015-12-21,POR @ ATL,L,1,2,2,1.0,0,0,,0,0,,0,0,0,0,0,0,0,0,4,2,4.0,1,2015-16
22015,203552,Seth Curry,1610612758,SAC,Sacramento Kings,0021500410,2015-12-21,SAC @ WAS,L,11,1,3,0.333,0,1,0.0,1,1,1.0,0,1,1,0,1,0,1,0,3,-8,6.2,1,2015-16
22015,1938,Manu Ginobili,1610612759,SAS,San Antonio Spurs,0021500416,2015-12-21,SAS vs. IND,W,20,3,6,0.5,1,2,0.5,0,0,,0,0,0,4,0,0,0,0,7,9,13.0,1,2015-16
22015,202695,Kawhi Leonard,1610612759,SAS,San Antonio Spurs,0021500416,2015-12-21,SAS vs. IND,W,35,10,19,0.526,1,6,0.167,3,3,1.0,1,5,6,5,3,0,0,2,24,11,47.7,1,2015-16
22015,201571,D.J. Augustin,1610612760,OKC,Oklahoma City Thunder,0021500418,2015-12-21,OKC @ LAC,W,14,0,2,0.0,0,0,,1,1,1.0,0,0,0,1,0,1,1,1,1,-8,4.5,1,2015-16
22015,202692,Alec Burks,1610612762,UTA,Utah Jazz,0021500417,2015-12-21,UTA vs. PHX,W,20,3,7,0.429,1,1,1.0,6,9,0.667,0,2,2,0,0,0,2,3,13,1,13.4,1,2015-16
22015,203187,Chris Johnson,1610612762,UTA,Utah Jazz,0021500417,2015-12-21,UTA vs. PHX,W,2,1,1,1.0,1,1,1.0,0,0,,0,0,0,0,0,0,0,0,3,-2,3.0,1,2015-16
22015,203481,Jeff Withey,1610612762,UTA,Utah Jazz,0021500417,2015-12-21,UTA vs. PHX,W,11,0,2,0.0,0,0,,0,0,,0,4,4,0,0,2,0,1,0,-4,10.8,1,2015-16
22015,203918,Rodney Hood,1610612762,UTA,Utah Jazz,0021500417,2015-12-21,UTA vs. PHX,W,35,3,8,0.375,2,4,0.5,6,8,0.75,0,4,4,1,3,1,0,2,14,33,32.3,1,2015-16
22015,202066,Garrett Temple,1610612764,WAS,Washington Wizards,0021500410,2015-12-21,WAS vs. SAC,W,42,8,17,0.471,5,10,0.5,2,2,1.0,0,5,5,3,2,0,0,4,23,13,39.5,1,2015-16
22015,202322,John Wall,1610612764,WAS,Washington Wizards,0021500410,2015-12-21,WAS vs. SAC,W,39,4,15,0.267,1,3,0.333,3,3,1.0,0,2,2,19,4,0,5,3,12,27,49.9,1,2015-16
22015,203923,James Young,1610612738,BOS,Boston Celtics,0021500411,2015-12-21,BOS vs. MIN,W,7,1,1,1.0,1,1,1.0,0,0,,0,0,0,0,0,0,0,2,3,-2,3.0,1,2015-16
22015,202703,Nikola Mirotic,1610612741,CHI,Chicago Bulls,0021500414,2015-12-21,CHI vs. BKN,L,22,3,9,0.333,1,4,0.25,1,2,0.5,1,3,4,1,3,2,1,0,8,-4,28.3,1,2015-16
22015,2207,Joe Johnson,1610612751,BKN,Brooklyn Nets,0021500414,2015-12-21,BKN @ CHI,W,37,5,15,0.333,2,6,0.333,0,0,,0,3,3,5,2,0,0,3,12,2,29.1,1,2015-16
22015,203186,Willie Reed,1610612751,BKN,Brooklyn Nets,0021500414,2015-12-21,BKN @ CHI,W,13,4,5,0.8,0,0,,3,3,1.0,3,2,5,0,0,0,1,2,11,-3,16.0,1,2015-16
22015,101112,Channing Frye,1610612753,ORL,Orlando Magic,0021500412,2015-12-21,ORL @ NYK,W,21,3,5,0.6,1,1,1.0,0,0,,1,0,1,0,0,1,0,1,7,8,11.2,1,2015-16
22015,203506,Victor Oladipo,1610612753,ORL,Orlando Magic,0021500412,2015-12-21,ORL @ NYK,W,24,4,7,0.571,0,0,,4,5,0.8,0,2,2,2,0,0,2,1,12,6,15.4,1,2015-16
22015,203459,Allen Crabbe,1610612757,POR,Portland Trail Blazers,0021500413,2015-12-21,POR @ ATL,L,32,8,18,0.444,1,5,0.2,2,5,0.4,1,3,4,2,0,1,2,1,19,-6,27.8,1,2015-16
22015,200752,Rudy Gay,1610612758,SAC,Sacramento Kings,0021500410,2015-12-21,SAC @ WAS,L,34,6,17,0.353,0,3,0.0,4,5,0.8,3,4,7,0,2,1,0,0,16,-18,33.4,1,2015-16
22015,201158,Marco Belinelli,1610612758,SAC,Sacramento Kings,0021500410,2015-12-21,SAC @ WAS,L,23,6,12,0.5,3,8,0.375,0,0,,0,0,0,1,0,0,1,1,15,-1,15.5,1,2015-16
22015,2564,Boris Diaw,1610612759,SAS,San Antonio Spurs,0021500416,2015-12-21,SAS vs. IND,W,25,7,9,0.778,0,1,0.0,0,0,,2,6,8,1,0,0,4,1,14,21,21.1,1,2015-16
22015,203937,Kyle Anderson,1610612759,SAS,San Antonio Spurs,0021500416,2015-12-21,SAS vs. IND,W,4,0,0,,0,0,,0,0,,0,1,1,0,0,0,0,0,0,-2,1.2,1,2015-16
22015,203079,Dion Waiters,1610612760,OKC,Oklahoma City Thunder,0021500418,2015-12-21,OKC @ LAC,W,35,4,7,0.571,1,3,0.333,0,0,,0,2,2,3,0,0,2,1,9,7,13.9,1,2015-16
22015,203504,Trey Burke,1610612762,UTA,Utah Jazz,0021500417,2015-12-21,UTA vs. PHX,W,22,4,10,0.4,1,4,0.25,2,2,1.0,0,3,3,2,0,0,1,1,11,-10,16.6,1,2015-16
22015,203526,Raul Neto,1610612762,UTA,Utah Jazz,0021500417,2015-12-21,UTA vs. PHX,W,20,4,8,0.5,1,3,0.333,0,0,,1,3,4,3,1,0,2,1,9,22,19.3,1,2015-16
22015,1626168,Trey Lyles,1610612762,UTA,Utah Jazz,0021500417,2015-12-21,UTA vs. PHX,W,25,2,4,0.5,0,0,,2,2,1.0,1,6,7,1,0,0,0,0,6,17,15.9,1,2015-16
22015,203148,Brian Roberts,1610612766,CHA,Charlotte Hornets,0021500415,2015-12-21,CHA @ HOU,L,6,1,2,0.5,0,1,0.0,0,0,,0,1,1,1,1,0,1,0,2,2,6.7,1,2015-16
22015,2585,Zaza Pachulia,1610612742,DAL,Dallas Mavericks,0021500421,2015-12-22,DAL @ TOR,L,18,3,6,0.5,0,0,,1,1,1.0,0,3,3,2,1,1,0,3,7,-4,19.6,1,2015-16
22015,101114,Deron Williams,1610612742,DAL,Dallas Mavericks,0021500421,2015-12-22,DAL @ TOR,L,23,2,7,0.286,0,1,0.0,3,3,1.0,0,2,2,6,0,0,0,0,7,-9,18.4,1,2015-16
22015,203098,John Jenkins,1610612742,DAL,Dallas Mavericks,0021500421,2015-12-22,DAL @ TOR,L,9,1,3,0.333,0,1,0.0,0,0,,1,2,3,1,0,0,0,2,2,18,7.1,1,2015-16
22015,1626147,Justin Anderson,1610612742,DAL,Dallas Mavericks,0021500421,2015-12-22,DAL @ TOR,L,5,2,2,1.0,0,0,,0,0,,0,1,1,0,0,0,0,2,4,12,5.2,1,2015-16
22015,203123,Kostas Papanikolaou,1610612743,DEN,Denver Nuggets,0021500422,2015-12-22,DEN vs. LAL,L,11,3,5,0.6,3,4,0.75,0,0,,0,0,0,0,1,0,0,2,9,-7,12.0,1,2015-16
22015,203999,Nikola Jokić,1610612743,DEN,Denver Nuggets,0021500422,2015-12-22,DEN vs. LAL,L,30,5,7,0.714,0,0,,5,6,0.833,6,4,10,5,0,0,3,1,15,3,31.5,1,2015-16
22015,101138,Brandon Bass,1610612747,LAL,Los Angeles Lakers,0021500422,2015-12-22,LAL @ DEN,W,31,4,5,0.8,0,0,,3,3,1.0,1,5,6,2,0,4,1,1,11,3,32.2,1,2015-16
22015,203944,Julius Randle,1610612747,LAL,Los Angeles Lakers,0021500422,2015-12-22,LAL @ DEN,W,28,3,7,0.429,0,0,,2,3,0.667,3,7,10,1,0,0,2,1,8,-1,19.5,1,2015-16
22015,1626156,D'Angelo Russell,1610612747,LAL,Los Angeles Lakers,0021500422,2015-12-22,LAL @ DEN,W,21,2,6,0.333,2,5,0.4,0,0,,0,1,1,1,1,0,2,1,6,-14,9.7,1,2015-16
22015,2736,Luol Deng,1610612748,MIA,Miami Heat,0021500420,2015-12-22,MIA vs. DET,L,33,3,8,0.375,0,3,0.0,3,4,0.75,0,4,4,1,5,0,1,1,9,9,29.3,1,2015-16
22015,203138,Hollis Thompson,1610612755,PHI,Philadelphia 76ers,0021500419,2015-12-22,PHI vs. MEM,L,28,6,9,0.667,4,6,0.667,0,0,,0,1,1,0,0,0,2,2,16,-14,15.2,1,2015-16
22015,203457,Nerlens Noel,1610612755,PHI,Philadelphia 76ers,0021500419,2015-12-22,PHI vs. MEM,L,27,1,3,0.333,0,0,,3,3,1.0,0,8,8,2,1,1,2,1,5,-17,21.6,1,2015-16
22015,203496,Robert Covington,1610612755,PHI,Philadelphia 76ers,0021500419,2015-12-22,PHI vs. MEM,L,23,3,9,0.333,0,4,0.0,2,2,1.0,3,5,8,3,2,0,6,3,8,-11,22.1,1,2015-16
22015,203960,JaKarr Sampson,1610612755,PHI,Philadelphia 76ers,0021500419,2015-12-22,PHI vs. MEM,L,15,1,3,0.333,0,1,0.0,5,6,0.833,0,2,2,0,0,0,2,0,7,-12,7.4,1,2015-16
22015,1626143,Jahlil Okafor,1610612755,PHI,Philadelphia 76ers,0021500419,2015-12-22,PHI vs. MEM,L,33,8,12,0.667,0,0,,2,3,0.667,2,3,5,2,0,0,4,4,18,2,23.0,1,2015-16
22015,2754,Tony Allen,1610612763,MEM,Memphis Grizzlies,0021500419,2015-12-22,MEM @ PHI,W,17,0,5,0.0,0,1,0.0,1,4,0.25,1,2,3,0,1,0,1,1,1,11,6.6,1,2015-16
22015,201144,Mike Conley,1610612763,MEM,Memphis Grizzlies,0021500419,2015-12-22,MEM @ PHI,W,32,6,13,0.462,1,3,0.333,5,6,0.833,0,1,1,6,1,0,2,2,18,5,29.2,1,2015-16
22015,201584,Courtney Lee,1610612763,MEM,Memphis Grizzlies,0021500419,2015-12-22,MEM @ PHI,W,34,6,12,0.5,0,0,,3,3,1.0,0,1,1,2,2,0,1,1,15,28,24.2,1,2015-16
22015,203210,JaMychal Green,1610612763,MEM,Memphis Grizzlies,0021500419,2015-12-22,MEM @ PHI,W,10,3,4,0.75,0,0,,1,2,0.5,1,0,1,0,0,0,1,3,7,-4,7.2,1,2015-16
22015,201229,Anthony Tolliver,1610612765,DET,Detroit Pistons,0021500420,2015-12-22,DET @ MIA,W,24,3,5,0.6,3,5,0.6,0,0,,0,5,5,1,1,0,0,1,9,22,19.5,1,2015-16
22015,203083,Andre Drummond,1610612765,DET,Detroit Pistons,0021500420,2015-12-22,DET @ MIA,W,34,4,12,0.333,0,0,,3,6,0.5,4,8,12,1,0,2,1,3,11,2,31.9,1,2015-16
22015,101109,Raymond Felton,1610612742,DAL,Dallas Mavericks,0021500421,2015-12-22,DAL @ TOR,L,31,3,9,0.333,1,3,0.333,0,0,,0,4,4,3,3,0,2,1,7,-11,23.3,1,2015-16
22015,200826,J.J. Barea,1610612742,DAL,Dallas Mavericks,0021500421,2015-12-22,DAL @ TOR,L,22,3,9,0.333,2,4,0.5,0,0,,0,0,0,5,1,0,1,4,8,1,17.5,1,2015-16
22015,202379,Jeremy Evans,1610612742,DAL,Dallas Mavericks,0021500421,2015-12-22,DAL @ TOR,L,6,3,3,1.0,0,0,,0,1,0.0,0,0,0,0,0,1,0,1,6,12,9.0,1,2015-16
22015,202718,Chandler Parsons,1610612742,DAL,Dallas Mavericks,0021500421,2015-12-22,DAL @ TOR,L,25,3,8,0.375,0,0,,0,0,,0,2,2,1,1,0,0,1,6,-14,12.9,1,2015-16
22015,2749,Jameer Nelson,1610612743,DEN,Denver Nuggets,0021500422,2015-12-22,DEN vs. LAL,L,30,2,9,0.222,0,4,0.0,1,2,0.5,0,3,3,8,0,0,2,2,5,-5,18.6,1,2015-16
22015,201589,Darrell Arthur,1610612743,DEN,Denver Nuggets,0021500422,2015-12-22,DEN vs. LAL,L,20,4,8,0.5,1,2,0.5,0,0,,1,2,3,1,0,0,0,4,9,4,14.1,1,2015-16
22015,203530,Joffrey Lauvergne,1610612743,DEN,Denver Nuggets,0021500422,2015-12-22,DEN vs. LAL,L,16,0,4,0.0,0,1,0.0,0,0,,0,4,4,2,0,1,1,4,0,-6,9.8,1,2015-16
22015,201156,Nick Young,1610612747,LAL,Los Angeles Lakers,0021500422,2015-12-22,LAL @ DEN,W,16,2,8,0.25,0,5,0.0,0,0,,0,0,0,0,0,0,0,0,4,-8,4.0,1,2015-16
22015,202355,Hassan Whiteside,1610612748,MIA,Miami Heat,0021500420,2015-12-22,MIA vs. DET,L,35,7,13,0.538,0,0,,2,2,1.0,6,10,16,0,0,4,2,2,16,0,45.2,1,2015-16
22015,1626159,Justise Winslow,1610612748,MIA,Miami Heat,0021500420,2015-12-22,MIA vs. DET,L,25,1,2,0.5,0,1,0.0,0,0,,0,1,1,0,3,0,1,1,2,1,11.2,1,2015-16
22015,203477,Isaiah Canaan,1610612755,PHI,Philadelphia 76ers,0021500419,2015-12-22,PHI vs. MEM,L,30,5,8,0.625,2,5,0.4,3,6,0.5,0,1,1,1,2,1,0,1,15,1,26.7,1,2015-16
22015,203924,Jerami Grant,1610612755,PHI,Philadelphia 76ers,0021500419,2015-12-22,PHI vs. MEM,L,27,3,4,0.75,1,1,1.0,2,2,1.0,2,4,6,0,0,1,0,2,9,-8,19.2,1,2015-16
22015,200768,Kyle Lowry,1610612761,TOR,Toronto Raptors,0021500421,2015-12-22,TOR vs. DAL,W,38,6,13,0.462,2,4,0.5,3,3,1.0,0,10,10,7,0,1,2,2,17,2,40.5,1,2015-16
22015,2216,Zach Randolph,1610612763,MEM,Memphis Grizzlies,0021500419,2015-12-22,MEM @ PHI,W,25,6,10,0.6,0,0,,2,2,1.0,4,4,8,3,1,0,0,2,14,8,31.1,1,2015-16
22015,201145,Jeff Green,1610612763,MEM,Memphis Grizzlies,0021500419,2015-12-22,MEM @ PHI,W,19,3,3,1.0,0,0,,2,2,1.0,2,1,3,0,1,0,0,1,8,-4,14.6,1,2015-16
22015,201596,Mario Chalmers,1610612763,MEM,Memphis Grizzlies,0021500419,2015-12-22,MEM @ PHI,W,23,1,7,0.143,0,2,0.0,0,0,,0,2,2,7,4,0,3,1,2,5,23.9,1,2015-16
22015,2581,Steve Blake,1610612765,DET,Detroit Pistons,0021500420,2015-12-22,DET @ MIA,W,17,4,5,0.8,4,5,0.8,0,0,,1,1,2,2,0,0,1,1,12,-2,16.4,1,2015-16
22015,203382,Aron Baynes,1610612765,DET,Detroit Pistons,0021500420,2015-12-22,DET @ MIA,W,14,0,3,0.0,0,0,,1,2,0.5,0,1,1,0,0,0,1,0,1,-1,1.2,1,2015-16
22015,202702,Kenneth Faried,1610612743,DEN,Denver Nuggets,0021500422,2015-12-22,DEN vs. LAL,L,30,4,9,0.444,0,0,,6,6,1.0,3,6,9,3,0,1,1,1,14,-9,31.3,1,2015-16
22015,203115,Will Barton,1610612743,DEN,Denver Nuggets,0021500422,2015-12-22,DEN vs. LAL,L,38,10,21,0.476,2,6,0.333,3,3,1.0,1,7,8,2,0,1,1,3,25,15,39.6,1,2015-16
22015,201579,Roy Hibbert,1610612747,LAL,Los Angeles Lakers,0021500422,2015-12-22,LAL @ DEN,W,15,2,2,1.0,0,0,,1,1,1.0,1,5,6,1,0,0,2,5,5,7,11.7,1,2015-16
22015,203903,Jordan Clarkson,1610612747,LAL,Los Angeles Lakers,0021500422,2015-12-22,LAL @ DEN,W,38,6,14,0.429,0,2,0.0,7,9,0.778,3,5,8,2,3,0,2,3,19,14,38.6,1,2015-16
22015,2547,Chris Bosh,1610612748,MIA,Miami Heat,0021500420,2015-12-22,MIA vs. DET,L,34,9,21,0.429,2,7,0.286,0,0,,0,3,3,2,0,0,1,3,20,8,25.6,1,2015-16
22015,2617,Udonis Haslem,1610612748,MIA,Miami Heat,0021500420,2015-12-22,MIA vs. DET,L,7,0,2,0.0,0,1,0.0,0,0,,0,2,2,0,0,0,0,0,0,-12,2.4,1,2015-16
22015,2757,Beno Udrih,1610612748,MIA,Miami Heat,0021500420,2015-12-22,MIA vs. DET,L,34,7,11,0.636,0,3,0.0,0,0,,1,2,3,6,0,0,0,4,14,12,26.6,1,2015-16
22015,2449,Luis Scola,1610612761,TOR,Toronto Raptors,0021500421,2015-12-22,TOR vs. DAL,W,32,5,11,0.455,1,2,0.5,4,6,0.667,2,7,9,0,1,1,2,5,15,20,29.8,1,2015-16
22015,202335,Patrick Patterson,1610612761,TOR,Toronto Raptors,0021500421,2015-12-22,TOR vs. DAL,W,8,0,2,0.0,0,2,0.0,0,0,,0,0,0,0,1,0,1,0,0,-3,2.0,1,2015-16
22015,203461,Anthony Bennett,1610612761,TOR,Toronto Raptors,0021500421,2015-12-22,TOR vs. DAL,W,10,2,5,0.4,1,3,0.333,0,0,,0,2,2,0,0,0,0,1,5,-12,7.4,1,2015-16
22015,2440,Matt Barnes,1610612763,MEM,Memphis Grizzlies,0021500419,2015-12-22,MEM @ PHI,W,29,5,8,0.625,2,4,0.5,0,0,,1,9,10,2,2,2,3,5,12,8,36.0,1,2015-16
22015,201188,Marc Gasol,1610612763,MEM,Memphis Grizzlies,0021500419,2015-12-22,MEM @ PHI,W,35,7,15,0.467,0,0,,5,5,1.0,0,6,6,5,3,1,1,4,19,7,44.7,1,2015-16
22015,101141,Ersan Ilyasova,1610612765,DET,Detroit Pistons,0021500420,2015-12-22,DET @ MIA,W,24,3,7,0.429,0,1,0.0,0,0,,4,4,8,0,1,1,2,0,6,-21,19.6,1,2015-16
22015,202694,Marcus Morris Sr.,1610612765,DET,Detroit Pistons,0021500420,2015-12-22,DET @ MIA,W,33,3,7,0.429,0,1,0.0,2,4,0.5,0,5,5,3,0,0,5,1,8,-8,13.5,1,2015-16
22015,201580,JaVale McGee,1610612742,DAL,Dallas Mavericks,0021500421,2015-12-22,DAL @ TOR,L,17,1,4,0.25,0,0,,3,4,0.75,0,5,5,1,0,3,1,2,5,-6,20.5,1,2015-16
22015,203939,Dwight Powell,1610612742,DAL,Dallas Mavericks,0021500421,2015-12-22,DAL @ TOR,L,15,1,3,0.333,0,0,,1,2,0.5,2,2,4,0,0,0,1,3,3,-8,6.8,1,2015-16
22015,203135,Robert Sacre,1610612747,LAL,Los Angeles Lakers,0021500422,2015-12-22,LAL @ DEN,W,2,0,0,,0,0,,0,0,,0,0,0,0,0,0,0,2,0,-6,0.0,1,2015-16
22015,1626204,Larry Nance Jr.,1610612747,LAL,Los Angeles Lakers,0021500422,2015-12-22,LAL @ DEN,W,19,5,9,0.556,0,0,,0,0,,1,1,2,0,0,1,0,4,10,6,15.4,1,2015-16
22015,101123,Gerald Green,1610612748,MIA,Miami Heat,0021500420,2015-12-22,MIA vs. DET,L,29,3,6,0.5,2,3,0.667,0,0,,1,3,4,1,0,3,0,0,8,-7,23.3,1,2015-16
22015,1626196,Josh Richardson,1610612748,MIA,Miami Heat,0021500420,2015-12-22,MIA vs. DET,L,14,1,4,0.25,0,0,,2,2,1.0,1,1,2,2,0,0,0,1,4,-13,9.4,1,2015-16
22015,204456,T.J. McConnell,1610612755,PHI,Philadelphia 76ers,0021500419,2015-12-22,PHI vs. MEM,L,18,1,4,0.25,0,1,0.0,0,0,,0,2,2,3,0,0,3,2,2,-9,5.9,1,2015-16
22015,1626158,Richaun Holmes,1610612755,PHI,Philadelphia 76ers,0021500419,2015-12-22,PHI vs. MEM,L,9,1,3,0.333,0,1,0.0,1,2,0.5,2,1,3,1,1,0,1,3,3,-3,10.1,1,2015-16
22015,203512,Lucas Nogueira,1610612761,TOR,Toronto Raptors,0021500421,2015-12-22,TOR vs. DAL,W,8,0,0,,0,0,,1,2,0.5,0,0,0,0,0,0,0,2,1,-4,1.0,1,2015-16
22015,1713,Vince Carter,1610612763,MEM,Memphis Grizzlies,0021500419,2015-12-22,MEM @ PHI,W,17,3,8,0.375,2,5,0.4,0,0,,0,1,1,1,1,0,0,3,8,6,13.7,1,2015-16
22015,1626169,Stanley Johnson,1610612765,DET,Detroit Pistons,0021500420,2015-12-22,DET @ MIA,W,23,5,10,0.5,4,7,0.571,0,0,,0,4,4,3,0,0,2,0,14,0,21.3,1,2015-16
22015,1717,Dirk Nowitzki,1610612742,DAL,Dallas Mavericks,0021500421,2015-12-22,DAL @ TOR,L,28,8,17,0.471,4,9,0.444,0,0,,1,6,7,0,0,2,1,1,20,-11,33.4,1,2015-16
22015,101111,Charlie Villanueva,1610612742,DAL,Dallas Mavericks,0021500421,2015-12-22,DAL @ TOR,L,12,4,10,0.4,1,6,0.167,0,0,,0,2,2,3,2,0,0,2,9,9,21.9,1,2015-16
22015,200751,Randy Foye,1610612743,DEN,Denver Nuggets,0021500422,2015-12-22,DEN vs. LAL,L,29,4,12,0.333,1,3,0.333,0,0,,2,4,6,4,0,1,1,3,9,-7,24.2,1,2015-16
22015,203914,Gary Harris,1610612743,DEN,Denver Nuggets,0021500422,2015-12-22,DEN vs. LAL,L,35,9,15,0.6,2,5,0.4,1,2,0.5,0,1,1,1,1,1,3,4,21,-8,26.7,1,2015-16
22015,977,Kobe Bryant,1610612747,LAL,Los Angeles Lakers,0021500422,2015-12-22,LAL @ DEN,W,32,10,22,0.455,2,9,0.222,9,11,0.818,1,2,3,5,1,1,1,2,31,11,47.1,1,2015-16
22015,2548,Dwyane Wade,1610612748,MIA,Miami Heat,0021500420,2015-12-22,MIA vs. DET,L,29,8,21,0.381,0,0,,3,4,0.75,2,3,5,1,1,0,0,0,19,-3,29.5,1,2015-16
22015,203100,Tony Wroten,1610612755,PHI,Philadelphia 76ers,0021500419,2015-12-22,PHI vs. MEM,L,29,2,9,0.222,0,2,0.0,3,8,0.375,1,4,5,7,0,0,5,3,7,-1,18.5,1,2015-16
22015,203917,Nik Stauskas,1610612755,PHI,Philadelphia 76ers,0021500419,2015-12-22,PHI vs. MEM,L,4,0,2,0.0,0,2,0.0,0,0,,0,1,1,0,0,0,1,0,0,2,0.2,1,2015-16
22015,201942,DeMar DeRozan,1610612761,TOR,Toronto Raptors,0021500421,2015-12-22,TOR vs. DAL,W,40,10,17,0.588,2,3,0.667,6,8,0.75,1,3,4,4,0,0,7,5,28,3,31.8,1,2015-16
22015,202687,Bismack Biyombo,1610612761,TOR,Toronto Raptors,0021500421,2015-12-22,TOR vs. DAL,W,38,4,9,0.444,0,0,,1,2,0.5,7,13,20,2,0,2,2,2,9,7,40.0,1,2015-16
22015,203082,Terrence Ross,1610612761,TOR,Toronto Raptors,0021500421,2015-12-22,TOR vs. DAL,W,33,5,9,0.556,4,8,0.5,2,2,1.0,0,3,3,1,1,0,0,1,16,5,24.1,1,2015-16
22015,1626153,Delon Wright,1610612761,TOR,Toronto Raptors,0021500421,2015-12-22,TOR vs. DAL,W,7,0,2,0.0,0,0,,0,0,,0,1,1,1,0,0,0,0,0,5,2.7,1,2015-16
22015,203484,Kentavious Caldwell-Pope,1610612765,DET,Detroit Pistons,0021500420,2015-12-22,DET @ MIA,W,40,5,13,0.385,2,6,0.333,2,2,1.0,1,0,1,3,0,0,1,4,14,10,18.7,1,2015-16
22015,202083,Wesley Matthews,1610612742,DAL,Dallas Mavericks,0021500421,2015-12-22,DAL @ TOR,L,27,6,11,0.545,3,5,0.6,0,0,,0,1,1,1,0,0,0,3,15,-9,17.7,1,2015-16
22015,101150,Lou Williams,1610612747,LAL,Los Angeles Lakers,0021500422,2015-12-22,LAL @ DEN,W,37,6,11,0.545,3,5,0.6,2,5,0.4,1,3,4,5,1,0,1,2,17,8,31.3,1,2015-16
22015,202709,Cory Joseph,1610612761,TOR,Toronto Raptors,0021500421,2015-12-22,TOR vs. DAL,W,27,3,6,0.5,2,4,0.5,4,4,1.0,0,4,4,5,1,0,3,1,12,-3,24.3,1,2015-16
22015,202704,Reggie Jackson,1610612765,DET,Detroit Pistons,0021500420,2015-12-22,DET @ MIA,W,31,8,16,0.5,2,5,0.4,0,0,,2,3,5,3,1,0,3,1,18,3,28.5,1,2015-16
22015,203118,Mike Scott,1610612737,ATL,Atlanta Hawks,0021500429,2015-12-23,ATL vs. DET,W,14,3,6,0.5,1,2,0.5,2,2,1.0,1,1,2,1,0,0,1,4,9,3,11.9,1,2015-16
22015,203145,Kent Bazemore,1610612737,ATL,Atlanta Hawks,0021500429,2015-12-23,ATL vs. DET,W,30,3,7,0.429,1,3,0.333,1,1,1.0,0,6,6,2,2,0,2,2,8,10,22.2,1,2015-16
22015,101135,David Lee,1610612738,BOS,Boston Celtics,0021500423,2015-12-23,BOS @ CHA,W,18,4,7,0.571,0,0,,2,2,1.0,2,5,7,3,0,2,0,2,10,-2,28.9,1,2015-16
22015,202323,Evan Turner,1610612738,BOS,Boston Celtics,0021500423,2015-12-23,BOS @ CHA,W,22,0,3,0.0,0,2,0.0,0,0,,0,3,3,5,1,0,2,1,0,-1,12.1,1,2015-16
22015,202340,Avery Bradley,1610612738,BOS,Boston Celtics,0021500423,2015-12-23,BOS @ CHA,W,36,7,14,0.5,2,5,0.4,2,2,1.0,0,2,2,0,1,0,1,1,18,14,22.4,1,2015-16
22015,2210,Richard Jefferson,1610612739,CLE,Cleveland Cavaliers,0021500424,2015-12-23,CLE vs. NYK,W,4,0,0,,0,0,,0,0,,0,1,1,0,0,0,0,0,0,2,1.2,1,2015-16
22015,2544,LeBron James,1610612739,CLE,Cleveland Cavaliers,0021500424,2015-12-23,CLE vs. NYK,W,38,9,22,0.409,0,3,0.0,6,7,0.857,1,8,9,5,0,0,1,2,24,7,41.3,1,2015-16
22015,2590,Mo Williams,1610612739,CLE,Cleveland Cavaliers,0021500424,2015-12-23,CLE vs. NYK,W,15,2,4,0.5,0,1,0.0,0,0,,0,2,2,0,1,1,1,2,4,-3,11.4,1,2015-16
22015,2747,JR Smith,1610612739,CLE,Cleveland Cavaliers,0021500424,2015-12-23,CLE vs. NYK,W,25,2,7,0.286,0,2,0.0,0,0,,0,0,0,3,3,0,1,3,4,1,16.5,1,2015-16
22015,2034,Mike Miller,1610612743,DEN,Denver Nuggets,0021500433,2015-12-23,DEN @ PHX,W,18,0,2,0.0,0,2,0.0,0,0,,1,5,6,4,1,0,3,1,0,-13,13.2,1,2015-16
22015,201589,Darrell Arthur,1610612743,DEN,Denver Nuggets,0021500433,2015-12-23,DEN @ PHX,W,28,9,14,0.643,1,2,0.5,0,0,,1,9,10,3,1,2,3,3,19,11,41.5,1,2015-16
22015,202700,Donatas Motiejunas,1610612745,HOU,Houston Rockets,0021500426,2015-12-23,HOU @ ORL,L,8,1,2,0.5,0,0,,0,0,,0,1,1,1,0,0,2,0,2,-8,2.7,1,2015-16
22015,203093,Terrence Jones,1610612745,HOU,Houston Rockets,0021500426,2015-12-23,HOU @ ORL,L,12,3,6,0.5,1,2,0.5,1,1,1.0,2,1,3,0,0,0,0,0,8,7,11.6,1,2015-16
22015,203991,Clint Capela,1610612745,HOU,Houston Rockets,0021500426,2015-12-23,HOU @ ORL,L,19,5,5,1.0,0,0,,0,2,0.0,2,3,5,1,0,1,1,2,10,-7,19.5,1,2015-16
22015,977,Kobe Bryant,1610612747,LAL,Los Angeles Lakers,0021500435,2015-12-23,LAL vs. OKC,L,28,7,22,0.318,2,7,0.286,3,3,1.0,1,0,1,3,1,0,2,3,19,-36,25.7,1,2015-16
22015,101138,Brandon Bass,1610612747,LAL,Los Angeles Lakers,0021500435,2015-12-23,LAL vs. OKC,L,16,2,4,0.5,0,0,,0,0,,2,4,6,1,0,2,0,1,4,14,18.7,1,2015-16
22015,201579,Roy Hibbert,1610612747,LAL,Los Angeles Lakers,0021500435,2015-12-23,LAL vs. OKC,L,22,1,4,0.25,0,0,,2,2,1.0,0,1,1,1,0,1,2,4,4,-28,7.7,1,2015-16
22015,1626148,Anthony Brown,1610612747,LAL,Los Angeles Lakers,0021500435,2015-12-23,LAL vs. OKC,L,20,1,6,0.167,0,5,0.0,0,0,,0,3,3,3,1,0,1,0,2,1,12.1,1,2015-16
22015,203089,John Henson,1610612749,MIL,Milwaukee Bucks,0021500430,2015-12-23,MIL vs. PHI,W,21,1,4,0.25,0,0,,0,0,,1,3,4,3,1,6,0,4,2,-2,32.3,1,2015-16
22015,203953,Jabari Parker,1610612749,MIL,Milwaukee Bucks,0021500430,2015-12-23,MIL vs. PHI,W,31,8,10,0.8,0,0,,0,0,,0,1,1,3,2,2,1,2,16,14,32.7,1,2015-16
22015,201937,Ricky Rubio,1610612750,MIN,Minnesota Timberwolves,0021500431,2015-12-23,MIN vs. SAS,L,25,3,5,0.6,1,2,0.5,2,2,1.0,1,3,4,2,0,0,1,2,9,-10,15.8,1,2015-16
22015,202357,Nemanja Bjelica,1610612750,MIN,Minnesota Timberwolves,0021500431,2015-12-23,MIN vs. SAS,L,17,0,2,0.0,0,2,0.0,0,0,,0,1,1,2,0,1,0,2,0,-12,7.2,1,2015-16
22015,203476,Gorgui Dieng,1610612750,MIN,Minnesota Timberwolves,0021500431,2015-12-23,MIN vs. SAS,L,29,5,9,0.556,0,0,,2,2,1.0,1,5,6,2,0,1,3,4,12,-13,22.2,1,2015-16
22015,1626145,Tyus Jones,1610612750,MIN,Minnesota Timberwolves,0021500431,2015-12-23,MIN vs. SAS,L,20,3,7,0.429,0,1,0.0,0,0,,0,1,1,2,2,0,1,0,6,-11,15.2,1,2015-16
22015,1626157,Karl-Anthony Towns,1610612750,MIN,Minnesota Timberwolves,0021500431,2015-12-23,MIN vs. SAS,L,34,4,12,0.333,0,2,0.0,2,2,1.0,2,9,11,1,0,0,2,3,10,-13,22.7,1,2015-16
22015,1626170,Jerian Grant,1610612752,NYK,New York Knicks,0021500424,2015-12-23,NYK @ CLE,L,11,1,5,0.2,0,1,0.0,0,0,,1,0,1,1,0,0,0,1,2,3,4.7,1,2015-16
22015,201160,Jason Smith,1610612753,ORL,Orlando Magic,0021500426,2015-12-23,ORL vs. HOU,W,15,3,8,0.375,0,1,0.0,0,0,,0,1,1,0,0,1,2,2,6,-11,8.2,1,2015-16
22015,203506,Victor Oladipo,1610612753,ORL,Orlando Magic,0021500426,2015-12-23,ORL vs. HOU,W,31,0,9,0.0,0,3,0.0,0,0,,1,6,7,6,0,0,0,1,0,6,17.4,1,2015-16
22015,203932,Aaron Gordon,1610612753,ORL,Orlando Magic,0021500426,2015-12-23,ORL vs. HOU,W,12,6,11,0.545,1,2,0.5,1,2,0.5,2,1,3,0,2,0,0,1,14,0,23.6,1,2015-16
22015,201155,Rodney Stuckey,1610612754,IND,Indiana Pacers,0021500425,2015-12-23,IND vs. SAC,L,20,1,8,0.125,0,1,0.0,2,2,1.0,0,4,4,0,0,0,3,1,4,-20,5.8,1,2015-16
22015,203924,Jerami Grant,1610612755,PHI,Philadelphia 76ers,0021500430,2015-12-23,PHI @ MIL,L,19,4,4,1.0,0,0,,1,2,0.5,0,3,3,1,1,1,1,1,9,6,19.1,1,2015-16
22015,202339,Eric Bledsoe,1610612756,PHX,Phoenix Suns,0021500433,2015-12-23,PHX vs. DEN,L,40,2,11,0.182,1,3,0.333,4,5,0.8,0,5,5,7,4,0,4,3,9,3,33.5,1,2015-16
22015,203458,Alex Len,1610612756,PHX,Phoenix Suns,0021500433,2015-12-23,PHX vs. DEN,L,9,0,0,,0,0,,0,0,,0,2,2,1,1,0,1,2,0,-6,5.9,1,2015-16
22015,203086,Meyers Leonard,1610612757,POR,Portland Trail Blazers,0021500432,2015-12-23,POR @ NOP,L,27,5,9,0.556,3,6,0.5,2,5,0.4,0,5,5,0,0,1,1,3,15,-7,23.0,1,2015-16
22015,203552,Seth Curry,1610612758,SAC,Sacramento Kings,0021500425,2015-12-23,SAC @ IND,W,5,0,1,0.0,0,1,0.0,0,0,,0,0,0,0,1,0,0,0,0,7,3.0,1,2015-16
22015,1938,Manu Ginobili,1610612759,SAS,San Antonio Spurs,0021500431,2015-12-23,SAS @ MIN,W,16,2,5,0.4,2,4,0.5,2,2,1.0,0,2,2,4,0,0,2,2,8,4,14.4,1,2015-16
22015,201571,D.J. Augustin,1610612760,OKC,Oklahoma City Thunder,0021500435,2015-12-23,OKC @ LAL,W,10,0,1,0.0,0,1,0.0,2,2,1.0,0,0,0,4,0,0,0,0,2,-1,8.0,1,2015-16
22015,201627,Anthony Morrow,1610612760,OKC,Oklahoma City Thunder,0021500435,2015-12-23,OKC @ LAL,W,19,2,8,0.25,1,4,0.25,0,0,,0,2,2,0,0,0,0,1,5,-9,7.4,1,2015-16
22015,202683,Enes Freedom,1610612760,OKC,Oklahoma City Thunder,0021500435,2015-12-23,OKC @ LAL,W,22,8,12,0.667,0,0,,0,0,,6,5,11,0,0,2,2,2,16,-6,33.2,1,2015-16
22015,202713,Kyle Singler,1610612760,OKC,Oklahoma City Thunder,0021500435,2015-12-23,OKC @ LAL,W,6,1,3,0.333,0,0,,0,0,,1,1,2,0,0,0,0,0,2,3,4.4,1,2015-16
22015,202324,Derrick Favors,1610612762,UTA,Utah Jazz,0021500434,2015-12-23,UTA @ GSW,L,33,7,16,0.438,0,0,,3,4,0.75,6,3,9,1,0,2,4,5,17,-22,31.3,1,2015-16
22015,203504,Trey Burke,1610612762,UTA,Utah Jazz,0021500434,2015-12-23,UTA @ GSW,L,28,6,14,0.429,1,5,0.2,0,0,,0,0,0,3,2,1,2,1,13,-11,24.5,1,2015-16
22015,203918,Rodney Hood,1610612762,UTA,Utah Jazz,0021500434,2015-12-23,UTA @ GSW,L,37,6,11,0.545,3,5,0.6,0,0,,0,4,4,3,1,0,3,3,15,-12,24.3,1,2015-16
22015,201145,Jeff Green,1610612763,MEM,Memphis Grizzlies,0021500427,2015-12-23,MEM @ WAS,L,38,8,14,0.571,0,4,0.0,3,5,0.6,2,10,12,4,3,1,1,2,19,0,50.4,1,2015-16
22015,201188,Marc Gasol,1610612763,MEM,Memphis Grizzlies,0021500427,2015-12-23,MEM @ WAS,L,32,3,9,0.333,0,0,,5,6,0.833,1,5,6,2,0,2,0,1,11,-5,27.2,1,2015-16
22015,201196,Ramon Sessions,1610612764,WAS,Washington Wizards,0021500427,2015-12-23,WAS vs. MEM,W,30,5,11,0.455,1,2,0.5,5,6,0.833,1,3,4,3,0,0,1,1,16,6,24.3,1,2015-16
22015,101141,Ersan Ilyasova,1610612765,DET,Detroit Pistons,0021500429,2015-12-23,DET @ ATL,L,33,2,9,0.222,1,5,0.2,0,0,,2,5,7,1,1,0,1,3,5,0,16.9,1,2015-16
22015,203382,Aron Baynes,1610612765,DET,Detroit Pistons,0021500429,2015-12-23,DET @ ATL,L,12,1,4,0.25,0,0,,2,5,0.4,3,3,6,1,0,2,2,1,4,-8,16.7,1,2015-16
22015,1626169,Stanley Johnson,1610612765,DET,Detroit Pistons,0021500429,2015-12-23,DET @ ATL,L,26,4,10,0.4,1,2,0.5,0,0,,0,2,2,0,1,0,1,2,9,2,13.4,1,2015-16
22015,203087,Jeremy Lamb,1610612766,CHA,Charlotte Hornets,0021500423,2015-12-23,CHA vs. BOS,L,19,2,4,0.5,1,1,1.0,7,8,0.875,1,4,5,0,0,1,3,2,12,4,18.0,1,2015-16
22015,200794,Paul Millsap,1610612737,ATL,Atlanta Hawks,0021500429,2015-12-23,ATL vs. DET,W,32,8,15,0.533,1,2,0.5,1,2,0.5,2,3,5,2,1,0,2,0,18,6,28.0,1,2015-16
22015,201143,Al Horford,1610612737,ATL,Atlanta Hawks,0021500429,2015-12-23,ATL vs. DET,W,30,7,14,0.5,1,3,0.333,0,0,,0,4,4,0,1,1,1,3,15,-2,24.8,1,2015-16
22015,201973,Jonas Jerebko,1610612738,BOS,Boston Celtics,0021500423,2015-12-23,BOS @ CHA,W,9,0,2,0.0,0,0,,0,0,,0,0,0,1,0,0,0,2,0,-4,1.5,1,2015-16
22015,202738,Isaiah Thomas,1610612738,BOS,Boston Celtics,0021500423,2015-12-23,BOS @ CHA,W,34,3,10,0.3,3,6,0.5,9,10,0.9,1,3,4,7,1,0,5,3,18,15,31.3,1,2015-16
22015,203482,Kelly Olynyk,1610612738,BOS,Boston Celtics,0021500423,2015-12-23,BOS @ CHA,W,30,7,10,0.7,1,3,0.333,5,6,0.833,1,8,9,3,2,0,3,4,20,17,38.3,1,2015-16
22015,202681,Kyrie Irving,1610612739,CLE,Cleveland Cavaliers,0021500424,2015-12-23,CLE vs. NYK,W,19,1,7,0.143,0,1,0.0,3,3,1.0,1,0,1,4,0,0,2,2,5,-5,10.2,1,2015-16
22015,201583,Ryan Anderson,1610612740,NOP,New Orleans Pelicans,0021500432,2015-12-23,NOP vs. POR,W,27,4,11,0.364,3,7,0.429,2,2,1.0,1,5,6,1,0,1,3,0,13,15,21.7,1,2015-16
22015,201936,Tyreke Evans,1610612740,NOP,New Orleans Pelicans,0021500432,2015-12-23,NOP vs. POR,W,35,7,14,0.5,2,6,0.333,8,8,1.0,1,7,8,9,2,0,3,1,24,26,50.1,1,2015-16
22015,201950,Jrue Holiday,1610612740,NOP,New Orleans Pelicans,0021500432,2015-12-23,NOP vs. POR,W,21,7,13,0.538,3,5,0.6,2,2,1.0,0,2,2,5,0,0,0,1,19,7,28.9,1,2015-16
22015,202708,Norris Cole,1610612740,NOP,New Orleans Pelicans,0021500432,2015-12-23,NOP vs. POR,W,19,2,7,0.286,0,2,0.0,2,4,0.5,0,5,5,1,1,1,1,4,6,8,18.5,1,2015-16
22015,203115,Will Barton,1610612743,DEN,Denver Nuggets,0021500433,2015-12-23,DEN @ PHX,W,35,7,15,0.467,3,5,0.6,0,1,0.0,0,9,9,5,1,0,3,3,17,13,35.3,1,2015-16
22015,2738,Andre Iguodala,1610612744,GSW,Golden State Warriors,0021500434,2015-12-23,GSW vs. UTA,W,29,3,5,0.6,1,1,1.0,2,2,1.0,0,1,1,0,2,0,3,1,9,3,13.2,1,2015-16
22015,101106,Andrew Bogut,1610612744,GSW,Golden State Warriors,0021500434,2015-12-23,GSW vs. UTA,W,27,4,8,0.5,0,0,,2,2,1.0,5,8,13,4,0,1,1,2,10,9,33.6,1,2015-16
22015,201575,Brandon Rush,1610612744,GSW,Golden State Warriors,0021500434,2015-12-23,GSW vs. UTA,W,14,1,2,0.5,1,2,0.5,0,0,,0,2,2,0,1,1,1,0,3,4,10.4,1,2015-16
22015,2772,Trevor Ariza,1610612745,HOU,Houston Rockets,0021500426,2015-12-23,HOU @ ORL,L,39,4,14,0.286,0,8,0.0,0,0,,1,7,8,1,1,1,0,3,8,-4,25.1,1,2015-16
22015,201935,James Harden,1610612745,HOU,Houston Rockets,0021500426,2015-12-23,HOU @ ORL,L,40,12,18,0.667,2,4,0.5,5,6,0.833,0,3,3,7,1,0,3,2,31,3,45.1,1,2015-16
22015,201951,Ty Lawson,1610612745,HOU,Houston Rockets,0021500426,2015-12-23,HOU @ ORL,L,27,4,6,0.667,1,3,0.333,2,2,1.0,0,2,2,3,0,0,1,4,11,10,16.9,1,2015-16
22015,101150,Lou Williams,1610612747,LAL,Los Angeles Lakers,0021500435,2015-12-23,LAL vs. OKC,L,25,0,6,0.0,0,2,0.0,2,6,0.333,1,0,1,2,1,0,0,2,2,-47,9.2,1,2015-16
22015,203135,Robert Sacre,1610612747,LAL,Los Angeles Lakers,0021500435,2015-12-23,LAL vs. OKC,L,27,4,6,0.667,0,0,,2,4,0.5,3,3,6,0,1,1,1,2,10,-7,22.2,1,2015-16
22015,203903,Jordan Clarkson,1610612747,LAL,Los Angeles Lakers,0021500435,2015-12-23,LAL vs. OKC,L,31,4,12,0.333,0,2,0.0,2,2,1.0,2,4,6,2,2,0,1,0,10,-30,25.2,1,2015-16
22015,1626273,Marcelo Huertas,1610612747,LAL,Los Angeles Lakers,0021500435,2015-12-23,LAL vs. OKC,L,12,0,1,0.0,0,0,,0,0,,0,0,0,4,0,0,1,1,0,-4,5.0,1,2015-16
22015,202328,Greg Monroe,1610612749,MIL,Milwaukee Bucks,0021500430,2015-12-23,MIL vs. PHI,W,25,4,10,0.4,0,0,,3,4,0.75,0,6,6,1,2,2,0,3,11,18,31.7,1,2015-16
22015,203142,Chris Copeland,1610612749,MIL,Milwaukee Bucks,0021500430,2015-12-23,MIL vs. PHI,W,2,0,1,0.0,0,1,0.0,0,0,,0,0,0,1,0,0,0,1,0,-3,1.5,1,2015-16
22015,203487,Michael Carter-Williams,1610612749,MIL,Milwaukee Bucks,0021500430,2015-12-23,MIL vs. PHI,W,33,9,13,0.692,0,0,,0,0,,0,5,5,9,4,0,7,1,18,19,42.5,1,2015-16
22015,203898,Tyler Ennis,1610612749,MIL,Milwaukee Bucks,0021500430,2015-12-23,MIL vs. PHI,W,8,4,6,0.667,2,3,0.667,0,0,,0,0,0,1,0,0,1,1,10,-4,10.5,1,2015-16
22015,203948,Johnny O'Bryant III,1610612749,MIL,Milwaukee Bucks,0021500430,2015-12-23,MIL vs. PHI,W,15,3,7,0.429,0,0,,0,0,,1,2,3,0,1,0,0,4,6,5,12.6,1,2015-16
22015,1626173,Rashad Vaughn,1610612749,MIL,Milwaukee Bucks,0021500430,2015-12-23,MIL vs. PHI,W,15,1,5,0.2,1,4,0.25,0,0,,1,1,2,0,0,0,0,1,3,-9,5.4,1,2015-16
22015,201572,Brook Lopez,1610612751,BKN,Brooklyn Nets,0021500428,2015-12-23,BKN vs. DAL,L,35,6,15,0.4,0,0,,1,3,0.333,2,4,6,2,1,2,0,3,13,-1,32.2,1,2015-16
22015,202388,Donald Sloan,1610612751,BKN,Brooklyn Nets,0021500428,2015-12-23,BKN vs. DAL,L,10,1,3,0.333,0,0,,0,0,,1,2,3,6,1,0,0,1,2,-2,17.6,1,2015-16
22015,202711,Bojan Bogdanovic,1610612751,BKN,Brooklyn Nets,0021500428,2015-12-23,BKN vs. DAL,L,26,6,8,0.75,5,5,1.0,0,0,,1,3,4,2,0,0,1,1,17,16,23.8,1,2015-16
22015,203499,Shane Larkin,1610612751,BKN,Brooklyn Nets,0021500428,2015-12-23,BKN vs. DAL,L,24,3,4,0.75,1,1,1.0,0,0,,0,1,1,4,0,0,0,0,7,-10,14.2,1,2015-16
22015,101181,Jose Calderon,1610612752,NYK,New York Knicks,0021500424,2015-12-23,NYK @ CLE,L,35,4,5,0.8,1,1,1.0,1,1,1.0,0,3,3,6,1,0,1,1,10,-14,24.6,1,2015-16
22015,200811,Lou Amundson,1610612752,NYK,New York Knicks,0021500424,2015-12-23,NYK @ CLE,L,9,1,3,0.333,0,0,,0,0,,3,2,5,0,0,0,1,1,2,4,7.0,1,2015-16
22015,202498,Lance Thomas,1610612752,NYK,New York Knicks,0021500424,2015-12-23,NYK @ CLE,L,34,4,11,0.364,0,2,0.0,0,0,,1,3,4,3,1,0,1,6,8,-2,19.3,1,2015-16
22015,204001,Kristaps Porziņģis,1610612752,NYK,New York Knicks,0021500424,2015-12-23,NYK @ CLE,L,38,8,18,0.444,4,5,0.8,3,4,0.75,3,10,13,4,1,1,1,1,23,-8,49.6,1,2015-16
22015,202696,Nikola Vučević,1610612753,ORL,Orlando Magic,0021500426,2015-12-23,ORL vs. HOU,W,35,10,16,0.625,0,0,,1,2,0.5,2,4,6,3,0,1,1,2,21,10,34.7,1,2015-16
22015,202699,Tobias Harris,1610612753,ORL,Orlando Magic,0021500426,2015-12-23,ORL vs. HOU,W,36,8,10,0.8,1,1,1.0,2,2,1.0,3,5,8,1,0,1,2,1,19,3,31.1,1,2015-16
22015,203095,Evan Fournier,1610612753,ORL,Orlando Magic,0021500426,2015-12-23,ORL vs. HOU,W,35,6,11,0.545,2,5,0.4,3,3,1.0,0,5,5,4,1,0,2,5,17,5,30.0,1,2015-16
22015,101133,Ian Mahinmi,1610612754,IND,Indiana Pacers,0021500425,2015-12-23,IND vs. SAC,L,28,3,4,0.75,0,0,,3,4,0.75,1,5,6,0,1,1,1,5,9,10,21.2,1,2015-16
22015,203496,Robert Covington,1610612755,PHI,Philadelphia 76ers,0021500430,2015-12-23,PHI @ MIL,L,25,3,8,0.375,2,5,0.4,1,2,0.5,1,4,5,2,3,0,2,3,9,-8,25.0,1,2015-16
22015,200782,P.J. Tucker,1610612756,PHX,Phoenix Suns,0021500433,2015-12-23,PHX vs. DEN,L,28,3,5,0.6,1,2,0.5,1,2,0.5,2,11,13,0,1,0,1,3,8,11,25.6,1,2015-16
22015,202693,Markieff Morris,1610612756,PHX,Phoenix Suns,0021500433,2015-12-23,PHX vs. DEN,L,12,2,8,0.25,2,2,1.0,0,0,,0,1,1,0,1,0,1,0,6,-13,9.2,1,2015-16
22015,203462,Archie Goodwin,1610612756,PHX,Phoenix Suns,0021500433,2015-12-23,PHX vs. DEN,L,8,2,3,0.667,0,0,,1,2,0.5,0,0,0,0,0,0,0,0,5,-9,5.0,1,2015-16
22015,201945,Gerald Henderson,1610612757,POR,Portland Trail Blazers,0021500432,2015-12-23,POR @ NOP,L,21,5,9,0.556,1,1,1.0,0,0,,2,3,5,1,0,0,2,3,11,-14,16.5,1,2015-16
22015,202329,Al-Farouq Aminu,1610612757,POR,Portland Trail Blazers,0021500432,2015-12-23,POR @ NOP,L,22,3,9,0.333,1,4,0.25,3,4,0.75,2,6,8,1,2,0,3,3,10,-16,24.1,1,2015-16
22015,202334,Ed Davis,1610612757,POR,Portland Trail Blazers,0021500432,2015-12-23,POR @ NOP,L,18,1,9,0.111,0,0,,3,4,0.75,7,5,12,1,1,3,1,2,5,-2,31.9,1,2015-16
22015,203486,Mason Plumlee,1610612757,POR,Portland Trail Blazers,0021500432,2015-12-23,POR @ NOP,L,23,4,9,0.444,0,0,,0,1,0.0,6,6,12,2,0,2,2,3,8,-20,29.4,1,2015-16
22015,203943,Noah Vonleh,1610612757,POR,Portland Trail Blazers,0021500432,2015-12-23,POR @ NOP,L,21,2,3,0.667,0,0,,2,2,1.0,2,4,6,0,1,0,0,1,6,-16,16.2,1,2015-16
22015,201158,Marco Belinelli,1610612758,SAC,Sacramento Kings,0021500425,2015-12-23,SAC @ IND,W,21,3,6,0.5,0,3,0.0,0,0,,0,2,2,3,0,0,0,1,6,9,12.9,1,2015-16
22015,1495,Tim Duncan,1610612759,SAS,San Antonio Spurs,0021500431,2015-12-23,SAS @ MIN,W,24,1,6,0.167,0,0,,0,0,,2,3,5,5,1,4,2,2,2,17,28.5,1,2015-16
22015,203937,Kyle Anderson,1610612759,SAS,San Antonio Spurs,0021500431,2015-12-23,SAS @ MIN,W,20,5,6,0.833,0,1,0.0,0,0,,2,3,5,3,1,1,1,0,10,14,25.5,1,2015-16
22015,1626168,Trey Lyles,1610612762,UTA,Utah Jazz,0021500434,2015-12-23,UTA @ GSW,L,15,1,2,0.5,0,0,,0,0,,1,1,2,0,0,0,1,1,2,1,3.4,1,2015-16
22015,203210,JaMychal Green,1610612763,MEM,Memphis Grizzlies,0021500427,2015-12-23,MEM @ WAS,L,16,3,4,0.75,0,0,,2,2,1.0,0,1,1,1,0,0,0,3,8,-4,10.7,1,2015-16
22015,202704,Reggie Jackson,1610612765,DET,Detroit Pistons,0021500429,2015-12-23,DET @ ATL,L,33,7,16,0.438,1,3,0.333,4,5,0.8,1,4,5,7,1,0,4,4,19,3,34.5,1,2015-16
22015,201150,Spencer Hawes,1610612766,CHA,Charlotte Hornets,0021500423,2015-12-23,CHA vs. BOS,L,6,0,2,0.0,0,0,,0,0,,0,1,1,0,0,0,2,1,0,-4,-0.8,1,2015-16
22015,201587,Nicolas Batum,1610612766,CHA,Charlotte Hornets,0021500423,2015-12-23,CHA vs. BOS,L,39,6,15,0.4,3,8,0.375,2,4,0.5,0,6,6,7,0,0,1,3,17,-13,33.7,1,2015-16
22015,202689,Kemba Walker,1610612766,CHA,Charlotte Hornets,0021500423,2015-12-23,CHA vs. BOS,L,41,4,12,0.333,0,4,0.0,2,4,0.5,0,3,3,4,1,1,4,2,10,-15,21.6,1,2015-16
22015,203798,PJ Hairston,1610612766,CHA,Charlotte Hornets,0021500423,2015-12-23,CHA vs. BOS,L,13,1,5,0.2,1,4,0.25,2,2,1.0,0,1,1,0,2,0,0,1,5,-18,12.2,1,2015-16
22015,2594,Kyle Korver,1610612737,ATL,Atlanta Hawks,0021500429,2015-12-23,ATL vs. DET,W,29,3,6,0.5,1,3,0.333,2,2,1.0,0,5,5,3,0,2,1,1,9,10,24.5,1,2015-16
22015,203934,Lamar Patterson,1610612737,ATL,Atlanta Hawks,0021500429,2015-12-23,ATL vs. DET,W,10,0,1,0.0,0,0,,0,0,,0,4,4,0,0,0,0,3,0,1,4.8,1,2015-16
22015,201567,Kevin Love,1610612739,CLE,Cleveland Cavaliers,0021500424,2015-12-23,CLE vs. NYK,W,34,8,17,0.471,2,6,0.333,5,7,0.714,2,11,13,2,0,0,1,1,23,6,40.6,1,2015-16
22015,202684,Tristan Thompson,1610612739,CLE,Cleveland Cavaliers,0021500424,2015-12-23,CLE vs. NYK,W,29,2,5,0.4,0,0,,6,6,1.0,7,7,14,0,0,0,0,1,10,7,26.8,1,2015-16
22015,201967,Dante Cunningham,1610612740,NOP,New Orleans Pelicans,0021500432,2015-12-23,NOP vs. POR,W,6,0,1,0.0,0,0,,0,0,,0,1,1,1,0,0,0,1,0,-1,2.7,1,2015-16
22015,202379,Jeremy Evans,1610612742,DAL,Dallas Mavericks,0021500428,2015-12-23,DAL @ BKN,W,0,0,0,,0,0,,0,0,,0,0,0,0,0,0,0,0,0,0,0.0,1,2015-16
22015,202718,Chandler Parsons,1610612742,DAL,Dallas Mavericks,0021500428,2015-12-23,DAL @ BKN,W,34,5,7,0.714,1,3,0.333,0,0,,0,7,7,8,0,1,1,4,11,2,33.4,1,2015-16
22015,203939,Dwight Powell,1610612742,DAL,Dallas Mavericks,0021500428,2015-12-23,DAL @ BKN,W,8,1,1,1.0,0,0,,0,0,,1,1,2,0,0,0,0,2,2,3,4.4,1,2015-16
22015,203123,Kostas Papanikolaou,1610612743,DEN,Denver Nuggets,0021500433,2015-12-23,DEN @ PHX,W,33,2,6,0.333,2,3,0.667,3,6,0.5,1,4,5,3,2,2,1,2,9,8,30.5,1,2015-16
22015,202691,Klay Thompson,1610612744,GSW,Golden State Warriors,0021500434,2015-12-23,GSW vs. UTA,W,34,6,16,0.375,3,7,0.429,5,5,1.0,0,2,2,1,0,0,1,0,20,15,22.9,1,2015-16
22015,2730,Dwight Howard,1610612745,HOU,Houston Rockets,0021500426,2015-12-23,HOU @ ORL,L,36,6,10,0.6,0,0,,0,2,0.0,3,4,7,2,1,3,3,3,12,-7,32.4,1,2015-16
22015,201976,Patrick Beverley,1610612745,HOU,Houston Rockets,0021500426,2015-12-23,HOU @ ORL,L,30,2,9,0.222,1,4,0.25,2,2,1.0,0,1,1,2,0,1,1,2,7,-6,13.2,1,2015-16
22015,201977,Marcus Thornton,1610612745,HOU,Houston Rockets,0021500426,2015-12-23,HOU @ ORL,L,18,2,8,0.25,2,6,0.333,2,2,1.0,0,2,2,2,1,0,0,1,8,-3,16.4,1,2015-16
22015,1626204,Larry Nance Jr.,1610612747,LAL,Los Angeles Lakers,0021500435,2015-12-23,LAL vs. OKC,L,20,2,5,0.4,0,0,,0,0,,2,3,5,1,0,0,2,3,4,-45,9.5,1,2015-16
22015,201564,O.J. Mayo,1610612749,MIL,Milwaukee Bucks,0021500430,2015-12-23,MIL vs. PHI,W,22,2,7,0.286,0,2,0.0,0,0,,0,1,1,4,0,0,4,0,4,1,7.2,1,2015-16
22015,203101,Miles Plumlee,1610612749,MIL,Milwaukee Bucks,0021500430,2015-12-23,MIL vs. PHI,W,2,0,0,,0,0,,0,0,,0,2,2,0,0,0,0,0,0,-3,2.4,1,2015-16
22015,203114,Khris Middleton,1610612749,MIL,Milwaukee Bucks,0021500430,2015-12-23,MIL vs. PHI,W,31,8,9,0.889,2,2,1.0,3,4,0.75,1,4,5,6,2,0,0,2,21,16,42.0,1,2015-16
22015,203996,Damien Inglis,1610612749,MIL,Milwaukee Bucks,0021500430,2015-12-23,MIL vs. PHI,W,2,0,0,,0,0,,0,0,,0,0,0,0,0,0,1,0,0,-3,-1.0,1,2015-16
22015,200745,Andrea Bargnani,1610612751,BKN,Brooklyn Nets,0021500428,2015-12-23,BKN vs. DAL,L,20,6,13,0.462,0,1,0.0,0,0,,2,4,6,0,0,1,4,5,12,-8,18.2,1,2015-16
22015,202338,Kevin Seraphin,1610612752,NYK,New York Knicks,0021500424,2015-12-23,NYK @ CLE,L,5,0,2,0.0,0,0,,0,0,,0,0,0,1,0,0,0,1,0,-8,1.5,1,2015-16
22015,204038,Langston Galloway,1610612752,NYK,New York Knicks,0021500424,2015-12-23,NYK @ CLE,L,26,2,6,0.333,0,1,0.0,0,0,,0,5,5,0,0,1,0,1,4,-8,13.0,1,2015-16
22015,1626209,Mario Hezonja,1610612753,ORL,Orlando Magic,0021500426,2015-12-23,ORL vs. HOU,W,16,1,1,1.0,0,0,,0,0,,2,3,5,1,1,0,1,0,2,0,11.5,1,2015-16
22015,101139,CJ Miles,1610612754,IND,Indiana Pacers,0021500425,2015-12-23,IND vs. SAC,L,31,7,15,0.467,4,9,0.444,2,4,0.5,1,2,3,3,1,1,0,1,20,10,34.1,1,2015-16
22015,201941,Jordan Hill,1610612754,IND,Indiana Pacers,0021500425,2015-12-23,IND vs. SAC,L,20,7,9,0.778,0,0,,0,0,,0,5,5,0,0,1,2,1,14,-12,21.0,1,2015-16
22015,201978,Chase Budinger,1610612754,IND,Indiana Pacers,0021500425,2015-12-23,IND vs. SAC,L,14,0,1,0.0,0,0,,0,0,,0,0,0,1,1,0,0,0,0,-15,4.5,1,2015-16
22015,202730,Lavoy Allen,1610612754,IND,Indiana Pacers,0021500425,2015-12-23,IND vs. SAC,L,11,3,6,0.5,0,0,,0,0,,3,1,4,0,1,1,1,1,6,-8,15.8,1,2015-16
22015,204456,T.J. McConnell,1610612755,PHI,Philadelphia 76ers,0021500430,2015-12-23,PHI @ MIL,L,15,0,0,,0,0,,0,0,,1,1,2,3,1,0,2,0,0,-12,7.9,1,2015-16
22015,202688,Brandon Knight,1610612756,PHX,Phoenix Suns,0021500433,2015-12-23,PHX vs. DEN,L,41,8,18,0.444,1,5,0.2,4,6,0.667,2,2,4,10,0,0,5,1,21,-7,35.8,1,2015-16
22015,203141,Mirza Teletovic,1610612756,PHX,Phoenix Suns,0021500433,2015-12-23,PHX vs. DEN,L,10,1,3,0.333,1,2,0.5,0,0,,0,0,0,0,0,0,2,1,3,0,1.0,1,2015-16
22015,203090,Maurice Harkless,1610612757,POR,Portland Trail Blazers,0021500432,2015-12-23,POR @ NOP,L,11,0,3,0.0,0,2,0.0,0,0,,0,2,2,1,2,1,0,0,0,-3,12.9,1,2015-16
22015,200752,Rudy Gay,1610612758,SAC,Sacramento Kings,0021500425,2015-12-23,SAC @ IND,W,35,9,16,0.563,0,5,0.0,1,2,0.5,1,2,3,2,1,1,0,1,19,-8,31.6,1,2015-16
22015,201956,Omri Casspi,1610612758,SAC,Sacramento Kings,0021500425,2015-12-23,SAC @ IND,W,41,6,11,0.545,2,5,0.4,1,2,0.5,0,11,11,0,1,0,1,4,15,1,30.2,1,2015-16
22015,201980,Danny Green,1610612759,SAS,San Antonio Spurs,0021500431,2015-12-23,SAS @ MIN,W,22,4,5,0.8,3,4,0.75,0,0,,1,6,7,0,0,0,0,0,11,15,19.4,1,2015-16
22015,200779,Steve Novak,1610612760,OKC,Oklahoma City Thunder,0021500435,2015-12-23,OKC @ LAL,W,6,1,1,1.0,0,0,,0,0,,0,0,0,0,0,0,0,0,2,3,2.0,1,2015-16
22015,203500,Steven Adams,1610612760,OKC,Oklahoma City Thunder,0021500435,2015-12-23,OKC @ LAL,W,25,3,5,0.6,0,0,,0,1,0.0,2,5,7,1,1,2,2,2,6,39,22.9,1,2015-16
22015,203526,Raul Neto,1610612762,UTA,Utah Jazz,0021500434,2015-12-23,UTA @ GSW,L,15,1,2,0.5,0,0,,0,0,,0,2,2,0,2,0,2,1,2,-4,8.4,1,2015-16
22015,2216,Zach Randolph,1610612763,MEM,Memphis Grizzlies,0021500427,2015-12-23,MEM @ WAS,L,26,5,9,0.556,0,0,,6,6,1.0,2,3,5,0,0,1,1,1,16,-1,24.0,1,2015-16
22015,201144,Mike Conley,1610612763,MEM,Memphis Grizzlies,0021500427,2015-12-23,MEM @ WAS,L,40,9,16,0.563,2,3,0.667,1,1,1.0,0,3,3,3,1,0,0,0,21,1,32.1,1,2015-16
22015,201971,DeJuan Blair,1610612764,WAS,Washington Wizards,0021500427,2015-12-23,WAS vs. MEM,W,8,2,4,0.5,0,0,,0,0,,0,1,1,0,1,0,0,2,4,1,8.2,1,2015-16
22015,202322,John Wall,1610612764,WAS,Washington Wizards,0021500427,2015-12-23,WAS vs. MEM,W,37,5,18,0.278,2,7,0.286,2,2,1.0,0,5,5,14,1,1,4,1,14,8,43.0,1,2015-16
22015,1626162,Kelly Oubre Jr.,1610612764,WAS,Washington Wizards,0021500427,2015-12-23,WAS vs. MEM,W,20,3,6,0.5,2,2,1.0,2,2,1.0,4,3,7,0,0,0,0,4,10,15,18.4,1,2015-16
22015,2581,Steve Blake,1610612765,DET,Detroit Pistons,0021500429,2015-12-23,DET @ ATL,L,15,1,6,0.167,0,3,0.0,0,0,,0,1,1,3,1,1,0,3,2,-10,13.7,1,2015-16
22015,201229,Anthony Tolliver,1610612765,DET,Detroit Pistons,0021500429,2015-12-23,DET @ ATL,L,15,1,2,0.5,0,1,0.0,0,0,,1,1,2,3,0,1,1,1,2,-7,10.9,1,2015-16
22015,203484,Kentavious Caldwell-Pope,1610612765,DET,Detroit Pistons,0021500429,2015-12-23,DET @ ATL,L,28,4,12,0.333,2,4,0.5,2,2,1.0,1,3,4,0,1,2,2,1,12,-15,23.8,1,2015-16
22015,1626199,Darrun Hilliard,1610612765,DET,Detroit Pistons,0021500429,2015-12-23,DET @ ATL,L,5,0,1,0.0,0,1,0.0,0,0,,0,0,0,0,0,0,0,0,0,-1,0.0,1,2015-16
22015,101107,Marvin Williams,1610612766,CHA,Charlotte Hornets,0021500423,2015-12-23,CHA vs. BOS,L,17,1,5,0.2,1,3,0.333,0,0,,0,0,0,1,1,0,0,2,3,-13,7.5,1,2015-16
22015,202391,Jeremy Lin,1610612766,CHA,Charlotte Hornets,0021500423,2015-12-23,CHA vs. BOS,L,32,3,11,0.273,0,1,0.0,6,6,1.0,4,4,8,3,0,2,4,1,12,3,28.1,1,2015-16
22015,200757,Thabo Sefolosha,1610612737,ATL,Atlanta Hawks,0021500429,2015-12-23,ATL vs. DET,W,24,0,2,0.0,0,1,0.0,0,0,,0,3,3,2,0,0,0,0,0,0,6.6,1,2015-16
22015,201168,Tiago Splitter,1610612737,ATL,Atlanta Hawks,0021500429,2015-12-23,ATL vs. DET,W,19,4,7,0.571,0,0,,3,4,0.75,2,2,4,1,0,1,1,5,11,5,19.3,1,2015-16
22015,203471,Dennis Schröder,1610612737,ATL,Atlanta Hawks,0021500429,2015-12-23,ATL vs. DET,W,20,5,12,0.417,1,3,0.333,3,4,0.75,1,2,3,5,0,0,3,3,14,-7,22.1,1,2015-16
22015,203488,Mike Muscala,1610612737,ATL,Atlanta Hawks,0021500429,2015-12-23,ATL vs. DET,W,0,0,0,,0,0,,0,0,,0,0,0,0,0,0,0,1,0,-1,0.0,1,2015-16
22015,203096,Jared Sullinger,1610612738,BOS,Boston Celtics,0021500423,2015-12-23,BOS @ CHA,W,24,4,12,0.333,0,3,0.0,0,0,,4,6,10,5,2,1,2,4,8,16,34.5,1,2015-16
22015,1626154,RJ Hunter,1610612738,BOS,Boston Celtics,0021500423,2015-12-23,BOS @ CHA,W,18,2,7,0.286,1,5,0.2,2,2,1.0,0,1,1,1,2,0,0,3,7,-4,15.7,1,2015-16
22015,2592,James Jones,1610612739,CLE,Cleveland Cavaliers,0021500424,2015-12-23,CLE vs. NYK,W,5,0,0,,0,0,,0,0,,0,0,0,0,0,0,0,0,0,-1,0.0,1,2015-16
22015,202389,Timofey Mozgov,1610612739,CLE,Cleveland Cavaliers,0021500424,2015-12-23,CLE vs. NYK,W,14,3,6,0.5,0,0,,0,0,,2,2,4,1,0,1,0,0,6,-3,15.3,1,2015-16
22015,202697,Iman Shumpert,1610612739,CLE,Cleveland Cavaliers,0021500424,2015-12-23,CLE vs. NYK,W,27,2,7,0.286,2,5,0.4,2,2,1.0,1,3,4,1,1,2,0,2,8,15,23.3,1,2015-16
22015,201600,Omer Asik,1610612740,NOP,New Orleans Pelicans,0021500432,2015-12-23,NOP vs. POR,W,25,2,3,0.667,0,0,,0,0,,1,4,5,1,0,2,0,5,4,17,17.5,1,2015-16
22015,201962,Toney Douglas,1610612740,NOP,New Orleans Pelicans,0021500432,2015-12-23,NOP vs. POR,W,3,0,0,,0,0,,0,0,,0,0,0,1,0,0,0,1,0,0,1.5,1,2015-16
22015,202087,Alonzo Gee,1610612740,NOP,New Orleans Pelicans,0021500432,2015-12-23,NOP vs. POR,W,28,3,4,0.75,2,2,1.0,0,0,,1,4,5,1,0,1,1,2,8,21,17.5,1,2015-16
22015,202397,Ish Smith,1610612740,NOP,New Orleans Pelicans,0021500432,2015-12-23,NOP vs. POR,W,4,0,1,0.0,0,0,,0,0,,0,1,1,0,0,0,0,0,0,1,1.2,1,2015-16
22015,203076,Anthony Davis,1610612740,NOP,New Orleans Pelicans,0021500432,2015-12-23,NOP vs. POR,W,36,12,21,0.571,0,1,0.0,4,5,0.8,3,9,12,1,1,3,2,1,28,21,53.9,1,2015-16
22015,101111,Charlie Villanueva,1610612742,DAL,Dallas Mavericks,0021500428,2015-12-23,DAL @ BKN,W,25,5,11,0.455,2,6,0.333,2,2,1.0,0,4,4,0,1,0,0,4,14,-4,21.8,1,2015-16
22015,200826,J.J. Barea,1610612742,DAL,Dallas Mavericks,0021500428,2015-12-23,DAL @ BKN,W,41,13,21,0.619,5,8,0.625,1,1,1.0,0,1,1,11,1,0,5,0,32,17,47.7,1,2015-16
22015,203098,John Jenkins,1610612742,DAL,Dallas Mavericks,0021500428,2015-12-23,DAL @ BKN,W,13,1,4,0.25,0,1,0.0,1,1,1.0,1,0,1,0,1,0,1,0,3,7,6.2,1,2015-16
22015,202702,Kenneth Faried,1610612743,DEN,Denver Nuggets,0021500433,2015-12-23,DEN @ PHX,W,27,5,7,0.714,0,0,,1,3,0.333,3,3,6,0,0,3,1,2,11,-1,26.2,1,2015-16
22015,203914,Gary Harris,1610612743,DEN,Denver Nuggets,0021500433,2015-12-23,DEN @ PHX,W,38,2,13,0.154,0,5,0.0,0,0,,2,1,3,3,0,0,0,3,4,-5,12.1,1,2015-16
22015,203999,Nikola Jokić,1610612743,DEN,Denver Nuggets,0021500433,2015-12-23,DEN @ PHX,W,22,5,7,0.714,1,2,0.5,2,2,1.0,5,4,9,2,1,0,2,3,13,18,27.8,1,2015-16
22015,2571,Leandro Barbosa,1610612744,GSW,Golden State Warriors,0021500434,2015-12-23,GSW vs. UTA,W,16,4,6,0.667,0,0,,0,0,,0,2,2,1,2,0,0,1,8,2,17.9,1,2015-16
22015,2733,Shaun Livingston,1610612744,GSW,Golden State Warriors,0021500434,2015-12-23,GSW vs. UTA,W,18,4,8,0.5,0,0,,1,1,1.0,0,1,1,4,0,1,0,2,9,8,19.2,1,2015-16
22015,203105,Festus Ezeli,1610612744,GSW,Golden State Warriors,0021500434,2015-12-23,GSW vs. UTA,W,15,2,6,0.333,0,0,,2,2,1.0,1,3,4,1,1,4,2,2,6,1,25.3,1,2015-16
22015,203110,Draymond Green,1610612744,GSW,Golden State Warriors,0021500434,2015-12-23,GSW vs. UTA,W,38,7,15,0.467,1,4,0.25,0,0,,2,7,9,6,1,2,3,1,15,23,40.8,1,2015-16
22015,203949,James Michael McAdoo,1610612744,GSW,Golden State Warriors,0021500434,2015-12-23,GSW vs. UTA,W,7,0,0,,0,0,,0,0,,0,1,1,0,0,0,0,0,0,-2,1.2,1,2015-16
22015,203527,Ryan Kelly,1610612747,LAL,Los Angeles Lakers,0021500435,2015-12-23,LAL vs. OKC,L,12,5,7,0.714,1,2,0.5,1,2,0.5,0,3,3,0,0,1,0,0,12,-4,18.6,1,2015-16
22015,1626156,D'Angelo Russell,1610612747,LAL,Los Angeles Lakers,0021500435,2015-12-23,LAL vs. OKC,L,28,6,16,0.375,4,7,0.571,2,3,0.667,1,2,3,2,0,0,0,2,18,11,24.6,1,2015-16
22015,203507,Giannis Antetokounmpo,1610612749,MIL,Milwaukee Bucks,0021500430,2015-12-23,MIL vs. PHI,W,33,11,13,0.846,0,0,,0,0,,1,4,5,6,2,2,2,3,22,16,47.0,1,2015-16
22015,2419,Tayshaun Prince,1610612750,MIN,Minnesota Timberwolves,0021500431,2015-12-23,MIN vs. SAS,L,20,0,2,0.0,0,0,,0,0,,0,2,2,1,0,0,1,0,0,-13,2.9,1,2015-16
22015,203498,Shabazz Muhammad,1610612750,MIN,Minnesota Timberwolves,0021500431,2015-12-23,MIN vs. SAS,L,21,5,9,0.556,1,1,1.0,4,4,1.0,3,0,3,1,0,0,0,0,15,-16,20.1,1,2015-16
22015,203897,Zach LaVine,1610612750,MIN,Minnesota Timberwolves,0021500431,2015-12-23,MIN vs. SAS,L,24,7,13,0.538,1,1,1.0,2,4,0.5,1,1,2,4,2,0,3,2,17,-10,28.4,1,2015-16
22015,203952,Andrew Wiggins,1610612750,MIN,Minnesota Timberwolves,0021500431,2015-12-23,MIN vs. SAS,L,31,2,11,0.182,0,1,0.0,6,9,0.667,0,0,0,4,0,0,2,1,10,-14,14.0,1,2015-16
22015,201167,Arron Afflalo,1610612752,NYK,New York Knicks,0021500424,2015-12-23,NYK @ CLE,L,36,6,17,0.353,0,4,0.0,4,4,1.0,0,5,5,3,1,0,2,2,16,0,27.5,1,2015-16
22015,201577,Robin Lopez,1610612752,NYK,New York Knicks,0021500424,2015-12-23,NYK @ CLE,L,20,4,9,0.444,0,0,,0,0,,1,4,5,0,1,3,2,1,8,-2,24.0,1,2015-16
22015,202682,Derrick Williams,1610612752,NYK,New York Knicks,0021500424,2015-12-23,NYK @ CLE,L,21,2,6,0.333,0,2,0.0,7,7,1.0,0,3,3,1,0,2,2,1,11,1,20.1,1,2015-16
22015,203088,Kendall Marshall,1610612755,PHI,Philadelphia 76ers,0021500430,2015-12-23,PHI @ MIL,L,24,2,4,0.5,1,1,1.0,0,2,0.0,0,0,0,7,0,0,6,2,5,-5,9.5,1,2015-16
22015,203138,Hollis Thompson,1610612755,PHI,Philadelphia 76ers,0021500430,2015-12-23,PHI @ MIL,L,32,7,16,0.438,2,7,0.286,0,0,,2,3,5,1,0,0,1,3,16,-9,22.5,1,2015-16
22015,1626143,Jahlil Okafor,1610612755,PHI,Philadelphia 76ers,0021500430,2015-12-23,PHI @ MIL,L,32,5,16,0.313,0,0,,7,8,0.875,3,5,8,2,1,2,1,1,17,-15,37.6,1,2015-16
22015,202720,Jon Leuer,1610612756,PHX,Phoenix Suns,0021500433,2015-12-23,PHX vs. DEN,L,29,9,18,0.5,0,0,,0,0,,3,7,10,0,0,1,1,3,18,0,32.0,1,2015-16
22015,203468,CJ McCollum,1610612757,POR,Portland Trail Blazers,0021500432,2015-12-23,POR @ NOP,L,35,8,21,0.381,1,5,0.2,2,2,1.0,2,3,5,7,0,0,3,2,19,-18,32.5,1,2015-16
22015,204025,Tim Frazier,1610612757,POR,Portland Trail Blazers,0021500432,2015-12-23,POR @ NOP,L,18,0,5,0.0,0,2,0.0,1,2,0.5,1,2,3,1,1,0,1,2,1,-17,8.1,1,2015-16
22015,200765,Rajon Rondo,1610612758,SAC,Sacramento Kings,0021500425,2015-12-23,SAC @ IND,W,37,6,10,0.6,0,1,0.0,1,2,0.5,1,7,8,17,1,0,9,3,13,-7,42.1,1,2015-16
22015,201954,Darren Collison,1610612758,SAC,Sacramento Kings,0021500425,2015-12-23,SAC @ IND,W,35,11,17,0.647,2,5,0.4,0,0,,0,4,4,5,1,0,1,1,24,12,38.3,1,2015-16
22015,202326,DeMarcus Cousins,1610612758,SAC,Sacramento Kings,0021500425,2015-12-23,SAC @ IND,W,35,8,19,0.421,0,1,0.0,9,10,0.9,3,13,16,1,0,3,5,2,25,-8,49.7,1,2015-16
22015,203463,Ben McLemore,1610612758,SAC,Sacramento Kings,0021500425,2015-12-23,SAC @ IND,W,13,1,4,0.25,0,2,0.0,0,0,,0,2,2,0,0,0,0,1,2,-10,4.4,1,2015-16
22015,2225,Tony Parker,1610612759,SAS,San Antonio Spurs,0021500431,2015-12-23,SAS @ MIN,W,24,6,11,0.545,2,3,0.667,0,0,,0,2,2,6,0,0,2,2,14,12,23.4,1,2015-16
22015,2561,David West,1610612759,SAS,San Antonio Spurs,0021500431,2015-12-23,SAS @ MIN,W,23,6,8,0.75,0,0,,1,3,0.333,3,2,5,1,0,1,0,1,13,10,23.5,1,2015-16
22015,2564,Boris Diaw,1610612759,SAS,San Antonio Spurs,0021500431,2015-12-23,SAS @ MIN,W,16,3,5,0.6,0,1,0.0,0,0,,0,3,3,2,0,0,1,3,6,4,11.6,1,2015-16
22015,203613,Jonathon Simmons,1610612759,SAS,San Antonio Spurs,0021500431,2015-12-23,SAS @ MIN,W,8,1,1,1.0,0,0,,1,2,0.5,0,0,0,0,1,0,0,0,3,4,6.0,1,2015-16
22015,201142,Kevin Durant,1610612760,OKC,Oklahoma City Thunder,0021500435,2015-12-23,OKC @ LAL,W,28,7,9,0.778,1,2,0.5,6,6,1.0,0,7,7,5,0,3,3,4,21,41,42.9,1,2015-16
22015,201586,Serge Ibaka,1610612760,OKC,Oklahoma City Thunder,0021500435,2015-12-23,OKC @ LAL,W,26,7,11,0.636,2,4,0.5,1,1,1.0,1,6,7,0,0,2,2,2,17,38,29.4,1,2015-16
22015,202330,Gordon Hayward,1610612762,UTA,Utah Jazz,0021500434,2015-12-23,UTA @ GSW,L,32,2,15,0.133,0,5,0.0,4,4,1.0,3,5,8,1,0,0,1,1,8,-20,18.1,1,2015-16
22015,203481,Jeff Withey,1610612762,UTA,Utah Jazz,0021500434,2015-12-23,UTA @ GSW,L,13,3,3,1.0,0,0,,3,4,0.75,1,3,4,2,1,0,0,1,9,3,19.8,1,2015-16
22015,1713,Vince Carter,1610612763,MEM,Memphis Grizzlies,0021500427,2015-12-23,MEM @ WAS,L,13,0,5,0.0,0,4,0.0,1,2,0.5,0,2,2,0,2,0,1,2,1,-4,8.4,1,2015-16
22015,101162,Marcin Gortat,1610612764,WAS,Washington Wizards,0021500427,2015-12-23,WAS vs. MEM,W,40,6,13,0.462,0,0,,0,0,,4,8,12,3,0,0,2,5,12,8,28.9,1,2015-16
22015,202066,Garrett Temple,1610612764,WAS,Washington Wizards,0021500427,2015-12-23,WAS vs. MEM,W,40,8,17,0.471,3,9,0.333,1,2,0.5,1,5,6,1,0,0,2,4,20,2,26.7,1,2015-16
22015,203083,Andre Drummond,1610612765,DET,Detroit Pistons,0021500429,2015-12-23,DET @ ATL,L,36,9,13,0.692,0,0,,7,18,0.389,3,9,12,2,1,3,2,5,25,1,52.4,1,2015-16
22015,201946,Tyler Hansbrough,1610612766,CHA,Charlotte Hornets,0021500423,2015-12-23,CHA vs. BOS,L,8,0,0,,0,0,,0,0,,1,2,3,0,0,0,0,1,0,7,3.6,1,2015-16
22015,203469,Cody Zeller,1610612766,CHA,Charlotte Hornets,0021500423,2015-12-23,CHA vs. BOS,L,34,3,7,0.429,0,0,,1,2,0.5,4,6,10,2,2,1,1,2,7,-16,30.0,1,2015-16
22015,1626163,Frank Kaminsky,1610612766,CHA,Charlotte Hornets,0021500423,2015-12-23,CHA vs. BOS,L,31,9,20,0.45,2,7,0.286,3,6,0.5,2,5,7,2,0,1,1,3,23,0,36.4,1,2015-16
22015,203092,Tyler Zeller,1610612738,BOS,Boston Celtics,0021500423,2015-12-23,BOS @ CHA,W,12,1,4,0.25,0,0,,0,0,,1,0,1,0,0,0,0,0,2,1,3.2,1,2015-16
22015,203521,Matthew Dellavedova,1610612739,CLE,Cleveland Cavaliers,0021500424,2015-12-23,CLE vs. NYK,W,31,3,8,0.375,1,4,0.25,0,0,,0,0,0,7,1,0,1,2,7,9,19.5,1,2015-16
22015,201569,Eric Gordon,1610612740,NOP,New Orleans Pelicans,0021500432,2015-12-23,NOP vs. POR,W,34,3,8,0.375,3,7,0.429,2,2,1.0,1,3,4,6,1,0,1,0,11,15,26.8,1,2015-16
22015,202337,Luke Babbitt,1610612740,NOP,New Orleans Pelicans,0021500432,2015-12-23,NOP vs. POR,W,3,1,2,0.5,0,1,0.0,0,0,,0,0,0,0,0,0,0,1,2,0,2.0,1,2015-16
22015,201580,JaVale McGee,1610612742,DAL,Dallas Mavericks,0021500428,2015-12-23,DAL @ BKN,W,9,2,3,0.667,0,0,,0,2,0.0,1,1,2,0,0,0,2,2,4,-4,4.4,1,2015-16
22015,202083,Wesley Matthews,1610612742,DAL,Dallas Mavericks,0021500428,2015-12-23,DAL @ BKN,W,45,6,13,0.462,5,10,0.5,0,0,,0,2,2,0,0,2,4,1,17,-5,21.4,1,2015-16
22015,200751,Randy Foye,1610612743,DEN,Denver Nuggets,0021500433,2015-12-23,DEN @ PHX,W,40,12,27,0.444,7,16,0.438,0,1,0.0,0,2,2,6,0,0,4,3,31,9,38.4,1,2015-16
22015,201939,Stephen Curry,1610612744,GSW,Golden State Warriors,0021500434,2015-12-23,GSW vs. UTA,W,34,5,14,0.357,2,8,0.25,4,4,1.0,1,4,5,9,3,0,3,2,16,21,41.5,1,2015-16
22015,203546,Ian Clark,1610612744,GSW,Golden State Warriors,0021500434,2015-12-23,GSW vs. UTA,W,8,3,3,1.0,1,1,1.0,0,0,,0,0,0,0,0,0,1,0,7,6,6.0,1,2015-16
22015,203940,Adreian Payne,1610612750,MIN,Minnesota Timberwolves,0021500431,2015-12-23,MIN vs. SAS,L,8,0,1,0.0,0,0,,0,0,,0,0,0,0,0,0,0,2,0,-3,0.0,1,2015-16
22015,2207,Joe Johnson,1610612751,BKN,Brooklyn Nets,0021500428,2015-12-23,BKN vs. DAL,L,37,6,16,0.375,1,6,0.167,0,0,,1,4,5,6,1,0,2,3,13,-4,29.0,1,2015-16
22015,101127,Jarrett Jack,1610612751,BKN,Brooklyn Nets,0021500428,2015-12-23,BKN vs. DAL,L,45,4,14,0.286,2,5,0.4,3,3,1.0,1,4,5,8,1,0,2,1,13,7,32.0,1,2015-16
22015,201152,Thaddeus Young,1610612751,BKN,Brooklyn Nets,0021500428,2015-12-23,BKN vs. DAL,L,43,14,20,0.7,1,1,1.0,0,5,0.0,6,4,10,2,4,1,2,1,29,4,57.0,1,2015-16
22015,201961,Wayne Ellington,1610612751,BKN,Brooklyn Nets,0021500428,2015-12-23,BKN vs. DAL,L,17,3,5,0.6,0,0,,1,1,1.0,0,1,1,2,1,0,0,0,7,-12,14.2,1,2015-16
22015,101112,Channing Frye,1610612753,ORL,Orlando Magic,0021500426,2015-12-23,ORL vs. HOU,W,19,4,4,1.0,2,2,1.0,0,0,,1,4,5,2,0,0,0,2,10,11,19.0,1,2015-16
22015,203094,Andrew Nicholson,1610612753,ORL,Orlando Magic,0021500426,2015-12-23,ORL vs. HOU,W,8,1,3,0.333,1,2,0.5,0,0,,0,0,0,0,0,0,1,0,3,-1,2.0,1,2015-16
22015,203901,Elfrid Payton,1610612753,ORL,Orlando Magic,0021500426,2015-12-23,ORL vs. HOU,W,32,5,11,0.455,0,0,,2,4,0.5,0,2,2,9,1,0,3,1,12,-8,27.9,1,2015-16
22015,101145,Monta Ellis,1610612754,IND,Indiana Pacers,0021500425,2015-12-23,IND vs. SAC,L,37,8,13,0.615,3,5,0.6,2,4,0.5,1,1,2,6,3,0,1,2,21,13,40.4,1,2015-16
22015,201588,George Hill,1610612754,IND,Indiana Pacers,0021500425,2015-12-23,IND vs. SAC,L,39,7,14,0.5,4,10,0.4,2,2,1.0,0,4,4,5,3,0,0,2,20,3,41.3,1,2015-16
22015,202331,Paul George,1610612754,IND,Indiana Pacers,0021500425,2015-12-23,IND vs. SAC,L,40,5,19,0.263,1,7,0.143,1,4,0.25,0,10,10,5,4,0,3,3,12,9,40.5,1,2015-16
22015,201171,Carl Landry,1610612755,PHI,Philadelphia 76ers,0021500430,2015-12-23,PHI @ MIL,L,13,2,6,0.333,0,0,,6,8,0.75,2,3,5,1,1,1,1,1,10,5,22.5,1,2015-16
22015,203457,Nerlens Noel,1610612755,PHI,Philadelphia 76ers,0021500430,2015-12-23,PHI @ MIL,L,27,5,8,0.625,0,0,,1,1,1.0,2,3,5,2,3,1,3,0,11,-9,29.0,1,2015-16
22015,203477,Isaiah Canaan,1610612755,PHI,Philadelphia 76ers,0021500430,2015-12-23,PHI @ MIL,L,20,3,6,0.5,2,5,0.4,2,3,0.667,0,4,4,2,1,0,3,2,10,-3,17.8,1,2015-16
22015,203960,JaKarr Sampson,1610612755,PHI,Philadelphia 76ers,0021500430,2015-12-23,PHI @ MIL,L,14,4,8,0.5,0,0,,1,2,0.5,1,1,2,2,0,0,2,1,9,-6,12.4,1,2015-16
22015,1626158,Richaun Holmes,1610612755,PHI,Philadelphia 76ers,0021500430,2015-12-23,PHI @ MIL,L,18,2,5,0.4,0,2,0.0,0,1,0.0,1,1,2,1,1,2,0,0,4,-9,16.9,1,2015-16
22015,2199,Tyson Chandler,1610612756,PHX,Phoenix Suns,0021500433,2015-12-23,PHX vs. DEN,L,10,0,1,0.0,0,0,,1,2,0.5,1,1,2,0,0,1,0,0,1,-19,6.4,1,2015-16
22015,101179,Ronnie Price,1610612756,PHX,Phoenix Suns,0021500433,2015-12-23,PHX vs. DEN,L,30,7,13,0.538,6,9,0.667,0,0,,2,2,4,1,0,0,1,4,20,13,25.3,1,2015-16
22015,203933,T.J. Warren,1610612756,PHX,Phoenix Suns,0021500433,2015-12-23,PHX vs. DEN,L,24,2,7,0.286,1,2,0.5,0,0,,2,3,5,2,2,0,0,2,5,-13,20.0,1,2015-16
22015,203459,Allen Crabbe,1610612757,POR,Portland Trail Blazers,0021500432,2015-12-23,POR @ NOP,L,31,5,14,0.357,1,6,0.167,1,2,0.5,0,0,0,1,0,0,0,2,12,-13,13.5,1,2015-16
22015,200746,LaMarcus Aldridge,1610612759,SAS,San Antonio Spurs,0021500431,2015-12-23,SAS @ MIN,W,29,4,9,0.444,0,1,0.0,4,5,0.8,2,6,8,0,1,1,2,2,12,15,25.6,1,2015-16
22015,201988,Patty Mills,1610612759,SAS,San Antonio Spurs,0021500431,2015-12-23,SAS @ MIN,W,20,3,9,0.333,0,3,0.0,0,0,,1,2,3,1,1,0,3,1,6,9,11.1,1,2015-16
22015,202695,Kawhi Leonard,1610612759,SAS,San Antonio Spurs,0021500431,2015-12-23,SAS @ MIN,W,31,8,16,0.5,3,7,0.429,0,0,,2,4,6,2,2,2,1,1,19,13,40.2,1,2015-16
22015,1626246,Boban Marjanovic,1610612759,SAS,San Antonio Spurs,0021500431,2015-12-23,SAS @ MIN,W,4,1,1,1.0,0,0,,2,2,1.0,1,0,1,0,0,0,1,0,4,4,4.2,1,2015-16
22015,201566,Russell Westbrook,1610612760,OKC,Oklahoma City Thunder,0021500435,2015-12-23,OKC @ LAL,W,30,10,19,0.526,0,1,0.0,3,5,0.6,3,5,8,8,2,0,2,2,23,33,48.6,1,2015-16
22015,203079,Dion Waiters,1610612760,OKC,Oklahoma City Thunder,0021500435,2015-12-23,OKC @ LAL,W,16,1,8,0.125,0,3,0.0,0,0,,0,1,1,1,0,0,2,2,2,-7,2.7,1,2015-16
22015,203460,Andre Roberson,1610612760,OKC,Oklahoma City Thunder,0021500435,2015-12-23,OKC @ LAL,W,26,7,9,0.778,0,1,0.0,1,2,0.5,4,3,7,3,2,4,1,1,15,45,44.9,1,2015-16
22015,202692,Alec Burks,1610612762,UTA,Utah Jazz,0021500434,2015-12-23,UTA @ GSW,L,27,5,12,0.417,1,1,1.0,2,2,1.0,0,3,3,1,0,0,2,1,13,-11,16.1,1,2015-16
22015,204060,Joe Ingles,1610612762,UTA,Utah Jazz,0021500434,2015-12-23,UTA @ GSW,L,20,2,4,0.5,2,3,0.667,0,0,,0,3,3,3,3,0,2,1,6,-5,21.1,1,2015-16
22015,2754,Tony Allen,1610612763,MEM,Memphis Grizzlies,0021500427,2015-12-23,MEM @ WAS,L,22,1,2,0.5,0,0,,3,8,0.375,1,2,3,1,2,1,3,3,5,-3,16.1,1,2015-16
22015,201584,Courtney Lee,1610612763,MEM,Memphis Grizzlies,0021500427,2015-12-23,MEM @ WAS,L,27,3,6,0.5,1,2,0.5,1,2,0.5,0,1,1,1,2,0,0,1,8,-10,16.7,1,2015-16
22015,2743,Kris Humphries,1610612764,WAS,Washington Wizards,0021500427,2015-12-23,WAS vs. MEM,W,17,2,4,0.5,2,3,0.667,2,2,1.0,0,3,3,0,0,1,2,0,8,-2,12.6,1,2015-16
22015,202390,Gary Neal,1610612764,WAS,Washington Wizards,0021500427,2015-12-23,WAS vs. MEM,W,16,1,2,0.5,0,0,,3,5,0.6,0,0,0,2,0,0,2,2,5,-4,6.0,1,2015-16
22015,202694,Marcus Morris Sr.,1610612765,DET,Detroit Pistons,0021500429,2015-12-23,DET @ ATL,L,38,9,16,0.563,2,2,1.0,2,3,0.667,2,5,7,1,1,0,1,0,22,0,33.9,1,2015-16
22015,201952,Jeff Teague,1610612737,ATL,Atlanta Hawks,0021500429,2015-12-23,ATL vs. DET,W,32,10,19,0.526,0,3,0.0,3,5,0.6,4,2,6,9,4,0,2,3,23,9,53.7,1,2015-16
22015,203109,Jae Crowder,1610612738,BOS,Boston Celtics,0021500423,2015-12-23,BOS @ CHA,W,37,8,16,0.5,0,5,0.0,3,4,0.75,1,11,12,0,0,1,0,3,19,13,36.4,1,2015-16
22015,1717,Dirk Nowitzki,1610612742,DAL,Dallas Mavericks,0021500428,2015-12-23,DAL @ BKN,W,37,7,13,0.538,3,5,0.6,5,5,1.0,0,5,5,3,0,0,1,2,22,16,31.5,1,2015-16
22015,2585,Zaza Pachulia,1610612742,DAL,Dallas Mavericks,0021500428,2015-12-23,DAL @ BKN,W,27,2,3,0.667,0,0,,4,4,1.0,2,4,6,1,0,0,0,2,8,-6,16.7,1,2015-16
22015,101109,Raymond Felton,1610612742,DAL,Dallas Mavericks,0021500428,2015-12-23,DAL @ BKN,W,24,3,6,0.5,0,1,0.0,0,0,,0,4,4,4,0,1,3,1,6,-21,16.8,1,2015-16
22015,201147,Corey Brewer,1610612745,HOU,Houston Rockets,0021500426,2015-12-23,HOU @ ORL,L,12,2,5,0.4,0,2,0.0,0,0,,1,3,4,0,1,0,0,1,4,0,11.8,1,2015-16
22015,708,Kevin Garnett,1610612750,MIN,Minnesota Timberwolves,0021500431,2015-12-23,MIN vs. SAS,L,11,1,1,1.0,0,0,,2,2,1.0,0,1,1,0,1,0,0,1,4,-10,8.2,1,2015-16
22015,203186,Willie Reed,1610612751,BKN,Brooklyn Nets,0021500428,2015-12-23,BKN vs. DAL,L,7,2,3,0.667,0,0,,1,2,0.5,1,1,2,0,0,0,0,2,5,5,7.4,1,2015-16
22015,203921,Cleanthony Early,1610612752,NYK,New York Knicks,0021500424,2015-12-23,NYK @ CLE,L,6,0,0,,0,0,,0,0,,0,0,0,0,0,0,1,1,0,-1,-1.0,1,2015-16
22015,1626192,Pat Connaughton,1610612757,POR,Portland Trail Blazers,0021500432,2015-12-23,POR @ NOP,L,6,0,1,0.0,0,0,,0,0,,0,0,0,0,0,0,0,0,0,-2,0.0,1,2015-16
22015,1626242,Luis Montero,1610612757,POR,Portland Trail Blazers,0021500432,2015-12-23,POR @ NOP,L,6,0,3,0.0,0,2,0.0,2,2,1.0,0,0,0,1,0,0,0,1,2,-2,3.5,1,2015-16
22015,201585,Kosta Koufos,1610612758,SAC,Sacramento Kings,0021500425,2015-12-23,SAC @ IND,W,19,2,5,0.4,0,0,,0,0,,1,2,3,0,1,0,0,3,4,14,10.6,1,2015-16
22015,2446,Rasual Butler,1610612759,SAS,San Antonio Spurs,0021500431,2015-12-23,SAS @ MIN,W,4,0,0,,0,0,,0,0,,0,0,0,0,0,0,0,0,0,4,0.0,1,2015-16
22015,2555,Nick Collison,1610612760,OKC,Oklahoma City Thunder,0021500435,2015-12-23,OKC @ LAL,W,18,2,4,0.5,0,0,,0,0,,2,6,8,0,0,0,1,1,4,-4,12.6,1,2015-16
22015,1626166,Cameron Payne,1610612760,OKC,Oklahoma City Thunder,0021500435,2015-12-23,OKC @ LAL,W,9,2,5,0.4,1,3,0.333,0,0,,0,1,1,1,2,0,0,0,5,0,13.7,1,2015-16
22015,202344,Trevor Booker,1610612762,UTA,Utah Jazz,0021500434,2015-12-23,UTA @ GSW,L,19,0,1,0.0,0,1,0.0,0,0,,1,4,5,0,0,0,2,3,0,-9,4.0,1,2015-16
22015,2440,Matt Barnes,1610612763,MEM,Memphis Grizzlies,0021500427,2015-12-23,MEM @ WAS,L,23,1,6,0.167,0,4,0.0,0,0,,0,1,1,0,2,2,2,1,2,-8,13.2,1,2015-16
22015,201596,Mario Chalmers,1610612763,MEM,Memphis Grizzlies,0021500427,2015-12-23,MEM @ WAS,L,5,0,1,0.0,0,0,,0,0,,0,1,1,0,1,0,0,3,0,-11,4.2,1,2015-16
22015,201162,Jared Dudley,1610612764,WAS,Washington Wizards,0021500427,2015-12-23,WAS vs. MEM,W,31,5,7,0.714,1,2,0.5,0,0,,2,4,6,3,1,0,1,4,11,11,24.7,1,2015-16
22015,2747,JR Smith,1610612739,CLE,Cleveland Cavaliers,0021500438,2015-12-25,CLE @ GSW,L,29,4,9,0.444,4,8,0.5,2,3,0.667,0,1,1,0,1,0,2,3,14,-11,16.2,1,2015-16
22015,202697,Iman Shumpert,1610612739,CLE,Cleveland Cavaliers,0021500438,2015-12-25,CLE @ GSW,L,29,0,6,0.0,0,3,0.0,0,0,,1,3,4,1,1,0,0,4,0,-5,9.3,1,2015-16
22015,202708,Norris Cole,1610612740,NOP,New Orleans Pelicans,0021500436,2015-12-25,NOP @ MIA,L,31,4,10,0.4,0,2,0.0,0,0,,1,2,3,1,3,0,1,3,8,-2,21.1,1,2015-16
22015,203926,Doug McDermott,1610612741,CHI,Chicago Bulls,0021500437,2015-12-25,CHI @ OKC,W,23,2,7,0.286,1,4,0.25,0,0,,1,2,3,1,1,0,1,0,5,3,12.1,1,2015-16
22015,1626171,Bobby Portis,1610612741,CHI,Chicago Bulls,0021500437,2015-12-25,CHI @ OKC,W,20,3,8,0.375,1,1,1.0,0,0,,1,4,5,3,1,0,1,2,7,3,19.5,1,2015-16
22015,203105,Festus Ezeli,1610612744,GSW,Golden State Warriors,0021500438,2015-12-25,GSW vs. CLE,W,17,1,4,0.25,0,0,,1,2,0.5,0,4,4,0,0,2,2,1,3,-5,11.8,1,2015-16
22015,203546,Ian Clark,1610612744,GSW,Golden State Warriors,0021500438,2015-12-25,GSW vs. CLE,W,5,0,1,0.0,0,0,,0,0,,0,0,0,0,1,0,0,0,0,-1,3.0,1,2015-16
22015,2772,Trevor Ariza,1610612745,HOU,Houston Rockets,0021500439,2015-12-25,HOU vs. SAS,W,28,2,4,0.5,1,1,1.0,2,2,1.0,0,4,4,1,0,0,3,4,7,-5,10.3,1,2015-16
22015,202700,Donatas Motiejunas,1610612745,HOU,Houston Rockets,0021500439,2015-12-25,HOU vs. SAS,W,6,2,4,0.5,0,0,,0,0,,0,0,0,0,0,0,0,0,4,-3,4.0,1,2015-16
22015,201601,Luc Mbah a Moute,1610612746,LAC,LA Clippers,0021500440,2015-12-25,LAC @ LAL,W,22,2,3,0.667,2,3,0.667,0,0,,0,1,1,0,1,0,1,0,6,15,9.2,1,2015-16
22015,202362,Lance Stephenson,1610612746,LAC,LA Clippers,0021500440,2015-12-25,LAC @ LAL,W,15,1,5,0.2,1,2,0.5,0,0,,0,1,1,1,0,0,0,1,3,-2,5.7,1,2015-16
22015,101138,Brandon Bass,1610612747,LAL,Los Angeles Lakers,0021500440,2015-12-25,LAL vs. LAC,L,21,3,5,0.6,0,0,,1,2,0.5,0,3,3,1,1,1,0,1,7,8,18.1,1,2015-16
22015,1626156,D'Angelo Russell,1610612747,LAL,Los Angeles Lakers,0021500440,2015-12-25,LAL vs. LAC,L,28,7,13,0.538,2,5,0.4,0,2,0.0,2,5,7,1,2,1,4,2,16,-1,30.9,1,2015-16
22015,1626204,Larry Nance Jr.,1610612747,LAL,Los Angeles Lakers,0021500440,2015-12-25,LAL vs. LAC,L,21,3,5,0.6,0,0,,0,0,,2,3,5,2,0,0,1,1,6,-9,14.0,1,2015-16
22015,1495,Tim Duncan,1610612759,SAS,San Antonio Spurs,0021500439,2015-12-25,SAS @ HOU,L,32,5,10,0.5,0,0,,3,4,0.75,2,9,11,3,0,0,3,4,13,2,27.7,1,2015-16
22015,2564,Boris Diaw,1610612759,SAS,San Antonio Spurs,0021500439,2015-12-25,SAS @ HOU,L,16,5,11,0.455,0,2,0.0,0,0,,0,0,0,2,1,0,2,2,10,-6,14.0,1,2015-16
22015,200746,LaMarcus Aldridge,1610612759,SAS,San Antonio Spurs,0021500439,2015-12-25,SAS @ HOU,L,36,9,17,0.529,0,0,,0,0,,5,4,9,2,0,0,1,3,18,1,30.8,1,2015-16
22015,203079,Dion Waiters,1610612760,OKC,Oklahoma City Thunder,0021500437,2015-12-25,OKC vs. CHI,L,19,1,6,0.167,0,0,,0,0,,0,0,0,2,1,0,1,0,2,9,7.0,1,2015-16
22015,2592,James Jones,1610612739,CLE,Cleveland Cavaliers,0021500438,2015-12-25,CLE @ GSW,L,2,0,0,,0,0,,0,0,,0,2,2,0,0,0,0,0,0,0,2.4,1,2015-16
22015,201567,Kevin Love,1610612739,CLE,Cleveland Cavaliers,0021500438,2015-12-25,CLE @ GSW,L,39,5,16,0.313,0,5,0.0,0,0,,3,15,18,4,0,2,1,2,10,2,42.6,1,2015-16
22015,2200,Pau Gasol,1610612741,CHI,Chicago Bulls,0021500437,2015-12-25,CHI @ OKC,W,38,8,16,0.5,0,1,0.0,5,6,0.833,7,6,13,6,0,2,4,2,21,3,47.6,1,2015-16
22015,201166,Aaron Brooks,1610612741,CHI,Chicago Bulls,0021500437,2015-12-25,CHI @ OKC,W,10,2,4,0.5,2,2,1.0,0,0,,0,4,4,1,0,1,0,1,6,3,15.3,1,2015-16
22015,202703,Nikola Mirotic,1610612741,CHI,Chicago Bulls,0021500437,2015-12-25,CHI @ OKC,W,16,1,5,0.2,1,5,0.2,3,3,1.0,0,7,7,2,1,2,1,2,6,20,25.4,1,2015-16
22015,201578,Marreese Speights,1610612744,GSW,Golden State Warriors,0021500438,2015-12-25,GSW vs. CLE,W,4,0,1,0.0,0,0,,0,0,,0,0,0,0,1,0,1,2,0,-7,2.0,1,2015-16
22015,1891,Jason Terry,1610612745,HOU,Houston Rockets,0021500439,2015-12-25,HOU vs. SAS,W,17,3,3,1.0,2,2,1.0,4,5,0.8,0,1,1,1,3,0,1,0,12,11,22.7,1,2015-16
22015,203093,Terrence Jones,1610612745,HOU,Houston Rockets,0021500439,2015-12-25,HOU vs. SAS,W,22,6,11,0.545,0,1,0.0,2,2,1.0,0,6,6,0,1,0,0,0,14,4,24.2,1,2015-16
22015,2037,Jamal Crawford,1610612746,LAC,LA Clippers,0021500440,2015-12-25,LAC @ LAL,W,20,4,10,0.4,1,1,1.0,4,4,1.0,0,3,3,0,1,0,1,1,13,-5,18.6,1,2015-16
22015,200755,JJ Redick,1610612746,LAC,LA Clippers,0021500440,2015-12-25,LAC @ LAL,W,28,5,12,0.417,3,8,0.375,1,2,0.5,0,3,3,2,1,0,1,2,14,15,22.6,1,2015-16
22015,203903,Jordan Clarkson,1610612747,LAL,Los Angeles Lakers,0021500440,2015-12-25,LAL vs. LAC,L,31,4,9,0.444,0,3,0.0,3,4,0.75,0,3,3,3,1,0,4,3,11,-24,18.1,1,2015-16
22015,2617,Udonis Haslem,1610612748,MIA,Miami Heat,0021500436,2015-12-25,MIA vs. NOP,W,8,1,2,0.5,0,0,,0,0,,0,2,2,0,0,0,0,0,2,-2,4.4,1,2015-16
22015,1938,Manu Ginobili,1610612759,SAS,San Antonio Spurs,0021500439,2015-12-25,SAS @ HOU,L,26,3,7,0.429,1,3,0.333,2,2,1.0,2,4,6,3,1,0,3,3,9,1,20.7,1,2015-16
22015,201980,Danny Green,1610612759,SAS,San Antonio Spurs,0021500439,2015-12-25,SAS @ HOU,L,22,2,6,0.333,1,2,0.5,0,0,,0,1,1,0,1,1,1,1,5,-5,11.2,1,2015-16
22015,2555,Nick Collison,1610612760,OKC,Oklahoma City Thunder,0021500437,2015-12-25,OKC vs. CHI,L,11,1,2,0.5,0,0,,0,0,,2,0,2,0,0,0,0,1,2,5,4.4,1,2015-16
22015,201142,Kevin Durant,1610612760,OKC,Oklahoma City Thunder,0021500437,2015-12-25,OKC vs. CHI,L,42,11,21,0.524,1,6,0.167,6,6,1.0,2,7,9,7,1,1,2,1,29,-4,54.3,1,2015-16
22015,201571,D.J. Augustin,1610612760,OKC,Oklahoma City Thunder,0021500437,2015-12-25,OKC vs. CHI,L,13,1,4,0.25,1,2,0.5,0,0,,0,1,1,1,1,0,2,1,3,-12,6.7,1,2015-16
22015,202684,Tristan Thompson,1610612739,CLE,Cleveland Cavaliers,0021500438,2015-12-25,CLE @ GSW,L,27,3,6,0.5,0,0,,2,2,1.0,3,7,10,1,1,0,0,5,8,9,24.5,1,2015-16
22015,201600,Omer Asik,1610612740,NOP,New Orleans Pelicans,0021500436,2015-12-25,NOP @ MIA,L,18,1,1,1.0,0,0,,0,0,,0,3,3,1,0,0,1,0,2,-3,6.1,1,2015-16
22015,202087,Alonzo Gee,1610612740,NOP,New Orleans Pelicans,0021500436,2015-12-25,NOP @ MIA,L,17,0,2,0.0,0,2,0.0,0,0,,1,2,3,1,0,0,0,2,0,-14,5.1,1,2015-16
22015,202710,Jimmy Butler III,1610612741,CHI,Chicago Bulls,0021500437,2015-12-25,CHI @ OKC,W,43,9,20,0.45,1,3,0.333,4,4,1.0,3,3,6,4,4,0,3,2,23,4,45.2,1,2015-16
22015,201939,Stephen Curry,1610612744,GSW,Golden State Warriors,0021500438,2015-12-25,GSW vs. CLE,W,37,6,15,0.4,1,4,0.25,6,6,1.0,1,6,7,7,2,0,3,3,19,15,40.9,1,2015-16
22015,202691,Klay Thompson,1610612744,GSW,Golden State Warriors,0021500438,2015-12-25,GSW vs. CLE,W,36,6,16,0.375,1,4,0.25,5,6,0.833,2,4,6,1,0,1,1,1,18,2,28.7,1,2015-16
22015,201147,Corey Brewer,1610612745,HOU,Houston Rockets,0021500439,2015-12-25,HOU vs. SAS,W,20,2,6,0.333,0,0,,0,0,,0,5,5,3,0,0,4,3,4,9,10.5,1,2015-16
22015,201951,Ty Lawson,1610612745,HOU,Houston Rockets,0021500439,2015-12-25,HOU vs. SAS,W,19,3,5,0.6,1,1,1.0,0,0,,1,2,3,5,0,0,1,2,7,3,17.1,1,2015-16
22015,201976,Patrick Beverley,1610612745,HOU,Houston Rockets,0021500439,2015-12-25,HOU vs. SAS,W,22,1,8,0.125,1,4,0.25,0,0,,1,1,2,3,2,0,1,2,3,0,14.9,1,2015-16
22015,203991,Clint Capela,1610612745,HOU,Houston Rockets,0021500439,2015-12-25,HOU vs. SAS,W,32,2,6,0.333,0,0,,2,4,0.5,4,1,5,1,0,1,3,1,6,2,13.5,1,2015-16
22015,201156,Nick Young,1610612747,LAL,Los Angeles Lakers,0021500440,2015-12-25,LAL vs. LAC,L,22,0,5,0.0,0,4,0.0,0,0,,0,5,5,0,0,0,0,0,0,7,6.0,1,2015-16
22015,201579,Roy Hibbert,1610612747,LAL,Los Angeles Lakers,0021500440,2015-12-25,LAL vs. LAC,L,27,4,10,0.4,0,0,,0,0,,0,3,3,1,0,0,0,1,8,-18,13.1,1,2015-16
22015,203944,Julius Randle,1610612747,LAL,Los Angeles Lakers,0021500440,2015-12-25,LAL vs. LAC,L,27,3,11,0.273,1,3,0.333,4,6,0.667,2,6,8,2,3,0,3,2,11,-1,29.6,1,2015-16
22015,2736,Luol Deng,1610612748,MIA,Miami Heat,0021500436,2015-12-25,MIA vs. NOP,W,44,3,8,0.375,3,5,0.6,0,0,,0,5,5,1,2,0,1,1,9,8,21.5,1,2015-16
22015,1626159,Justise Winslow,1610612748,MIA,Miami Heat,0021500436,2015-12-25,MIA vs. NOP,W,30,3,6,0.5,1,3,0.333,2,3,0.667,1,5,6,0,1,1,1,3,9,-8,21.2,1,2015-16
22015,201988,Patty Mills,1610612759,SAS,San Antonio Spurs,0021500439,2015-12-25,SAS @ HOU,L,19,1,5,0.2,1,5,0.2,0,0,,0,5,5,3,1,0,0,0,3,-3,16.5,1,2015-16
22015,201586,Serge Ibaka,1610612760,OKC,Oklahoma City Thunder,0021500437,2015-12-25,OKC vs. CHI,L,35,3,12,0.25,0,2,0.0,0,0,,2,5,7,0,2,2,2,4,6,-7,24.4,1,2015-16
22015,202683,Enes Freedom,1610612760,OKC,Oklahoma City Thunder,0021500437,2015-12-25,OKC vs. CHI,L,26,6,12,0.5,0,0,,2,2,1.0,7,6,13,1,0,0,0,1,14,5,31.1,1,2015-16
22015,203460,Andre Roberson,1610612760,OKC,Oklahoma City Thunder,0021500437,2015-12-25,OKC vs. CHI,L,20,1,6,0.167,0,1,0.0,0,0,,3,1,4,1,0,0,0,2,2,-12,8.3,1,2015-16
22015,2544,LeBron James,1610612739,CLE,Cleveland Cavaliers,0021500438,2015-12-25,CLE @ GSW,L,39,10,26,0.385,1,5,0.2,4,9,0.444,2,7,9,2,1,2,4,0,25,-9,43.8,1,2015-16
22015,202681,Kyrie Irving,1610612739,CLE,Cleveland Cavaliers,0021500438,2015-12-25,CLE @ GSW,L,26,4,15,0.267,0,6,0.0,5,5,1.0,3,0,3,2,1,0,2,1,13,7,20.6,1,2015-16
22015,201569,Eric Gordon,1610612740,NOP,New Orleans Pelicans,0021500436,2015-12-25,NOP @ MIA,L,43,5,15,0.333,1,3,0.333,5,5,1.0,0,3,3,2,2,0,3,5,16,-1,25.6,1,2015-16
22015,201936,Tyreke Evans,1610612740,NOP,New Orleans Pelicans,0021500436,2015-12-25,NOP @ MIA,L,35,2,9,0.222,0,1,0.0,2,2,1.0,0,6,6,7,0,0,5,3,6,-1,18.7,1,2015-16
22015,201950,Jrue Holiday,1610612740,NOP,New Orleans Pelicans,0021500436,2015-12-25,NOP @ MIA,L,27,4,9,0.444,1,3,0.333,0,0,,0,3,3,2,0,0,2,2,9,-2,13.6,1,2015-16
22015,2550,Kirk Hinrich,1610612741,CHI,Chicago Bulls,0021500437,2015-12-25,CHI @ OKC,W,17,1,2,0.5,0,0,,0,0,,0,0,0,2,0,0,0,2,2,0,5.0,1,2015-16
22015,2738,Andre Iguodala,1610612744,GSW,Golden State Warriors,0021500438,2015-12-25,GSW vs. CLE,W,30,1,6,0.167,1,5,0.2,4,6,0.667,0,2,2,3,1,1,0,1,7,7,19.9,1,2015-16
22015,201575,Brandon Rush,1610612744,GSW,Golden State Warriors,0021500438,2015-12-25,GSW vs. CLE,W,18,0,5,0.0,0,2,0.0,0,0,,0,3,3,0,1,0,1,1,0,0,5.6,1,2015-16
22015,203110,Draymond Green,1610612744,GSW,Golden State Warriors,0021500438,2015-12-25,GSW vs. CLE,W,39,8,17,0.471,2,3,0.667,4,7,0.571,1,14,15,7,0,2,4,2,22,14,52.5,1,2015-16
22015,201599,DeAndre Jordan,1610612746,LAC,LA Clippers,0021500440,2015-12-25,LAC @ LAL,W,37,4,6,0.667,0,0,,1,2,0.5,3,11,14,1,1,1,1,3,9,23,32.3,1,2015-16
22015,201933,Blake Griffin,1610612746,LAC,LA Clippers,0021500440,2015-12-25,LAC @ LAL,W,36,6,16,0.375,0,1,0.0,1,2,0.5,3,9,12,7,1,1,6,4,13,21,37.9,1,2015-16
22015,202325,Wesley Johnson,1610612746,LAC,LA Clippers,0021500440,2015-12-25,LAC @ LAL,W,11,3,5,0.6,2,4,0.5,0,0,,0,1,1,0,0,1,1,1,8,-3,11.2,1,2015-16
22015,202332,Cole Aldrich,1610612746,LAC,LA Clippers,0021500440,2015-12-25,LAC @ LAL,W,11,0,2,0.0,0,0,,0,0,,0,0,0,1,1,0,1,3,0,-13,3.5,1,2015-16
22015,977,Kobe Bryant,1610612747,LAL,Los Angeles Lakers,0021500440,2015-12-25,LAL vs. LAC,L,26,4,10,0.4,3,5,0.6,1,4,0.25,0,3,3,3,2,0,3,0,12,-17,23.1,1,2015-16
22015,101150,Lou Williams,1610612747,LAL,Los Angeles Lakers,0021500440,2015-12-25,LAL vs. LAC,L,26,1,5,0.2,1,3,0.333,4,7,0.571,0,1,1,2,0,0,0,1,7,-13,11.2,1,2015-16
22015,2561,David West,1610612759,SAS,San Antonio Spurs,0021500439,2015-12-25,SAS @ HOU,L,12,1,4,0.25,0,1,0.0,0,0,,1,3,4,1,1,0,0,0,2,-5,11.3,1,2015-16
22015,202695,Kawhi Leonard,1610612759,SAS,San Antonio Spurs,0021500439,2015-12-25,SAS @ HOU,L,39,8,19,0.421,2,5,0.4,2,2,1.0,4,4,8,4,5,3,1,4,20,7,58.6,1,2015-16
22015,201627,Anthony Morrow,1610612760,OKC,Oklahoma City Thunder,0021500437,2015-12-25,OKC vs. CHI,L,21,3,6,0.5,3,6,0.5,0,0,,0,1,1,0,1,0,0,0,9,0,13.2,1,2015-16
22015,202389,Timofey Mozgov,1610612739,CLE,Cleveland Cavaliers,0021500438,2015-12-25,CLE @ GSW,L,14,0,5,0.0,0,0,,0,0,,3,0,3,0,0,0,1,3,0,-15,2.6,1,2015-16
22015,203521,Matthew Dellavedova,1610612739,CLE,Cleveland Cavaliers,0021500438,2015-12-25,CLE @ GSW,L,31,4,11,0.364,0,3,0.0,2,3,0.667,2,3,5,1,1,0,1,4,10,-12,19.5,1,2015-16
22015,201967,Dante Cunningham,1610612740,NOP,New Orleans Pelicans,0021500436,2015-12-25,NOP @ MIA,L,6,0,1,0.0,0,1,0.0,0,0,,0,1,1,0,0,0,0,0,0,2,1.2,1,2015-16
22015,203076,Anthony Davis,1610612740,NOP,New Orleans Pelicans,0021500436,2015-12-25,NOP @ MIA,L,50,13,29,0.448,1,2,0.5,2,3,0.667,3,12,15,4,4,3,4,2,29,-11,70.0,1,2015-16
22015,201565,Derrick Rose,1610612741,CHI,Chicago Bulls,0021500437,2015-12-25,CHI @ OKC,W,30,7,18,0.389,0,1,0.0,5,6,0.833,1,3,4,1,0,0,4,6,19,10,21.3,1,2015-16
22015,201959,Taj Gibson,1610612741,CHI,Chicago Bulls,0021500437,2015-12-25,CHI @ OKC,W,34,6,8,0.75,0,0,,1,1,1.0,3,7,10,2,1,1,1,2,13,11,33.0,1,2015-16
22015,203503,Tony Snell,1610612741,CHI,Chicago Bulls,0021500437,2015-12-25,CHI @ OKC,W,9,1,4,0.25,1,1,1.0,0,0,,0,1,1,0,0,0,1,0,3,-12,3.2,1,2015-16
22015,2571,Leandro Barbosa,1610612744,GSW,Golden State Warriors,0021500438,2015-12-25,GSW vs. CLE,W,5,0,2,0.0,0,0,,0,0,,0,1,1,0,0,0,0,2,0,-9,1.2,1,2015-16
22015,2733,Shaun Livingston,1610612744,GSW,Golden State Warriors,0021500438,2015-12-25,GSW vs. CLE,W,22,8,9,0.889,0,0,,0,0,,1,2,3,2,1,0,4,5,16,6,21.6,1,2015-16
22015,101106,Andrew Bogut,1610612744,GSW,Golden State Warriors,0021500438,2015-12-25,GSW vs. CLE,W,24,2,2,1.0,0,0,,0,0,,3,4,7,1,0,4,0,1,4,9,25.9,1,2015-16
22015,2730,Dwight Howard,1610612745,HOU,Houston Rockets,0021500439,2015-12-25,HOU vs. SAS,W,36,4,6,0.667,0,0,,3,8,0.375,2,10,12,0,2,0,0,2,11,5,31.4,1,2015-16
22015,1718,Paul Pierce,1610612746,LAC,LA Clippers,0021500440,2015-12-25,LAC @ LAL,W,12,1,6,0.167,0,3,0.0,0,0,,0,1,1,2,0,0,2,1,2,-11,4.2,1,2015-16
22015,1626273,Marcelo Huertas,1610612747,LAL,Los Angeles Lakers,0021500440,2015-12-25,LAL vs. LAC,L,12,3,4,0.75,0,0,,0,0,,0,2,2,2,1,0,0,2,6,18,14.4,1,2015-16
22015,2548,Dwyane Wade,1610612748,MIA,Miami Heat,0021500436,2015-12-25,MIA vs. NOP,W,37,7,20,0.35,0,2,0.0,5,9,0.556,1,5,6,4,1,0,3,2,19,-3,32.2,1,2015-16
22015,2757,Beno Udrih,1610612748,MIA,Miami Heat,0021500436,2015-12-25,MIA vs. NOP,W,13,1,2,0.5,0,0,,2,2,1.0,0,2,2,4,1,0,2,0,4,-7,13.4,1,2015-16
22015,101123,Gerald Green,1610612748,MIA,Miami Heat,0021500436,2015-12-25,MIA vs. NOP,W,26,3,10,0.3,0,6,0.0,0,0,,0,6,6,0,4,0,4,3,6,13,21.2,1,2015-16
22015,202355,Hassan Whiteside,1610612748,MIA,Miami Heat,0021500436,2015-12-25,MIA vs. NOP,W,25,3,7,0.429,0,0,,2,4,0.5,6,11,17,0,0,4,3,4,8,1,37.4,1,2015-16
22015,201566,Russell Westbrook,1610612760,OKC,Oklahoma City Thunder,0021500437,2015-12-25,OKC vs. CHI,L,40,9,23,0.391,1,7,0.143,7,13,0.538,1,6,7,8,6,0,6,3,26,-5,58.4,1,2015-16
22015,203500,Steven Adams,1610612760,OKC,Oklahoma City Thunder,0021500437,2015-12-25,OKC vs. CHI,L,13,1,4,0.25,0,0,,1,2,0.5,1,3,4,0,0,0,0,2,3,-24,7.8,1,2015-16
22015,2590,Mo Williams,1610612739,CLE,Cleveland Cavaliers,0021500438,2015-12-25,CLE @ GSW,L,5,0,1,0.0,0,0,,3,3,1.0,0,0,0,1,0,0,0,0,3,4,4.5,1,2015-16
22015,201583,Ryan Anderson,1610612740,NOP,New Orleans Pelicans,0021500436,2015-12-25,NOP @ MIA,L,37,7,14,0.5,3,6,0.5,1,1,1.0,2,6,8,1,1,0,1,3,18,2,31.1,1,2015-16
22015,203949,James Michael McAdoo,1610612744,GSW,Golden State Warriors,0021500438,2015-12-25,GSW vs. CLE,W,3,0,0,,0,0,,0,0,,0,1,1,0,0,0,0,0,0,-1,1.2,1,2015-16
22015,201935,James Harden,1610612745,HOU,Houston Rockets,0021500439,2015-12-25,HOU vs. SAS,W,38,7,21,0.333,2,6,0.333,4,5,0.8,0,4,4,9,0,1,4,3,20,-6,37.3,1,2015-16
22015,101108,Chris Paul,1610612746,LAC,LA Clippers,0021500440,2015-12-25,LAC @ LAL,W,35,11,19,0.579,0,3,0.0,1,1,1.0,0,5,5,6,3,0,1,2,23,17,46.0,1,2015-16
22015,203143,Pablo Prigioni,1610612746,LAC,LA Clippers,0021500440,2015-12-25,LAC @ LAL,W,13,1,1,1.0,1,1,1.0,0,0,,2,2,4,2,1,0,1,2,3,-7,12.8,1,2015-16
22015,2547,Chris Bosh,1610612748,MIA,Miami Heat,0021500436,2015-12-25,MIA vs. NOP,W,42,11,25,0.44,2,8,0.25,6,7,0.857,2,8,10,4,1,0,1,2,30,13,50.0,1,2015-16
22015,201609,Goran Dragic,1610612748,MIA,Miami Heat,0021500436,2015-12-25,MIA vs. NOP,W,40,3,8,0.375,0,2,0.0,1,2,0.5,1,2,3,6,0,0,2,0,7,15,17.6,1,2015-16
22015,2225,Tony Parker,1610612759,SAS,San Antonio Spurs,0021500439,2015-12-25,SAS @ HOU,L,29,1,7,0.143,0,1,0.0,0,0,,0,2,2,3,1,0,3,1,2,-1,8.9,1,2015-16
22015,203613,Jonathon Simmons,1610612759,SAS,San Antonio Spurs,0021500439,2015-12-25,SAS @ HOU,L,9,1,2,0.5,0,1,0.0,0,0,,0,1,1,3,0,0,1,2,2,-11,6.7,1,2015-16
22015,201168,Tiago Splitter,1610612737,ATL,Atlanta Hawks,0021500442,2015-12-26,ATL vs. NYK,W,4,1,2,0.5,0,0,,0,0,,1,0,1,0,0,0,0,1,2,6,3.2,1,2015-16
22015,203200,Justin Holiday,1610612737,ATL,Atlanta Hawks,0021500442,2015-12-26,ATL vs. NYK,W,2,0,0,,0,0,,0,0,,0,1,1,0,0,0,1,0,0,-1,0.2,1,2015-16
22015,2760,Anderson Varejao,1610612739,CLE,Cleveland Cavaliers,0021500453,2015-12-26,CLE @ POR,L,14,2,2,1.0,0,0,,0,0,,0,5,5,1,0,0,2,2,4,3,9.5,1,2015-16
22015,202389,Timofey Mozgov,1610612739,CLE,Cleveland Cavaliers,0021500453,2015-12-26,CLE @ POR,L,14,1,4,0.25,0,0,,0,0,,2,2,4,0,0,1,1,2,2,-13,8.8,1,2015-16
22015,203099,Jared Cunningham,1610612739,CLE,Cleveland Cavaliers,0021500453,2015-12-26,CLE @ POR,L,12,2,4,0.5,0,0,,2,4,0.5,0,0,0,2,1,0,0,0,6,2,12.0,1,2015-16
22015,201950,Jrue Holiday,1610612740,NOP,New Orleans Pelicans,0021500445,2015-12-26,NOP vs. HOU,W,27,3,7,0.429,1,2,0.5,2,3,0.667,0,2,2,3,1,1,2,3,9,6,19.9,1,2015-16
22015,203926,Doug McDermott,1610612741,CHI,Chicago Bulls,0021500449,2015-12-26,CHI @ DAL,L,18,3,4,0.75,1,2,0.5,0,0,,0,0,0,1,0,1,1,0,7,9,10.5,1,2015-16
22015,101111,Charlie Villanueva,1610612742,DAL,Dallas Mavericks,0021500449,2015-12-26,DAL vs. CHI,W,4,0,2,0.0,0,1,0.0,0,0,,1,0,1,0,0,0,0,3,0,-8,1.2,1,2015-16
22015,202718,Chandler Parsons,1610612742,DAL,Dallas Mavericks,0021500449,2015-12-26,DAL vs. CHI,W,36,8,15,0.533,2,5,0.4,2,3,0.667,2,3,5,5,2,0,3,1,20,14,36.5,1,2015-16
22015,203939,Dwight Powell,1610612742,DAL,Dallas Mavericks,0021500449,2015-12-26,DAL vs. CHI,W,21,4,6,0.667,0,0,,1,3,0.333,2,4,6,0,2,0,1,6,9,-12,21.2,1,2015-16
22015,2749,Jameer Nelson,1610612743,DEN,Denver Nuggets,0021500450,2015-12-26,DEN @ SAS,L,21,2,7,0.286,0,3,0.0,0,0,,0,5,5,3,0,0,2,2,4,-16,12.5,1,2015-16
22015,200751,Randy Foye,1610612743,DEN,Denver Nuggets,0021500450,2015-12-26,DEN @ SAS,L,27,3,9,0.333,1,3,0.333,2,2,1.0,0,1,1,5,1,0,2,0,9,1,18.7,1,2015-16
22015,201147,Corey Brewer,1610612745,HOU,Houston Rockets,0021500445,2015-12-26,HOU @ NOP,L,8,1,3,0.333,0,1,0.0,2,2,1.0,1,0,1,0,0,0,1,0,4,1,4.2,1,2015-16
22015,201977,Marcus Thornton,1610612745,HOU,Houston Rockets,0021500445,2015-12-26,HOU @ NOP,L,11,3,5,0.6,1,3,0.333,2,2,1.0,1,2,3,0,0,0,0,1,9,1,12.6,1,2015-16
22015,2037,Jamal Crawford,1610612746,LAC,LA Clippers,0021500452,2015-12-26,LAC @ UTA,W,24,1,10,0.1,0,3,0.0,5,5,1.0,0,2,2,1,0,0,2,4,7,2,8.9,1,2015-16
22015,201599,DeAndre Jordan,1610612746,LAC,LA Clippers,0021500452,2015-12-26,LAC @ UTA,W,35,6,9,0.667,0,0,,2,3,0.667,4,9,13,2,1,4,3,2,14,3,44.6,1,2015-16
22015,203143,Pablo Prigioni,1610612746,LAC,LA Clippers,0021500452,2015-12-26,LAC @ UTA,W,12,0,1,0.0,0,1,0.0,0,0,,0,1,1,2,1,0,0,0,0,-2,7.2,1,2015-16
22015,101123,Gerald Green,1610612748,MIA,Miami Heat,0021500444,2015-12-26,MIA @ ORL,W,30,5,10,0.5,3,5,0.6,2,2,1.0,0,1,1,0,0,0,0,0,15,7,16.2,1,2015-16
22015,1626159,Justise Winslow,1610612748,MIA,Miami Heat,0021500444,2015-12-26,MIA @ ORL,W,21,0,2,0.0,0,1,0.0,4,4,1.0,1,2,3,4,0,0,1,0,4,-2,12.6,1,2015-16
22015,203487,Michael Carter-Williams,1610612749,MIL,Milwaukee Bucks,0021500441,2015-12-26,MIL vs. TOR,L,32,4,13,0.308,0,0,,0,0,,1,7,8,3,2,0,2,3,8,-20,26.1,1,2015-16
22015,203948,Johnny O'Bryant III,1610612749,MIL,Milwaukee Bucks,0021500441,2015-12-26,MIL vs. TOR,L,15,2,4,0.5,0,0,,0,0,,4,1,5,1,0,0,1,3,4,-13,10.5,1,2015-16
22015,203953,Jabari Parker,1610612749,MIL,Milwaukee Bucks,0021500441,2015-12-26,MIL vs. TOR,L,33,2,12,0.167,0,0,,5,6,0.833,3,1,4,2,0,0,2,2,9,-8,14.8,1,2015-16
22015,708,Kevin Garnett,1610612750,MIN,Minnesota Timberwolves,0021500448,2015-12-26,MIN vs. IND,L,11,1,4,0.25,0,0,,0,0,,0,3,3,1,2,0,0,3,2,2,13.1,1,2015-16
22015,203952,Andrew Wiggins,1610612750,MIN,Minnesota Timberwolves,0021500448,2015-12-26,MIN vs. IND,L,38,9,18,0.5,0,1,0.0,1,3,0.333,3,0,3,1,1,0,1,1,19,0,26.1,1,2015-16
22015,203080,Thomas Robinson,1610612751,BKN,Brooklyn Nets,0021500447,2015-12-26,BKN vs. WAS,L,3,0,0,,0,0,,0,0,,0,0,0,0,0,0,0,0,0,4,0.0,1,2015-16
22015,203186,Willie Reed,1610612751,BKN,Brooklyn Nets,0021500447,2015-12-26,BKN vs. WAS,L,10,3,4,0.75,0,0,,1,3,0.333,1,2,3,0,0,2,2,3,7,10,14.6,1,2015-16
22015,203124,Kyle O'Quinn,1610612752,NYK,New York Knicks,0021500442,2015-12-26,NYK @ ATL,L,22,3,7,0.429,0,0,,1,1,1.0,2,2,4,4,1,0,5,3,7,-18,15.8,1,2015-16
22015,101112,Channing Frye,1610612753,ORL,Orlando Magic,0021500444,2015-12-26,ORL vs. MIA,L,26,3,5,0.6,2,3,0.667,0,0,,0,4,4,1,0,0,0,1,8,-7,14.3,1,2015-16
22015,1626209,Mario Hezonja,1610612753,ORL,Orlando Magic,0021500444,2015-12-26,ORL vs. MIA,L,20,3,5,0.6,2,3,0.667,0,0,,1,1,2,4,0,0,0,2,8,3,16.4,1,2015-16
22015,202331,Paul George,1610612754,IND,Indiana Pacers,0021500448,2015-12-26,IND @ MIN,W,32,7,16,0.438,4,8,0.5,0,0,,2,2,4,3,1,0,5,1,18,2,25.3,1,2015-16
22015,101179,Ronnie Price,1610612756,PHX,Phoenix Suns,0021500451,2015-12-26,PHX vs. PHI,L,23,1,7,0.143,1,4,0.25,2,2,1.0,0,0,0,0,2,0,1,3,5,-21,10.0,1,2015-16
22015,202688,Brandon Knight,1610612756,PHX,Phoenix Suns,0021500451,2015-12-26,PHX vs. PHI,L,38,7,23,0.304,1,7,0.143,6,7,0.857,0,3,3,7,3,0,5,4,21,10,39.1,1,2015-16
22015,2549,Chris Kaman,1610612757,POR,Portland Trail Blazers,0021500453,2015-12-26,POR vs. CLE,W,6,2,4,0.5,0,0,,0,0,,1,0,1,0,0,0,1,1,4,1,4.2,1,2015-16
22015,201945,Gerald Henderson,1610612757,POR,Portland Trail Blazers,0021500453,2015-12-26,POR vs. CLE,W,20,1,7,0.143,0,1,0.0,3,4,0.75,0,3,3,1,0,1,0,0,5,3,13.1,1,2015-16
22015,204025,Tim Frazier,1610612757,POR,Portland Trail Blazers,0021500453,2015-12-26,POR vs. CLE,W,18,1,4,0.25,0,1,0.0,0,0,,0,3,3,4,1,0,3,0,2,-8,11.6,1,2015-16
22015,1626192,Pat Connaughton,1610612757,POR,Portland Trail Blazers,0021500453,2015-12-26,POR vs. CLE,W,6,0,2,0.0,0,0,,0,0,,0,2,2,0,0,0,0,0,0,1,2.4,1,2015-16
22015,2561,David West,1610612759,SAS,San Antonio Spurs,0021500450,2015-12-26,SAS vs. DEN,W,26,5,8,0.625,0,0,,0,0,,0,4,4,6,1,4,0,1,10,23,38.8,1,2015-16
22015,203613,Jonathon Simmons,1610612759,SAS,San Antonio Spurs,0021500450,2015-12-26,SAS vs. DEN,W,16,0,2,0.0,0,0,,0,0,,0,0,0,2,2,0,1,2,0,-6,8.0,1,2015-16
22015,1626246,Boban Marjanovic,1610612759,SAS,San Antonio Spurs,0021500450,2015-12-26,SAS vs. DEN,W,15,1,3,0.333,0,0,,8,8,1.0,2,5,7,0,1,4,2,2,10,4,31.4,1,2015-16
22015,203512,Lucas Nogueira,1610612761,TOR,Toronto Raptors,0021500441,2015-12-26,TOR @ MIL,W,4,0,0,,0,0,,0,0,,0,0,0,0,0,0,0,2,0,0,0.0,1,2015-16
22015,202344,Trevor Booker,1610612762,UTA,Utah Jazz,0021500452,2015-12-26,UTA vs. LAC,L,28,3,5,0.6,0,0,,0,0,,3,3,6,1,0,0,1,3,6,-7,13.7,1,2015-16
22015,203187,Chris Johnson,1610612762,UTA,Utah Jazz,0021500452,2015-12-26,UTA vs. LAC,L,10,0,1,0.0,0,1,0.0,2,2,1.0,1,2,3,0,0,0,1,1,2,0,4.6,1,2015-16
22015,201145,Jeff Green,1610612763,MEM,Memphis Grizzlies,0021500443,2015-12-26,MEM @ CHA,L,24,3,5,0.6,1,1,1.0,1,2,0.5,2,2,4,3,2,0,3,1,8,-5,20.3,1,2015-16
22015,1626162,Kelly Oubre Jr.,1610612764,WAS,Washington Wizards,0021500447,2015-12-26,WAS @ BKN,W,32,5,7,0.714,2,4,0.5,0,0,,0,6,6,1,1,1,1,2,12,-3,25.7,1,2015-16
22015,2581,Steve Blake,1610612765,DET,Detroit Pistons,0021500446,2015-12-26,DET vs. BOS,L,21,1,3,0.333,0,2,0.0,2,2,1.0,0,2,2,6,2,0,1,1,4,3,20.4,1,2015-16
22015,2594,Kyle Korver,1610612737,ATL,Atlanta Hawks,0021500442,2015-12-26,ATL vs. NYK,W,25,1,7,0.143,1,5,0.2,0,0,,0,1,1,0,0,0,1,4,3,8,3.2,1,2015-16
22015,203145,Kent Bazemore,1610612737,ATL,Atlanta Hawks,0021500442,2015-12-26,ATL vs. NYK,W,27,2,8,0.25,2,6,0.333,0,0,,0,4,4,4,2,0,3,2,6,4,19.8,1,2015-16
22015,203488,Mike Muscala,1610612737,ATL,Atlanta Hawks,0021500442,2015-12-26,ATL vs. NYK,W,4,1,1,1.0,0,0,,0,0,,0,1,1,1,0,0,0,0,2,-2,4.7,1,2015-16
22015,201973,Jonas Jerebko,1610612738,BOS,Boston Celtics,0021500446,2015-12-26,BOS @ DET,W,10,1,2,0.5,0,1,0.0,0,0,,0,1,1,0,0,0,0,1,2,-10,3.2,1,2015-16
22015,202323,Evan Turner,1610612738,BOS,Boston Celtics,0021500446,2015-12-26,BOS @ DET,W,23,5,11,0.455,0,0,,3,4,0.75,0,5,5,3,0,1,5,1,13,-6,21.5,1,2015-16
22015,203096,Jared Sullinger,1610612738,BOS,Boston Celtics,0021500446,2015-12-26,BOS @ DET,W,21,5,9,0.556,0,0,,0,0,,2,6,8,2,0,0,0,3,10,10,22.6,1,2015-16
22015,203482,Kelly Olynyk,1610612738,BOS,Boston Celtics,0021500446,2015-12-26,BOS @ DET,W,24,4,8,0.5,1,3,0.333,0,2,0.0,1,6,7,1,0,0,0,3,9,-7,18.9,1,2015-16
22015,2210,Richard Jefferson,1610612739,CLE,Cleveland Cavaliers,0021500453,2015-12-26,CLE @ POR,L,26,3,6,0.5,2,4,0.5,2,2,1.0,0,2,2,0,1,0,1,3,10,-1,14.4,1,2015-16
22015,2592,James Jones,1610612739,CLE,Cleveland Cavaliers,0021500453,2015-12-26,CLE @ POR,L,18,3,8,0.375,1,4,0.25,0,1,0.0,0,2,2,0,0,0,0,2,7,2,9.4,1,2015-16
22015,2747,JR Smith,1610612739,CLE,Cleveland Cavaliers,0021500453,2015-12-26,CLE @ POR,L,21,1,6,0.167,1,5,0.2,0,0,,0,0,0,1,1,0,0,2,3,-25,7.5,1,2015-16
22015,201936,Tyreke Evans,1610612740,NOP,New Orleans Pelicans,0021500445,2015-12-26,NOP vs. HOU,W,40,3,13,0.231,1,3,0.333,4,4,1.0,0,4,4,13,2,1,4,2,11,10,40.3,1,2015-16
22015,201166,Aaron Brooks,1610612741,CHI,Chicago Bulls,0021500449,2015-12-26,CHI @ DAL,L,15,3,9,0.333,1,3,0.333,0,0,,1,2,3,1,0,0,2,2,7,8,10.1,1,2015-16
22015,202703,Nikola Mirotic,1610612741,CHI,Chicago Bulls,0021500449,2015-12-26,CHI @ DAL,L,40,6,10,0.6,4,7,0.571,7,11,0.636,1,6,7,1,2,3,0,4,23,-3,47.9,1,2015-16
22015,200826,J.J. Barea,1610612742,DAL,Dallas Mavericks,0021500449,2015-12-26,DAL vs. CHI,W,33,9,14,0.643,7,8,0.875,1,2,0.5,0,0,0,5,0,1,1,1,26,2,35.5,1,2015-16
22015,201589,Darrell Arthur,1610612743,DEN,Denver Nuggets,0021500450,2015-12-26,DEN @ SAS,L,20,3,6,0.5,0,0,,0,0,,0,1,1,1,0,0,1,5,6,9,7.7,1,2015-16
22015,202702,Kenneth Faried,1610612743,DEN,Denver Nuggets,0021500450,2015-12-26,DEN @ SAS,L,24,4,7,0.571,0,0,,0,0,,0,2,2,0,0,1,1,2,8,-24,12.4,1,2015-16
22015,203123,Kostas Papanikolaou,1610612743,DEN,Denver Nuggets,0021500450,2015-12-26,DEN @ SAS,L,25,1,5,0.2,0,1,0.0,0,0,,1,3,4,2,3,1,3,1,2,-10,18.8,1,2015-16
22015,1718,Paul Pierce,1610612746,LAC,LA Clippers,0021500452,2015-12-26,LAC @ UTA,W,27,6,11,0.545,5,7,0.714,3,4,0.75,0,5,5,2,0,0,0,2,20,18,29.0,1,2015-16
22015,2746,Josh Smith,1610612746,LAC,LA Clippers,0021500452,2015-12-26,LAC @ UTA,W,5,0,2,0.0,0,0,,0,0,,0,2,2,0,0,0,1,0,0,-6,1.4,1,2015-16
22015,202325,Wesley Johnson,1610612746,LAC,LA Clippers,0021500452,2015-12-26,LAC @ UTA,W,15,4,8,0.5,1,4,0.25,0,0,,0,2,2,1,1,0,2,2,9,-1,13.9,1,2015-16
22015,202362,Lance Stephenson,1610612746,LAC,LA Clippers,0021500452,2015-12-26,LAC @ UTA,W,9,0,2,0.0,0,1,0.0,0,0,,0,1,1,1,1,0,1,2,0,-6,4.7,1,2015-16
22015,2548,Dwyane Wade,1610612748,MIA,Miami Heat,0021500444,2015-12-26,MIA @ ORL,W,30,7,12,0.583,0,0,,10,10,1.0,1,1,2,6,2,1,1,1,24,7,43.4,1,2015-16
22015,203898,Tyler Ennis,1610612749,MIL,Milwaukee Bucks,0021500441,2015-12-26,MIL vs. TOR,L,8,3,4,0.75,0,0,,0,0,,0,1,1,1,1,0,0,1,6,-1,11.7,1,2015-16
22015,2419,Tayshaun Prince,1610612750,MIN,Minnesota Timberwolves,0021500448,2015-12-26,MIN vs. IND,L,22,2,4,0.5,0,0,,0,0,,1,1,2,1,2,0,1,2,4,6,12.9,1,2015-16
22015,201937,Ricky Rubio,1610612750,MIN,Minnesota Timberwolves,0021500448,2015-12-26,MIN vs. IND,L,37,6,10,0.6,1,4,0.25,2,2,1.0,0,5,5,9,5,0,5,1,15,-1,44.5,1,2015-16
22015,200745,Andrea Bargnani,1610612751,BKN,Brooklyn Nets,0021500447,2015-12-26,BKN vs. WAS,L,13,1,5,0.2,0,0,,0,0,,2,1,3,1,0,0,0,0,2,-1,7.1,1,2015-16
22015,201961,Wayne Ellington,1610612751,BKN,Brooklyn Nets,0021500447,2015-12-26,BKN vs. WAS,L,16,3,8,0.375,0,2,0.0,0,0,,1,2,3,0,0,0,1,1,6,-7,8.6,1,2015-16
22015,202388,Donald Sloan,1610612751,BKN,Brooklyn Nets,0021500447,2015-12-26,BKN vs. WAS,L,6,0,0,,0,0,,1,2,0.5,0,1,1,3,0,0,1,1,1,4,5.7,1,2015-16
22015,202711,Bojan Bogdanovic,1610612751,BKN,Brooklyn Nets,0021500447,2015-12-26,BKN vs. WAS,L,35,6,12,0.5,2,6,0.333,0,0,,0,5,5,2,0,0,4,2,14,-14,19.0,1,2015-16
22015,203508,Sergey Karasev,1610612751,BKN,Brooklyn Nets,0021500447,2015-12-26,BKN vs. WAS,L,3,1,1,1.0,0,0,,0,0,,0,2,2,0,0,0,0,0,2,4,4.4,1,2015-16
22015,203900,Markel Brown,1610612751,BKN,Brooklyn Nets,0021500447,2015-12-26,BKN vs. WAS,L,3,1,1,1.0,1,1,1.0,0,0,,0,1,1,0,0,0,1,1,3,4,3.2,1,2015-16
22015,202696,Nikola Vučević,1610612753,ORL,Orlando Magic,0021500444,2015-12-26,ORL vs. MIA,L,36,11,22,0.5,0,1,0.0,0,1,0.0,4,6,10,6,3,1,2,3,22,0,53.0,1,2015-16
22015,203932,Aaron Gordon,1610612753,ORL,Orlando Magic,0021500444,2015-12-26,ORL vs. MIA,L,11,1,2,0.5,0,0,,0,0,,3,1,4,1,0,1,0,0,2,-5,11.3,1,2015-16
22015,101133,Ian Mahinmi,1610612754,IND,Indiana Pacers,0021500448,2015-12-26,IND @ MIN,W,23,4,4,1.0,0,0,,3,3,1.0,3,3,6,2,1,0,2,3,11,-4,22.2,1,2015-16
22015,101145,Monta Ellis,1610612754,IND,Indiana Pacers,0021500448,2015-12-26,IND @ MIN,W,36,8,15,0.533,1,5,0.2,5,5,1.0,1,5,6,3,1,0,6,0,22,2,30.7,1,2015-16
22015,201978,Chase Budinger,1610612754,IND,Indiana Pacers,0021500448,2015-12-26,IND @ MIN,W,16,4,5,0.8,1,1,1.0,2,2,1.0,0,3,3,1,2,0,2,1,11,12,20.1,1,2015-16
22015,203960,JaKarr Sampson,1610612755,PHI,Philadelphia 76ers,0021500451,2015-12-26,PHI @ PHX,W,10,0,0,,0,0,,6,8,0.75,0,4,4,2,0,2,1,4,6,14,18.8,1,2015-16
22015,2225,Tony Parker,1610612759,SAS,San Antonio Spurs,0021500450,2015-12-26,SAS vs. DEN,W,25,6,12,0.5,1,1,1.0,0,0,,0,4,4,4,2,0,0,0,13,23,29.8,1,2015-16
22015,203937,Kyle Anderson,1610612759,SAS,San Antonio Spurs,0021500450,2015-12-26,SAS vs. DEN,W,15,2,5,0.4,0,0,,0,0,,1,2,3,0,0,0,1,0,4,2,6.6,1,2015-16
22015,201949,James Johnson,1610612761,TOR,Toronto Raptors,0021500441,2015-12-26,TOR @ MIL,W,15,3,6,0.5,0,1,0.0,0,0,,1,1,2,0,1,2,0,2,6,2,17.4,1,2015-16
22015,202709,Cory Joseph,1610612761,TOR,Toronto Raptors,0021500441,2015-12-26,TOR @ MIL,W,16,1,3,0.333,1,1,1.0,1,2,0.5,0,3,3,4,0,0,0,2,4,17,13.6,1,2015-16
22015,203082,Terrence Ross,1610612761,TOR,Toronto Raptors,0021500441,2015-12-26,TOR @ MIL,W,29,7,12,0.583,4,7,0.571,0,0,,1,1,2,1,3,0,0,1,18,22,30.9,1,2015-16
22015,202692,Alec Burks,1610612762,UTA,Utah Jazz,0021500452,2015-12-26,UTA vs. LAC,L,18,5,5,1.0,1,1,1.0,0,2,0.0,0,3,3,1,1,0,3,1,11,-5,16.1,1,2015-16
22015,203481,Jeff Withey,1610612762,UTA,Utah Jazz,0021500452,2015-12-26,UTA vs. LAC,L,19,2,5,0.4,0,0,,2,2,1.0,0,7,7,0,1,2,0,1,6,-1,23.4,1,2015-16
22015,203526,Raul Neto,1610612762,UTA,Utah Jazz,0021500452,2015-12-26,UTA vs. LAC,L,30,4,9,0.444,1,3,0.333,0,0,,0,1,1,4,3,0,3,4,9,7,22.2,1,2015-16
22015,201144,Mike Conley,1610612763,MEM,Memphis Grizzlies,0021500443,2015-12-26,MEM @ CHA,L,31,7,20,0.35,4,9,0.444,1,2,0.5,0,4,4,7,3,1,3,2,19,-7,43.3,1,2015-16
22015,201188,Marc Gasol,1610612763,MEM,Memphis Grizzlies,0021500443,2015-12-26,MEM @ CHA,L,33,8,18,0.444,0,0,,2,4,0.5,1,4,5,2,0,1,1,3,18,-11,29.0,1,2015-16
22015,201596,Mario Chalmers,1610612763,MEM,Memphis Grizzlies,0021500443,2015-12-26,MEM @ CHA,L,17,2,3,0.667,0,1,0.0,1,2,0.5,0,1,1,4,1,0,2,3,5,1,13.2,1,2015-16
22015,204067,Jarell Eddie,1610612764,WAS,Washington Wizards,0021500447,2015-12-26,WAS @ BKN,W,14,4,7,0.571,4,5,0.8,0,0,,1,3,4,1,0,0,0,0,12,7,18.3,1,2015-16
22015,101141,Ersan Ilyasova,1610612765,DET,Detroit Pistons,0021500446,2015-12-26,DET vs. BOS,L,29,3,9,0.333,1,3,0.333,2,2,1.0,3,4,7,2,2,0,0,3,9,-18,26.4,1,2015-16
22015,2744,Al Jefferson,1610612766,CHA,Charlotte Hornets,0021500443,2015-12-26,CHA vs. MEM,W,18,1,8,0.125,0,0,,0,2,0.0,1,3,4,0,1,2,0,6,2,-16,15.8,1,2015-16
22015,203798,PJ Hairston,1610612766,CHA,Charlotte Hornets,0021500443,2015-12-26,CHA vs. MEM,W,18,5,6,0.833,4,5,0.8,0,0,,0,0,0,1,2,0,0,4,14,8,21.5,1,2015-16
22015,200757,Thabo Sefolosha,1610612737,ATL,Atlanta Hawks,0021500442,2015-12-26,ATL vs. NYK,W,28,4,5,0.8,0,1,0.0,1,1,1.0,1,4,5,1,1,0,0,3,9,13,19.5,1,2015-16
22015,201143,Al Horford,1610612737,ATL,Atlanta Hawks,0021500442,2015-12-26,ATL vs. NYK,W,31,9,15,0.6,0,2,0.0,1,1,1.0,1,5,6,7,2,2,1,1,19,9,47.7,1,2015-16
22015,203092,Tyler Zeller,1610612738,BOS,Boston Celtics,0021500446,2015-12-26,BOS @ DET,W,15,3,7,0.429,0,0,,1,2,0.5,1,3,4,0,0,0,2,2,7,7,9.8,1,2015-16
22015,203109,Jae Crowder,1610612738,BOS,Boston Celtics,0021500446,2015-12-26,BOS @ DET,W,36,5,11,0.455,0,4,0.0,1,2,0.5,2,5,7,2,1,0,2,3,11,11,23.4,1,2015-16
22015,1626154,RJ Hunter,1610612738,BOS,Boston Celtics,0021500446,2015-12-26,BOS @ DET,W,18,0,1,0.0,0,1,0.0,0,0,,0,2,2,2,2,0,0,3,0,-6,11.4,1,2015-16
22015,2544,LeBron James,1610612739,CLE,Cleveland Cavaliers,0021500453,2015-12-26,CLE @ POR,L,26,4,13,0.308,0,3,0.0,4,5,0.8,0,4,4,5,0,0,3,2,12,-29,21.3,1,2015-16
22015,201619,Sasha Kaun,1610612739,CLE,Cleveland Cavaliers,0021500453,2015-12-26,CLE @ POR,L,6,0,0,,0,0,,0,0,,1,1,2,1,0,1,2,0,0,-1,4.9,1,2015-16
22015,203521,Matthew Dellavedova,1610612739,CLE,Cleveland Cavaliers,0021500453,2015-12-26,CLE @ POR,L,26,4,8,0.5,2,4,0.5,0,0,,0,1,1,6,0,0,1,2,10,-16,19.2,1,2015-16
22015,2570,Kendrick Perkins,1610612740,NOP,New Orleans Pelicans,0021500445,2015-12-26,NOP vs. HOU,W,8,2,2,1.0,0,0,,0,2,0.0,1,1,2,0,0,0,0,0,4,-4,6.4,1,2015-16
22015,201583,Ryan Anderson,1610612740,NOP,New Orleans Pelicans,0021500445,2015-12-26,NOP vs. HOU,W,23,6,9,0.667,2,4,0.5,2,3,0.667,2,3,5,1,0,1,2,2,16,1,24.5,1,2015-16
22015,201967,Dante Cunningham,1610612740,NOP,New Orleans Pelicans,0021500445,2015-12-26,NOP vs. HOU,W,5,0,0,,0,0,,0,0,,0,3,3,0,0,0,0,0,0,0,3.6,1,2015-16
22015,201959,Taj Gibson,1610612741,CHI,Chicago Bulls,0021500449,2015-12-26,CHI @ DAL,L,33,6,8,0.75,0,0,,0,2,0.0,4,4,8,1,0,0,1,4,12,-17,22.1,1,2015-16
22015,1626171,Bobby Portis,1610612741,CHI,Chicago Bulls,0021500449,2015-12-26,CHI @ DAL,L,10,1,3,0.333,0,0,,0,0,,2,2,4,0,1,0,4,3,2,-5,5.8,1,2015-16
22015,202083,Wesley Matthews,1610612742,DAL,Dallas Mavericks,0021500449,2015-12-26,DAL vs. CHI,W,36,4,11,0.364,2,8,0.25,0,0,,1,3,4,2,1,0,1,2,10,10,19.8,1,2015-16
22015,2034,Mike Miller,1610612743,DEN,Denver Nuggets,0021500450,2015-12-26,DEN @ SAS,L,13,0,0,,0,0,,0,0,,0,3,3,0,0,0,0,0,0,-10,3.6,1,2015-16
22015,203530,Joffrey Lauvergne,1610612743,DEN,Denver Nuggets,0021500450,2015-12-26,DEN @ SAS,L,22,4,9,0.444,1,2,0.5,0,0,,1,5,6,1,0,0,0,0,9,-22,17.7,1,2015-16
22015,203093,Terrence Jones,1610612745,HOU,Houston Rockets,0021500445,2015-12-26,HOU @ NOP,L,22,4,12,0.333,1,1,1.0,4,6,0.667,2,3,5,1,2,0,1,2,13,15,25.5,1,2015-16
22015,101108,Chris Paul,1610612746,LAC,LA Clippers,0021500452,2015-12-26,LAC @ UTA,W,36,7,14,0.5,1,1,1.0,4,4,1.0,1,1,2,11,2,0,1,4,19,7,42.9,1,2015-16
22015,202332,Cole Aldrich,1610612746,LAC,LA Clippers,0021500452,2015-12-26,LAC @ UTA,W,13,4,6,0.667,0,0,,0,2,0.0,1,2,3,2,0,1,0,3,8,-2,17.6,1,2015-16
22015,203507,Giannis Antetokounmpo,1610612749,MIL,Milwaukee Bucks,0021500441,2015-12-26,MIL vs. TOR,L,35,2,5,0.4,0,2,0.0,0,0,,0,2,2,2,0,0,1,2,4,-20,8.4,1,2015-16
22015,1626173,Rashad Vaughn,1610612749,MIL,Milwaukee Bucks,0021500441,2015-12-26,MIL vs. TOR,L,10,1,3,0.333,1,2,0.5,0,0,,0,2,2,2,0,0,0,0,3,-13,8.4,1,2015-16
22015,203940,Adreian Payne,1610612750,MIN,Minnesota Timberwolves,0021500448,2015-12-26,MIN vs. IND,L,10,2,2,1.0,2,2,1.0,0,0,,0,1,1,0,0,0,1,1,6,-14,6.2,1,2015-16
22015,201152,Thaddeus Young,1610612751,BKN,Brooklyn Nets,0021500447,2015-12-26,BKN vs. WAS,L,37,8,14,0.571,0,0,,0,4,0.0,6,8,14,0,4,1,2,3,16,-16,45.8,1,2015-16
22015,201577,Robin Lopez,1610612752,NYK,New York Knicks,0021500442,2015-12-26,NYK @ ATL,L,20,4,5,0.8,0,0,,1,1,1.0,2,2,4,2,0,1,0,0,9,5,19.8,1,2015-16
22015,202682,Derrick Williams,1610612752,NYK,New York Knicks,0021500442,2015-12-26,NYK @ ATL,L,22,5,8,0.625,1,2,0.5,1,2,0.5,1,4,5,0,0,0,0,1,12,-13,18.0,1,2015-16
22015,1626170,Jerian Grant,1610612752,NYK,New York Knicks,0021500442,2015-12-26,NYK @ ATL,L,15,1,6,0.167,0,4,0.0,0,0,,0,0,0,1,2,0,3,1,2,-13,6.5,1,2015-16
22015,202699,Tobias Harris,1610612753,ORL,Orlando Magic,0021500444,2015-12-26,ORL vs. MIA,L,39,4,7,0.571,2,3,0.667,3,6,0.5,0,6,6,1,2,0,1,2,13,0,26.7,1,2015-16
22015,203095,Evan Fournier,1610612753,ORL,Orlando Magic,0021500444,2015-12-26,ORL vs. MIA,L,36,4,11,0.364,2,6,0.333,2,2,1.0,0,1,1,7,1,0,0,3,12,-2,26.7,1,2015-16
22015,201155,Rodney Stuckey,1610612754,IND,Indiana Pacers,0021500448,2015-12-26,IND @ MIN,W,24,3,9,0.333,1,3,0.333,0,0,,1,4,5,8,1,0,2,0,7,23,26.0,1,2015-16
22015,203088,Kendall Marshall,1610612755,PHI,Philadelphia 76ers,0021500451,2015-12-26,PHI @ PHX,W,15,1,7,0.143,1,4,0.25,2,2,1.0,0,3,3,3,0,0,1,2,5,18,12.1,1,2015-16
22015,203138,Hollis Thompson,1610612755,PHI,Philadelphia 76ers,0021500451,2015-12-26,PHI @ PHX,W,35,3,6,0.5,3,6,0.5,0,1,0.0,0,4,4,3,1,1,1,4,9,-5,23.3,1,2015-16
22015,203457,Nerlens Noel,1610612755,PHI,Philadelphia 76ers,0021500451,2015-12-26,PHI @ PHX,W,31,6,7,0.857,0,0,,2,3,0.667,4,7,11,0,3,2,4,5,14,-7,38.2,1,2015-16
22015,203496,Robert Covington,1610612755,PHI,Philadelphia 76ers,0021500451,2015-12-26,PHI @ PHX,W,13,0,7,0.0,0,3,0.0,0,0,,1,3,4,1,1,0,2,0,0,-2,7.3,1,2015-16
22015,203917,Nik Stauskas,1610612755,PHI,Philadelphia 76ers,0021500451,2015-12-26,PHI @ PHX,W,23,7,10,0.7,3,4,0.75,0,0,,1,3,4,2,1,1,1,0,17,5,29.8,1,2015-16
22015,203924,Jerami Grant,1610612755,PHI,Philadelphia 76ers,0021500451,2015-12-26,PHI @ PHX,W,22,0,2,0.0,0,1,0.0,4,4,1.0,0,3,3,1,0,0,3,5,4,13,6.1,1,2015-16
22015,204456,T.J. McConnell,1610612755,PHI,Philadelphia 76ers,0021500451,2015-12-26,PHI @ PHX,W,2,0,0,,0,0,,0,0,,0,0,0,0,0,0,0,0,0,-4,0.0,1,2015-16
22015,2199,Tyson Chandler,1610612756,PHX,Phoenix Suns,0021500451,2015-12-26,PHX vs. PHI,L,15,3,4,0.75,0,0,,4,5,0.8,3,7,10,0,0,0,0,2,10,1,22.0,1,2015-16
22015,202720,Jon Leuer,1610612756,PHX,Phoenix Suns,0021500451,2015-12-26,PHX vs. PHI,L,36,6,9,0.667,2,3,0.667,0,0,,2,7,9,3,1,1,3,3,14,-1,32.3,1,2015-16
22015,203141,Mirza Teletovic,1610612756,PHX,Phoenix Suns,0021500451,2015-12-26,PHX vs. PHI,L,16,2,8,0.25,0,3,0.0,5,8,0.625,0,2,2,1,0,0,2,2,9,-19,10.9,1,2015-16
22015,1626164,Devin Booker,1610612756,PHX,Phoenix Suns,0021500451,2015-12-26,PHX vs. PHI,L,20,6,11,0.545,3,4,0.75,4,7,0.571,1,0,1,0,0,0,0,4,19,13,20.2,1,2015-16
22015,202329,Al-Farouq Aminu,1610612757,POR,Portland Trail Blazers,0021500453,2015-12-26,POR vs. CLE,W,22,5,9,0.556,2,5,0.4,0,0,,0,1,1,5,2,0,0,1,12,25,26.7,1,2015-16
22015,203086,Meyers Leonard,1610612757,POR,Portland Trail Blazers,0021500453,2015-12-26,POR vs. CLE,W,23,5,9,0.556,2,4,0.5,1,2,0.5,1,4,5,4,0,0,0,2,13,7,25.0,1,2015-16
22015,203943,Noah Vonleh,1610612757,POR,Portland Trail Blazers,0021500453,2015-12-26,POR vs. CLE,W,21,1,3,0.333,0,0,,0,0,,2,4,6,1,4,0,0,3,2,24,22.7,1,2015-16
22015,2588,Matt Bonner,1610612759,SAS,San Antonio Spurs,0021500450,2015-12-26,SAS vs. DEN,W,0,0,0,,0,0,,0,0,,0,0,0,0,0,0,0,0,0,-2,0.0,1,2015-16
22015,200746,LaMarcus Aldridge,1610612759,SAS,San Antonio Spurs,0021500450,2015-12-26,SAS vs. DEN,W,30,6,14,0.429,0,0,,0,0,,1,8,9,0,0,3,1,2,12,7,30.8,1,2015-16
22015,201988,Patty Mills,1610612759,SAS,San Antonio Spurs,0021500450,2015-12-26,SAS vs. DEN,W,23,3,8,0.375,2,4,0.5,0,0,,1,1,2,3,1,0,1,1,8,-8,16.9,1,2015-16
22015,202695,Kawhi Leonard,1610612759,SAS,San Antonio Spurs,0021500450,2015-12-26,SAS vs. DEN,W,32,7,13,0.538,2,2,1.0,4,4,1.0,2,3,5,5,2,0,2,1,20,17,37.5,1,2015-16
22015,203492,Ray McCallum,1610612759,SAS,San Antonio Spurs,0021500450,2015-12-26,SAS vs. DEN,W,1,0,0,,0,0,,0,0,,0,0,0,0,0,0,0,0,0,-4,0.0,1,2015-16
22015,2449,Luis Scola,1610612761,TOR,Toronto Raptors,0021500441,2015-12-26,TOR @ MIL,W,37,7,12,0.583,3,4,0.75,0,0,,2,9,11,2,0,2,1,2,17,31,38.2,1,2015-16
22015,202687,Bismack Biyombo,1610612761,TOR,Toronto Raptors,0021500441,2015-12-26,TOR @ MIL,W,27,5,7,0.714,0,0,,4,7,0.571,3,9,12,1,0,4,0,2,14,-11,41.9,1,2015-16
22015,1626168,Trey Lyles,1610612762,UTA,Utah Jazz,0021500452,2015-12-26,UTA vs. LAC,L,19,1,3,0.333,1,2,0.5,3,4,0.75,2,4,6,2,0,1,1,1,6,2,18.2,1,2015-16
22015,203210,JaMychal Green,1610612763,MEM,Memphis Grizzlies,0021500443,2015-12-26,MEM @ CHA,L,14,2,5,0.4,0,0,,4,4,1.0,1,7,8,0,0,0,1,1,8,5,16.6,1,2015-16
22015,201196,Ramon Sessions,1610612764,WAS,Washington Wizards,0021500447,2015-12-26,WAS @ BKN,W,22,3,5,0.6,0,1,0.0,3,7,0.429,0,2,2,7,1,0,4,2,9,15,20.9,1,2015-16
22015,203382,Aron Baynes,1610612765,DET,Detroit Pistons,0021500446,2015-12-26,DET vs. BOS,L,12,1,1,1.0,0,0,,0,0,,3,1,4,0,1,0,0,0,2,0,9.8,1,2015-16
22015,1626169,Stanley Johnson,1610612765,DET,Detroit Pistons,0021500446,2015-12-26,DET vs. BOS,L,26,5,11,0.455,2,3,0.667,0,0,,2,1,3,1,1,0,1,4,12,3,19.1,1,2015-16
22015,201587,Nicolas Batum,1610612766,CHA,Charlotte Hornets,0021500443,2015-12-26,CHA vs. MEM,W,40,7,14,0.5,2,7,0.286,4,4,1.0,2,9,11,8,1,2,4,0,20,16,50.2,1,2015-16
22015,202391,Jeremy Lin,1610612766,CHA,Charlotte Hornets,0021500443,2015-12-26,CHA vs. MEM,W,28,2,7,0.286,2,3,0.667,7,8,0.875,0,5,5,3,1,1,3,1,13,-2,26.5,1,2015-16
22015,1626163,Frank Kaminsky,1610612766,CHA,Charlotte Hornets,0021500443,2015-12-26,CHA vs. MEM,W,26,2,8,0.25,1,4,0.25,5,6,0.833,0,2,2,0,2,2,1,3,10,7,23.4,1,2015-16
22015,200794,Paul Millsap,1610612737,ATL,Atlanta Hawks,0021500442,2015-12-26,ATL vs. NYK,W,33,8,16,0.5,1,3,0.333,5,8,0.625,4,3,7,7,3,1,1,3,22,10,51.9,1,2015-16
22015,203118,Mike Scott,1610612737,ATL,Atlanta Hawks,0021500442,2015-12-26,ATL vs. NYK,W,21,7,8,0.875,2,2,1.0,2,2,1.0,1,1,2,1,1,1,1,0,18,17,26.9,1,2015-16
22015,203934,Lamar Patterson,1610612737,ATL,Atlanta Hawks,0021500442,2015-12-26,ATL vs. NYK,W,16,3,4,0.75,1,2,0.5,0,0,,0,3,3,2,0,0,0,1,7,7,13.6,1,2015-16
22015,201569,Eric Gordon,1610612740,NOP,New Orleans Pelicans,0021500445,2015-12-26,NOP vs. HOU,W,40,10,12,0.833,6,8,0.75,0,0,,1,1,2,5,1,0,1,3,26,-4,37.9,1,2015-16
22015,201600,Omer Asik,1610612740,NOP,New Orleans Pelicans,0021500445,2015-12-26,NOP vs. HOU,W,23,2,4,0.5,0,0,,6,6,1.0,2,6,8,0,0,2,1,2,10,0,24.6,1,2015-16
22015,202087,Alonzo Gee,1610612740,NOP,New Orleans Pelicans,0021500445,2015-12-26,NOP vs. HOU,W,21,2,6,0.333,1,3,0.333,0,0,,0,0,0,1,0,0,0,0,5,-1,6.5,1,2015-16
22015,202708,Norris Cole,1610612740,NOP,New Orleans Pelicans,0021500445,2015-12-26,NOP vs. HOU,W,16,2,6,0.333,1,2,0.5,0,0,,0,1,1,0,1,0,1,2,5,-5,8.2,1,2015-16
22015,2550,Kirk Hinrich,1610612741,CHI,Chicago Bulls,0021500449,2015-12-26,CHI @ DAL,L,10,0,3,0.0,0,3,0.0,0,0,,0,1,1,1,0,0,1,2,0,-1,1.7,1,2015-16
22015,2585,Zaza Pachulia,1610612742,DAL,Dallas Mavericks,0021500449,2015-12-26,DAL vs. CHI,W,29,6,13,0.462,0,0,,5,5,1.0,6,6,12,1,0,0,1,5,17,16,31.9,1,2015-16
22015,2734,Devin Harris,1610612742,DAL,Dallas Mavericks,0021500449,2015-12-26,DAL vs. CHI,W,18,2,8,0.25,1,2,0.5,2,3,0.667,2,1,3,4,3,0,2,3,7,-5,23.6,1,2015-16
22015,101109,Raymond Felton,1610612742,DAL,Dallas Mavericks,0021500449,2015-12-26,DAL vs. CHI,W,22,2,5,0.4,1,2,0.5,8,8,1.0,0,4,4,5,1,0,1,0,13,1,27.3,1,2015-16
22015,201580,JaVale McGee,1610612742,DAL,Dallas Mavericks,0021500449,2015-12-26,DAL vs. CHI,W,9,0,2,0.0,0,0,,0,0,,0,1,1,0,0,0,0,1,0,-11,1.2,1,2015-16
22015,203999,Nikola Jokić,1610612743,DEN,Denver Nuggets,0021500450,2015-12-26,DEN @ SAS,L,26,10,19,0.526,1,2,0.5,1,2,0.5,5,2,7,5,1,1,3,4,22,7,40.9,1,2015-16
22015,2772,Trevor Ariza,1610612745,HOU,Houston Rockets,0021500445,2015-12-26,HOU @ NOP,L,36,6,11,0.545,2,5,0.4,2,3,0.667,0,2,2,4,2,0,2,1,16,-8,28.4,1,2015-16
22015,201951,Ty Lawson,1610612745,HOU,Houston Rockets,0021500445,2015-12-26,HOU @ NOP,L,30,3,9,0.333,1,3,0.333,2,2,1.0,0,2,2,5,2,0,1,2,9,1,23.9,1,2015-16
22015,202700,Donatas Motiejunas,1610612745,HOU,Houston Rockets,0021500445,2015-12-26,HOU @ NOP,L,7,2,3,0.667,0,1,0.0,0,0,,0,0,0,0,0,0,1,0,4,2,3.0,1,2015-16
22015,201601,Luc Mbah a Moute,1610612746,LAC,LA Clippers,0021500452,2015-12-26,LAC @ UTA,W,31,2,5,0.4,1,2,0.5,2,2,1.0,1,0,1,0,1,1,0,3,7,2,14.2,1,2015-16
22015,2547,Chris Bosh,1610612748,MIA,Miami Heat,0021500444,2015-12-26,MIA @ ORL,W,35,10,16,0.625,2,3,0.667,2,2,1.0,0,10,10,3,2,0,1,2,24,7,45.5,1,2015-16
22015,2736,Luol Deng,1610612748,MIA,Miami Heat,0021500444,2015-12-26,MIA @ ORL,W,30,3,10,0.3,1,4,0.25,0,0,,2,5,7,0,0,0,2,1,7,-5,13.4,1,2015-16
22015,202328,Greg Monroe,1610612749,MIL,Milwaukee Bucks,0021500441,2015-12-26,MIL vs. TOR,L,33,7,10,0.7,0,0,,5,5,1.0,1,10,11,3,0,1,2,1,19,1,37.7,1,2015-16
22015,203476,Gorgui Dieng,1610612750,MIN,Minnesota Timberwolves,0021500448,2015-12-26,MIN vs. IND,L,35,2,8,0.25,0,0,,3,4,0.75,2,5,7,2,1,0,6,2,7,-9,15.4,1,2015-16
22015,203897,Zach LaVine,1610612750,MIN,Minnesota Timberwolves,0021500448,2015-12-26,MIN vs. IND,L,26,3,10,0.3,1,3,0.333,2,2,1.0,0,0,0,4,1,0,1,0,9,-20,17.0,1,2015-16
22015,1626145,Tyus Jones,1610612750,MIN,Minnesota Timberwolves,0021500448,2015-12-26,MIN vs. IND,L,11,0,1,0.0,0,0,,0,0,,0,3,3,1,0,1,0,1,0,-13,8.1,1,2015-16
22015,1626157,Karl-Anthony Towns,1610612750,MIN,Minnesota Timberwolves,0021500448,2015-12-26,MIN vs. IND,L,40,10,16,0.625,0,2,0.0,4,5,0.8,3,5,8,3,1,1,5,4,24,-7,39.1,1,2015-16
22015,2207,Joe Johnson,1610612751,BKN,Brooklyn Nets,0021500447,2015-12-26,BKN vs. WAS,L,37,3,10,0.3,1,4,0.25,2,4,0.5,0,3,3,1,0,0,2,1,9,-11,12.1,1,2015-16
22015,101127,Jarrett Jack,1610612751,BKN,Brooklyn Nets,0021500447,2015-12-26,BKN vs. WAS,L,32,7,15,0.467,1,4,0.25,0,0,,0,2,2,11,3,0,4,4,15,-17,38.9,1,2015-16
22015,201572,Brook Lopez,1610612751,BKN,Brooklyn Nets,0021500447,2015-12-26,BKN vs. WAS,L,30,9,16,0.563,0,0,,1,3,0.333,6,5,11,3,0,2,1,3,19,-22,41.7,1,2015-16
22015,2756,Sasha Vujacic,1610612752,NYK,New York Knicks,0021500442,2015-12-26,NYK @ ATL,L,2,0,0,,0,0,,0,0,,0,0,0,0,0,0,0,0,0,1,0.0,1,2015-16
22015,101181,Jose Calderon,1610612752,NYK,New York Knicks,0021500442,2015-12-26,NYK @ ATL,L,24,3,5,0.6,2,3,0.667,0,0,,1,3,4,8,2,1,0,1,8,-1,33.8,1,2015-16
22015,201167,Arron Afflalo,1610612752,NYK,New York Knicks,0021500442,2015-12-26,NYK @ ATL,L,32,4,10,0.4,1,4,0.25,1,1,1.0,0,3,3,1,0,0,2,1,10,-7,13.1,1,2015-16
22015,203094,Andrew Nicholson,1610612753,ORL,Orlando Magic,0021500444,2015-12-26,ORL vs. MIA,L,8,0,0,,0,0,,0,0,,0,1,1,0,0,0,0,1,0,-2,1.2,1,2015-16
22015,203901,Elfrid Payton,1610612753,ORL,Orlando Magic,0021500444,2015-12-26,ORL vs. MIA,L,33,9,13,0.692,0,0,,0,2,0.0,0,2,2,7,1,0,3,2,18,-13,30.9,1,2015-16
22015,101139,CJ Miles,1610612754,IND,Indiana Pacers,0021500448,2015-12-26,IND @ MIN,W,17,2,8,0.25,1,6,0.167,1,2,0.5,0,0,0,0,1,0,0,2,6,-9,9.0,1,2015-16
22015,201941,Jordan Hill,1610612754,IND,Indiana Pacers,0021500448,2015-12-26,IND @ MIN,W,28,5,10,0.5,0,0,,2,2,1.0,1,4,5,1,0,0,2,3,12,26,17.5,1,2015-16
22015,202730,Lavoy Allen,1610612754,IND,Indiana Pacers,0021500448,2015-12-26,IND @ MIN,W,29,4,6,0.667,0,0,,0,0,,1,2,3,3,0,2,1,1,8,15,21.1,1,2015-16
22015,203922,Glenn Robinson III,1610612754,IND,Indiana Pacers,0021500448,2015-12-26,IND @ MIN,W,4,0,1,0.0,0,0,,0,0,,0,2,2,0,0,0,0,0,0,1,2.4,1,2015-16
22015,201171,Carl Landry,1610612755,PHI,Philadelphia 76ers,0021500451,2015-12-26,PHI @ PHX,W,23,7,10,0.7,0,0,,2,2,1.0,2,6,8,0,1,0,2,3,16,18,26.6,1,2015-16
22015,202397,Ish Smith,1610612755,PHI,Philadelphia 76ers,0021500451,2015-12-26,PHI @ PHX,W,31,6,15,0.4,1,1,1.0,1,1,1.0,0,2,2,5,1,1,3,1,14,-7,26.9,1,2015-16
22015,203477,Isaiah Canaan,1610612755,PHI,Philadelphia 76ers,0021500451,2015-12-26,PHI @ PHX,W,28,6,12,0.5,4,8,0.5,6,6,1.0,0,4,4,3,1,0,2,1,22,-4,32.3,1,2015-16
22015,201603,Sonny Weems,1610612756,PHX,Phoenix Suns,0021500451,2015-12-26,PHX vs. PHI,L,17,1,4,0.25,1,1,1.0,0,0,,0,0,0,3,1,0,1,2,3,-3,9.5,1,2015-16
22015,203933,T.J. Warren,1610612756,PHX,Phoenix Suns,0021500451,2015-12-26,PHX vs. PHI,L,10,1,5,0.2,1,3,0.333,0,0,,1,0,1,0,1,1,0,1,3,0,10.2,1,2015-16
22015,202334,Ed Davis,1610612757,POR,Portland Trail Blazers,0021500453,2015-12-26,POR vs. CLE,W,13,4,4,1.0,0,0,,0,0,,2,2,4,2,0,0,0,1,8,3,15.8,1,2015-16
22015,203090,Maurice Harkless,1610612757,POR,Portland Trail Blazers,0021500453,2015-12-26,POR vs. CLE,W,13,2,5,0.4,0,0,,0,0,,2,1,3,0,0,1,0,0,4,4,10.6,1,2015-16
22015,2564,Boris Diaw,1610612759,SAS,San Antonio Spurs,0021500450,2015-12-26,SAS vs. DEN,W,25,6,10,0.6,2,2,1.0,2,3,0.667,2,1,3,0,1,0,2,0,16,-2,20.6,1,2015-16
22015,201980,Danny Green,1610612759,SAS,San Antonio Spurs,0021500450,2015-12-26,SAS vs. DEN,W,32,3,6,0.5,0,1,0.0,2,2,1.0,1,3,4,1,1,1,1,1,8,21,19.3,1,2015-16
22015,200768,Kyle Lowry,1610612761,TOR,Toronto Raptors,0021500441,2015-12-26,TOR @ MIL,W,32,6,15,0.4,2,6,0.333,2,2,1.0,0,2,2,9,1,0,4,1,16,4,30.9,1,2015-16
22015,202335,Patrick Patterson,1610612761,TOR,Toronto Raptors,0021500441,2015-12-26,TOR @ MIL,W,28,3,7,0.429,1,4,0.25,0,0,,1,6,7,5,0,2,0,2,7,22,28.9,1,2015-16
22015,202330,Gordon Hayward,1610612762,UTA,Utah Jazz,0021500452,2015-12-26,UTA vs. LAC,L,37,7,13,0.538,1,2,0.5,13,15,0.867,1,5,6,5,2,0,4,3,28,-6,44.7,1,2015-16
22015,203918,Rodney Hood,1610612762,UTA,Utah Jazz,0021500452,2015-12-26,UTA vs. LAC,L,26,6,13,0.462,1,4,0.25,2,2,1.0,0,0,0,1,0,0,1,2,15,6,15.5,1,2015-16
22015,2216,Zach Randolph,1610612763,MEM,Memphis Grizzlies,0021500443,2015-12-26,MEM @ CHA,L,33,8,19,0.421,0,1,0.0,2,6,0.333,8,4,12,1,1,0,1,2,18,10,35.9,1,2015-16
22015,2754,Tony Allen,1610612763,MEM,Memphis Grizzlies,0021500443,2015-12-26,MEM @ CHA,L,28,2,4,0.5,0,0,,0,0,,1,3,4,1,2,0,0,5,4,4,16.3,1,2015-16
22015,101162,Marcin Gortat,1610612764,WAS,Washington Wizards,0021500447,2015-12-26,WAS @ BKN,W,30,10,15,0.667,0,0,,5,6,0.833,2,5,7,3,1,1,2,4,25,19,41.9,1,2015-16
22015,202322,John Wall,1610612764,WAS,Washington Wizards,0021500447,2015-12-26,WAS @ BKN,W,34,9,17,0.529,2,3,0.667,2,3,0.667,2,2,4,13,1,2,3,1,22,14,52.3,1,2015-16
22015,203490,Otto Porter Jr.,1610612764,WAS,Washington Wizards,0021500447,2015-12-26,WAS @ BKN,W,19,2,7,0.286,1,3,0.333,2,2,1.0,0,3,3,0,2,0,0,1,7,12,16.6,1,2015-16
22015,201229,Anthony Tolliver,1610612765,DET,Detroit Pistons,0021500446,2015-12-26,DET vs. BOS,L,16,1,5,0.2,1,5,0.2,2,2,1.0,0,1,1,1,1,0,0,2,5,5,10.7,1,2015-16
22015,202694,Marcus Morris Sr.,1610612765,DET,Detroit Pistons,0021500446,2015-12-26,DET vs. BOS,L,37,7,14,0.5,0,2,0.0,2,4,0.5,2,3,5,1,1,0,3,4,16,-1,23.5,1,2015-16
22015,203493,Reggie Bullock Jr.,1610612765,DET,Detroit Pistons,0021500446,2015-12-26,DET vs. BOS,L,1,0,0,,0,0,,0,0,,0,0,0,0,0,0,0,1,0,0,0.0,1,2015-16
22015,101107,Marvin Williams,1610612766,CHA,Charlotte Hornets,0021500443,2015-12-26,CHA vs. MEM,W,24,2,5,0.4,1,4,0.25,4,4,1.0,0,4,4,0,0,3,1,2,9,-6,21.8,1,2015-16
22015,203469,Cody Zeller,1610612766,CHA,Charlotte Hornets,0021500443,2015-12-26,CHA vs. MEM,W,28,3,6,0.5,0,0,,2,2,1.0,2,4,6,0,2,2,1,3,8,26,26.2,1,2015-16
22015,201952,Jeff Teague,1610612737,ATL,Atlanta Hawks,0021500442,2015-12-26,ATL vs. NYK,W,26,6,12,0.5,1,2,0.5,4,4,1.0,2,0,2,4,2,0,1,2,17,1,30.4,1,2015-16
22015,202714,Shelvin Mack,1610612737,ATL,Atlanta Hawks,0021500442,2015-12-26,ATL vs. NYK,W,2,1,1,1.0,0,0,,0,0,,0,0,0,0,0,0,0,0,2,-1,2.0,1,2015-16
22015,203471,Dennis Schröder,1610612737,ATL,Atlanta Hawks,0021500442,2015-12-26,ATL vs. NYK,W,21,4,9,0.444,0,1,0.0,2,2,1.0,0,4,4,6,2,0,0,0,10,24,29.8,1,2015-16
22015,101161,Amir Johnson,1610612738,BOS,Boston Celtics,0021500446,2015-12-26,BOS @ DET,W,28,6,7,0.857,0,0,,0,0,,4,4,8,0,0,0,1,3,12,8,20.6,1,2015-16
22015,202340,Avery Bradley,1610612738,BOS,Boston Celtics,0021500446,2015-12-26,BOS @ DET,W,31,6,14,0.429,3,10,0.3,3,3,1.0,1,3,4,1,3,0,0,2,18,14,33.3,1,2015-16
22015,202738,Isaiah Thomas,1610612738,BOS,Boston Celtics,0021500446,2015-12-26,BOS @ DET,W,33,4,14,0.286,0,4,0.0,9,10,0.9,0,1,1,9,0,0,4,3,17,9,27.7,1,2015-16
22015,2590,Mo Williams,1610612739,CLE,Cleveland Cavaliers,0021500453,2015-12-26,CLE @ POR,L,10,0,6,0.0,0,0,,0,0,,1,1,2,2,0,0,1,1,0,-15,4.4,1,2015-16
22015,201567,Kevin Love,1610612739,CLE,Cleveland Cavaliers,0021500453,2015-12-26,CLE @ POR,L,20,4,9,0.444,4,7,0.571,1,3,0.333,1,4,5,0,0,0,2,0,13,-21,17.0,1,2015-16
22015,202684,Tristan Thompson,1610612739,CLE,Cleveland Cavaliers,0021500453,2015-12-26,CLE @ POR,L,22,2,3,0.667,0,0,,0,0,,4,7,11,1,0,0,1,3,4,-18,17.7,1,2015-16
22015,202697,Iman Shumpert,1610612739,CLE,Cleveland Cavaliers,0021500453,2015-12-26,CLE @ POR,L,25,2,8,0.25,1,4,0.25,0,0,,0,4,4,2,1,0,3,1,5,-13,12.8,1,2015-16
22015,203076,Anthony Davis,1610612740,NOP,New Orleans Pelicans,0021500445,2015-12-26,NOP vs. HOU,W,38,8,16,0.5,1,2,0.5,7,8,0.875,2,11,13,2,0,3,4,3,24,7,47.6,1,2015-16
22015,2200,Pau Gasol,1610612741,CHI,Chicago Bulls,0021500449,2015-12-26,CHI @ DAL,L,38,7,10,0.7,0,0,,4,4,1.0,4,5,9,3,1,3,0,5,18,-1,45.3,1,2015-16
22015,201565,Derrick Rose,1610612741,CHI,Chicago Bulls,0021500449,2015-12-26,CHI @ DAL,L,37,12,20,0.6,0,1,0.0,1,1,1.0,1,4,5,4,0,0,3,1,25,-5,34.0,1,2015-16
22015,202710,Jimmy Butler III,1610612741,CHI,Chicago Bulls,0021500449,2015-12-26,CHI @ DAL,L,37,4,11,0.364,2,5,0.4,7,8,0.875,0,4,4,8,3,0,5,2,17,-14,37.8,1,2015-16
22015,203946,Cameron Bairstow,1610612741,CHI,Chicago Bulls,0021500449,2015-12-26,CHI @ DAL,L,2,0,0,,0,0,,0,0,,0,0,0,0,0,0,0,0,0,-6,0.0,1,2015-16
22015,1717,Dirk Nowitzki,1610612742,DAL,Dallas Mavericks,0021500449,2015-12-26,DAL vs. CHI,W,33,5,11,0.455,3,7,0.429,3,4,0.75,2,4,6,2,1,0,1,3,16,28,28.2,1,2015-16
22015,203115,Will Barton,1610612743,DEN,Denver Nuggets,0021500450,2015-12-26,DEN @ SAS,L,28,7,14,0.5,2,5,0.4,0,0,,1,4,5,3,1,0,1,1,16,-5,28.5,1,2015-16
22015,2730,Dwight Howard,1610612745,HOU,Houston Rockets,0021500445,2015-12-26,HOU @ NOP,L,31,3,4,0.75,0,0,,1,1,1.0,2,7,9,0,0,1,1,4,7,-1,19.8,1,2015-16
22015,201935,James Harden,1610612745,HOU,Houston Rockets,0021500445,2015-12-26,HOU @ NOP,L,34,8,21,0.381,5,11,0.455,4,4,1.0,1,5,6,5,1,0,2,4,25,-5,40.7,1,2015-16
22015,203991,Clint Capela,1610612745,HOU,Houston Rockets,0021500445,2015-12-26,HOU @ NOP,L,29,1,4,0.25,0,0,,0,0,,3,4,7,4,1,2,0,4,2,-9,25.4,1,2015-16
22015,200755,JJ Redick,1610612746,LAC,LA Clippers,0021500452,2015-12-26,LAC @ UTA,W,33,8,11,0.727,5,7,0.714,4,4,1.0,0,2,2,2,2,0,2,1,25,10,34.4,1,2015-16
22015,2757,Beno Udrih,1610612748,MIA,Miami Heat,0021500444,2015-12-26,MIA @ ORL,W,13,1,3,0.333,1,1,1.0,0,0,,0,0,0,4,0,0,0,0,3,8,9.0,1,2015-16
22015,201609,Goran Dragic,1610612748,MIA,Miami Heat,0021500444,2015-12-26,MIA @ ORL,W,35,9,16,0.563,3,6,0.5,1,2,0.5,3,3,6,4,1,0,3,3,22,-1,35.2,1,2015-16
22015,202355,Hassan Whiteside,1610612748,MIA,Miami Heat,0021500444,2015-12-26,MIA @ ORL,W,37,2,5,0.4,0,0,,3,3,1.0,1,5,6,0,0,3,0,3,7,15,23.2,1,2015-16
22015,203089,John Henson,1610612749,MIL,Milwaukee Bucks,0021500441,2015-12-26,MIL vs. TOR,L,15,5,7,0.714,0,0,,1,2,0.5,0,1,1,0,0,3,1,0,11,-22,20.2,1,2015-16
22015,203114,Khris Middleton,1610612749,MIL,Milwaukee Bucks,0021500441,2015-12-26,MIL vs. TOR,L,37,7,16,0.438,5,8,0.625,1,1,1.0,0,3,3,7,0,0,2,3,20,-4,32.1,1,2015-16
22015,203498,Shabazz Muhammad,1610612750,MIN,Minnesota Timberwolves,0021500448,2015-12-26,MIN vs. IND,L,10,0,2,0.0,0,0,,2,2,1.0,0,1,1,0,1,0,1,1,2,-14,5.2,1,2015-16
22015,203499,Shane Larkin,1610612751,BKN,Brooklyn Nets,0021500447,2015-12-26,BKN vs. WAS,L,15,1,3,0.333,0,0,,0,0,,0,2,2,3,1,0,1,3,2,-13,10.9,1,2015-16
22015,2546,Carmelo Anthony,1610612752,NYK,New York Knicks,0021500442,2015-12-26,NYK @ ATL,L,30,7,12,0.583,0,2,0.0,4,7,0.571,2,10,12,4,0,1,4,2,18,-6,37.4,1,2015-16
22015,202498,Lance Thomas,1610612752,NYK,New York Knicks,0021500442,2015-12-26,NYK @ ATL,L,25,6,12,0.5,0,3,0.0,0,0,,2,2,4,0,1,1,3,3,12,-19,19.8,1,2015-16
22015,204001,Kristaps Porziņģis,1610612752,NYK,New York Knicks,0021500442,2015-12-26,NYK @ ATL,L,21,3,10,0.3,1,2,0.5,2,2,1.0,1,1,2,1,0,1,2,1,9,-3,13.9,1,2015-16
22015,204038,Langston Galloway,1610612752,NYK,New York Knicks,0021500442,2015-12-26,NYK @ ATL,L,26,3,6,0.5,2,4,0.5,3,3,1.0,1,3,4,4,0,3,3,2,11,-21,27.8,1,2015-16
22015,201160,Jason Smith,1610612753,ORL,Orlando Magic,0021500444,2015-12-26,ORL vs. MIA,L,12,5,6,0.833,0,0,,0,0,,1,1,2,0,0,0,1,3,10,-7,11.4,1,2015-16
22015,203506,Victor Oladipo,1610612753,ORL,Orlando Magic,0021500444,2015-12-26,ORL vs. MIA,L,18,3,8,0.375,1,3,0.333,1,2,0.5,0,2,2,4,0,0,2,1,8,-2,14.4,1,2015-16
22015,201588,George Hill,1610612754,IND,Indiana Pacers,0021500448,2015-12-26,IND @ MIN,W,32,3,6,0.5,1,3,0.333,0,0,,1,4,5,4,3,0,1,2,7,2,27.0,1,2015-16
22015,1626158,Richaun Holmes,1610612755,PHI,Philadelphia 76ers,0021500451,2015-12-26,PHI @ PHX,W,7,2,3,0.667,0,0,,0,0,,0,1,1,0,0,1,1,1,4,-4,7.2,1,2015-16
22015,200782,P.J. Tucker,1610612756,PHX,Phoenix Suns,0021500451,2015-12-26,PHX vs. PHI,L,38,3,8,0.375,1,1,1.0,3,3,1.0,1,6,7,1,2,0,0,1,10,-7,25.9,1,2015-16
22015,203458,Alex Len,1610612756,PHX,Phoenix Suns,0021500451,2015-12-26,PHX vs. PHI,L,19,2,5,0.4,0,0,,2,2,1.0,4,2,6,2,0,1,0,2,6,-1,19.2,1,2015-16
22015,203468,CJ McCollum,1610612757,POR,Portland Trail Blazers,0021500453,2015-12-26,POR vs. CLE,W,34,7,18,0.389,1,5,0.2,1,3,0.333,0,4,4,6,1,0,1,0,16,36,31.8,1,2015-16
22015,203486,Mason Plumlee,1610612757,POR,Portland Trail Blazers,0021500453,2015-12-26,POR vs. CLE,W,28,4,6,0.667,0,0,,3,4,0.75,2,12,14,4,1,1,2,2,11,26,37.8,1,2015-16
22015,1626242,Luis Montero,1610612757,POR,Portland Trail Blazers,0021500453,2015-12-26,POR vs. CLE,W,4,1,3,0.333,0,0,,0,0,,0,0,0,0,0,0,1,0,2,-3,1.0,1,2015-16
22015,202407,Elijah Millsap,1610612762,UTA,Utah Jazz,0021500452,2015-12-26,UTA vs. LAC,L,10,1,2,0.5,0,0,,0,0,,0,0,0,0,0,1,0,2,2,-12,5.0,1,2015-16
22015,203504,Trey Burke,1610612762,UTA,Utah Jazz,0021500452,2015-12-26,UTA vs. LAC,L,18,2,8,0.25,1,6,0.167,0,0,,1,0,1,3,0,0,0,1,5,-6,10.7,1,2015-16
22015,204060,Joe Ingles,1610612762,UTA,Utah Jazz,0021500452,2015-12-26,UTA vs. LAC,L,26,5,10,0.5,4,8,0.5,0,0,,0,3,3,1,0,0,2,3,14,-3,17.1,1,2015-16
22015,2440,Matt Barnes,1610612763,MEM,Memphis Grizzlies,0021500443,2015-12-26,MEM @ CHA,L,28,3,9,0.333,1,4,0.25,0,0,,3,4,7,1,0,2,2,3,7,-11,20.9,1,2015-16
22015,201584,Courtney Lee,1610612763,MEM,Memphis Grizzlies,0021500443,2015-12-26,MEM @ CHA,L,27,2,5,0.4,1,3,0.333,0,1,0.0,0,2,2,1,0,1,0,2,5,-16,11.9,1,2015-16
22015,201971,DeJuan Blair,1610612764,WAS,Washington Wizards,0021500447,2015-12-26,WAS @ BKN,W,6,1,4,0.25,0,0,,0,0,,0,1,1,0,0,0,0,3,2,-14,3.2,1,2015-16
22015,202066,Garrett Temple,1610612764,WAS,Washington Wizards,0021500447,2015-12-26,WAS @ BKN,W,34,3,9,0.333,1,5,0.2,2,2,1.0,0,1,1,3,2,1,1,2,9,13,22.7,1,2015-16
22015,202704,Reggie Jackson,1610612765,DET,Detroit Pistons,0021500446,2015-12-26,DET vs. BOS,L,27,5,14,0.357,2,5,0.4,5,5,1.0,1,2,3,2,0,0,3,5,17,-2,20.6,1,2015-16
22015,203083,Andre Drummond,1610612765,DET,Detroit Pistons,0021500446,2015-12-26,DET vs. BOS,L,36,9,21,0.429,0,0,,4,10,0.4,7,15,22,1,2,2,2,1,22,-11,59.9,1,2015-16
22015,201946,Tyler Hansbrough,1610612766,CHA,Charlotte Hornets,0021500443,2015-12-26,CHA vs. MEM,W,4,0,0,,0,0,,0,0,,0,1,1,1,0,0,1,3,0,-5,1.7,1,2015-16
22015,202689,Kemba Walker,1610612766,CHA,Charlotte Hornets,0021500443,2015-12-26,CHA vs. MEM,W,40,6,12,0.5,4,6,0.667,6,6,1.0,1,5,6,8,1,0,3,1,22,8,41.2,1,2015-16
22015,203087,Jeremy Lamb,1610612766,CHA,Charlotte Hornets,0021500443,2015-12-26,CHA vs. MEM,W,15,0,3,0.0,0,3,0.0,0,0,,1,3,4,0,0,1,2,1,0,-6,5.8,1,2015-16
22015,203914,Gary Harris,1610612743,DEN,Denver Nuggets,0021500450,2015-12-26,DEN @ SAS,L,34,4,10,0.4,0,2,0.0,2,2,1.0,0,2,2,5,0,0,2,1,10,-5,17.9,1,2015-16
22015,1891,Jason Terry,1610612745,HOU,Houston Rockets,0021500445,2015-12-26,HOU @ NOP,L,12,1,2,0.5,1,1,1.0,0,0,,0,0,0,0,0,0,0,0,3,-4,3.0,1,2015-16
22015,201976,Patrick Beverley,1610612745,HOU,Houston Rockets,0021500445,2015-12-26,HOU @ NOP,L,21,6,10,0.6,4,7,0.571,0,0,,0,0,0,2,0,0,1,2,16,-3,18.0,1,2015-16
22015,2405,Amar'e Stoudemire,1610612748,MIA,Miami Heat,0021500444,2015-12-26,MIA @ ORL,W,9,1,3,0.333,0,0,,0,0,,1,2,3,1,0,0,0,0,2,-1,7.1,1,2015-16
22015,201564,O.J. Mayo,1610612749,MIL,Milwaukee Bucks,0021500441,2015-12-26,MIL vs. TOR,L,22,1,7,0.143,0,2,0.0,4,4,1.0,0,1,1,4,0,1,2,2,6,-5,14.2,1,2015-16
22015,202339,Eric Bledsoe,1610612756,PHX,Phoenix Suns,0021500451,2015-12-26,PHX vs. PHI,L,8,2,4,0.5,0,1,0.0,0,0,,0,2,2,0,0,0,2,2,4,-7,4.4,1,2015-16
22015,203459,Allen Crabbe,1610612757,POR,Portland Trail Blazers,0021500453,2015-12-26,POR vs. CLE,W,31,8,15,0.533,4,6,0.667,6,6,1.0,0,3,3,1,0,0,0,2,26,26,31.1,1,2015-16
22015,201942,DeMar DeRozan,1610612761,TOR,Toronto Raptors,0021500441,2015-12-26,TOR @ MIL,W,33,7,14,0.5,1,4,0.25,7,8,0.875,0,3,3,8,1,0,3,3,22,5,37.6,1,2015-16
22015,201960,DeMarre Carroll,1610612761,TOR,Toronto Raptors,0021500441,2015-12-26,TOR @ MIL,W,18,3,5,0.6,1,2,0.5,0,0,,1,1,2,1,1,0,0,0,7,13,13.9,1,2015-16
22015,1713,Vince Carter,1610612763,MEM,Memphis Grizzlies,0021500443,2015-12-26,MEM @ CHA,L,4,0,2,0.0,0,0,,0,0,,0,1,1,1,0,0,0,2,0,0,2.7,1,2015-16
22015,2743,Kris Humphries,1610612764,WAS,Washington Wizards,0021500447,2015-12-26,WAS @ BKN,W,20,4,9,0.444,1,4,0.25,1,2,0.5,0,8,8,1,1,0,0,1,10,-4,24.1,1,2015-16
22015,201162,Jared Dudley,1610612764,WAS,Washington Wizards,0021500447,2015-12-26,WAS @ BKN,W,29,1,4,0.25,1,2,0.5,0,0,,2,1,3,3,1,0,0,4,3,16,14.1,1,2015-16
22015,203484,Kentavious Caldwell-Pope,1610612765,DET,Detroit Pistons,0021500446,2015-12-26,DET vs. BOS,L,35,3,13,0.231,0,5,0.0,0,0,,0,4,4,2,1,0,5,3,6,-9,11.8,1,2015-16
22015,203096,Jared Sullinger,1610612738,BOS,Boston Celtics,0021500454,2015-12-27,BOS vs. NYK,W,24,1,9,0.111,0,1,0.0,1,2,0.5,2,4,6,0,0,0,2,4,3,-7,8.2,1,2015-16
22015,200751,Randy Foye,1610612743,DEN,Denver Nuggets,0021500456,2015-12-27,DEN @ OKC,L,23,2,5,0.4,0,2,0.0,0,0,,0,2,2,3,0,0,1,2,4,7,9.9,1,2015-16
22015,201589,Darrell Arthur,1610612743,DEN,Denver Nuggets,0021500456,2015-12-27,DEN @ OKC,L,19,1,5,0.2,1,2,0.5,2,2,1.0,2,0,2,1,1,0,1,1,5,-2,10.9,1,2015-16
22015,203135,Robert Sacre,1610612747,LAL,Los Angeles Lakers,0021500455,2015-12-27,LAL @ MEM,L,7,0,1,0.0,0,0,,1,2,0.5,2,0,2,0,0,1,0,0,1,9,6.4,1,2015-16
22015,1626148,Anthony Brown,1610612747,LAL,Los Angeles Lakers,0021500455,2015-12-27,LAL @ MEM,L,7,0,4,0.0,0,1,0.0,2,2,1.0,1,3,4,1,1,0,1,0,2,9,10.3,1,2015-16
22015,2546,Carmelo Anthony,1610612752,NYK,New York Knicks,0021500454,2015-12-27,NYK @ BOS,L,35,11,26,0.423,2,5,0.4,5,7,0.714,4,6,10,2,0,0,2,3,29,-11,42.0,1,2015-16
22015,2756,Sasha Vujacic,1610612752,NYK,New York Knicks,0021500454,2015-12-27,NYK @ BOS,L,15,1,3,0.333,0,1,0.0,2,2,1.0,0,2,2,0,0,0,2,2,4,-1,4.4,1,2015-16
22015,201167,Arron Afflalo,1610612752,NYK,New York Knicks,0021500454,2015-12-27,NYK @ BOS,L,33,2,10,0.2,0,3,0.0,0,0,,0,4,4,1,0,0,0,2,4,-8,10.3,1,2015-16
22015,201577,Robin Lopez,1610612752,NYK,New York Knicks,0021500454,2015-12-27,NYK @ BOS,L,30,3,7,0.429,0,0,,2,2,1.0,3,3,6,2,0,1,2,2,8,-3,19.2,1,2015-16
22015,204001,Kristaps Porziņģis,1610612752,NYK,New York Knicks,0021500454,2015-12-27,NYK @ BOS,L,28,4,13,0.308,0,1,0.0,8,8,1.0,4,8,12,0,2,3,2,4,16,-6,43.4,1,2015-16
22015,204025,Tim Frazier,1610612757,POR,Portland Trail Blazers,0021500457,2015-12-27,POR @ SAC,W,25,3,6,0.5,0,1,0.0,2,2,1.0,0,5,5,2,1,0,3,2,8,11,17.0,1,2015-16
22015,200765,Rajon Rondo,1610612758,SAC,Sacramento Kings,0021500457,2015-12-27,SAC vs. POR,L,39,3,6,0.5,2,3,0.667,1,2,0.5,0,5,5,15,3,0,8,2,9,1,38.5,1,2015-16
22015,202326,DeMarcus Cousins,1610612758,SAC,Sacramento Kings,0021500457,2015-12-27,SAC vs. POR,L,37,12,26,0.462,2,7,0.286,10,12,0.833,2,4,6,2,1,2,5,3,36,0,50.2,1,2015-16
22015,1626166,Cameron Payne,1610612760,OKC,Oklahoma City Thunder,0021500456,2015-12-27,OKC vs. DEN,W,12,2,4,0.5,2,2,1.0,0,0,,0,4,4,2,0,0,1,3,6,-5,12.8,1,2015-16
22015,201584,Courtney Lee,1610612763,MEM,Memphis Grizzlies,0021500455,2015-12-27,MEM vs. LAL,W,24,5,7,0.714,1,2,0.5,2,2,1.0,1,1,2,3,1,0,0,1,13,14,22.9,1,2015-16
22015,203210,JaMychal Green,1610612763,MEM,Memphis Grizzlies,0021500455,2015-12-27,MEM vs. LAL,W,27,3,7,0.429,1,1,1.0,0,2,0.0,1,7,8,1,1,2,1,3,7,2,26.1,1,2015-16
22015,1626185,Jarell Martin,1610612763,MEM,Memphis Grizzlies,0021500455,2015-12-27,MEM vs. LAL,W,6,1,3,0.333,0,0,,0,0,,0,0,0,0,0,0,0,2,2,-6,2.0,1,2015-16
22015,202738,Isaiah Thomas,1610612738,BOS,Boston Celtics,0021500454,2015-12-27,BOS vs. NYK,W,33,6,18,0.333,1,5,0.2,8,10,0.8,2,6,8,6,0,0,3,1,21,9,36.6,1,2015-16
22015,203092,Tyler Zeller,1610612738,BOS,Boston Celtics,0021500454,2015-12-27,BOS vs. NYK,W,5,0,2,0.0,0,0,,0,0,,1,0,1,0,0,0,0,0,0,2,1.2,1,2015-16
22015,203530,Joffrey Lauvergne,1610612743,DEN,Denver Nuggets,0021500456,2015-12-27,DEN @ OKC,L,31,8,15,0.533,0,1,0.0,2,2,1.0,3,1,4,1,0,0,0,1,18,-14,24.3,1,2015-16
22015,203999,Nikola Jokić,1610612743,DEN,Denver Nuggets,0021500456,2015-12-27,DEN @ OKC,L,17,3,7,0.429,1,1,1.0,0,0,,1,2,3,2,1,0,2,4,7,4,14.6,1,2015-16
22015,101138,Brandon Bass,1610612747,LAL,Los Angeles Lakers,0021500455,2015-12-27,LAL @ MEM,L,15,1,2,0.5,0,0,,0,0,,1,1,2,0,1,2,0,0,2,-5,13.4,1,2015-16
22015,201579,Roy Hibbert,1610612747,LAL,Los Angeles Lakers,0021500455,2015-12-27,LAL @ MEM,L,26,0,3,0.0,0,0,,5,6,0.833,2,2,4,2,0,0,1,4,5,-20,11.8,1,2015-16
22015,203903,Jordan Clarkson,1610612747,LAL,Los Angeles Lakers,0021500455,2015-12-27,LAL @ MEM,L,27,5,9,0.556,0,1,0.0,2,2,1.0,1,1,2,3,0,0,1,4,12,-28,17.9,1,2015-16
22015,203944,Julius Randle,1610612747,LAL,Los Angeles Lakers,0021500455,2015-12-27,LAL @ MEM,L,23,3,8,0.375,1,1,1.0,2,6,0.333,3,10,13,1,0,0,1,3,9,2,25.1,1,2015-16
22015,1626273,Marcelo Huertas,1610612747,LAL,Los Angeles Lakers,0021500455,2015-12-27,LAL @ MEM,L,7,0,2,0.0,0,0,,0,0,,0,1,1,1,0,0,0,1,0,9,2.7,1,2015-16
22015,203090,Maurice Harkless,1610612757,POR,Portland Trail Blazers,0021500457,2015-12-27,POR @ SAC,W,33,6,9,0.667,0,3,0.0,1,1,1.0,3,3,6,1,3,2,1,2,13,10,35.7,1,2015-16
22015,201954,Darren Collison,1610612758,SAC,Sacramento Kings,0021500457,2015-12-27,SAC vs. POR,L,28,3,9,0.333,0,3,0.0,4,4,1.0,1,1,2,2,3,0,2,3,10,-11,22.4,1,2015-16
22015,203079,Dion Waiters,1610612760,OKC,Oklahoma City Thunder,0021500456,2015-12-27,OKC vs. DEN,W,19,2,5,0.4,0,1,0.0,0,0,,2,3,5,0,1,0,0,2,4,11,13.0,1,2015-16
22015,203460,Andre Roberson,1610612760,OKC,Oklahoma City Thunder,0021500456,2015-12-27,OKC vs. DEN,W,27,4,7,0.571,1,1,1.0,1,1,1.0,4,2,6,0,2,0,2,1,10,-3,21.2,1,2015-16
22015,203500,Steven Adams,1610612760,OKC,Oklahoma City Thunder,0021500456,2015-12-27,OKC vs. DEN,W,22,0,1,0.0,0,0,,2,2,1.0,0,3,3,0,0,0,2,3,2,6,3.6,1,2015-16
22015,2754,Tony Allen,1610612763,MEM,Memphis Grizzlies,0021500455,2015-12-27,MEM vs. LAL,W,19,2,6,0.333,0,0,,0,0,,0,2,2,0,0,0,1,3,4,4,5.4,1,2015-16
22015,203482,Kelly Olynyk,1610612738,BOS,Boston Celtics,0021500454,2015-12-27,BOS vs. NYK,W,21,4,9,0.444,1,2,0.5,2,4,0.5,1,8,9,2,2,1,1,5,11,10,32.8,1,2015-16
22015,1626154,RJ Hunter,1610612738,BOS,Boston Celtics,0021500454,2015-12-27,BOS vs. NYK,W,7,0,2,0.0,0,1,0.0,1,2,0.5,1,1,2,0,0,0,0,0,1,1,3.4,1,2015-16
22015,203914,Gary Harris,1610612743,DEN,Denver Nuggets,0021500456,2015-12-27,DEN @ OKC,L,31,6,13,0.462,2,5,0.4,2,4,0.5,0,2,2,3,2,0,1,2,16,-14,27.9,1,2015-16
22015,202682,Derrick Williams,1610612752,NYK,New York Knicks,0021500454,2015-12-27,NYK @ BOS,L,23,4,8,0.5,0,2,0.0,2,3,0.667,1,3,4,1,1,0,1,3,10,-5,18.3,1,2015-16
22015,201945,Gerald Henderson,1610612757,POR,Portland Trail Blazers,0021500457,2015-12-27,POR @ SAC,W,20,2,8,0.25,1,3,0.333,0,0,,0,2,2,1,0,1,2,1,5,13,9.9,1,2015-16
22015,203468,CJ McCollum,1610612757,POR,Portland Trail Blazers,0021500457,2015-12-27,POR @ SAC,W,42,14,28,0.5,3,9,0.333,4,5,0.8,4,7,11,9,4,1,2,2,35,-4,74.7,1,2015-16
22015,203943,Noah Vonleh,1610612757,POR,Portland Trail Blazers,0021500457,2015-12-27,POR @ SAC,W,14,1,5,0.2,0,0,,0,0,,2,1,3,0,2,0,0,0,2,-10,11.6,1,2015-16
22015,200752,Rudy Gay,1610612758,SAC,Sacramento Kings,0021500457,2015-12-27,SAC vs. POR,L,34,2,12,0.167,0,1,0.0,3,4,0.75,3,11,14,1,0,1,2,4,7,-2,26.3,1,2015-16
22015,2555,Nick Collison,1610612760,OKC,Oklahoma City Thunder,0021500456,2015-12-27,OKC vs. DEN,W,15,0,2,0.0,0,0,,0,2,0.0,0,0,0,0,0,0,2,2,0,-5,-2.0,1,2015-16
22015,201142,Kevin Durant,1610612760,OKC,Oklahoma City Thunder,0021500456,2015-12-27,OKC vs. DEN,W,39,11,21,0.524,3,5,0.6,1,1,1.0,1,3,4,10,0,1,2,3,26,12,46.8,1,2015-16
22015,2216,Zach Randolph,1610612763,MEM,Memphis Grizzlies,0021500455,2015-12-27,MEM vs. LAL,W,20,7,8,0.875,0,0,,2,2,1.0,0,3,3,0,1,0,2,2,16,5,20.6,1,2015-16
22015,2440,Matt Barnes,1610612763,MEM,Memphis Grizzlies,0021500455,2015-12-27,MEM vs. LAL,W,22,2,3,0.667,1,2,0.5,0,0,,1,7,8,2,0,0,1,2,5,22,16.6,1,2015-16
22015,201144,Mike Conley,1610612763,MEM,Memphis Grizzlies,0021500455,2015-12-27,MEM vs. LAL,W,24,7,11,0.636,1,3,0.333,4,4,1.0,0,4,4,5,4,0,0,0,19,26,43.3,1,2015-16
22015,201973,Jonas Jerebko,1610612738,BOS,Boston Celtics,0021500454,2015-12-27,BOS vs. NYK,W,19,2,3,0.667,1,1,1.0,2,3,0.667,0,3,3,2,0,0,0,6,7,3,13.6,1,2015-16
22015,202323,Evan Turner,1610612738,BOS,Boston Celtics,0021500454,2015-12-27,BOS vs. NYK,W,30,8,11,0.727,1,1,1.0,2,2,1.0,0,5,5,2,0,0,2,1,19,10,26.0,1,2015-16
22015,202340,Avery Bradley,1610612738,BOS,Boston Celtics,0021500454,2015-12-27,BOS vs. NYK,W,31,3,7,0.429,0,1,0.0,0,0,,0,1,1,2,1,1,0,1,6,4,16.2,1,2015-16
22015,1626204,Larry Nance Jr.,1610612747,LAL,Los Angeles Lakers,0021500455,2015-12-27,LAL @ MEM,L,25,8,12,0.667,0,0,,1,2,0.5,4,7,11,1,2,0,1,1,17,-18,36.7,1,2015-16
22015,202498,Lance Thomas,1610612752,NYK,New York Knicks,0021500454,2015-12-27,NYK @ BOS,L,17,3,6,0.5,2,3,0.667,2,2,1.0,0,2,2,1,2,0,0,0,10,5,19.9,1,2015-16
22015,203459,Allen Crabbe,1610612757,POR,Portland Trail Blazers,0021500457,2015-12-27,POR @ SAC,W,31,4,14,0.286,2,8,0.25,0,0,,1,4,5,1,0,0,1,5,10,-1,16.5,1,2015-16
22015,203486,Mason Plumlee,1610612757,POR,Portland Trail Blazers,0021500457,2015-12-27,POR @ SAC,W,22,1,3,0.333,0,0,,2,4,0.5,2,4,6,3,1,1,2,5,4,-5,19.7,1,2015-16
22015,201585,Kosta Koufos,1610612758,SAC,Sacramento Kings,0021500457,2015-12-27,SAC vs. POR,L,15,2,4,0.5,0,0,,0,0,,0,1,1,0,0,0,1,4,4,-11,4.2,1,2015-16
22015,203552,Seth Curry,1610612758,SAC,Sacramento Kings,0021500457,2015-12-27,SAC vs. POR,L,9,0,2,0.0,0,1,0.0,1,2,0.5,0,1,1,0,1,0,1,1,1,4,4.2,1,2015-16
22015,201145,Jeff Green,1610612763,MEM,Memphis Grizzlies,0021500455,2015-12-27,MEM vs. LAL,W,25,6,10,0.6,1,3,0.333,4,6,0.667,3,1,4,4,0,1,1,2,17,18,29.8,1,2015-16
22015,101161,Amir Johnson,1610612738,BOS,Boston Celtics,0021500454,2015-12-27,BOS vs. NYK,W,22,4,7,0.571,0,1,0.0,0,0,,3,4,7,1,1,2,1,2,8,6,25.9,1,2015-16
22015,203109,Jae Crowder,1610612738,BOS,Boston Celtics,0021500454,2015-12-27,BOS vs. NYK,W,34,6,11,0.545,3,5,0.6,3,5,0.6,1,5,6,2,1,0,1,2,18,13,30.2,1,2015-16
22015,203935,Marcus Smart,1610612738,BOS,Boston Celtics,0021500454,2015-12-27,BOS vs. NYK,W,13,2,6,0.333,1,2,0.5,1,1,1.0,1,2,3,1,0,0,0,2,6,-6,11.1,1,2015-16
22015,203123,Kostas Papanikolaou,1610612743,DEN,Denver Nuggets,0021500456,2015-12-27,DEN @ OKC,L,13,1,2,0.5,1,2,0.5,0,0,,0,0,0,3,2,0,2,0,3,-7,11.5,1,2015-16
22015,977,Kobe Bryant,1610612747,LAL,Los Angeles Lakers,0021500455,2015-12-27,LAL @ MEM,L,24,6,15,0.4,2,8,0.25,5,6,0.833,0,2,2,3,0,0,3,2,19,-14,22.9,1,2015-16
22015,101150,Lou Williams,1610612747,LAL,Los Angeles Lakers,0021500455,2015-12-27,LAL @ MEM,L,30,2,10,0.2,1,6,0.167,0,0,,0,0,0,1,0,1,1,1,5,-14,8.5,1,2015-16
22015,201156,Nick Young,1610612747,LAL,Los Angeles Lakers,0021500455,2015-12-27,LAL @ MEM,L,17,2,7,0.286,1,4,0.25,2,2,1.0,1,1,2,0,1,1,0,0,7,-11,15.4,1,2015-16
22015,203527,Ryan Kelly,1610612747,LAL,Los Angeles Lakers,0021500455,2015-12-27,LAL @ MEM,L,7,2,5,0.4,1,3,0.333,2,2,1.0,3,0,3,0,0,0,1,0,7,9,9.6,1,2015-16
22015,203124,Kyle O'Quinn,1610612752,NYK,New York Knicks,0021500454,2015-12-27,NYK @ BOS,L,11,2,6,0.333,0,2,0.0,0,0,,1,2,3,2,0,0,3,1,4,-7,7.6,1,2015-16
22015,203921,Cleanthony Early,1610612752,NYK,New York Knicks,0021500454,2015-12-27,NYK @ BOS,L,0,0,0,,0,0,,0,0,,0,0,0,0,0,0,0,0,0,0,0.0,1,2015-16
22015,204038,Langston Galloway,1610612752,NYK,New York Knicks,0021500454,2015-12-27,NYK @ BOS,L,26,2,7,0.286,0,2,0.0,0,0,,0,3,3,5,0,0,0,6,4,0,15.1,1,2015-16
22015,202329,Al-Farouq Aminu,1610612757,POR,Portland Trail Blazers,0021500457,2015-12-27,POR @ SAC,W,23,2,8,0.25,0,2,0.0,1,2,0.5,0,3,3,0,2,0,4,2,5,-11,10.6,1,2015-16
22015,201956,Omri Casspi,1610612758,SAC,Sacramento Kings,0021500457,2015-12-27,SAC vs. POR,L,37,5,8,0.625,3,4,0.75,1,2,0.5,1,9,10,1,1,2,1,4,14,7,35.5,1,2015-16
22015,203463,Ben McLemore,1610612758,SAC,Sacramento Kings,0021500457,2015-12-27,SAC vs. POR,L,19,1,1,1.0,1,1,1.0,2,2,1.0,0,2,2,0,0,0,2,1,5,3,5.4,1,2015-16
22015,201566,Russell Westbrook,1610612760,OKC,Oklahoma City Thunder,0021500456,2015-12-27,OKC vs. DEN,W,38,11,18,0.611,2,3,0.667,6,6,1.0,1,8,9,12,1,0,4,0,30,14,57.8,1,2015-16
22015,201571,D.J. Augustin,1610612760,OKC,Oklahoma City Thunder,0021500456,2015-12-27,OKC vs. DEN,W,6,0,1,0.0,0,1,0.0,0,0,,0,0,0,1,0,0,0,0,0,-5,1.5,1,2015-16
22015,201586,Serge Ibaka,1610612760,OKC,Oklahoma City Thunder,0021500456,2015-12-27,OKC vs. DEN,W,31,9,13,0.692,0,1,0.0,1,1,1.0,0,4,4,1,0,3,0,2,19,19,34.3,1,2015-16
22015,201627,Anthony Morrow,1610612760,OKC,Oklahoma City Thunder,0021500456,2015-12-27,OKC vs. DEN,W,6,2,3,0.667,0,1,0.0,0,0,,0,0,0,1,0,0,0,1,4,0,5.5,1,2015-16
22015,202683,Enes Freedom,1610612760,OKC,Oklahoma City Thunder,0021500456,2015-12-27,OKC vs. DEN,W,25,7,8,0.875,0,0,,7,8,0.875,5,3,8,0,1,1,1,0,21,6,35.6,1,2015-16
22015,1713,Vince Carter,1610612763,MEM,Memphis Grizzlies,0021500455,2015-12-27,MEM vs. LAL,W,14,1,3,0.333,0,2,0.0,0,0,,0,0,0,2,0,0,0,2,2,-13,5.0,1,2015-16
22015,201596,Mario Chalmers,1610612763,MEM,Memphis Grizzlies,0021500455,2015-12-27,MEM vs. LAL,W,29,4,10,0.4,1,3,0.333,2,2,1.0,1,4,5,7,1,0,2,3,11,-3,28.5,1,2015-16
22015,203893,Russ Smith,1610612763,MEM,Memphis Grizzlies,0021500455,2015-12-27,MEM vs. LAL,W,7,0,1,0.0,0,0,,0,2,0.0,0,2,2,0,2,1,2,0,0,-9,9.4,1,2015-16
22015,2749,Jameer Nelson,1610612743,DEN,Denver Nuggets,0021500456,2015-12-27,DEN @ OKC,L,43,5,11,0.455,3,6,0.5,2,2,1.0,1,7,8,5,0,0,2,4,15,-13,30.1,1,2015-16
22015,202702,Kenneth Faried,1610612743,DEN,Denver Nuggets,0021500456,2015-12-27,DEN @ OKC,L,29,12,20,0.6,0,0,,1,2,0.5,8,3,11,1,0,2,1,2,25,-8,44.7,1,2015-16
22015,203115,Will Barton,1610612743,DEN,Denver Nuggets,0021500456,2015-12-27,DEN @ OKC,L,35,8,16,0.5,1,6,0.167,2,3,0.667,2,3,5,5,0,0,0,2,19,-3,32.5,1,2015-16
22015,1626156,D'Angelo Russell,1610612747,LAL,Los Angeles Lakers,0021500455,2015-12-27,LAL @ MEM,L,25,3,6,0.5,2,5,0.4,2,2,1.0,0,0,0,3,1,0,3,2,10,-8,14.5,1,2015-16
22015,101181,Jose Calderon,1610612752,NYK,New York Knicks,0021500454,2015-12-27,NYK @ BOS,L,22,1,3,0.333,0,0,,0,0,,0,2,2,1,1,0,1,0,2,-9,7.9,1,2015-16
22015,203086,Meyers Leonard,1610612757,POR,Portland Trail Blazers,0021500457,2015-12-27,POR @ SAC,W,30,5,11,0.455,4,7,0.571,2,2,1.0,2,9,11,2,0,0,3,4,16,17,29.2,1,2015-16
22015,201158,Marco Belinelli,1610612758,SAC,Sacramento Kings,0021500457,2015-12-27,SAC vs. POR,L,22,2,8,0.25,1,4,0.25,3,3,1.0,0,2,2,1,1,0,0,0,8,-11,14.9,1,2015-16
22015,201188,Marc Gasol,1610612763,MEM,Memphis Grizzlies,0021500455,2015-12-27,MEM vs. LAL,W,23,7,11,0.636,0,0,,2,2,1.0,0,3,3,6,1,0,0,2,16,20,31.6,1,2015-16
22015,201952,Jeff Teague,1610612737,ATL,Atlanta Hawks,0021500459,2015-12-28,ATL @ IND,L,35,3,9,0.333,1,2,0.5,11,14,0.786,0,5,5,4,1,0,6,3,18,2,27.0,1,2015-16
22015,203145,Kent Bazemore,1610612737,ATL,Atlanta Hawks,0021500459,2015-12-28,ATL @ IND,L,32,2,6,0.333,2,4,0.5,2,2,1.0,1,8,9,6,0,2,2,1,8,9,31.8,1,2015-16
22015,2210,Richard Jefferson,1610612739,CLE,Cleveland Cavaliers,0021500466,2015-12-28,CLE @ PHX,W,19,2,4,0.5,2,4,0.5,1,2,0.5,0,1,1,0,1,4,1,1,7,-4,22.2,1,2015-16
22015,2592,James Jones,1610612739,CLE,Cleveland Cavaliers,0021500466,2015-12-28,CLE @ PHX,W,13,1,4,0.25,1,4,0.25,0,0,,0,3,3,1,1,0,2,2,3,-5,9.1,1,2015-16
22015,202681,Kyrie Irving,1610612739,CLE,Cleveland Cavaliers,0021500466,2015-12-28,CLE @ PHX,W,24,7,16,0.438,2,7,0.286,6,6,1.0,0,1,1,2,1,0,1,0,22,8,28.2,1,2015-16
22015,202697,Iman Shumpert,1610612739,CLE,Cleveland Cavaliers,0021500466,2015-12-28,CLE @ PHX,W,21,2,3,0.667,1,2,0.5,0,0,,1,2,3,1,0,0,3,4,5,-7,7.1,1,2015-16
22015,2570,Kendrick Perkins,1610612740,NOP,New Orleans Pelicans,0021500460,2015-12-28,NOP @ ORL,L,15,2,3,0.667,0,0,,0,0,,2,2,4,1,0,0,1,2,4,-3,9.3,1,2015-16
22015,201569,Eric Gordon,1610612740,NOP,New Orleans Pelicans,0021500460,2015-12-28,NOP @ ORL,L,24,1,6,0.167,1,5,0.2,0,0,,0,0,0,0,0,1,2,0,3,-13,4.0,1,2015-16
22015,201583,Ryan Anderson,1610612740,NOP,New Orleans Pelicans,0021500460,2015-12-28,NOP @ ORL,L,23,1,8,0.125,0,4,0.0,1,1,1.0,1,2,3,4,0,0,1,0,3,-1,11.6,1,2015-16
22015,202703,Nikola Mirotic,1610612741,CHI,Chicago Bulls,0021500463,2015-12-28,CHI vs. TOR,W,17,1,6,0.167,0,4,0.0,0,0,,0,7,7,0,0,1,1,2,2,-10,12.4,1,2015-16
22015,203110,Draymond Green,1610612744,GSW,Golden State Warriors,0021500468,2015-12-28,GSW vs. SAC,W,31,7,14,0.5,5,7,0.714,6,8,0.75,3,5,8,4,2,0,6,2,25,24,40.6,1,2015-16
22015,1718,Paul Pierce,1610612746,LAC,LA Clippers,0021500461,2015-12-28,LAC @ WAS,W,17,4,7,0.571,1,3,0.333,0,0,,0,4,4,1,1,0,1,1,9,14,17.3,1,2015-16
22015,2037,Jamal Crawford,1610612746,LAC,LA Clippers,0021500461,2015-12-28,LAC @ WAS,W,27,9,12,0.75,3,5,0.6,0,0,,0,0,0,2,0,0,2,1,21,15,22.0,1,2015-16
22015,101108,Chris Paul,1610612746,LAC,LA Clippers,0021500461,2015-12-28,LAC @ WAS,W,27,9,20,0.45,1,5,0.2,4,4,1.0,1,4,5,7,0,0,2,1,23,10,37.5,1,2015-16
22015,202332,Cole Aldrich,1610612746,LAC,LA Clippers,0021500461,2015-12-28,LAC @ WAS,W,20,3,9,0.333,0,0,,7,8,0.875,0,6,6,3,4,1,1,3,13,9,38.7,1,2015-16
22015,202362,Lance Stephenson,1610612746,LAC,LA Clippers,0021500461,2015-12-28,LAC @ WAS,W,4,0,1,0.0,0,0,,0,0,,0,0,0,1,0,0,0,0,0,-9,1.5,1,2015-16
22015,201579,Roy Hibbert,1610612747,LAL,Los Angeles Lakers,0021500458,2015-12-28,LAL @ CHA,L,29,4,7,0.571,0,0,,0,0,,1,7,8,2,0,3,1,2,8,-9,28.6,1,2015-16
22015,1626204,Larry Nance Jr.,1610612747,LAL,Los Angeles Lakers,0021500458,2015-12-28,LAL @ CHA,L,27,6,7,0.857,0,0,,0,0,,1,6,7,0,0,0,0,3,12,-5,20.4,1,2015-16
22015,2548,Dwyane Wade,1610612748,MIA,Miami Heat,0021500462,2015-12-28,MIA vs. BKN,L,30,7,11,0.636,0,1,0.0,10,12,0.833,0,2,2,6,1,0,3,4,24,0,35.4,1,2015-16
22015,203507,Giannis Antetokounmpo,1610612749,MIL,Milwaukee Bucks,0021500464,2015-12-28,MIL @ DAL,L,28,4,10,0.4,0,1,0.0,3,4,0.75,1,8,9,1,1,1,2,5,11,-22,27.3,1,2015-16
22015,2419,Tayshaun Prince,1610612750,MIN,Minnesota Timberwolves,0021500465,2015-12-28,MIN @ SAS,L,30,5,6,0.833,0,0,,0,0,,0,2,2,0,0,2,0,3,10,2,18.4,1,2015-16
22015,203498,Shabazz Muhammad,1610612750,MIN,Minnesota Timberwolves,0021500465,2015-12-28,MIN @ SAS,L,12,3,4,0.75,2,2,1.0,0,0,,0,0,0,0,0,0,0,0,8,-2,8.0,1,2015-16
22015,202711,Bojan Bogdanovic,1610612751,BKN,Brooklyn Nets,0021500462,2015-12-28,BKN @ MIA,W,28,2,7,0.286,1,4,0.25,4,4,1.0,2,4,6,0,0,0,0,2,9,-6,16.2,1,2015-16
22015,201160,Jason Smith,1610612753,ORL,Orlando Magic,0021500460,2015-12-28,ORL vs. NOP,W,13,2,3,0.667,0,0,,0,0,,1,1,2,1,1,0,0,3,4,-5,10.9,1,2015-16
22015,203894,Shabazz Napier,1610612753,ORL,Orlando Magic,0021500460,2015-12-28,ORL vs. NOP,W,2,0,2,0.0,0,0,,0,0,,0,0,0,0,0,0,1,0,0,-3,-1.0,1,2015-16
22015,203906,Devyn Marble,1610612753,ORL,Orlando Magic,0021500460,2015-12-28,ORL vs. NOP,W,2,0,0,,0,0,,0,0,,0,1,1,0,0,0,0,0,0,-3,1.2,1,2015-16
22015,201155,Rodney Stuckey,1610612754,IND,Indiana Pacers,0021500459,2015-12-28,IND vs. ATL,W,25,2,7,0.286,0,1,0.0,2,2,1.0,0,5,5,1,1,0,0,2,6,15,16.5,1,2015-16
22015,201588,George Hill,1610612754,IND,Indiana Pacers,0021500459,2015-12-28,IND vs. ATL,W,35,3,9,0.333,1,4,0.25,1,2,0.5,1,1,2,0,4,1,1,1,8,1,24.4,1,2015-16
22015,201941,Jordan Hill,1610612754,IND,Indiana Pacers,0021500459,2015-12-28,IND vs. ATL,W,26,4,7,0.571,0,0,,1,5,0.2,0,5,5,1,1,1,2,2,9,16,20.5,1,2015-16
22015,201978,Chase Budinger,1610612754,IND,Indiana Pacers,0021500459,2015-12-28,IND vs. ATL,W,14,5,6,0.833,0,1,0.0,0,0,,0,2,2,0,2,0,0,1,10,10,18.4,1,2015-16
22015,203496,Robert Covington,1610612755,PHI,Philadelphia 76ers,0021500467,2015-12-28,PHI @ UTA,L,26,3,9,0.333,1,5,0.2,1,1,1.0,1,4,5,0,0,0,2,3,8,16,12.0,1,2015-16
22015,1626158,Richaun Holmes,1610612755,PHI,Philadelphia 76ers,0021500467,2015-12-28,PHI @ UTA,L,22,8,11,0.727,1,2,0.5,1,2,0.5,2,1,3,0,0,3,0,4,18,-9,30.6,1,2015-16
22015,201956,Omri Casspi,1610612758,SAC,Sacramento Kings,0021500468,2015-12-28,SAC @ GSW,L,35,13,18,0.722,9,12,0.75,1,4,0.25,1,5,6,1,0,0,4,4,36,-16,40.7,1,2015-16
22015,1938,Manu Ginobili,1610612759,SAS,San Antonio Spurs,0021500465,2015-12-28,SAS vs. MIN,W,24,5,11,0.455,3,6,0.5,0,0,,1,4,5,4,0,0,2,1,13,16,23.0,1,2015-16
22015,2225,Tony Parker,1610612759,SAS,San Antonio Spurs,0021500465,2015-12-28,SAS vs. MIN,W,31,2,9,0.222,0,2,0.0,8,12,0.667,0,4,4,7,0,1,2,1,12,-17,28.3,1,2015-16
22015,200768,Kyle Lowry,1610612761,TOR,Toronto Raptors,0021500463,2015-12-28,TOR @ CHI,L,40,9,15,0.6,3,4,0.75,7,8,0.875,0,6,6,9,3,0,3,0,28,12,54.7,1,2015-16
22015,202407,Elijah Millsap,1610612762,UTA,Utah Jazz,0021500467,2015-12-28,UTA vs. PHI,W,17,1,3,0.333,0,0,,2,2,1.0,1,3,4,3,1,1,0,3,4,13,19.3,1,2015-16
22015,203481,Jeff Withey,1610612762,UTA,Utah Jazz,0021500467,2015-12-28,UTA vs. PHI,W,24,4,7,0.571,0,0,,3,4,0.75,5,7,12,1,2,2,3,2,11,3,35.9,1,2015-16
22015,2743,Kris Humphries,1610612764,WAS,Washington Wizards,0021500461,2015-12-28,WAS vs. LAC,L,10,1,4,0.25,0,2,0.0,2,2,1.0,0,1,1,0,0,0,2,3,4,-7,3.2,1,2015-16
22015,101162,Marcin Gortat,1610612764,WAS,Washington Wizards,0021500461,2015-12-28,WAS vs. LAC,L,34,5,13,0.385,0,0,,2,2,1.0,2,14,16,0,1,0,1,2,12,-17,33.2,1,2015-16
22015,201196,Ramon Sessions,1610612764,WAS,Washington Wizards,0021500461,2015-12-28,WAS vs. LAC,L,27,4,10,0.4,0,1,0.0,4,7,0.571,0,3,3,2,3,0,2,1,12,9,25.6,1,2015-16
22015,202391,Jeremy Lin,1610612766,CHA,Charlotte Hornets,0021500458,2015-12-28,CHA vs. LAL,W,35,5,10,0.5,1,3,0.333,2,3,0.667,1,5,6,4,1,2,3,2,13,5,32.2,1,2015-16
22015,1626163,Frank Kaminsky,1610612766,CHA,Charlotte Hornets,0021500458,2015-12-28,CHA vs. LAL,W,20,1,4,0.25,0,1,0.0,4,4,1.0,1,3,4,1,0,2,0,2,6,-1,18.3,1,2015-16
22015,203488,Mike Muscala,1610612737,ATL,Atlanta Hawks,0021500459,2015-12-28,ATL @ IND,L,8,0,1,0.0,0,0,,0,0,,0,0,0,0,0,0,0,1,0,-6,0.0,1,2015-16
22015,203934,Lamar Patterson,1610612737,ATL,Atlanta Hawks,0021500459,2015-12-28,ATL @ IND,L,11,2,3,0.667,1,1,1.0,0,0,,0,1,1,0,1,0,2,2,5,-9,7.2,1,2015-16
22015,2747,JR Smith,1610612739,CLE,Cleveland Cavaliers,0021500466,2015-12-28,CLE @ PHX,W,30,5,11,0.455,5,11,0.455,2,2,1.0,2,1,3,1,1,0,2,1,17,15,23.1,1,2015-16
22015,201567,Kevin Love,1610612739,CLE,Cleveland Cavaliers,0021500466,2015-12-28,CLE @ PHX,W,25,6,11,0.545,3,6,0.5,1,1,1.0,2,5,7,4,0,0,1,4,16,15,29.4,1,2015-16
22015,201582,Alexis Ajinca,1610612740,NOP,New Orleans Pelicans,0021500460,2015-12-28,NOP @ ORL,L,13,2,2,1.0,0,0,,3,3,1.0,0,3,3,0,0,2,0,2,7,-4,16.6,1,2015-16
22015,202087,Alonzo Gee,1610612740,NOP,New Orleans Pelicans,0021500460,2015-12-28,NOP @ ORL,L,16,1,3,0.333,0,1,0.0,0,0,,1,1,2,0,0,0,0,2,2,-15,4.4,1,2015-16
22015,2550,Kirk Hinrich,1610612741,CHI,Chicago Bulls,0021500463,2015-12-28,CHI vs. TOR,W,9,0,0,,0,0,,0,0,,0,0,0,1,0,0,0,0,0,14,1.5,1,2015-16
22015,201565,Derrick Rose,1610612741,CHI,Chicago Bulls,0021500463,2015-12-28,CHI vs. TOR,W,29,7,16,0.438,3,5,0.6,3,4,0.75,0,1,1,4,0,1,1,1,20,0,29.2,1,2015-16
22015,2734,Devin Harris,1610612742,DAL,Dallas Mavericks,0021500464,2015-12-28,DAL vs. MIL,W,22,1,5,0.2,0,0,,1,2,0.5,0,2,2,3,2,0,0,1,3,6,15.9,1,2015-16
22015,203939,Dwight Powell,1610612742,DAL,Dallas Mavericks,0021500464,2015-12-28,DAL vs. MIL,W,16,3,7,0.429,0,0,,2,2,1.0,1,1,2,1,1,0,0,1,8,-3,14.9,1,2015-16
22015,2738,Andre Iguodala,1610612744,GSW,Golden State Warriors,0021500468,2015-12-28,GSW vs. SAC,W,29,0,2,0.0,0,2,0.0,0,0,,2,4,6,6,2,0,2,1,0,4,20.2,1,2015-16
22015,201939,Stephen Curry,1610612744,GSW,Golden State Warriors,0021500468,2015-12-28,GSW vs. SAC,W,30,7,16,0.438,6,13,0.462,3,4,0.75,0,14,14,10,2,0,2,3,23,24,58.8,1,2015-16
22015,200755,JJ Redick,1610612746,LAC,LA Clippers,0021500461,2015-12-28,LAC @ WAS,W,24,3,8,0.375,1,4,0.25,0,0,,0,1,1,2,1,0,1,0,7,18,13.2,1,2015-16
22015,202325,Wesley Johnson,1610612746,LAC,LA Clippers,0021500461,2015-12-28,LAC @ WAS,W,31,5,8,0.625,1,4,0.25,3,4,0.75,0,4,4,0,0,0,1,4,14,3,17.8,1,2015-16
22015,1626183,Branden Dawson,1610612746,LAC,LA Clippers,0021500461,2015-12-28,LAC @ WAS,W,3,0,1,0.0,0,0,,0,0,,0,0,0,0,0,1,0,2,0,-8,3.0,1,2015-16
22015,101150,Lou Williams,1610612747,LAL,Los Angeles Lakers,0021500458,2015-12-28,LAL @ CHA,L,38,4,13,0.308,1,5,0.2,2,2,1.0,1,3,4,7,1,0,1,2,11,-7,28.3,1,2015-16
22015,203944,Julius Randle,1610612747,LAL,Los Angeles Lakers,0021500458,2015-12-28,LAL @ CHA,L,19,4,8,0.5,1,1,1.0,2,2,1.0,0,6,6,0,0,0,0,2,11,-1,18.2,1,2015-16
22015,1626156,D'Angelo Russell,1610612747,LAL,Los Angeles Lakers,0021500458,2015-12-28,LAL @ CHA,L,23,2,5,0.4,0,3,0.0,1,2,0.5,0,2,2,4,3,0,3,0,5,1,19.4,1,2015-16
22015,2757,Beno Udrih,1610612748,MIA,Miami Heat,0021500462,2015-12-28,MIA vs. BKN,L,14,1,5,0.2,0,1,0.0,0,0,,0,0,0,2,0,0,0,0,2,-3,5.0,1,2015-16
22015,201573,Jerryd Bayless,1610612749,MIL,Milwaukee Bucks,0021500464,2015-12-28,MIL @ DAL,L,27,8,12,0.667,1,4,0.25,2,2,1.0,0,2,2,7,1,0,5,4,19,8,29.9,1,2015-16
22015,203897,Zach LaVine,1610612750,MIN,Minnesota Timberwolves,0021500465,2015-12-28,MIN @ SAS,L,25,5,14,0.357,0,4,0.0,5,5,1.0,0,0,0,2,0,0,1,1,15,-9,17.0,1,2015-16
22015,203952,Andrew Wiggins,1610612750,MIN,Minnesota Timberwolves,0021500465,2015-12-28,MIN @ SAS,L,37,8,18,0.444,0,1,0.0,2,8,0.25,2,4,6,1,2,0,3,3,18,-2,29.7,1,2015-16
22015,1626157,Karl-Anthony Towns,1610612750,MIN,Minnesota Timberwolves,0021500465,2015-12-28,MIN @ SAS,L,31,4,7,0.571,0,0,,2,3,0.667,1,11,12,1,1,0,1,5,10,8,27.9,1,2015-16
22015,101127,Jarrett Jack,1610612751,BKN,Brooklyn Nets,0021500462,2015-12-28,BKN @ MIA,W,30,4,8,0.5,1,3,0.333,9,9,1.0,1,3,4,6,2,0,3,2,18,-4,34.8,1,2015-16
22015,101112,Channing Frye,1610612753,ORL,Orlando Magic,0021500460,2015-12-28,ORL vs. NOP,W,23,1,4,0.25,1,3,0.333,0,0,,0,3,3,5,2,1,0,2,3,21,23.1,1,2015-16
22015,202699,Tobias Harris,1610612753,ORL,Orlando Magic,0021500460,2015-12-28,ORL vs. NOP,W,37,5,8,0.625,1,2,0.5,3,3,1.0,1,8,9,4,0,0,0,1,14,19,30.8,1,2015-16
22015,203095,Evan Fournier,1610612753,ORL,Orlando Magic,0021500460,2015-12-28,ORL vs. NOP,W,33,7,12,0.583,3,4,0.75,3,3,1.0,0,2,2,4,2,0,1,0,20,18,33.4,1,2015-16
22015,203901,Elfrid Payton,1610612753,ORL,Orlando Magic,0021500460,2015-12-28,ORL vs. NOP,W,22,3,5,0.6,0,0,,0,0,,0,3,3,0,0,0,2,0,6,14,7.6,1,2015-16
22015,203524,Solomon Hill,1610612754,IND,Indiana Pacers,0021500459,2015-12-28,IND vs. ATL,W,26,5,10,0.5,0,3,0.0,0,0,,0,3,3,1,2,0,2,1,10,11,19.1,1,2015-16
22015,203477,Isaiah Canaan,1610612755,PHI,Philadelphia 76ers,0021500467,2015-12-28,PHI @ UTA,L,17,1,6,0.167,0,3,0.0,2,4,0.5,0,4,4,1,0,0,0,2,4,-14,10.3,1,2015-16
22015,202720,Jon Leuer,1610612756,PHX,Phoenix Suns,0021500466,2015-12-28,PHX vs. CLE,L,25,4,8,0.5,2,3,0.667,4,4,1.0,0,6,6,4,1,1,2,4,14,-4,31.2,1,2015-16
22015,203141,Mirza Teletovic,1610612756,PHX,Phoenix Suns,0021500466,2015-12-28,PHX vs. CLE,L,12,2,7,0.286,1,4,0.25,0,0,,0,1,1,1,0,0,1,1,5,8,6.7,1,2015-16
22015,200765,Rajon Rondo,1610612758,SAC,Sacramento Kings,0021500468,2015-12-28,SAC @ GSW,L,18,2,6,0.333,0,1,0.0,0,2,0.0,0,3,3,2,1,0,1,3,4,-23,12.6,1,2015-16
22015,202326,DeMarcus Cousins,1610612758,SAC,Sacramento Kings,0021500468,2015-12-28,SAC @ GSW,L,12,3,9,0.333,0,1,0.0,1,3,0.333,2,2,4,2,2,0,0,5,7,-6,20.8,1,2015-16
22015,202341,James Anderson,1610612758,SAC,Sacramento Kings,0021500468,2015-12-28,SAC @ GSW,L,22,2,8,0.25,0,1,0.0,1,1,1.0,2,2,4,1,1,0,1,2,5,4,13.3,1,2015-16
22015,203552,Seth Curry,1610612758,SAC,Sacramento Kings,0021500468,2015-12-28,SAC @ GSW,L,20,1,6,0.167,0,3,0.0,5,5,1.0,1,1,2,3,1,0,0,0,7,-9,16.9,1,2015-16
22015,2564,Boris Diaw,1610612759,SAS,San Antonio Spurs,0021500465,2015-12-28,SAS vs. MIN,W,26,2,2,1.0,0,0,,0,0,,1,1,2,4,0,1,3,2,4,15,12.4,1,2015-16
22015,201980,Danny Green,1610612759,SAS,San Antonio Spurs,0021500465,2015-12-28,SAS vs. MIN,W,21,3,7,0.429,0,4,0.0,0,0,,0,0,0,1,1,1,0,1,6,-14,13.5,1,2015-16
22015,201942,DeMar DeRozan,1610612761,TOR,Toronto Raptors,0021500463,2015-12-28,TOR @ CHI,L,36,7,14,0.5,0,1,0.0,5,8,0.625,3,5,8,8,1,0,1,1,19,8,42.6,1,2015-16
22015,202687,Bismack Biyombo,1610612761,TOR,Toronto Raptors,0021500463,2015-12-28,TOR @ CHI,L,18,0,2,0.0,0,0,,0,0,,1,8,9,0,0,0,0,4,0,-9,10.8,1,2015-16
22015,202709,Cory Joseph,1610612761,TOR,Toronto Raptors,0021500463,2015-12-28,TOR @ CHI,L,13,1,3,0.333,0,0,,1,2,0.5,0,1,1,0,0,0,0,2,3,-25,4.2,1,2015-16
22015,202344,Trevor Booker,1610612762,UTA,Utah Jazz,0021500467,2015-12-28,UTA vs. PHI,W,27,0,4,0.0,0,1,0.0,5,6,0.833,1,8,9,0,1,2,1,3,5,-7,23.8,1,2015-16
22015,203504,Trey Burke,1610612762,UTA,Utah Jazz,0021500467,2015-12-28,UTA vs. PHI,W,24,5,15,0.333,2,6,0.333,2,2,1.0,1,3,4,1,1,2,3,1,14,-4,26.3,1,2015-16
22015,203526,Raul Neto,1610612762,UTA,Utah Jazz,0021500467,2015-12-28,UTA vs. PHI,W,25,2,3,0.667,1,1,1.0,2,2,1.0,0,1,1,1,1,1,2,3,7,4,13.7,1,2015-16
22015,200757,Thabo Sefolosha,1610612737,ATL,Atlanta Hawks,0021500459,2015-12-28,ATL @ IND,L,28,6,8,0.75,0,1,0.0,2,2,1.0,1,6,7,3,2,0,1,0,14,-10,31.9,1,2015-16
22015,203471,Dennis Schröder,1610612737,ATL,Atlanta Hawks,0021500459,2015-12-28,ATL @ IND,L,12,2,8,0.25,0,2,0.0,0,0,,0,1,1,1,0,0,2,1,4,-12,4.7,1,2015-16
22015,202389,Timofey Mozgov,1610612739,CLE,Cleveland Cavaliers,0021500466,2015-12-28,CLE @ PHX,W,16,2,5,0.4,0,0,,0,0,,1,3,4,0,1,3,0,1,4,0,20.8,1,2015-16
22015,201936,Tyreke Evans,1610612740,NOP,New Orleans Pelicans,0021500460,2015-12-28,NOP @ ORL,L,30,6,12,0.5,2,2,1.0,2,2,1.0,2,2,4,8,0,0,1,3,16,-19,31.8,1,2015-16
22015,201950,Jrue Holiday,1610612740,NOP,New Orleans Pelicans,0021500460,2015-12-28,NOP @ ORL,L,26,4,10,0.4,1,2,0.5,2,2,1.0,0,2,2,4,1,1,1,0,11,5,24.4,1,2015-16
22015,201967,Dante Cunningham,1610612740,NOP,New Orleans Pelicans,0021500460,2015-12-28,NOP @ ORL,L,18,2,6,0.333,0,2,0.0,0,0,,0,3,3,0,0,0,0,2,4,3,7.6,1,2015-16
22015,203076,Anthony Davis,1610612740,NOP,New Orleans Pelicans,0021500460,2015-12-28,NOP @ ORL,L,28,9,16,0.563,0,2,0.0,2,5,0.4,2,6,8,1,2,1,2,1,20,-12,38.1,1,2015-16
22015,2200,Pau Gasol,1610612741,CHI,Chicago Bulls,0021500463,2015-12-28,CHI vs. TOR,W,30,8,14,0.571,0,0,,6,8,0.75,2,5,7,3,1,3,2,2,22,-4,44.9,1,2015-16
22015,201959,Taj Gibson,1610612741,CHI,Chicago Bulls,0021500463,2015-12-28,CHI vs. TOR,W,38,2,7,0.286,0,0,,0,2,0.0,6,5,11,2,1,2,1,4,4,5,28.2,1,2015-16
22015,1717,Dirk Nowitzki,1610612742,DAL,Dallas Mavericks,0021500464,2015-12-28,DAL vs. MIL,W,29,3,15,0.2,1,7,0.143,0,0,,0,4,4,4,1,1,1,0,7,6,22.8,1,2015-16
22015,101111,Charlie Villanueva,1610612742,DAL,Dallas Mavericks,0021500464,2015-12-28,DAL vs. MIL,W,7,3,5,0.6,1,1,1.0,0,0,,1,2,3,0,0,0,0,1,7,0,10.6,1,2015-16
22015,202718,Chandler Parsons,1610612742,DAL,Dallas Mavericks,0021500464,2015-12-28,DAL vs. MIL,W,37,6,12,0.5,1,2,0.5,0,2,0.0,0,4,4,4,2,1,2,4,13,6,30.8,1,2015-16
22015,101106,Andrew Bogut,1610612744,GSW,Golden State Warriors,0021500468,2015-12-28,GSW vs. SAC,W,14,2,2,1.0,0,0,,0,0,,1,4,5,2,1,2,0,3,4,20,22.0,1,2015-16
22015,201574,Jason Thompson,1610612744,GSW,Golden State Warriors,0021500468,2015-12-28,GSW vs. SAC,W,8,1,2,0.5,0,0,,1,2,0.5,1,1,2,3,0,0,1,4,3,2,8.9,1,2015-16
22015,203546,Ian Clark,1610612744,GSW,Golden State Warriors,0021500468,2015-12-28,GSW vs. SAC,W,22,5,9,0.556,2,4,0.5,0,0,,0,4,4,0,2,1,0,2,12,5,25.8,1,2015-16
22015,203949,James Michael McAdoo,1610612744,GSW,Golden State Warriors,0021500468,2015-12-28,GSW vs. SAC,W,17,3,6,0.5,0,0,,1,2,0.5,2,4,6,1,0,3,0,0,7,-5,24.7,1,2015-16
22015,201599,DeAndre Jordan,1610612746,LAC,LA Clippers,0021500461,2015-12-28,LAC @ WAS,W,28,6,6,1.0,0,0,,3,6,0.5,1,12,13,2,0,1,3,1,15,8,33.6,1,2015-16
22015,101138,Brandon Bass,1610612747,LAL,Los Angeles Lakers,0021500458,2015-12-28,LAL @ CHA,L,21,5,5,1.0,0,0,,2,2,1.0,0,3,3,1,2,0,1,2,12,-5,22.1,1,2015-16
22015,2405,Amar'e Stoudemire,1610612748,MIA,Miami Heat,0021500462,2015-12-28,MIA vs. BKN,L,14,1,4,0.25,0,0,,2,2,1.0,0,3,3,1,1,0,1,2,4,-5,11.1,1,2015-16
22015,101123,Gerald Green,1610612748,MIA,Miami Heat,0021500462,2015-12-28,MIA vs. BKN,L,33,2,11,0.182,1,7,0.143,2,2,1.0,0,3,3,2,1,0,1,1,7,-4,15.6,1,2015-16
22015,202355,Hassan Whiteside,1610612748,MIA,Miami Heat,0021500462,2015-12-28,MIA vs. BKN,L,33,7,10,0.7,0,0,,4,6,0.667,6,5,11,0,1,5,3,4,18,-1,46.2,1,2015-16
22015,204020,Tyler Johnson,1610612748,MIA,Miami Heat,0021500462,2015-12-28,MIA vs. BKN,L,18,1,6,0.167,0,1,0.0,0,0,,1,3,4,1,1,1,0,3,2,-7,14.3,1,2015-16
22015,202328,Greg Monroe,1610612749,MIL,Milwaukee Bucks,0021500464,2015-12-28,MIL @ DAL,L,33,3,10,0.3,0,0,,2,2,1.0,3,8,11,2,0,2,1,2,8,-18,29.2,1,2015-16
22015,203953,Jabari Parker,1610612749,MIL,Milwaukee Bucks,0021500464,2015-12-28,MIL @ DAL,L,18,2,7,0.286,0,0,,2,2,1.0,2,2,4,0,0,0,1,1,6,-13,9.8,1,2015-16
22015,1626173,Rashad Vaughn,1610612749,MIL,Milwaukee Bucks,0021500464,2015-12-28,MIL @ DAL,L,15,0,2,0.0,0,0,,0,0,,0,3,3,1,0,0,0,0,0,8,5.1,1,2015-16
22015,203186,Willie Reed,1610612751,BKN,Brooklyn Nets,0021500462,2015-12-28,BKN @ MIA,W,12,2,3,0.667,0,0,,0,2,0.0,2,1,3,1,0,2,1,2,4,7,14.1,1,2015-16
22015,203094,Andrew Nicholson,1610612753,ORL,Orlando Magic,0021500460,2015-12-28,ORL vs. NOP,W,21,6,10,0.6,1,2,0.5,0,3,0.0,1,4,5,1,1,0,0,2,13,3,23.5,1,2015-16
22015,203506,Victor Oladipo,1610612753,ORL,Orlando Magic,0021500460,2015-12-28,ORL vs. NOP,W,26,2,7,0.286,0,1,0.0,0,0,,0,0,0,6,1,0,2,1,4,1,14.0,1,2015-16
22015,101145,Monta Ellis,1610612754,IND,Indiana Pacers,0021500459,2015-12-28,IND vs. ATL,W,36,10,20,0.5,4,9,0.444,2,2,1.0,1,2,3,2,2,1,3,0,26,-3,38.6,1,2015-16
22015,201171,Carl Landry,1610612755,PHI,Philadelphia 76ers,0021500467,2015-12-28,PHI @ UTA,L,8,0,3,0.0,0,0,,0,0,,0,0,0,0,0,0,0,0,0,-9,0.0,1,2015-16
22015,203457,Nerlens Noel,1610612755,PHI,Philadelphia 76ers,0021500467,2015-12-28,PHI @ UTA,L,30,8,9,0.889,0,0,,2,3,0.667,2,4,6,1,2,5,4,1,18,4,43.7,1,2015-16
22015,2199,Tyson Chandler,1610612756,PHX,Phoenix Suns,0021500466,2015-12-28,PHX vs. CLE,L,22,1,3,0.333,0,0,,4,8,0.5,3,5,8,2,0,0,2,1,6,-3,16.6,1,2015-16
22015,203458,Alex Len,1610612756,PHX,Phoenix Suns,0021500466,2015-12-28,PHX vs. CLE,L,24,1,5,0.2,0,0,,3,4,0.75,2,5,7,1,0,0,2,4,5,-3,12.9,1,2015-16
22015,203933,T.J. Warren,1610612756,PHX,Phoenix Suns,0021500466,2015-12-28,PHX vs. CLE,L,27,9,15,0.6,4,5,0.8,1,2,0.5,3,2,5,0,1,0,0,2,23,7,32.0,1,2015-16
22015,201158,Marco Belinelli,1610612758,SAC,Sacramento Kings,0021500468,2015-12-28,SAC @ GSW,L,22,1,4,0.25,0,2,0.0,1,2,0.5,0,2,2,1,0,0,2,0,3,10,4.9,1,2015-16
22015,201954,Darren Collison,1610612758,SAC,Sacramento Kings,0021500468,2015-12-28,SAC @ GSW,L,33,5,16,0.313,1,3,0.333,2,2,1.0,1,5,6,11,2,0,2,0,13,-12,40.7,1,2015-16
22015,2561,David West,1610612759,SAS,San Antonio Spurs,0021500465,2015-12-28,SAS vs. MIN,W,27,4,8,0.5,0,0,,3,3,1.0,0,2,2,0,0,0,1,1,11,-7,12.4,1,2015-16
22015,2449,Luis Scola,1610612761,TOR,Toronto Raptors,0021500463,2015-12-28,TOR @ CHI,L,28,6,10,0.6,0,0,,1,2,0.5,2,6,8,2,0,2,1,4,13,6,30.6,1,2015-16
22015,201949,James Johnson,1610612761,TOR,Toronto Raptors,0021500463,2015-12-28,TOR @ CHI,L,7,1,4,0.25,0,1,0.0,0,0,,0,0,0,1,0,0,0,0,2,-9,3.5,1,2015-16
22015,203082,Terrence Ross,1610612761,TOR,Toronto Raptors,0021500463,2015-12-28,TOR @ CHI,L,30,3,9,0.333,0,4,0.0,0,0,,1,1,2,0,0,1,0,2,6,-15,11.4,1,2015-16
22015,203187,Chris Johnson,1610612762,UTA,Utah Jazz,0021500467,2015-12-28,UTA vs. PHI,W,16,2,2,1.0,0,0,,1,2,0.5,2,2,4,1,2,0,0,0,5,-9,17.3,1,2015-16
22015,1626168,Trey Lyles,1610612762,UTA,Utah Jazz,0021500467,2015-12-28,UTA vs. PHI,W,23,1,7,0.143,0,2,0.0,2,2,1.0,3,4,7,0,0,0,1,1,4,17,11.4,1,2015-16
22015,201162,Jared Dudley,1610612764,WAS,Washington Wizards,0021500461,2015-12-28,WAS vs. LAC,L,13,0,3,0.0,0,1,0.0,0,0,,0,0,0,0,0,0,1,0,0,-23,-1.0,1,2015-16
22015,201971,DeJuan Blair,1610612764,WAS,Washington Wizards,0021500461,2015-12-28,WAS vs. LAC,L,4,0,0,,0,0,,0,0,,0,2,2,0,0,1,1,1,0,9,4.4,1,2015-16
22015,203087,Jeremy Lamb,1610612766,CHA,Charlotte Hornets,0021500458,2015-12-28,CHA vs. LAL,W,12,1,3,0.333,0,1,0.0,0,1,0.0,0,2,2,1,2,0,0,2,2,3,11.9,1,2015-16
22015,203469,Cody Zeller,1610612766,CHA,Charlotte Hornets,0021500458,2015-12-28,CHA vs. LAL,W,33,8,10,0.8,0,0,,0,2,0.0,1,7,8,2,0,0,1,2,16,10,27.6,1,2015-16
22015,200794,Paul Millsap,1610612737,ATL,Atlanta Hawks,0021500459,2015-12-28,ATL @ IND,L,38,9,17,0.529,2,5,0.4,4,5,0.8,2,5,7,2,4,1,3,3,24,-1,47.4,1,2015-16
22015,202684,Tristan Thompson,1610612739,CLE,Cleveland Cavaliers,0021500466,2015-12-28,CLE @ PHX,W,32,2,3,0.667,0,0,,1,3,0.333,4,6,10,0,0,0,1,1,5,-1,16.0,1,2015-16
22015,202708,Norris Cole,1610612740,NOP,New Orleans Pelicans,0021500460,2015-12-28,NOP @ ORL,L,30,8,14,0.571,1,2,0.5,0,0,,1,7,8,3,1,0,4,1,17,-6,30.1,1,2015-16
22015,203503,Tony Snell,1610612741,CHI,Chicago Bulls,0021500463,2015-12-28,CHI vs. TOR,W,27,8,14,0.571,4,5,0.8,2,2,1.0,0,7,7,1,0,1,0,0,22,13,34.9,1,2015-16
22015,2585,Zaza Pachulia,1610612742,DAL,Dallas Mavericks,0021500464,2015-12-28,DAL vs. MIL,W,36,6,12,0.5,0,0,,5,8,0.625,2,6,8,2,2,0,0,2,17,17,35.6,1,2015-16
22015,101109,Raymond Felton,1610612742,DAL,Dallas Mavericks,0021500464,2015-12-28,DAL vs. MIL,W,29,5,6,0.833,1,1,1.0,3,4,0.75,0,2,2,4,1,0,0,2,14,2,25.4,1,2015-16
22015,2733,Shaun Livingston,1610612744,GSW,Golden State Warriors,0021500468,2015-12-28,GSW vs. SAC,W,26,4,9,0.444,0,1,0.0,0,0,,2,2,4,3,2,0,1,1,8,-3,22.3,1,2015-16
22015,201575,Brandon Rush,1610612744,GSW,Golden State Warriors,0021500468,2015-12-28,GSW vs. SAC,W,13,2,3,0.667,2,3,0.667,0,0,,1,2,3,1,0,1,1,6,6,4,13.1,1,2015-16
22015,202691,Klay Thompson,1610612744,GSW,Golden State Warriors,0021500468,2015-12-28,GSW vs. SAC,W,37,10,22,0.455,5,12,0.417,4,6,0.667,1,4,5,2,1,1,4,3,29,23,40.0,1,2015-16
22015,203105,Festus Ezeli,1610612744,GSW,Golden State Warriors,0021500468,2015-12-28,GSW vs. SAC,W,12,2,4,0.5,0,0,,1,2,0.5,0,2,2,1,0,0,1,0,5,-3,7.9,1,2015-16
22015,977,Kobe Bryant,1610612747,LAL,Los Angeles Lakers,0021500458,2015-12-28,LAL @ CHA,L,32,5,20,0.25,3,12,0.25,7,8,0.875,1,3,4,2,0,0,3,2,20,-13,24.8,1,2015-16
22015,201156,Nick Young,1610612747,LAL,Los Angeles Lakers,0021500458,2015-12-28,LAL @ CHA,L,16,3,6,0.5,3,4,0.75,2,3,0.667,0,1,1,2,0,0,2,0,11,3,13.2,1,2015-16
22015,203903,Jordan Clarkson,1610612747,LAL,Los Angeles Lakers,0021500458,2015-12-28,LAL @ CHA,L,35,2,14,0.143,1,4,0.25,3,4,0.75,2,4,6,6,1,1,0,4,8,-14,30.2,1,2015-16
22015,2736,Luol Deng,1610612748,MIA,Miami Heat,0021500462,2015-12-28,MIA vs. BKN,L,29,6,13,0.462,3,7,0.429,0,0,,0,4,4,0,1,2,1,4,15,-8,27.8,1,2015-16
22015,203101,Miles Plumlee,1610612749,MIL,Milwaukee Bucks,0021500464,2015-12-28,MIL @ DAL,L,15,3,3,1.0,0,0,,0,0,,1,4,5,1,1,2,0,0,6,8,22.5,1,2015-16
22015,203114,Khris Middleton,1610612749,MIL,Milwaukee Bucks,0021500464,2015-12-28,MIL @ DAL,L,36,6,13,0.462,0,3,0.0,3,3,1.0,0,6,6,1,0,0,5,5,15,-18,18.7,1,2015-16
22015,203487,Michael Carter-Williams,1610612749,MIL,Milwaukee Bucks,0021500464,2015-12-28,MIL @ DAL,L,21,4,8,0.5,0,1,0.0,0,0,,0,5,5,0,0,0,2,1,8,-18,12.0,1,2015-16
22015,202357,Nemanja Bjelica,1610612750,MIN,Minnesota Timberwolves,0021500465,2015-12-28,MIN @ SAS,L,5,0,0,,0,0,,0,0,,0,0,0,1,0,0,0,0,0,-5,1.5,1,2015-16
22015,203476,Gorgui Dieng,1610612750,MIN,Minnesota Timberwolves,0021500465,2015-12-28,MIN @ SAS,L,23,3,9,0.333,0,0,,2,4,0.5,3,2,5,2,3,0,5,5,8,-17,21.0,1,2015-16
22015,203940,Adreian Payne,1610612750,MIN,Minnesota Timberwolves,0021500465,2015-12-28,MIN @ SAS,L,14,3,6,0.5,1,2,0.5,0,0,,0,1,1,0,2,2,0,3,7,-9,20.2,1,2015-16
22015,1626145,Tyus Jones,1610612750,MIN,Minnesota Timberwolves,0021500465,2015-12-28,MIN @ SAS,L,11,1,2,0.5,0,0,,0,0,,0,0,0,2,0,0,3,2,2,-8,2.0,1,2015-16
22015,200745,Andrea Bargnani,1610612751,BKN,Brooklyn Nets,0021500462,2015-12-28,BKN @ MIA,W,6,0,1,0.0,0,0,,0,0,,0,0,0,0,0,0,0,1,0,-2,0.0,1,2015-16
22015,201961,Wayne Ellington,1610612751,BKN,Brooklyn Nets,0021500462,2015-12-28,BKN @ MIA,W,33,9,18,0.5,7,9,0.778,1,2,0.5,0,7,7,2,1,0,2,1,26,15,38.4,1,2015-16
22015,202696,Nikola Vučević,1610612753,ORL,Orlando Magic,0021500460,2015-12-28,ORL vs. NOP,W,37,14,21,0.667,0,1,0.0,0,1,0.0,0,8,8,7,0,0,2,2,28,14,46.1,1,2015-16
22015,203932,Aaron Gordon,1610612753,ORL,Orlando Magic,0021500460,2015-12-28,ORL vs. NOP,W,11,3,5,0.6,0,1,0.0,1,1,1.0,1,3,4,0,0,0,0,0,7,-4,11.8,1,2015-16
22015,202331,Paul George,1610612754,IND,Indiana Pacers,0021500459,2015-12-28,IND vs. ATL,W,33,3,14,0.214,2,8,0.25,1,2,0.5,0,5,5,3,2,0,2,5,9,0,23.5,1,2015-16
22015,202730,Lavoy Allen,1610612754,IND,Indiana Pacers,0021500459,2015-12-28,IND vs. ATL,W,20,1,6,0.167,0,0,,0,0,,4,2,6,0,1,0,4,3,2,-10,8.2,1,2015-16
22015,203138,Hollis Thompson,1610612755,PHI,Philadelphia 76ers,0021500467,2015-12-28,PHI @ UTA,L,33,1,6,0.167,1,4,0.25,1,1,1.0,1,3,4,1,1,0,1,6,4,-9,12.3,1,2015-16
22015,203960,JaKarr Sampson,1610612755,PHI,Philadelphia 76ers,0021500467,2015-12-28,PHI @ UTA,L,19,3,6,0.5,0,1,0.0,0,0,,0,5,5,1,1,0,1,2,6,2,15.5,1,2015-16
22015,204456,T.J. McConnell,1610612755,PHI,Philadelphia 76ers,0021500467,2015-12-28,PHI @ UTA,L,12,0,3,0.0,0,0,,2,2,1.0,0,2,2,2,2,0,1,0,2,8,12.4,1,2015-16
22015,101179,Ronnie Price,1610612756,PHX,Phoenix Suns,0021500466,2015-12-28,PHX vs. CLE,L,14,0,4,0.0,0,3,0.0,0,0,,1,1,2,1,2,0,0,1,0,2,9.9,1,2015-16
22015,201603,Sonny Weems,1610612756,PHX,Phoenix Suns,0021500466,2015-12-28,PHX vs. CLE,L,11,1,2,0.5,0,0,,0,0,,2,1,3,2,0,0,1,1,2,2,7.6,1,2015-16
22015,1626164,Devin Booker,1610612756,PHX,Phoenix Suns,0021500466,2015-12-28,PHX vs. CLE,L,29,5,6,0.833,0,1,0.0,0,0,,1,2,3,3,0,0,3,2,10,-7,15.1,1,2015-16
22015,200752,Rudy Gay,1610612758,SAC,Sacramento Kings,0021500468,2015-12-28,SAC @ GSW,L,32,6,16,0.375,2,3,0.667,3,4,0.75,2,6,8,1,1,1,1,0,17,-21,33.1,1,2015-16
22015,203463,Ben McLemore,1610612758,SAC,Sacramento Kings,0021500468,2015-12-28,SAC @ GSW,L,21,1,5,0.2,0,3,0.0,1,2,0.5,1,2,3,0,0,0,1,3,3,-16,5.6,1,2015-16
22015,203613,Jonathon Simmons,1610612759,SAS,San Antonio Spurs,0021500465,2015-12-28,SAS vs. MIN,W,3,0,2,0.0,0,0,,0,0,,0,0,0,1,0,0,0,0,0,0,1.5,1,2015-16
22015,203937,Kyle Anderson,1610612759,SAS,San Antonio Spurs,0021500465,2015-12-28,SAS vs. MIN,W,10,2,2,1.0,0,0,,0,0,,0,2,2,0,1,1,2,0,4,4,10.4,1,2015-16
22015,1626246,Boban Marjanovic,1610612759,SAS,San Antonio Spurs,0021500465,2015-12-28,SAS vs. MIN,W,15,7,7,1.0,0,0,,3,4,0.75,2,2,4,0,1,1,2,2,17,16,25.8,1,2015-16
22015,201960,DeMarre Carroll,1610612761,TOR,Toronto Raptors,0021500463,2015-12-28,TOR @ CHI,L,25,4,11,0.364,2,5,0.4,0,2,0.0,1,3,4,0,1,0,0,4,10,12,17.8,1,2015-16
22015,202330,Gordon Hayward,1610612762,UTA,Utah Jazz,0021500467,2015-12-28,UTA vs. PHI,W,37,6,21,0.286,2,6,0.333,10,11,0.909,1,5,6,4,2,1,1,1,24,9,45.2,1,2015-16
22015,203918,Rodney Hood,1610612762,UTA,Utah Jazz,0021500467,2015-12-28,UTA vs. PHI,W,27,4,15,0.267,0,5,0.0,5,5,1.0,1,3,4,1,1,0,2,4,13,-1,20.3,1,2015-16
22015,202322,John Wall,1610612764,WAS,Washington Wizards,0021500461,2015-12-28,WAS vs. LAC,L,36,10,23,0.435,1,2,0.5,2,3,0.667,4,1,5,11,1,1,6,1,23,-13,45.5,1,2015-16
22015,1626162,Kelly Oubre Jr.,1610612764,WAS,Washington Wizards,0021500461,2015-12-28,WAS vs. LAC,L,25,2,6,0.333,1,2,0.5,0,0,,1,4,5,1,0,0,0,2,5,-16,12.5,1,2015-16
22015,2744,Al Jefferson,1610612766,CHA,Charlotte Hornets,0021500458,2015-12-28,CHA vs. LAL,W,15,1,4,0.25,0,0,,1,2,0.5,0,4,4,0,0,0,2,1,3,0,5.8,1,2015-16
22015,202689,Kemba Walker,1610612766,CHA,Charlotte Hornets,0021500458,2015-12-28,CHA vs. LAL,W,42,14,25,0.56,3,6,0.5,7,7,1.0,1,5,6,5,3,2,2,1,38,14,65.7,1,2015-16
22015,203798,PJ Hairston,1610612766,CHA,Charlotte Hornets,0021500458,2015-12-28,CHA vs. LAL,W,19,5,12,0.417,2,6,0.333,1,1,1.0,0,0,0,1,0,0,0,4,13,1,14.5,1,2015-16
22015,2594,Kyle Korver,1610612737,ATL,Atlanta Hawks,0021500459,2015-12-28,ATL @ IND,L,29,1,9,0.111,0,8,0.0,0,0,,0,2,2,0,0,2,1,1,2,2,9.4,1,2015-16
22015,201143,Al Horford,1610612737,ATL,Atlanta Hawks,0021500459,2015-12-28,ATL @ IND,L,31,5,11,0.455,0,1,0.0,0,2,0.0,3,7,10,0,0,1,1,1,10,4,24.0,1,2015-16
22015,203118,Mike Scott,1610612737,ATL,Atlanta Hawks,0021500459,2015-12-28,ATL @ IND,L,17,1,2,0.5,0,1,0.0,0,0,,1,1,2,0,1,0,2,3,2,-9,5.4,1,2015-16
22015,2544,LeBron James,1610612739,CLE,Cleveland Cavaliers,0021500466,2015-12-28,CLE @ PHX,W,35,4,10,0.4,1,5,0.2,5,9,0.556,0,4,4,7,2,1,2,3,14,3,36.3,1,2015-16
22015,203521,Matthew Dellavedova,1610612739,CLE,Cleveland Cavaliers,0021500466,2015-12-28,CLE @ PHX,W,24,2,4,0.5,2,2,1.0,2,2,1.0,0,1,1,5,1,0,4,1,8,-4,15.7,1,2015-16
22015,201600,Omer Asik,1610612740,NOP,New Orleans Pelicans,0021500460,2015-12-28,NOP @ ORL,L,15,1,2,0.5,0,0,,0,2,0.0,1,4,5,0,0,0,1,2,2,-13,7.0,1,2015-16
22015,201962,Toney Douglas,1610612740,NOP,New Orleans Pelicans,0021500460,2015-12-28,NOP @ ORL,L,2,0,1,0.0,0,0,,0,0,,0,0,0,2,1,0,0,0,0,3,6.0,1,2015-16
22015,201166,Aaron Brooks,1610612741,CHI,Chicago Bulls,0021500463,2015-12-28,CHI vs. TOR,W,27,6,13,0.462,1,3,0.333,4,5,0.8,0,3,3,5,0,0,1,3,17,9,27.1,1,2015-16
22015,202710,Jimmy Butler III,1610612741,CHI,Chicago Bulls,0021500463,2015-12-28,CHI vs. TOR,W,36,2,7,0.286,0,3,0.0,1,2,0.5,1,3,4,5,2,2,2,2,5,-8,27.3,1,2015-16
22015,200826,J.J. Barea,1610612742,DAL,Dallas Mavericks,0021500464,2015-12-28,DAL vs. MIL,W,25,3,8,0.375,1,4,0.25,1,2,0.5,0,1,1,5,0,0,0,2,8,0,16.7,1,2015-16
22015,201580,JaVale McGee,1610612742,DAL,Dallas Mavericks,0021500464,2015-12-28,DAL vs. MIL,W,9,2,4,0.5,0,0,,0,0,,2,2,4,0,0,0,0,0,4,-6,8.8,1,2015-16
22015,202083,Wesley Matthews,1610612742,DAL,Dallas Mavericks,0021500464,2015-12-28,DAL vs. MIL,W,32,6,10,0.6,5,7,0.714,5,6,0.833,0,4,4,2,0,0,1,2,22,22,28.8,1,2015-16
22015,201601,Luc Mbah a Moute,1610612746,LAC,LA Clippers,0021500461,2015-12-28,LAC @ WAS,W,19,0,1,0.0,0,0,,0,0,,1,1,2,2,2,1,1,2,0,6,13.4,1,2015-16
22015,203143,Pablo Prigioni,1610612746,LAC,LA Clippers,0021500461,2015-12-28,LAC @ WAS,W,21,1,1,1.0,0,0,,0,0,,0,2,2,1,1,0,1,2,2,7,7.9,1,2015-16
22015,201609,Goran Dragic,1610612748,MIA,Miami Heat,0021500462,2015-12-28,MIA vs. BKN,L,34,4,10,0.4,1,2,0.5,0,0,,0,3,3,5,2,0,3,3,9,-3,23.1,1,2015-16
22015,201564,O.J. Mayo,1610612749,MIL,Milwaukee Bucks,0021500464,2015-12-28,MIL @ DAL,L,31,5,8,0.625,3,5,0.6,0,0,,0,4,4,0,1,0,1,2,13,3,19.8,1,2015-16
22015,203948,Johnny O'Bryant III,1610612749,MIL,Milwaukee Bucks,0021500464,2015-12-28,MIL @ DAL,L,16,3,6,0.5,0,0,,1,2,0.5,2,1,3,1,0,0,0,2,7,12,12.1,1,2015-16
22015,708,Kevin Garnett,1610612750,MIN,Minnesota Timberwolves,0021500465,2015-12-28,MIN @ SAS,L,16,5,7,0.714,0,0,,0,0,,0,3,3,2,0,0,1,2,10,10,15.6,1,2015-16
22015,201937,Ricky Rubio,1610612750,MIN,Minnesota Timberwolves,0021500465,2015-12-28,MIN @ SAS,L,37,2,9,0.222,0,2,0.0,3,4,0.75,0,3,3,14,4,0,1,5,7,2,42.6,1,2015-16
22015,2207,Joe Johnson,1610612751,BKN,Brooklyn Nets,0021500462,2015-12-28,BKN @ MIA,W,35,1,6,0.167,1,4,0.25,1,2,0.5,2,4,6,4,0,0,2,3,4,4,15.2,1,2015-16
22015,201572,Brook Lopez,1610612751,BKN,Brooklyn Nets,0021500462,2015-12-28,BKN @ MIA,W,35,10,24,0.417,0,0,,6,7,0.857,5,7,12,0,2,1,2,4,26,2,47.4,1,2015-16
22015,203080,Thomas Robinson,1610612751,BKN,Brooklyn Nets,0021500462,2015-12-28,BKN @ MIA,W,9,2,2,1.0,0,0,,1,2,0.5,1,2,3,0,0,0,0,1,5,8,8.6,1,2015-16
22015,203473,Dewayne Dedmon,1610612753,ORL,Orlando Magic,0021500460,2015-12-28,ORL vs. NOP,W,2,0,0,,0,0,,0,0,,0,0,0,0,0,0,0,1,0,-3,0.0,1,2015-16
22015,1626209,Mario Hezonja,1610612753,ORL,Orlando Magic,0021500460,2015-12-28,ORL vs. NOP,W,12,2,5,0.4,1,3,0.333,0,0,,0,0,0,0,0,0,1,2,5,3,4.0,1,2015-16
22015,101133,Ian Mahinmi,1610612754,IND,Indiana Pacers,0021500459,2015-12-28,IND vs. ATL,W,25,5,8,0.625,0,0,,3,5,0.6,5,4,9,1,1,0,0,5,13,-10,28.3,1,2015-16
22015,202397,Ish Smith,1610612755,PHI,Philadelphia 76ers,0021500467,2015-12-28,PHI @ UTA,L,32,8,21,0.381,1,2,0.5,5,5,1.0,1,2,3,11,2,0,6,2,22,-5,42.1,1,2015-16
22015,203088,Kendall Marshall,1610612755,PHI,Philadelphia 76ers,0021500467,2015-12-28,PHI @ UTA,L,4,1,2,0.5,0,0,,0,0,,0,0,0,0,0,0,1,1,2,-7,1.0,1,2015-16
22015,203917,Nik Stauskas,1610612755,PHI,Philadelphia 76ers,0021500467,2015-12-28,PHI @ UTA,L,25,0,6,0.0,0,3,0.0,0,0,,0,2,2,2,0,1,2,1,0,11,6.4,1,2015-16
22015,200782,P.J. Tucker,1610612756,PHX,Phoenix Suns,0021500466,2015-12-28,PHX vs. CLE,L,38,6,11,0.545,2,3,0.667,0,0,,1,5,6,2,3,0,2,3,14,-14,31.2,1,2015-16
22015,202688,Brandon Knight,1610612756,PHX,Phoenix Suns,0021500466,2015-12-28,PHX vs. CLE,L,38,7,18,0.389,2,6,0.333,2,2,1.0,1,2,3,4,1,0,3,4,18,-8,27.6,1,2015-16
22015,203112,Quincy Acy,1610612758,SAC,Sacramento Kings,0021500468,2015-12-28,SAC @ GSW,L,25,3,7,0.429,1,2,0.5,1,3,0.333,3,7,10,1,2,3,2,4,8,-6,34.5,1,2015-16
22015,200746,LaMarcus Aldridge,1610612759,SAS,San Antonio Spurs,0021500465,2015-12-28,SAS vs. MIN,W,27,3,8,0.375,0,0,,0,0,,1,5,6,1,0,0,3,5,6,-8,11.7,1,2015-16
22015,202695,Kawhi Leonard,1610612759,SAS,San Antonio Spurs,0021500465,2015-12-28,SAS vs. MIN,W,37,5,9,0.556,1,1,1.0,6,7,0.857,0,11,11,3,1,0,0,5,17,2,37.7,1,2015-16
22015,202335,Patrick Patterson,1610612761,TOR,Toronto Raptors,0021500463,2015-12-28,TOR @ CHI,L,22,3,13,0.231,1,5,0.2,0,0,,2,2,4,2,0,0,0,0,7,-20,14.8,1,2015-16
22015,202685,Jonas Valančiūnas,1610612761,TOR,Toronto Raptors,0021500463,2015-12-28,TOR @ CHI,L,21,4,7,0.571,0,0,,1,2,0.5,1,3,4,1,0,2,2,2,9,5,19.3,1,2015-16
22015,202066,Garrett Temple,1610612764,WAS,Washington Wizards,0021500461,2015-12-28,WAS vs. LAC,L,39,2,9,0.222,0,4,0.0,2,4,0.5,2,1,3,2,1,0,2,4,6,-12,13.6,1,2015-16
22015,203490,Otto Porter Jr.,1610612764,WAS,Washington Wizards,0021500461,2015-12-28,WAS vs. LAC,L,33,8,12,0.667,3,5,0.6,2,4,0.5,4,4,8,2,2,0,1,3,21,-9,38.6,1,2015-16
22015,204067,Jarell Eddie,1610612764,WAS,Washington Wizards,0021500461,2015-12-28,WAS vs. LAC,L,18,2,7,0.286,2,7,0.286,2,2,1.0,0,2,2,1,2,1,0,1,8,-6,20.9,1,2015-16
22015,101107,Marvin Williams,1610612766,CHA,Charlotte Hornets,0021500458,2015-12-28,CHA vs. LAL,W,28,1,4,0.25,0,2,0.0,0,0,,2,9,11,3,0,0,0,1,2,11,19.7,1,2015-16
22015,201587,Nicolas Batum,1610612766,CHA,Charlotte Hornets,0021500458,2015-12-28,CHA vs. LAL,W,36,7,17,0.412,0,6,0.0,1,2,0.5,1,4,5,11,1,0,2,1,15,7,38.5,1,2015-16
22015,1626171,Bobby Portis,1610612741,CHI,Chicago Bulls,0021500463,2015-12-28,CHI vs. TOR,W,27,6,10,0.6,0,1,0.0,0,1,0.0,2,7,9,2,0,0,2,1,12,16,23.8,1,2015-16
22015,203085,Austin Rivers,1610612746,LAC,LA Clippers,0021500461,2015-12-28,LAC @ WAS,W,19,1,4,0.25,0,2,0.0,2,3,0.667,0,0,0,2,2,0,3,1,4,12,10.0,1,2015-16
22015,2547,Chris Bosh,1610612748,MIA,Miami Heat,0021500462,2015-12-28,MIA vs. BKN,L,34,7,8,0.875,5,5,1.0,5,8,0.625,4,8,12,3,1,0,2,2,24,1,43.9,1,2015-16
22015,201152,Thaddeus Young,1610612751,BKN,Brooklyn Nets,0021500462,2015-12-28,BKN @ MIA,W,33,4,7,0.571,1,1,1.0,2,4,0.5,2,4,6,0,3,0,2,6,11,-4,25.2,1,2015-16
22015,203499,Shane Larkin,1610612751,BKN,Brooklyn Nets,0021500462,2015-12-28,BKN @ MIA,W,19,2,6,0.333,1,2,0.5,3,4,0.75,1,2,3,7,0,0,1,2,8,10,21.1,1,2015-16
22015,203924,Jerami Grant,1610612755,PHI,Philadelphia 76ers,0021500467,2015-12-28,PHI @ UTA,L,11,3,4,0.75,1,1,1.0,0,1,0.0,1,2,3,1,0,0,0,5,7,-8,12.1,1,2015-16
22015,201988,Patty Mills,1610612759,SAS,San Antonio Spurs,0021500465,2015-12-28,SAS vs. MIN,W,19,4,7,0.571,1,4,0.25,2,2,1.0,0,0,0,4,1,0,1,0,11,23,19.0,1,2015-16
22015,204060,Joe Ingles,1610612762,UTA,Utah Jazz,0021500467,2015-12-28,UTA vs. PHI,W,20,3,7,0.429,2,5,0.4,0,0,,0,2,2,1,0,0,2,0,8,-5,9.9,1,2015-16
22015,2544,LeBron James,1610612739,CLE,Cleveland Cavaliers,0021500473,2015-12-29,CLE @ DEN,W,34,13,24,0.542,1,3,0.333,7,8,0.875,3,3,6,2,2,1,5,2,34,3,48.2,1,2015-16
22015,202684,Tristan Thompson,1610612739,CLE,Cleveland Cavaliers,0021500473,2015-12-29,CLE @ DEN,W,35,4,7,0.571,0,0,,1,6,0.167,2,5,7,0,1,1,0,1,9,4,23.4,1,2015-16
22015,201589,Darrell Arthur,1610612743,DEN,Denver Nuggets,0021500473,2015-12-29,DEN vs. CLE,L,20,3,6,0.5,0,1,0.0,0,0,,1,2,3,0,1,2,1,1,6,-7,17.6,1,2015-16
22015,203123,Kostas Papanikolaou,1610612743,DEN,Denver Nuggets,0021500473,2015-12-29,DEN vs. CLE,L,22,0,3,0.0,0,2,0.0,0,0,,1,4,5,1,0,0,2,2,0,-8,5.5,1,2015-16
22015,203530,Joffrey Lauvergne,1610612743,DEN,Denver Nuggets,0021500473,2015-12-29,DEN vs. CLE,L,24,7,12,0.583,0,2,0.0,0,0,,3,4,7,3,1,0,4,1,14,-15,25.9,1,2015-16
22015,1891,Jason Terry,1610612745,HOU,Houston Rockets,0021500470,2015-12-29,HOU vs. ATL,L,6,1,1,1.0,1,1,1.0,0,0,,0,0,0,1,0,0,0,0,3,-3,4.5,1,2015-16
22015,2772,Trevor Ariza,1610612745,HOU,Houston Rockets,0021500470,2015-12-29,HOU vs. ATL,L,35,4,13,0.308,2,5,0.4,0,0,,0,1,1,1,0,1,2,2,10,-26,13.7,1,2015-16
22015,201935,James Harden,1610612745,HOU,Houston Rockets,0021500470,2015-12-29,HOU vs. ATL,L,39,6,16,0.375,3,6,0.5,11,12,0.917,0,10,10,8,1,0,7,3,26,-2,46.0,1,2015-16
22015,202355,Hassan Whiteside,1610612748,MIA,Miami Heat,0021500471,2015-12-29,MIA @ MEM,L,37,2,4,0.5,0,0,,1,2,0.5,2,9,11,1,0,5,3,6,5,-5,31.7,1,2015-16
22015,201573,Jerryd Bayless,1610612749,MIL,Milwaukee Bucks,0021500472,2015-12-29,MIL @ OKC,L,20,3,6,0.5,1,2,0.5,1,1,1.0,0,2,2,4,0,0,0,1,8,-15,16.4,1,2015-16
22015,203507,Giannis Antetokounmpo,1610612749,MIL,Milwaukee Bucks,0021500472,2015-12-29,MIL @ OKC,L,40,11,19,0.579,0,0,,5,7,0.714,6,4,10,2,0,0,3,6,27,-14,39.0,1,2015-16
22015,203948,Johnny O'Bryant III,1610612749,MIL,Milwaukee Bucks,0021500472,2015-12-29,MIL @ OKC,L,17,1,1,1.0,0,0,,0,0,,1,2,3,1,0,0,1,2,2,-11,6.1,1,2015-16
22015,1626173,Rashad Vaughn,1610612749,MIL,Milwaukee Bucks,0021500472,2015-12-29,MIL @ OKC,L,3,0,0,,0,0,,0,0,,0,1,1,0,0,0,1,0,0,-5,0.2,1,2015-16
22015,203921,Cleanthony Early,1610612752,NYK,New York Knicks,0021500469,2015-12-29,NYK vs. DET,W,0,0,0,,0,0,,0,0,,0,0,0,0,0,0,0,0,0,-2,0.0,1,2015-16
22015,201627,Anthony Morrow,1610612760,OKC,Oklahoma City Thunder,0021500472,2015-12-29,OKC vs. MIL,W,13,3,5,0.6,3,5,0.6,1,1,1.0,0,1,1,0,0,0,0,2,10,17,11.2,1,2015-16
22015,1626166,Cameron Payne,1610612760,OKC,Oklahoma City Thunder,0021500472,2015-12-29,OKC vs. MIL,W,16,5,6,0.833,2,3,0.667,4,4,1.0,0,3,3,3,1,0,0,4,16,2,27.1,1,2015-16
22015,201144,Mike Conley,1610612763,MEM,Memphis Grizzlies,0021500471,2015-12-29,MEM vs. MIA,W,38,5,12,0.417,1,2,0.5,5,5,1.0,0,3,3,5,0,0,1,1,16,11,26.1,1,2015-16
22015,202714,Shelvin Mack,1610612737,ATL,Atlanta Hawks,0021500470,2015-12-29,ATL @ HOU,W,14,2,9,0.222,0,5,0.0,1,1,1.0,0,0,0,3,0,0,1,1,5,-17,8.5,1,2015-16
22015,204002,Edy Tavares,1610612737,ATL,Atlanta Hawks,0021500470,2015-12-29,ATL @ HOU,W,10,3,5,0.6,0,0,,0,0,,3,3,6,0,1,0,2,1,6,-7,14.2,1,2015-16
22015,2592,James Jones,1610612739,CLE,Cleveland Cavaliers,0021500473,2015-12-29,CLE @ DEN,W,0,0,0,,0,0,,0,0,,0,0,0,0,0,0,0,0,0,2,0.0,1,2015-16
22015,202389,Timofey Mozgov,1610612739,CLE,Cleveland Cavaliers,0021500473,2015-12-29,CLE @ DEN,W,15,2,5,0.4,0,1,0.0,0,0,,1,3,4,0,0,0,1,4,4,-3,7.8,1,2015-16
22015,203099,Jared Cunningham,1610612739,CLE,Cleveland Cavaliers,0021500473,2015-12-29,CLE @ DEN,W,2,0,0,,0,0,,0,0,,0,0,0,0,0,0,0,0,0,2,0.0,1,2015-16
22015,203115,Will Barton,1610612743,DEN,Denver Nuggets,0021500473,2015-12-29,DEN vs. CLE,L,34,11,20,0.55,3,8,0.375,4,4,1.0,0,7,7,1,0,2,3,0,29,1,41.9,1,2015-16
22015,203991,Clint Capela,1610612745,HOU,Houston Rockets,0021500470,2015-12-29,HOU vs. ATL,L,30,6,9,0.667,0,0,,5,9,0.556,2,8,10,2,2,1,2,4,17,4,39.0,1,2015-16
22015,201609,Goran Dragic,1610612748,MIA,Miami Heat,0021500471,2015-12-29,MIA @ MEM,L,41,7,10,0.7,1,3,0.333,1,2,0.5,0,3,3,5,1,0,4,2,16,-11,26.1,1,2015-16
22015,202328,Greg Monroe,1610612749,MIL,Milwaukee Bucks,0021500472,2015-12-29,MIL @ OKC,L,20,2,9,0.222,0,0,,0,0,,2,8,10,1,1,0,2,2,4,-11,18.5,1,2015-16
22015,203114,Khris Middleton,1610612749,MIL,Milwaukee Bucks,0021500472,2015-12-29,MIL @ OKC,L,37,13,22,0.591,6,9,0.667,4,4,1.0,0,0,0,7,1,0,2,2,36,4,47.5,1,2015-16
22015,101181,Jose Calderon,1610612752,NYK,New York Knicks,0021500469,2015-12-29,NYK vs. DET,W,33,5,6,0.833,3,4,0.75,2,2,1.0,0,2,2,4,0,0,0,2,15,9,23.4,1,2015-16
22015,201577,Robin Lopez,1610612752,NYK,New York Knicks,0021500469,2015-12-29,NYK vs. DET,W,36,5,8,0.625,0,0,,1,2,0.5,3,4,7,2,1,6,3,5,11,4,40.4,1,2015-16
22015,203124,Kyle O'Quinn,1610612752,NYK,New York Knicks,0021500469,2015-12-29,NYK vs. DET,W,11,6,8,0.75,0,0,,0,0,,1,1,2,1,1,0,0,1,12,8,18.9,1,2015-16
22015,201566,Russell Westbrook,1610612760,OKC,Oklahoma City Thunder,0021500472,2015-12-29,OKC vs. MIL,W,35,10,22,0.455,0,2,0.0,7,8,0.875,1,6,7,7,5,0,3,1,27,5,57.9,1,2015-16
22015,203460,Andre Roberson,1610612760,OKC,Oklahoma City Thunder,0021500472,2015-12-29,OKC vs. MIL,W,20,1,4,0.25,1,2,0.5,3,4,0.75,1,3,4,0,1,0,0,2,6,2,13.8,1,2015-16
22015,203500,Steven Adams,1610612760,OKC,Oklahoma City Thunder,0021500472,2015-12-29,OKC vs. MIL,W,24,4,5,0.8,0,0,,0,0,,5,1,6,0,1,2,0,0,8,-4,24.2,1,2015-16
22015,2754,Tony Allen,1610612763,MEM,Memphis Grizzlies,0021500471,2015-12-29,MEM vs. MIA,W,36,3,8,0.375,0,0,,0,0,,5,2,7,0,2,1,1,3,6,1,22.4,1,2015-16
22015,200797,Ryan Hollins,1610612763,MEM,Memphis Grizzlies,0021500471,2015-12-29,MEM vs. MIA,W,9,0,0,,0,0,,0,0,,1,0,1,1,1,1,1,4,0,-6,7.7,1,2015-16
22015,201145,Jeff Green,1610612763,MEM,Memphis Grizzlies,0021500471,2015-12-29,MEM vs. MIA,W,38,8,17,0.471,0,3,0.0,0,0,,3,4,7,4,0,0,1,0,16,17,29.4,1,2015-16
22015,201596,Mario Chalmers,1610612763,MEM,Memphis Grizzlies,0021500471,2015-12-29,MEM vs. MIA,W,23,4,11,0.364,2,5,0.4,2,2,1.0,2,3,5,4,1,0,0,4,12,12,27.0,1,2015-16
22015,201229,Anthony Tolliver,1610612765,DET,Detroit Pistons,0021500469,2015-12-29,DET @ NYK,L,12,3,5,0.6,2,4,0.5,0,0,,1,1,2,0,0,1,1,1,8,-7,12.4,1,2015-16
22015,201943,Brandon Jennings,1610612765,DET,Detroit Pistons,0021500469,2015-12-29,DET @ NYK,L,17,2,4,0.5,1,2,0.5,2,2,1.0,0,1,1,4,0,0,1,1,7,-7,13.2,1,2015-16
22015,201143,Al Horford,1610612737,ATL,Atlanta Hawks,0021500470,2015-12-29,ATL @ HOU,W,36,11,15,0.733,5,7,0.714,3,4,0.75,4,10,14,2,1,1,0,3,30,19,55.8,1,2015-16
22015,2747,JR Smith,1610612739,CLE,Cleveland Cavaliers,0021500473,2015-12-29,CLE @ DEN,W,26,4,11,0.364,1,6,0.167,2,2,1.0,0,2,2,3,2,0,0,1,11,5,23.9,1,2015-16
22015,201567,Kevin Love,1610612739,CLE,Cleveland Cavaliers,0021500473,2015-12-29,CLE @ DEN,W,36,4,16,0.25,0,5,0.0,0,2,0.0,1,13,14,1,2,0,1,2,8,16,31.3,1,2015-16
22015,2749,Jameer Nelson,1610612743,DEN,Denver Nuggets,0021500473,2015-12-29,DEN vs. CLE,L,24,0,6,0.0,0,1,0.0,0,0,,0,4,4,8,1,1,1,2,0,-9,21.8,1,2015-16
22015,202702,Kenneth Faried,1610612743,DEN,Denver Nuggets,0021500473,2015-12-29,DEN vs. CLE,L,28,4,8,0.5,0,0,,1,2,0.5,3,5,8,0,1,0,0,3,9,1,21.6,1,2015-16
22015,2548,Dwyane Wade,1610612748,MIA,Miami Heat,0021500471,2015-12-29,MIA @ MEM,L,37,9,18,0.5,0,0,,1,5,0.2,3,2,5,5,3,0,2,1,19,-8,39.5,1,2015-16
22015,101123,Gerald Green,1610612748,MIA,Miami Heat,0021500471,2015-12-29,MIA @ MEM,L,20,1,7,0.143,1,6,0.167,0,0,,0,4,4,0,1,0,1,2,3,-7,9.8,1,2015-16
22015,203089,John Henson,1610612749,MIL,Milwaukee Bucks,0021500472,2015-12-29,MIL @ OKC,L,25,4,6,0.667,0,0,,0,0,,1,5,6,3,0,5,1,3,8,6,33.7,1,2015-16
22015,2546,Carmelo Anthony,1610612752,NYK,New York Knicks,0021500469,2015-12-29,NYK vs. DET,W,38,11,24,0.458,2,5,0.4,0,0,,1,5,6,6,1,0,3,3,24,11,40.2,1,2015-16
22015,202498,Lance Thomas,1610612752,NYK,New York Knicks,0021500469,2015-12-29,NYK vs. DET,W,29,2,6,0.333,1,2,0.5,2,2,1.0,0,1,1,2,1,0,1,2,7,14,13.2,1,2015-16
22015,204038,Langston Galloway,1610612752,NYK,New York Knicks,0021500469,2015-12-29,NYK vs. DET,W,17,1,1,1.0,0,0,,0,0,,0,4,4,3,0,0,1,1,2,10,10.3,1,2015-16
22015,202683,Enes Freedom,1610612760,OKC,Oklahoma City Thunder,0021500472,2015-12-29,OKC vs. MIL,W,22,9,12,0.75,0,0,,5,6,0.833,3,5,8,1,2,0,1,2,23,11,39.1,1,2015-16
22015,101141,Ersan Ilyasova,1610612765,DET,Detroit Pistons,0021500469,2015-12-29,DET @ NYK,L,36,8,15,0.533,3,6,0.5,0,0,,4,2,6,1,3,0,1,1,19,-5,35.7,1,2015-16
22015,203484,Kentavious Caldwell-Pope,1610612765,DET,Detroit Pistons,0021500469,2015-12-29,DET @ NYK,L,38,3,8,0.375,2,4,0.5,1,2,0.5,2,4,6,1,1,0,0,1,9,-11,20.7,1,2015-16
22015,2594,Kyle Korver,1610612737,ATL,Atlanta Hawks,0021500470,2015-12-29,ATL @ HOU,W,31,0,11,0.0,0,10,0.0,2,2,1.0,1,2,3,4,0,1,0,4,2,14,14.6,1,2015-16
22015,200794,Paul Millsap,1610612737,ATL,Atlanta Hawks,0021500470,2015-12-29,ATL @ HOU,W,35,9,20,0.45,1,3,0.333,3,4,0.75,8,5,13,4,1,5,3,4,22,12,58.6,1,2015-16
22015,203934,Lamar Patterson,1610612737,ATL,Atlanta Hawks,0021500470,2015-12-29,ATL @ HOU,W,9,1,2,0.5,0,0,,1,1,1.0,0,1,1,1,0,0,0,2,3,1,5.7,1,2015-16
22015,203521,Matthew Dellavedova,1610612739,CLE,Cleveland Cavaliers,0021500473,2015-12-29,CLE @ DEN,W,29,1,5,0.2,0,1,0.0,2,2,1.0,1,6,7,5,2,0,2,2,4,16,23.9,1,2015-16
22015,203999,Nikola Jokić,1610612743,DEN,Denver Nuggets,0021500473,2015-12-29,DEN vs. CLE,L,22,4,11,0.364,0,0,,2,3,0.667,2,5,7,1,1,1,2,6,10,4,23.9,1,2015-16
22015,201951,Ty Lawson,1610612745,HOU,Houston Rockets,0021500470,2015-12-29,HOU vs. ATL,L,26,6,9,0.667,2,3,0.667,0,0,,0,1,1,4,1,0,0,1,14,15,24.2,1,2015-16
22015,201976,Patrick Beverley,1610612745,HOU,Houston Rockets,0021500470,2015-12-29,HOU vs. ATL,L,20,4,6,0.667,1,2,0.5,0,0,,0,0,0,1,0,0,1,2,9,-12,9.5,1,2015-16
22015,2405,Amar'e Stoudemire,1610612748,MIA,Miami Heat,0021500471,2015-12-29,MIA @ MEM,L,13,1,2,0.5,0,0,,4,6,0.667,2,1,3,2,0,1,1,2,6,-1,14.6,1,2015-16
22015,2547,Chris Bosh,1610612748,MIA,Miami Heat,0021500471,2015-12-29,MIA @ MEM,L,41,9,21,0.429,4,7,0.571,0,1,0.0,0,5,5,1,0,0,1,3,22,-2,28.5,1,2015-16
22015,2757,Beno Udrih,1610612748,MIA,Miami Heat,0021500471,2015-12-29,MIA @ MEM,L,12,0,1,0.0,0,0,,0,0,,0,1,1,2,0,0,1,2,0,2,3.2,1,2015-16
22015,204020,Tyler Johnson,1610612748,MIA,Miami Heat,0021500471,2015-12-29,MIA @ MEM,L,31,4,8,0.5,3,6,0.5,2,2,1.0,1,3,4,3,0,0,0,2,13,-8,22.3,1,2015-16
22015,203953,Jabari Parker,1610612749,MIL,Milwaukee Bucks,0021500472,2015-12-29,MIL @ OKC,L,18,2,11,0.182,0,0,,1,2,0.5,4,0,4,0,0,0,0,1,5,-4,9.8,1,2015-16
22015,201167,Arron Afflalo,1610612752,NYK,New York Knicks,0021500469,2015-12-29,NYK vs. DET,W,31,4,9,0.444,1,2,0.5,0,0,,0,6,6,2,1,0,0,1,9,-5,22.2,1,2015-16
22015,202682,Derrick Williams,1610612752,NYK,New York Knicks,0021500469,2015-12-29,NYK vs. DET,W,18,5,9,0.556,1,2,0.5,7,9,0.778,0,4,4,1,0,0,0,0,18,9,24.3,1,2015-16
22015,204001,Kristaps Porziņģis,1610612752,NYK,New York Knicks,0021500469,2015-12-29,NYK vs. DET,W,19,4,6,0.667,0,1,0.0,2,2,1.0,1,1,2,1,0,2,1,2,10,0,18.9,1,2015-16
22015,1626170,Jerian Grant,1610612752,NYK,New York Knicks,0021500469,2015-12-29,NYK vs. DET,W,7,0,2,0.0,0,0,,0,0,,0,2,2,1,0,0,1,1,0,2,2.9,1,2015-16
22015,2555,Nick Collison,1610612760,OKC,Oklahoma City Thunder,0021500472,2015-12-29,OKC vs. MIL,W,12,1,1,1.0,0,0,,0,0,,0,0,0,0,1,0,0,1,2,11,5.0,1,2015-16
22015,201142,Kevin Durant,1610612760,OKC,Oklahoma City Thunder,0021500472,2015-12-29,OKC vs. MIL,W,39,6,18,0.333,1,7,0.143,13,13,1.0,1,5,6,8,1,1,4,2,26,2,47.2,1,2015-16
22015,203079,Dion Waiters,1610612760,OKC,Oklahoma City Thunder,0021500472,2015-12-29,OKC vs. MIL,W,24,1,6,0.167,0,1,0.0,0,0,,0,2,2,1,0,0,1,3,2,-3,4.9,1,2015-16
22015,1713,Vince Carter,1610612763,MEM,Memphis Grizzlies,0021500471,2015-12-29,MEM vs. MIA,W,9,0,3,0.0,0,2,0.0,0,0,,0,1,1,1,0,0,0,0,0,-2,2.7,1,2015-16
22015,201188,Marc Gasol,1610612763,MEM,Memphis Grizzlies,0021500471,2015-12-29,MEM vs. MIA,W,44,8,18,0.444,0,0,,7,7,1.0,0,8,8,6,0,4,2,3,23,15,51.6,1,2015-16
22015,203210,JaMychal Green,1610612763,MEM,Memphis Grizzlies,0021500471,2015-12-29,MEM vs. MIA,W,7,0,3,0.0,0,1,0.0,0,0,,2,1,3,0,0,0,0,2,0,-8,3.6,1,2015-16
22015,1626169,Stanley Johnson,1610612765,DET,Detroit Pistons,0021500469,2015-12-29,DET @ NYK,L,19,2,6,0.333,0,2,0.0,0,0,,0,2,2,3,0,0,0,2,4,-9,10.9,1,2015-16
22015,1626199,Darrun Hilliard,1610612765,DET,Detroit Pistons,0021500469,2015-12-29,DET @ NYK,L,3,1,1,1.0,0,0,,0,0,,0,0,0,0,0,0,0,0,2,3,2.0,1,2015-16
22015,200757,Thabo Sefolosha,1610612737,ATL,Atlanta Hawks,0021500470,2015-12-29,ATL @ HOU,W,21,0,1,0.0,0,1,0.0,0,0,,1,0,1,0,0,0,1,1,0,-13,0.2,1,2015-16
22015,201952,Jeff Teague,1610612737,ATL,Atlanta Hawks,0021500470,2015-12-29,ATL @ HOU,W,34,8,18,0.444,2,3,0.667,4,5,0.8,0,2,2,8,3,0,1,2,22,23,44.4,1,2015-16
22015,203118,Mike Scott,1610612737,ATL,Atlanta Hawks,0021500470,2015-12-29,ATL @ HOU,W,15,2,5,0.4,1,3,0.333,0,0,,0,2,2,1,2,0,0,2,5,-11,14.9,1,2015-16
22015,2210,Richard Jefferson,1610612739,CLE,Cleveland Cavaliers,0021500473,2015-12-29,CLE @ DEN,W,13,0,1,0.0,0,1,0.0,0,0,,0,0,0,0,0,1,0,1,0,-4,3.0,1,2015-16
22015,2590,Mo Williams,1610612739,CLE,Cleveland Cavaliers,0021500473,2015-12-29,CLE @ DEN,W,19,3,4,0.75,0,0,,1,2,0.5,0,1,1,4,1,0,3,2,7,-10,14.2,1,2015-16
22015,202697,Iman Shumpert,1610612739,CLE,Cleveland Cavaliers,0021500473,2015-12-29,CLE @ DEN,W,31,7,13,0.538,2,5,0.4,0,0,,1,2,3,2,2,0,0,1,16,-1,28.6,1,2015-16
22015,2034,Mike Miller,1610612743,DEN,Denver Nuggets,0021500473,2015-12-29,DEN vs. CLE,L,7,0,1,0.0,0,1,0.0,0,0,,1,0,1,0,0,0,2,0,0,-1,-0.8,1,2015-16
22015,203914,Gary Harris,1610612743,DEN,Denver Nuggets,0021500473,2015-12-29,DEN vs. CLE,L,33,5,13,0.385,1,6,0.167,1,2,0.5,1,6,7,2,2,0,2,2,12,1,27.4,1,2015-16
22015,201147,Corey Brewer,1610612745,HOU,Houston Rockets,0021500470,2015-12-29,HOU vs. ATL,L,17,0,2,0.0,0,1,0.0,0,0,,1,0,1,1,0,0,2,4,0,8,0.7,1,2015-16
22015,2736,Luol Deng,1610612748,MIA,Miami Heat,0021500471,2015-12-29,MIA @ MEM,L,34,2,8,0.25,2,7,0.286,0,0,,0,2,2,4,0,0,1,2,6,-5,13.4,1,2015-16
22015,203101,Miles Plumlee,1610612749,MIL,Milwaukee Bucks,0021500472,2015-12-29,MIL @ OKC,L,3,0,0,,0,0,,0,0,,0,0,0,0,0,0,0,0,0,-3,0.0,1,2015-16
22015,203487,Michael Carter-Williams,1610612749,MIL,Milwaukee Bucks,0021500472,2015-12-29,MIL @ OKC,L,32,8,14,0.571,1,1,1.0,2,6,0.333,4,5,9,9,2,0,2,4,19,9,47.3,1,2015-16
22015,201586,Serge Ibaka,1610612760,OKC,Oklahoma City Thunder,0021500472,2015-12-29,OKC vs. MIL,W,36,3,7,0.429,1,2,0.5,4,4,1.0,0,4,4,1,0,4,2,2,11,-3,27.3,1,2015-16
22015,2216,Zach Randolph,1610612763,MEM,Memphis Grizzlies,0021500471,2015-12-29,MEM vs. MIA,W,33,7,10,0.7,0,0,,3,3,1.0,2,5,7,3,0,0,2,1,17,3,27.9,1,2015-16
22015,202694,Marcus Morris Sr.,1610612765,DET,Detroit Pistons,0021500469,2015-12-29,DET @ NYK,L,36,7,16,0.438,1,5,0.2,2,2,1.0,2,2,4,2,1,1,2,1,17,-7,28.8,1,2015-16
22015,202704,Reggie Jackson,1610612765,DET,Detroit Pistons,0021500469,2015-12-29,DET @ NYK,L,31,6,17,0.353,1,4,0.25,4,4,1.0,1,4,5,9,0,0,3,2,17,-5,33.5,1,2015-16
22015,203083,Andre Drummond,1610612765,DET,Detroit Pistons,0021500469,2015-12-29,DET @ NYK,L,36,5,15,0.333,0,0,,3,7,0.429,5,4,9,0,1,1,2,3,13,-7,27.8,1,2015-16
22015,203382,Aron Baynes,1610612765,DET,Detroit Pistons,0021500469,2015-12-29,DET @ NYK,L,12,0,2,0.0,0,0,,0,0,,0,4,4,1,0,1,0,2,0,-5,9.3,1,2015-16
22015,203145,Kent Bazemore,1610612737,ATL,Atlanta Hawks,0021500470,2015-12-29,ATL @ HOU,W,35,7,13,0.538,5,9,0.556,7,8,0.875,0,3,3,4,2,0,4,4,26,9,37.6,1,2015-16
22015,200751,Randy Foye,1610612743,DEN,Denver Nuggets,0021500473,2015-12-29,DEN vs. CLE,L,25,3,9,0.333,1,3,0.333,0,0,,0,3,3,2,1,0,1,2,7,3,15.6,1,2015-16
22015,2730,Dwight Howard,1610612745,HOU,Houston Rockets,0021500470,2015-12-29,HOU vs. ATL,L,38,10,12,0.833,0,0,,10,18,0.556,2,14,16,3,1,1,3,3,30,-21,56.7,1,2015-16
22015,202700,Donatas Motiejunas,1610612745,HOU,Houston Rockets,0021500470,2015-12-29,HOU vs. ATL,L,27,2,4,0.5,2,2,1.0,0,0,,2,5,7,2,1,1,2,2,6,7,21.4,1,2015-16
22015,201564,O.J. Mayo,1610612749,MIL,Milwaukee Bucks,0021500472,2015-12-29,MIL @ OKC,L,26,5,12,0.417,2,4,0.5,2,2,1.0,0,2,2,2,2,0,2,5,14,4,23.4,1,2015-16
22015,201584,Courtney Lee,1610612763,MEM,Memphis Grizzlies,0021500471,2015-12-29,MEM vs. MIA,W,27,3,5,0.6,1,2,0.5,2,3,0.667,1,3,4,1,0,0,0,0,9,2,15.3,1,2015-16
22015,202323,Evan Turner,1610612738,BOS,Boston Celtics,0021500476,2015-12-30,BOS vs. LAL,L,27,8,15,0.533,0,0,,4,5,0.8,1,3,4,8,0,0,1,3,20,-6,35.8,1,2015-16
22015,202340,Avery Bradley,1610612738,BOS,Boston Celtics,0021500476,2015-12-30,BOS vs. LAL,L,35,6,16,0.375,1,7,0.143,0,0,,2,2,4,1,2,0,1,0,13,-10,24.3,1,2015-16
22015,2200,Pau Gasol,1610612741,CHI,Chicago Bulls,0021500478,2015-12-30,CHI vs. IND,W,37,4,14,0.286,0,1,0.0,5,6,0.833,2,9,11,1,0,3,4,2,13,-1,32.7,1,2015-16
22015,202703,Nikola Mirotic,1610612741,CHI,Chicago Bulls,0021500478,2015-12-30,CHI vs. IND,W,20,0,2,0.0,0,1,0.0,0,0,,0,4,4,1,0,1,1,0,0,1,8.3,1,2015-16
22015,2585,Zaza Pachulia,1610612742,DAL,Dallas Mavericks,0021500480,2015-12-30,DAL vs. GSW,W,24,5,8,0.625,0,0,,4,4,1.0,8,7,15,2,0,0,2,3,14,15,33.0,1,2015-16
22015,2734,Devin Harris,1610612742,DAL,Dallas Mavericks,0021500480,2015-12-30,DAL vs. GSW,W,20,5,6,0.833,1,1,1.0,2,2,1.0,0,1,1,1,0,0,1,3,13,9,14.7,1,2015-16
22015,2749,Jameer Nelson,1610612743,DEN,Denver Nuggets,0021500482,2015-12-30,DEN @ POR,L,41,6,12,0.5,2,6,0.333,0,0,,0,3,3,8,2,0,1,3,14,-10,34.6,1,2015-16
22015,2733,Shaun Livingston,1610612744,GSW,Golden State Warriors,0021500480,2015-12-30,GSW @ DAL,L,21,3,7,0.429,0,0,,2,2,1.0,1,0,1,4,0,0,0,2,8,-14,15.2,1,2015-16
22015,2738,Andre Iguodala,1610612744,GSW,Golden State Warriors,0021500480,2015-12-30,GSW @ DAL,L,24,4,7,0.571,1,1,1.0,3,3,1.0,0,1,1,3,2,0,0,0,12,-11,23.7,1,2015-16
22015,201574,Jason Thompson,1610612744,GSW,Golden State Warriors,0021500480,2015-12-30,GSW @ DAL,L,10,0,2,0.0,0,0,,4,6,0.667,1,3,4,1,0,0,0,2,4,-6,10.3,1,2015-16
22015,201578,Marreese Speights,1610612744,GSW,Golden State Warriors,0021500480,2015-12-30,GSW @ DAL,L,21,5,12,0.417,0,0,,2,2,1.0,2,3,5,0,1,0,3,1,12,-3,18.0,1,2015-16
22015,202691,Klay Thompson,1610612744,GSW,Golden State Warriors,0021500480,2015-12-30,GSW @ DAL,L,34,4,15,0.267,1,4,0.25,1,2,0.5,0,1,1,2,0,0,2,1,10,-11,12.2,1,2015-16
22015,2037,Jamal Crawford,1610612746,LAC,LA Clippers,0021500474,2015-12-30,LAC @ CHA,W,25,2,5,0.4,2,4,0.5,5,5,1.0,0,3,3,3,0,1,1,1,11,6,21.1,1,2015-16
22015,200755,JJ Redick,1610612746,LAC,LA Clippers,0021500474,2015-12-30,LAC @ CHA,W,27,8,14,0.571,5,6,0.833,5,5,1.0,0,1,1,0,0,0,1,3,26,7,26.2,1,2015-16
22015,201599,DeAndre Jordan,1610612746,LAC,LA Clippers,0021500474,2015-12-30,LAC @ CHA,W,33,4,4,1.0,0,0,,5,10,0.5,3,10,13,1,0,1,1,3,13,7,32.1,1,2015-16
22015,201601,Luc Mbah a Moute,1610612746,LAC,LA Clippers,0021500474,2015-12-30,LAC @ CHA,W,29,2,3,0.667,0,0,,0,0,,1,4,5,0,0,0,2,1,4,2,8.0,1,2015-16
22015,201156,Nick Young,1610612747,LAL,Los Angeles Lakers,0021500476,2015-12-30,LAL @ BOS,W,19,3,6,0.5,2,3,0.667,0,0,,0,1,1,0,0,0,0,0,8,0,9.2,1,2015-16
22015,201579,Roy Hibbert,1610612747,LAL,Los Angeles Lakers,0021500476,2015-12-30,LAL @ BOS,W,24,0,5,0.0,0,0,,0,0,,2,2,4,2,0,1,1,4,0,10,9.8,1,2015-16
22015,202357,Nemanja Bjelica,1610612750,MIN,Minnesota Timberwolves,0021500479,2015-12-30,MIN vs. UTA,W,5,0,1,0.0,0,0,,0,0,,0,0,0,0,2,0,1,0,0,4,5.0,1,2015-16
22015,203476,Gorgui Dieng,1610612750,MIN,Minnesota Timberwolves,0021500479,2015-12-30,MIN vs. UTA,W,26,4,7,0.571,1,1,1.0,3,5,0.6,1,8,9,1,2,0,1,0,12,9,29.3,1,2015-16
22015,201572,Brook Lopez,1610612751,BKN,Brooklyn Nets,0021500475,2015-12-30,BKN @ ORL,L,39,7,18,0.389,0,1,0.0,10,12,0.833,6,9,15,2,3,5,2,3,24,-5,67.0,1,2015-16
22015,203080,Thomas Robinson,1610612751,BKN,Brooklyn Nets,0021500475,2015-12-30,BKN @ ORL,L,4,2,4,0.5,0,0,,0,0,,0,0,0,0,2,1,0,2,4,3,13.0,1,2015-16
22015,203901,Elfrid Payton,1610612753,ORL,Orlando Magic,0021500475,2015-12-30,ORL vs. BKN,W,5,0,0,,0,0,,0,0,,0,0,0,1,0,0,1,0,0,0,0.5,1,2015-16
22015,1626209,Mario Hezonja,1610612753,ORL,Orlando Magic,0021500475,2015-12-30,ORL vs. BKN,W,8,0,1,0.0,0,1,0.0,0,0,,0,0,0,1,0,1,0,0,0,5,4.5,1,2015-16
22015,201155,Rodney Stuckey,1610612754,IND,Indiana Pacers,0021500478,2015-12-30,IND @ CHI,L,31,5,12,0.417,0,1,0.0,3,5,0.6,1,1,2,1,1,1,0,2,13,-2,22.9,1,2015-16
22015,202730,Lavoy Allen,1610612754,IND,Indiana Pacers,0021500478,2015-12-30,IND @ CHI,L,38,5,7,0.714,0,0,,0,0,,4,8,12,0,1,0,1,3,10,4,26.4,1,2015-16
22015,203917,Nik Stauskas,1610612755,PHI,Philadelphia 76ers,0021500483,2015-12-30,PHI @ SAC,W,19,1,7,0.143,1,6,0.167,0,0,,0,3,3,2,0,1,1,2,3,-6,11.6,1,2015-16
22015,203141,Mirza Teletovic,1610612756,PHX,Phoenix Suns,0021500481,2015-12-30,PHX @ SAS,L,10,3,6,0.5,2,4,0.5,1,3,0.333,1,1,2,0,1,0,1,4,9,-8,13.4,1,2015-16
22015,203955,Bryce Cotton,1610612756,PHX,Phoenix Suns,0021500481,2015-12-30,PHX @ SAS,L,21,1,6,0.167,0,2,0.0,0,0,,0,0,0,2,3,0,3,1,2,-19,11.0,1,2015-16
22015,1626164,Devin Booker,1610612756,PHX,Phoenix Suns,0021500481,2015-12-30,PHX @ SAS,L,24,4,10,0.4,0,1,0.0,1,2,0.5,0,3,3,0,0,0,2,2,9,-9,10.6,1,2015-16
22015,201945,Gerald Henderson,1610612757,POR,Portland Trail Blazers,0021500482,2015-12-30,POR vs. DEN,W,19,1,6,0.167,0,1,0.0,2,2,1.0,1,3,4,1,0,0,1,0,4,4,9.3,1,2015-16
22015,202334,Ed Davis,1610612757,POR,Portland Trail Blazers,0021500482,2015-12-30,POR vs. DEN,W,16,1,2,0.5,0,0,,1,1,1.0,2,1,3,0,0,2,0,3,3,-1,12.6,1,2015-16
22015,203086,Meyers Leonard,1610612757,POR,Portland Trail Blazers,0021500482,2015-12-30,POR vs. DEN,W,22,3,9,0.333,2,6,0.333,3,4,0.75,2,3,5,2,0,1,3,3,11,0,20.0,1,2015-16
22015,200752,Rudy Gay,1610612758,SAC,Sacramento Kings,0021500483,2015-12-30,SAC vs. PHI,L,32,4,9,0.444,0,2,0.0,1,4,0.25,0,7,7,1,0,2,3,2,9,-18,21.9,1,2015-16
22015,200765,Rajon Rondo,1610612758,SAC,Sacramento Kings,0021500483,2015-12-30,SAC vs. PHI,L,39,4,9,0.444,0,2,0.0,0,2,0.0,1,4,5,14,2,0,7,5,8,-6,34.0,1,2015-16
22015,201954,Darren Collison,1610612758,SAC,Sacramento Kings,0021500483,2015-12-30,SAC vs. PHI,L,29,5,11,0.455,1,3,0.333,2,2,1.0,1,4,5,4,1,0,2,1,13,6,26.0,1,2015-16
22015,2588,Matt Bonner,1610612759,SAS,San Antonio Spurs,0021500481,2015-12-30,SAS vs. PHX,W,12,0,2,0.0,0,2,0.0,0,0,,0,2,2,0,0,0,0,1,0,5,2.4,1,2015-16
22015,201587,Nicolas Batum,1610612766,CHA,Charlotte Hornets,0021500474,2015-12-30,CHA vs. LAC,L,42,6,11,0.545,2,4,0.5,5,5,1.0,2,6,8,6,1,0,3,3,19,-2,37.6,1,2015-16
22015,1626163,Frank Kaminsky,1610612766,CHA,Charlotte Hornets,0021500474,2015-12-30,CHA vs. LAC,L,29,5,15,0.333,2,6,0.333,8,8,1.0,2,2,4,1,0,0,3,3,20,0,23.3,1,2015-16
22015,101135,David Lee,1610612738,BOS,Boston Celtics,0021500476,2015-12-30,BOS vs. LAL,L,15,3,5,0.6,0,1,0.0,0,0,,0,6,6,0,0,2,1,0,6,2,18.2,1,2015-16
22015,203109,Jae Crowder,1610612738,BOS,Boston Celtics,0021500476,2015-12-30,BOS vs. LAL,L,36,4,14,0.286,2,9,0.222,7,7,1.0,2,3,5,1,3,0,1,2,17,-3,32.5,1,2015-16
22015,1626171,Bobby Portis,1610612741,CHI,Chicago Bulls,0021500478,2015-12-30,CHI vs. IND,W,26,7,12,0.583,0,1,0.0,2,2,1.0,3,4,7,0,1,1,3,2,16,-4,27.4,1,2015-16
22015,201580,JaVale McGee,1610612742,DAL,Dallas Mavericks,0021500480,2015-12-30,DAL vs. GSW,W,4,0,1,0.0,0,0,,1,2,0.5,2,0,2,0,0,0,1,0,1,-4,2.4,1,2015-16
22015,202718,Chandler Parsons,1610612742,DAL,Dallas Mavericks,0021500480,2015-12-30,DAL vs. GSW,W,31,2,5,0.4,1,3,0.333,0,0,,0,6,6,5,0,0,2,3,5,24,17.7,1,2015-16
22015,203939,Dwight Powell,1610612742,DAL,Dallas Mavericks,0021500480,2015-12-30,DAL vs. GSW,W,25,5,9,0.556,0,0,,0,0,,1,3,4,1,0,0,1,4,10,7,15.3,1,2015-16
22015,203999,Nikola Jokić,1610612743,DEN,Denver Nuggets,0021500482,2015-12-30,DEN @ POR,L,18,3,6,0.5,0,0,,4,4,1.0,3,3,6,1,0,2,2,0,10,0,22.7,1,2015-16
22015,203546,Ian Clark,1610612744,GSW,Golden State Warriors,0021500480,2015-12-30,GSW @ DAL,L,24,8,12,0.667,3,4,0.75,2,2,1.0,0,0,0,0,1,0,2,3,21,-9,22.0,1,2015-16
22015,202362,Lance Stephenson,1610612746,LAC,LA Clippers,0021500474,2015-12-30,LAC @ CHA,W,2,0,0,,0,0,,0,0,,0,0,0,0,0,0,0,1,0,-4,0.0,1,2015-16
22015,1626156,D'Angelo Russell,1610612747,LAL,Los Angeles Lakers,0021500476,2015-12-30,LAL @ BOS,W,28,7,17,0.412,2,7,0.286,0,0,,2,4,6,3,1,1,2,1,16,4,31.7,1,2015-16
22015,1626204,Larry Nance Jr.,1610612747,LAL,Los Angeles Lakers,0021500476,2015-12-30,LAL @ BOS,W,17,3,4,0.75,0,0,,0,0,,3,3,6,2,1,0,0,4,6,5,19.2,1,2015-16
22015,201937,Ricky Rubio,1610612750,MIN,Minnesota Timberwolves,0021500479,2015-12-30,MIN vs. UTA,W,36,2,6,0.333,2,4,0.5,4,6,0.667,1,1,2,17,3,0,3,2,10,14,43.9,1,2015-16
22015,203897,Zach LaVine,1610612750,MIN,Minnesota Timberwolves,0021500479,2015-12-30,MIN vs. UTA,W,12,1,6,0.167,0,0,,0,0,,1,2,3,0,0,0,1,3,2,4,4.6,1,2015-16
22015,203952,Andrew Wiggins,1610612750,MIN,Minnesota Timberwolves,0021500479,2015-12-30,MIN vs. UTA,W,41,6,17,0.353,0,1,0.0,5,8,0.625,3,3,6,4,1,0,0,2,17,9,33.2,1,2015-16
22015,2207,Joe Johnson,1610612751,BKN,Brooklyn Nets,0021500475,2015-12-30,BKN @ ORL,L,34,3,8,0.375,1,5,0.2,0,0,,1,2,3,0,1,0,1,1,7,-11,12.6,1,2015-16
22015,202699,Tobias Harris,1610612753,ORL,Orlando Magic,0021500475,2015-12-30,ORL vs. BKN,W,37,5,13,0.385,0,3,0.0,2,3,0.667,2,6,8,2,1,0,2,0,12,10,25.6,1,2015-16
22015,201588,George Hill,1610612754,IND,Indiana Pacers,0021500478,2015-12-30,IND @ CHI,L,39,8,15,0.533,3,5,0.6,1,1,1.0,4,3,7,3,4,0,2,0,20,3,42.9,1,2015-16
22015,203457,Nerlens Noel,1610612755,PHI,Philadelphia 76ers,0021500483,2015-12-30,PHI @ SAC,W,27,8,12,0.667,0,0,,4,7,0.571,2,7,9,2,4,0,2,3,20,13,43.8,1,2015-16
22015,203477,Isaiah Canaan,1610612755,PHI,Philadelphia 76ers,0021500483,2015-12-30,PHI @ SAC,W,32,6,18,0.333,3,11,0.273,0,0,,0,3,3,1,1,0,0,1,15,9,23.1,1,2015-16
22015,202688,Brandon Knight,1610612756,PHX,Phoenix Suns,0021500481,2015-12-30,PHX @ SAS,L,27,5,13,0.385,1,3,0.333,0,0,,0,0,0,4,0,0,2,1,11,-14,15.0,1,2015-16
22015,202720,Jon Leuer,1610612756,PHX,Phoenix Suns,0021500481,2015-12-30,PHX @ SAS,L,15,2,4,0.5,1,1,1.0,0,0,,0,5,5,1,0,0,2,2,5,-10,10.5,1,2015-16
22015,203943,Noah Vonleh,1610612757,POR,Portland Trail Blazers,0021500482,2015-12-30,POR vs. DEN,W,16,0,2,0.0,0,1,0.0,0,0,,1,3,4,2,3,0,1,1,0,8,15.8,1,2015-16
22015,204025,Tim Frazier,1610612757,POR,Portland Trail Blazers,0021500482,2015-12-30,POR vs. DEN,W,12,1,2,0.5,1,1,1.0,1,2,0.5,1,1,2,3,1,0,1,1,4,4,12.9,1,2015-16
22015,201956,Omri Casspi,1610612758,SAC,Sacramento Kings,0021500483,2015-12-30,SAC vs. PHI,L,36,3,10,0.3,2,7,0.286,2,2,1.0,2,9,11,1,0,0,2,6,10,3,22.7,1,2015-16
22015,2225,Tony Parker,1610612759,SAS,San Antonio Spurs,0021500481,2015-12-30,SAS vs. PHX,W,23,5,8,0.625,1,1,1.0,1,3,0.333,0,3,3,7,4,0,1,1,12,9,37.1,1,2015-16
22015,2561,David West,1610612759,SAS,San Antonio Spurs,0021500481,2015-12-30,SAS vs. PHX,W,20,2,6,0.333,0,0,,0,0,,1,4,5,2,1,1,0,3,4,10,19.0,1,2015-16
22015,202335,Patrick Patterson,1610612761,TOR,Toronto Raptors,0021500477,2015-12-30,TOR vs. WAS,W,20,0,3,0.0,0,3,0.0,0,0,,0,2,2,0,0,0,3,1,0,-2,-0.6,1,2015-16
22015,203082,Terrence Ross,1610612761,TOR,Toronto Raptors,0021500477,2015-12-30,TOR vs. WAS,W,29,6,12,0.5,2,4,0.5,0,0,,1,5,6,0,0,0,1,2,14,10,20.2,1,2015-16
22015,202330,Gordon Hayward,1610612762,UTA,Utah Jazz,0021500479,2015-12-30,UTA @ MIN,L,36,4,9,0.444,2,4,0.5,4,5,0.8,1,4,5,2,2,1,2,3,14,-12,30.0,1,2015-16
22015,202407,Elijah Millsap,1610612762,UTA,Utah Jazz,0021500479,2015-12-30,UTA @ MIN,L,6,1,2,0.5,0,1,0.0,0,0,,0,2,2,0,1,0,2,0,2,5,5.4,1,2015-16
22015,203918,Rodney Hood,1610612762,UTA,Utah Jazz,0021500479,2015-12-30,UTA @ MIN,L,34,1,13,0.077,1,9,0.111,3,4,0.75,0,5,5,3,0,1,1,4,6,-12,18.5,1,2015-16
22015,101162,Marcin Gortat,1610612764,WAS,Washington Wizards,0021500477,2015-12-30,WAS @ TOR,L,36,5,15,0.333,0,0,,2,2,1.0,4,6,10,1,0,3,0,4,12,3,34.5,1,2015-16
22015,201196,Ramon Sessions,1610612764,WAS,Washington Wizards,0021500477,2015-12-30,WAS @ TOR,L,28,3,8,0.375,1,1,1.0,4,4,1.0,0,6,6,4,0,0,0,0,11,-4,24.2,1,2015-16
22015,201946,Tyler Hansbrough,1610612766,CHA,Charlotte Hornets,0021500474,2015-12-30,CHA vs. LAC,L,15,1,1,1.0,0,0,,2,6,0.333,4,1,5,0,0,0,1,1,4,-8,9.0,1,2015-16
22015,203087,Jeremy Lamb,1610612766,CHA,Charlotte Hornets,0021500474,2015-12-30,CHA vs. LAC,L,23,7,13,0.538,1,1,1.0,4,4,1.0,2,3,5,2,0,0,0,6,19,-5,28.0,1,2015-16
22015,203798,PJ Hairston,1610612766,CHA,Charlotte Hornets,0021500474,2015-12-30,CHA vs. LAC,L,22,2,9,0.222,1,6,0.167,0,0,,1,3,4,1,0,0,0,5,5,-2,11.3,1,2015-16
22015,203923,James Young,1610612738,BOS,Boston Celtics,0021500476,2015-12-30,BOS vs. LAL,L,8,2,4,0.5,1,2,0.5,0,0,,0,1,1,0,0,0,0,3,5,-11,6.2,1,2015-16
22015,201959,Taj Gibson,1610612741,CHI,Chicago Bulls,0021500478,2015-12-30,CHI vs. IND,W,37,3,7,0.429,0,0,,0,0,,6,8,14,2,2,1,1,4,6,-1,33.8,1,2015-16
22015,203503,Tony Snell,1610612741,CHI,Chicago Bulls,0021500478,2015-12-30,CHI vs. IND,W,27,1,6,0.167,0,2,0.0,0,0,,1,6,7,0,0,2,1,2,2,14,15.4,1,2015-16
22015,203098,John Jenkins,1610612742,DAL,Dallas Mavericks,0021500480,2015-12-30,DAL vs. GSW,W,5,1,3,0.333,0,1,0.0,0,0,,0,1,1,0,0,0,0,1,2,-2,3.2,1,2015-16
22015,200751,Randy Foye,1610612743,DEN,Denver Nuggets,0021500482,2015-12-30,DEN @ POR,L,15,1,7,0.143,0,3,0.0,4,4,1.0,0,2,2,0,1,0,1,1,6,-9,10.4,1,2015-16
22015,201589,Darrell Arthur,1610612743,DEN,Denver Nuggets,0021500482,2015-12-30,DEN @ POR,L,13,1,4,0.25,1,2,0.5,0,0,,1,1,2,0,0,1,0,1,3,-5,8.4,1,2015-16
22015,203115,Will Barton,1610612743,DEN,Denver Nuggets,0021500482,2015-12-30,DEN @ POR,L,36,12,22,0.545,4,6,0.667,3,4,0.75,2,3,5,4,1,0,1,3,31,-1,45.0,1,2015-16
22015,203123,Kostas Papanikolaou,1610612743,DEN,Denver Nuggets,0021500482,2015-12-30,DEN @ POR,L,12,0,2,0.0,0,2,0.0,0,0,,0,2,2,0,0,0,2,0,0,-6,0.4,1,2015-16
22015,203949,James Michael McAdoo,1610612744,GSW,Golden State Warriors,0021500480,2015-12-30,GSW @ DAL,L,16,0,0,,0,0,,1,2,0.5,0,0,0,2,1,0,1,2,1,-11,6.0,1,2015-16
22015,203143,Pablo Prigioni,1610612746,LAC,LA Clippers,0021500474,2015-12-30,LAC @ CHA,W,18,2,2,1.0,1,1,1.0,0,0,,0,0,0,4,0,0,1,3,5,9,10.0,1,2015-16
22015,977,Kobe Bryant,1610612747,LAL,Los Angeles Lakers,0021500476,2015-12-30,LAL @ BOS,W,33,5,18,0.278,2,5,0.4,3,5,0.6,1,10,11,3,0,0,4,3,15,12,28.7,1,2015-16
22015,101138,Brandon Bass,1610612747,LAL,Los Angeles Lakers,0021500476,2015-12-30,LAL @ BOS,W,24,2,4,0.5,0,0,,5,5,1.0,1,5,6,3,0,0,0,4,9,-2,20.7,1,2015-16
22015,203940,Adreian Payne,1610612750,MIN,Minnesota Timberwolves,0021500479,2015-12-30,MIN vs. UTA,W,16,1,5,0.2,0,1,0.0,0,0,,1,3,4,1,1,1,0,1,2,-6,14.3,1,2015-16
22015,1626145,Tyus Jones,1610612750,MIN,Minnesota Timberwolves,0021500479,2015-12-30,MIN vs. UTA,W,12,2,4,0.5,1,1,1.0,0,0,,0,1,1,2,1,0,1,1,5,0,11.2,1,2015-16
22015,101127,Jarrett Jack,1610612751,BKN,Brooklyn Nets,0021500475,2015-12-30,BKN @ ORL,L,33,2,11,0.182,0,4,0.0,1,1,1.0,0,5,5,10,2,0,3,2,5,-2,29.0,1,2015-16
22015,203094,Andrew Nicholson,1610612753,ORL,Orlando Magic,0021500475,2015-12-30,ORL vs. BKN,W,7,3,5,0.6,0,1,0.0,0,0,,1,0,1,0,0,0,1,0,6,0,6.2,1,2015-16
22015,203095,Evan Fournier,1610612753,ORL,Orlando Magic,0021500475,2015-12-30,ORL vs. BKN,W,40,5,12,0.417,3,8,0.375,4,4,1.0,1,2,3,5,2,0,2,2,17,11,32.1,1,2015-16
22015,101145,Monta Ellis,1610612754,IND,Indiana Pacers,0021500478,2015-12-30,IND @ CHI,L,35,4,19,0.211,1,5,0.2,4,4,1.0,0,1,1,5,2,0,3,3,13,-3,24.7,1,2015-16
22015,203524,Solomon Hill,1610612754,IND,Indiana Pacers,0021500478,2015-12-30,IND @ CHI,L,20,3,7,0.429,0,2,0.0,2,2,1.0,2,2,4,3,1,2,0,2,8,-12,26.3,1,2015-16
22015,1626167,Myles Turner,1610612754,IND,Indiana Pacers,0021500478,2015-12-30,IND @ CHI,L,22,2,8,0.25,0,0,,4,6,0.667,1,4,5,1,0,3,0,4,8,-5,24.5,1,2015-16
22015,203960,JaKarr Sampson,1610612755,PHI,Philadelphia 76ers,0021500483,2015-12-30,PHI @ SAC,W,17,2,9,0.222,0,2,0.0,1,2,0.5,3,1,4,0,0,1,2,5,5,8,10.8,1,2015-16
22015,203458,Alex Len,1610612756,PHX,Phoenix Suns,0021500481,2015-12-30,PHX @ SAS,L,12,0,5,0.0,0,0,,0,0,,2,0,2,0,0,0,0,4,0,-11,2.4,1,2015-16
22015,203090,Maurice Harkless,1610612757,POR,Portland Trail Blazers,0021500482,2015-12-30,POR vs. DEN,W,26,5,12,0.417,2,5,0.4,0,0,,2,3,5,1,0,0,1,0,12,-3,18.5,1,2015-16
22015,203459,Allen Crabbe,1610612757,POR,Portland Trail Blazers,0021500482,2015-12-30,POR vs. DEN,W,32,8,14,0.571,4,7,0.571,0,0,,0,5,5,1,2,0,2,4,20,5,31.5,1,2015-16
22015,202326,DeMarcus Cousins,1610612758,SAC,Sacramento Kings,0021500483,2015-12-30,SAC vs. PHI,L,34,4,10,0.4,0,2,0.0,13,20,0.65,1,10,11,1,0,3,5,6,21,-8,39.7,1,2015-16
22015,203112,Quincy Acy,1610612758,SAC,Sacramento Kings,0021500483,2015-12-30,SAC vs. PHI,L,9,0,1,0.0,0,0,,2,2,1.0,2,3,5,0,1,0,0,1,2,6,11.0,1,2015-16
22015,203463,Ben McLemore,1610612758,SAC,Sacramento Kings,0021500483,2015-12-30,SAC vs. PHI,L,19,3,4,0.75,2,3,0.667,1,2,0.5,0,1,1,1,0,0,2,2,9,-10,9.7,1,2015-16
22015,201988,Patty Mills,1610612759,SAS,San Antonio Spurs,0021500481,2015-12-30,SAS vs. PHX,W,17,3,5,0.6,1,2,0.5,0,0,,0,1,1,2,1,0,1,1,7,19,13.2,1,2015-16
22015,202695,Kawhi Leonard,1610612759,SAS,San Antonio Spurs,0021500481,2015-12-30,SAS vs. PHX,W,29,6,10,0.6,3,4,0.75,4,4,1.0,0,0,0,2,2,0,0,0,19,24,28.0,1,2015-16
22015,2449,Luis Scola,1610612761,TOR,Toronto Raptors,0021500477,2015-12-30,TOR vs. WAS,W,21,1,6,0.167,0,1,0.0,2,2,1.0,0,7,7,1,0,0,0,1,4,10,13.9,1,2015-16
22015,201960,DeMarre Carroll,1610612761,TOR,Toronto Raptors,0021500477,2015-12-30,TOR vs. WAS,W,26,2,10,0.2,1,5,0.2,2,5,0.4,2,5,7,0,0,1,0,1,7,-9,18.4,1,2015-16
22015,202344,Trevor Booker,1610612762,UTA,Utah Jazz,0021500479,2015-12-30,UTA @ MIN,L,35,3,7,0.429,1,1,1.0,0,2,0.0,10,5,15,3,1,0,5,4,7,-8,27.5,1,2015-16
22015,203504,Trey Burke,1610612762,UTA,Utah Jazz,0021500479,2015-12-30,UTA @ MIN,L,37,8,18,0.444,3,9,0.333,4,4,1.0,0,1,1,4,1,2,4,2,23,-2,35.2,1,2015-16
22015,204060,Joe Ingles,1610612762,UTA,Utah Jazz,0021500479,2015-12-30,UTA @ MIN,L,18,1,5,0.2,0,4,0.0,0,0,,0,1,1,0,1,2,0,2,2,-8,12.2,1,2015-16
22015,2743,Kris Humphries,1610612764,WAS,Washington Wizards,0021500477,2015-12-30,WAS @ TOR,L,12,3,6,0.5,0,1,0.0,0,0,,1,2,3,0,0,0,2,2,6,-6,7.6,1,2015-16
22015,201162,Jared Dudley,1610612764,WAS,Washington Wizards,0021500477,2015-12-30,WAS @ TOR,L,36,6,10,0.6,3,6,0.5,2,3,0.667,1,2,3,3,3,0,1,4,17,-2,33.1,1,2015-16
22015,202689,Kemba Walker,1610612766,CHA,Charlotte Hornets,0021500474,2015-12-30,CHA vs. LAC,L,37,9,19,0.474,2,5,0.4,9,9,1.0,1,2,3,7,2,0,1,3,29,2,48.1,1,2015-16
22015,203469,Cody Zeller,1610612766,CHA,Charlotte Hornets,0021500474,2015-12-30,CHA vs. LAC,L,28,4,6,0.667,0,0,,4,4,1.0,4,4,8,1,3,1,1,1,12,-1,34.1,1,2015-16
22015,203482,Kelly Olynyk,1610612738,BOS,Boston Celtics,0021500476,2015-12-30,BOS vs. LAL,L,21,2,5,0.4,1,1,1.0,0,0,,1,2,3,3,1,1,0,4,5,5,19.1,1,2015-16
22015,203926,Doug McDermott,1610612741,CHI,Chicago Bulls,0021500478,2015-12-30,CHI vs. IND,W,20,2,6,0.333,0,1,0.0,1,2,0.5,1,4,5,2,0,0,1,2,5,3,13.0,1,2015-16
22015,101109,Raymond Felton,1610612742,DAL,Dallas Mavericks,0021500480,2015-12-30,DAL vs. GSW,W,21,2,5,0.4,1,3,0.333,1,2,0.5,1,2,3,3,0,0,2,0,6,9,12.1,1,2015-16
22015,200826,J.J. Barea,1610612742,DAL,Dallas Mavericks,0021500480,2015-12-30,DAL vs. GSW,W,31,9,12,0.75,5,7,0.714,0,0,,0,3,3,6,2,0,3,0,23,23,38.6,1,2015-16
22015,202083,Wesley Matthews,1610612742,DAL,Dallas Mavericks,0021500480,2015-12-30,DAL vs. GSW,W,26,5,9,0.556,3,4,0.75,0,0,,0,3,3,0,2,0,0,0,13,11,22.6,1,2015-16
22015,203530,Joffrey Lauvergne,1610612743,DEN,Denver Nuggets,0021500482,2015-12-30,DEN @ POR,L,23,4,11,0.364,1,2,0.5,3,3,1.0,1,5,6,3,2,0,2,2,12,-11,27.7,1,2015-16
22015,203914,Gary Harris,1610612743,DEN,Denver Nuggets,0021500482,2015-12-30,DEN @ POR,L,41,6,11,0.545,4,6,0.667,3,4,0.75,2,2,4,2,2,0,1,1,19,1,31.8,1,2015-16
22015,203110,Draymond Green,1610612744,GSW,Golden State Warriors,0021500480,2015-12-30,GSW @ DAL,L,31,4,15,0.267,1,4,0.25,2,4,0.5,2,7,9,4,2,0,2,3,11,-11,31.8,1,2015-16
22015,203085,Austin Rivers,1610612746,LAC,LA Clippers,0021500474,2015-12-30,LAC @ CHA,W,20,7,11,0.636,4,6,0.667,4,4,1.0,0,3,3,2,1,0,0,1,22,0,31.6,1,2015-16
22015,203903,Jordan Clarkson,1610612747,LAL,Los Angeles Lakers,0021500476,2015-12-30,LAL @ BOS,W,33,10,15,0.667,1,1,1.0,3,5,0.6,0,2,2,3,1,0,1,2,24,2,32.9,1,2015-16
22015,2419,Tayshaun Prince,1610612750,MIN,Minnesota Timberwolves,0021500479,2015-12-30,MIN vs. UTA,W,25,4,5,0.8,0,0,,0,0,,2,2,4,1,2,0,0,0,8,12,20.3,1,2015-16
22015,1626157,Karl-Anthony Towns,1610612750,MIN,Minnesota Timberwolves,0021500479,2015-12-30,MIN vs. UTA,W,32,10,16,0.625,0,0,,5,8,0.625,4,6,10,1,1,2,3,2,25,9,44.5,1,2015-16
22015,202711,Bojan Bogdanovic,1610612751,BKN,Brooklyn Nets,0021500475,2015-12-30,BKN @ ORL,L,38,9,17,0.529,1,6,0.167,1,1,1.0,1,5,6,3,0,0,1,3,20,-3,30.7,1,2015-16
22015,203186,Willie Reed,1610612751,BKN,Brooklyn Nets,0021500475,2015-12-30,BKN @ ORL,L,9,3,5,0.6,0,0,,0,0,,1,0,1,0,0,0,0,2,6,0,7.2,1,2015-16
22015,101112,Channing Frye,1610612753,ORL,Orlando Magic,0021500475,2015-12-30,ORL vs. BKN,W,22,3,7,0.429,2,5,0.4,0,0,,1,5,6,1,0,0,1,1,8,-12,15.7,1,2015-16
22015,201160,Jason Smith,1610612753,ORL,Orlando Magic,0021500475,2015-12-30,ORL vs. BKN,W,7,2,3,0.667,0,0,,2,2,1.0,0,3,3,0,0,1,0,4,6,-1,12.6,1,2015-16
22015,203473,Dewayne Dedmon,1610612753,ORL,Orlando Magic,0021500475,2015-12-30,ORL vs. BKN,W,6,1,3,0.333,0,0,,0,0,,1,2,3,0,0,0,0,0,2,-9,5.6,1,2015-16
22015,203506,Victor Oladipo,1610612753,ORL,Orlando Magic,0021500475,2015-12-30,ORL vs. BKN,W,29,3,11,0.273,2,5,0.4,4,4,1.0,2,5,7,3,1,0,5,2,12,15,22.9,1,2015-16
22015,203894,Shabazz Napier,1610612753,ORL,Orlando Magic,0021500475,2015-12-30,ORL vs. BKN,W,17,2,4,0.5,1,2,0.5,2,2,1.0,1,2,3,5,1,0,2,3,7,-9,19.1,1,2015-16
22015,203138,Hollis Thompson,1610612755,PHI,Philadelphia 76ers,0021500483,2015-12-30,PHI @ SAC,W,13,5,10,0.5,1,4,0.25,1,1,1.0,0,2,2,0,0,0,0,1,12,-2,14.4,1,2015-16
22015,203924,Jerami Grant,1610612755,PHI,Philadelphia 76ers,0021500483,2015-12-30,PHI @ SAC,W,34,4,6,0.667,2,3,0.667,6,8,0.75,3,8,11,2,2,5,3,5,16,18,50.2,1,2015-16
22015,204456,T.J. McConnell,1610612755,PHI,Philadelphia 76ers,0021500483,2015-12-30,PHI @ SAC,W,15,0,2,0.0,0,0,,0,0,,0,1,1,5,0,0,2,2,0,-9,6.7,1,2015-16
22015,1626143,Jahlil Okafor,1610612755,PHI,Philadelphia 76ers,0021500483,2015-12-30,PHI @ SAC,W,20,4,11,0.364,0,0,,2,5,0.4,5,5,10,1,1,0,2,4,10,-8,24.5,1,2015-16
22015,203933,T.J. Warren,1610612756,PHX,Phoenix Suns,0021500481,2015-12-30,PHX @ SAS,L,22,5,10,0.5,0,1,0.0,1,2,0.5,0,2,2,0,1,1,0,0,11,-26,19.4,1,2015-16
22015,201585,Kosta Koufos,1610612758,SAC,Sacramento Kings,0021500483,2015-12-30,SAC vs. PHI,L,12,2,3,0.667,0,0,,1,2,0.5,0,0,0,0,0,0,0,2,5,4,5.0,1,2015-16
22015,2564,Boris Diaw,1610612759,SAS,San Antonio Spurs,0021500481,2015-12-30,SAS vs. PHX,W,20,5,7,0.714,0,1,0.0,3,5,0.6,1,3,4,2,1,0,4,1,13,18,19.8,1,2015-16
22015,201980,Danny Green,1610612759,SAS,San Antonio Spurs,0021500481,2015-12-30,SAS vs. PHX,W,21,3,6,0.5,1,3,0.333,0,0,,0,2,2,1,0,1,1,2,7,9,12.9,1,2015-16
22015,203492,Ray McCallum,1610612759,SAS,San Antonio Spurs,0021500481,2015-12-30,SAS vs. PHX,W,8,1,2,0.5,0,0,,0,0,,0,0,0,3,0,0,1,0,2,5,5.5,1,2015-16
22015,203613,Jonathon Simmons,1610612759,SAS,San Antonio Spurs,0021500481,2015-12-30,SAS vs. PHX,W,19,3,4,0.75,0,0,,2,4,0.5,0,3,3,2,0,0,1,2,8,9,13.6,1,2015-16
22015,1626246,Boban Marjanovic,1610612759,SAS,San Antonio Spurs,0021500481,2015-12-30,SAS vs. PHX,W,15,2,6,0.333,0,0,,3,4,0.75,2,10,12,0,1,1,1,2,7,16,26.4,1,2015-16
22015,203526,Raul Neto,1610612762,UTA,Utah Jazz,0021500479,2015-12-30,UTA @ MIN,L,11,1,6,0.167,0,4,0.0,0,0,,1,0,1,2,0,0,3,2,2,-12,3.2,1,2015-16
22015,1626168,Trey Lyles,1610612762,UTA,Utah Jazz,0021500479,2015-12-30,UTA @ MIN,L,18,3,5,0.6,2,2,1.0,0,0,,0,4,4,0,0,0,0,2,8,-3,12.8,1,2015-16
22015,203490,Otto Porter Jr.,1610612764,WAS,Washington Wizards,0021500477,2015-12-30,WAS @ TOR,L,36,8,14,0.571,3,5,0.6,1,2,0.5,1,8,9,2,0,0,2,3,20,-4,31.8,1,2015-16
22015,1626162,Kelly Oubre Jr.,1610612764,WAS,Washington Wizards,0021500477,2015-12-30,WAS @ TOR,L,14,1,3,0.333,0,1,0.0,0,0,,0,0,0,1,0,0,2,3,2,-1,1.5,1,2015-16
22015,101107,Marvin Williams,1610612766,CHA,Charlotte Hornets,0021500474,2015-12-30,CHA vs. LAC,L,24,2,8,0.25,1,4,0.25,0,0,,1,4,5,0,0,2,1,1,5,-1,16.0,1,2015-16
22015,203584,Troy Daniels,1610612766,CHA,Charlotte Hornets,0021500474,2015-12-30,CHA vs. LAC,L,2,0,1,0.0,0,1,0.0,0,0,,0,0,0,0,0,0,0,0,0,-5,0.0,1,2015-16
22015,101161,Amir Johnson,1610612738,BOS,Boston Celtics,0021500476,2015-12-30,BOS vs. LAL,L,18,0,1,0.0,0,0,,0,0,,0,5,5,0,0,0,1,0,0,-17,5.0,1,2015-16
22015,201973,Jonas Jerebko,1610612738,BOS,Boston Celtics,0021500476,2015-12-30,BOS vs. LAL,L,10,1,3,0.333,0,0,,1,2,0.5,1,3,4,0,0,0,0,4,3,1,7.8,1,2015-16
22015,202738,Isaiah Thomas,1610612738,BOS,Boston Celtics,0021500476,2015-12-30,BOS vs. LAL,L,35,7,13,0.538,1,3,0.333,9,9,1.0,0,3,3,7,0,0,4,3,24,1,34.1,1,2015-16
22015,203096,Jared Sullinger,1610612738,BOS,Boston Celtics,0021500476,2015-12-30,BOS vs. LAL,L,24,3,6,0.5,1,2,0.5,0,2,0.0,1,7,8,2,0,1,1,1,7,-7,21.6,1,2015-16
22015,203935,Marcus Smart,1610612738,BOS,Boston Celtics,0021500476,2015-12-30,BOS vs. LAL,L,11,2,6,0.333,0,2,0.0,0,0,,1,1,2,1,1,1,0,0,4,5,13.9,1,2015-16
22015,201166,Aaron Brooks,1610612741,CHI,Chicago Bulls,0021500478,2015-12-30,CHI vs. IND,W,41,11,20,0.55,4,7,0.571,3,4,0.75,1,0,1,5,1,0,6,3,29,9,34.7,1,2015-16
22015,202710,Jimmy Butler III,1610612741,CHI,Chicago Bulls,0021500478,2015-12-30,CHI vs. IND,W,44,8,16,0.5,1,3,0.333,11,13,0.846,0,4,4,4,2,1,2,3,28,-2,45.8,1,2015-16
22015,1717,Dirk Nowitzki,1610612742,DAL,Dallas Mavericks,0021500480,2015-12-30,DAL vs. GSW,W,28,6,15,0.4,2,4,0.5,4,4,1.0,0,8,8,2,1,1,2,2,18,24,34.6,1,2015-16
22015,101111,Charlie Villanueva,1610612742,DAL,Dallas Mavericks,0021500480,2015-12-30,DAL vs. GSW,W,12,2,7,0.286,1,3,0.333,0,0,,0,4,4,0,1,2,0,2,5,2,18.8,1,2015-16
22015,1626147,Justin Anderson,1610612742,DAL,Dallas Mavericks,0021500480,2015-12-30,DAL vs. GSW,W,5,0,1,0.0,0,0,,1,2,0.5,0,0,0,0,0,1,1,1,1,-1,3.0,1,2015-16
22015,2034,Mike Miller,1610612743,DEN,Denver Nuggets,0021500482,2015-12-30,DEN @ POR,L,12,0,0,,0,0,,0,0,,0,2,2,0,1,0,0,2,0,8,5.4,1,2015-16
22015,202702,Kenneth Faried,1610612743,DEN,Denver Nuggets,0021500482,2015-12-30,DEN @ POR,L,30,4,12,0.333,0,0,,0,0,,3,9,12,2,0,2,4,3,8,-2,27.4,1,2015-16
22015,101106,Andrew Bogut,1610612744,GSW,Golden State Warriors,0021500480,2015-12-30,GSW @ DAL,L,24,4,4,1.0,0,0,,1,1,1.0,2,8,10,1,1,0,1,3,9,-13,24.5,1,2015-16
22015,201575,Brandon Rush,1610612744,GSW,Golden State Warriors,0021500480,2015-12-30,GSW @ DAL,L,35,1,7,0.143,1,6,0.167,0,0,,0,6,6,3,1,0,1,1,3,-26,16.7,1,2015-16
22015,1718,Paul Pierce,1610612746,LAC,LA Clippers,0021500474,2015-12-30,LAC @ CHA,W,21,4,9,0.444,3,7,0.429,2,2,1.0,0,5,5,2,1,1,0,3,13,5,28.0,1,2015-16
22015,202325,Wesley Johnson,1610612746,LAC,LA Clippers,0021500474,2015-12-30,LAC @ CHA,W,21,1,4,0.25,0,3,0.0,0,2,0.0,1,0,1,2,2,1,0,4,2,-2,15.2,1,2015-16
22015,202332,Cole Aldrich,1610612746,LAC,LA Clippers,0021500474,2015-12-30,LAC @ CHA,W,14,3,6,0.5,0,0,,1,1,1.0,0,3,3,2,2,2,1,4,7,-1,24.6,1,2015-16
22015,203944,Julius Randle,1610612747,LAL,Los Angeles Lakers,0021500476,2015-12-30,LAL @ BOS,W,27,6,16,0.375,1,1,1.0,2,4,0.5,3,9,12,4,0,0,1,3,15,-1,34.4,1,2015-16
22015,708,Kevin Garnett,1610612750,MIN,Minnesota Timberwolves,0021500479,2015-12-30,MIN vs. UTA,W,18,4,5,0.8,0,0,,0,0,,0,6,6,0,0,0,0,4,8,12,15.2,1,2015-16
22015,203498,Shabazz Muhammad,1610612750,MIN,Minnesota Timberwolves,0021500479,2015-12-30,MIN vs. UTA,W,19,2,5,0.4,1,2,0.5,0,0,,0,2,2,0,0,0,0,1,5,3,7.4,1,2015-16
22015,200745,Andrea Bargnani,1610612751,BKN,Brooklyn Nets,0021500475,2015-12-30,BKN @ ORL,L,14,1,4,0.25,0,0,,0,0,,0,0,0,0,1,0,0,0,2,-1,5.0,1,2015-16
22015,201152,Thaddeus Young,1610612751,BKN,Brooklyn Nets,0021500475,2015-12-30,BKN @ ORL,L,27,5,7,0.714,0,0,,6,6,1.0,2,2,4,3,1,0,1,2,16,-10,27.3,1,2015-16
22015,203499,Shane Larkin,1610612751,BKN,Brooklyn Nets,0021500475,2015-12-30,BKN @ ORL,L,24,0,3,0.0,0,0,,0,0,,0,2,2,5,2,0,2,2,0,-1,13.9,1,2015-16
22015,203932,Aaron Gordon,1610612753,ORL,Orlando Magic,0021500475,2015-12-30,ORL vs. BKN,W,26,3,5,0.6,1,1,1.0,3,4,0.75,3,4,7,0,1,2,0,2,10,8,27.4,1,2015-16
22015,101133,Ian Mahinmi,1610612754,IND,Indiana Pacers,0021500478,2015-12-30,IND @ CHI,L,26,3,5,0.6,0,0,,1,1,1.0,3,4,7,1,1,1,1,2,7,7,21.9,1,2015-16
22015,201978,Chase Budinger,1610612754,IND,Indiana Pacers,0021500478,2015-12-30,IND @ CHI,L,11,0,4,0.0,0,0,,2,2,1.0,0,3,3,0,0,0,0,2,2,-7,5.6,1,2015-16
22015,202331,Paul George,1610612754,IND,Indiana Pacers,0021500478,2015-12-30,IND @ CHI,L,42,7,20,0.35,3,9,0.333,2,3,0.667,1,4,5,4,4,0,5,3,19,5,38.0,1,2015-16
22015,202397,Ish Smith,1610612755,PHI,Philadelphia 76ers,0021500483,2015-12-30,PHI @ SAC,W,33,7,14,0.5,0,2,0.0,4,6,0.667,1,2,3,9,2,2,1,1,18,14,46.1,1,2015-16
22015,203496,Robert Covington,1610612755,PHI,Philadelphia 76ers,0021500483,2015-12-30,PHI @ SAC,W,25,2,4,0.5,2,3,0.667,3,5,0.6,0,5,5,1,0,0,0,4,9,-9,16.5,1,2015-16
22015,1626158,Richaun Holmes,1610612755,PHI,Philadelphia 76ers,0021500483,2015-12-30,PHI @ SAC,W,5,1,1,1.0,0,0,,0,0,,2,0,2,0,0,0,0,0,2,-3,4.4,1,2015-16
22015,2199,Tyson Chandler,1610612756,PHX,Phoenix Suns,0021500481,2015-12-30,PHX @ SAS,L,26,5,6,0.833,0,0,,1,3,0.333,3,7,10,1,0,2,1,1,11,-18,29.5,1,2015-16
22015,200782,P.J. Tucker,1610612756,PHX,Phoenix Suns,0021500481,2015-12-30,PHX @ SAS,L,25,1,2,0.5,1,2,0.5,2,2,1.0,0,2,2,4,1,0,0,1,5,-7,16.4,1,2015-16
22015,201603,Sonny Weems,1610612756,PHX,Phoenix Suns,0021500481,2015-12-30,PHX @ SAS,L,14,0,3,0.0,0,2,0.0,0,0,,0,2,2,0,0,0,1,1,0,-17,1.4,1,2015-16
22015,203462,Archie Goodwin,1610612756,PHX,Phoenix Suns,0021500481,2015-12-30,PHX @ SAS,L,17,2,8,0.25,0,0,,4,4,1.0,1,0,1,1,0,0,0,0,8,-8,10.7,1,2015-16
22015,203928,Cory Jefferson,1610612756,PHX,Phoenix Suns,0021500481,2015-12-30,PHX @ SAS,L,8,2,4,0.5,0,1,0.0,0,0,,1,3,4,0,0,0,0,2,4,-2,8.8,1,2015-16
22015,202329,Al-Farouq Aminu,1610612757,POR,Portland Trail Blazers,0021500482,2015-12-30,POR vs. DEN,W,33,6,14,0.429,0,5,0.0,2,2,1.0,0,9,9,4,0,0,0,2,14,5,30.8,1,2015-16
22015,203468,CJ McCollum,1610612757,POR,Portland Trail Blazers,0021500482,2015-12-30,POR vs. DEN,W,36,12,19,0.632,3,6,0.5,2,3,0.667,0,3,3,4,1,0,3,2,29,5,38.6,1,2015-16
22015,203486,Mason Plumlee,1610612757,POR,Portland Trail Blazers,0021500482,2015-12-30,POR vs. DEN,W,28,4,7,0.571,0,0,,5,6,0.833,3,4,7,4,1,3,2,2,13,8,37.4,1,2015-16
22015,201158,Marco Belinelli,1610612758,SAC,Sacramento Kings,0021500483,2015-12-30,SAC vs. PHI,L,30,11,17,0.647,3,6,0.5,3,5,0.6,0,1,1,1,1,0,1,1,28,-2,32.7,1,2015-16
22015,1938,Manu Ginobili,1610612759,SAS,San Antonio Spurs,0021500481,2015-12-30,SAS vs. PHX,W,18,2,5,0.4,0,0,,1,2,0.5,0,1,1,3,3,0,1,0,5,17,18.7,1,2015-16
22015,203937,Kyle Anderson,1610612759,SAS,San Antonio Spurs,0021500481,2015-12-30,SAS vs. PHX,W,9,3,3,1.0,0,0,,1,1,1.0,0,1,1,0,0,1,0,1,7,7,11.2,1,2015-16
22015,200768,Kyle Lowry,1610612761,TOR,Toronto Raptors,0021500477,2015-12-30,TOR vs. WAS,W,35,2,12,0.167,2,8,0.25,5,5,1.0,0,3,3,6,2,0,6,2,11,0,23.6,1,2015-16
22015,201942,DeMar DeRozan,1610612761,TOR,Toronto Raptors,0021500477,2015-12-30,TOR vs. WAS,W,37,9,24,0.375,1,3,0.333,15,15,1.0,2,4,6,5,2,2,3,2,34,1,57.7,1,2015-16
22015,202685,Jonas Valančiūnas,1610612761,TOR,Toronto Raptors,0021500477,2015-12-30,TOR vs. WAS,W,21,4,7,0.571,0,0,,0,0,,5,4,9,1,0,1,0,3,8,0,23.3,1,2015-16
22015,202687,Bismack Biyombo,1610612761,TOR,Toronto Raptors,0021500477,2015-12-30,TOR vs. WAS,W,27,3,3,1.0,0,0,,6,9,0.667,5,7,12,0,0,2,1,2,12,3,31.4,1,2015-16
22015,202709,Cory Joseph,1610612761,TOR,Toronto Raptors,0021500477,2015-12-30,TOR vs. WAS,W,24,1,5,0.2,0,0,,2,3,0.667,0,3,3,1,1,0,2,2,4,2,10.1,1,2015-16
22015,204067,Jarell Eddie,1610612764,WAS,Washington Wizards,0021500477,2015-12-30,WAS @ TOR,L,6,0,2,0.0,0,1,0.0,0,0,,0,2,2,0,0,0,0,2,0,-3,2.4,1,2015-16
22015,203148,Brian Roberts,1610612766,CHA,Charlotte Hornets,0021500474,2015-12-30,CHA vs. LAC,L,18,2,5,0.4,0,3,0.0,0,0,,0,0,0,2,2,0,1,3,4,-3,12.0,1,2015-16
22015,2550,Kirk Hinrich,1610612741,CHI,Chicago Bulls,0021500478,2015-12-30,CHI vs. IND,W,13,1,3,0.333,1,2,0.5,0,0,,0,0,0,0,0,1,2,1,3,-9,4.0,1,2015-16
22015,202379,Jeremy Evans,1610612742,DAL,Dallas Mavericks,0021500480,2015-12-30,DAL vs. GSW,W,5,0,1,0.0,0,1,0.0,3,4,0.75,0,2,2,0,0,0,0,0,3,-2,5.4,1,2015-16
22015,101108,Chris Paul,1610612746,LAC,LA Clippers,0021500474,2015-12-30,LAC @ CHA,W,30,4,13,0.308,0,3,0.0,11,12,0.917,3,2,5,11,1,1,5,2,19,-4,42.5,1,2015-16
22015,101150,Lou Williams,1610612747,LAL,Los Angeles Lakers,0021500476,2015-12-30,LAL @ BOS,W,35,7,9,0.778,1,2,0.5,4,4,1.0,1,3,4,2,2,0,1,1,19,10,31.8,1,2015-16
22015,201961,Wayne Ellington,1610612751,BKN,Brooklyn Nets,0021500475,2015-12-30,BKN @ ORL,L,17,3,6,0.5,1,4,0.25,2,2,1.0,0,1,1,0,0,0,2,1,9,-5,8.2,1,2015-16
22015,202696,Nikola Vučević,1610612753,ORL,Orlando Magic,0021500475,2015-12-30,ORL vs. BKN,W,35,9,18,0.5,0,0,,2,2,1.0,5,4,9,3,0,0,2,4,20,17,33.3,1,2015-16
22015,202693,Markieff Morris,1610612756,PHX,Phoenix Suns,0021500481,2015-12-30,PHX @ SAS,L,20,2,4,0.5,0,1,0.0,0,2,0.0,0,3,3,5,0,0,3,4,4,-16,12.1,1,2015-16
22015,200746,LaMarcus Aldridge,1610612759,SAS,San Antonio Spurs,0021500481,2015-12-30,SAS vs. PHX,W,29,8,12,0.667,0,1,0.0,5,10,0.5,2,10,12,2,0,1,2,2,21,17,39.4,1,2015-16
22015,203187,Chris Johnson,1610612762,UTA,Utah Jazz,0021500479,2015-12-30,UTA @ MIN,L,17,1,5,0.2,1,5,0.2,0,0,,0,1,1,0,1,0,1,0,3,-7,6.2,1,2015-16
22015,203481,Jeff Withey,1610612762,UTA,Utah Jazz,0021500479,2015-12-30,UTA @ MIN,L,29,5,10,0.5,0,0,,3,5,0.6,3,6,9,1,1,2,1,5,13,-11,33.3,1,2015-16
22015,202066,Garrett Temple,1610612764,WAS,Washington Wizards,0021500477,2015-12-30,WAS @ TOR,L,32,1,6,0.167,1,1,1.0,1,2,0.5,1,3,4,2,0,0,1,6,4,6,10.8,1,2015-16
22015,202322,John Wall,1610612764,WAS,Washington Wizards,0021500477,2015-12-30,WAS @ TOR,L,41,8,23,0.348,0,6,0.0,3,4,0.75,0,7,7,11,5,1,2,3,19,-4,59.9,1,2015-16
22015,201582,Alexis Ajinca,1610612740,NOP,New Orleans Pelicans,0021500487,2015-12-31,NOP vs. LAC,L,3,2,3,0.667,0,0,,0,0,,0,0,0,0,0,0,0,1,4,-1,4.0,1,2015-16
22015,201936,Tyreke Evans,1610612740,NOP,New Orleans Pelicans,0021500487,2015-12-31,NOP vs. LAC,L,34,5,13,0.385,1,7,0.143,3,5,0.6,0,6,6,9,3,0,4,4,14,-6,39.7,1,2015-16
22015,201950,Jrue Holiday,1610612740,NOP,New Orleans Pelicans,0021500487,2015-12-31,NOP vs. LAC,L,28,4,8,0.5,1,2,0.5,2,2,1.0,1,1,2,6,1,0,5,5,11,-1,20.4,1,2015-16
22015,203076,Anthony Davis,1610612740,NOP,New Orleans Pelicans,0021500487,2015-12-31,NOP vs. LAC,L,38,7,17,0.412,0,2,0.0,0,2,0.0,2,13,15,1,0,2,1,3,14,-10,38.5,1,2015-16
22015,2738,Andre Iguodala,1610612744,GSW,Golden State Warriors,0021500485,2015-12-31,GSW @ HOU,W,33,6,7,0.857,2,3,0.667,6,7,0.857,3,0,3,4,1,1,2,2,20,14,33.6,1,2015-16
22015,201575,Brandon Rush,1610612744,GSW,Golden State Warriors,0021500485,2015-12-31,GSW @ HOU,W,14,1,6,0.167,0,3,0.0,0,0,,0,1,1,0,1,0,0,0,2,-15,6.2,1,2015-16
22015,2730,Dwight Howard,1610612745,HOU,Houston Rockets,0021500485,2015-12-31,HOU vs. GSW,L,35,8,9,0.889,0,0,,5,6,0.833,2,11,13,5,2,3,3,4,21,7,56.1,1,2015-16
22015,2772,Trevor Ariza,1610612745,HOU,Houston Rockets,0021500485,2015-12-31,HOU vs. GSW,L,37,3,9,0.333,3,8,0.375,2,2,1.0,0,3,3,2,0,0,2,1,11,6,15.6,1,2015-16
22015,202700,Donatas Motiejunas,1610612745,HOU,Houston Rockets,0021500485,2015-12-31,HOU vs. GSW,L,6,1,2,0.5,0,1,0.0,0,0,,0,0,0,0,0,0,0,1,2,1,2.0,1,2015-16
22015,202332,Cole Aldrich,1610612746,LAC,LA Clippers,0021500487,2015-12-31,LAC @ NOP,W,11,2,3,0.667,0,0,,0,0,,1,3,4,1,1,0,1,2,4,-6,12.3,1,2015-16
22015,201573,Jerryd Bayless,1610612749,MIL,Milwaukee Bucks,0021500484,2015-12-31,MIL @ IND,W,25,5,8,0.625,2,4,0.5,2,2,1.0,1,1,2,1,0,0,3,4,14,-12,14.9,1,2015-16
22015,203507,Giannis Antetokounmpo,1610612749,MIL,Milwaukee Bucks,0021500484,2015-12-31,MIL @ IND,W,37,4,11,0.364,0,2,0.0,6,10,0.6,0,6,6,0,3,4,2,2,14,-5,40.2,1,2015-16
22015,203498,Shabazz Muhammad,1610612750,MIN,Minnesota Timberwolves,0021500486,2015-12-31,MIN @ DET,L,23,5,7,0.714,1,2,0.5,4,6,0.667,1,2,3,1,1,0,0,2,15,-4,23.1,1,2015-16
22015,203897,Zach LaVine,1610612750,MIN,Minnesota Timberwolves,0021500486,2015-12-31,MIN @ DET,L,25,1,8,0.125,0,1,0.0,2,4,0.5,0,4,4,2,0,0,2,5,4,-22,9.8,1,2015-16
22015,201978,Chase Budinger,1610612754,IND,Indiana Pacers,0021500484,2015-12-31,IND vs. MIL,L,14,1,2,0.5,0,1,0.0,0,0,,0,2,2,2,2,0,0,2,2,3,13.4,1,2015-16
22015,202730,Lavoy Allen,1610612754,IND,Indiana Pacers,0021500484,2015-12-31,IND vs. MIL,L,26,7,8,0.875,0,0,,0,0,,1,3,4,3,1,1,1,2,14,-13,28.3,1,2015-16
22015,203468,CJ McCollum,1610612757,POR,Portland Trail Blazers,0021500489,2015-12-31,POR @ UTA,L,40,13,26,0.5,6,11,0.545,0,2,0.0,0,7,7,6,0,0,1,3,32,-9,48.4,1,2015-16
22015,201202,Joel Anthony,1610612765,DET,Detroit Pistons,0021500486,2015-12-31,DET vs. MIN,W,3,0,0,,0,0,,0,0,,0,0,0,0,0,1,0,1,0,0,3.0,1,2015-16
22015,201229,Anthony Tolliver,1610612765,DET,Detroit Pistons,0021500486,2015-12-31,DET vs. MIN,W,16,5,7,0.714,5,7,0.714,0,0,,0,5,5,1,1,0,0,0,15,26,25.5,1,2015-16
22015,1626199,Darrun Hilliard,1610612765,DET,Detroit Pistons,0021500486,2015-12-31,DET vs. MIN,W,3,0,1,0.0,0,0,,4,4,1.0,0,0,0,0,1,0,0,0,4,0,7.0,1,2015-16
22015,201935,James Harden,1610612745,HOU,Houston Rockets,0021500485,2015-12-31,HOU vs. GSW,L,34,8,19,0.421,5,10,0.5,9,9,1.0,0,5,5,5,3,0,3,5,30,11,49.5,1,2015-16
22015,201976,Patrick Beverley,1610612745,HOU,Houston Rockets,0021500485,2015-12-31,HOU vs. GSW,L,30,5,10,0.5,1,1,1.0,4,4,1.0,0,4,4,4,1,0,2,1,15,13,26.8,1,2015-16
22015,201977,Marcus Thornton,1610612745,HOU,Houston Rockets,0021500485,2015-12-31,HOU vs. GSW,L,26,4,12,0.333,2,6,0.333,0,0,,0,0,0,0,0,0,2,4,10,-4,8.0,1,2015-16
22015,203093,Terrence Jones,1610612745,HOU,Houston Rockets,0021500485,2015-12-31,HOU vs. GSW,L,15,1,6,0.167,0,2,0.0,0,0,,1,1,2,0,1,1,0,3,2,-24,10.4,1,2015-16
22015,202325,Wesley Johnson,1610612746,LAC,LA Clippers,0021500487,2015-12-31,LAC @ NOP,W,27,3,10,0.3,1,7,0.143,0,0,,0,3,3,2,1,0,0,2,7,3,16.6,1,2015-16
22015,203143,Pablo Prigioni,1610612746,LAC,LA Clippers,0021500487,2015-12-31,LAC @ NOP,W,15,2,4,0.5,1,2,0.5,0,0,,1,0,1,2,1,0,2,1,5,-7,10.2,1,2015-16
22015,201564,O.J. Mayo,1610612749,MIL,Milwaukee Bucks,0021500484,2015-12-31,MIL @ IND,W,23,1,5,0.2,0,2,0.0,5,5,1.0,1,3,4,3,1,0,1,4,7,1,18.3,1,2015-16
22015,1626173,Rashad Vaughn,1610612749,MIL,Milwaukee Bucks,0021500484,2015-12-31,MIL @ IND,W,7,0,0,,0,0,,0,0,,0,1,1,0,0,0,1,1,0,-3,0.2,1,2015-16
22015,203952,Andrew Wiggins,1610612750,MIN,Minnesota Timberwolves,0021500486,2015-12-31,MIN @ DET,L,35,8,19,0.421,1,3,0.333,4,4,1.0,0,3,3,1,3,0,2,2,21,-25,33.1,1,2015-16
22015,204014,Damjan Rudez,1610612750,MIN,Minnesota Timberwolves,0021500486,2015-12-31,MIN @ DET,L,9,1,5,0.2,1,3,0.333,0,0,,0,0,0,1,0,0,1,3,3,-8,3.5,1,2015-16
22015,101139,CJ Miles,1610612754,IND,Indiana Pacers,0021500484,2015-12-31,IND vs. MIL,L,30,7,16,0.438,5,10,0.5,0,0,,0,5,5,1,1,0,3,2,19,-8,26.5,1,2015-16
22015,202331,Paul George,1610612754,IND,Indiana Pacers,0021500484,2015-12-31,IND vs. MIL,L,34,8,13,0.615,5,9,0.556,10,11,0.909,2,4,6,5,2,0,4,6,31,-7,47.7,1,2015-16
22015,203524,Solomon Hill,1610612754,IND,Indiana Pacers,0021500484,2015-12-31,IND vs. MIL,L,18,1,4,0.25,0,0,,2,2,1.0,0,1,1,0,1,1,0,1,4,19,11.2,1,2015-16
22015,1626164,Devin Booker,1610612756,PHX,Phoenix Suns,0021500488,2015-12-31,PHX @ OKC,L,39,4,11,0.364,0,1,0.0,4,4,1.0,1,2,3,5,0,0,5,3,12,-1,18.1,1,2015-16
22015,202329,Al-Farouq Aminu,1610612757,POR,Portland Trail Blazers,0021500489,2015-12-31,POR @ UTA,L,26,2,7,0.286,1,4,0.25,0,0,,1,5,6,1,0,0,1,1,5,-12,12.7,1,2015-16
22015,202334,Ed Davis,1610612757,POR,Portland Trail Blazers,0021500489,2015-12-31,POR @ UTA,L,10,1,2,0.5,0,0,,1,1,1.0,0,1,1,0,0,0,1,1,3,-10,3.2,1,2015-16
22015,203086,Meyers Leonard,1610612757,POR,Portland Trail Blazers,0021500489,2015-12-31,POR @ UTA,L,33,6,8,0.75,5,6,0.833,0,0,,1,2,3,2,0,0,2,1,17,2,21.6,1,2015-16
22015,203459,Allen Crabbe,1610612757,POR,Portland Trail Blazers,0021500489,2015-12-31,POR @ UTA,L,33,5,11,0.455,3,6,0.5,2,3,0.667,0,3,3,2,0,0,1,4,15,-15,20.6,1,2015-16
22015,1626192,Pat Connaughton,1610612757,POR,Portland Trail Blazers,0021500489,2015-12-31,POR @ UTA,L,3,1,2,0.5,1,2,0.5,0,0,,0,0,0,0,0,0,0,0,3,5,3.0,1,2015-16
22015,201566,Russell Westbrook,1610612760,OKC,Oklahoma City Thunder,0021500488,2015-12-31,OKC vs. PHX,W,34,12,19,0.632,1,3,0.333,11,11,1.0,0,1,1,12,5,1,2,1,36,11,71.2,1,2015-16
22015,203079,Dion Waiters,1610612760,OKC,Oklahoma City Thunder,0021500488,2015-12-31,OKC vs. PHX,W,28,3,6,0.5,0,2,0.0,0,0,,1,5,6,3,2,1,3,4,6,0,23.7,1,2015-16
22015,203187,Chris Johnson,1610612762,UTA,Utah Jazz,0021500489,2015-12-31,UTA vs. POR,W,15,3,4,0.75,0,1,0.0,1,1,1.0,0,2,2,1,1,0,1,2,7,-15,12.9,1,2015-16
22015,204060,Joe Ingles,1610612762,UTA,Utah Jazz,0021500489,2015-12-31,UTA vs. POR,W,17,3,4,0.75,3,4,0.75,0,0,,2,1,3,0,0,0,0,3,9,10,12.6,1,2015-16
22015,1626168,Trey Lyles,1610612762,UTA,Utah Jazz,0021500489,2015-12-31,UTA vs. POR,W,32,2,7,0.286,1,2,0.5,0,0,,2,6,8,4,1,0,1,3,5,13,22.6,1,2015-16
22015,203493,Reggie Bullock Jr.,1610612765,DET,Detroit Pistons,0021500486,2015-12-31,DET vs. MIN,W,3,0,0,,0,0,,0,0,,0,0,0,0,0,0,0,0,0,-2,0.0,1,2015-16
22015,201600,Omer Asik,1610612740,NOP,New Orleans Pelicans,0021500487,2015-12-31,NOP vs. LAC,L,21,2,2,1.0,0,0,,0,0,,1,7,8,0,0,0,1,1,4,7,12.6,1,2015-16
22015,202708,Norris Cole,1610612740,NOP,New Orleans Pelicans,0021500487,2015-12-31,NOP vs. LAC,L,34,6,13,0.462,2,4,0.5,1,2,0.5,1,4,5,4,1,0,2,1,15,-6,28.0,1,2015-16
22015,2037,Jamal Crawford,1610612746,LAC,LA Clippers,0021500487,2015-12-31,LAC @ NOP,W,22,5,12,0.417,1,5,0.2,4,5,0.8,0,1,1,3,0,0,1,1,15,5,19.7,1,2015-16
22015,101108,Chris Paul,1610612746,LAC,LA Clippers,0021500487,2015-12-31,LAC @ NOP,W,33,3,18,0.167,0,4,0.0,3,4,0.75,1,4,5,12,2,0,3,0,9,13,36.0,1,2015-16
22015,200755,JJ Redick,1610612746,LAC,LA Clippers,0021500487,2015-12-31,LAC @ NOP,W,29,9,15,0.6,4,7,0.571,4,4,1.0,0,2,2,0,1,0,1,2,26,12,30.4,1,2015-16
22015,203085,Austin Rivers,1610612746,LAC,LA Clippers,0021500487,2015-12-31,LAC @ NOP,W,21,3,9,0.333,2,5,0.4,1,1,1.0,0,1,1,1,0,0,1,0,9,-9,10.7,1,2015-16
22015,203089,John Henson,1610612749,MIL,Milwaukee Bucks,0021500484,2015-12-31,MIL @ IND,W,14,2,4,0.5,0,0,,0,2,0.0,1,2,3,1,1,1,2,2,4,11,13.1,1,2015-16
22015,203114,Khris Middleton,1610612749,MIL,Milwaukee Bucks,0021500484,2015-12-31,MIL @ IND,W,37,12,18,0.667,4,6,0.667,5,6,0.833,1,4,5,4,2,1,2,5,33,5,52.0,1,2015-16
22015,203487,Michael Carter-Williams,1610612749,MIL,Milwaukee Bucks,0021500484,2015-12-31,MIL @ IND,W,38,4,9,0.444,0,0,,3,6,0.5,1,6,7,8,3,3,4,3,11,13,45.4,1,2015-16
22015,203953,Jabari Parker,1610612749,MIL,Milwaukee Bucks,0021500484,2015-12-31,MIL @ IND,W,30,7,10,0.7,0,0,,0,0,,1,2,3,1,1,0,0,2,14,5,22.1,1,2015-16
22015,101145,Monta Ellis,1610612754,IND,Indiana Pacers,0021500484,2015-12-31,IND vs. MIL,L,33,5,9,0.556,0,3,0.0,3,4,0.75,0,0,0,7,1,2,8,5,13,-5,24.5,1,2015-16
22015,201155,Rodney Stuckey,1610612754,IND,Indiana Pacers,0021500484,2015-12-31,IND vs. MIL,L,25,3,9,0.333,0,1,0.0,2,3,0.667,0,1,1,4,1,0,0,1,8,-1,18.2,1,2015-16
22015,201588,George Hill,1610612754,IND,Indiana Pacers,0021500484,2015-12-31,IND vs. MIL,L,38,6,14,0.429,3,6,0.5,0,0,,2,4,6,3,0,1,2,3,15,-2,27.7,1,2015-16
22015,1626167,Myles Turner,1610612754,IND,Indiana Pacers,0021500484,2015-12-31,IND vs. MIL,L,17,2,6,0.333,0,0,,4,6,0.667,2,7,9,0,0,0,1,2,8,-3,17.8,1,2015-16
22015,200782,P.J. Tucker,1610612756,PHX,Phoenix Suns,0021500488,2015-12-31,PHX @ OKC,L,42,10,14,0.714,2,4,0.5,0,0,,2,5,7,3,3,0,1,4,22,4,42.9,1,2015-16
22015,201945,Gerald Henderson,1610612757,POR,Portland Trail Blazers,0021500489,2015-12-31,POR @ UTA,L,8,1,2,0.5,0,0,,0,0,,0,1,1,0,0,0,1,1,2,-4,2.2,1,2015-16
22015,204025,Tim Frazier,1610612757,POR,Portland Trail Blazers,0021500489,2015-12-31,POR @ UTA,L,23,0,3,0.0,0,1,0.0,0,0,,1,0,1,3,0,0,1,3,0,2,4.7,1,2015-16
22015,203460,Andre Roberson,1610612760,OKC,Oklahoma City Thunder,0021500488,2015-12-31,OKC vs. PHX,W,25,2,3,0.667,1,2,0.5,0,0,,1,3,4,1,3,0,1,3,5,12,19.3,1,2015-16
22015,203500,Steven Adams,1610612760,OKC,Oklahoma City Thunder,0021500488,2015-12-31,OKC vs. PHX,W,25,2,4,0.5,0,0,,2,2,1.0,3,5,8,1,1,0,2,2,6,0,18.1,1,2015-16
22015,203481,Jeff Withey,1610612762,UTA,Utah Jazz,0021500489,2015-12-31,UTA vs. POR,W,35,4,7,0.571,0,0,,2,3,0.667,2,1,3,1,1,4,1,3,10,19,29.1,1,2015-16
22015,203504,Trey Burke,1610612762,UTA,Utah Jazz,0021500489,2015-12-31,UTA vs. POR,W,29,12,19,0.632,2,5,0.4,1,2,0.5,0,1,1,3,1,0,0,0,27,12,35.7,1,2015-16
22015,201943,Brandon Jennings,1610612765,DET,Detroit Pistons,0021500486,2015-12-31,DET vs. MIN,W,21,3,9,0.333,1,6,0.167,0,1,0.0,0,6,6,3,0,0,3,1,7,4,15.7,1,2015-16
22015,202694,Marcus Morris Sr.,1610612765,DET,Detroit Pistons,0021500486,2015-12-31,DET vs. MIN,W,34,1,5,0.2,0,3,0.0,6,6,1.0,0,2,2,3,1,0,4,1,8,17,13.9,1,2015-16
22015,203382,Aron Baynes,1610612765,DET,Detroit Pistons,0021500486,2015-12-31,DET vs. MIN,W,14,1,4,0.25,0,0,,0,0,,2,3,5,0,0,0,1,3,2,9,7.0,1,2015-16
22015,201583,Ryan Anderson,1610612740,NOP,New Orleans Pelicans,0021500487,2015-12-31,NOP vs. LAC,L,29,7,11,0.636,1,3,0.333,2,2,1.0,0,4,4,0,0,0,0,1,17,4,21.8,1,2015-16
22015,201967,Dante Cunningham,1610612740,NOP,New Orleans Pelicans,0021500487,2015-12-31,NOP vs. LAC,L,4,0,2,0.0,0,2,0.0,0,0,,0,0,0,0,0,0,0,0,0,-4,0.0,1,2015-16
22015,202087,Alonzo Gee,1610612740,NOP,New Orleans Pelicans,0021500487,2015-12-31,NOP vs. LAC,L,14,0,2,0.0,0,0,,0,0,,0,0,0,1,0,0,0,2,0,-5,1.5,1,2015-16
22015,202691,Klay Thompson,1610612744,GSW,Golden State Warriors,0021500485,2015-12-31,GSW @ HOU,W,40,16,27,0.593,6,11,0.545,0,3,0.0,2,5,7,0,0,1,4,5,38,10,45.4,1,2015-16
22015,203546,Ian Clark,1610612744,GSW,Golden State Warriors,0021500485,2015-12-31,GSW @ HOU,W,26,4,9,0.444,2,4,0.5,2,2,1.0,1,2,3,2,0,0,0,4,12,8,18.6,1,2015-16
22015,203949,James Michael McAdoo,1610612744,GSW,Golden State Warriors,0021500485,2015-12-31,GSW @ HOU,W,9,2,3,0.667,0,0,,3,4,0.75,3,0,3,1,2,0,0,0,7,7,18.1,1,2015-16
22015,201147,Corey Brewer,1610612745,HOU,Houston Rockets,0021500485,2015-12-31,HOU vs. GSW,L,15,2,3,0.667,1,1,1.0,4,4,1.0,0,0,0,1,4,0,1,0,9,-8,21.5,1,2015-16
22015,203991,Clint Capela,1610612745,HOU,Houston Rockets,0021500485,2015-12-31,HOU vs. GSW,L,24,2,4,0.5,0,0,,1,2,0.5,1,5,6,0,0,1,1,3,5,-5,14.2,1,2015-16
22015,1718,Paul Pierce,1610612746,LAC,LA Clippers,0021500487,2015-12-31,LAC @ NOP,W,21,1,6,0.167,1,3,0.333,2,2,1.0,1,5,6,0,0,1,1,1,5,9,14.2,1,2015-16
22015,201599,DeAndre Jordan,1610612746,LAC,LA Clippers,0021500487,2015-12-31,LAC @ NOP,W,36,5,7,0.714,0,0,,1,2,0.5,8,12,20,2,1,3,1,4,11,9,49.0,1,2015-16
22015,203963,Shayne Whittington,1610612754,IND,Indiana Pacers,0021500484,2015-12-31,IND vs. MIL,L,5,1,1,1.0,0,0,,0,0,,0,1,1,2,0,1,0,1,2,-3,9.2,1,2015-16
22015,203458,Alex Len,1610612756,PHX,Phoenix Suns,0021500488,2015-12-31,PHX @ OKC,L,17,0,0,,0,0,,0,0,,0,3,3,1,0,2,1,5,0,-5,10.1,1,2015-16
22015,203486,Mason Plumlee,1610612757,POR,Portland Trail Blazers,0021500489,2015-12-31,POR @ UTA,L,20,1,5,0.2,0,0,,1,2,0.5,4,5,9,2,0,0,2,0,3,-17,14.8,1,2015-16
22015,2555,Nick Collison,1610612760,OKC,Oklahoma City Thunder,0021500488,2015-12-31,OKC vs. PHX,W,7,0,0,,0,0,,0,0,,2,0,2,1,0,0,0,1,0,-8,3.9,1,2015-16
22015,201627,Anthony Morrow,1610612760,OKC,Oklahoma City Thunder,0021500488,2015-12-31,OKC vs. PHX,W,10,2,4,0.5,0,1,0.0,1,2,0.5,0,1,1,0,1,0,0,0,5,-7,9.2,1,2015-16
22015,202683,Enes Freedom,1610612760,OKC,Oklahoma City Thunder,0021500488,2015-12-31,OKC vs. PHX,W,14,2,3,0.667,0,0,,2,4,0.5,2,2,4,1,0,0,1,0,6,-6,11.3,1,2015-16
22015,1626166,Cameron Payne,1610612760,OKC,Oklahoma City Thunder,0021500488,2015-12-31,OKC vs. PHX,W,14,3,7,0.429,1,2,0.5,0,0,,0,0,0,4,0,0,1,1,7,-7,12.0,1,2015-16
22015,202344,Trevor Booker,1610612762,UTA,Utah Jazz,0021500489,2015-12-31,UTA vs. POR,W,26,1,4,0.25,0,0,,1,2,0.5,2,2,4,2,1,0,1,1,3,4,12.8,1,2015-16
22015,203918,Rodney Hood,1610612762,UTA,Utah Jazz,0021500489,2015-12-31,UTA vs. POR,W,29,7,16,0.438,4,7,0.571,0,0,,2,5,7,6,1,1,0,2,18,27,41.4,1,2015-16
22015,101141,Ersan Ilyasova,1610612765,DET,Detroit Pistons,0021500486,2015-12-31,DET vs. MIN,W,29,3,6,0.5,3,3,1.0,1,2,0.5,0,5,5,0,1,2,1,3,10,-1,24.0,1,2015-16
22015,201569,Eric Gordon,1610612740,NOP,New Orleans Pelicans,0021500487,2015-12-31,NOP vs. LAC,L,35,3,11,0.273,2,5,0.4,2,2,1.0,0,2,2,0,1,1,2,4,10,-8,16.4,1,2015-16
22015,2733,Shaun Livingston,1610612744,GSW,Golden State Warriors,0021500485,2015-12-31,GSW @ HOU,W,33,6,12,0.5,0,0,,1,2,0.5,2,2,4,7,2,0,3,2,13,-4,31.3,1,2015-16
22015,101106,Andrew Bogut,1610612744,GSW,Golden State Warriors,0021500485,2015-12-31,GSW @ HOU,W,36,4,9,0.444,0,0,,1,4,0.25,1,10,11,1,0,1,5,5,9,3,21.7,1,2015-16
22015,203110,Draymond Green,1610612744,GSW,Golden State Warriors,0021500485,2015-12-31,GSW @ HOU,W,38,3,7,0.429,1,2,0.5,3,4,0.75,0,11,11,16,2,2,2,1,10,-4,57.2,1,2015-16
22015,201951,Ty Lawson,1610612745,HOU,Houston Rockets,0021500485,2015-12-31,HOU vs. GSW,L,18,2,4,0.5,0,1,0.0,1,2,0.5,0,0,0,4,2,0,1,0,5,-17,16.0,1,2015-16
22015,202328,Greg Monroe,1610612749,MIL,Milwaukee Bucks,0021500484,2015-12-31,MIL @ IND,W,30,10,12,0.833,0,0,,3,4,0.75,0,3,3,0,1,1,1,2,23,5,31.6,1,2015-16
22015,2419,Tayshaun Prince,1610612750,MIN,Minnesota Timberwolves,0021500486,2015-12-31,MIN @ DET,L,25,0,3,0.0,0,0,,0,0,,0,0,0,0,2,0,0,1,0,-10,6.0,1,2015-16
22015,202357,Nemanja Bjelica,1610612750,MIN,Minnesota Timberwolves,0021500486,2015-12-31,MIN @ DET,L,26,2,6,0.333,1,2,0.5,0,0,,1,2,3,0,0,0,0,4,5,-6,8.6,1,2015-16
22015,203476,Gorgui Dieng,1610612750,MIN,Minnesota Timberwolves,0021500486,2015-12-31,MIN @ DET,L,22,3,5,0.6,0,0,,0,0,,1,2,3,2,1,2,2,3,6,2,19.6,1,2015-16
22015,1626157,Karl-Anthony Towns,1610612750,MIN,Minnesota Timberwolves,0021500486,2015-12-31,MIN @ DET,L,35,10,17,0.588,0,1,0.0,2,2,1.0,2,7,9,3,0,1,2,2,22,-29,38.3,1,2015-16
22015,202688,Brandon Knight,1610612756,PHX,Phoenix Suns,0021500488,2015-12-31,PHX @ OKC,L,42,6,20,0.3,0,3,0.0,3,3,1.0,0,2,2,6,2,0,5,5,15,-10,27.4,1,2015-16
22015,203141,Mirza Teletovic,1610612756,PHX,Phoenix Suns,0021500488,2015-12-31,PHX @ OKC,L,23,6,11,0.545,3,7,0.429,0,0,,2,1,3,2,1,1,2,0,15,-5,25.6,1,2015-16
22015,203933,T.J. Warren,1610612756,PHX,Phoenix Suns,0021500488,2015-12-31,PHX @ OKC,L,41,11,17,0.647,3,5,0.6,4,4,1.0,1,8,9,3,4,0,0,3,29,-8,56.3,1,2015-16
22015,203955,Bryce Cotton,1610612756,PHX,Phoenix Suns,0021500488,2015-12-31,PHX @ OKC,L,6,0,0,,0,0,,0,0,,0,0,0,0,0,0,0,0,0,6,0.0,1,2015-16
22015,203090,Maurice Harkless,1610612757,POR,Portland Trail Blazers,0021500489,2015-12-31,POR @ UTA,L,22,3,9,0.333,0,5,0.0,2,2,1.0,1,2,3,1,1,0,0,1,8,-15,16.1,1,2015-16
22015,203943,Noah Vonleh,1610612757,POR,Portland Trail Blazers,0021500489,2015-12-31,POR @ UTA,L,19,1,1,1.0,0,0,,4,4,1.0,0,4,4,2,0,0,0,1,6,3,13.8,1,2015-16
22015,1626242,Luis Montero,1610612757,POR,Portland Trail Blazers,0021500489,2015-12-31,POR @ UTA,L,3,1,2,0.5,0,1,0.0,0,0,,0,1,1,0,0,0,0,0,2,5,3.2,1,2015-16
22015,202713,Kyle Singler,1610612760,OKC,Oklahoma City Thunder,0021500488,2015-12-31,OKC vs. PHX,W,13,3,5,0.6,1,1,1.0,0,0,,2,2,4,2,0,0,0,1,7,-3,14.8,1,2015-16
22015,202330,Gordon Hayward,1610612762,UTA,Utah Jazz,0021500489,2015-12-31,UTA vs. POR,W,33,8,19,0.421,4,12,0.333,3,3,1.0,0,10,10,1,1,0,0,2,23,4,39.5,1,2015-16
22015,202353,Tibor Pleiss,1610612762,UTA,Utah Jazz,0021500489,2015-12-31,UTA vs. POR,W,2,0,1,0.0,0,0,,0,0,,0,0,0,0,0,0,1,1,0,-5,-1.0,1,2015-16
22015,202407,Elijah Millsap,1610612762,UTA,Utah Jazz,0021500489,2015-12-31,UTA vs. POR,W,2,0,0,,0,0,,0,0,,0,0,0,0,0,0,0,0,0,-5,0.0,1,2015-16
22015,203526,Raul Neto,1610612762,UTA,Utah Jazz,0021500489,2015-12-31,UTA vs. POR,W,19,3,5,0.6,1,2,0.5,0,0,,2,2,4,1,0,0,0,1,7,1,13.3,1,2015-16
22015,202704,Reggie Jackson,1610612765,DET,Detroit Pistons,0021500486,2015-12-31,DET vs. MIN,W,27,8,14,0.571,2,4,0.5,1,1,1.0,1,2,3,9,0,0,3,3,19,21,33.1,1,2015-16
22015,203083,Andre Drummond,1610612765,DET,Detroit Pistons,0021500486,2015-12-31,DET vs. MIN,W,31,11,14,0.786,0,0,,1,7,0.143,7,11,18,1,0,0,4,1,23,16,42.1,1,2015-16
22015,203484,Kentavious Caldwell-Pope,1610612765,DET,Detroit Pistons,0021500486,2015-12-31,DET vs. MIN,W,37,7,17,0.412,2,9,0.222,6,7,0.857,1,3,4,3,3,0,0,2,22,29,40.3,1,2015-16
22015,1626169,Stanley Johnson,1610612765,DET,Detroit Pistons,0021500486,2015-12-31,DET vs. MIN,W,22,2,9,0.222,1,3,0.333,0,0,,1,3,4,4,0,0,0,1,5,6,15.8,1,2015-16
22015,201578,Marreese Speights,1610612744,GSW,Golden State Warriors,0021500485,2015-12-31,GSW @ HOU,W,11,1,4,0.25,0,0,,1,1,1.0,0,0,0,4,0,0,2,1,3,1,7.0,1,2015-16
22015,201601,Luc Mbah a Moute,1610612746,LAC,LA Clippers,0021500487,2015-12-31,LAC @ NOP,W,26,2,6,0.333,0,1,0.0,0,1,0.0,1,3,4,1,1,2,1,1,4,1,18.3,1,2015-16
22015,201937,Ricky Rubio,1610612750,MIN,Minnesota Timberwolves,0021500486,2015-12-31,MIN @ DET,L,28,3,11,0.273,0,1,0.0,3,3,1.0,1,5,6,8,2,0,5,1,9,-23,29.2,1,2015-16
22015,1626145,Tyus Jones,1610612750,MIN,Minnesota Timberwolves,0021500486,2015-12-31,MIN @ DET,L,13,2,5,0.4,1,1,1.0,0,0,,0,5,5,4,0,0,1,1,5,0,16.0,1,2015-16
22015,2199,Tyson Chandler,1610612756,PHX,Phoenix Suns,0021500488,2015-12-31,PHX @ OKC,L,31,6,9,0.667,0,0,,1,2,0.5,5,5,10,4,0,0,2,4,13,-1,29.0,1,2015-16
22015,201142,Kevin Durant,1610612760,OKC,Oklahoma City Thunder,0021500488,2015-12-31,OKC vs. PHX,W,40,9,21,0.429,2,8,0.25,3,5,0.6,0,2,2,2,0,1,1,0,23,10,30.4,1,2015-16
22015,201586,Serge Ibaka,1610612760,OKC,Oklahoma City Thunder,0021500488,2015-12-31,OKC vs. PHX,W,30,4,8,0.5,1,2,0.5,0,0,,1,4,5,2,0,2,2,1,9,18,22.0,1,2015-16
22015,203946,Cameron Bairstow,1610612741,CHI,Chicago Bulls,0021500493,2016-01-01,CHI vs. NYK,W,2,0,2,0.0,0,0,,0,0,,1,1,2,0,0,0,0,0,0,3,2.4,1,2015-16
22015,1626171,Bobby Portis,1610612741,CHI,Chicago Bulls,0021500493,2016-01-01,CHI vs. NYK,W,30,6,9,0.667,2,3,0.667,2,2,1.0,2,8,10,2,0,0,3,4,16,30,28.0,1,2015-16
22015,101111,Charlie Villanueva,1610612742,DAL,Dallas Mavericks,0021500491,2016-01-01,DAL @ MIA,L,21,4,11,0.364,1,6,0.167,0,0,,0,2,2,0,0,0,2,2,9,-7,9.4,1,2015-16
22015,203098,John Jenkins,1610612742,DAL,Dallas Mavericks,0021500491,2016-01-01,DAL @ MIA,L,8,3,4,0.75,0,1,0.0,0,0,,0,1,1,0,1,0,2,0,6,-6,8.2,1,2015-16
22015,1626156,D'Angelo Russell,1610612747,LAL,Los Angeles Lakers,0021500494,2016-01-01,LAL vs. PHI,W,26,3,14,0.214,0,0,,0,0,,1,3,4,5,2,1,4,2,6,11,23.3,1,2015-16
22015,2365,Chris Andersen,1610612748,MIA,Miami Heat,0021500491,2016-01-01,MIA vs. DAL,W,3,0,2,0.0,0,1,0.0,0,0,,1,0,1,0,0,0,0,0,0,1,1.2,1,2015-16
22015,2547,Chris Bosh,1610612748,MIA,Miami Heat,0021500491,2016-01-01,MIA vs. DAL,W,34,6,16,0.375,3,6,0.5,1,2,0.5,1,6,7,4,0,0,1,1,16,15,29.4,1,2015-16
22015,201167,Arron Afflalo,1610612752,NYK,New York Knicks,0021500493,2016-01-01,NYK @ CHI,L,29,2,9,0.222,0,3,0.0,0,0,,0,1,1,0,0,0,2,2,4,-34,3.2,1,2015-16
22015,201577,Robin Lopez,1610612752,NYK,New York Knicks,0021500493,2016-01-01,NYK @ CHI,L,22,2,5,0.4,0,0,,0,0,,3,3,6,2,0,2,2,4,4,-5,18.2,1,2015-16
22015,204001,Kristaps Porziņģis,1610612752,NYK,New York Knicks,0021500493,2016-01-01,NYK @ CHI,L,28,4,14,0.286,1,3,0.333,0,0,,0,9,9,1,1,1,1,2,9,-11,26.3,1,2015-16
22015,202696,Nikola Vučević,1610612753,ORL,Orlando Magic,0021500490,2016-01-01,ORL @ WAS,L,32,7,16,0.438,0,1,0.0,0,0,,1,6,7,2,1,1,2,1,14,-12,29.4,1,2015-16
22015,202699,Tobias Harris,1610612753,ORL,Orlando Magic,0021500490,2016-01-01,ORL @ WAS,L,36,5,9,0.556,1,3,0.333,2,3,0.667,1,9,10,3,0,1,2,1,13,-11,30.5,1,2015-16
22015,203095,Evan Fournier,1610612753,ORL,Orlando Magic,0021500490,2016-01-01,ORL @ WAS,L,28,5,11,0.455,1,5,0.2,0,0,,0,2,2,3,0,0,2,4,11,-5,15.9,1,2015-16
22015,203932,Aaron Gordon,1610612753,ORL,Orlando Magic,0021500490,2016-01-01,ORL @ WAS,L,25,3,6,0.5,0,1,0.0,0,1,0.0,3,4,7,3,0,0,1,0,6,-6,17.9,1,2015-16
22015,203924,Jerami Grant,1610612755,PHI,Philadelphia 76ers,0021500494,2016-01-01,PHI @ LAL,L,31,2,6,0.333,0,2,0.0,5,6,0.833,1,6,7,3,0,1,1,2,9,-2,23.9,1,2015-16
22015,200768,Kyle Lowry,1610612761,TOR,Toronto Raptors,0021500492,2016-01-01,TOR vs. CHA,W,41,6,16,0.375,2,7,0.286,4,4,1.0,3,3,6,11,2,0,6,4,18,14,41.7,1,2015-16
22015,2743,Kris Humphries,1610612764,WAS,Washington Wizards,0021500490,2016-01-01,WAS vs. ORL,W,13,4,6,0.667,1,3,0.333,2,2,1.0,0,3,3,0,0,1,0,2,11,1,17.6,1,2015-16
22015,201587,Nicolas Batum,1610612766,CHA,Charlotte Hornets,0021500492,2016-01-01,CHA @ TOR,L,42,4,9,0.444,3,4,0.75,3,4,0.75,0,4,4,7,0,1,5,2,14,-6,27.3,1,2015-16
22015,203798,PJ Hairston,1610612766,CHA,Charlotte Hornets,0021500492,2016-01-01,CHA @ TOR,L,21,1,5,0.2,0,3,0.0,0,0,,1,5,6,0,0,0,0,0,2,-6,9.2,1,2015-16
22015,201959,Taj Gibson,1610612741,CHI,Chicago Bulls,0021500493,2016-01-01,CHI vs. NYK,W,25,2,7,0.286,0,0,,3,4,0.75,5,4,9,0,1,2,0,2,7,-4,26.8,1,2015-16
22015,202734,E'Twaun Moore,1610612741,CHI,Chicago Bulls,0021500493,2016-01-01,CHI vs. NYK,W,18,1,2,0.5,0,0,,0,0,,1,4,5,3,0,1,2,0,2,27,13.5,1,2015-16
22015,203503,Tony Snell,1610612741,CHI,Chicago Bulls,0021500493,2016-01-01,CHI vs. NYK,W,20,2,7,0.286,0,0,,0,0,,1,3,4,0,0,1,0,2,4,9,11.8,1,2015-16
22015,203926,Doug McDermott,1610612741,CHI,Chicago Bulls,0021500493,2016-01-01,CHI vs. NYK,W,20,5,9,0.556,3,4,0.75,0,0,,0,2,2,1,0,0,0,2,13,24,16.9,1,2015-16
22015,101114,Deron Williams,1610612742,DAL,Dallas Mavericks,0021500491,2016-01-01,DAL @ MIA,L,20,3,9,0.333,2,5,0.4,1,2,0.5,0,1,1,5,0,0,0,1,9,-6,17.7,1,2015-16
22015,202379,Jeremy Evans,1610612742,DAL,Dallas Mavericks,0021500491,2016-01-01,DAL @ MIA,L,6,0,1,0.0,0,1,0.0,0,0,,0,1,1,0,1,0,0,0,0,-5,4.2,1,2015-16
22015,203944,Julius Randle,1610612747,LAL,Los Angeles Lakers,0021500494,2016-01-01,LAL vs. PHI,W,24,6,10,0.6,0,0,,3,4,0.75,2,7,9,0,2,0,1,2,15,9,30.8,1,2015-16
22015,2617,Udonis Haslem,1610612748,MIA,Miami Heat,0021500491,2016-01-01,MIA vs. DAL,W,3,1,1,1.0,0,0,,0,0,,1,1,2,0,0,0,0,0,2,1,4.4,1,2015-16
22015,2757,Beno Udrih,1610612748,MIA,Miami Heat,0021500491,2016-01-01,MIA vs. DAL,W,21,1,2,0.5,0,0,,0,0,,0,3,3,2,0,0,1,1,2,2,7.6,1,2015-16
22015,201609,Goran Dragic,1610612748,MIA,Miami Heat,0021500491,2016-01-01,MIA vs. DAL,W,31,7,12,0.583,1,2,0.5,0,0,,0,4,4,7,3,0,1,2,15,27,38.3,1,2015-16
22015,202355,Hassan Whiteside,1610612748,MIA,Miami Heat,0021500491,2016-01-01,MIA vs. DAL,W,32,12,16,0.75,0,0,,1,2,0.5,4,15,19,0,0,1,4,4,25,23,46.8,1,2015-16
22015,203124,Kyle O'Quinn,1610612752,NYK,New York Knicks,0021500493,2016-01-01,NYK @ CHI,L,12,1,3,0.333,0,0,,0,0,,0,5,5,1,0,2,1,3,2,-1,14.5,1,2015-16
22015,203901,Elfrid Payton,1610612753,ORL,Orlando Magic,0021500490,2016-01-01,ORL @ WAS,L,24,1,6,0.167,1,2,0.5,0,0,,0,1,1,7,1,0,3,2,3,-17,14.7,1,2015-16
22015,202397,Ish Smith,1610612755,PHI,Philadelphia 76ers,0021500494,2016-01-01,PHI @ LAL,L,25,3,19,0.158,0,2,0.0,3,4,0.75,1,3,4,3,0,0,3,5,9,-2,15.3,1,2015-16
22015,201942,DeMar DeRozan,1610612761,TOR,Toronto Raptors,0021500492,2016-01-01,TOR vs. CHA,W,37,7,18,0.389,2,2,1.0,7,7,1.0,0,0,0,1,1,0,1,2,23,3,26.5,1,2015-16
22015,201162,Jared Dudley,1610612764,WAS,Washington Wizards,0021500490,2016-01-01,WAS vs. ORL,W,33,3,11,0.273,1,5,0.2,0,0,,1,3,4,0,2,0,0,0,7,12,17.8,1,2015-16
22015,202322,John Wall,1610612764,WAS,Washington Wizards,0021500490,2016-01-01,WAS vs. ORL,W,39,10,19,0.526,0,3,0.0,4,4,1.0,1,1,2,13,2,1,5,1,24,5,49.9,1,2015-16
22015,203490,Otto Porter Jr.,1610612764,WAS,Washington Wizards,0021500490,2016-01-01,WAS vs. ORL,W,39,9,20,0.45,2,8,0.25,0,0,,2,9,11,3,4,1,1,1,20,9,51.7,1,2015-16
22015,201946,Tyler Hansbrough,1610612766,CHA,Charlotte Hornets,0021500492,2016-01-01,CHA @ TOR,L,13,1,6,0.167,0,0,,0,0,,3,1,4,0,0,0,1,3,2,-3,5.8,1,2015-16
22015,203148,Brian Roberts,1610612766,CHA,Charlotte Hornets,0021500492,2016-01-01,CHA @ TOR,L,17,3,5,0.6,0,2,0.0,2,2,1.0,1,1,2,0,0,0,0,0,8,-13,10.4,1,2015-16
22015,202703,Nikola Mirotic,1610612741,CHI,Chicago Bulls,0021500493,2016-01-01,CHI vs. NYK,W,31,6,8,0.75,4,6,0.667,1,2,0.5,0,5,5,7,2,2,0,4,17,25,45.5,1,2015-16
22015,2585,Zaza Pachulia,1610612742,DAL,Dallas Mavericks,0021500491,2016-01-01,DAL @ MIA,L,25,5,9,0.556,0,0,,4,5,0.8,4,9,13,1,1,1,2,1,14,-15,35.1,1,2015-16
22015,2734,Devin Harris,1610612742,DAL,Dallas Mavericks,0021500491,2016-01-01,DAL @ MIA,L,3,0,0,,0,0,,0,0,,0,0,0,0,0,0,1,1,0,-2,-1.0,1,2015-16
22015,201580,JaVale McGee,1610612742,DAL,Dallas Mavericks,0021500491,2016-01-01,DAL @ MIA,L,9,3,5,0.6,0,0,,0,0,,1,1,2,0,1,1,0,0,6,0,14.4,1,2015-16
22015,101138,Brandon Bass,1610612747,LAL,Los Angeles Lakers,0021500494,2016-01-01,LAL vs. PHI,W,25,2,4,0.5,0,0,,1,2,0.5,1,3,4,2,2,2,0,2,5,5,24.8,1,2015-16
22015,201156,Nick Young,1610612747,LAL,Los Angeles Lakers,0021500494,2016-01-01,LAL vs. PHI,W,26,3,11,0.273,2,7,0.286,0,0,,1,2,3,1,4,0,1,0,8,1,24.1,1,2015-16
22015,1626148,Anthony Brown,1610612747,LAL,Los Angeles Lakers,0021500494,2016-01-01,LAL vs. PHI,W,22,2,3,0.667,1,1,1.0,0,0,,0,5,5,0,1,0,0,0,5,8,14.0,1,2015-16
22015,1626204,Larry Nance Jr.,1610612747,LAL,Los Angeles Lakers,0021500494,2016-01-01,LAL vs. PHI,W,24,4,7,0.571,0,0,,0,0,,6,8,14,0,0,0,0,3,8,0,24.8,1,2015-16
22015,2405,Amar'e Stoudemire,1610612748,MIA,Miami Heat,0021500491,2016-01-01,MIA vs. DAL,W,9,0,0,,0,0,,0,0,,0,2,2,1,0,0,1,1,0,2,2.9,1,2015-16
22015,2548,Dwyane Wade,1610612748,MIA,Miami Heat,0021500491,2016-01-01,MIA vs. DAL,W,19,5,6,0.833,0,0,,0,0,,0,2,2,7,1,0,2,1,10,5,23.9,1,2015-16
22015,204020,Tyler Johnson,1610612748,MIA,Miami Heat,0021500491,2016-01-01,MIA vs. DAL,W,25,3,7,0.429,1,2,0.5,1,2,0.5,1,2,3,0,0,0,2,1,8,14,9.6,1,2015-16
22015,101181,Jose Calderon,1610612752,NYK,New York Knicks,0021500493,2016-01-01,NYK @ CHI,L,35,7,9,0.778,3,3,1.0,1,1,1.0,1,3,4,4,1,0,1,4,18,-19,30.8,1,2015-16
22015,202682,Derrick Williams,1610612752,NYK,New York Knicks,0021500493,2016-01-01,NYK @ CHI,L,17,1,4,0.25,0,2,0.0,4,6,0.667,0,1,1,2,0,0,1,0,6,-17,9.2,1,2015-16
22015,1626170,Jerian Grant,1610612752,NYK,New York Knicks,0021500493,2016-01-01,NYK @ CHI,L,4,0,3,0.0,0,1,0.0,0,0,,1,1,2,0,0,1,0,0,0,-5,5.4,1,2015-16
22015,101112,Channing Frye,1610612753,ORL,Orlando Magic,0021500490,2016-01-01,ORL @ WAS,L,22,2,4,0.5,0,1,0.0,0,0,,2,4,6,2,0,0,0,0,4,-6,14.2,1,2015-16
22015,203506,Victor Oladipo,1610612753,ORL,Orlando Magic,0021500490,2016-01-01,ORL @ WAS,L,31,8,18,0.444,2,6,0.333,2,2,1.0,0,1,1,5,4,0,1,3,20,-6,39.7,1,2015-16
22015,203496,Robert Covington,1610612755,PHI,Philadelphia 76ers,0021500494,2016-01-01,PHI @ LAL,L,22,3,6,0.5,2,4,0.5,2,2,1.0,0,6,6,1,2,1,0,3,10,-1,27.7,1,2015-16
22015,203917,Nik Stauskas,1610612755,PHI,Philadelphia 76ers,0021500494,2016-01-01,PHI @ LAL,L,29,2,9,0.222,0,5,0.0,0,0,,2,2,4,2,1,0,3,2,4,-3,11.8,1,2015-16
22015,1626143,Jahlil Okafor,1610612755,PHI,Philadelphia 76ers,0021500494,2016-01-01,PHI @ LAL,L,23,6,10,0.6,0,0,,0,0,,1,3,4,0,0,1,1,1,12,-11,18.8,1,2015-16
22015,201949,James Johnson,1610612761,TOR,Toronto Raptors,0021500492,2016-01-01,TOR vs. CHA,W,5,0,0,,0,0,,0,0,,0,0,0,0,0,0,0,0,0,-5,0.0,1,2015-16
22015,202335,Patrick Patterson,1610612761,TOR,Toronto Raptors,0021500492,2016-01-01,TOR vs. CHA,W,23,5,9,0.556,4,6,0.667,0,0,,2,4,6,1,1,0,1,3,14,1,24.7,1,2015-16
22015,202687,Bismack Biyombo,1610612761,TOR,Toronto Raptors,0021500492,2016-01-01,TOR vs. CHA,W,24,2,3,0.667,0,0,,2,2,1.0,2,9,11,0,0,4,3,1,6,2,28.2,1,2015-16
22015,202709,Cory Joseph,1610612761,TOR,Toronto Raptors,0021500492,2016-01-01,TOR vs. CHA,W,18,3,6,0.5,0,1,0.0,0,0,,0,1,1,6,0,0,0,1,6,3,16.2,1,2015-16
22015,202689,Kemba Walker,1610612766,CHA,Charlotte Hornets,0021500492,2016-01-01,CHA @ TOR,L,36,7,21,0.333,2,8,0.25,2,2,1.0,0,4,4,3,4,1,2,1,18,-4,40.3,1,2015-16
22015,203087,Jeremy Lamb,1610612766,CHA,Charlotte Hornets,0021500492,2016-01-01,CHA @ TOR,L,28,2,10,0.2,1,4,0.25,0,0,,2,4,6,1,0,1,0,1,5,-1,16.7,1,2015-16
22015,1626163,Frank Kaminsky,1610612766,CHA,Charlotte Hornets,0021500492,2016-01-01,CHA @ TOR,L,27,5,10,0.5,1,5,0.2,2,2,1.0,2,2,4,2,3,0,1,4,13,-7,28.8,1,2015-16
22015,202710,Jimmy Butler III,1610612741,CHI,Chicago Bulls,0021500493,2016-01-01,CHI vs. NYK,W,34,8,18,0.444,0,1,0.0,7,10,0.7,2,2,4,6,1,1,0,1,23,16,42.8,1,2015-16
22015,200826,J.J. Barea,1610612742,DAL,Dallas Mavericks,0021500491,2016-01-01,DAL @ MIA,L,26,3,9,0.333,0,5,0.0,0,0,,0,0,0,5,0,0,2,1,6,-14,11.5,1,2015-16
22015,202083,Wesley Matthews,1610612742,DAL,Dallas Mavericks,0021500491,2016-01-01,DAL @ MIA,L,31,4,9,0.444,4,7,0.571,0,0,,0,4,4,1,0,0,0,1,12,-14,18.3,1,2015-16
22015,101150,Lou Williams,1610612747,LAL,Los Angeles Lakers,0021500494,2016-01-01,LAL vs. PHI,W,37,6,15,0.4,2,7,0.286,10,12,0.833,0,4,4,5,0,1,4,1,24,7,35.3,1,2015-16
22015,201579,Roy Hibbert,1610612747,LAL,Los Angeles Lakers,0021500494,2016-01-01,LAL vs. PHI,W,23,1,6,0.167,0,0,,1,2,0.5,1,4,5,1,0,2,0,4,3,4,16.5,1,2015-16
22015,203903,Jordan Clarkson,1610612747,LAL,Los Angeles Lakers,0021500494,2016-01-01,LAL vs. PHI,W,33,6,17,0.353,0,1,0.0,7,9,0.778,1,1,2,3,0,0,0,3,19,0,25.9,1,2015-16
22015,101123,Gerald Green,1610612748,MIA,Miami Heat,0021500491,2016-01-01,MIA vs. DAL,W,33,8,13,0.615,2,4,0.5,1,1,1.0,0,3,3,2,0,0,0,3,19,17,25.6,1,2015-16
22015,2756,Sasha Vujacic,1610612752,NYK,New York Knicks,0021500493,2016-01-01,NYK @ CHI,L,4,0,1,0.0,0,0,,0,0,,0,1,1,0,0,0,0,0,0,-5,1.2,1,2015-16
22015,204038,Langston Galloway,1610612752,NYK,New York Knicks,0021500493,2016-01-01,NYK @ CHI,L,15,1,2,0.5,1,1,1.0,0,0,,0,2,2,1,0,0,1,3,3,-12,5.9,1,2015-16
22015,203094,Andrew Nicholson,1610612753,ORL,Orlando Magic,0021500490,2016-01-01,ORL @ WAS,L,10,3,4,0.75,0,1,0.0,2,2,1.0,0,1,1,0,0,0,0,0,8,4,9.2,1,2015-16
22015,203894,Shabazz Napier,1610612753,ORL,Orlando Magic,0021500490,2016-01-01,ORL @ WAS,L,1,0,0,,0,0,,0,0,,0,0,0,0,0,0,0,0,0,0,0.0,1,2015-16
22015,203457,Nerlens Noel,1610612755,PHI,Philadelphia 76ers,0021500494,2016-01-01,PHI @ LAL,L,28,6,11,0.545,0,0,,3,5,0.6,5,7,12,3,3,3,1,2,15,-1,50.9,1,2015-16
22015,203960,JaKarr Sampson,1610612755,PHI,Philadelphia 76ers,0021500494,2016-01-01,PHI @ LAL,L,20,2,6,0.333,0,1,0.0,0,0,,3,2,5,0,0,2,0,3,4,-2,16.0,1,2015-16
22015,201960,DeMarre Carroll,1610612761,TOR,Toronto Raptors,0021500492,2016-01-01,TOR vs. CHA,W,25,5,11,0.455,4,7,0.571,0,0,,2,1,3,0,2,0,1,0,14,10,22.6,1,2015-16
22015,203082,Terrence Ross,1610612761,TOR,Toronto Raptors,0021500492,2016-01-01,TOR vs. CHA,W,22,3,9,0.333,2,6,0.333,0,0,,1,5,6,0,0,0,0,4,8,15,15.2,1,2015-16
22015,1626162,Kelly Oubre Jr.,1610612764,WAS,Washington Wizards,0021500490,2016-01-01,WAS vs. ORL,W,21,3,5,0.6,1,1,1.0,0,0,,1,4,5,0,1,0,0,1,7,13,16.0,1,2015-16
22015,2200,Pau Gasol,1610612741,CHI,Chicago Bulls,0021500493,2016-01-01,CHI vs. NYK,W,29,5,17,0.294,0,0,,7,7,1.0,2,6,8,4,0,2,1,0,17,5,37.6,1,2015-16
22015,2550,Kirk Hinrich,1610612741,CHI,Chicago Bulls,0021500493,2016-01-01,CHI vs. NYK,W,16,1,2,0.5,0,1,0.0,0,0,,0,5,5,2,0,0,1,0,2,0,10.0,1,2015-16
22015,201166,Aaron Brooks,1610612741,CHI,Chicago Bulls,0021500493,2016-01-01,CHI vs. NYK,W,13,3,4,0.75,1,1,1.0,0,0,,0,0,0,2,0,0,0,4,7,0,10.0,1,2015-16
22015,1717,Dirk Nowitzki,1610612742,DAL,Dallas Mavericks,0021500491,2016-01-01,DAL @ MIA,L,27,4,14,0.286,0,2,0.0,3,3,1.0,1,2,3,1,1,0,0,1,11,-11,19.1,1,2015-16
22015,101109,Raymond Felton,1610612742,DAL,Dallas Mavericks,0021500491,2016-01-01,DAL @ MIA,L,22,1,4,0.25,0,1,0.0,2,2,1.0,1,2,3,5,0,0,0,0,4,-10,15.1,1,2015-16
22015,202718,Chandler Parsons,1610612742,DAL,Dallas Mavericks,0021500491,2016-01-01,DAL @ MIA,L,27,2,8,0.25,0,3,0.0,0,0,,1,4,5,4,0,1,0,1,4,-15,19.0,1,2015-16
22015,2736,Luol Deng,1610612748,MIA,Miami Heat,0021500491,2016-01-01,MIA vs. DAL,W,30,3,7,0.429,1,3,0.333,2,2,1.0,0,4,4,1,0,0,0,2,9,13,15.3,1,2015-16
22015,2546,Carmelo Anthony,1610612752,NYK,New York Knicks,0021500493,2016-01-01,NYK @ CHI,L,37,8,18,0.444,1,3,0.333,3,3,1.0,3,4,7,3,0,0,1,1,20,-17,31.9,1,2015-16
22015,202338,Kevin Seraphin,1610612752,NYK,New York Knicks,0021500493,2016-01-01,NYK @ CHI,L,12,2,7,0.286,0,1,0.0,0,2,0.0,3,1,4,1,1,1,0,3,4,-13,16.3,1,2015-16
22015,202498,Lance Thomas,1610612752,NYK,New York Knicks,0021500493,2016-01-01,NYK @ CHI,L,27,3,9,0.333,0,2,0.0,5,5,1.0,0,0,0,1,0,0,1,3,11,4,11.5,1,2015-16
22015,201160,Jason Smith,1610612753,ORL,Orlando Magic,0021500490,2016-01-01,ORL @ WAS,L,15,5,8,0.625,0,0,,0,0,,0,3,3,2,0,2,3,1,10,0,19.6,1,2015-16
22015,203473,Dewayne Dedmon,1610612753,ORL,Orlando Magic,0021500490,2016-01-01,ORL @ WAS,L,1,1,1,1.0,0,0,,0,0,,0,0,0,0,0,0,0,0,2,0,2.0,1,2015-16
22015,1626209,Mario Hezonja,1610612753,ORL,Orlando Magic,0021500490,2016-01-01,ORL @ WAS,L,15,0,2,0.0,0,0,,0,0,,0,1,1,2,0,0,1,1,0,-1,3.2,1,2015-16
22015,203477,Isaiah Canaan,1610612755,PHI,Philadelphia 76ers,0021500494,2016-01-01,PHI @ LAL,L,31,2,11,0.182,1,8,0.125,2,2,1.0,0,4,4,1,0,0,3,1,7,-21,10.3,1,2015-16
22015,204456,T.J. McConnell,1610612755,PHI,Philadelphia 76ers,0021500494,2016-01-01,PHI @ LAL,L,23,5,6,0.833,1,2,0.5,1,2,0.5,0,4,4,7,0,1,4,1,12,-7,26.3,1,2015-16
22015,2449,Luis Scola,1610612761,TOR,Toronto Raptors,0021500492,2016-01-01,TOR vs. CHA,W,21,2,10,0.2,1,4,0.25,0,0,,3,6,9,0,0,0,0,2,5,-1,15.8,1,2015-16
22015,202685,Jonas Valančiūnas,1610612761,TOR,Toronto Raptors,0021500492,2016-01-01,TOR vs. CHA,W,24,3,9,0.333,0,0,,4,5,0.8,7,5,12,2,0,0,1,2,10,8,26.4,1,2015-16
22015,101162,Marcin Gortat,1610612764,WAS,Washington Wizards,0021500490,2016-01-01,WAS vs. ORL,W,35,5,10,0.5,0,0,,0,0,,5,9,14,2,1,1,1,1,10,11,34.8,1,2015-16
22015,201196,Ramon Sessions,1610612764,WAS,Washington Wizards,0021500490,2016-01-01,WAS vs. ORL,W,28,5,10,0.5,2,3,0.667,1,2,0.5,1,4,5,4,0,0,2,0,13,13,23.0,1,2015-16
22015,101107,Marvin Williams,1610612766,CHA,Charlotte Hornets,0021500492,2016-01-01,CHA @ TOR,L,26,6,12,0.5,3,6,0.5,2,2,1.0,1,3,4,1,0,1,1,2,17,-3,25.3,1,2015-16
22015,203469,Cody Zeller,1610612766,CHA,Charlotte Hornets,0021500492,2016-01-01,CHA @ TOR,L,30,5,7,0.714,0,0,,5,6,0.833,4,5,9,1,0,3,0,3,15,-7,36.3,1,2015-16
22015,203939,Dwight Powell,1610612742,DAL,Dallas Mavericks,0021500491,2016-01-01,DAL @ MIA,L,14,0,5,0.0,0,0,,1,2,0.5,5,0,5,0,1,0,0,2,1,-15,10.0,1,2015-16
22015,1626158,Richaun Holmes,1610612755,PHI,Philadelphia 76ers,0021500494,2016-01-01,PHI @ LAL,L,8,0,0,,0,0,,2,4,0.5,0,0,0,1,0,1,0,1,2,5,6.5,1,2015-16
22015,2400,Drew Gooden,1610612764,WAS,Washington Wizards,0021500490,2016-01-01,WAS vs. ORL,W,4,0,1,0.0,0,0,,0,0,,0,1,1,0,0,1,0,4,0,-5,4.2,1,2015-16
22015,202066,Garrett Temple,1610612764,WAS,Washington Wizards,0021500490,2016-01-01,WAS vs. ORL,W,29,4,10,0.4,1,3,0.333,2,2,1.0,1,0,1,3,1,0,0,1,11,1,19.7,1,2015-16
22015,2544,LeBron James,1610612739,CLE,Cleveland Cavaliers,0021500499,2016-01-02,CLE vs. ORL,W,29,11,18,0.611,4,7,0.571,3,4,0.75,0,5,5,3,2,0,0,2,29,28,45.5,1,2015-16
22015,201567,Kevin Love,1610612739,CLE,Cleveland Cavaliers,0021500499,2016-01-02,CLE vs. ORL,W,29,2,5,0.4,1,2,0.5,5,8,0.625,1,12,13,2,1,0,1,1,10,19,30.6,1,2015-16
22015,101109,Raymond Felton,1610612742,DAL,Dallas Mavericks,0021500501,2016-01-02,DAL vs. NOP,L,26,5,7,0.714,1,2,0.5,2,2,1.0,0,3,3,3,1,0,3,1,13,-12,21.1,1,2015-16
22015,2034,Mike Miller,1610612743,DEN,Denver Nuggets,0021500504,2016-01-02,DEN @ GSW,L,12,0,3,0.0,0,2,0.0,0,0,,2,1,3,1,0,0,0,4,0,0,5.1,1,2015-16
22015,201589,Darrell Arthur,1610612743,DEN,Denver Nuggets,0021500504,2016-01-02,DEN @ GSW,L,17,6,9,0.667,0,0,,0,1,0.0,3,1,4,0,0,0,1,3,12,12,15.8,1,2015-16
22015,202702,Kenneth Faried,1610612743,DEN,Denver Nuggets,0021500504,2016-01-02,DEN @ GSW,L,29,7,12,0.583,0,0,,1,1,1.0,9,3,12,4,0,0,1,3,15,-9,34.4,1,2015-16
22015,203999,Nikola Jokić,1610612743,DEN,Denver Nuggets,0021500504,2016-01-02,DEN @ GSW,L,5,0,0,,0,0,,0,0,,0,1,1,1,0,0,2,2,0,-18,0.7,1,2015-16
22015,2738,Andre Iguodala,1610612744,GSW,Golden State Warriors,0021500504,2016-01-02,GSW vs. DEN,W,43,4,8,0.5,1,2,0.5,0,0,,0,3,3,6,1,0,0,1,9,4,24.6,1,2015-16
22015,203546,Ian Clark,1610612744,GSW,Golden State Warriors,0021500504,2016-01-02,GSW vs. DEN,W,37,7,8,0.875,1,2,0.5,0,0,,0,1,1,1,0,0,3,2,15,-13,14.7,1,2015-16
22015,1891,Jason Terry,1610612745,HOU,Houston Rockets,0021500502,2016-01-02,HOU @ SAS,L,16,3,5,0.6,3,5,0.6,0,0,,0,2,2,0,0,0,0,1,9,10,11.4,1,2015-16
22015,201147,Corey Brewer,1610612745,HOU,Houston Rockets,0021500502,2016-01-02,HOU @ SAS,L,19,4,10,0.4,1,3,0.333,2,3,0.667,1,1,2,2,0,0,2,4,11,-7,14.4,1,2015-16
22015,203909,KJ McDaniels,1610612745,HOU,Houston Rockets,0021500502,2016-01-02,HOU @ SAS,L,5,0,1,0.0,0,0,,0,0,,0,0,0,0,1,0,0,0,0,4,3.0,1,2015-16
22015,202362,Lance Stephenson,1610612746,LAC,LA Clippers,0021500505,2016-01-02,LAC vs. PHI,W,21,2,3,0.667,0,1,0.0,3,4,0.75,0,4,4,3,1,0,2,0,7,12,17.3,1,2015-16
22015,203114,Khris Middleton,1610612749,MIL,Milwaukee Bucks,0021500500,2016-01-02,MIL @ MIN,W,36,4,11,0.364,3,5,0.6,2,3,0.667,1,3,4,5,0,0,4,0,13,-7,21.3,1,2015-16
22015,1626173,Rashad Vaughn,1610612749,MIL,Milwaukee Bucks,0021500500,2016-01-02,MIL @ MIN,W,16,2,5,0.4,1,3,0.333,0,0,,0,3,3,0,0,1,0,0,5,20,11.6,1,2015-16
22015,2419,Tayshaun Prince,1610612750,MIN,Minnesota Timberwolves,0021500500,2016-01-02,MIN vs. MIL,L,28,2,4,0.5,0,1,0.0,0,0,,1,0,1,2,1,0,1,0,4,5,10.2,1,2015-16
22015,201937,Ricky Rubio,1610612750,MIN,Minnesota Timberwolves,0021500500,2016-01-02,MIN vs. MIL,L,33,4,8,0.5,2,3,0.667,4,5,0.8,1,5,6,7,3,1,2,3,14,9,41.7,1,2015-16
22015,1626145,Tyus Jones,1610612750,MIN,Minnesota Timberwolves,0021500500,2016-01-02,MIN vs. MIL,L,15,2,6,0.333,0,0,,2,3,0.667,3,1,4,2,0,0,1,0,6,-19,12.8,1,2015-16
22015,201152,Thaddeus Young,1610612751,BKN,Brooklyn Nets,0021500495,2016-01-02,BKN @ BOS,W,33,7,16,0.438,0,0,,2,2,1.0,5,5,10,1,1,0,1,4,16,7,31.5,1,2015-16
22015,203186,Willie Reed,1610612751,BKN,Brooklyn Nets,0021500495,2016-01-02,BKN @ BOS,W,12,3,6,0.5,0,0,,0,0,,3,4,7,0,0,0,0,1,6,-2,14.4,1,2015-16
22015,203095,Evan Fournier,1610612753,ORL,Orlando Magic,0021500499,2016-01-02,ORL @ CLE,L,28,2,5,0.4,1,4,0.25,4,4,1.0,0,1,1,2,0,0,3,3,9,-23,10.2,1,2015-16
22015,203506,Victor Oladipo,1610612753,ORL,Orlando Magic,0021500499,2016-01-02,ORL @ CLE,L,14,3,11,0.273,0,2,0.0,0,1,0.0,0,0,0,2,0,0,0,0,6,-8,9.0,1,2015-16
22015,203901,Elfrid Payton,1610612753,ORL,Orlando Magic,0021500499,2016-01-02,ORL @ CLE,L,16,0,5,0.0,0,0,,0,0,,2,1,3,4,0,0,2,2,0,-24,7.6,1,2015-16
22015,201155,Rodney Stuckey,1610612754,IND,Indiana Pacers,0021500498,2016-01-02,IND vs. DET,W,25,1,4,0.25,0,1,0.0,1,2,0.5,0,3,3,2,0,0,0,3,3,-6,9.6,1,2015-16
22015,201941,Jordan Hill,1610612754,IND,Indiana Pacers,0021500498,2016-01-02,IND vs. DET,W,22,4,7,0.571,0,0,,0,2,0.0,0,3,3,1,0,1,1,4,8,15,15.1,1,2015-16
22015,203524,Solomon Hill,1610612754,IND,Indiana Pacers,0021500498,2016-01-02,IND vs. DET,W,17,2,4,0.5,0,1,0.0,0,0,,0,5,5,1,1,2,1,2,4,-4,19.5,1,2015-16
22015,202397,Ish Smith,1610612755,PHI,Philadelphia 76ers,0021500505,2016-01-02,PHI @ LAC,L,23,2,9,0.222,0,0,,0,0,,0,1,1,10,1,0,2,2,4,-18,21.2,1,2015-16
22015,203088,Kendall Marshall,1610612755,PHI,Philadelphia 76ers,0021500505,2016-01-02,PHI @ LAC,L,17,1,7,0.143,1,5,0.2,0,0,,0,0,0,3,0,0,2,0,3,-8,5.5,1,2015-16
22015,204456,T.J. McConnell,1610612755,PHI,Philadelphia 76ers,0021500505,2016-01-02,PHI @ LAC,L,19,0,3,0.0,0,1,0.0,0,0,,0,1,1,7,3,0,1,2,0,-5,19.7,1,2015-16
22015,203141,Mirza Teletovic,1610612756,PHX,Phoenix Suns,0021500496,2016-01-02,PHX @ SAC,L,27,6,12,0.5,1,4,0.25,0,0,,1,1,2,2,0,2,0,2,13,-12,24.4,1,2015-16
22015,203458,Alex Len,1610612756,PHX,Phoenix Suns,0021500496,2016-01-02,PHX @ SAC,L,6,0,1,0.0,0,0,,0,0,,0,1,1,0,0,0,2,3,0,-16,-0.8,1,2015-16
22015,203462,Archie Goodwin,1610612756,PHX,Phoenix Suns,0021500496,2016-01-02,PHX @ SAC,L,8,1,2,0.5,0,0,,1,2,0.5,0,1,1,2,1,0,0,1,3,-1,10.2,1,2015-16
22015,203955,Bryce Cotton,1610612756,PHX,Phoenix Suns,0021500496,2016-01-02,PHX @ SAC,L,6,1,2,0.5,0,1,0.0,0,0,,0,0,0,1,0,0,2,1,2,-1,1.5,1,2015-16
22015,201585,Kosta Koufos,1610612758,SAC,Sacramento Kings,0021500496,2016-01-02,SAC vs. PHX,W,15,3,3,1.0,0,0,,2,5,0.4,1,6,7,0,0,1,1,2,8,-1,18.4,1,2015-16
22015,1626161,Willie Cauley-Stein,1610612758,SAC,Sacramento Kings,0021500496,2016-01-02,SAC vs. PHX,W,5,2,3,0.667,0,0,,0,0,,3,2,5,1,0,0,0,0,4,1,11.5,1,2015-16
22015,1495,Tim Duncan,1610612759,SAS,San Antonio Spurs,0021500502,2016-01-02,SAS vs. HOU,W,14,0,3,0.0,0,0,,0,0,,0,4,4,2,0,0,1,1,0,-1,6.8,1,2015-16
22015,2561,David West,1610612759,SAS,San Antonio Spurs,0021500502,2016-01-02,SAS vs. HOU,W,20,5,6,0.833,0,0,,0,0,,0,1,1,2,0,0,0,3,10,-1,14.2,1,2015-16
22015,2588,Matt Bonner,1610612759,SAS,San Antonio Spurs,0021500502,2016-01-02,SAS vs. HOU,W,2,0,0,,0,0,,0,0,,0,0,0,0,0,0,0,1,0,0,0.0,1,2015-16
22015,201988,Patty Mills,1610612759,SAS,San Antonio Spurs,0021500502,2016-01-02,SAS vs. HOU,W,21,3,10,0.3,3,9,0.333,0,0,,0,0,0,3,1,0,0,0,9,16,16.5,1,2015-16
22015,203613,Jonathon Simmons,1610612759,SAS,San Antonio Spurs,0021500502,2016-01-02,SAS vs. HOU,W,9,3,4,0.75,0,1,0.0,0,0,,0,1,1,1,0,1,1,2,6,0,10.7,1,2015-16
22015,201142,Kevin Durant,1610612760,OKC,Oklahoma City Thunder,0021500497,2016-01-02,OKC @ CHA,W,35,8,13,0.615,3,3,1.0,10,11,0.909,0,11,11,2,0,4,3,3,29,19,54.2,1,2015-16
22015,201566,Russell Westbrook,1610612760,OKC,Oklahoma City Thunder,0021500497,2016-01-02,OKC @ CHA,W,31,4,15,0.267,1,3,0.333,7,8,0.875,1,5,6,7,1,0,2,2,16,16,34.7,1,2015-16
22015,201586,Serge Ibaka,1610612760,OKC,Oklahoma City Thunder,0021500497,2016-01-02,OKC @ CHA,W,31,2,8,0.25,0,2,0.0,10,10,1.0,1,4,5,0,0,4,3,3,14,21,29.0,1,2015-16
22015,201627,Anthony Morrow,1610612760,OKC,Oklahoma City Thunder,0021500497,2016-01-02,OKC @ CHA,W,18,4,9,0.444,4,8,0.5,0,1,0.0,0,3,3,0,0,0,0,3,12,9,15.6,1,2015-16
22015,203500,Steven Adams,1610612760,OKC,Oklahoma City Thunder,0021500497,2016-01-02,OKC @ CHA,W,17,4,4,1.0,0,0,,0,0,,2,7,9,1,0,3,2,3,8,10,27.3,1,2015-16
22015,203956,Mitch McGary,1610612760,OKC,Oklahoma City Thunder,0021500497,2016-01-02,OKC @ CHA,W,3,0,1,0.0,0,0,,0,0,,0,1,1,0,0,0,0,0,0,-1,1.2,1,2015-16
22015,203918,Rodney Hood,1610612762,UTA,Utah Jazz,0021500503,2016-01-02,UTA vs. MEM,W,44,10,20,0.5,5,10,0.5,7,8,0.875,1,7,8,0,1,1,2,4,32,7,45.6,1,2015-16
22015,2754,Tony Allen,1610612763,MEM,Memphis Grizzlies,0021500503,2016-01-02,MEM @ UTA,L,36,5,9,0.556,1,1,1.0,2,3,0.667,1,7,8,2,3,0,0,4,13,14,34.6,1,2015-16
22015,201596,Mario Chalmers,1610612763,MEM,Memphis Grizzlies,0021500503,2016-01-02,MEM @ UTA,L,12,3,5,0.6,2,2,1.0,0,0,,0,0,0,1,0,0,2,3,8,-13,7.5,1,2015-16
22015,201229,Anthony Tolliver,1610612765,DET,Detroit Pistons,0021500498,2016-01-02,DET @ IND,L,16,0,1,0.0,0,1,0.0,0,0,,0,1,1,1,1,0,1,0,0,6,4.7,1,2015-16
22015,203484,Kentavious Caldwell-Pope,1610612765,DET,Detroit Pistons,0021500498,2016-01-02,DET @ IND,L,41,6,16,0.375,1,7,0.143,3,3,1.0,0,10,10,1,0,0,2,3,16,-13,27.5,1,2015-16
22015,101107,Marvin Williams,1610612766,CHA,Charlotte Hornets,0021500497,2016-01-02,CHA vs. OKC,L,28,2,5,0.4,0,1,0.0,0,0,,2,6,8,1,0,2,0,1,4,-12,21.1,1,2015-16
22015,201946,Tyler Hansbrough,1610612766,CHA,Charlotte Hornets,0021500497,2016-01-02,CHA vs. OKC,L,15,1,1,1.0,0,0,,2,4,0.5,2,1,3,0,0,1,0,3,4,-6,10.6,1,2015-16
22015,202738,Isaiah Thomas,1610612738,BOS,Boston Celtics,0021500495,2016-01-02,BOS vs. BKN,L,36,10,22,0.455,2,9,0.222,2,2,1.0,0,2,2,6,2,0,2,2,24,-3,39.4,1,2015-16
22015,203092,Tyler Zeller,1610612738,BOS,Boston Celtics,0021500495,2016-01-02,BOS vs. BKN,L,7,0,3,0.0,0,0,,3,4,0.75,1,1,2,0,0,1,1,1,3,-5,7.4,1,2015-16
22015,203096,Jared Sullinger,1610612738,BOS,Boston Celtics,0021500495,2016-01-02,BOS vs. BKN,L,18,3,8,0.375,1,2,0.5,0,0,,2,2,4,0,1,1,5,3,7,-8,12.8,1,2015-16
22015,2210,Richard Jefferson,1610612739,CLE,Cleveland Cavaliers,0021500499,2016-01-02,CLE vs. ORL,W,19,2,5,0.4,2,4,0.5,0,3,0.0,0,0,0,1,1,0,0,3,6,-3,10.5,1,2015-16
22015,2592,James Jones,1610612739,CLE,Cleveland Cavaliers,0021500499,2016-01-02,CLE vs. ORL,W,18,3,6,0.5,1,4,0.25,3,3,1.0,2,1,3,1,0,0,0,0,10,8,15.1,1,2015-16
22015,202684,Tristan Thompson,1610612739,CLE,Cleveland Cavaliers,0021500499,2016-01-02,CLE vs. ORL,W,29,4,6,0.667,0,0,,2,8,0.25,6,6,12,0,0,0,0,0,10,17,24.4,1,2015-16
22015,2570,Kendrick Perkins,1610612740,NOP,New Orleans Pelicans,0021500501,2016-01-02,NOP @ DAL,W,4,0,0,,0,0,,0,0,,0,1,1,1,0,0,1,1,0,-4,1.7,1,2015-16
22015,202708,Norris Cole,1610612740,NOP,New Orleans Pelicans,0021500501,2016-01-02,NOP @ DAL,W,38,7,16,0.438,0,2,0.0,2,2,1.0,1,11,12,4,4,0,5,4,16,7,43.4,1,2015-16
22015,101114,Deron Williams,1610612742,DAL,Dallas Mavericks,0021500501,2016-01-02,DAL vs. NOP,L,21,4,8,0.5,1,2,0.5,2,2,1.0,0,1,1,3,0,0,4,0,11,-11,12.7,1,2015-16
22015,203115,Will Barton,1610612743,DEN,Denver Nuggets,0021500504,2016-01-02,DEN @ GSW,L,50,8,25,0.32,1,8,0.125,4,7,0.571,1,12,13,7,2,0,5,3,21,11,48.1,1,2015-16
22015,101106,Andrew Bogut,1610612744,GSW,Golden State Warriors,0021500504,2016-01-02,GSW vs. DEN,W,25,1,3,0.333,0,0,,0,0,,2,5,7,1,0,2,1,6,2,13,16.9,1,2015-16
22015,203110,Draymond Green,1610612744,GSW,Golden State Warriors,0021500504,2016-01-02,GSW vs. DEN,W,44,10,16,0.625,5,9,0.556,4,6,0.667,4,13,17,14,4,1,3,4,29,17,82.4,1,2015-16
22015,1626149,Montrezl Harrell,1610612745,HOU,Houston Rockets,0021500502,2016-01-02,HOU @ SAS,L,5,1,2,0.5,0,0,,0,2,0.0,0,1,1,0,0,0,0,0,2,4,3.2,1,2015-16
22015,203085,Austin Rivers,1610612746,LAC,LA Clippers,0021500505,2016-01-02,LAC vs. PHI,W,24,11,16,0.688,3,4,0.75,1,1,1.0,0,2,2,1,0,0,0,1,26,8,29.9,1,2015-16
22015,201564,O.J. Mayo,1610612749,MIL,Milwaukee Bucks,0021500500,2016-01-02,MIL @ MIN,W,3,0,2,0.0,0,0,,0,0,,0,0,0,0,0,0,0,2,0,-4,0.0,1,2015-16
22015,203089,John Henson,1610612749,MIL,Milwaukee Bucks,0021500500,2016-01-02,MIL @ MIN,W,21,6,7,0.857,0,0,,3,6,0.5,2,2,4,1,0,1,1,1,15,8,23.3,1,2015-16
22015,203940,Adreian Payne,1610612750,MIN,Minnesota Timberwolves,0021500500,2016-01-02,MIN vs. MIL,L,6,0,2,0.0,0,1,0.0,0,0,,0,0,0,0,0,1,1,1,0,1,2.0,1,2015-16
22015,203952,Andrew Wiggins,1610612750,MIN,Minnesota Timberwolves,0021500500,2016-01-02,MIN vs. MIL,L,35,7,17,0.412,0,3,0.0,5,9,0.556,2,4,6,1,3,1,4,2,19,-17,35.7,1,2015-16
22015,201572,Brook Lopez,1610612751,BKN,Brooklyn Nets,0021500495,2016-01-02,BKN @ BOS,W,38,11,24,0.458,0,0,,8,8,1.0,5,8,13,2,1,1,4,4,30,17,50.6,1,2015-16
22015,201961,Wayne Ellington,1610612751,BKN,Brooklyn Nets,0021500495,2016-01-02,BKN @ BOS,W,23,1,4,0.25,0,3,0.0,3,4,0.75,0,6,6,2,1,0,0,2,5,1,18.2,1,2015-16
22015,202711,Bojan Bogdanovic,1610612751,BKN,Brooklyn Nets,0021500495,2016-01-02,BKN @ BOS,W,32,4,11,0.364,1,4,0.25,4,4,1.0,0,6,6,1,0,0,1,2,13,6,20.7,1,2015-16
22015,203094,Andrew Nicholson,1610612753,ORL,Orlando Magic,0021500499,2016-01-02,ORL @ CLE,L,28,2,6,0.333,1,3,0.333,1,2,0.5,1,5,6,0,0,0,0,3,6,-9,13.2,1,2015-16
22015,203894,Shabazz Napier,1610612753,ORL,Orlando Magic,0021500499,2016-01-02,ORL @ CLE,L,18,2,5,0.4,0,2,0.0,6,6,1.0,0,4,4,1,1,0,2,1,10,7,17.3,1,2015-16
22015,203932,Aaron Gordon,1610612753,ORL,Orlando Magic,0021500499,2016-01-02,ORL @ CLE,L,26,5,10,0.5,1,2,0.5,0,0,,1,6,7,2,0,0,1,3,11,-4,21.4,1,2015-16
22015,1626209,Mario Hezonja,1610612753,ORL,Orlando Magic,0021500499,2016-01-02,ORL @ CLE,L,27,3,11,0.273,2,6,0.333,2,2,1.0,1,5,6,3,0,0,2,1,10,-3,19.7,1,2015-16
22015,201171,Carl Landry,1610612755,PHI,Philadelphia 76ers,0021500505,2016-01-02,PHI @ LAC,L,16,4,7,0.571,0,0,,3,6,0.5,1,3,4,1,2,0,1,2,11,-5,22.3,1,2015-16
22015,203457,Nerlens Noel,1610612755,PHI,Philadelphia 76ers,0021500505,2016-01-02,PHI @ LAC,L,22,6,9,0.667,0,0,,1,3,0.333,3,5,8,1,0,1,1,2,13,-26,26.1,1,2015-16
22015,203496,Robert Covington,1610612755,PHI,Philadelphia 76ers,0021500505,2016-01-02,PHI @ LAC,L,17,1,3,0.333,0,1,0.0,0,0,,0,5,5,1,0,1,1,2,2,1,11.5,1,2015-16
22015,1626158,Richaun Holmes,1610612755,PHI,Philadelphia 76ers,0021500505,2016-01-02,PHI @ LAC,L,16,4,6,0.667,0,1,0.0,0,0,,1,1,2,0,1,0,0,0,8,-5,13.4,1,2015-16
22015,200782,P.J. Tucker,1610612756,PHX,Phoenix Suns,0021500496,2016-01-02,PHX @ SAC,L,28,1,5,0.2,1,2,0.5,2,2,1.0,2,2,4,2,1,3,0,2,5,-25,24.8,1,2015-16
22015,201954,Darren Collison,1610612758,SAC,Sacramento Kings,0021500496,2016-01-02,SAC vs. PHX,W,29,7,10,0.7,2,4,0.5,5,6,0.833,0,2,2,6,0,0,1,5,21,26,31.4,1,2015-16
22015,203552,Seth Curry,1610612758,SAC,Sacramento Kings,0021500496,2016-01-02,SAC vs. PHX,W,6,2,2,1.0,0,0,,0,0,,1,0,1,1,0,0,1,0,4,1,5.7,1,2015-16
22015,1938,Manu Ginobili,1610612759,SAS,San Antonio Spurs,0021500502,2016-01-02,SAS vs. HOU,W,16,2,5,0.4,0,0,,4,4,1.0,2,0,2,5,1,0,0,3,8,15,20.9,1,2015-16
22015,2225,Tony Parker,1610612759,SAS,San Antonio Spurs,0021500502,2016-01-02,SAS vs. HOU,W,27,0,6,0.0,0,2,0.0,2,2,1.0,0,4,4,10,0,0,2,1,2,-2,19.8,1,2015-16
22015,200746,LaMarcus Aldridge,1610612759,SAS,San Antonio Spurs,0021500502,2016-01-02,SAS vs. HOU,W,32,10,16,0.625,0,0,,4,4,1.0,2,7,9,0,2,0,1,3,24,22,39.8,1,2015-16
22015,202695,Kawhi Leonard,1610612759,SAS,San Antonio Spurs,0021500502,2016-01-02,SAS vs. HOU,W,34,8,12,0.667,2,2,1.0,4,5,0.8,1,5,6,2,0,0,3,3,22,13,29.2,1,2015-16
22015,1626246,Boban Marjanovic,1610612759,SAS,San Antonio Spurs,0021500502,2016-01-02,SAS vs. HOU,W,4,0,2,0.0,0,0,,0,0,,0,0,0,1,0,0,1,0,0,-2,0.5,1,2015-16
22015,2216,Zach Randolph,1610612763,MEM,Memphis Grizzlies,0021500503,2016-01-02,MEM @ UTA,L,24,4,10,0.4,0,0,,0,4,0.0,1,4,5,3,1,0,1,2,8,-9,20.5,1,2015-16
22015,200797,Ryan Hollins,1610612763,MEM,Memphis Grizzlies,0021500503,2016-01-02,MEM @ UTA,L,6,0,1,0.0,0,0,,0,0,,2,0,2,0,0,1,0,0,0,-10,5.4,1,2015-16
22015,202391,Jeremy Lin,1610612766,CHA,Charlotte Hornets,0021500497,2016-01-02,CHA vs. OKC,L,34,5,15,0.333,1,4,0.25,4,6,0.667,0,1,1,4,1,1,0,5,15,-16,28.2,1,2015-16
22015,203087,Jeremy Lamb,1610612766,CHA,Charlotte Hornets,0021500497,2016-01-02,CHA vs. OKC,L,25,3,12,0.25,1,3,0.333,2,2,1.0,1,2,3,4,1,1,1,4,9,-12,23.6,1,2015-16
22015,203148,Brian Roberts,1610612766,CHA,Charlotte Hornets,0021500497,2016-01-02,CHA vs. OKC,L,4,0,1,0.0,0,0,,0,0,,0,0,0,1,0,0,0,0,0,0,1.5,1,2015-16
22015,203798,PJ Hairston,1610612766,CHA,Charlotte Hornets,0021500497,2016-01-02,CHA vs. OKC,L,21,3,6,0.5,2,4,0.5,2,2,1.0,0,1,1,1,1,0,0,4,10,-11,15.7,1,2015-16
22015,1626151,Aaron Harrison,1610612766,CHA,Charlotte Hornets,0021500497,2016-01-02,CHA vs. OKC,L,4,0,1,0.0,0,1,0.0,0,0,,1,0,1,0,0,0,0,0,0,0,1.2,1,2015-16
22015,201973,Jonas Jerebko,1610612738,BOS,Boston Celtics,0021500495,2016-01-02,BOS vs. BKN,L,16,1,6,0.167,1,4,0.25,2,2,1.0,2,5,7,1,0,0,0,0,5,1,14.9,1,2015-16
22015,202697,Iman Shumpert,1610612739,CLE,Cleveland Cavaliers,0021500499,2016-01-02,CLE vs. ORL,W,21,1,3,0.333,1,2,0.5,0,0,,0,2,2,1,0,0,0,2,3,20,6.9,1,2015-16
22015,201569,Eric Gordon,1610612740,NOP,New Orleans Pelicans,0021500501,2016-01-02,NOP @ DAL,W,37,6,14,0.429,2,5,0.4,2,2,1.0,0,3,3,1,0,0,1,2,16,15,20.1,1,2015-16
22015,202087,Alonzo Gee,1610612740,NOP,New Orleans Pelicans,0021500501,2016-01-02,NOP @ DAL,W,25,2,3,0.667,0,0,,1,2,0.5,0,8,8,2,0,0,0,3,5,4,17.6,1,2015-16
22015,1717,Dirk Nowitzki,1610612742,DAL,Dallas Mavericks,0021500501,2016-01-02,DAL vs. NOP,L,33,8,21,0.381,2,5,0.4,6,8,0.75,0,4,4,3,0,0,0,1,24,-7,33.3,1,2015-16
22015,202083,Wesley Matthews,1610612742,DAL,Dallas Mavericks,0021500501,2016-01-02,DAL vs. NOP,L,35,7,13,0.538,4,10,0.4,0,0,,0,1,1,0,1,0,0,3,18,2,22.2,1,2015-16
22015,202718,Chandler Parsons,1610612742,DAL,Dallas Mavericks,0021500501,2016-01-02,DAL vs. NOP,L,34,2,6,0.333,1,2,0.5,1,2,0.5,0,1,1,3,2,0,1,3,6,-4,16.7,1,2015-16
22015,2749,Jameer Nelson,1610612743,DEN,Denver Nuggets,0021500504,2016-01-02,DEN @ GSW,L,46,8,18,0.444,2,10,0.2,2,2,1.0,4,4,8,7,0,0,2,4,20,-5,38.1,1,2015-16
22015,203093,Terrence Jones,1610612745,HOU,Houston Rockets,0021500502,2016-01-02,HOU @ SAS,L,27,3,7,0.429,0,2,0.0,2,2,1.0,0,2,2,3,0,0,3,4,8,-36,11.9,1,2015-16
22015,203991,Clint Capela,1610612745,HOU,Houston Rockets,0021500502,2016-01-02,HOU @ SAS,L,26,4,6,0.667,0,0,,0,0,,1,6,7,0,1,4,0,2,8,-1,31.4,1,2015-16
22015,201599,DeAndre Jordan,1610612746,LAC,LA Clippers,0021500505,2016-01-02,LAC vs. PHI,W,30,9,10,0.9,0,0,,4,7,0.571,2,11,13,1,0,1,1,2,22,23,41.1,1,2015-16
22015,1626183,Branden Dawson,1610612746,LAC,LA Clippers,0021500505,2016-01-02,LAC vs. PHI,W,9,1,2,0.5,0,0,,0,0,,2,1,3,0,0,0,0,0,2,-6,5.6,1,2015-16
22015,203487,Michael Carter-Williams,1610612749,MIL,Milwaukee Bucks,0021500500,2016-01-02,MIL @ MIN,W,35,1,7,0.143,0,0,,3,4,0.75,1,6,7,6,2,3,1,4,5,-5,36.4,1,2015-16
22015,203507,Giannis Antetokounmpo,1610612749,MIL,Milwaukee Bucks,0021500500,2016-01-02,MIL @ MIN,W,30,3,9,0.333,1,2,0.5,4,4,1.0,1,8,9,2,2,0,4,3,11,19,26.8,1,2015-16
22015,708,Kevin Garnett,1610612750,MIN,Minnesota Timberwolves,0021500500,2016-01-02,MIN vs. MIL,L,16,2,4,0.5,0,1,0.0,0,0,,1,5,6,2,1,0,1,2,4,3,16.2,1,2015-16
22015,202357,Nemanja Bjelica,1610612750,MIN,Minnesota Timberwolves,0021500500,2016-01-02,MIN vs. MIL,L,8,1,1,1.0,0,0,,1,1,1.0,1,0,1,1,0,0,0,0,3,-7,5.7,1,2015-16
22015,203897,Zach LaVine,1610612750,MIN,Minnesota Timberwolves,0021500500,2016-01-02,MIN vs. MIL,L,21,3,9,0.333,0,3,0.0,0,0,,0,3,3,1,0,0,2,4,6,-17,9.1,1,2015-16
22015,202699,Tobias Harris,1610612753,ORL,Orlando Magic,0021500499,2016-01-02,ORL @ CLE,L,22,2,5,0.4,0,2,0.0,0,0,,0,5,5,1,0,1,1,2,4,-23,13.5,1,2015-16
22015,101139,CJ Miles,1610612754,IND,Indiana Pacers,0021500498,2016-01-02,IND vs. DET,W,26,3,8,0.375,1,5,0.2,1,2,0.5,0,0,0,0,1,2,1,1,8,-2,16.0,1,2015-16
22015,201588,George Hill,1610612754,IND,Indiana Pacers,0021500498,2016-01-02,IND vs. DET,W,37,7,8,0.875,1,1,1.0,3,4,0.75,1,3,4,1,1,0,2,3,18,16,25.3,1,2015-16
22015,203960,JaKarr Sampson,1610612755,PHI,Philadelphia 76ers,0021500505,2016-01-02,PHI @ LAC,L,23,4,8,0.5,1,2,0.5,0,0,,0,1,1,2,0,2,2,3,9,-19,17.2,1,2015-16
22015,202688,Brandon Knight,1610612756,PHX,Phoenix Suns,0021500496,2016-01-02,PHX @ SAC,L,32,9,17,0.529,1,4,0.25,4,5,0.8,0,5,5,5,1,0,0,1,23,-27,39.5,1,2015-16
22015,2564,Boris Diaw,1610612759,SAS,San Antonio Spurs,0021500502,2016-01-02,SAS vs. HOU,W,25,8,13,0.615,2,2,1.0,2,2,1.0,3,5,8,2,2,0,1,3,20,18,37.6,1,2015-16
22015,201980,Danny Green,1610612759,SAS,San Antonio Spurs,0021500502,2016-01-02,SAS vs. HOU,W,32,6,9,0.667,6,8,0.75,0,0,,0,4,4,3,3,1,1,2,18,12,38.3,1,2015-16
22015,203481,Jeff Withey,1610612762,UTA,Utah Jazz,0021500503,2016-01-02,UTA vs. MEM,W,32,5,9,0.556,0,0,,2,4,0.5,3,7,10,2,1,4,3,6,12,-4,39.0,1,2015-16
22015,1713,Vince Carter,1610612763,MEM,Memphis Grizzlies,0021500503,2016-01-02,MEM @ UTA,L,9,0,1,0.0,0,1,0.0,0,0,,0,1,1,1,0,0,0,1,0,-8,2.7,1,2015-16
22015,201144,Mike Conley,1610612763,MEM,Memphis Grizzlies,0021500503,2016-01-02,MEM @ UTA,L,41,5,16,0.313,2,6,0.333,3,6,0.5,1,3,4,4,1,1,1,1,15,8,30.8,1,2015-16
22015,201145,Jeff Green,1610612763,MEM,Memphis Grizzlies,0021500503,2016-01-02,MEM @ UTA,L,44,3,10,0.3,0,5,0.0,0,2,0.0,1,9,10,0,0,0,2,5,6,3,16.0,1,2015-16
22015,201943,Brandon Jennings,1610612765,DET,Detroit Pistons,0021500498,2016-01-02,DET @ IND,L,19,1,5,0.2,0,2,0.0,2,2,1.0,0,2,2,3,1,0,1,2,4,11,12.9,1,2015-16
22015,202694,Marcus Morris Sr.,1610612765,DET,Detroit Pistons,0021500498,2016-01-02,DET @ IND,L,36,5,13,0.385,0,1,0.0,1,2,0.5,1,1,2,4,0,0,1,3,11,-18,18.4,1,2015-16
22015,203083,Andre Drummond,1610612765,DET,Detroit Pistons,0021500498,2016-01-02,DET @ IND,L,36,5,12,0.417,0,0,,1,8,0.125,7,11,18,0,1,2,1,3,11,-18,40.6,1,2015-16
22015,203382,Aron Baynes,1610612765,DET,Detroit Pistons,0021500498,2016-01-02,DET @ IND,L,12,3,5,0.6,0,0,,4,4,1.0,1,2,3,0,0,0,0,1,10,6,13.6,1,2015-16
22015,203469,Cody Zeller,1610612766,CHA,Charlotte Hornets,0021500497,2016-01-02,CHA vs. OKC,L,23,2,5,0.4,0,0,,3,4,0.75,1,3,4,0,0,1,0,4,7,-14,14.8,1,2015-16
22015,203584,Troy Daniels,1610612766,CHA,Charlotte Hornets,0021500497,2016-01-02,CHA vs. OKC,L,18,1,3,0.333,1,2,0.5,0,0,,0,4,4,0,1,0,0,2,3,-5,10.8,1,2015-16
22015,202340,Avery Bradley,1610612738,BOS,Boston Celtics,0021500495,2016-01-02,BOS vs. BKN,L,11,1,4,0.25,0,2,0.0,0,0,,1,1,2,0,0,0,1,1,2,-5,3.4,1,2015-16
22015,203935,Marcus Smart,1610612738,BOS,Boston Celtics,0021500495,2016-01-02,BOS vs. BKN,L,24,3,7,0.429,0,3,0.0,5,7,0.714,3,0,3,1,3,0,0,3,11,0,25.1,1,2015-16
22015,202389,Timofey Mozgov,1610612739,CLE,Cleveland Cavaliers,0021500499,2016-01-02,CLE vs. ORL,W,13,2,4,0.5,0,0,,3,3,1.0,1,4,5,2,1,0,0,2,7,9,19.0,1,2015-16
22015,203099,Jared Cunningham,1610612739,CLE,Cleveland Cavaliers,0021500499,2016-01-02,CLE vs. ORL,W,7,1,3,0.333,0,0,,0,0,,0,2,2,0,0,0,1,1,2,-3,3.4,1,2015-16
22015,201962,Toney Douglas,1610612740,NOP,New Orleans Pelicans,0021500501,2016-01-02,NOP @ DAL,W,14,0,2,0.0,0,1,0.0,0,0,,0,1,1,4,0,0,0,2,0,-4,7.2,1,2015-16
22015,203076,Anthony Davis,1610612740,NOP,New Orleans Pelicans,0021500501,2016-01-02,NOP @ DAL,W,43,13,22,0.591,0,0,,5,6,0.833,4,10,14,0,1,1,4,2,31,7,49.8,1,2015-16
22015,200826,J.J. Barea,1610612742,DAL,Dallas Mavericks,0021500501,2016-01-02,DAL vs. NOP,L,27,3,10,0.3,1,3,0.333,3,3,1.0,0,7,7,5,2,0,1,1,10,4,30.9,1,2015-16
22015,203939,Dwight Powell,1610612742,DAL,Dallas Mavericks,0021500501,2016-01-02,DAL vs. NOP,L,9,1,1,1.0,0,0,,0,0,,0,1,1,0,0,0,0,1,2,-2,3.2,1,2015-16
22015,200751,Randy Foye,1610612743,DEN,Denver Nuggets,0021500504,2016-01-02,DEN @ GSW,L,21,1,3,0.333,0,1,0.0,0,0,,1,0,1,4,1,0,0,0,2,10,12.2,1,2015-16
22015,203914,Gary Harris,1610612743,DEN,Denver Nuggets,0021500504,2016-01-02,DEN @ GSW,L,39,5,12,0.417,1,4,0.25,0,0,,0,2,2,1,2,0,1,2,11,-11,19.9,1,2015-16
22015,201574,Jason Thompson,1610612744,GSW,Golden State Warriors,0021500504,2016-01-02,GSW vs. DEN,W,12,2,4,0.5,0,0,,5,8,0.625,0,3,3,2,0,0,0,2,9,-13,15.6,1,2015-16
22015,201578,Marreese Speights,1610612744,GSW,Golden State Warriors,0021500504,2016-01-02,GSW vs. DEN,W,18,3,9,0.333,0,1,0.0,2,3,0.667,3,5,8,0,0,0,2,1,8,-6,15.6,1,2015-16
22015,2730,Dwight Howard,1610612745,HOU,Houston Rockets,0021500502,2016-01-02,HOU @ SAS,L,37,6,9,0.667,0,0,,10,17,0.588,2,10,12,2,0,0,2,1,22,-6,37.4,1,2015-16
22015,2772,Trevor Ariza,1610612745,HOU,Houston Rockets,0021500502,2016-01-02,HOU @ SAS,L,25,4,10,0.4,2,4,0.5,0,0,,1,0,1,3,2,0,1,0,10,-12,20.7,1,2015-16
22015,201935,James Harden,1610612745,HOU,Houston Rockets,0021500502,2016-01-02,HOU @ SAS,L,30,6,10,0.6,2,5,0.4,3,3,1.0,1,1,2,3,1,0,5,3,17,-31,21.9,1,2015-16
22015,201951,Ty Lawson,1610612745,HOU,Houston Rockets,0021500502,2016-01-02,HOU @ SAS,L,18,3,6,0.5,0,2,0.0,0,0,,0,3,3,6,1,0,2,2,6,-5,19.6,1,2015-16
22015,201976,Patrick Beverley,1610612745,HOU,Houston Rockets,0021500502,2016-01-02,HOU @ SAS,L,31,3,8,0.375,1,1,1.0,3,6,0.5,2,3,5,7,1,0,0,3,10,-10,29.5,1,2015-16
22015,2037,Jamal Crawford,1610612746,LAC,LA Clippers,0021500505,2016-01-02,LAC vs. PHI,W,18,4,6,0.667,0,2,0.0,5,5,1.0,0,1,1,2,0,0,1,0,13,16,16.2,1,2015-16
22015,101108,Chris Paul,1610612746,LAC,LA Clippers,0021500505,2016-01-02,LAC vs. PHI,W,26,4,12,0.333,1,4,0.25,6,6,1.0,0,5,5,14,1,0,2,2,15,22,43.0,1,2015-16
22015,200755,JJ Redick,1610612746,LAC,LA Clippers,0021500505,2016-01-02,LAC vs. PHI,W,24,6,11,0.545,4,5,0.8,0,0,,0,1,1,2,0,0,1,1,16,22,19.2,1,2015-16
22015,201601,Luc Mbah a Moute,1610612746,LAC,LA Clippers,0021500505,2016-01-02,LAC vs. PHI,W,23,3,4,0.75,0,0,,1,2,0.5,1,3,4,0,0,1,0,1,7,22,14.8,1,2015-16
22015,202325,Wesley Johnson,1610612746,LAC,LA Clippers,0021500505,2016-01-02,LAC vs. PHI,W,24,4,8,0.5,4,7,0.571,0,0,,0,2,2,1,4,2,1,2,12,19,32.9,1,2015-16
22015,202332,Cole Aldrich,1610612746,LAC,LA Clippers,0021500505,2016-01-02,LAC vs. PHI,W,12,4,6,0.667,0,0,,0,0,,0,9,9,1,0,2,3,5,8,13,23.3,1,2015-16
22015,203953,Jabari Parker,1610612749,MIL,Milwaukee Bucks,0021500500,2016-01-02,MIL @ MIN,W,35,4,7,0.571,0,0,,4,4,1.0,1,5,6,1,0,0,1,4,12,-11,19.7,1,2015-16
22015,203476,Gorgui Dieng,1610612750,MIN,Minnesota Timberwolves,0021500500,2016-01-02,MIN vs. MIL,L,25,3,5,0.6,0,0,,3,3,1.0,2,4,6,0,0,0,4,3,9,-3,12.2,1,2015-16
22015,203498,Shabazz Muhammad,1610612750,MIN,Minnesota Timberwolves,0021500500,2016-01-02,MIN vs. MIL,L,26,5,11,0.455,1,2,0.5,1,3,0.333,2,2,4,1,1,0,0,2,12,-1,21.3,1,2015-16
22015,1626157,Karl-Anthony Towns,1610612750,MIN,Minnesota Timberwolves,0021500500,2016-01-02,MIN vs. MIL,L,26,4,17,0.235,0,0,,0,0,,3,7,10,2,1,3,0,1,8,-4,35.0,1,2015-16
22015,101112,Channing Frye,1610612753,ORL,Orlando Magic,0021500499,2016-01-02,ORL @ CLE,L,13,1,4,0.25,1,4,0.25,0,0,,0,2,2,0,0,0,0,4,3,-13,5.4,1,2015-16
22015,201160,Jason Smith,1610612753,ORL,Orlando Magic,0021500499,2016-01-02,ORL @ CLE,L,13,3,3,1.0,0,0,,2,2,1.0,0,3,3,0,0,0,2,4,8,-16,9.6,1,2015-16
22015,202696,Nikola Vučević,1610612753,ORL,Orlando Magic,0021500499,2016-01-02,ORL @ CLE,L,13,2,5,0.4,0,0,,0,0,,0,3,3,1,0,0,1,4,4,-15,8.1,1,2015-16
22015,101133,Ian Mahinmi,1610612754,IND,Indiana Pacers,0021500498,2016-01-02,IND vs. DET,W,16,0,2,0.0,0,0,,1,2,0.5,1,3,4,0,1,0,0,2,1,-6,8.8,1,2015-16
22015,101145,Monta Ellis,1610612754,IND,Indiana Pacers,0021500498,2016-01-02,IND vs. DET,W,34,5,14,0.357,1,3,0.333,3,3,1.0,0,3,3,3,1,2,0,1,14,14,31.1,1,2015-16
22015,202331,Paul George,1610612754,IND,Indiana Pacers,0021500498,2016-01-02,IND vs. DET,W,33,9,18,0.5,4,7,0.571,10,12,0.833,1,13,14,3,1,0,7,3,32,16,49.3,1,2015-16
22015,203917,Nik Stauskas,1610612755,PHI,Philadelphia 76ers,0021500505,2016-01-02,PHI @ LAC,L,28,6,10,0.6,6,8,0.75,0,0,,0,4,4,3,0,0,1,3,18,-23,26.3,1,2015-16
22015,1626143,Jahlil Okafor,1610612755,PHI,Philadelphia 76ers,0021500505,2016-01-02,PHI @ LAC,L,18,10,14,0.714,0,0,,3,6,0.5,2,2,4,1,0,0,1,0,23,-9,28.3,1,2015-16
22015,201603,Sonny Weems,1610612756,PHX,Phoenix Suns,0021500496,2016-01-02,PHX @ SAC,L,8,2,2,1.0,2,2,1.0,0,0,,0,0,0,1,0,0,1,1,6,-1,6.5,1,2015-16
22015,202720,Jon Leuer,1610612756,PHX,Phoenix Suns,0021500496,2016-01-02,PHX @ SAC,L,17,3,6,0.5,1,3,0.333,4,4,1.0,0,4,4,1,1,1,3,4,11,-1,20.3,1,2015-16
22015,200752,Rudy Gay,1610612758,SAC,Sacramento Kings,0021500496,2016-01-02,SAC vs. PHX,W,34,8,16,0.5,0,2,0.0,0,0,,0,3,3,2,3,1,2,2,16,4,32.6,1,2015-16
22015,201158,Marco Belinelli,1610612758,SAC,Sacramento Kings,0021500496,2016-01-02,SAC vs. PHX,W,25,7,11,0.636,2,5,0.4,3,3,1.0,0,2,2,0,1,0,0,2,19,6,24.4,1,2015-16
22015,2555,Nick Collison,1610612760,OKC,Oklahoma City Thunder,0021500497,2016-01-02,OKC @ CHA,W,7,0,0,,0,0,,0,0,,1,1,2,0,0,0,0,1,0,-2,2.4,1,2015-16
22015,202683,Enes Freedom,1610612760,OKC,Oklahoma City Thunder,0021500497,2016-01-02,OKC @ CHA,W,24,6,11,0.545,0,0,,0,0,,1,3,4,0,0,3,0,2,12,1,25.8,1,2015-16
22015,202713,Kyle Singler,1610612760,OKC,Oklahoma City Thunder,0021500497,2016-01-02,OKC @ CHA,W,15,0,2,0.0,0,2,0.0,1,2,0.5,1,0,1,1,0,0,1,1,1,10,2.7,1,2015-16
22015,202330,Gordon Hayward,1610612762,UTA,Utah Jazz,0021500503,2016-01-02,UTA vs. MEM,W,42,5,10,0.5,1,4,0.25,3,4,0.75,0,5,5,4,1,0,2,2,14,-2,27.0,1,2015-16
22015,202344,Trevor Booker,1610612762,UTA,Utah Jazz,0021500503,2016-01-02,UTA vs. MEM,W,35,0,1,0.0,0,0,,4,6,0.667,4,7,11,3,0,2,2,4,4,1,25.7,1,2015-16
22015,203504,Trey Burke,1610612762,UTA,Utah Jazz,0021500503,2016-01-02,UTA vs. MEM,W,32,3,13,0.231,0,3,0.0,3,4,0.75,0,2,2,2,1,0,2,0,9,8,15.4,1,2015-16
22015,204060,Joe Ingles,1610612762,UTA,Utah Jazz,0021500503,2016-01-02,UTA vs. MEM,W,16,1,6,0.167,1,5,0.2,0,0,,0,0,0,1,0,0,0,1,3,16,4.5,1,2015-16
22015,1626168,Trey Lyles,1610612762,UTA,Utah Jazz,0021500503,2016-01-02,UTA vs. MEM,W,19,2,2,1.0,1,1,1.0,2,2,1.0,0,3,3,1,0,0,2,0,7,-7,10.1,1,2015-16
22015,201188,Marc Gasol,1610612763,MEM,Memphis Grizzlies,0021500503,2016-01-02,MEM @ UTA,L,45,8,20,0.4,0,0,,4,5,0.8,2,5,7,4,0,2,4,4,20,8,36.4,1,2015-16
22015,101161,Amir Johnson,1610612738,BOS,Boston Celtics,0021500495,2016-01-02,BOS vs. BKN,L,29,3,4,0.75,0,0,,1,2,0.5,4,7,11,2,0,2,0,5,7,9,29.2,1,2015-16
22015,202323,Evan Turner,1610612738,BOS,Boston Celtics,0021500495,2016-01-02,BOS vs. BKN,L,37,4,11,0.364,0,3,0.0,4,4,1.0,1,6,7,3,0,0,1,2,12,2,23.9,1,2015-16
22015,203109,Jae Crowder,1610612738,BOS,Boston Celtics,0021500495,2016-01-02,BOS vs. BKN,L,31,5,13,0.385,2,6,0.333,4,5,0.8,2,5,7,3,2,0,2,5,16,-10,32.9,1,2015-16
22015,203482,Kelly Olynyk,1610612738,BOS,Boston Celtics,0021500495,2016-01-02,BOS vs. BKN,L,12,3,5,0.6,1,3,0.333,0,0,,0,4,4,0,0,0,2,1,7,-2,9.8,1,2015-16
22015,203923,James Young,1610612738,BOS,Boston Celtics,0021500495,2016-01-02,BOS vs. BKN,L,8,0,0,,0,0,,0,0,,0,1,1,0,0,0,0,0,0,6,1.2,1,2015-16
22015,2590,Mo Williams,1610612739,CLE,Cleveland Cavaliers,0021500499,2016-01-02,CLE vs. ORL,W,8,2,6,0.333,1,4,0.25,3,3,1.0,0,1,1,1,0,0,0,1,8,-2,10.7,1,2015-16
22015,2747,JR Smith,1610612739,CLE,Cleveland Cavaliers,0021500499,2016-01-02,CLE vs. ORL,W,20,1,7,0.143,1,5,0.2,0,0,,1,1,2,1,1,1,0,2,3,8,12.9,1,2015-16
22015,2760,Anderson Varejao,1610612739,CLE,Cleveland Cavaliers,0021500499,2016-01-02,CLE vs. ORL,W,7,0,1,0.0,0,0,,0,0,,0,3,3,1,0,0,0,1,0,-3,5.1,1,2015-16
22015,203521,Matthew Dellavedova,1610612739,CLE,Cleveland Cavaliers,0021500499,2016-01-02,CLE vs. ORL,W,19,1,6,0.167,1,5,0.2,0,0,,0,3,3,6,0,0,1,1,3,11,14.6,1,2015-16
22015,201583,Ryan Anderson,1610612740,NOP,New Orleans Pelicans,0021500501,2016-01-02,NOP @ DAL,W,29,4,12,0.333,2,6,0.333,6,6,1.0,2,6,8,1,1,0,1,1,16,1,29.1,1,2015-16
22015,2585,Zaza Pachulia,1610612742,DAL,Dallas Mavericks,0021500501,2016-01-02,DAL vs. NOP,L,35,6,11,0.545,0,0,,2,2,1.0,2,7,9,2,4,1,4,2,14,-11,38.8,1,2015-16
22015,201568,Danilo Gallinari,1610612743,DEN,Denver Nuggets,0021500504,2016-01-02,DEN @ GSW,L,41,9,18,0.5,1,5,0.2,5,8,0.625,3,3,6,2,2,0,0,2,24,-2,40.2,1,2015-16
22015,203994,Jusuf Nurkić,1610612743,DEN,Denver Nuggets,0021500504,2016-01-02,DEN @ GSW,L,5,0,5,0.0,0,0,,3,4,0.75,1,1,2,0,0,0,1,0,3,-3,4.4,1,2015-16
22015,201939,Stephen Curry,1610612744,GSW,Golden State Warriors,0021500504,2016-01-02,GSW vs. DEN,W,14,2,6,0.333,1,5,0.2,0,0,,0,1,1,4,2,0,2,1,5,12,16.2,1,2015-16
22015,202691,Klay Thompson,1610612744,GSW,Golden State Warriors,0021500504,2016-01-02,GSW vs. DEN,W,46,11,27,0.407,2,9,0.222,2,4,0.5,0,7,7,3,2,0,1,0,26,13,43.9,1,2015-16
22015,203143,Pablo Prigioni,1610612746,LAC,LA Clippers,0021500505,2016-01-02,LAC vs. PHI,W,22,1,1,1.0,0,0,,0,0,,1,2,3,3,1,0,3,2,2,9,10.1,1,2015-16
22015,201573,Jerryd Bayless,1610612749,MIL,Milwaukee Bucks,0021500500,2016-01-02,MIL @ MIN,W,32,4,13,0.308,3,6,0.5,2,2,1.0,1,4,5,2,0,0,2,1,13,20,20.0,1,2015-16
22015,202328,Greg Monroe,1610612749,MIL,Milwaukee Bucks,0021500500,2016-01-02,MIL @ MIN,W,27,7,13,0.538,0,0,,5,5,1.0,4,6,10,3,2,0,0,1,19,2,41.5,1,2015-16
22015,203948,Johnny O'Bryant III,1610612749,MIL,Milwaukee Bucks,0021500500,2016-01-02,MIL @ MIN,W,5,1,1,1.0,0,0,,0,0,,0,0,0,0,1,0,0,2,2,8,5.0,1,2015-16
22015,2207,Joe Johnson,1610612751,BKN,Brooklyn Nets,0021500495,2016-01-02,BKN @ BOS,W,39,9,19,0.474,2,7,0.286,0,0,,0,1,1,2,0,0,3,2,20,-1,21.2,1,2015-16
22015,101127,Jarrett Jack,1610612751,BKN,Brooklyn Nets,0021500495,2016-01-02,BKN @ BOS,W,23,0,5,0.0,0,1,0.0,2,2,1.0,0,1,1,9,0,1,1,2,2,8,18.7,1,2015-16
22015,200745,Andrea Bargnani,1610612751,BKN,Brooklyn Nets,0021500495,2016-01-02,BKN @ BOS,W,8,2,3,0.667,0,0,,0,0,,1,1,2,1,0,0,0,0,4,-9,7.9,1,2015-16
22015,202388,Donald Sloan,1610612751,BKN,Brooklyn Nets,0021500495,2016-01-02,BKN @ BOS,W,8,1,2,0.5,0,1,0.0,0,0,,0,0,0,1,0,0,0,1,2,-11,3.5,1,2015-16
22015,203499,Shane Larkin,1610612751,BKN,Brooklyn Nets,0021500495,2016-01-02,BKN @ BOS,W,24,0,3,0.0,0,2,0.0,2,2,1.0,0,4,4,4,2,0,4,3,2,-1,14.8,1,2015-16
22015,202730,Lavoy Allen,1610612754,IND,Indiana Pacers,0021500498,2016-01-02,IND vs. DET,W,21,1,3,0.333,0,0,,0,0,,2,5,7,0,1,0,0,1,2,14,13.4,1,2015-16
22015,203924,Jerami Grant,1610612755,PHI,Philadelphia 76ers,0021500505,2016-01-02,PHI @ LAC,L,26,3,8,0.375,1,3,0.333,1,2,0.5,0,1,1,0,0,0,0,2,8,-20,9.2,1,2015-16
22015,2199,Tyson Chandler,1610612756,PHX,Phoenix Suns,0021500496,2016-01-02,PHX @ SAC,L,12,2,2,1.0,0,0,,2,3,0.667,0,1,1,1,1,0,2,4,6,1,9.7,1,2015-16
22015,101179,Ronnie Price,1610612756,PHX,Phoenix Suns,0021500496,2016-01-02,PHX @ SAC,L,16,3,5,0.6,2,3,0.667,2,2,1.0,0,1,1,5,0,1,2,3,10,-4,19.7,1,2015-16
22015,203933,T.J. Warren,1610612756,PHX,Phoenix Suns,0021500496,2016-01-02,PHX @ SAC,L,36,9,19,0.474,0,5,0.0,1,2,0.5,1,4,5,4,0,0,3,4,19,-14,28.0,1,2015-16
22015,1626164,Devin Booker,1610612756,PHX,Phoenix Suns,0021500496,2016-01-02,PHX @ SAC,L,42,6,10,0.6,2,5,0.4,7,8,0.875,0,1,1,3,4,0,1,2,21,-14,37.7,1,2015-16
22015,200765,Rajon Rondo,1610612758,SAC,Sacramento Kings,0021500496,2016-01-02,SAC vs. PHX,W,30,6,11,0.545,1,2,0.5,2,2,1.0,1,5,6,15,1,0,3,2,15,24,44.7,1,2015-16
22015,201956,Omri Casspi,1610612758,SAC,Sacramento Kings,0021500496,2016-01-02,SAC vs. PHX,W,29,4,8,0.5,2,4,0.5,3,3,1.0,2,5,7,1,1,0,0,3,13,25,25.9,1,2015-16
22015,202341,James Anderson,1610612758,SAC,Sacramento Kings,0021500496,2016-01-02,SAC vs. PHX,W,15,2,3,0.667,1,2,0.5,0,0,,0,3,3,0,0,0,1,2,5,12,7.6,1,2015-16
22015,203112,Quincy Acy,1610612758,SAC,Sacramento Kings,0021500496,2016-01-02,SAC vs. PHX,W,4,1,2,0.5,0,0,,0,0,,0,0,0,0,1,0,0,1,2,0,5.0,1,2015-16
22015,203463,Ben McLemore,1610612758,SAC,Sacramento Kings,0021500496,2016-01-02,SAC vs. PHX,W,22,0,3,0.0,0,2,0.0,3,4,0.75,0,1,1,3,0,0,4,1,3,-6,4.7,1,2015-16
22015,203937,Kyle Anderson,1610612759,SAS,San Antonio Spurs,0021500502,2016-01-02,SAS vs. HOU,W,2,0,0,,0,0,,2,2,1.0,0,0,0,0,0,0,0,0,2,0,2.0,1,2015-16
22015,203460,Andre Roberson,1610612760,OKC,Oklahoma City Thunder,0021500497,2016-01-02,OKC @ CHA,W,15,0,1,0.0,0,1,0.0,0,0,,1,3,4,1,0,1,0,4,0,10,9.3,1,2015-16
22015,1626166,Cameron Payne,1610612760,OKC,Oklahoma City Thunder,0021500497,2016-01-02,OKC @ CHA,W,20,3,5,0.6,0,1,0.0,1,2,0.5,0,3,3,3,1,0,0,4,7,3,18.1,1,2015-16
22015,202353,Tibor Pleiss,1610612762,UTA,Utah Jazz,0021500503,2016-01-02,UTA vs. MEM,W,17,3,4,0.75,0,0,,0,0,,1,5,6,1,0,0,2,5,6,11,12.7,1,2015-16
22015,203526,Raul Neto,1610612762,UTA,Utah Jazz,0021500503,2016-01-02,UTA vs. MEM,W,20,1,7,0.143,0,3,0.0,0,0,,0,1,1,2,0,0,1,1,2,-6,5.2,1,2015-16
22015,201584,Courtney Lee,1610612763,MEM,Memphis Grizzlies,0021500503,2016-01-02,MEM @ UTA,L,41,5,9,0.556,2,3,0.667,5,6,0.833,0,2,2,2,3,0,1,3,17,-15,30.4,1,2015-16
22015,203210,JaMychal Green,1610612763,MEM,Memphis Grizzlies,0021500503,2016-01-02,MEM @ UTA,L,6,0,0,,0,0,,0,0,,0,1,1,0,0,0,0,1,0,-3,1.2,1,2015-16
22015,101141,Ersan Ilyasova,1610612765,DET,Detroit Pistons,0021500498,2016-01-02,DET @ IND,L,32,6,16,0.375,0,3,0.0,0,0,,2,5,7,1,1,0,2,1,12,-18,22.9,1,2015-16
22015,202704,Reggie Jackson,1610612765,DET,Detroit Pistons,0021500498,2016-01-02,DET @ IND,L,29,5,19,0.263,2,5,0.4,0,1,0.0,0,3,3,5,1,0,1,2,12,-23,25.1,1,2015-16
22015,1626169,Stanley Johnson,1610612765,DET,Detroit Pistons,0021500498,2016-01-02,DET @ IND,L,19,2,6,0.333,0,1,0.0,2,3,0.667,1,1,2,2,0,0,1,3,6,7,10.4,1,2015-16
22015,202689,Kemba Walker,1610612766,CHA,Charlotte Hornets,0021500497,2016-01-02,CHA vs. OKC,L,36,10,24,0.417,1,5,0.2,11,12,0.917,0,3,3,5,3,1,1,2,32,-11,54.1,1,2015-16
22015,101135,David Lee,1610612738,BOS,Boston Celtics,0021500495,2016-01-02,BOS vs. BKN,L,10,1,5,0.2,0,0,,1,2,0.5,0,1,1,1,0,0,0,1,3,0,5.7,1,2015-16
22015,202681,Kyrie Irving,1610612739,CLE,Cleveland Cavaliers,0021500499,2016-01-02,CLE vs. ORL,W,21,4,12,0.333,0,4,0.0,5,7,0.714,1,1,2,5,0,0,1,1,13,16,21.9,1,2015-16
22015,201600,Omer Asik,1610612740,NOP,New Orleans Pelicans,0021500501,2016-01-02,NOP @ DAL,W,20,0,0,,0,0,,1,2,0.5,2,1,3,1,0,0,4,3,1,8,2.1,1,2015-16
22015,201950,Jrue Holiday,1610612740,NOP,New Orleans Pelicans,0021500501,2016-01-02,NOP @ DAL,W,30,8,14,0.571,2,6,0.333,2,4,0.5,0,3,3,5,2,1,3,1,20,1,37.1,1,2015-16
22015,101111,Charlie Villanueva,1610612742,DAL,Dallas Mavericks,0021500501,2016-01-02,DAL vs. NOP,L,6,0,4,0.0,0,2,0.0,0,0,,0,1,1,1,0,0,0,1,0,0,2.7,1,2015-16
22015,201580,JaVale McGee,1610612742,DAL,Dallas Mavericks,0021500501,2016-01-02,DAL vs. NOP,L,13,0,2,0.0,0,0,,0,0,,1,4,5,0,0,1,0,4,0,6,9.0,1,2015-16
22015,2733,Shaun Livingston,1610612744,GSW,Golden State Warriors,0021500504,2016-01-02,GSW vs. DEN,W,25,3,5,0.6,0,0,,2,2,1.0,0,0,0,3,0,2,1,5,8,-12,17.5,1,2015-16
22015,2746,Josh Smith,1610612746,LAC,LA Clippers,0021500505,2016-01-02,LAC vs. PHI,W,7,0,2,0.0,0,0,,0,0,,0,0,0,0,0,0,0,1,0,-5,0.0,1,2015-16
22015,203473,Dewayne Dedmon,1610612753,ORL,Orlando Magic,0021500499,2016-01-02,ORL @ CLE,L,22,4,6,0.667,0,0,,0,0,,0,5,5,0,0,1,0,2,8,6,17.0,1,2015-16
22015,1626167,Myles Turner,1610612754,IND,Indiana Pacers,0021500498,2016-01-02,IND vs. DET,W,10,1,5,0.2,0,0,,2,2,1.0,1,3,4,0,0,2,1,2,4,3,13.8,1,2015-16
22015,203477,Isaiah Canaan,1610612755,PHI,Philadelphia 76ers,0021500505,2016-01-02,PHI @ LAC,L,15,0,5,0.0,0,2,0.0,0,0,,2,0,2,1,1,0,0,3,0,-18,6.9,1,2015-16
22015,202326,DeMarcus Cousins,1610612758,SAC,Sacramento Kings,0021500496,2016-01-02,SAC vs. PHX,W,27,11,15,0.733,1,2,0.5,9,11,0.818,2,7,9,1,2,0,1,3,32,23,49.3,1,2015-16
22015,203079,Dion Waiters,1610612760,OKC,Oklahoma City Thunder,0021500497,2016-01-02,OKC @ CHA,W,25,4,10,0.4,1,3,0.333,1,3,0.333,2,2,4,5,0,0,1,1,10,-1,21.3,1,2015-16
22015,203187,Chris Johnson,1610612762,UTA,Utah Jazz,0021500503,2016-01-02,UTA vs. MEM,W,8,1,3,0.333,1,1,1.0,0,0,,0,2,2,1,0,0,0,1,3,1,6.9,1,2015-16
22015,1626163,Frank Kaminsky,1610612766,CHA,Charlotte Hornets,0021500497,2016-01-02,CHA vs. OKC,L,33,2,11,0.182,0,2,0.0,2,4,0.5,0,6,6,2,0,0,2,2,6,-8,14.2,1,2015-16
22015,201143,Al Horford,1610612737,ATL,Atlanta Hawks,0021500506,2016-01-03,ATL @ NYK,L,29,5,8,0.625,1,3,0.333,2,2,1.0,0,3,3,2,0,1,1,1,13,-11,21.6,1,2015-16
22015,202714,Shelvin Mack,1610612737,ATL,Atlanta Hawks,0021500506,2016-01-03,ATL @ NYK,L,18,5,10,0.5,0,1,0.0,0,0,,1,0,1,5,1,0,3,1,10,-2,18.7,1,2015-16
22015,203503,Tony Snell,1610612741,CHI,Chicago Bulls,0021500507,2016-01-03,CHI @ TOR,W,19,3,6,0.5,1,3,0.333,0,0,,0,2,2,1,0,0,0,1,7,1,10.9,1,2015-16
22015,101150,Lou Williams,1610612747,LAL,Los Angeles Lakers,0021500510,2016-01-03,LAL vs. PHX,W,34,11,17,0.647,6,7,0.857,2,3,0.667,0,7,7,4,2,0,2,1,30,26,48.4,1,2015-16
22015,201156,Nick Young,1610612747,LAL,Los Angeles Lakers,0021500510,2016-01-03,LAL vs. PHX,W,18,1,7,0.143,1,4,0.25,0,0,,0,1,1,0,0,0,0,1,3,-2,4.2,1,2015-16
22015,201609,Goran Dragic,1610612748,MIA,Miami Heat,0021500508,2016-01-03,MIA @ WAS,W,31,8,14,0.571,2,4,0.5,0,0,,0,2,2,5,1,0,2,1,18,19,28.9,1,2015-16
22015,201577,Robin Lopez,1610612752,NYK,New York Knicks,0021500506,2016-01-03,NYK vs. ATL,W,30,7,10,0.7,0,0,,2,2,1.0,5,6,11,5,0,3,5,4,16,9,40.7,1,2015-16
22015,203124,Kyle O'Quinn,1610612752,NYK,New York Knicks,0021500506,2016-01-03,NYK vs. ATL,W,3,0,1,0.0,0,0,,0,0,,0,1,1,2,1,0,2,1,0,-2,5.2,1,2015-16
22015,204038,Langston Galloway,1610612752,NYK,New York Knicks,0021500506,2016-01-03,NYK vs. ATL,W,20,3,7,0.429,1,3,0.333,0,0,,0,2,2,0,0,0,0,1,7,2,9.4,1,2015-16
22015,203933,T.J. Warren,1610612756,PHX,Phoenix Suns,0021500510,2016-01-03,PHX @ LAL,L,21,0,3,0.0,0,0,,0,0,,0,0,0,0,0,1,1,0,0,4,2.0,1,2015-16
22015,202329,Al-Farouq Aminu,1610612757,POR,Portland Trail Blazers,0021500509,2016-01-03,POR @ DEN,W,22,5,8,0.625,3,4,0.75,1,1,1.0,0,3,3,1,0,0,0,4,14,-5,19.1,1,2015-16
22015,202334,Ed Davis,1610612757,POR,Portland Trail Blazers,0021500509,2016-01-03,POR @ DEN,W,26,2,2,1.0,0,0,,1,4,0.25,2,7,9,2,2,1,0,4,5,9,27.8,1,2015-16
22015,201960,DeMarre Carroll,1610612761,TOR,Toronto Raptors,0021500507,2016-01-03,TOR vs. CHI,L,24,4,8,0.5,2,5,0.4,0,0,,0,3,3,0,0,0,0,2,10,-2,13.6,1,2015-16
22015,202322,John Wall,1610612764,WAS,Washington Wizards,0021500508,2016-01-03,WAS vs. MIA,L,34,6,21,0.286,1,6,0.167,1,2,0.5,0,4,4,5,1,0,0,3,14,-20,29.3,1,2015-16
22015,1626162,Kelly Oubre Jr.,1610612764,WAS,Washington Wizards,0021500508,2016-01-03,WAS vs. MIA,L,26,3,6,0.5,0,2,0.0,0,0,,1,7,8,1,1,0,2,1,6,-7,18.1,1,2015-16
22015,2594,Kyle Korver,1610612737,ATL,Atlanta Hawks,0021500506,2016-01-03,ATL @ NYK,L,29,5,12,0.417,2,6,0.333,1,1,1.0,1,2,3,3,1,0,1,1,13,-13,23.1,1,2015-16
22015,203934,Lamar Patterson,1610612737,ATL,Atlanta Hawks,0021500506,2016-01-03,ATL @ NYK,L,10,0,1,0.0,0,1,0.0,0,0,,0,0,0,0,0,0,0,1,0,-7,0.0,1,2015-16
22015,202710,Jimmy Butler III,1610612741,CHI,Chicago Bulls,0021500507,2016-01-03,CHI @ TOR,W,39,15,23,0.652,2,3,0.667,10,11,0.909,1,3,4,5,1,1,3,3,42,11,57.3,1,2015-16
22015,202734,E'Twaun Moore,1610612741,CHI,Chicago Bulls,0021500507,2016-01-03,CHI @ TOR,W,16,2,4,0.5,0,0,,0,0,,1,0,1,0,1,0,1,1,4,6,7.2,1,2015-16
22015,201568,Danilo Gallinari,1610612743,DEN,Denver Nuggets,0021500509,2016-01-03,DEN vs. POR,L,36,8,13,0.615,2,4,0.5,11,16,0.688,0,5,5,3,1,1,0,2,29,3,45.5,1,2015-16
22015,201589,Darrell Arthur,1610612743,DEN,Denver Nuggets,0021500509,2016-01-03,DEN vs. POR,L,20,3,6,0.5,1,3,0.333,0,0,,1,0,1,1,2,0,2,4,7,-13,13.7,1,2015-16
22015,203530,Joffrey Lauvergne,1610612743,DEN,Denver Nuggets,0021500509,2016-01-03,DEN vs. POR,L,6,0,0,,0,0,,0,0,,0,0,0,1,0,0,0,0,0,-9,1.5,1,2015-16
22015,203999,Nikola Jokić,1610612743,DEN,Denver Nuggets,0021500509,2016-01-03,DEN vs. POR,L,22,3,7,0.429,0,1,0.0,3,4,0.75,4,6,10,2,2,1,2,5,9,0,31.0,1,2015-16
22015,1626156,D'Angelo Russell,1610612747,LAL,Los Angeles Lakers,0021500510,2016-01-03,LAL vs. PHX,W,22,2,8,0.25,0,3,0.0,3,4,0.75,0,3,3,4,1,0,2,3,7,5,17.6,1,2015-16
22015,1626273,Marcelo Huertas,1610612747,LAL,Los Angeles Lakers,0021500510,2016-01-03,LAL vs. PHX,W,6,1,3,0.333,0,2,0.0,0,0,,1,0,1,1,0,0,1,0,2,-14,3.7,1,2015-16
22015,2365,Chris Andersen,1610612748,MIA,Miami Heat,0021500508,2016-01-03,MIA @ WAS,W,4,0,2,0.0,0,2,0.0,2,2,1.0,0,0,0,0,0,1,0,0,2,-5,5.0,1,2015-16
22015,101123,Gerald Green,1610612748,MIA,Miami Heat,0021500508,2016-01-03,MIA @ WAS,W,28,6,12,0.5,2,4,0.5,1,1,1.0,2,2,4,2,1,0,1,2,15,19,24.8,1,2015-16
22015,204020,Tyler Johnson,1610612748,MIA,Miami Heat,0021500508,2016-01-03,MIA @ WAS,W,23,4,8,0.5,2,5,0.4,0,0,,1,6,7,2,1,1,1,2,10,2,26.4,1,2015-16
22015,101181,Jose Calderon,1610612752,NYK,New York Knicks,0021500506,2016-01-03,NYK vs. ATL,W,26,4,8,0.5,1,2,0.5,0,0,,0,3,3,2,2,1,3,0,9,9,21.6,1,2015-16
22015,203462,Archie Goodwin,1610612756,PHX,Phoenix Suns,0021500510,2016-01-03,PHX @ LAL,L,4,1,4,0.25,0,0,,2,2,1.0,1,0,1,0,1,0,1,2,4,-8,7.2,1,2015-16
22015,2449,Luis Scola,1610612761,TOR,Toronto Raptors,0021500507,2016-01-03,TOR vs. CHI,L,28,9,17,0.529,2,2,1.0,2,3,0.667,5,0,5,2,2,1,0,3,22,-3,40.0,1,2015-16
22015,200794,Paul Millsap,1610612737,ATL,Atlanta Hawks,0021500506,2016-01-03,ATL @ NYK,L,34,6,13,0.462,0,3,0.0,7,10,0.7,5,4,9,6,5,0,4,4,19,-14,49.8,1,2015-16
22015,204002,Edy Tavares,1610612737,ATL,Atlanta Hawks,0021500506,2016-01-03,ATL @ NYK,L,18,2,4,0.5,0,0,,0,2,0.0,1,3,4,0,0,3,1,0,4,0,16.8,1,2015-16
22015,2200,Pau Gasol,1610612741,CHI,Chicago Bulls,0021500507,2016-01-03,CHI @ TOR,W,34,7,16,0.438,0,0,,5,6,0.833,1,12,13,6,0,4,2,0,19,13,53.6,1,2015-16
22015,2550,Kirk Hinrich,1610612741,CHI,Chicago Bulls,0021500507,2016-01-03,CHI @ TOR,W,21,3,4,0.75,2,3,0.667,0,0,,1,1,2,4,1,0,0,2,8,-3,19.4,1,2015-16
22015,201959,Taj Gibson,1610612741,CHI,Chicago Bulls,0021500507,2016-01-03,CHI @ TOR,W,29,4,5,0.8,0,0,,1,2,0.5,2,3,5,3,0,2,1,1,9,-10,24.5,1,2015-16
22015,2749,Jameer Nelson,1610612743,DEN,Denver Nuggets,0021500509,2016-01-03,DEN vs. POR,L,33,4,8,0.5,0,2,0.0,9,10,0.9,2,2,4,7,1,0,1,1,17,8,34.3,1,2015-16
22015,202702,Kenneth Faried,1610612743,DEN,Denver Nuggets,0021500509,2016-01-03,DEN vs. POR,L,27,6,14,0.429,0,0,,1,5,0.2,6,3,9,1,0,1,1,2,13,5,27.3,1,2015-16
22015,203115,Will Barton,1610612743,DEN,Denver Nuggets,0021500509,2016-01-03,DEN vs. POR,L,25,2,10,0.2,1,5,0.2,0,0,,0,2,2,2,0,0,1,3,5,-17,9.4,1,2015-16
22015,203994,Jusuf Nurkić,1610612743,DEN,Denver Nuggets,0021500509,2016-01-03,DEN vs. POR,L,15,4,7,0.571,0,0,,4,9,0.444,2,6,8,0,0,1,0,2,12,7,24.6,1,2015-16
22015,101138,Brandon Bass,1610612747,LAL,Los Angeles Lakers,0021500510,2016-01-03,LAL vs. PHX,W,19,3,6,0.5,0,0,,2,3,0.667,1,1,2,2,0,2,1,1,8,3,18.4,1,2015-16
22015,201579,Roy Hibbert,1610612747,LAL,Los Angeles Lakers,0021500510,2016-01-03,LAL vs. PHX,W,29,6,11,0.545,0,0,,1,1,1.0,0,6,6,3,0,3,0,1,13,17,33.7,1,2015-16
22015,203903,Jordan Clarkson,1610612747,LAL,Los Angeles Lakers,0021500510,2016-01-03,LAL vs. PHX,W,34,5,11,0.455,0,2,0.0,2,2,1.0,1,4,5,7,3,1,2,4,12,23,38.5,1,2015-16
22015,1626148,Anthony Brown,1610612747,LAL,Los Angeles Lakers,0021500510,2016-01-03,LAL vs. PHX,W,30,2,7,0.286,1,3,0.333,0,0,,0,3,3,2,1,1,3,0,5,22,14.6,1,2015-16
22015,2617,Udonis Haslem,1610612748,MIA,Miami Heat,0021500508,2016-01-03,MIA @ WAS,W,6,1,2,0.5,0,0,,0,0,,0,1,1,0,0,1,0,1,2,-6,6.2,1,2015-16
22015,202355,Hassan Whiteside,1610612748,MIA,Miami Heat,0021500508,2016-01-03,MIA @ WAS,W,30,3,9,0.333,0,0,,0,2,0.0,3,10,13,1,1,6,0,1,6,17,44.1,1,2015-16
22015,2546,Carmelo Anthony,1610612752,NYK,New York Knicks,0021500506,2016-01-03,NYK vs. ATL,W,35,4,10,0.4,0,3,0.0,3,4,0.75,5,4,9,5,3,0,1,2,11,4,37.3,1,2015-16
22015,201167,Arron Afflalo,1610612752,NYK,New York Knicks,0021500506,2016-01-03,NYK vs. ATL,W,37,14,17,0.824,7,8,0.875,3,4,0.75,0,2,2,2,0,1,1,2,38,14,45.4,1,2015-16
22015,202498,Lance Thomas,1610612752,NYK,New York Knicks,0021500506,2016-01-03,NYK vs. ATL,W,19,0,5,0.0,0,2,0.0,2,2,1.0,0,3,3,1,0,0,1,4,2,1,6.1,1,2015-16
22015,202682,Derrick Williams,1610612752,NYK,New York Knicks,0021500506,2016-01-03,NYK vs. ATL,W,21,3,7,0.429,0,2,0.0,0,0,,0,5,5,3,0,0,0,2,6,12,16.5,1,2015-16
22015,1626170,Jerian Grant,1610612752,NYK,New York Knicks,0021500506,2016-01-03,NYK vs. ATL,W,18,4,10,0.4,0,3,0.0,0,0,,0,3,3,7,2,1,1,0,8,8,30.1,1,2015-16
22015,1626164,Devin Booker,1610612756,PHX,Phoenix Suns,0021500510,2016-01-03,PHX @ LAL,L,22,5,13,0.385,0,3,0.0,0,1,0.0,0,4,4,1,1,0,2,3,10,-30,17.3,1,2015-16
22015,203459,Allen Crabbe,1610612757,POR,Portland Trail Blazers,0021500509,2016-01-03,POR @ DEN,W,32,6,14,0.429,2,5,0.4,0,0,,0,3,3,2,2,0,1,3,14,7,25.6,1,2015-16
22015,203468,CJ McCollum,1610612757,POR,Portland Trail Blazers,0021500509,2016-01-03,POR @ DEN,W,33,10,17,0.588,2,4,0.5,3,5,0.6,0,3,3,7,0,0,5,5,25,6,34.1,1,2015-16
22015,200768,Kyle Lowry,1610612761,TOR,Toronto Raptors,0021500507,2016-01-03,TOR vs. CHI,L,39,8,22,0.364,3,9,0.333,3,4,0.75,0,5,5,10,1,1,3,2,22,-6,46.0,1,2015-16
22015,202335,Patrick Patterson,1610612761,TOR,Toronto Raptors,0021500507,2016-01-03,TOR vs. CHI,L,26,3,7,0.429,1,3,0.333,0,0,,0,5,5,0,0,1,0,0,7,6,16.0,1,2015-16
22015,202709,Cory Joseph,1610612761,TOR,Toronto Raptors,0021500507,2016-01-03,TOR vs. CHI,L,28,5,9,0.556,1,3,0.333,2,2,1.0,1,1,2,4,0,0,2,2,13,-4,19.4,1,2015-16
22015,101162,Marcin Gortat,1610612764,WAS,Washington Wizards,0021500508,2016-01-03,WAS vs. MIA,L,28,6,11,0.545,0,0,,0,0,,8,5,13,1,1,0,3,3,12,-7,29.1,1,2015-16
22015,201162,Jared Dudley,1610612764,WAS,Washington Wizards,0021500508,2016-01-03,WAS vs. MIA,L,28,2,6,0.333,0,3,0.0,0,0,,0,4,4,1,0,0,0,1,4,-9,10.3,1,2015-16
22015,201952,Jeff Teague,1610612737,ATL,Atlanta Hawks,0021500506,2016-01-03,ATL @ NYK,L,30,3,12,0.25,0,2,0.0,3,3,1.0,0,1,1,3,1,0,2,2,9,-12,15.7,1,2015-16
22015,203926,Doug McDermott,1610612741,CHI,Chicago Bulls,0021500507,2016-01-03,CHI @ TOR,W,11,0,4,0.0,0,2,0.0,0,0,,0,0,0,0,0,0,1,2,0,-7,-1.0,1,2015-16
22015,203123,Kostas Papanikolaou,1610612743,DEN,Denver Nuggets,0021500509,2016-01-03,DEN vs. POR,L,12,1,3,0.333,1,2,0.5,0,0,,0,0,0,0,0,0,0,2,3,-9,3.0,1,2015-16
22015,203914,Gary Harris,1610612743,DEN,Denver Nuggets,0021500509,2016-01-03,DEN vs. POR,L,27,2,6,0.333,2,3,0.667,1,2,0.5,0,2,2,1,1,0,0,3,7,9,13.9,1,2015-16
22015,2547,Chris Bosh,1610612748,MIA,Miami Heat,0021500508,2016-01-03,MIA @ WAS,W,28,8,15,0.533,2,5,0.4,5,5,1.0,1,6,7,2,1,1,1,0,23,19,39.4,1,2015-16
22015,2757,Beno Udrih,1610612748,MIA,Miami Heat,0021500508,2016-01-03,MIA @ WAS,W,17,2,4,0.5,0,0,,0,0,,0,3,3,7,0,0,0,3,4,3,18.1,1,2015-16
22015,1626159,Justise Winslow,1610612748,MIA,Miami Heat,0021500508,2016-01-03,MIA @ WAS,W,18,0,4,0.0,0,2,0.0,0,0,,0,3,3,2,2,1,3,2,0,15,12.6,1,2015-16
22015,1626196,Josh Richardson,1610612748,MIA,Miami Heat,0021500508,2016-01-03,MIA @ WAS,W,4,0,1,0.0,0,0,,0,0,,0,1,1,1,0,0,2,2,0,-5,0.7,1,2015-16
22015,204001,Kristaps Porziņģis,1610612752,NYK,New York Knicks,0021500506,2016-01-03,NYK vs. ATL,W,30,5,13,0.385,2,3,0.667,2,2,1.0,2,5,7,0,0,1,2,3,14,13,23.4,1,2015-16
22015,101179,Ronnie Price,1610612756,PHX,Phoenix Suns,0021500510,2016-01-03,PHX @ LAL,L,27,2,6,0.333,1,4,0.25,0,0,,2,3,5,2,4,0,1,6,5,13,25.0,1,2015-16
22015,200782,P.J. Tucker,1610612756,PHX,Phoenix Suns,0021500510,2016-01-03,PHX @ LAL,L,32,2,7,0.286,1,3,0.333,0,0,,3,5,8,0,1,0,0,2,5,-33,17.6,1,2015-16
22015,202688,Brandon Knight,1610612756,PHX,Phoenix Suns,0021500510,2016-01-03,PHX @ LAL,L,44,10,25,0.4,1,6,0.167,4,4,1.0,0,3,3,9,0,0,2,0,25,-11,40.1,1,2015-16
22015,202720,Jon Leuer,1610612756,PHX,Phoenix Suns,0021500510,2016-01-03,PHX @ LAL,L,15,2,5,0.4,0,2,0.0,0,0,,0,2,2,1,0,0,1,1,4,-9,6.9,1,2015-16
22015,203141,Mirza Teletovic,1610612756,PHX,Phoenix Suns,0021500510,2016-01-03,PHX @ LAL,L,23,6,14,0.429,3,9,0.333,1,2,0.5,2,6,8,1,0,0,2,2,16,19,25.1,1,2015-16
22015,203458,Alex Len,1610612756,PHX,Phoenix Suns,0021500510,2016-01-03,PHX @ LAL,L,27,3,6,0.5,0,0,,0,0,,0,9,9,2,1,3,2,3,6,-6,29.8,1,2015-16
22015,203090,Maurice Harkless,1610612757,POR,Portland Trail Blazers,0021500509,2016-01-03,POR @ DEN,W,18,3,6,0.5,1,4,0.25,3,4,0.75,0,2,2,0,0,0,1,4,10,-1,11.4,1,2015-16
22015,203943,Noah Vonleh,1610612757,POR,Portland Trail Blazers,0021500509,2016-01-03,POR @ DEN,W,26,2,6,0.333,0,2,0.0,1,2,0.5,2,6,8,2,0,1,0,6,5,0,20.6,1,2015-16
22015,201942,DeMar DeRozan,1610612761,TOR,Toronto Raptors,0021500507,2016-01-03,TOR vs. CHI,L,35,7,17,0.412,3,6,0.5,7,8,0.875,1,1,2,4,0,0,0,3,24,-15,32.4,1,2015-16
22015,2743,Kris Humphries,1610612764,WAS,Washington Wizards,0021500508,2016-01-03,WAS vs. MIA,L,12,2,6,0.333,0,1,0.0,2,2,1.0,0,2,2,0,0,1,0,1,6,-5,11.4,1,2015-16
22015,203490,Otto Porter Jr.,1610612764,WAS,Washington Wizards,0021500508,2016-01-03,WAS vs. MIA,L,31,3,7,0.429,0,3,0.0,0,0,,1,5,6,3,1,0,1,0,6,-22,19.7,1,2015-16
22015,204067,Jarell Eddie,1610612764,WAS,Washington Wizards,0021500508,2016-01-03,WAS vs. MIA,L,12,1,6,0.167,1,5,0.2,0,0,,0,2,2,0,0,0,0,0,3,0,5.4,1,2015-16
22015,203118,Mike Scott,1610612737,ATL,Atlanta Hawks,0021500506,2016-01-03,ATL @ NYK,L,15,2,6,0.333,1,2,0.5,0,0,,0,3,3,0,0,0,1,0,5,-3,7.6,1,2015-16
22015,203200,Justin Holiday,1610612737,ATL,Atlanta Hawks,0021500506,2016-01-03,ATL @ NYK,L,3,1,1,1.0,0,0,,0,0,,0,1,1,1,0,0,1,0,2,2,3.7,1,2015-16
22015,201166,Aaron Brooks,1610612741,CHI,Chicago Bulls,0021500507,2016-01-03,CHI @ TOR,W,25,2,6,0.333,1,3,0.333,0,0,,1,5,6,2,0,0,1,3,5,2,14.2,1,2015-16
22015,202703,Nikola Mirotic,1610612741,CHI,Chicago Bulls,0021500507,2016-01-03,CHI @ TOR,W,29,4,9,0.444,3,6,0.5,6,6,1.0,1,2,3,1,1,0,1,2,17,0,24.1,1,2015-16
22015,200751,Randy Foye,1610612743,DEN,Denver Nuggets,0021500509,2016-01-03,DEN vs. POR,L,17,1,6,0.167,0,2,0.0,2,2,1.0,0,0,0,2,0,2,1,1,4,-14,12.0,1,2015-16
22015,203944,Julius Randle,1610612747,LAL,Los Angeles Lakers,0021500510,2016-01-03,LAL vs. PHX,W,16,0,4,0.0,0,1,0.0,2,2,1.0,2,10,12,3,0,0,2,3,2,4,18.9,1,2015-16
22015,1626204,Larry Nance Jr.,1610612747,LAL,Los Angeles Lakers,0021500510,2016-01-03,LAL vs. PHX,W,32,7,10,0.7,0,0,,1,2,0.5,4,10,14,0,1,0,2,2,15,16,32.8,1,2015-16
22015,2736,Luol Deng,1610612748,MIA,Miami Heat,0021500508,2016-01-03,MIA @ WAS,W,27,4,5,0.8,1,1,1.0,0,0,,1,8,9,2,0,0,1,1,9,12,21.8,1,2015-16
22015,2199,Tyson Chandler,1610612756,PHX,Phoenix Suns,0021500510,2016-01-03,PHX @ LAL,L,20,1,6,0.167,0,0,,0,0,,1,4,5,0,0,0,1,1,2,-30,7.0,1,2015-16
22015,201603,Sonny Weems,1610612756,PHX,Phoenix Suns,0021500510,2016-01-03,PHX @ LAL,L,4,0,0,,0,0,,0,0,,0,0,0,0,0,0,1,0,0,-9,-1.0,1,2015-16
22015,201945,Gerald Henderson,1610612757,POR,Portland Trail Blazers,0021500509,2016-01-03,POR @ DEN,W,25,6,14,0.429,1,2,0.5,6,8,0.75,1,3,4,2,0,0,0,0,19,11,26.8,1,2015-16
22015,203486,Mason Plumlee,1610612757,POR,Portland Trail Blazers,0021500509,2016-01-03,POR @ DEN,W,22,1,2,0.5,0,0,,4,5,0.8,0,0,0,2,0,1,0,4,6,-4,12.0,1,2015-16
22015,202685,Jonas Valančiūnas,1610612761,TOR,Toronto Raptors,0021500507,2016-01-03,TOR vs. CHI,L,23,3,5,0.6,0,0,,2,2,1.0,4,5,9,1,1,3,2,1,8,2,30.3,1,2015-16
22015,202687,Bismack Biyombo,1610612761,TOR,Toronto Raptors,0021500507,2016-01-03,TOR vs. CHI,L,16,2,2,1.0,0,0,,0,0,,2,3,5,0,0,0,1,4,4,-2,9.0,1,2015-16
22015,203082,Terrence Ross,1610612761,TOR,Toronto Raptors,0021500507,2016-01-03,TOR vs. CHI,L,21,1,5,0.2,1,3,0.333,0,0,,0,1,1,0,2,2,0,2,3,14,16.2,1,2015-16
22015,201196,Ramon Sessions,1610612764,WAS,Washington Wizards,0021500508,2016-01-03,WAS vs. MIA,L,28,4,12,0.333,0,2,0.0,5,7,0.714,1,2,3,5,0,0,2,1,13,-18,22.1,1,2015-16
22015,202066,Garrett Temple,1610612764,WAS,Washington Wizards,0021500508,2016-01-03,WAS vs. MIA,L,41,4,16,0.25,2,8,0.25,1,2,0.5,0,3,3,3,1,1,2,2,11,-22,23.1,1,2015-16
22015,200757,Thabo Sefolosha,1610612737,ATL,Atlanta Hawks,0021500506,2016-01-03,ATL @ NYK,L,22,2,4,0.5,0,1,0.0,0,0,,0,4,4,3,2,0,0,2,4,-1,19.3,1,2015-16
22015,203145,Kent Bazemore,1610612737,ATL,Atlanta Hawks,0021500506,2016-01-03,ATL @ NYK,L,33,6,13,0.462,4,7,0.571,2,2,1.0,0,3,3,3,1,1,1,2,18,-9,31.1,1,2015-16
22015,1626171,Bobby Portis,1610612741,CHI,Chicago Bulls,0021500507,2016-01-03,CHI @ TOR,W,18,2,5,0.4,0,1,0.0,0,0,,0,6,6,1,0,1,1,3,4,-3,14.7,1,2015-16
22015,2548,Dwyane Wade,1610612748,MIA,Miami Heat,0021500508,2016-01-03,MIA @ WAS,W,25,3,10,0.3,0,0,,2,2,1.0,1,3,4,3,1,0,1,0,8,20,19.3,1,2015-16
22015,203086,Meyers Leonard,1610612757,POR,Portland Trail Blazers,0021500509,2016-01-03,POR @ DEN,W,22,2,5,0.4,0,1,0.0,3,3,1.0,0,4,4,3,0,0,1,4,7,7,15.3,1,2015-16
22015,204025,Tim Frazier,1610612757,POR,Portland Trail Blazers,0021500509,2016-01-03,POR @ DEN,W,15,3,4,0.75,1,1,1.0,0,0,,2,3,5,2,0,0,2,0,7,0,14.0,1,2015-16
22015,203935,Marcus Smart,1610612738,BOS,Boston Celtics,0021500513,2016-01-04,BOS @ BKN,W,24,3,7,0.429,0,1,0.0,1,2,0.5,4,0,4,3,1,0,0,3,7,4,19.3,1,2015-16
22015,2210,Richard Jefferson,1610612739,CLE,Cleveland Cavaliers,0021500511,2016-01-04,CLE vs. TOR,W,5,0,1,0.0,0,0,,0,0,,0,0,0,0,0,0,0,1,0,1,0.0,1,2015-16
22015,2747,JR Smith,1610612739,CLE,Cleveland Cavaliers,0021500511,2016-01-04,CLE vs. TOR,W,30,8,17,0.471,8,14,0.571,0,0,,0,3,3,1,0,0,0,2,24,13,29.1,1,2015-16
22015,101106,Andrew Bogut,1610612744,GSW,Golden State Warriors,0021500520,2016-01-04,GSW vs. CHA,W,30,1,2,0.5,0,0,,0,0,,0,6,6,3,0,2,2,4,2,7,17.7,1,2015-16
22015,202691,Klay Thompson,1610612744,GSW,Golden State Warriors,0021500520,2016-01-04,GSW vs. CHA,W,37,11,23,0.478,6,11,0.545,2,2,1.0,0,5,5,3,0,1,2,2,30,14,41.5,1,2015-16
22015,201935,James Harden,1610612745,HOU,Houston Rockets,0021500518,2016-01-04,HOU @ UTA,W,42,9,25,0.36,4,12,0.333,8,9,0.889,2,3,5,7,0,1,8,3,30,2,41.5,1,2015-16
22015,1626159,Justise Winslow,1610612748,MIA,Miami Heat,0021500515,2016-01-04,MIA vs. IND,W,36,2,6,0.333,0,2,0.0,3,4,0.75,2,4,6,0,0,1,1,3,7,15,16.2,1,2015-16
22015,203114,Khris Middleton,1610612749,MIL,Milwaukee Bucks,0021500516,2016-01-04,MIL vs. SAS,L,34,6,13,0.462,0,4,0.0,7,7,1.0,1,2,3,4,0,0,3,2,19,-13,25.6,1,2015-16
22015,203487,Michael Carter-Williams,1610612749,MIL,Milwaukee Bucks,0021500516,2016-01-04,MIL vs. SAS,L,31,6,10,0.6,1,1,1.0,3,6,0.5,0,4,4,6,1,1,0,3,16,-7,35.8,1,2015-16
22015,202357,Nemanja Bjelica,1610612750,MIN,Minnesota Timberwolves,0021500512,2016-01-04,MIN @ PHI,L,21,2,3,0.667,1,2,0.5,0,0,,0,2,2,3,0,0,1,3,5,-4,10.9,1,2015-16
22015,203498,Shabazz Muhammad,1610612750,MIN,Minnesota Timberwolves,0021500512,2016-01-04,MIN @ PHI,L,34,8,11,0.727,1,1,1.0,3,4,0.75,3,0,3,1,1,0,2,0,20,-10,26.1,1,2015-16
22015,1626145,Tyus Jones,1610612750,MIN,Minnesota Timberwolves,0021500512,2016-01-04,MIN @ PHI,L,2,1,1,1.0,0,0,,0,0,,0,0,0,0,0,0,1,0,2,-5,1.0,1,2015-16
22015,1626157,Karl-Anthony Towns,1610612750,MIN,Minnesota Timberwolves,0021500512,2016-01-04,MIN @ PHI,L,25,4,8,0.5,0,0,,0,0,,0,6,6,1,0,0,0,4,8,-7,16.7,1,2015-16
22015,201152,Thaddeus Young,1610612751,BKN,Brooklyn Nets,0021500513,2016-01-04,BKN vs. BOS,L,38,9,18,0.5,2,4,0.5,3,4,0.75,6,9,15,2,1,2,2,1,23,-7,51.0,1,2015-16
22015,202696,Nikola Vučević,1610612753,ORL,Orlando Magic,0021500514,2016-01-04,ORL @ DET,L,24,8,15,0.533,0,0,,0,0,,1,2,3,3,0,0,0,1,16,-7,24.1,1,2015-16
22015,203524,Solomon Hill,1610612754,IND,Indiana Pacers,0021500515,2016-01-04,IND @ MIA,L,18,1,5,0.2,0,2,0.0,2,2,1.0,1,0,1,0,0,0,0,4,4,-17,5.2,1,2015-16
22015,1626167,Myles Turner,1610612754,IND,Indiana Pacers,0021500515,2016-01-04,IND @ MIA,L,7,0,2,0.0,0,0,,0,0,,0,3,3,0,0,0,0,0,0,2,3.6,1,2015-16
22015,203457,Nerlens Noel,1610612755,PHI,Philadelphia 76ers,0021500512,2016-01-04,PHI vs. MIN,W,31,5,6,0.833,0,0,,0,0,,2,7,9,1,0,3,3,3,10,-3,28.3,1,2015-16
22015,203917,Nik Stauskas,1610612755,PHI,Philadelphia 76ers,0021500512,2016-01-04,PHI vs. MIN,W,29,2,6,0.333,1,2,0.5,0,1,0.0,1,3,4,3,1,0,1,1,5,6,16.3,1,2015-16
22015,1626143,Jahlil Okafor,1610612755,PHI,Philadelphia 76ers,0021500512,2016-01-04,PHI vs. MIN,W,21,5,8,0.625,0,0,,0,1,0.0,2,1,3,2,2,1,2,3,10,-2,23.6,1,2015-16
22015,1626158,Richaun Holmes,1610612755,PHI,Philadelphia 76ers,0021500512,2016-01-04,PHI vs. MIN,W,18,7,10,0.7,0,1,0.0,3,3,1.0,1,0,1,0,1,1,2,3,17,10,22.2,1,2015-16
22015,201945,Gerald Henderson,1610612757,POR,Portland Trail Blazers,0021500519,2016-01-04,POR vs. MEM,L,13,3,6,0.5,0,1,0.0,1,1,1.0,0,0,0,0,0,0,0,1,7,-19,7.0,1,2015-16
22015,202329,Al-Farouq Aminu,1610612757,POR,Portland Trail Blazers,0021500519,2016-01-04,POR vs. MEM,L,34,5,11,0.455,2,6,0.333,3,3,1.0,3,11,14,0,1,0,2,3,15,7,32.8,1,2015-16
22015,203081,Damian Lillard,1610612757,POR,Portland Trail Blazers,0021500519,2016-01-04,POR vs. MEM,L,36,4,14,0.286,2,10,0.2,7,7,1.0,0,3,3,7,1,0,7,3,17,-12,27.1,1,2015-16
22015,204025,Tim Frazier,1610612757,POR,Portland Trail Blazers,0021500519,2016-01-04,POR vs. MEM,L,1,0,0,,0,0,,0,0,,0,0,0,0,0,0,1,0,0,0,-1.0,1,2015-16
22015,1626161,Willie Cauley-Stein,1610612758,SAC,Sacramento Kings,0021500517,2016-01-04,SAC @ OKC,W,15,3,4,0.75,0,0,,2,4,0.5,2,1,3,0,0,1,0,1,8,9,14.6,1,2015-16
22015,1938,Manu Ginobili,1610612759,SAS,San Antonio Spurs,0021500516,2016-01-04,SAS @ MIL,W,22,3,8,0.375,2,2,1.0,0,0,,1,3,4,7,2,0,2,1,8,12,27.3,1,2015-16
22015,201980,Danny Green,1610612759,SAS,San Antonio Spurs,0021500516,2016-01-04,SAS @ MIL,W,14,1,7,0.143,1,5,0.2,0,0,,2,0,2,1,1,1,1,1,3,-2,11.9,1,2015-16
22015,203492,Ray McCallum,1610612759,SAS,San Antonio Spurs,0021500516,2016-01-04,SAS @ MIL,W,17,1,2,0.5,0,1,0.0,0,0,,0,1,1,4,0,0,0,0,2,6,9.2,1,2015-16
22015,2555,Nick Collison,1610612760,OKC,Oklahoma City Thunder,0021500517,2016-01-04,OKC vs. SAC,L,5,0,1,0.0,0,0,,0,0,,1,1,2,0,1,0,1,2,0,-2,4.4,1,2015-16
22015,201566,Russell Westbrook,1610612760,OKC,Oklahoma City Thunder,0021500517,2016-01-04,OKC vs. SAC,L,41,6,23,0.261,2,9,0.222,3,3,1.0,1,7,8,15,1,0,7,4,17,5,45.1,1,2015-16
22015,203079,Dion Waiters,1610612760,OKC,Oklahoma City Thunder,0021500517,2016-01-04,OKC vs. SAC,L,19,1,7,0.143,0,3,0.0,3,4,0.75,0,2,2,1,1,0,1,1,5,-20,10.9,1,2015-16
22015,2449,Luis Scola,1610612761,TOR,Toronto Raptors,0021500511,2016-01-04,TOR @ CLE,L,18,2,5,0.4,1,3,0.333,1,2,0.5,0,2,2,1,0,1,1,1,6,-13,11.9,1,2015-16
22015,200768,Kyle Lowry,1610612761,TOR,Toronto Raptors,0021500511,2016-01-04,TOR @ CLE,L,35,7,13,0.538,3,5,0.6,6,6,1.0,0,4,4,10,2,1,0,1,23,-16,51.8,1,2015-16
22015,202687,Bismack Biyombo,1610612761,TOR,Toronto Raptors,0021500511,2016-01-04,TOR @ CLE,L,18,3,4,0.75,0,0,,4,5,0.8,1,4,5,1,0,1,2,3,10,2,18.5,1,2015-16
22015,1626181,Norman Powell,1610612761,TOR,Toronto Raptors,0021500511,2016-01-04,TOR @ CLE,L,3,0,0,,0,0,,0,0,,1,0,1,0,0,0,0,0,0,-4,1.2,1,2015-16
22015,203481,Jeff Withey,1610612762,UTA,Utah Jazz,0021500518,2016-01-04,UTA vs. HOU,L,35,2,8,0.25,0,0,,4,6,0.667,5,6,11,0,3,3,1,2,8,1,38.2,1,2015-16
22015,101141,Ersan Ilyasova,1610612765,DET,Detroit Pistons,0021500514,2016-01-04,DET vs. ORL,W,28,4,10,0.4,2,5,0.4,0,0,,2,2,4,1,2,0,0,1,10,11,22.3,1,2015-16
22015,201202,Joel Anthony,1610612765,DET,Detroit Pistons,0021500514,2016-01-04,DET vs. ORL,W,4,0,1,0.0,0,0,,0,0,,1,0,1,0,0,1,0,1,0,-4,4.2,1,2015-16
22015,201943,Brandon Jennings,1610612765,DET,Detroit Pistons,0021500514,2016-01-04,DET vs. ORL,W,18,5,9,0.556,3,4,0.75,4,6,0.667,0,1,1,6,1,0,0,1,17,25,30.2,1,2015-16
22015,203484,Kentavious Caldwell-Pope,1610612765,DET,Detroit Pistons,0021500514,2016-01-04,DET vs. ORL,W,34,7,12,0.583,5,8,0.625,2,2,1.0,0,6,6,2,0,0,2,4,21,28,29.2,1,2015-16
22015,203087,Jeremy Lamb,1610612766,CHA,Charlotte Hornets,0021500520,2016-01-04,CHA @ GSW,L,30,9,14,0.643,0,3,0.0,4,4,1.0,0,3,3,1,3,0,1,1,22,2,35.1,1,2015-16
22015,201973,Jonas Jerebko,1610612738,BOS,Boston Celtics,0021500513,2016-01-04,BOS @ BKN,W,7,1,2,0.5,1,2,0.5,0,0,,0,0,0,1,0,0,0,0,3,-2,4.5,1,2015-16
22015,2544,LeBron James,1610612739,CLE,Cleveland Cavaliers,0021500511,2016-01-04,CLE vs. TOR,W,31,7,11,0.636,1,2,0.5,5,8,0.625,0,2,2,7,3,0,2,1,20,11,39.9,1,2015-16
22015,2592,James Jones,1610612739,CLE,Cleveland Cavaliers,0021500511,2016-01-04,CLE vs. TOR,W,8,1,1,1.0,1,1,1.0,2,2,1.0,0,0,0,0,0,0,0,1,5,1,5.0,1,2015-16
22015,202389,Timofey Mozgov,1610612739,CLE,Cleveland Cavaliers,0021500511,2016-01-04,CLE vs. TOR,W,17,2,2,1.0,0,0,,0,0,,1,2,3,0,0,0,2,4,4,10,5.6,1,2015-16
22015,202681,Kyrie Irving,1610612739,CLE,Cleveland Cavaliers,0021500511,2016-01-04,CLE vs. TOR,W,29,10,16,0.625,2,5,0.4,3,3,1.0,2,4,6,8,0,0,1,1,25,23,43.2,1,2015-16
22015,203099,Jared Cunningham,1610612739,CLE,Cleveland Cavaliers,0021500511,2016-01-04,CLE vs. TOR,W,2,0,0,,0,0,,0,0,,0,0,0,0,0,0,0,0,0,1,0.0,1,2015-16
22015,201575,Brandon Rush,1610612744,GSW,Golden State Warriors,0021500520,2016-01-04,GSW vs. CHA,W,18,4,7,0.571,2,4,0.5,0,0,,0,1,1,2,0,1,0,0,10,6,17.2,1,2015-16
22015,203110,Draymond Green,1610612744,GSW,Golden State Warriors,0021500520,2016-01-04,GSW vs. CHA,W,37,5,8,0.625,1,2,0.5,2,2,1.0,2,13,15,10,1,2,2,3,13,5,53.0,1,2015-16
22015,201147,Corey Brewer,1610612745,HOU,Houston Rockets,0021500518,2016-01-04,HOU @ UTA,W,20,3,4,0.75,1,2,0.5,2,2,1.0,0,0,0,0,0,0,1,0,9,8,8.0,1,2015-16
22015,203991,Clint Capela,1610612745,HOU,Houston Rockets,0021500518,2016-01-04,HOU @ UTA,W,20,1,2,0.5,0,0,,0,0,,1,4,5,1,0,0,1,3,2,11,8.5,1,2015-16
22015,1626149,Montrezl Harrell,1610612745,HOU,Houston Rockets,0021500518,2016-01-04,HOU @ UTA,W,17,1,2,0.5,0,0,,0,0,,1,1,2,1,0,0,0,2,2,8,5.9,1,2015-16
22015,201573,Jerryd Bayless,1610612749,MIL,Milwaukee Bucks,0021500516,2016-01-04,MIL vs. SAS,L,7,1,4,0.25,1,2,0.5,0,0,,1,0,1,0,0,0,1,1,3,-8,3.2,1,2015-16
22015,203089,John Henson,1610612749,MIL,Milwaukee Bucks,0021500516,2016-01-04,MIL vs. SAS,L,14,4,5,0.8,0,0,,0,1,0.0,0,4,4,1,0,1,1,3,8,-10,16.3,1,2015-16
22015,203948,Johnny O'Bryant III,1610612749,MIL,Milwaukee Bucks,0021500516,2016-01-04,MIL vs. SAS,L,8,2,3,0.667,0,0,,1,2,0.5,0,1,1,0,1,0,0,2,5,-10,9.2,1,2015-16
22015,708,Kevin Garnett,1610612750,MIN,Minnesota Timberwolves,0021500512,2016-01-04,MIN @ PHI,L,17,2,3,0.667,0,0,,1,1,1.0,0,2,2,1,1,0,1,2,5,-1,10.9,1,2015-16
22015,203897,Zach LaVine,1610612750,MIN,Minnesota Timberwolves,0021500512,2016-01-04,MIN @ PHI,L,18,2,8,0.25,0,0,,1,2,0.5,0,1,1,2,2,0,2,2,5,2,13.2,1,2015-16
22015,101112,Channing Frye,1610612753,ORL,Orlando Magic,0021500514,2016-01-04,ORL @ DET,L,14,1,3,0.333,0,2,0.0,0,0,,0,2,2,0,0,2,1,0,2,-10,9.4,1,2015-16
22015,203506,Victor Oladipo,1610612753,ORL,Orlando Magic,0021500514,2016-01-04,ORL @ DET,L,35,7,11,0.636,1,1,1.0,3,3,1.0,0,7,7,5,2,0,2,3,18,-16,37.9,1,2015-16
22015,203932,Aaron Gordon,1610612753,ORL,Orlando Magic,0021500514,2016-01-04,ORL @ DET,L,25,0,1,0.0,0,1,0.0,2,2,1.0,1,2,3,1,0,0,0,1,2,-17,7.1,1,2015-16
22015,101133,Ian Mahinmi,1610612754,IND,Indiana Pacers,0021500515,2016-01-04,IND @ MIA,L,33,4,5,0.8,0,0,,5,8,0.625,2,7,9,0,0,1,2,5,13,0,24.8,1,2015-16
22015,101145,Monta Ellis,1610612754,IND,Indiana Pacers,0021500515,2016-01-04,IND @ MIA,L,41,8,17,0.471,1,3,0.333,0,1,0.0,1,2,3,9,0,0,1,2,17,5,33.1,1,2015-16
22015,202331,Paul George,1610612754,IND,Indiana Pacers,0021500515,2016-01-04,IND @ MIA,L,42,12,29,0.414,5,13,0.385,3,4,0.75,2,5,7,2,2,0,1,3,32,11,48.4,1,2015-16
22015,1626202,Joe Young,1610612754,IND,Indiana Pacers,0021500515,2016-01-04,IND @ MIA,L,11,1,5,0.2,0,0,,1,2,0.5,1,5,6,2,0,0,0,0,3,-4,13.2,1,2015-16
22015,201171,Carl Landry,1610612755,PHI,Philadelphia 76ers,0021500512,2016-01-04,PHI vs. MIN,W,22,8,11,0.727,0,0,,0,0,,3,1,4,1,0,1,0,0,16,19,25.3,1,2015-16
22015,201954,Darren Collison,1610612758,SAC,Sacramento Kings,0021500517,2016-01-04,SAC @ OKC,W,30,6,14,0.429,1,3,0.333,1,1,1.0,0,0,0,4,0,0,3,0,14,23,17.0,1,2015-16
22015,200746,LaMarcus Aldridge,1610612759,SAS,San Antonio Spurs,0021500516,2016-01-04,SAS @ MIL,W,30,6,14,0.429,0,0,,4,5,0.8,6,5,11,1,0,1,1,2,16,11,32.7,1,2015-16
22015,202695,Kawhi Leonard,1610612759,SAS,San Antonio Spurs,0021500516,2016-01-04,SAS @ MIL,W,31,9,12,0.75,3,5,0.6,3,3,1.0,0,2,2,1,2,1,4,1,24,17,32.9,1,2015-16
22015,201627,Anthony Morrow,1610612760,OKC,Oklahoma City Thunder,0021500517,2016-01-04,OKC vs. SAC,L,34,8,11,0.727,3,6,0.5,1,2,0.5,0,1,1,0,1,0,0,3,20,2,24.2,1,2015-16
22015,203956,Mitch McGary,1610612760,OKC,Oklahoma City Thunder,0021500517,2016-01-04,OKC vs. SAC,L,2,0,0,,0,0,,0,0,,0,0,0,0,0,0,0,0,0,-6,0.0,1,2015-16
22015,203512,Lucas Nogueira,1610612761,TOR,Toronto Raptors,0021500511,2016-01-04,TOR @ CLE,L,3,1,1,1.0,0,0,,0,0,,0,1,1,0,1,0,0,0,2,-4,6.2,1,2015-16
22015,202330,Gordon Hayward,1610612762,UTA,Utah Jazz,0021500518,2016-01-04,UTA vs. HOU,L,36,7,18,0.389,3,6,0.5,3,3,1.0,2,5,7,3,3,1,5,2,20,-2,39.9,1,2015-16
22015,2440,Matt Barnes,1610612763,MEM,Memphis Grizzlies,0021500519,2016-01-04,MEM @ POR,W,26,0,5,0.0,0,2,0.0,3,4,0.75,2,4,6,1,3,0,0,4,3,6,20.7,1,2015-16
22015,201144,Mike Conley,1610612763,MEM,Memphis Grizzlies,0021500519,2016-01-04,MEM @ POR,W,26,3,13,0.231,1,4,0.25,2,3,0.667,0,2,2,4,0,0,0,0,9,0,17.4,1,2015-16
22015,2581,Steve Blake,1610612765,DET,Detroit Pistons,0021500514,2016-01-04,DET vs. ORL,W,4,0,1,0.0,0,1,0.0,0,0,,0,0,0,1,0,0,1,0,0,-4,0.5,1,2015-16
22015,202689,Kemba Walker,1610612766,CHA,Charlotte Hornets,0021500520,2016-01-04,CHA @ GSW,L,39,9,21,0.429,1,4,0.25,3,3,1.0,2,5,7,3,1,0,3,0,22,-6,34.9,1,2015-16
22015,202684,Tristan Thompson,1610612739,CLE,Cleveland Cavaliers,0021500511,2016-01-04,CLE vs. TOR,W,31,4,6,0.667,0,0,,6,6,1.0,4,7,11,0,0,1,2,3,14,12,28.2,1,2015-16
22015,201939,Stephen Curry,1610612744,GSW,Golden State Warriors,0021500520,2016-01-04,GSW vs. CHA,W,32,12,21,0.571,5,10,0.5,1,1,1.0,0,3,3,4,2,0,2,4,30,1,43.6,1,2015-16
22015,203084,Harrison Barnes,1610612744,GSW,Golden State Warriors,0021500520,2016-01-04,GSW vs. CHA,W,20,4,7,0.571,0,1,0.0,0,0,,0,1,1,2,0,1,0,1,8,-5,15.2,1,2015-16
22015,1891,Jason Terry,1610612745,HOU,Houston Rockets,0021500518,2016-01-04,HOU @ UTA,W,31,3,7,0.429,1,5,0.2,2,4,0.5,0,3,3,4,1,0,0,1,9,10,21.6,1,2015-16
22015,2405,Amar'e Stoudemire,1610612748,MIA,Miami Heat,0021500515,2016-01-04,MIA vs. IND,W,15,1,3,0.333,0,0,,0,2,0.0,2,3,5,0,1,1,1,0,2,3,13.0,1,2015-16
22015,2547,Chris Bosh,1610612748,MIA,Miami Heat,0021500515,2016-01-04,MIA vs. IND,W,42,8,20,0.4,2,6,0.333,13,16,0.813,2,9,11,1,1,1,0,5,31,2,51.7,1,2015-16
22015,203142,Chris Copeland,1610612749,MIL,Milwaukee Bucks,0021500516,2016-01-04,MIL vs. SAS,L,5,1,1,1.0,1,1,1.0,0,0,,0,0,0,0,0,0,0,0,3,-3,3.0,1,2015-16
22015,1626173,Rashad Vaughn,1610612749,MIL,Milwaukee Bucks,0021500516,2016-01-04,MIL vs. SAS,L,16,1,3,0.333,0,1,0.0,0,0,,0,2,2,2,0,0,3,1,2,-16,4.4,1,2015-16
22015,203499,Shane Larkin,1610612751,BKN,Brooklyn Nets,0021500513,2016-01-04,BKN vs. BOS,L,27,2,7,0.286,0,3,0.0,0,0,,0,2,2,2,0,0,2,3,4,-6,7.4,1,2015-16
22015,202699,Tobias Harris,1610612753,ORL,Orlando Magic,0021500514,2016-01-04,ORL @ DET,L,33,4,7,0.571,1,2,0.5,2,2,1.0,0,3,3,3,0,0,1,2,11,-12,18.1,1,2015-16
22015,1626209,Mario Hezonja,1610612753,ORL,Orlando Magic,0021500514,2016-01-04,ORL @ DET,L,11,1,3,0.333,0,0,,2,2,1.0,0,0,0,0,0,0,0,1,4,-9,4.0,1,2015-16
22015,201155,Rodney Stuckey,1610612754,IND,Indiana Pacers,0021500515,2016-01-04,IND @ MIA,L,30,3,11,0.273,0,2,0.0,6,7,0.857,1,4,5,3,0,0,1,3,12,-20,21.5,1,2015-16
22015,203924,Jerami Grant,1610612755,PHI,Philadelphia 76ers,0021500512,2016-01-04,PHI vs. MIN,W,22,1,3,0.333,0,1,0.0,0,0,,0,2,2,3,0,2,3,6,2,0,11.9,1,2015-16
22015,203468,CJ McCollum,1610612757,POR,Portland Trail Blazers,0021500519,2016-01-04,POR vs. MEM,L,39,6,18,0.333,1,7,0.143,3,5,0.6,0,2,2,4,1,0,3,4,16,-2,24.4,1,2015-16
22015,203486,Mason Plumlee,1610612757,POR,Portland Trail Blazers,0021500519,2016-01-04,POR vs. MEM,L,23,1,6,0.167,0,0,,1,4,0.25,1,2,3,0,2,0,1,2,3,1,11.6,1,2015-16
22015,203943,Noah Vonleh,1610612757,POR,Portland Trail Blazers,0021500519,2016-01-04,POR vs. MEM,L,13,1,3,0.333,0,0,,0,0,,3,3,6,0,0,1,1,2,2,0,11.2,1,2015-16
22015,1626192,Pat Connaughton,1610612757,POR,Portland Trail Blazers,0021500519,2016-01-04,POR vs. MEM,L,1,0,0,,0,0,,0,0,,0,0,0,0,0,0,1,0,0,0,-1.0,1,2015-16
22015,200752,Rudy Gay,1610612758,SAC,Sacramento Kings,0021500517,2016-01-04,SAC @ OKC,W,34,5,13,0.385,1,2,0.5,5,6,0.833,2,3,5,0,1,0,1,4,16,-9,24.0,1,2015-16
22015,201158,Marco Belinelli,1610612758,SAC,Sacramento Kings,0021500517,2016-01-04,SAC @ OKC,W,34,6,13,0.462,2,5,0.4,7,8,0.875,0,2,2,1,1,0,1,1,21,18,26.9,1,2015-16
22015,201585,Kosta Koufos,1610612758,SAC,Sacramento Kings,0021500517,2016-01-04,SAC @ OKC,W,29,3,5,0.6,0,0,,2,2,1.0,3,5,8,1,0,4,2,3,8,27,29.1,1,2015-16
22015,202326,DeMarcus Cousins,1610612758,SAC,Sacramento Kings,0021500517,2016-01-04,SAC @ OKC,W,38,11,27,0.407,2,4,0.5,9,10,0.9,4,15,19,1,0,2,1,2,33,3,62.3,1,2015-16
22015,203112,Quincy Acy,1610612758,SAC,Sacramento Kings,0021500517,2016-01-04,SAC @ OKC,W,5,0,0,,0,0,,0,0,,1,0,1,0,0,0,0,1,0,-6,1.2,1,2015-16
22015,1495,Tim Duncan,1610612759,SAS,San Antonio Spurs,0021500516,2016-01-04,SAS @ MIL,W,27,7,11,0.636,0,0,,0,1,0.0,2,8,10,4,2,1,1,5,14,12,40.0,1,2015-16
22015,2561,David West,1610612759,SAS,San Antonio Spurs,0021500516,2016-01-04,SAS @ MIL,W,15,5,9,0.556,0,0,,0,0,,0,1,1,3,1,1,0,0,10,5,21.7,1,2015-16
22015,2564,Boris Diaw,1610612759,SAS,San Antonio Spurs,0021500516,2016-01-04,SAS @ MIL,W,19,6,8,0.75,0,1,0.0,2,2,1.0,1,3,4,2,1,0,1,2,14,19,23.8,1,2015-16
22015,202713,Kyle Singler,1610612760,OKC,Oklahoma City Thunder,0021500517,2016-01-04,OKC vs. SAC,L,14,2,4,0.5,1,1,1.0,1,2,0.5,0,0,0,0,0,0,0,2,6,-17,6.0,1,2015-16
22015,203460,Andre Roberson,1610612760,OKC,Oklahoma City Thunder,0021500517,2016-01-04,OKC vs. SAC,L,23,1,3,0.333,0,1,0.0,0,0,,1,2,3,2,1,2,1,1,2,8,16.6,1,2015-16
22015,202335,Patrick Patterson,1610612761,TOR,Toronto Raptors,0021500511,2016-01-04,TOR @ CLE,L,26,6,8,0.75,3,5,0.6,0,0,,0,1,1,0,1,0,0,2,15,0,19.2,1,2015-16
22015,202709,Cory Joseph,1610612761,TOR,Toronto Raptors,0021500511,2016-01-04,TOR @ CLE,L,21,0,5,0.0,0,0,,3,4,0.75,0,0,0,5,0,0,0,3,3,-11,10.5,1,2015-16
22015,201145,Jeff Green,1610612763,MEM,Memphis Grizzlies,0021500519,2016-01-04,MEM @ POR,W,29,3,12,0.25,0,2,0.0,0,2,0.0,1,5,6,1,0,2,1,3,6,7,19.7,1,2015-16
22015,203493,Reggie Bullock Jr.,1610612765,DET,Detroit Pistons,0021500514,2016-01-04,DET vs. ORL,W,4,0,1,0.0,0,0,,0,0,,0,1,1,1,0,0,0,0,0,-4,2.7,1,2015-16
22015,1626169,Stanley Johnson,1610612765,DET,Detroit Pistons,0021500514,2016-01-04,DET vs. ORL,W,25,2,8,0.25,2,5,0.4,0,0,,1,6,7,3,2,0,1,3,6,23,23.9,1,2015-16
22015,202738,Isaiah Thomas,1610612738,BOS,Boston Celtics,0021500513,2016-01-04,BOS @ BKN,W,31,7,18,0.389,1,5,0.2,4,5,0.8,1,2,3,7,1,0,1,0,19,10,35.1,1,2015-16
22015,203092,Tyler Zeller,1610612738,BOS,Boston Celtics,0021500513,2016-01-04,BOS @ BKN,W,14,2,9,0.222,0,0,,0,0,,2,2,4,0,0,0,0,2,4,-6,8.8,1,2015-16
22015,203109,Jae Crowder,1610612738,BOS,Boston Celtics,0021500513,2016-01-04,BOS @ BKN,W,35,8,13,0.615,2,4,0.5,7,8,0.875,1,5,6,1,3,1,0,2,25,8,45.7,1,2015-16
22015,203482,Kelly Olynyk,1610612738,BOS,Boston Celtics,0021500513,2016-01-04,BOS @ BKN,W,34,4,11,0.364,1,4,0.25,0,1,0.0,1,3,4,2,0,1,1,2,9,11,18.8,1,2015-16
22015,202697,Iman Shumpert,1610612739,CLE,Cleveland Cavaliers,0021500511,2016-01-04,CLE vs. TOR,W,30,2,5,0.4,1,3,0.333,0,0,,0,3,3,3,1,0,2,4,5,18,14.1,1,2015-16
22015,203521,Matthew Dellavedova,1610612739,CLE,Cleveland Cavaliers,0021500511,2016-01-04,CLE vs. TOR,W,25,3,4,0.75,2,3,0.667,3,3,1.0,0,3,3,4,0,0,3,2,11,6,17.6,1,2015-16
22015,2738,Andre Iguodala,1610612744,GSW,Golden State Warriors,0021500520,2016-01-04,GSW vs. CHA,W,24,0,3,0.0,0,3,0.0,0,0,,0,3,3,4,0,1,1,2,0,0,11.6,1,2015-16
22015,201578,Marreese Speights,1610612744,GSW,Golden State Warriors,0021500520,2016-01-04,GSW vs. CHA,W,17,7,10,0.7,0,1,0.0,1,1,1.0,1,1,2,0,0,1,1,2,15,7,19.4,1,2015-16
22015,203546,Ian Clark,1610612744,GSW,Golden State Warriors,0021500520,2016-01-04,GSW vs. CHA,W,18,1,4,0.25,1,2,0.5,0,0,,0,1,1,3,1,0,1,1,3,7,10.7,1,2015-16
22015,203093,Terrence Jones,1610612745,HOU,Houston Rockets,0021500518,2016-01-04,HOU @ UTA,W,15,0,1,0.0,0,0,,2,2,1.0,0,1,1,0,1,0,1,0,2,-4,5.2,1,2015-16
22015,2365,Chris Andersen,1610612748,MIA,Miami Heat,0021500515,2016-01-04,MIA vs. IND,W,10,1,3,0.333,0,0,,0,0,,1,1,2,1,1,1,0,3,2,-24,11.9,1,2015-16
22015,2548,Dwyane Wade,1610612748,MIA,Miami Heat,0021500515,2016-01-04,MIA vs. IND,W,38,9,22,0.409,0,0,,9,10,0.9,3,5,8,3,0,1,0,3,27,0,44.1,1,2015-16
22015,2757,Beno Udrih,1610612748,MIA,Miami Heat,0021500515,2016-01-04,MIA vs. IND,W,8,0,3,0.0,0,1,0.0,0,0,,0,2,2,2,0,0,0,1,0,-1,5.4,1,2015-16
22015,203953,Jabari Parker,1610612749,MIL,Milwaukee Bucks,0021500516,2016-01-04,MIL vs. SAS,L,32,5,14,0.357,0,1,0.0,4,4,1.0,4,4,8,3,0,1,0,1,14,-9,31.1,1,2015-16
22015,1889,Andre Miller,1610612750,MIN,Minnesota Timberwolves,0021500512,2016-01-04,MIN @ PHI,L,11,3,3,1.0,0,0,,3,3,1.0,0,1,1,2,0,0,1,0,9,-2,12.2,1,2015-16
22015,203476,Gorgui Dieng,1610612750,MIN,Minnesota Timberwolves,0021500512,2016-01-04,MIN @ PHI,L,27,6,9,0.667,0,0,,2,2,1.0,3,5,8,1,2,2,1,2,14,-3,36.1,1,2015-16
22015,203940,Adreian Payne,1610612750,MIN,Minnesota Timberwolves,0021500512,2016-01-04,MIN @ PHI,L,7,0,0,,0,0,,0,0,,0,0,0,1,0,0,0,1,0,-5,1.5,1,2015-16
22015,203952,Andrew Wiggins,1610612750,MIN,Minnesota Timberwolves,0021500512,2016-01-04,MIN @ PHI,L,25,4,9,0.444,0,0,,8,10,0.8,0,3,3,2,1,2,3,3,16,-6,28.6,1,2015-16
22015,2207,Joe Johnson,1610612751,BKN,Brooklyn Nets,0021500513,2016-01-04,BKN vs. BOS,L,35,8,15,0.533,2,4,0.5,3,4,0.75,4,2,6,4,0,0,2,3,21,-4,32.2,1,2015-16
22015,202388,Donald Sloan,1610612751,BKN,Brooklyn Nets,0021500513,2016-01-04,BKN vs. BOS,L,21,2,5,0.4,1,2,0.5,0,0,,1,3,4,3,1,0,2,1,5,-3,15.3,1,2015-16
22015,202711,Bojan Bogdanovic,1610612751,BKN,Brooklyn Nets,0021500513,2016-01-04,BKN vs. BOS,L,34,3,14,0.214,0,7,0.0,6,6,1.0,4,8,12,3,0,2,1,0,12,-15,35.9,1,2015-16
22015,203186,Willie Reed,1610612751,BKN,Brooklyn Nets,0021500513,2016-01-04,BKN vs. BOS,L,7,0,0,,0,0,,0,0,,0,2,2,0,0,1,0,2,0,-6,5.4,1,2015-16
22015,201941,Jordan Hill,1610612754,IND,Indiana Pacers,0021500515,2016-01-04,IND @ MIA,L,20,5,7,0.714,0,0,,0,0,,3,9,12,1,1,1,3,3,10,-3,28.9,1,2015-16
22015,201978,Chase Budinger,1610612754,IND,Indiana Pacers,0021500515,2016-01-04,IND @ MIA,L,22,0,5,0.0,0,2,0.0,0,0,,1,4,5,0,0,1,1,0,0,-12,8.0,1,2015-16
22015,202730,Lavoy Allen,1610612754,IND,Indiana Pacers,0021500515,2016-01-04,IND @ MIA,L,23,1,2,0.5,0,0,,0,0,,2,0,2,1,0,0,0,5,2,10,5.9,1,2015-16
22015,203477,Isaiah Canaan,1610612755,PHI,Philadelphia 76ers,0021500512,2016-01-04,PHI vs. MIN,W,10,2,6,0.333,1,4,0.25,1,2,0.5,0,0,0,2,0,0,0,1,6,6,9.0,1,2015-16
22015,204456,T.J. McConnell,1610612755,PHI,Philadelphia 76ers,0021500512,2016-01-04,PHI vs. MIN,W,18,4,8,0.5,1,5,0.2,0,0,,1,3,4,6,4,0,0,0,9,10,34.8,1,2015-16
22015,202334,Ed Davis,1610612757,POR,Portland Trail Blazers,0021500519,2016-01-04,POR vs. MEM,L,13,1,2,0.5,0,0,,0,2,0.0,0,1,1,0,0,2,2,2,2,-19,7.2,1,2015-16
22015,203086,Meyers Leonard,1610612757,POR,Portland Trail Blazers,0021500519,2016-01-04,POR vs. MEM,L,16,2,3,0.667,1,1,1.0,0,0,,0,5,5,0,0,0,2,1,5,-3,9.0,1,2015-16
22015,203090,Maurice Harkless,1610612757,POR,Portland Trail Blazers,0021500519,2016-01-04,POR vs. MEM,L,20,1,2,0.5,0,1,0.0,0,2,0.0,0,2,2,3,1,1,0,0,2,-5,14.9,1,2015-16
22015,203459,Allen Crabbe,1610612757,POR,Portland Trail Blazers,0021500519,2016-01-04,POR vs. MEM,L,32,4,7,0.571,1,2,0.5,0,0,,0,6,6,0,1,0,1,1,9,-13,18.2,1,2015-16
22015,203937,Kyle Anderson,1610612759,SAS,San Antonio Spurs,0021500516,2016-01-04,SAS @ MIL,W,9,1,2,0.5,0,1,0.0,0,0,,0,2,2,2,0,0,1,2,2,0,6.4,1,2015-16
22015,1626246,Boban Marjanovic,1610612759,SAS,San Antonio Spurs,0021500516,2016-01-04,SAS @ MIL,W,5,1,2,0.5,0,0,,0,0,,1,2,3,2,1,0,0,0,2,3,11.6,1,2015-16
22015,201586,Serge Ibaka,1610612760,OKC,Oklahoma City Thunder,0021500517,2016-01-04,OKC vs. SAC,L,40,10,17,0.588,3,5,0.6,2,4,0.5,1,6,7,1,1,5,3,3,25,-3,49.9,1,2015-16
22015,203500,Steven Adams,1610612760,OKC,Oklahoma City Thunder,0021500517,2016-01-04,OKC vs. SAC,L,27,5,6,0.833,0,0,,5,6,0.833,6,4,10,2,0,0,1,5,15,9,29.0,1,2015-16
22015,1626166,Cameron Payne,1610612760,OKC,Oklahoma City Thunder,0021500517,2016-01-04,OKC vs. SAC,L,19,5,12,0.417,1,4,0.25,0,0,,1,4,5,1,1,1,0,5,11,-17,24.5,1,2015-16
22015,201942,DeMar DeRozan,1610612761,TOR,Toronto Raptors,0021500511,2016-01-04,TOR @ CLE,L,35,8,15,0.533,0,1,0.0,3,5,0.6,1,1,2,4,1,0,3,4,19,-17,27.4,1,2015-16
22015,201949,James Johnson,1610612761,TOR,Toronto Raptors,0021500511,2016-01-04,TOR @ CLE,L,23,2,5,0.4,1,2,0.5,0,2,0.0,0,0,0,0,1,0,0,3,5,-17,8.0,1,2015-16
22015,202685,Jonas Valančiūnas,1610612761,TOR,Toronto Raptors,0021500511,2016-01-04,TOR @ CLE,L,27,4,8,0.5,0,0,,1,3,0.333,5,3,8,1,0,2,1,0,9,-20,25.1,1,2015-16
22015,202344,Trevor Booker,1610612762,UTA,Utah Jazz,0021500518,2016-01-04,UTA vs. HOU,L,26,2,2,1.0,0,0,,1,2,0.5,3,4,7,0,1,0,3,3,5,-6,13.4,1,2015-16
22015,202353,Tibor Pleiss,1610612762,UTA,Utah Jazz,0021500518,2016-01-04,UTA vs. HOU,L,13,1,4,0.25,0,1,0.0,0,0,,3,2,5,0,0,0,1,2,2,-1,7.0,1,2015-16
22015,203187,Chris Johnson,1610612762,UTA,Utah Jazz,0021500518,2016-01-04,UTA vs. HOU,L,12,1,3,0.333,1,2,0.5,0,0,,1,2,3,2,0,0,2,2,3,1,7.6,1,2015-16
22015,203918,Rodney Hood,1610612762,UTA,Utah Jazz,0021500518,2016-01-04,UTA vs. HOU,L,35,6,9,0.667,5,6,0.833,6,8,0.75,0,1,1,7,1,0,2,4,23,0,35.7,1,2015-16
22015,1626168,Trey Lyles,1610612762,UTA,Utah Jazz,0021500518,2016-01-04,UTA vs. HOU,L,22,6,10,0.6,1,3,0.333,0,0,,1,3,4,0,0,0,1,3,13,4,16.8,1,2015-16
22015,2216,Zach Randolph,1610612763,MEM,Memphis Grizzlies,0021500519,2016-01-04,MEM @ POR,W,31,11,18,0.611,0,0,,4,4,1.0,6,12,18,3,1,0,3,0,26,25,52.1,1,2015-16
22015,202694,Marcus Morris Sr.,1610612765,DET,Detroit Pistons,0021500514,2016-01-04,DET vs. ORL,W,30,4,7,0.571,0,1,0.0,5,5,1.0,1,2,3,1,0,0,0,2,13,9,18.1,1,2015-16
22015,202391,Jeremy Lin,1610612766,CHA,Charlotte Hornets,0021500520,2016-01-04,CHA @ GSW,L,31,5,12,0.417,1,5,0.2,2,2,1.0,0,3,3,1,0,0,1,3,13,-14,17.1,1,2015-16
22015,1626163,Frank Kaminsky,1610612766,CHA,Charlotte Hornets,0021500520,2016-01-04,CHA @ GSW,L,26,3,7,0.429,0,0,,0,0,,2,3,5,3,0,0,0,0,6,-5,16.5,1,2015-16
22015,101161,Amir Johnson,1610612738,BOS,Boston Celtics,0021500513,2016-01-04,BOS @ BKN,W,28,6,7,0.857,0,1,0.0,0,0,,1,3,4,3,1,2,0,5,12,12,30.3,1,2015-16
22015,202323,Evan Turner,1610612738,BOS,Boston Celtics,0021500513,2016-01-04,BOS @ BKN,W,37,6,12,0.5,0,0,,0,0,,1,10,11,3,0,1,4,2,12,3,28.7,1,2015-16
22015,203923,James Young,1610612738,BOS,Boston Celtics,0021500513,2016-01-04,BOS @ BKN,W,14,0,3,0.0,0,3,0.0,0,0,,1,1,2,0,1,0,1,2,0,1,4.4,1,2015-16
22015,201567,Kevin Love,1610612739,CLE,Cleveland Cavaliers,0021500511,2016-01-04,CLE vs. TOR,W,33,4,11,0.364,2,5,0.4,4,4,1.0,4,5,9,2,2,3,1,3,14,14,41.8,1,2015-16
22015,2733,Shaun Livingston,1610612744,GSW,Golden State Warriors,0021500520,2016-01-04,GSW vs. CHA,W,8,0,2,0.0,0,0,,0,0,,0,0,0,1,0,0,0,0,0,8,1.5,1,2015-16
22015,2730,Dwight Howard,1610612745,HOU,Houston Rockets,0021500518,2016-01-04,HOU @ UTA,W,41,7,12,0.583,0,0,,2,4,0.5,2,11,13,1,1,1,3,2,16,-8,36.1,1,2015-16
22015,2772,Trevor Ariza,1610612745,HOU,Houston Rockets,0021500518,2016-01-04,HOU @ UTA,W,31,5,9,0.556,3,5,0.6,0,0,,0,4,4,0,4,0,0,2,13,-13,29.8,1,2015-16
22015,201976,Patrick Beverley,1610612745,HOU,Houston Rockets,0021500518,2016-01-04,HOU @ UTA,W,23,4,6,0.667,2,2,1.0,0,0,,0,1,1,3,1,0,2,3,10,-4,16.7,1,2015-16
22015,2736,Luol Deng,1610612748,MIA,Miami Heat,0021500515,2016-01-04,MIA vs. IND,W,27,1,5,0.2,1,4,0.25,5,6,0.833,0,3,3,0,0,0,0,0,8,-11,11.6,1,2015-16
22015,101123,Gerald Green,1610612748,MIA,Miami Heat,0021500515,2016-01-04,MIA vs. IND,W,16,2,6,0.333,1,4,0.25,0,0,,0,2,2,1,1,1,0,0,5,13,14.9,1,2015-16
22015,204020,Tyler Johnson,1610612748,MIA,Miami Heat,0021500515,2016-01-04,MIA vs. IND,W,36,4,10,0.4,0,3,0.0,0,1,0.0,3,5,8,2,1,0,0,3,8,23,23.6,1,2015-16
22015,201564,O.J. Mayo,1610612749,MIL,Milwaukee Bucks,0021500516,2016-01-04,MIL vs. SAS,L,24,0,4,0.0,0,0,,0,0,,0,0,0,1,1,0,2,1,0,-25,2.5,1,2015-16
22015,202328,Greg Monroe,1610612749,MIL,Milwaukee Bucks,0021500516,2016-01-04,MIL vs. SAS,L,28,5,9,0.556,0,0,,5,8,0.625,2,6,8,2,2,1,2,1,15,-12,34.6,1,2015-16
22015,203101,Miles Plumlee,1610612749,MIL,Milwaukee Bucks,0021500516,2016-01-04,MIL vs. SAS,L,6,1,1,1.0,0,0,,0,0,,0,0,0,0,0,0,1,0,2,-3,1.0,1,2015-16
22015,203507,Giannis Antetokounmpo,1610612749,MIL,Milwaukee Bucks,0021500516,2016-01-04,MIL vs. SAS,L,30,5,9,0.556,0,2,0.0,1,2,0.5,2,2,4,2,1,1,2,2,11,-6,22.8,1,2015-16
22015,2419,Tayshaun Prince,1610612750,MIN,Minnesota Timberwolves,0021500512,2016-01-04,MIN @ PHI,L,20,4,7,0.571,0,0,,0,0,,0,1,1,2,1,0,2,0,8,-8,13.2,1,2015-16
22015,201937,Ricky Rubio,1610612750,MIN,Minnesota Timberwolves,0021500512,2016-01-04,MIN @ PHI,L,33,3,11,0.273,0,2,0.0,1,2,0.5,0,0,0,10,3,0,2,1,7,-1,29.0,1,2015-16
22015,200745,Andrea Bargnani,1610612751,BKN,Brooklyn Nets,0021500513,2016-01-04,BKN vs. BOS,L,4,0,1,0.0,0,0,,0,0,,0,0,0,0,0,0,0,0,0,-2,0.0,1,2015-16
22015,201572,Brook Lopez,1610612751,BKN,Brooklyn Nets,0021500513,2016-01-04,BKN vs. BOS,L,37,6,14,0.429,0,0,,7,7,1.0,0,5,5,1,0,1,3,4,19,-8,26.5,1,2015-16
22015,201961,Wayne Ellington,1610612751,BKN,Brooklyn Nets,0021500513,2016-01-04,BKN vs. BOS,L,27,2,10,0.2,1,8,0.125,3,4,0.75,0,3,3,1,1,0,1,2,8,2,15.1,1,2015-16
22015,203080,Thomas Robinson,1610612751,BKN,Brooklyn Nets,0021500513,2016-01-04,BKN vs. BOS,L,9,0,1,0.0,0,0,,2,2,1.0,1,3,4,0,1,0,1,2,2,4,8.8,1,2015-16
22015,201160,Jason Smith,1610612753,ORL,Orlando Magic,0021500514,2016-01-04,ORL @ DET,L,15,5,13,0.385,0,1,0.0,2,2,1.0,1,0,1,0,0,2,0,2,12,-10,19.2,1,2015-16
22015,203094,Andrew Nicholson,1610612753,ORL,Orlando Magic,0021500514,2016-01-04,ORL @ DET,L,21,6,10,0.6,2,3,0.667,0,0,,1,6,7,1,0,0,1,0,14,-1,22.9,1,2015-16
22015,203095,Evan Fournier,1610612753,ORL,Orlando Magic,0021500514,2016-01-04,ORL @ DET,L,26,0,6,0.0,0,4,0.0,0,0,,1,1,2,2,2,0,1,2,0,-19,10.4,1,2015-16
22015,203473,Dewayne Dedmon,1610612753,ORL,Orlando Magic,0021500514,2016-01-04,ORL @ DET,L,9,0,0,,0,0,,0,0,,0,1,1,0,0,3,0,1,0,-9,10.2,1,2015-16
22015,203894,Shabazz Napier,1610612753,ORL,Orlando Magic,0021500514,2016-01-04,ORL @ DET,L,27,4,12,0.333,2,6,0.333,0,0,,0,1,1,2,2,0,2,3,10,-20,18.2,1,2015-16
22015,101139,CJ Miles,1610612754,IND,Indiana Pacers,0021500515,2016-01-04,IND @ MIA,L,7,2,5,0.4,2,5,0.4,1,1,1.0,0,1,1,0,1,0,1,1,7,4,10.2,1,2015-16
22015,203922,Glenn Robinson III,1610612754,IND,Indiana Pacers,0021500515,2016-01-04,IND @ MIA,L,11,0,1,0.0,0,1,0.0,0,0,,0,1,1,0,0,0,0,0,0,9,1.2,1,2015-16
22015,202397,Ish Smith,1610612755,PHI,Philadelphia 76ers,0021500512,2016-01-04,PHI vs. MIN,W,30,9,16,0.563,0,0,,3,3,1.0,0,4,4,11,3,0,4,1,21,0,47.3,1,2015-16
22015,203138,Hollis Thompson,1610612755,PHI,Philadelphia 76ers,0021500512,2016-01-04,PHI vs. MIN,W,21,4,9,0.444,1,5,0.2,0,1,0.0,1,1,2,1,0,1,0,2,9,5,15.9,1,2015-16
22015,203496,Robert Covington,1610612755,PHI,Philadelphia 76ers,0021500512,2016-01-04,PHI vs. MIN,W,7,0,1,0.0,0,1,0.0,0,1,0.0,0,1,1,1,0,0,1,1,0,0,1.7,1,2015-16
22015,203960,JaKarr Sampson,1610612755,PHI,Philadelphia 76ers,0021500512,2016-01-04,PHI vs. MIN,W,12,1,3,0.333,0,1,0.0,2,2,1.0,1,2,3,0,0,1,0,3,4,-1,10.6,1,2015-16
22015,202341,James Anderson,1610612758,SAC,Sacramento Kings,0021500517,2016-01-04,SAC @ OKC,W,5,0,0,,0,0,,0,0,,0,1,1,0,0,0,0,1,0,4,1.2,1,2015-16
22015,203463,Ben McLemore,1610612758,SAC,Sacramento Kings,0021500517,2016-01-04,SAC @ OKC,W,7,1,2,0.5,1,1,1.0,0,0,,0,0,0,0,0,0,1,0,3,-13,2.0,1,2015-16
22015,2588,Matt Bonner,1610612759,SAS,San Antonio Spurs,0021500516,2016-01-04,SAS @ MIL,W,3,0,1,0.0,0,0,,0,0,,0,0,0,0,1,0,0,0,0,1,3.0,1,2015-16
22015,201988,Patty Mills,1610612759,SAS,San Antonio Spurs,0021500516,2016-01-04,SAS @ MIL,W,28,3,7,0.429,3,5,0.6,1,2,0.5,0,1,1,5,0,0,1,3,10,20,17.7,1,2015-16
22015,1626153,Delon Wright,1610612761,TOR,Toronto Raptors,0021500511,2016-01-04,TOR @ CLE,L,3,1,2,0.5,0,0,,0,0,,0,0,0,1,0,0,0,0,2,-4,3.5,1,2015-16
22015,203504,Trey Burke,1610612762,UTA,Utah Jazz,0021500518,2016-01-04,UTA vs. HOU,L,29,3,11,0.273,1,5,0.2,3,4,0.75,0,5,5,3,1,0,0,2,10,5,23.5,1,2015-16
22015,203526,Raul Neto,1610612762,UTA,Utah Jazz,0021500518,2016-01-04,UTA vs. HOU,L,19,1,4,0.25,0,1,0.0,2,2,1.0,0,1,1,2,0,0,0,0,4,-6,8.2,1,2015-16
22015,200797,Ryan Hollins,1610612763,MEM,Memphis Grizzlies,0021500519,2016-01-04,MEM @ POR,W,1,0,1,0.0,0,0,,0,0,,1,0,1,0,0,0,0,0,0,0,1.2,1,2015-16
22015,201188,Marc Gasol,1610612763,MEM,Memphis Grizzlies,0021500519,2016-01-04,MEM @ POR,W,30,3,12,0.25,0,0,,1,2,0.5,1,5,6,2,1,1,4,3,7,-13,19.2,1,2015-16
22015,201584,Courtney Lee,1610612763,MEM,Memphis Grizzlies,0021500519,2016-01-04,MEM @ POR,W,37,6,9,0.667,0,1,0.0,4,4,1.0,1,2,3,3,2,0,0,1,16,20,30.1,1,2015-16
22015,201596,Mario Chalmers,1610612763,MEM,Memphis Grizzlies,0021500519,2016-01-04,MEM @ POR,W,22,3,9,0.333,1,5,0.2,3,5,0.6,0,1,1,6,2,0,1,5,10,13,25.2,1,2015-16
22015,203210,JaMychal Green,1610612763,MEM,Memphis Grizzlies,0021500519,2016-01-04,MEM @ POR,W,11,3,4,0.75,0,0,,0,0,,2,3,5,0,0,0,1,1,6,-1,11.0,1,2015-16
22015,202704,Reggie Jackson,1610612765,DET,Detroit Pistons,0021500514,2016-01-04,DET vs. ORL,W,26,6,12,0.5,0,2,0.0,2,2,1.0,1,2,3,7,0,1,2,2,14,5,29.1,1,2015-16
22015,203083,Andre Drummond,1610612765,DET,Detroit Pistons,0021500514,2016-01-04,DET vs. ORL,W,29,8,14,0.571,0,0,,1,4,0.25,6,6,12,0,1,1,1,0,17,9,36.4,1,2015-16
22015,1626199,Darrun Hilliard,1610612765,DET,Detroit Pistons,0021500514,2016-01-04,DET vs. ORL,W,4,0,2,0.0,0,0,,0,0,,0,0,0,0,0,0,0,1,0,-4,0.0,1,2015-16
22015,101107,Marvin Williams,1610612766,CHA,Charlotte Hornets,0021500520,2016-01-04,CHA @ GSW,L,30,3,7,0.429,2,3,0.667,0,0,,0,6,6,1,0,0,0,0,8,-6,16.7,1,2015-16
22015,201150,Spencer Hawes,1610612766,CHA,Charlotte Hornets,0021500520,2016-01-04,CHA @ GSW,L,20,1,6,0.167,0,2,0.0,4,4,1.0,0,4,4,4,0,0,2,2,6,-10,14.8,1,2015-16
22015,203148,Brian Roberts,1610612766,CHA,Charlotte Hornets,0021500520,2016-01-04,CHA @ GSW,L,16,4,5,0.8,1,1,1.0,0,0,,0,1,1,1,1,0,1,2,9,-3,13.7,1,2015-16
22015,203469,Cody Zeller,1610612766,CHA,Charlotte Hornets,0021500520,2016-01-04,CHA @ GSW,L,28,2,7,0.286,0,0,,4,4,1.0,3,7,10,0,2,1,2,2,8,0,27.0,1,2015-16
22015,203096,Jared Sullinger,1610612738,BOS,Boston Celtics,0021500513,2016-01-04,BOS @ BKN,W,18,4,10,0.4,1,1,1.0,3,3,1.0,0,10,10,2,3,0,0,3,12,4,36.0,1,2015-16
22015,201609,Goran Dragic,1610612748,MIA,Miami Heat,0021500515,2016-01-04,MIA vs. IND,W,39,6,12,0.5,1,2,0.5,0,0,,2,3,5,4,0,0,5,5,13,-5,20.0,1,2015-16
22015,203898,Tyler Ennis,1610612749,MIL,Milwaukee Bucks,0021500516,2016-01-04,MIL vs. SAS,L,5,0,1,0.0,0,0,,0,0,,0,0,0,2,0,0,0,1,0,-3,3.0,1,2015-16
22015,200765,Rajon Rondo,1610612758,SAC,Sacramento Kings,0021500517,2016-01-04,SAC @ OKC,W,43,5,11,0.455,0,2,0.0,3,8,0.375,1,8,9,19,5,1,6,1,13,4,64.3,1,2015-16
22015,203613,Jonathon Simmons,1610612759,SAS,San Antonio Spurs,0021500516,2016-01-04,SAS @ MIL,W,20,6,7,0.857,0,0,,6,7,0.857,0,3,3,0,0,0,1,3,18,21,20.6,1,2015-16
22015,202683,Enes Freedom,1610612760,OKC,Oklahoma City Thunder,0021500517,2016-01-04,OKC vs. SAC,L,16,1,5,0.2,0,0,,1,2,0.5,0,1,1,1,0,1,1,1,3,-19,7.7,1,2015-16
22015,203082,Terrence Ross,1610612761,TOR,Toronto Raptors,0021500511,2016-01-04,TOR @ CLE,L,28,2,7,0.286,0,3,0.0,2,2,1.0,0,2,2,1,3,0,2,2,6,-6,16.9,1,2015-16
22015,204060,Joe Ingles,1610612762,UTA,Utah Jazz,0021500518,2016-01-04,UTA vs. HOU,L,14,1,6,0.167,1,5,0.2,0,0,,0,0,0,0,0,0,0,0,3,-6,3.0,1,2015-16
22015,2754,Tony Allen,1610612763,MEM,Memphis Grizzlies,0021500519,2016-01-04,MEM @ POR,W,27,3,8,0.375,1,1,1.0,1,2,0.5,3,1,4,1,1,0,1,2,8,8,16.3,1,2015-16
22015,201229,Anthony Tolliver,1610612765,DET,Detroit Pistons,0021500514,2016-01-04,DET vs. ORL,W,20,4,8,0.5,2,4,0.5,0,0,,2,4,6,1,0,1,1,1,10,15,20.7,1,2015-16
22015,203382,Aron Baynes,1610612765,DET,Detroit Pistons,0021500514,2016-01-04,DET vs. ORL,W,16,3,3,1.0,0,0,,1,2,0.5,4,6,10,2,0,2,2,2,7,21,26.0,1,2015-16
22015,203798,PJ Hairston,1610612766,CHA,Charlotte Hornets,0021500520,2016-01-04,CHA @ GSW,L,20,2,7,0.286,2,3,0.667,1,2,0.5,1,1,2,1,0,0,1,2,7,-8,9.9,1,2015-16
22015,201143,Al Horford,1610612737,ATL,Atlanta Hawks,0021500521,2016-01-05,ATL vs. NYK,L,33,6,13,0.462,1,3,0.333,0,2,0.0,6,4,10,8,0,2,0,3,13,-5,43.0,1,2015-16
22015,203118,Mike Scott,1610612737,ATL,Atlanta Hawks,0021500521,2016-01-05,ATL vs. NYK,L,14,2,4,0.5,2,3,0.667,0,0,,0,2,2,0,0,0,0,3,6,1,8.4,1,2015-16
22015,2550,Kirk Hinrich,1610612741,CHI,Chicago Bulls,0021500522,2016-01-05,CHI vs. MIL,W,13,1,2,0.5,0,1,0.0,0,0,,0,1,1,4,0,0,1,1,2,-4,8.2,1,2015-16
22015,1626171,Bobby Portis,1610612741,CHI,Chicago Bulls,0021500522,2016-01-05,CHI vs. MIL,W,21,2,4,0.5,0,1,0.0,4,4,1.0,2,6,8,0,1,0,1,1,8,3,19.6,1,2015-16
22015,1717,Dirk Nowitzki,1610612742,DAL,Dallas Mavericks,0021500523,2016-01-05,DAL vs. SAC,W,43,8,19,0.421,2,7,0.286,5,6,0.833,0,5,5,3,0,0,1,3,23,10,32.5,1,2015-16
22015,2585,Zaza Pachulia,1610612742,DAL,Dallas Mavericks,0021500523,2016-01-05,DAL vs. SAC,W,40,4,11,0.364,0,0,,1,2,0.5,6,11,17,0,5,0,3,4,9,-7,41.4,1,2015-16
22015,2734,Devin Harris,1610612742,DAL,Dallas Mavericks,0021500523,2016-01-05,DAL vs. SAC,W,17,2,4,0.5,1,2,0.5,0,0,,1,2,3,2,1,0,0,1,5,3,14.6,1,2015-16
22015,201580,JaVale McGee,1610612742,DAL,Dallas Mavericks,0021500523,2016-01-05,DAL vs. SAC,W,17,6,8,0.75,0,0,,1,2,0.5,4,7,11,0,2,2,0,3,13,3,38.2,1,2015-16
22015,201574,Jason Thompson,1610612744,GSW,Golden State Warriors,0021500524,2016-01-05,GSW @ LAL,W,12,2,2,1.0,0,0,,0,0,,0,3,3,0,0,1,0,4,4,-9,10.6,1,2015-16
22015,203084,Harrison Barnes,1610612744,GSW,Golden State Warriors,0021500524,2016-01-05,GSW @ LAL,W,23,5,7,0.714,0,0,,0,0,,1,7,8,1,2,0,2,2,10,-1,25.1,1,2015-16
22015,203546,Ian Clark,1610612744,GSW,Golden State Warriors,0021500524,2016-01-05,GSW @ LAL,W,22,1,10,0.1,0,4,0.0,1,2,0.5,1,3,4,6,1,4,2,1,3,-7,29.8,1,2015-16
22015,201579,Roy Hibbert,1610612747,LAL,Los Angeles Lakers,0021500524,2016-01-05,LAL vs. GSW,L,24,1,7,0.143,0,0,,0,0,,0,5,5,0,0,1,1,2,2,-30,10.0,1,2015-16
22015,203487,Michael Carter-Williams,1610612749,MIL,Milwaukee Bucks,0021500522,2016-01-05,MIL @ CHI,L,37,9,14,0.643,1,1,1.0,1,1,1.0,0,3,3,12,2,0,2,1,20,-14,45.6,1,2015-16
22015,203953,Jabari Parker,1610612749,MIL,Milwaukee Bucks,0021500522,2016-01-05,MIL @ CHI,L,34,5,12,0.417,0,0,,1,2,0.5,1,6,7,0,0,0,1,1,11,-21,18.4,1,2015-16
22015,200752,Rudy Gay,1610612758,SAC,Sacramento Kings,0021500523,2016-01-05,SAC @ DAL,L,48,13,20,0.65,3,3,1.0,2,2,1.0,0,5,5,1,1,0,2,1,31,4,39.5,1,2015-16
22015,200794,Paul Millsap,1610612737,ATL,Atlanta Hawks,0021500521,2016-01-05,ATL vs. NYK,L,36,6,17,0.353,2,6,0.333,5,5,1.0,4,3,7,2,1,0,4,4,19,-3,29.4,1,2015-16
22015,203471,Dennis Schröder,1610612737,ATL,Atlanta Hawks,0021500521,2016-01-05,ATL vs. NYK,L,25,3,8,0.375,0,2,0.0,1,3,0.333,0,4,4,8,0,0,3,1,7,0,20.8,1,2015-16
22015,202703,Nikola Mirotic,1610612741,CHI,Chicago Bulls,0021500522,2016-01-05,CHI vs. MIL,W,29,5,10,0.5,1,4,0.25,3,3,1.0,0,6,6,0,1,1,1,1,14,6,26.2,1,2015-16
22015,201578,Marreese Speights,1610612744,GSW,Golden State Warriors,0021500524,2016-01-05,GSW @ LAL,W,24,4,12,0.333,0,1,0.0,4,4,1.0,2,8,10,2,0,1,0,2,12,7,30.0,1,2015-16
22015,203110,Draymond Green,1610612744,GSW,Golden State Warriors,0021500524,2016-01-05,GSW @ LAL,W,28,2,5,0.4,1,2,0.5,4,8,0.5,1,11,12,5,0,1,2,2,9,31,31.9,1,2015-16
22015,101138,Brandon Bass,1610612747,LAL,Los Angeles Lakers,0021500524,2016-01-05,LAL vs. GSW,L,17,3,4,0.75,0,0,,2,3,0.667,3,1,4,0,0,0,0,1,8,2,12.8,1,2015-16
22015,203527,Ryan Kelly,1610612747,LAL,Los Angeles Lakers,0021500524,2016-01-05,LAL vs. GSW,L,8,3,5,0.6,1,1,1.0,3,3,1.0,2,1,3,0,0,0,0,0,10,7,13.6,1,2015-16
22015,203903,Jordan Clarkson,1610612747,LAL,Los Angeles Lakers,0021500524,2016-01-05,LAL vs. GSW,L,29,8,20,0.4,2,5,0.4,5,5,1.0,3,2,5,2,0,0,3,0,23,-34,29.0,1,2015-16
22015,203948,Johnny O'Bryant III,1610612749,MIL,Milwaukee Bucks,0021500522,2016-01-05,MIL @ CHI,L,19,3,6,0.5,0,0,,0,0,,2,2,4,0,1,0,0,3,6,6,13.8,1,2015-16
22015,202682,Derrick Williams,1610612752,NYK,New York Knicks,0021500521,2016-01-05,NYK @ ATL,W,16,3,6,0.5,1,3,0.333,8,8,1.0,1,3,4,1,0,0,0,0,15,-3,21.3,1,2015-16
22015,1626170,Jerian Grant,1610612752,NYK,New York Knicks,0021500521,2016-01-05,NYK @ ATL,W,10,0,0,,0,0,,0,0,,0,0,0,0,0,0,1,1,0,-3,-1.0,1,2015-16
22015,201954,Darren Collison,1610612758,SAC,Sacramento Kings,0021500523,2016-01-05,SAC @ DAL,L,47,6,14,0.429,0,4,0.0,2,3,0.667,0,4,4,12,2,0,3,1,14,-4,39.8,1,2015-16
22015,2594,Kyle Korver,1610612737,ATL,Atlanta Hawks,0021500521,2016-01-05,ATL vs. NYK,L,33,4,14,0.286,2,9,0.222,2,3,0.667,1,2,3,1,0,0,1,3,12,-5,16.1,1,2015-16
22015,200757,Thabo Sefolosha,1610612737,ATL,Atlanta Hawks,0021500521,2016-01-05,ATL vs. NYK,L,22,2,5,0.4,1,3,0.333,0,1,0.0,1,4,5,1,0,0,0,3,5,-10,12.5,1,2015-16
22015,201952,Jeff Teague,1610612737,ATL,Atlanta Hawks,0021500521,2016-01-05,ATL vs. NYK,L,23,5,9,0.556,3,4,0.75,3,3,1.0,0,1,1,0,1,0,4,0,16,-6,16.2,1,2015-16
22015,203145,Kent Bazemore,1610612737,ATL,Atlanta Hawks,0021500521,2016-01-05,ATL vs. NYK,L,28,6,11,0.545,3,6,0.5,0,0,,0,5,5,1,1,0,1,4,15,-9,24.5,1,2015-16
22015,204002,Edy Tavares,1610612737,ATL,Atlanta Hawks,0021500521,2016-01-05,ATL vs. NYK,L,13,2,3,0.667,0,0,,1,2,0.5,1,2,3,0,0,2,0,2,5,-5,14.6,1,2015-16
22015,201565,Derrick Rose,1610612741,CHI,Chicago Bulls,0021500522,2016-01-05,CHI vs. MIL,W,35,8,17,0.471,0,4,0.0,0,0,,0,1,1,6,0,0,5,1,16,15,21.2,1,2015-16
22015,203503,Tony Snell,1610612741,CHI,Chicago Bulls,0021500522,2016-01-05,CHI vs. MIL,W,19,4,7,0.571,0,1,0.0,0,0,,0,1,1,1,0,0,0,2,8,1,10.7,1,2015-16
22015,2738,Andre Iguodala,1610612744,GSW,Golden State Warriors,0021500524,2016-01-05,GSW @ LAL,W,20,2,3,0.667,0,0,,0,0,,0,1,1,1,2,0,0,0,4,11,12.7,1,2015-16
22015,201575,Brandon Rush,1610612744,GSW,Golden State Warriors,0021500524,2016-01-05,GSW @ LAL,W,33,3,8,0.375,2,3,0.667,0,0,,2,7,9,2,1,0,0,1,8,0,24.8,1,2015-16
22015,203944,Julius Randle,1610612747,LAL,Los Angeles Lakers,0021500524,2016-01-05,LAL vs. GSW,L,20,1,8,0.125,0,0,,0,0,,3,6,9,4,0,1,2,1,2,-10,19.8,1,2015-16
22015,201564,O.J. Mayo,1610612749,MIL,Milwaukee Bucks,0021500522,2016-01-05,MIL @ CHI,L,20,3,9,0.333,0,3,0.0,0,1,0.0,0,1,1,3,0,0,0,1,6,-4,11.7,1,2015-16
22015,203089,John Henson,1610612749,MIL,Milwaukee Bucks,0021500522,2016-01-05,MIL @ CHI,L,19,3,5,0.6,0,0,,0,0,,4,0,4,1,0,2,1,3,6,-7,17.3,1,2015-16
22015,201167,Arron Afflalo,1610612752,NYK,New York Knicks,0021500521,2016-01-05,NYK @ ATL,W,37,9,16,0.563,2,2,1.0,3,4,0.75,0,7,7,4,1,0,1,4,23,16,39.4,1,2015-16
22015,202326,DeMarcus Cousins,1610612758,SAC,Sacramento Kings,0021500523,2016-01-05,SAC @ DAL,L,49,15,30,0.5,2,6,0.333,3,6,0.5,3,14,17,4,6,1,10,5,35,4,72.4,1,2015-16
22015,203552,Seth Curry,1610612758,SAC,Sacramento Kings,0021500523,2016-01-05,SAC @ DAL,L,36,2,7,0.286,2,3,0.667,0,0,,1,2,3,2,2,0,1,5,6,9,17.6,1,2015-16
22015,203926,Doug McDermott,1610612741,CHI,Chicago Bulls,0021500522,2016-01-05,CHI vs. MIL,W,11,0,2,0.0,0,1,0.0,0,0,,0,1,1,0,0,0,0,0,0,0,1.2,1,2015-16
22015,101114,Deron Williams,1610612742,DAL,Dallas Mavericks,0021500523,2016-01-05,DAL vs. SAC,W,43,10,18,0.556,3,6,0.5,2,4,0.5,1,1,2,4,2,0,5,3,25,-7,34.4,1,2015-16
22015,202691,Klay Thompson,1610612744,GSW,Golden State Warriors,0021500524,2016-01-05,GSW @ LAL,W,34,12,22,0.545,6,13,0.462,6,6,1.0,0,2,2,1,0,1,1,1,36,29,41.9,1,2015-16
22015,1626148,Anthony Brown,1610612747,LAL,Los Angeles Lakers,0021500524,2016-01-05,LAL vs. GSW,L,32,1,6,0.167,0,3,0.0,2,2,1.0,1,2,3,0,0,1,0,4,4,-10,10.6,1,2015-16
22015,203114,Khris Middleton,1610612749,MIL,Milwaukee Bucks,0021500522,2016-01-05,MIL @ CHI,L,38,10,21,0.476,5,10,0.5,1,1,1.0,0,4,4,7,1,0,2,4,26,-13,42.3,1,2015-16
22015,203507,Giannis Antetokounmpo,1610612749,MIL,Milwaukee Bucks,0021500522,2016-01-05,MIL @ CHI,L,36,8,17,0.471,0,2,0.0,2,5,0.4,2,5,7,2,4,1,0,3,18,-1,44.4,1,2015-16
22015,2546,Carmelo Anthony,1610612752,NYK,New York Knicks,0021500521,2016-01-05,NYK @ ATL,W,40,8,22,0.364,0,4,0.0,7,8,0.875,2,9,11,7,1,2,3,4,23,10,52.7,1,2015-16
22015,204001,Kristaps Porziņģis,1610612752,NYK,New York Knicks,0021500521,2016-01-05,NYK @ ATL,W,32,7,12,0.583,0,3,0.0,3,3,1.0,4,7,11,1,0,1,1,3,17,2,33.7,1,2015-16
22015,202341,James Anderson,1610612758,SAC,Sacramento Kings,0021500523,2016-01-05,SAC @ DAL,L,14,0,2,0.0,0,0,,0,0,,0,0,0,1,0,0,0,1,0,-14,1.5,1,2015-16
22015,203463,Ben McLemore,1610612758,SAC,Sacramento Kings,0021500523,2016-01-05,SAC @ DAL,L,19,2,5,0.4,0,2,0.0,0,0,,0,1,1,3,1,0,1,2,4,-3,11.7,1,2015-16
22015,203501,Tim Hardaway Jr.,1610612737,ATL,Atlanta Hawks,0021500521,2016-01-05,ATL vs. NYK,L,12,1,3,0.333,1,3,0.333,0,0,,1,0,1,1,0,0,0,1,3,12,5.7,1,2015-16
22015,2200,Pau Gasol,1610612741,CHI,Chicago Bulls,0021500522,2016-01-05,CHI vs. MIL,W,35,10,14,0.714,2,2,1.0,4,4,1.0,1,10,11,5,1,3,4,3,26,11,54.7,1,2015-16
22015,201959,Taj Gibson,1610612741,CHI,Chicago Bulls,0021500522,2016-01-05,CHI vs. MIL,W,38,5,6,0.833,0,0,,1,1,1.0,4,10,14,1,1,6,1,1,11,10,49.3,1,2015-16
22015,202710,Jimmy Butler III,1610612741,CHI,Chicago Bulls,0021500522,2016-01-05,CHI vs. MIL,W,39,11,21,0.524,2,5,0.4,8,8,1.0,0,2,2,10,1,0,2,1,32,13,50.4,1,2015-16
22015,101109,Raymond Felton,1610612742,DAL,Dallas Mavericks,0021500523,2016-01-05,DAL vs. SAC,W,35,2,5,0.4,1,2,0.5,0,0,,0,7,7,2,1,0,3,2,5,6,16.4,1,2015-16
22015,200826,J.J. Barea,1610612742,DAL,Dallas Mavericks,0021500523,2016-01-05,DAL vs. SAC,W,23,3,10,0.3,1,4,0.25,0,0,,0,1,1,3,0,0,3,0,7,4,9.7,1,2015-16
22015,101106,Andrew Bogut,1610612744,GSW,Golden State Warriors,0021500524,2016-01-05,GSW @ LAL,W,18,3,4,0.75,0,0,,0,0,,2,2,4,2,0,1,0,2,6,16,16.8,1,2015-16
22015,101150,Lou Williams,1610612747,LAL,Los Angeles Lakers,0021500524,2016-01-05,LAL vs. GSW,L,24,0,7,0.0,0,3,0.0,10,10,1.0,1,1,2,1,1,0,2,2,10,-20,14.9,1,2015-16
22015,201156,Nick Young,1610612747,LAL,Los Angeles Lakers,0021500524,2016-01-05,LAL vs. GSW,L,15,0,6,0.0,0,3,0.0,1,3,0.333,0,3,3,1,1,0,3,1,1,-10,6.1,1,2015-16
22015,1626204,Larry Nance Jr.,1610612747,LAL,Los Angeles Lakers,0021500524,2016-01-05,LAL vs. GSW,L,20,4,8,0.5,0,0,,1,2,0.5,1,6,7,0,2,0,0,0,9,-18,23.4,1,2015-16
22015,1626273,Marcelo Huertas,1610612747,LAL,Los Angeles Lakers,0021500524,2016-01-05,LAL vs. GSW,L,19,4,8,0.5,1,2,0.5,0,0,,0,4,4,5,2,0,1,2,9,13,26.3,1,2015-16
22015,202328,Greg Monroe,1610612749,MIL,Milwaukee Bucks,0021500522,2016-01-05,MIL @ CHI,L,29,5,18,0.278,0,0,,3,4,0.75,8,4,12,3,1,0,4,2,13,-4,30.9,1,2015-16
22015,1626173,Rashad Vaughn,1610612749,MIL,Milwaukee Bucks,0021500522,2016-01-05,MIL @ CHI,L,6,0,0,,0,0,,0,0,,0,1,1,0,0,0,0,1,0,3,1.2,1,2015-16
22015,101181,Jose Calderon,1610612752,NYK,New York Knicks,0021500521,2016-01-05,NYK @ ATL,W,36,3,7,0.429,1,3,0.333,0,0,,0,3,3,6,1,0,1,3,7,8,21.6,1,2015-16
22015,201577,Robin Lopez,1610612752,NYK,New York Knicks,0021500521,2016-01-05,NYK @ ATL,W,35,4,11,0.364,0,0,,1,1,1.0,4,4,8,1,1,2,1,2,9,9,28.1,1,2015-16
22015,202498,Lance Thomas,1610612752,NYK,New York Knicks,0021500521,2016-01-05,NYK @ ATL,W,19,3,5,0.6,1,2,0.5,0,0,,0,1,1,0,1,0,1,1,7,-1,10.2,1,2015-16
22015,204038,Langston Galloway,1610612752,NYK,New York Knicks,0021500521,2016-01-05,NYK @ ATL,W,16,3,5,0.6,0,1,0.0,0,0,,0,1,1,0,2,1,0,2,6,-8,16.2,1,2015-16
22015,201158,Marco Belinelli,1610612758,SAC,Sacramento Kings,0021500523,2016-01-05,SAC @ DAL,L,43,5,17,0.294,4,13,0.308,0,0,,1,8,9,3,3,0,0,1,14,7,38.3,1,2015-16
22015,202083,Wesley Matthews,1610612742,DAL,Dallas Mavericks,0021500523,2016-01-05,DAL vs. SAC,W,43,7,13,0.538,2,4,0.5,4,5,0.8,0,3,3,4,2,0,0,0,20,0,35.6,1,2015-16
22015,202718,Chandler Parsons,1610612742,DAL,Dallas Mavericks,0021500523,2016-01-05,DAL vs. SAC,W,29,3,10,0.3,2,4,0.5,2,4,0.5,1,5,6,4,0,0,2,2,10,-7,21.2,1,2015-16
22015,201939,Stephen Curry,1610612744,GSW,Golden State Warriors,0021500524,2016-01-05,GSW @ LAL,W,26,6,13,0.462,4,8,0.5,1,1,1.0,1,0,1,6,3,0,3,2,17,28,33.2,1,2015-16
22015,1897,Metta World Peace,1610612747,LAL,Los Angeles Lakers,0021500524,2016-01-05,LAL vs. GSW,L,25,2,10,0.2,1,4,0.25,1,2,0.5,1,2,3,1,1,0,0,3,6,-2,14.1,1,2015-16
22015,204028,Tarik Black,1610612747,LAL,Los Angeles Lakers,0021500524,2016-01-05,LAL vs. GSW,L,8,2,2,1.0,0,0,,0,0,,0,4,4,1,0,1,0,0,4,7,13.3,1,2015-16
22015,201585,Kosta Koufos,1610612758,SAC,Sacramento Kings,0021500523,2016-01-05,SAC @ DAL,L,17,0,0,,0,0,,0,0,,1,3,4,1,0,0,2,2,0,-3,4.3,1,2015-16
22015,203112,Quincy Acy,1610612758,SAC,Sacramento Kings,0021500523,2016-01-05,SAC @ DAL,L,16,4,4,1.0,1,1,1.0,3,3,1.0,3,3,6,0,1,0,0,3,12,-5,22.2,1,2015-16
22015,203923,James Young,1610612738,BOS,Boston Celtics,0021500528,2016-01-06,BOS vs. DET,L,7,0,2,0.0,0,2,0.0,0,0,,0,0,0,0,0,0,0,0,0,-7,0.0,1,2015-16
22015,1626154,RJ Hunter,1610612738,BOS,Boston Celtics,0021500528,2016-01-06,BOS vs. DET,L,8,0,2,0.0,0,1,0.0,0,0,,0,0,0,0,1,0,0,0,0,1,3.0,1,2015-16
22015,2210,Richard Jefferson,1610612739,CLE,Cleveland Cavaliers,0021500527,2016-01-06,CLE @ WAS,W,5,0,0,,0,0,,0,0,,0,2,2,0,0,0,0,1,0,-3,2.4,1,2015-16
22015,202681,Kyrie Irving,1610612739,CLE,Cleveland Cavaliers,0021500527,2016-01-06,CLE @ WAS,W,34,14,22,0.636,1,4,0.25,3,5,0.6,2,3,5,3,2,1,4,1,32,6,47.5,1,2015-16
22015,202684,Tristan Thompson,1610612739,CLE,Cleveland Cavaliers,0021500527,2016-01-06,CLE @ WAS,W,36,4,7,0.571,0,0,,4,6,0.667,1,2,3,1,0,0,0,3,12,-3,17.1,1,2015-16
22015,203521,Matthew Dellavedova,1610612739,CLE,Cleveland Cavaliers,0021500527,2016-01-06,CLE @ WAS,W,28,1,5,0.2,1,2,0.5,0,0,,3,1,4,4,0,0,1,2,3,1,12.8,1,2015-16
22015,101111,Charlie Villanueva,1610612742,DAL,Dallas Mavericks,0021500531,2016-01-06,DAL @ NOP,W,21,1,10,0.1,0,5,0.0,0,0,,1,5,6,0,0,0,0,2,2,-8,9.2,1,2015-16
22015,202379,Jeremy Evans,1610612742,DAL,Dallas Mavericks,0021500531,2016-01-06,DAL @ NOP,W,25,3,6,0.5,0,1,0.0,2,2,1.0,1,4,5,1,1,0,1,1,8,16,17.5,1,2015-16
22015,203123,Kostas Papanikolaou,1610612743,DEN,Denver Nuggets,0021500530,2016-01-06,DEN @ MIN,W,11,2,4,0.5,0,1,0.0,0,0,,0,2,2,0,0,0,1,0,4,5,5.4,1,2015-16
22015,203994,Jusuf Nurkić,1610612743,DEN,Denver Nuggets,0021500530,2016-01-06,DEN @ MIN,W,22,6,14,0.429,0,0,,3,6,0.5,3,7,10,2,0,5,1,5,15,9,44.0,1,2015-16
22015,1718,Paul Pierce,1610612746,LAC,LA Clippers,0021500535,2016-01-06,LAC @ POR,W,24,5,9,0.556,5,6,0.833,2,2,1.0,0,4,4,1,2,0,1,5,17,14,28.3,1,2015-16
22015,2037,Jamal Crawford,1610612746,LAC,LA Clippers,0021500535,2016-01-06,LAC @ POR,W,22,4,13,0.308,1,3,0.333,1,1,1.0,1,1,2,1,2,0,2,1,10,5,17.9,1,2015-16
22015,203143,Pablo Prigioni,1610612746,LAC,LA Clippers,0021500535,2016-01-06,LAC @ POR,W,12,0,0,,0,0,,0,0,,1,1,2,1,0,0,0,3,0,-5,3.9,1,2015-16
22015,203952,Andrew Wiggins,1610612750,MIN,Minnesota Timberwolves,0021500530,2016-01-06,MIN vs. DEN,L,31,4,14,0.286,0,1,0.0,3,6,0.5,1,2,3,1,0,0,4,0,11,-2,12.1,1,2015-16
22015,1626157,Karl-Anthony Towns,1610612750,MIN,Minnesota Timberwolves,0021500530,2016-01-06,MIN vs. DEN,L,32,6,14,0.429,0,1,0.0,2,2,1.0,4,10,14,2,0,2,0,2,14,1,39.8,1,2015-16
22015,2207,Joe Johnson,1610612751,BKN,Brooklyn Nets,0021500529,2016-01-06,BKN vs. TOR,L,32,2,7,0.286,1,2,0.5,0,0,,0,2,2,1,0,0,3,3,5,-18,5.9,1,2015-16
22015,203499,Shane Larkin,1610612751,BKN,Brooklyn Nets,0021500529,2016-01-06,BKN vs. TOR,L,30,4,8,0.5,1,4,0.25,0,0,,0,5,5,4,3,0,1,4,9,-10,29.0,1,2015-16
22015,101181,Jose Calderon,1610612752,NYK,New York Knicks,0021500525,2016-01-06,NYK @ MIA,W,35,4,5,0.8,1,1,1.0,0,0,,0,5,5,2,1,0,2,2,9,14,19.0,1,2015-16
22015,202696,Nikola Vučević,1610612753,ORL,Orlando Magic,0021500526,2016-01-06,ORL vs. IND,L,33,8,14,0.571,0,0,,1,2,0.5,1,3,4,1,2,0,2,3,17,-14,27.3,1,2015-16
22015,203094,Andrew Nicholson,1610612753,ORL,Orlando Magic,0021500526,2016-01-06,ORL vs. IND,L,23,2,7,0.286,0,4,0.0,0,0,,2,4,6,2,0,1,2,0,4,5,15.2,1,2015-16
22015,203095,Evan Fournier,1610612753,ORL,Orlando Magic,0021500526,2016-01-06,ORL vs. IND,L,36,5,14,0.357,1,6,0.167,2,2,1.0,0,3,3,4,3,0,2,6,13,-18,29.6,1,2015-16
22015,203473,Dewayne Dedmon,1610612753,ORL,Orlando Magic,0021500526,2016-01-06,ORL vs. IND,L,7,0,1,0.0,0,0,,2,2,1.0,1,1,2,0,0,1,0,0,2,-3,7.4,1,2015-16
22015,201588,George Hill,1610612754,IND,Indiana Pacers,0021500526,2016-01-06,IND @ ORL,W,34,5,9,0.556,3,3,1.0,3,3,1.0,0,3,3,3,1,0,0,2,16,14,27.1,1,2015-16
22015,201941,Jordan Hill,1610612754,IND,Indiana Pacers,0021500526,2016-01-06,IND @ ORL,W,12,3,6,0.5,0,0,,0,0,,2,1,3,0,0,1,0,1,6,-11,12.6,1,2015-16
22015,202331,Paul George,1610612754,IND,Indiana Pacers,0021500526,2016-01-06,IND @ ORL,W,36,5,13,0.385,1,6,0.167,9,9,1.0,0,7,7,3,2,0,5,3,20,17,33.9,1,2015-16
22015,202329,Al-Farouq Aminu,1610612757,POR,Portland Trail Blazers,0021500535,2016-01-06,POR vs. LAC,L,26,3,9,0.333,2,6,0.333,1,2,0.5,0,6,6,1,0,1,3,1,9,-11,17.7,1,2015-16
22015,204025,Tim Frazier,1610612757,POR,Portland Trail Blazers,0021500535,2016-01-06,POR vs. LAC,L,8,1,2,0.5,0,0,,0,0,,0,0,0,0,0,0,0,3,2,-8,2.0,1,2015-16
22015,2588,Matt Bonner,1610612759,SAS,San Antonio Spurs,0021500532,2016-01-06,SAS vs. UTA,W,7,1,3,0.333,1,2,0.5,0,0,,0,0,0,0,0,0,0,1,3,4,3.0,1,2015-16
22015,203613,Jonathon Simmons,1610612759,SAS,San Antonio Spurs,0021500532,2016-01-06,SAS vs. UTA,W,17,5,7,0.714,2,4,0.5,1,1,1.0,0,0,0,1,1,0,3,4,13,9,14.5,1,2015-16
22015,2555,Nick Collison,1610612760,OKC,Oklahoma City Thunder,0021500534,2016-01-06,OKC vs. MEM,W,17,0,3,0.0,0,0,,2,2,1.0,2,2,4,1,0,1,0,3,2,5,11.3,1,2015-16
22015,202713,Kyle Singler,1610612760,OKC,Oklahoma City Thunder,0021500534,2016-01-06,OKC vs. MEM,W,4,1,2,0.5,0,1,0.0,0,0,,0,0,0,1,0,0,0,2,2,-4,3.5,1,2015-16
22015,1626166,Cameron Payne,1610612760,OKC,Oklahoma City Thunder,0021500534,2016-01-06,OKC vs. MEM,W,18,3,7,0.429,2,3,0.667,0,0,,0,1,1,3,0,0,1,4,8,3,12.7,1,2015-16
22015,202330,Gordon Hayward,1610612762,UTA,Utah Jazz,0021500532,2016-01-06,UTA @ SAS,L,29,6,16,0.375,2,4,0.5,4,4,1.0,1,3,4,4,1,0,3,2,18,-27,28.8,1,2015-16
22015,202344,Trevor Booker,1610612762,UTA,Utah Jazz,0021500532,2016-01-06,UTA @ SAS,L,18,2,3,0.667,0,0,,0,0,,2,5,7,2,1,0,3,1,4,-5,15.4,1,2015-16
22015,1626168,Trey Lyles,1610612762,UTA,Utah Jazz,0021500532,2016-01-06,UTA @ SAS,L,30,3,6,0.5,0,0,,0,0,,0,4,4,2,0,0,0,1,6,-18,13.8,1,2015-16
22015,201145,Jeff Green,1610612763,MEM,Memphis Grizzlies,0021500534,2016-01-06,MEM @ OKC,L,25,3,12,0.25,2,3,0.667,2,2,1.0,0,5,5,4,1,0,1,1,10,-6,24.0,1,2015-16
22015,201162,Jared Dudley,1610612764,WAS,Washington Wizards,0021500527,2016-01-06,WAS vs. CLE,L,35,3,7,0.429,2,4,0.5,4,5,0.8,1,4,5,4,1,0,1,3,12,-5,26.0,1,2015-16
22015,202322,John Wall,1610612764,WAS,Washington Wizards,0021500527,2016-01-06,WAS vs. CLE,L,40,8,19,0.421,4,4,1.0,0,2,0.0,0,3,3,12,1,0,7,2,20,-5,37.6,1,2015-16
22015,201943,Brandon Jennings,1610612765,DET,Detroit Pistons,0021500528,2016-01-06,DET @ BOS,W,17,1,4,0.25,1,4,0.25,3,4,0.75,1,0,1,2,0,0,3,1,6,11,7.2,1,2015-16
22015,202689,Kemba Walker,1610612766,CHA,Charlotte Hornets,0021500533,2016-01-06,CHA @ PHX,L,34,9,24,0.375,2,5,0.4,5,6,0.833,2,2,4,6,2,1,3,0,25,11,44.8,1,2015-16
22015,203148,Brian Roberts,1610612766,CHA,Charlotte Hornets,0021500533,2016-01-06,CHA @ PHX,L,15,2,7,0.286,0,2,0.0,1,1,1.0,0,2,2,1,0,1,0,1,5,-10,11.9,1,2015-16
22015,203798,PJ Hairston,1610612766,CHA,Charlotte Hornets,0021500533,2016-01-06,CHA @ PHX,L,35,3,7,0.429,2,5,0.4,3,5,0.6,0,5,5,0,1,0,0,4,11,-12,20.0,1,2015-16
22015,1626163,Frank Kaminsky,1610612766,CHA,Charlotte Hornets,0021500533,2016-01-06,CHA @ PHX,L,23,1,8,0.125,0,3,0.0,1,2,0.5,1,4,5,2,0,1,2,0,3,-13,13.0,1,2015-16
22015,201569,Eric Gordon,1610612740,NOP,New Orleans Pelicans,0021500531,2016-01-06,NOP vs. DAL,L,23,5,9,0.556,4,7,0.571,0,0,,1,0,1,3,0,0,1,1,14,2,18.7,1,2015-16
22015,203076,Anthony Davis,1610612740,NOP,New Orleans Pelicans,0021500531,2016-01-06,NOP vs. DAL,L,42,11,25,0.44,0,3,0.0,4,5,0.8,5,6,11,7,2,3,3,3,26,-3,61.7,1,2015-16
22015,101109,Raymond Felton,1610612742,DAL,Dallas Mavericks,0021500531,2016-01-06,DAL @ NOP,W,37,6,14,0.429,3,6,0.5,7,7,1.0,0,2,2,6,1,0,0,4,22,0,36.4,1,2015-16
22015,1626147,Justin Anderson,1610612742,DAL,Dallas Mavericks,0021500531,2016-01-06,DAL @ NOP,W,17,2,4,0.5,1,2,0.5,0,0,,0,4,4,2,1,0,0,0,5,13,15.8,1,2015-16
22015,2749,Jameer Nelson,1610612743,DEN,Denver Nuggets,0021500530,2016-01-06,DEN @ MIN,W,20,2,8,0.25,2,4,0.5,0,0,,0,0,0,3,0,0,2,1,6,-10,8.5,1,2015-16
22015,203999,Nikola Jokić,1610612743,DEN,Denver Nuggets,0021500530,2016-01-06,DEN @ MIN,W,26,2,5,0.4,0,1,0.0,0,0,,2,3,5,3,0,0,2,1,4,-7,12.5,1,2015-16
22015,202332,Cole Aldrich,1610612746,LAC,LA Clippers,0021500535,2016-01-06,LAC @ POR,W,12,1,3,0.333,0,0,,2,2,1.0,2,1,3,0,0,0,1,2,4,-5,6.6,1,2015-16
22015,203085,Austin Rivers,1610612746,LAC,LA Clippers,0021500535,2016-01-06,LAC @ POR,W,25,7,10,0.7,2,2,1.0,0,0,,0,3,3,0,0,0,0,2,16,4,19.6,1,2015-16
22015,2736,Luol Deng,1610612748,MIA,Miami Heat,0021500525,2016-01-06,MIA vs. NYK,L,32,3,9,0.333,0,3,0.0,3,3,1.0,2,2,4,0,0,0,0,4,9,-7,13.8,1,2015-16
22015,2757,Beno Udrih,1610612748,MIA,Miami Heat,0021500525,2016-01-06,MIA vs. NYK,L,12,0,2,0.0,0,1,0.0,0,0,,0,2,2,1,0,0,2,0,0,3,1.9,1,2015-16
22015,201609,Goran Dragic,1610612748,MIA,Miami Heat,0021500525,2016-01-06,MIA vs. NYK,L,34,4,9,0.444,0,1,0.0,2,2,1.0,1,1,2,1,0,0,2,1,10,-15,11.9,1,2015-16
22015,204020,Tyler Johnson,1610612748,MIA,Miami Heat,0021500525,2016-01-06,MIA vs. NYK,L,21,4,6,0.667,0,2,0.0,0,0,,0,3,3,3,1,0,0,1,8,-3,19.1,1,2015-16
22015,2419,Tayshaun Prince,1610612750,MIN,Minnesota Timberwolves,0021500530,2016-01-06,MIN vs. DEN,L,33,3,5,0.6,0,0,,0,0,,0,3,3,2,1,1,0,2,6,3,18.6,1,2015-16
22015,200745,Andrea Bargnani,1610612751,BKN,Brooklyn Nets,0021500529,2016-01-06,BKN vs. TOR,L,6,1,2,0.5,0,0,,1,2,0.5,0,2,2,0,0,0,0,0,3,-6,5.4,1,2015-16
22015,202711,Bojan Bogdanovic,1610612751,BKN,Brooklyn Nets,0021500529,2016-01-06,BKN vs. TOR,L,35,4,10,0.4,2,4,0.5,2,2,1.0,0,2,2,3,0,0,1,2,12,-3,17.9,1,2015-16
22015,203080,Thomas Robinson,1610612751,BKN,Brooklyn Nets,0021500529,2016-01-06,BKN vs. TOR,L,12,0,2,0.0,0,0,,0,0,,0,1,1,1,0,0,0,0,0,4,2.7,1,2015-16
22015,1626170,Jerian Grant,1610612752,NYK,New York Knicks,0021500525,2016-01-06,NYK @ MIA,W,8,1,4,0.25,0,0,,0,0,,0,1,1,2,0,0,0,1,2,-3,6.2,1,2015-16
22015,101112,Channing Frye,1610612753,ORL,Orlando Magic,0021500526,2016-01-06,ORL vs. IND,L,14,0,2,0.0,0,2,0.0,2,2,1.0,0,3,3,1,0,1,0,3,2,-11,10.1,1,2015-16
22015,202699,Tobias Harris,1610612753,ORL,Orlando Magic,0021500526,2016-01-06,ORL vs. IND,L,34,3,12,0.25,0,6,0.0,0,0,,0,3,3,2,0,1,2,1,6,-14,13.6,1,2015-16
22015,203894,Shabazz Napier,1610612753,ORL,Orlando Magic,0021500526,2016-01-06,ORL vs. IND,L,7,1,3,0.333,1,2,0.5,5,5,1.0,0,0,0,1,0,0,1,0,8,4,8.5,1,2015-16
22015,203932,Aaron Gordon,1610612753,ORL,Orlando Magic,0021500526,2016-01-06,ORL vs. IND,L,16,3,6,0.5,0,2,0.0,2,2,1.0,3,5,8,1,0,1,2,2,8,3,20.1,1,2015-16
22015,101139,CJ Miles,1610612754,IND,Indiana Pacers,0021500526,2016-01-06,IND @ ORL,W,22,1,10,0.1,1,6,0.167,0,0,,0,1,1,0,2,0,1,3,3,-10,9.2,1,2015-16
22015,101145,Monta Ellis,1610612754,IND,Indiana Pacers,0021500526,2016-01-06,IND @ ORL,W,35,6,13,0.462,1,5,0.2,6,6,1.0,1,3,4,7,4,0,5,3,19,16,41.3,1,2015-16
22015,2199,Tyson Chandler,1610612756,PHX,Phoenix Suns,0021500533,2016-01-06,PHX vs. CHA,W,14,2,3,0.667,0,0,,3,4,0.75,0,3,3,2,0,0,0,3,7,0,13.6,1,2015-16
22015,203141,Mirza Teletovic,1610612756,PHX,Phoenix Suns,0021500533,2016-01-06,PHX vs. CHA,W,24,6,17,0.353,5,12,0.417,2,2,1.0,1,7,8,3,1,0,0,1,19,15,36.1,1,2015-16
22015,201945,Gerald Henderson,1610612757,POR,Portland Trail Blazers,0021500535,2016-01-06,POR vs. LAC,L,17,1,6,0.167,0,2,0.0,0,0,,2,2,4,1,1,1,1,0,2,5,13.3,1,2015-16
22015,2446,Rasual Butler,1610612759,SAS,San Antonio Spurs,0021500532,2016-01-06,SAS vs. UTA,W,6,1,2,0.5,0,1,0.0,0,0,,0,0,0,0,0,0,0,0,2,6,2.0,1,2015-16
22015,203937,Kyle Anderson,1610612759,SAS,San Antonio Spurs,0021500532,2016-01-06,SAS vs. UTA,W,19,6,9,0.667,0,0,,1,1,1.0,1,2,3,2,1,0,1,2,13,7,21.6,1,2015-16
22015,201566,Russell Westbrook,1610612760,OKC,Oklahoma City Thunder,0021500534,2016-01-06,OKC vs. MEM,W,30,7,17,0.412,0,2,0.0,6,6,1.0,2,5,7,7,2,0,3,3,20,15,41.9,1,2015-16
22015,203079,Dion Waiters,1610612760,OKC,Oklahoma City Thunder,0021500534,2016-01-06,OKC vs. MEM,W,31,6,9,0.667,2,3,0.667,1,2,0.5,0,1,1,3,0,0,1,0,15,20,19.7,1,2015-16
22015,203460,Andre Roberson,1610612760,OKC,Oklahoma City Thunder,0021500534,2016-01-06,OKC vs. MEM,W,15,1,4,0.25,0,1,0.0,1,1,1.0,0,2,2,0,0,0,1,2,3,2,4.4,1,2015-16
22015,203956,Mitch McGary,1610612760,OKC,Oklahoma City Thunder,0021500534,2016-01-06,OKC vs. MEM,W,2,0,1,0.0,0,0,,0,0,,0,0,0,0,0,0,0,0,0,-4,0.0,1,2015-16
22015,2449,Luis Scola,1610612761,TOR,Toronto Raptors,0021500529,2016-01-06,TOR @ BKN,W,21,3,7,0.429,0,2,0.0,0,0,,1,6,7,1,0,1,1,1,6,13,17.9,1,2015-16
22015,200768,Kyle Lowry,1610612761,TOR,Toronto Raptors,0021500529,2016-01-06,TOR @ BKN,W,36,7,14,0.5,0,7,0.0,3,3,1.0,0,8,8,6,5,0,2,2,17,1,48.6,1,2015-16
22015,202687,Bismack Biyombo,1610612761,TOR,Toronto Raptors,0021500529,2016-01-06,TOR @ BKN,W,17,0,3,0.0,0,0,,0,0,,2,2,4,0,0,1,1,3,0,-4,6.8,1,2015-16
22015,203998,Bruno Caboclo,1610612761,TOR,Toronto Raptors,0021500529,2016-01-06,TOR @ BKN,W,1,0,0,,0,0,,0,0,,0,1,1,0,1,0,1,0,0,-1,3.2,1,2015-16
22015,202353,Tibor Pleiss,1610612762,UTA,Utah Jazz,0021500532,2016-01-06,UTA @ SAS,L,24,3,7,0.429,0,0,,2,2,1.0,2,0,2,1,1,0,0,4,8,-6,14.9,1,2015-16
22015,203504,Trey Burke,1610612762,UTA,Utah Jazz,0021500532,2016-01-06,UTA @ SAS,L,24,10,17,0.588,1,3,0.333,0,0,,0,1,1,4,0,0,0,1,21,-3,28.2,1,2015-16
22015,203526,Raul Neto,1610612762,UTA,Utah Jazz,0021500532,2016-01-06,UTA @ SAS,L,24,2,8,0.25,1,2,0.5,2,2,1.0,1,1,2,2,0,0,2,2,7,-22,10.4,1,2015-16
22015,203918,Rodney Hood,1610612762,UTA,Utah Jazz,0021500532,2016-01-06,UTA @ SAS,L,21,2,5,0.4,1,2,0.5,4,4,1.0,0,1,1,1,0,0,4,1,9,-21,7.7,1,2015-16
22015,204060,Joe Ingles,1610612762,UTA,Utah Jazz,0021500532,2016-01-06,UTA @ SAS,L,22,3,6,0.5,1,3,0.333,1,1,1.0,0,4,4,2,1,0,3,3,8,1,15.8,1,2015-16
22015,201584,Courtney Lee,1610612763,MEM,Memphis Grizzlies,0021500534,2016-01-06,MEM @ OKC,L,21,0,6,0.0,0,3,0.0,0,0,,0,2,2,0,0,1,1,1,0,-15,4.4,1,2015-16
22015,1626162,Kelly Oubre Jr.,1610612764,WAS,Washington Wizards,0021500527,2016-01-06,WAS vs. CLE,L,10,2,4,0.5,0,1,0.0,0,1,0.0,0,1,1,1,0,0,1,0,4,-5,5.7,1,2015-16
22015,201202,Joel Anthony,1610612765,DET,Detroit Pistons,0021500528,2016-01-06,DET @ BOS,W,9,0,1,0.0,0,0,,0,0,,2,2,4,0,0,1,0,0,0,1,7.8,1,2015-16
22015,201229,Anthony Tolliver,1610612765,DET,Detroit Pistons,0021500528,2016-01-06,DET @ BOS,W,24,2,6,0.333,2,6,0.333,0,2,0.0,0,4,4,0,0,0,0,2,6,12,10.8,1,2015-16
22015,203382,Aron Baynes,1610612765,DET,Detroit Pistons,0021500528,2016-01-06,DET @ BOS,W,18,2,3,0.667,0,0,,2,2,1.0,0,6,6,4,0,1,2,5,6,15,20.2,1,2015-16
22015,203484,Kentavious Caldwell-Pope,1610612765,DET,Detroit Pistons,0021500528,2016-01-06,DET @ BOS,W,37,6,13,0.462,4,7,0.571,4,6,0.667,0,4,4,1,1,0,2,4,20,0,27.3,1,2015-16
22015,203087,Jeremy Lamb,1610612766,CHA,Charlotte Hornets,0021500533,2016-01-06,CHA @ PHX,L,7,1,3,0.333,0,0,,0,0,,0,1,1,0,1,0,0,0,2,-10,6.2,1,2015-16
22015,203469,Cody Zeller,1610612766,CHA,Charlotte Hornets,0021500533,2016-01-06,CHA @ PHX,L,34,6,9,0.667,0,0,,1,2,0.5,3,8,11,0,3,1,1,5,13,7,37.2,1,2015-16
22015,202738,Isaiah Thomas,1610612738,BOS,Boston Celtics,0021500528,2016-01-06,BOS vs. DET,L,36,6,20,0.3,1,6,0.167,9,13,0.692,1,4,5,10,1,1,2,2,22,0,47.0,1,2015-16
22015,203109,Jae Crowder,1610612738,BOS,Boston Celtics,0021500528,2016-01-06,BOS vs. DET,L,36,5,10,0.5,2,6,0.333,4,4,1.0,1,3,4,0,2,0,2,5,16,1,24.8,1,2015-16
22015,201582,Alexis Ajinca,1610612740,NOP,New Orleans Pelicans,0021500531,2016-01-06,NOP vs. DAL,L,3,0,0,,0,0,,0,0,,0,0,0,0,0,0,0,1,0,-3,0.0,1,2015-16
22015,201583,Ryan Anderson,1610612740,NOP,New Orleans Pelicans,0021500531,2016-01-06,NOP vs. DAL,L,29,2,12,0.167,0,6,0.0,6,7,0.857,0,3,3,0,1,0,0,0,10,-14,16.6,1,2015-16
22015,201936,Tyreke Evans,1610612740,NOP,New Orleans Pelicans,0021500531,2016-01-06,NOP vs. DAL,L,35,6,13,0.462,1,4,0.25,3,4,0.75,0,9,9,5,2,0,2,3,16,3,38.3,1,2015-16
22015,200826,J.J. Barea,1610612742,DAL,Dallas Mavericks,0021500531,2016-01-06,DAL @ NOP,W,29,4,11,0.364,2,6,0.333,1,2,0.5,1,3,4,1,0,0,4,2,11,-7,13.3,1,2015-16
22015,202718,Chandler Parsons,1610612742,DAL,Dallas Mavericks,0021500531,2016-01-06,DAL @ NOP,W,31,9,16,0.563,0,5,0.0,3,3,1.0,1,7,8,6,0,0,2,2,21,-3,37.6,1,2015-16
22015,201568,Danilo Gallinari,1610612743,DEN,Denver Nuggets,0021500530,2016-01-06,DEN @ MIN,W,35,6,15,0.4,2,2,1.0,6,7,0.857,0,7,7,4,0,0,2,1,20,0,32.4,1,2015-16
22015,101108,Chris Paul,1610612746,LAC,LA Clippers,0021500535,2016-01-06,LAC @ POR,W,36,9,19,0.474,0,3,0.0,3,4,0.75,1,3,4,19,1,0,3,4,21,16,54.3,1,2015-16
22015,201599,DeAndre Jordan,1610612746,LAC,LA Clippers,0021500535,2016-01-06,LAC @ POR,W,36,6,7,0.857,0,0,,2,4,0.5,5,9,14,0,0,4,0,1,14,16,42.8,1,2015-16
22015,2755,Kevin Martin,1610612750,MIN,Minnesota Timberwolves,0021500530,2016-01-06,MIN vs. DEN,L,16,3,9,0.333,1,3,0.333,2,2,1.0,0,2,2,1,0,0,0,2,9,-6,12.9,1,2015-16
22015,201937,Ricky Rubio,1610612750,MIN,Minnesota Timberwolves,0021500530,2016-01-06,MIN vs. DEN,L,31,3,8,0.375,2,4,0.5,1,2,0.5,0,4,4,7,1,0,0,2,9,5,27.3,1,2015-16
22015,203476,Gorgui Dieng,1610612750,MIN,Minnesota Timberwolves,0021500530,2016-01-06,MIN vs. DEN,L,27,0,4,0.0,0,0,,0,0,,2,6,8,2,1,1,0,2,0,-13,18.6,1,2015-16
22015,203498,Shabazz Muhammad,1610612750,MIN,Minnesota Timberwolves,0021500530,2016-01-06,MIN vs. DEN,L,16,3,6,0.5,0,1,0.0,1,2,0.5,0,0,0,0,0,0,0,1,7,-5,7.0,1,2015-16
22015,203897,Zach LaVine,1610612750,MIN,Minnesota Timberwolves,0021500530,2016-01-06,MIN vs. DEN,L,17,1,5,0.2,0,1,0.0,0,0,,0,0,0,4,1,0,1,2,2,-9,10.0,1,2015-16
22015,201961,Wayne Ellington,1610612751,BKN,Brooklyn Nets,0021500529,2016-01-06,BKN vs. TOR,L,23,2,8,0.25,1,4,0.25,0,0,,1,2,3,1,1,0,3,3,5,-11,10.1,1,2015-16
22015,2546,Carmelo Anthony,1610612752,NYK,New York Knicks,0021500525,2016-01-06,NYK @ MIA,W,37,9,12,0.75,0,1,0.0,7,8,0.875,0,5,5,4,2,0,1,3,25,19,42.0,1,2015-16
22015,201167,Arron Afflalo,1610612752,NYK,New York Knicks,0021500525,2016-01-06,NYK @ MIA,W,40,4,10,0.4,1,2,0.5,0,0,,0,2,2,0,1,0,2,1,9,3,12.4,1,2015-16
22015,201160,Jason Smith,1610612753,ORL,Orlando Magic,0021500526,2016-01-06,ORL vs. IND,L,8,3,5,0.6,0,1,0.0,0,0,,1,2,3,0,1,0,1,1,6,8,11.6,1,2015-16
22015,203506,Victor Oladipo,1610612753,ORL,Orlando Magic,0021500526,2016-01-06,ORL vs. IND,L,41,7,13,0.538,4,7,0.571,2,2,1.0,1,4,5,3,1,1,3,3,20,-13,33.5,1,2015-16
22015,202730,Lavoy Allen,1610612754,IND,Indiana Pacers,0021500526,2016-01-06,IND @ ORL,W,26,3,7,0.429,0,0,,0,0,,3,2,5,0,0,2,1,0,6,19,17.0,1,2015-16
22015,203922,Glenn Robinson III,1610612754,IND,Indiana Pacers,0021500526,2016-01-06,IND @ ORL,W,12,2,5,0.4,0,1,0.0,1,3,0.333,0,1,1,0,0,0,1,1,5,-8,5.2,1,2015-16
22015,101179,Ronnie Price,1610612756,PHX,Phoenix Suns,0021500533,2016-01-06,PHX vs. CHA,W,24,3,7,0.429,2,4,0.5,1,2,0.5,0,2,2,4,2,0,3,3,9,6,20.4,1,2015-16
22015,203933,T.J. Warren,1610612756,PHX,Phoenix Suns,0021500533,2016-01-06,PHX vs. CHA,W,37,7,14,0.5,3,5,0.6,0,0,,0,3,3,2,2,0,0,3,17,15,29.6,1,2015-16
22015,1626164,Devin Booker,1610612756,PHX,Phoenix Suns,0021500533,2016-01-06,PHX vs. CHA,W,32,7,13,0.538,3,5,0.6,0,0,,1,9,10,2,1,0,1,2,17,10,34.0,1,2015-16
22015,202334,Ed Davis,1610612757,POR,Portland Trail Blazers,0021500535,2016-01-06,POR vs. LAC,L,24,5,8,0.625,0,0,,2,4,0.5,6,6,12,2,0,0,1,4,12,2,28.4,1,2015-16
22015,203090,Maurice Harkless,1610612757,POR,Portland Trail Blazers,0021500535,2016-01-06,POR vs. LAC,L,22,3,5,0.6,0,1,0.0,0,3,0.0,1,1,2,1,1,1,0,2,6,0,15.9,1,2015-16
22015,203459,Allen Crabbe,1610612757,POR,Portland Trail Blazers,0021500535,2016-01-06,POR vs. LAC,L,34,4,10,0.4,1,3,0.333,2,2,1.0,1,2,3,2,1,0,0,1,11,-15,20.6,1,2015-16
22015,203486,Mason Plumlee,1610612757,POR,Portland Trail Blazers,0021500535,2016-01-06,POR vs. LAC,L,26,7,9,0.778,0,0,,5,8,0.625,5,4,9,5,0,0,2,2,19,-13,35.3,1,2015-16
22015,1495,Tim Duncan,1610612759,SAS,San Antonio Spurs,0021500532,2016-01-06,SAS vs. UTA,W,26,8,13,0.615,0,0,,2,2,1.0,2,6,8,6,1,0,0,3,18,27,39.6,1,2015-16
22015,2564,Boris Diaw,1610612759,SAS,San Antonio Spurs,0021500532,2016-01-06,SAS vs. UTA,W,16,1,2,0.5,0,1,0.0,0,0,,0,1,1,6,0,0,1,0,2,1,11.2,1,2015-16
22015,201980,Danny Green,1610612759,SAS,San Antonio Spurs,0021500532,2016-01-06,SAS vs. UTA,W,11,2,3,0.667,2,2,1.0,0,0,,0,0,0,2,0,0,0,2,6,7,9.0,1,2015-16
22015,203492,Ray McCallum,1610612759,SAS,San Antonio Spurs,0021500532,2016-01-06,SAS vs. UTA,W,25,4,7,0.571,0,1,0.0,2,2,1.0,0,0,0,3,2,1,1,3,10,12,22.5,1,2015-16
22015,202683,Enes Freedom,1610612760,OKC,Oklahoma City Thunder,0021500534,2016-01-06,OKC vs. MEM,W,22,3,8,0.375,0,0,,3,3,1.0,2,6,8,1,0,0,1,2,9,9,19.1,1,2015-16
22015,203500,Steven Adams,1610612760,OKC,Oklahoma City Thunder,0021500534,2016-01-06,OKC vs. MEM,W,25,2,4,0.5,0,0,,2,4,0.5,2,3,5,1,0,3,2,3,6,9,20.5,1,2015-16
22015,202685,Jonas Valančiūnas,1610612761,TOR,Toronto Raptors,0021500529,2016-01-06,TOR @ BKN,W,30,8,13,0.615,0,0,,6,6,1.0,4,7,11,0,1,2,3,1,22,20,41.2,1,2015-16
22015,203082,Terrence Ross,1610612761,TOR,Toronto Raptors,0021500529,2016-01-06,TOR @ BKN,W,19,1,5,0.2,1,3,0.333,0,0,,0,2,2,0,1,0,0,0,3,-8,8.4,1,2015-16
22015,1626153,Delon Wright,1610612761,TOR,Toronto Raptors,0021500529,2016-01-06,TOR @ BKN,W,2,0,0,,0,0,,0,0,,0,1,1,1,0,0,0,0,0,1,2.7,1,2015-16
22015,203481,Jeff Withey,1610612762,UTA,Utah Jazz,0021500532,2016-01-06,UTA @ SAS,L,24,4,6,0.667,0,0,,2,3,0.667,4,3,7,2,1,1,0,0,10,-21,27.4,1,2015-16
22015,2216,Zach Randolph,1610612763,MEM,Memphis Grizzlies,0021500534,2016-01-06,MEM @ OKC,L,25,5,13,0.385,0,0,,2,2,1.0,3,3,6,0,2,0,1,1,12,-6,24.2,1,2015-16
22015,2440,Matt Barnes,1610612763,MEM,Memphis Grizzlies,0021500534,2016-01-06,MEM @ OKC,L,35,6,11,0.545,1,6,0.167,0,2,0.0,1,1,2,0,1,0,2,4,13,-18,16.4,1,2015-16
22015,203210,JaMychal Green,1610612763,MEM,Memphis Grizzlies,0021500534,2016-01-06,MEM @ OKC,L,18,4,7,0.571,0,0,,1,2,0.5,1,3,4,0,0,0,1,3,9,3,12.8,1,2015-16
22015,2403,Nene,1610612764,WAS,Washington Wizards,0021500527,2016-01-06,WAS vs. CLE,L,12,3,4,0.75,0,0,,1,4,0.25,0,4,4,1,1,0,1,2,7,0,15.3,1,2015-16
22015,101162,Marcin Gortat,1610612764,WAS,Washington Wizards,0021500527,2016-01-06,WAS vs. CLE,L,30,6,9,0.667,0,0,,0,0,,2,4,6,3,2,0,0,2,12,-3,29.7,1,2015-16
22015,202694,Marcus Morris Sr.,1610612765,DET,Detroit Pistons,0021500528,2016-01-06,DET @ BOS,W,37,2,8,0.25,0,0,,4,5,0.8,2,4,6,0,0,0,2,5,8,3,13.2,1,2015-16
22015,101161,Amir Johnson,1610612738,BOS,Boston Celtics,0021500528,2016-01-06,BOS vs. DET,L,31,8,14,0.571,0,1,0.0,0,0,,3,8,11,2,0,2,1,3,16,8,37.2,1,2015-16
22015,203096,Jared Sullinger,1610612738,BOS,Boston Celtics,0021500528,2016-01-06,BOS vs. DET,L,15,3,7,0.429,0,1,0.0,2,2,1.0,2,0,2,2,1,1,1,5,8,-8,18.4,1,2015-16
22015,203935,Marcus Smart,1610612738,BOS,Boston Celtics,0021500528,2016-01-06,BOS vs. DET,L,26,1,10,0.1,0,4,0.0,0,1,0.0,1,0,1,4,0,0,1,4,2,-1,8.2,1,2015-16
22015,201967,Dante Cunningham,1610612740,NOP,New Orleans Pelicans,0021500531,2016-01-06,NOP vs. DAL,L,14,1,4,0.25,1,3,0.333,1,2,0.5,0,4,4,0,1,0,0,1,4,-7,11.8,1,2015-16
22015,2734,Devin Harris,1610612742,DAL,Dallas Mavericks,0021500531,2016-01-06,DAL @ NOP,W,26,4,8,0.5,1,3,0.333,1,2,0.5,0,6,6,4,2,0,1,3,10,20,28.2,1,2015-16
22015,203098,John Jenkins,1610612742,DAL,Dallas Mavericks,0021500531,2016-01-06,DAL @ NOP,W,4,0,1,0.0,0,0,,0,0,,0,1,1,0,0,0,0,0,0,4,1.2,1,2015-16
22015,203939,Dwight Powell,1610612742,DAL,Dallas Mavericks,0021500531,2016-01-06,DAL @ NOP,W,30,4,9,0.444,0,0,,5,6,0.833,3,7,10,2,2,2,1,3,13,14,39.0,1,2015-16
22015,200751,Randy Foye,1610612743,DEN,Denver Nuggets,0021500530,2016-01-06,DEN @ MIN,W,28,2,7,0.286,0,2,0.0,0,0,,1,2,3,3,0,0,0,2,4,16,12.1,1,2015-16
22015,201589,Darrell Arthur,1610612743,DEN,Denver Nuggets,0021500530,2016-01-06,DEN @ MIN,W,30,3,8,0.375,1,4,0.25,0,0,,3,3,6,5,1,2,0,3,7,13,30.7,1,2015-16
22015,202702,Kenneth Faried,1610612743,DEN,Denver Nuggets,0021500530,2016-01-06,DEN @ MIN,W,18,1,8,0.125,0,0,,1,2,0.5,2,5,7,0,2,0,0,2,3,-11,17.4,1,2015-16
22015,203914,Gary Harris,1610612743,DEN,Denver Nuggets,0021500530,2016-01-06,DEN @ MIN,W,24,3,6,0.5,2,4,0.5,0,0,,0,0,0,0,0,0,0,1,8,-12,8.0,1,2015-16
22015,2548,Dwyane Wade,1610612748,MIA,Miami Heat,0021500525,2016-01-06,MIA vs. NYK,L,31,8,16,0.5,0,0,,2,2,1.0,3,3,6,6,0,0,4,2,18,-5,30.2,1,2015-16
22015,101123,Gerald Green,1610612748,MIA,Miami Heat,0021500525,2016-01-06,MIA vs. NYK,L,26,2,8,0.25,1,5,0.2,2,2,1.0,1,2,3,0,1,1,0,4,7,7,16.6,1,2015-16
22015,1626159,Justise Winslow,1610612748,MIA,Miami Heat,0021500525,2016-01-06,MIA vs. NYK,L,21,1,4,0.25,0,1,0.0,0,0,,1,1,2,0,0,1,0,2,2,-2,7.4,1,2015-16
22015,201593,Nikola Pekovic,1610612750,MIN,Minnesota Timberwolves,0021500530,2016-01-06,MIN vs. DEN,L,16,3,4,0.75,0,0,,6,6,1.0,0,2,2,0,0,0,2,3,12,-5,12.4,1,2015-16
22015,201152,Thaddeus Young,1610612751,BKN,Brooklyn Nets,0021500529,2016-01-06,BKN vs. TOR,L,31,5,13,0.385,0,1,0.0,1,1,1.0,0,7,7,2,2,0,2,3,11,-15,26.4,1,2015-16
22015,203900,Markel Brown,1610612751,BKN,Brooklyn Nets,0021500529,2016-01-06,BKN vs. TOR,L,3,0,2,0.0,0,1,0.0,0,0,,0,0,0,0,0,0,0,0,0,-1,0.0,1,2015-16
22015,202498,Lance Thomas,1610612752,NYK,New York Knicks,0021500525,2016-01-06,NYK @ MIA,W,18,1,3,0.333,0,0,,0,0,,1,1,2,3,0,1,2,2,2,2,9.9,1,2015-16
22015,202682,Derrick Williams,1610612752,NYK,New York Knicks,0021500525,2016-01-06,NYK @ MIA,W,18,5,8,0.625,1,2,0.5,2,2,1.0,0,8,8,0,1,0,1,1,13,-7,24.6,1,2015-16
22015,204001,Kristaps Porziņģis,1610612752,NYK,New York Knicks,0021500525,2016-01-06,NYK @ MIA,W,31,3,10,0.3,0,1,0.0,6,6,1.0,1,3,4,1,0,2,1,4,12,4,23.3,1,2015-16
22015,1626209,Mario Hezonja,1610612753,ORL,Orlando Magic,0021500526,2016-01-06,ORL vs. IND,L,21,0,2,0.0,0,1,0.0,0,0,,0,2,2,2,0,0,2,2,0,8,3.4,1,2015-16
22015,201155,Rodney Stuckey,1610612754,IND,Indiana Pacers,0021500526,2016-01-06,IND @ ORL,W,27,2,6,0.333,0,1,0.0,2,2,1.0,0,1,1,3,2,1,2,0,6,-12,18.7,1,2015-16
22015,200782,P.J. Tucker,1610612756,PHX,Phoenix Suns,0021500533,2016-01-06,PHX vs. CHA,W,31,4,8,0.5,2,3,0.667,0,0,,0,5,5,2,4,0,2,2,10,4,29.0,1,2015-16
22015,203458,Alex Len,1610612756,PHX,Phoenix Suns,0021500533,2016-01-06,PHX vs. CHA,W,14,0,0,,0,0,,0,0,,0,2,2,0,1,0,1,3,0,-1,4.4,1,2015-16
22015,203081,Damian Lillard,1610612757,POR,Portland Trail Blazers,0021500535,2016-01-06,POR vs. LAC,L,43,7,25,0.28,4,9,0.444,2,3,0.667,1,6,7,9,2,1,3,2,20,-9,47.9,1,2015-16
22015,1626242,Luis Montero,1610612757,POR,Portland Trail Blazers,0021500535,2016-01-06,POR vs. LAC,L,3,0,1,0.0,0,1,0.0,0,0,,0,0,0,0,0,0,0,0,0,-4,0.0,1,2015-16
22015,1938,Manu Ginobili,1610612759,SAS,San Antonio Spurs,0021500532,2016-01-06,SAS vs. UTA,W,23,6,10,0.6,2,4,0.5,0,0,,0,2,2,5,1,0,4,3,14,8,22.9,1,2015-16
22015,2561,David West,1610612759,SAS,San Antonio Spurs,0021500532,2016-01-06,SAS vs. UTA,W,25,7,8,0.875,0,0,,0,0,,2,11,13,4,1,0,1,3,14,20,37.6,1,2015-16
22015,202695,Kawhi Leonard,1610612759,SAS,San Antonio Spurs,0021500532,2016-01-06,SAS vs. UTA,W,23,6,11,0.545,2,4,0.5,1,1,1.0,0,4,4,3,2,0,2,0,15,14,28.3,1,2015-16
22015,201586,Serge Ibaka,1610612760,OKC,Oklahoma City Thunder,0021500534,2016-01-06,OKC vs. MEM,W,25,3,6,0.5,0,2,0.0,1,3,0.333,0,5,5,0,0,1,3,2,7,12,13.0,1,2015-16
22015,201627,Anthony Morrow,1610612760,OKC,Oklahoma City Thunder,0021500534,2016-01-06,OKC vs. MEM,W,18,3,4,0.75,2,2,1.0,6,6,1.0,1,1,2,0,0,0,0,1,14,2,16.4,1,2015-16
22015,201949,James Johnson,1610612761,TOR,Toronto Raptors,0021500529,2016-01-06,TOR @ BKN,W,26,3,6,0.5,0,1,0.0,2,2,1.0,2,3,5,0,0,2,2,3,8,19,18.0,1,2015-16
22015,202335,Patrick Patterson,1610612761,TOR,Toronto Raptors,0021500529,2016-01-06,TOR @ BKN,W,26,3,8,0.375,2,6,0.333,0,0,,2,1,3,0,1,1,0,1,8,5,17.6,1,2015-16
22015,1626181,Norman Powell,1610612761,TOR,Toronto Raptors,0021500529,2016-01-06,TOR @ BKN,W,1,1,2,0.5,0,0,,0,0,,0,0,0,0,0,0,0,0,2,-1,2.0,1,2015-16
22015,203187,Chris Johnson,1610612762,UTA,Utah Jazz,0021500532,2016-01-06,UTA @ SAS,L,25,2,5,0.4,1,4,0.25,2,2,1.0,0,2,2,1,3,2,3,2,7,-3,22.9,1,2015-16
22015,201596,Mario Chalmers,1610612763,MEM,Memphis Grizzlies,0021500534,2016-01-06,MEM @ OKC,L,39,8,19,0.421,4,8,0.5,3,6,0.5,1,7,8,9,2,0,1,4,23,-14,51.1,1,2015-16
22015,201196,Ramon Sessions,1610612764,WAS,Washington Wizards,0021500527,2016-01-06,WAS vs. CLE,L,16,3,7,0.429,1,2,0.5,2,2,1.0,0,1,1,6,0,0,1,2,9,-2,18.2,1,2015-16
22015,203490,Otto Porter Jr.,1610612764,WAS,Washington Wizards,0021500527,2016-01-06,WAS vs. CLE,L,33,4,7,0.571,2,4,0.5,2,3,0.667,2,5,7,2,2,1,1,3,12,2,31.4,1,2015-16
22015,101141,Ersan Ilyasova,1610612765,DET,Detroit Pistons,0021500528,2016-01-06,DET @ BOS,W,22,2,8,0.25,1,5,0.2,0,2,0.0,3,2,5,3,0,1,2,3,5,-8,16.5,1,2015-16
22015,1626169,Stanley Johnson,1610612765,DET,Detroit Pistons,0021500528,2016-01-06,DET @ BOS,W,23,4,8,0.5,1,3,0.333,2,2,1.0,2,8,10,2,1,0,5,3,11,8,24.0,1,2015-16
22015,101107,Marvin Williams,1610612766,CHA,Charlotte Hornets,0021500533,2016-01-06,CHA @ PHX,L,29,5,6,0.833,3,3,1.0,2,2,1.0,1,2,3,4,1,1,2,1,15,0,28.6,1,2015-16
22015,201150,Spencer Hawes,1610612766,CHA,Charlotte Hornets,0021500533,2016-01-06,CHA @ PHX,L,9,0,5,0.0,0,1,0.0,0,0,,1,3,4,1,0,0,0,1,0,-11,6.3,1,2015-16
22015,202391,Jeremy Lin,1610612766,CHA,Charlotte Hornets,0021500533,2016-01-06,CHA @ PHX,L,29,6,9,0.667,1,2,0.5,2,4,0.5,1,4,5,4,0,0,5,2,15,-9,22.0,1,2015-16
22015,203584,Troy Daniels,1610612766,CHA,Charlotte Hornets,0021500533,2016-01-06,CHA @ PHX,L,23,5,9,0.556,3,7,0.429,0,0,,0,3,3,2,1,0,0,1,13,0,22.6,1,2015-16
22015,201973,Jonas Jerebko,1610612738,BOS,Boston Celtics,0021500528,2016-01-06,BOS vs. DET,L,16,1,2,0.5,0,1,0.0,1,1,1.0,2,3,5,1,0,1,1,1,3,-13,12.5,1,2015-16
22015,202323,Evan Turner,1610612738,BOS,Boston Celtics,0021500528,2016-01-06,BOS vs. DET,L,36,6,13,0.462,1,2,0.5,4,4,1.0,0,6,6,0,0,0,1,3,17,-10,23.2,1,2015-16
22015,203482,Kelly Olynyk,1610612738,BOS,Boston Celtics,0021500528,2016-01-06,BOS vs. DET,L,29,4,11,0.364,2,4,0.5,0,2,0.0,3,2,5,4,0,0,1,5,10,4,21.0,1,2015-16
22015,2544,LeBron James,1610612739,CLE,Cleveland Cavaliers,0021500527,2016-01-06,CLE @ WAS,W,40,12,22,0.545,4,9,0.444,6,8,0.75,0,10,10,4,1,1,2,3,34,2,56.0,1,2015-16
22015,2747,JR Smith,1610612739,CLE,Cleveland Cavaliers,0021500527,2016-01-06,CLE @ WAS,W,35,10,16,0.625,5,10,0.5,0,0,,0,3,3,1,3,0,0,4,25,9,39.1,1,2015-16
22015,201567,Kevin Love,1610612739,CLE,Cleveland Cavaliers,0021500527,2016-01-06,CLE @ WAS,W,29,4,10,0.4,0,1,0.0,0,0,,5,4,9,0,2,1,2,3,8,2,25.8,1,2015-16
22015,202389,Timofey Mozgov,1610612739,CLE,Cleveland Cavaliers,0021500527,2016-01-06,CLE @ WAS,W,5,1,3,0.333,0,0,,0,0,,1,1,2,0,0,0,1,2,2,-3,3.4,1,2015-16
22015,202697,Iman Shumpert,1610612739,CLE,Cleveland Cavaliers,0021500527,2016-01-06,CLE @ WAS,W,30,2,4,0.5,1,3,0.333,0,0,,1,5,6,3,1,0,0,1,5,19,19.7,1,2015-16
22015,203099,Jared Cunningham,1610612739,CLE,Cleveland Cavaliers,0021500527,2016-01-06,CLE @ WAS,W,0,0,0,,0,0,,0,0,,0,0,0,0,0,0,0,0,0,0,0.0,1,2015-16
22015,201600,Omer Asik,1610612740,NOP,New Orleans Pelicans,0021500531,2016-01-06,NOP vs. DAL,L,19,3,6,0.5,0,0,,0,0,,6,1,7,0,0,2,2,0,6,3,18.4,1,2015-16
22015,202708,Norris Cole,1610612740,NOP,New Orleans Pelicans,0021500531,2016-01-06,NOP vs. DAL,L,28,1,6,0.167,0,1,0.0,2,2,1.0,1,3,4,0,0,0,0,3,4,-18,8.8,1,2015-16
22015,201580,JaVale McGee,1610612742,DAL,Dallas Mavericks,0021500531,2016-01-06,DAL @ NOP,W,19,4,8,0.5,0,0,,0,0,,4,2,6,0,0,4,1,1,8,-4,26.2,1,2015-16
22015,2034,Mike Miller,1610612743,DEN,Denver Nuggets,0021500530,2016-01-06,DEN @ MIN,W,0,0,0,,0,0,,0,0,,0,0,0,0,0,0,0,0,0,2,0.0,1,2015-16
22015,203115,Will Barton,1610612743,DEN,Denver Nuggets,0021500530,2016-01-06,DEN @ MIN,W,26,2,6,0.333,1,2,0.5,2,2,1.0,2,4,6,1,0,0,3,3,7,15,12.7,1,2015-16
22015,200755,JJ Redick,1610612746,LAC,LA Clippers,0021500535,2016-01-06,LAC @ POR,W,30,8,13,0.615,2,5,0.4,2,2,1.0,0,1,1,1,2,0,1,2,20,8,27.7,1,2015-16
22015,202325,Wesley Johnson,1610612746,LAC,LA Clippers,0021500535,2016-01-06,LAC @ POR,W,24,1,7,0.143,1,4,0.25,2,2,1.0,0,7,7,1,0,1,1,1,5,-3,16.9,1,2015-16
22015,2547,Chris Bosh,1610612748,MIA,Miami Heat,0021500525,2016-01-06,MIA vs. NYK,L,34,12,22,0.545,1,4,0.25,3,4,0.75,0,5,5,2,0,1,1,1,28,0,39.0,1,2015-16
22015,202355,Hassan Whiteside,1610612748,MIA,Miami Heat,0021500525,2016-01-06,MIA vs. NYK,L,28,3,6,0.5,0,0,,2,2,1.0,4,4,8,1,0,1,4,1,8,-18,18.1,1,2015-16
22015,202388,Donald Sloan,1610612751,BKN,Brooklyn Nets,0021500529,2016-01-06,BKN vs. TOR,L,19,1,3,0.333,0,0,,0,0,,0,3,3,4,1,0,4,0,2,-7,10.6,1,2015-16
22015,203186,Willie Reed,1610612751,BKN,Brooklyn Nets,0021500529,2016-01-06,BKN vs. TOR,L,8,1,2,0.5,0,0,,1,2,0.5,0,1,1,0,0,1,0,1,3,-8,7.2,1,2015-16
22015,203124,Kyle O'Quinn,1610612752,NYK,New York Knicks,0021500525,2016-01-06,NYK @ MIA,W,5,1,3,0.333,0,0,,0,0,,0,0,0,0,0,0,1,1,2,-6,1.0,1,2015-16
22015,204038,Langston Galloway,1610612752,NYK,New York Knicks,0021500525,2016-01-06,NYK @ MIA,W,14,2,3,0.667,0,1,0.0,1,1,1.0,0,3,3,2,1,0,0,0,5,-4,14.6,1,2015-16
22015,101133,Ian Mahinmi,1610612754,IND,Indiana Pacers,0021500526,2016-01-06,IND @ ORL,W,23,2,4,0.5,0,0,,4,6,0.667,2,10,12,3,0,1,0,4,8,22,29.9,1,2015-16
22015,1626167,Myles Turner,1610612754,IND,Indiana Pacers,0021500526,2016-01-06,IND @ ORL,W,13,3,3,1.0,0,0,,0,0,,1,4,5,0,0,1,1,1,6,-2,14.0,1,2015-16
22015,202688,Brandon Knight,1610612756,PHX,Phoenix Suns,0021500533,2016-01-06,PHX vs. CHA,W,40,7,15,0.467,3,3,1.0,1,1,1.0,0,3,3,7,0,1,3,3,18,2,32.1,1,2015-16
22015,202720,Jon Leuer,1610612756,PHX,Phoenix Suns,0021500533,2016-01-06,PHX vs. CHA,W,24,5,7,0.714,1,1,1.0,3,4,0.75,0,3,3,3,0,1,2,1,14,-6,23.1,1,2015-16
22015,203086,Meyers Leonard,1610612757,POR,Portland Trail Blazers,0021500535,2016-01-06,POR vs. LAC,L,22,4,6,0.667,2,3,0.667,0,0,,1,4,5,0,0,0,3,2,10,-1,13.0,1,2015-16
22015,201988,Patty Mills,1610612759,SAS,San Antonio Spurs,0021500532,2016-01-06,SAS vs. UTA,W,23,0,4,0.0,0,2,0.0,0,0,,0,0,0,2,1,0,0,0,0,13,6.0,1,2015-16
22015,1626246,Boban Marjanovic,1610612759,SAS,San Antonio Spurs,0021500532,2016-01-06,SAS vs. UTA,W,19,5,7,0.714,0,0,,3,6,0.5,3,4,7,0,0,1,0,0,13,-3,24.4,1,2015-16
22015,201142,Kevin Durant,1610612760,OKC,Oklahoma City Thunder,0021500534,2016-01-06,OKC vs. MEM,W,33,9,18,0.5,2,3,0.667,6,6,1.0,4,13,17,3,1,1,3,1,26,21,53.9,1,2015-16
22015,203512,Lucas Nogueira,1610612761,TOR,Toronto Raptors,0021500529,2016-01-06,TOR @ BKN,W,2,0,0,,0,0,,0,0,,0,0,0,0,0,0,0,1,0,1,0.0,1,2015-16
22015,2754,Tony Allen,1610612763,MEM,Memphis Grizzlies,0021500534,2016-01-06,MEM @ OKC,L,29,3,5,0.6,0,0,,2,3,0.667,1,4,5,2,3,0,1,4,8,-12,25.0,1,2015-16
22015,202066,Garrett Temple,1610612764,WAS,Washington Wizards,0021500527,2016-01-06,WAS vs. CLE,L,34,7,10,0.7,3,5,0.6,4,5,0.8,0,4,4,1,0,0,0,3,21,7,27.3,1,2015-16
22015,202390,Gary Neal,1610612764,WAS,Washington Wizards,0021500527,2016-01-06,WAS vs. CLE,L,21,5,8,0.625,1,3,0.333,2,3,0.667,0,1,1,1,0,0,0,1,13,-16,15.7,1,2015-16
22015,204067,Jarell Eddie,1610612764,WAS,Washington Wizards,0021500527,2016-01-06,WAS vs. CLE,L,8,1,1,1.0,1,1,1.0,2,2,1.0,0,1,1,0,0,0,0,0,5,-3,6.2,1,2015-16
22015,203083,Andre Drummond,1610612765,DET,Detroit Pistons,0021500528,2016-01-06,DET @ BOS,W,21,6,8,0.75,0,0,,1,5,0.2,1,4,5,0,2,2,1,4,13,-11,30.0,1,2015-16
22015,201950,Jrue Holiday,1610612740,NOP,New Orleans Pelicans,0021500531,2016-01-06,NOP vs. DAL,L,29,5,13,0.385,1,3,0.333,0,0,,1,5,6,6,1,0,2,5,11,-16,28.2,1,2015-16
22015,202087,Alonzo Gee,1610612740,NOP,New Orleans Pelicans,0021500531,2016-01-06,NOP vs. DAL,L,18,0,4,0.0,0,3,0.0,0,0,,1,5,6,1,0,0,0,1,0,8,8.7,1,2015-16
22015,201601,Luc Mbah a Moute,1610612746,LAC,LA Clippers,0021500535,2016-01-06,LAC @ POR,W,19,1,2,0.5,0,0,,0,0,,0,2,2,0,0,1,1,1,2,5,6.4,1,2015-16
22015,708,Kevin Garnett,1610612750,MIN,Minnesota Timberwolves,0021500530,2016-01-06,MIN vs. DEN,L,21,2,4,0.5,0,0,,0,0,,1,3,4,4,1,1,2,3,4,11,18.8,1,2015-16
22015,201572,Brook Lopez,1610612751,BKN,Brooklyn Nets,0021500529,2016-01-06,BKN vs. TOR,L,40,11,21,0.524,0,0,,2,5,0.4,5,8,13,1,1,3,3,2,24,-9,50.1,1,2015-16
22015,203508,Sergey Karasev,1610612751,BKN,Brooklyn Nets,0021500529,2016-01-06,BKN vs. TOR,L,3,0,0,,0,0,,0,0,,0,0,0,1,0,0,1,0,0,-1,0.5,1,2015-16
22015,201577,Robin Lopez,1610612752,NYK,New York Knicks,0021500525,2016-01-06,NYK @ MIA,W,35,9,12,0.75,0,0,,1,1,1.0,3,1,4,1,0,2,1,3,19,18,30.3,1,2015-16
22015,203943,Noah Vonleh,1610612757,POR,Portland Trail Blazers,0021500535,2016-01-06,POR vs. LAC,L,16,3,5,0.6,0,1,0.0,1,1,1.0,0,1,1,0,0,0,0,1,7,-1,8.2,1,2015-16
22015,201942,DeMar DeRozan,1610612761,TOR,Toronto Raptors,0021500529,2016-01-06,TOR @ BKN,W,36,5,13,0.385,1,2,0.5,4,5,0.8,1,3,4,5,2,0,4,2,15,21,29.3,1,2015-16
22015,202709,Cory Joseph,1610612761,TOR,Toronto Raptors,0021500529,2016-01-06,TOR @ BKN,W,23,4,9,0.444,0,1,0.0,2,2,1.0,0,3,3,3,1,0,3,1,10,18,18.1,1,2015-16
22015,1713,Vince Carter,1610612763,MEM,Memphis Grizzlies,0021500534,2016-01-06,MEM @ OKC,L,12,1,3,0.333,0,1,0.0,2,2,1.0,0,0,0,3,0,1,0,4,4,0,11.5,1,2015-16
22015,200797,Ryan Hollins,1610612763,MEM,Memphis Grizzlies,0021500534,2016-01-06,MEM @ OKC,L,12,3,3,1.0,0,0,,1,1,1.0,1,2,3,1,0,2,0,1,7,-9,18.1,1,2015-16
22015,201188,Marc Gasol,1610612763,MEM,Memphis Grizzlies,0021500534,2016-01-06,MEM @ OKC,L,24,2,11,0.182,0,0,,4,4,1.0,1,3,4,2,0,0,0,1,8,-13,15.8,1,2015-16
22015,202704,Reggie Jackson,1610612765,DET,Detroit Pistons,0021500528,2016-01-06,DET @ BOS,W,31,8,15,0.533,1,2,0.5,7,8,0.875,0,2,2,6,0,0,1,0,24,-6,34.4,1,2015-16
22015,201946,Tyler Hansbrough,1610612766,CHA,Charlotte Hornets,0021500533,2016-01-06,CHA @ PHX,L,1,0,0,,0,0,,0,0,,0,1,1,0,0,0,0,0,0,2,1.2,1,2015-16
22015,201143,Al Horford,1610612737,ATL,Atlanta Hawks,0021500536,2016-01-07,ATL @ PHI,W,24,7,12,0.583,1,2,0.5,3,3,1.0,5,4,9,3,3,3,0,2,18,31,51.3,1,2015-16
22015,203109,Jae Crowder,1610612738,BOS,Boston Celtics,0021500537,2016-01-07,BOS @ CHI,L,39,6,17,0.353,1,4,0.25,4,7,0.571,3,1,4,4,3,1,0,3,17,-7,39.8,1,2015-16
22015,2200,Pau Gasol,1610612741,CHI,Chicago Bulls,0021500537,2016-01-07,CHI vs. BOS,W,35,8,19,0.421,0,1,0.0,1,2,0.5,5,13,18,4,0,1,3,0,17,14,44.6,1,2015-16
22015,201565,Derrick Rose,1610612741,CHI,Chicago Bulls,0021500537,2016-01-07,CHI vs. BOS,W,34,9,16,0.563,0,1,0.0,0,0,,2,5,7,3,0,0,2,4,18,6,28.9,1,2015-16
22015,202703,Nikola Mirotic,1610612741,CHI,Chicago Bulls,0021500537,2016-01-07,CHI vs. BOS,W,27,3,10,0.3,2,7,0.286,3,4,0.75,2,6,8,1,1,1,2,1,11,22,26.1,1,2015-16
22015,203503,Tony Snell,1610612741,CHI,Chicago Bulls,0021500537,2016-01-07,CHI vs. BOS,W,20,3,6,0.5,2,3,0.667,2,2,1.0,0,1,1,1,0,0,3,1,10,-7,9.7,1,2015-16
22015,1626171,Bobby Portis,1610612741,CHI,Chicago Bulls,0021500537,2016-01-07,CHI vs. BOS,W,24,2,9,0.222,0,1,0.0,0,0,,3,5,8,0,0,2,0,3,4,-11,19.6,1,2015-16
22015,203991,Clint Capela,1610612745,HOU,Houston Rockets,0021500538,2016-01-07,HOU vs. UTA,W,30,2,6,0.333,0,0,,3,6,0.5,6,4,10,0,3,0,1,3,7,3,27.0,1,2015-16
22015,1626156,D'Angelo Russell,1610612747,LAL,Los Angeles Lakers,0021500539,2016-01-07,LAL @ SAC,L,29,11,16,0.688,3,7,0.429,2,3,0.667,0,2,2,4,2,0,3,1,27,29,38.4,1,2015-16
22015,203138,Hollis Thompson,1610612755,PHI,Philadelphia 76ers,0021500536,2016-01-07,PHI vs. ATL,L,22,4,7,0.571,1,3,0.333,0,0,,0,0,0,1,0,0,2,0,9,-4,8.5,1,2015-16
22015,204456,T.J. McConnell,1610612755,PHI,Philadelphia 76ers,0021500536,2016-01-07,PHI vs. ATL,L,9,0,1,0.0,0,0,,0,0,,0,1,1,2,1,0,3,0,0,-18,4.2,1,2015-16
22015,201585,Kosta Koufos,1610612758,SAC,Sacramento Kings,0021500539,2016-01-07,SAC vs. LAL,W,20,7,9,0.778,0,0,,0,0,,2,0,2,0,0,1,0,4,14,-16,19.4,1,2015-16
22015,203463,Ben McLemore,1610612758,SAC,Sacramento Kings,0021500539,2016-01-07,SAC vs. LAL,W,25,7,15,0.467,1,5,0.2,1,3,0.333,2,2,4,1,1,0,3,1,16,8,22.3,1,2015-16
22015,202330,Gordon Hayward,1610612762,UTA,Utah Jazz,0021500538,2016-01-07,UTA @ HOU,L,38,6,13,0.462,1,7,0.143,2,4,0.5,0,1,1,5,1,0,5,0,15,-6,21.7,1,2015-16
22015,203504,Trey Burke,1610612762,UTA,Utah Jazz,0021500538,2016-01-07,UTA @ HOU,L,24,4,12,0.333,1,4,0.25,1,2,0.5,1,1,2,3,0,0,3,1,10,-10,13.9,1,2015-16
22015,203918,Rodney Hood,1610612762,UTA,Utah Jazz,0021500538,2016-01-07,UTA @ HOU,L,22,2,7,0.286,1,6,0.167,5,5,1.0,0,2,2,2,1,1,1,1,10,4,20.4,1,2015-16
22015,203200,Justin Holiday,1610612737,ATL,Atlanta Hawks,0021500536,2016-01-07,ATL @ PHI,W,9,0,2,0.0,0,2,0.0,1,2,0.5,0,0,0,1,1,0,1,0,1,-2,4.5,1,2015-16
22015,203501,Tim Hardaway Jr.,1610612737,ATL,Atlanta Hawks,0021500536,2016-01-07,ATL @ PHI,W,19,3,6,0.5,2,3,0.667,0,0,,0,2,2,3,1,0,1,1,8,18,16.9,1,2015-16
22015,202323,Evan Turner,1610612738,BOS,Boston Celtics,0021500537,2016-01-07,BOS @ CHI,L,37,4,12,0.333,0,2,0.0,2,2,1.0,1,4,5,6,4,0,3,3,10,-11,34.0,1,2015-16
22015,203092,Tyler Zeller,1610612738,BOS,Boston Celtics,0021500537,2016-01-07,BOS @ CHI,L,9,0,2,0.0,0,0,,0,0,,0,7,7,0,0,0,3,0,0,0,5.4,1,2015-16
22015,203096,Jared Sullinger,1610612738,BOS,Boston Celtics,0021500537,2016-01-07,BOS @ CHI,L,25,5,13,0.385,0,3,0.0,3,4,0.75,4,7,11,2,0,1,1,3,13,11,31.2,1,2015-16
22015,202710,Jimmy Butler III,1610612741,CHI,Chicago Bulls,0021500537,2016-01-07,CHI vs. BOS,W,39,5,14,0.357,1,3,0.333,8,9,0.889,0,5,5,10,1,1,3,1,19,12,43.0,1,2015-16
22015,201977,Marcus Thornton,1610612745,HOU,Houston Rockets,0021500538,2016-01-07,HOU vs. UTA,W,18,4,9,0.444,1,4,0.25,3,4,0.75,0,3,3,0,2,0,4,0,12,11,17.6,1,2015-16
22015,101138,Brandon Bass,1610612747,LAL,Los Angeles Lakers,0021500539,2016-01-07,LAL @ SAC,L,36,3,3,1.0,0,0,,4,4,1.0,1,5,6,4,5,2,0,4,10,17,44.2,1,2015-16
22015,203477,Isaiah Canaan,1610612755,PHI,Philadelphia 76ers,0021500536,2016-01-07,PHI vs. ATL,L,16,1,4,0.25,0,3,0.0,3,4,0.75,0,1,1,1,1,0,1,2,5,-33,9.7,1,2015-16
22015,203496,Robert Covington,1610612755,PHI,Philadelphia 76ers,0021500536,2016-01-07,PHI vs. ATL,L,13,3,9,0.333,2,5,0.4,0,0,,0,3,3,0,0,0,0,3,8,-13,11.6,1,2015-16
22015,203924,Jerami Grant,1610612755,PHI,Philadelphia 76ers,0021500536,2016-01-07,PHI vs. ATL,L,21,4,7,0.571,0,1,0.0,3,6,0.5,0,2,2,1,1,1,2,0,11,-28,18.9,1,2015-16
22015,200752,Rudy Gay,1610612758,SAC,Sacramento Kings,0021500539,2016-01-07,SAC vs. LAL,W,36,8,16,0.5,1,6,0.167,1,3,0.333,0,5,5,6,0,1,0,4,18,9,36.0,1,2015-16
22015,202326,DeMarcus Cousins,1610612758,SAC,Sacramento Kings,0021500539,2016-01-07,SAC vs. LAL,W,32,8,12,0.667,2,3,0.667,11,13,0.846,1,9,10,7,1,1,3,5,29,18,54.5,1,2015-16
22015,203481,Jeff Withey,1610612762,UTA,Utah Jazz,0021500538,2016-01-07,UTA @ HOU,L,17,3,4,0.75,0,0,,2,2,1.0,1,3,4,1,0,2,0,0,8,-6,20.3,1,2015-16
22015,2594,Kyle Korver,1610612737,ATL,Atlanta Hawks,0021500536,2016-01-07,ATL @ PHI,W,21,2,5,0.4,1,3,0.333,0,0,,0,4,4,2,2,0,1,1,5,-2,17.8,1,2015-16
22015,200757,Thabo Sefolosha,1610612737,ATL,Atlanta Hawks,0021500536,2016-01-07,ATL @ PHI,W,22,3,4,0.75,0,1,0.0,0,1,0.0,0,5,5,4,3,1,0,1,6,25,30.0,1,2015-16
22015,201952,Jeff Teague,1610612737,ATL,Atlanta Hawks,0021500536,2016-01-07,ATL @ PHI,W,22,3,7,0.429,1,1,1.0,0,0,,0,1,1,4,1,0,3,1,7,-3,14.2,1,2015-16
22015,202714,Shelvin Mack,1610612737,ATL,Atlanta Hawks,0021500536,2016-01-07,ATL @ PHI,W,7,3,5,0.6,2,3,0.667,0,0,,0,1,1,2,0,0,0,1,8,-2,12.2,1,2015-16
22015,203145,Kent Bazemore,1610612737,ATL,Atlanta Hawks,0021500536,2016-01-07,ATL @ PHI,W,25,8,15,0.533,3,8,0.375,3,3,1.0,0,6,6,4,2,1,3,3,22,17,41.2,1,2015-16
22015,203482,Kelly Olynyk,1610612738,BOS,Boston Celtics,0021500537,2016-01-07,BOS @ CHI,L,33,6,14,0.429,2,5,0.4,2,2,1.0,2,7,9,2,0,0,0,1,16,-19,29.8,1,2015-16
22015,203923,James Young,1610612738,BOS,Boston Celtics,0021500537,2016-01-07,BOS @ CHI,L,4,0,1,0.0,0,1,0.0,0,0,,0,0,0,0,0,0,0,0,0,-2,0.0,1,2015-16
22015,203935,Marcus Smart,1610612738,BOS,Boston Celtics,0021500537,2016-01-07,BOS @ CHI,L,30,3,11,0.273,2,6,0.333,2,2,1.0,2,3,5,2,2,0,0,3,10,7,25.0,1,2015-16
22015,2550,Kirk Hinrich,1610612741,CHI,Chicago Bulls,0021500537,2016-01-07,CHI vs. BOS,W,14,1,3,0.333,1,2,0.5,0,0,,0,1,1,1,0,0,1,2,3,3,4.7,1,2015-16
22015,201959,Taj Gibson,1610612741,CHI,Chicago Bulls,0021500537,2016-01-07,CHI vs. BOS,W,28,5,9,0.556,0,0,,0,0,,0,5,5,3,1,0,2,5,10,1,21.5,1,2015-16
22015,203088,Kendall Marshall,1610612755,PHI,Philadelphia 76ers,0021500536,2016-01-07,PHI vs. ATL,L,11,0,3,0.0,0,0,,0,0,,0,0,0,2,0,0,0,0,0,-3,3.0,1,2015-16
22015,203917,Nik Stauskas,1610612755,PHI,Philadelphia 76ers,0021500536,2016-01-07,PHI vs. ATL,L,24,3,7,0.429,2,4,0.5,1,2,0.5,0,1,1,2,0,1,0,1,9,-11,16.2,1,2015-16
22015,203960,JaKarr Sampson,1610612755,PHI,Philadelphia 76ers,0021500536,2016-01-07,PHI vs. ATL,L,24,0,4,0.0,0,1,0.0,4,6,0.667,3,3,6,3,1,0,2,2,4,6,16.7,1,2015-16
22015,1626158,Richaun Holmes,1610612755,PHI,Philadelphia 76ers,0021500536,2016-01-07,PHI vs. ATL,L,15,2,5,0.4,0,1,0.0,0,0,,1,4,5,0,1,0,0,2,4,-3,13.0,1,2015-16
22015,203552,Seth Curry,1610612758,SAC,Sacramento Kings,0021500539,2016-01-07,SAC vs. LAL,W,10,0,2,0.0,0,1,0.0,0,0,,0,0,0,0,0,0,1,2,0,-11,-1.0,1,2015-16
22015,200794,Paul Millsap,1610612737,ATL,Atlanta Hawks,0021500536,2016-01-07,ATL @ PHI,W,25,7,11,0.636,0,1,0.0,4,4,1.0,2,4,6,4,2,0,1,2,18,5,36.2,1,2015-16
22015,201168,Tiago Splitter,1610612737,ATL,Atlanta Hawks,0021500536,2016-01-07,ATL @ PHI,W,14,1,4,0.25,0,0,,2,2,1.0,4,0,4,0,1,0,0,4,4,-1,11.8,1,2015-16
22015,203118,Mike Scott,1610612737,ATL,Atlanta Hawks,0021500536,2016-01-07,ATL @ PHI,W,23,5,11,0.455,1,5,0.2,0,2,0.0,0,3,3,2,0,1,0,0,11,23,20.6,1,2015-16
22015,101161,Amir Johnson,1610612738,BOS,Boston Celtics,0021500537,2016-01-07,BOS @ CHI,L,22,6,8,0.75,0,0,,0,0,,1,5,6,0,0,1,0,3,12,-13,22.2,1,2015-16
22015,201973,Jonas Jerebko,1610612738,BOS,Boston Celtics,0021500537,2016-01-07,BOS @ CHI,L,8,0,3,0.0,0,0,,0,0,,1,1,2,0,0,0,0,0,0,3,2.4,1,2015-16
22015,202738,Isaiah Thomas,1610612738,BOS,Boston Celtics,0021500537,2016-01-07,BOS @ CHI,L,33,5,17,0.294,0,4,0.0,4,5,0.8,1,1,2,1,2,0,4,3,14,-14,19.9,1,2015-16
22015,1891,Jason Terry,1610612745,HOU,Houston Rockets,0021500538,2016-01-07,HOU vs. UTA,W,20,5,8,0.625,2,3,0.667,0,0,,0,2,2,2,0,0,3,1,12,-1,14.4,1,2015-16
22015,2772,Trevor Ariza,1610612745,HOU,Houston Rockets,0021500538,2016-01-07,HOU vs. UTA,W,32,2,10,0.2,2,6,0.333,0,0,,1,4,5,1,1,1,1,2,6,0,18.5,1,2015-16
22015,201147,Corey Brewer,1610612745,HOU,Houston Rockets,0021500538,2016-01-07,HOU vs. UTA,W,18,2,2,1.0,1,1,1.0,0,0,,0,3,3,2,0,0,0,1,5,5,11.6,1,2015-16
22015,1626149,Montrezl Harrell,1610612745,HOU,Houston Rockets,0021500538,2016-01-07,HOU vs. UTA,W,27,1,1,1.0,0,0,,3,4,0.75,0,1,1,1,1,1,3,4,5,3,10.7,1,2015-16
22015,101150,Lou Williams,1610612747,LAL,Los Angeles Lakers,0021500539,2016-01-07,LAL @ SAC,L,32,7,13,0.538,3,8,0.375,3,4,0.75,0,0,0,3,0,1,0,2,20,-19,27.5,1,2015-16
22015,203903,Jordan Clarkson,1610612747,LAL,Los Angeles Lakers,0021500539,2016-01-07,LAL @ SAC,L,35,6,14,0.429,0,2,0.0,3,3,1.0,2,3,5,4,1,0,4,4,15,-16,26.0,1,2015-16
22015,203944,Julius Randle,1610612747,LAL,Los Angeles Lakers,0021500539,2016-01-07,LAL @ SAC,L,30,1,4,0.25,0,0,,4,4,1.0,1,9,10,1,1,0,5,4,6,17,17.5,1,2015-16
22015,1626204,Larry Nance Jr.,1610612747,LAL,Los Angeles Lakers,0021500539,2016-01-07,LAL @ SAC,L,18,3,5,0.6,0,0,,3,3,1.0,0,4,4,0,1,0,1,2,9,-20,15.8,1,2015-16
22015,201171,Carl Landry,1610612755,PHI,Philadelphia 76ers,0021500536,2016-01-07,PHI vs. ATL,L,6,3,5,0.6,0,0,,0,1,0.0,1,2,3,0,0,0,1,1,6,-8,8.6,1,2015-16
22015,201158,Marco Belinelli,1610612758,SAC,Sacramento Kings,0021500539,2016-01-07,SAC vs. LAL,W,27,4,9,0.444,1,4,0.25,2,3,0.667,0,2,2,3,2,0,1,2,11,-10,22.9,1,2015-16
22015,201954,Darren Collison,1610612758,SAC,Sacramento Kings,0021500539,2016-01-07,SAC vs. LAL,W,18,1,3,0.333,1,1,1.0,0,0,,0,2,2,2,0,0,3,0,3,-3,5.4,1,2015-16
22015,202341,James Anderson,1610612758,SAC,Sacramento Kings,0021500539,2016-01-07,SAC vs. LAL,W,13,0,0,,0,0,,0,0,,1,1,2,1,0,0,1,1,0,-7,2.9,1,2015-16
22015,203187,Chris Johnson,1610612762,UTA,Utah Jazz,0021500538,2016-01-07,UTA @ HOU,L,19,5,8,0.625,1,2,0.5,0,0,,0,0,0,2,2,0,0,6,11,-5,20.0,1,2015-16
22015,203526,Raul Neto,1610612762,UTA,Utah Jazz,0021500538,2016-01-07,UTA @ HOU,L,24,2,3,0.667,1,2,0.5,0,0,,0,2,2,7,2,0,3,1,5,-1,20.9,1,2015-16
22015,203471,Dennis Schröder,1610612737,ATL,Atlanta Hawks,0021500536,2016-01-07,ATL @ PHI,W,19,5,7,0.714,2,3,0.667,2,2,1.0,1,3,4,6,2,0,4,4,14,33,29.8,1,2015-16
22015,203488,Mike Muscala,1610612737,ATL,Atlanta Hawks,0021500536,2016-01-07,ATL @ PHI,W,9,2,3,0.667,0,0,,0,0,,2,1,3,1,0,0,2,3,4,-2,7.1,1,2015-16
22015,203926,Doug McDermott,1610612741,CHI,Chicago Bulls,0021500537,2016-01-07,CHI vs. BOS,W,20,3,8,0.375,3,4,0.75,0,0,,0,1,1,0,1,0,0,1,9,5,13.2,1,2015-16
22015,201935,James Harden,1610612745,HOU,Houston Rockets,0021500538,2016-01-07,HOU vs. UTA,W,34,13,25,0.52,0,7,0.0,7,10,0.7,2,6,8,3,2,1,4,1,33,2,52.1,1,2015-16
22015,201976,Patrick Beverley,1610612745,HOU,Houston Rockets,0021500538,2016-01-07,HOU vs. UTA,W,27,4,4,1.0,1,1,1.0,0,0,,1,0,1,4,2,0,0,4,9,13,22.2,1,2015-16
22015,977,Kobe Bryant,1610612747,LAL,Los Angeles Lakers,0021500539,2016-01-07,LAL @ SAC,L,31,10,19,0.526,2,6,0.333,6,8,0.75,1,1,2,3,0,1,3,2,28,-14,34.9,1,2015-16
22015,201579,Roy Hibbert,1610612747,LAL,Los Angeles Lakers,0021500539,2016-01-07,LAL @ SAC,L,12,0,1,0.0,0,0,,0,0,,0,2,2,1,0,0,1,5,0,-20,2.9,1,2015-16
22015,202397,Ish Smith,1610612755,PHI,Philadelphia 76ers,0021500536,2016-01-07,PHI vs. ATL,L,27,6,10,0.6,0,0,,0,0,,0,1,1,7,1,0,4,1,12,-7,22.7,1,2015-16
22015,200765,Rajon Rondo,1610612758,SAC,Sacramento Kings,0021500539,2016-01-07,SAC vs. LAL,W,36,4,10,0.4,0,1,0.0,1,2,0.5,2,4,6,12,3,1,3,0,9,11,43.2,1,2015-16
22015,203112,Quincy Acy,1610612758,SAC,Sacramento Kings,0021500539,2016-01-07,SAC vs. LAL,W,25,8,9,0.889,0,0,,2,3,0.667,2,2,4,0,1,2,0,1,18,16,31.8,1,2015-16
22015,202344,Trevor Booker,1610612762,UTA,Utah Jazz,0021500538,2016-01-07,UTA @ HOU,L,25,6,9,0.667,0,0,,0,0,,4,5,9,0,1,0,1,1,12,-4,24.8,1,2015-16
22015,203497,Rudy Gobert,1610612762,UTA,Utah Jazz,0021500538,2016-01-07,UTA @ HOU,L,15,3,4,0.75,0,0,,0,0,,1,2,3,0,0,0,0,2,6,9,9.6,1,2015-16
22015,204060,Joe Ingles,1610612762,UTA,Utah Jazz,0021500538,2016-01-07,UTA @ HOU,L,21,3,7,0.429,2,6,0.333,0,0,,2,1,3,2,0,0,2,1,8,-10,12.6,1,2015-16
22015,1626168,Trey Lyles,1610612762,UTA,Utah Jazz,0021500538,2016-01-07,UTA @ HOU,L,34,4,11,0.364,0,1,0.0,1,4,0.25,1,8,9,3,2,2,4,4,9,-16,32.3,1,2015-16
22015,203093,Terrence Jones,1610612745,HOU,Houston Rockets,0021500538,2016-01-07,HOU vs. UTA,W,32,6,10,0.6,0,1,0.0,2,2,1.0,1,7,8,2,0,0,0,0,14,9,26.6,1,2015-16
22015,1626148,Anthony Brown,1610612747,LAL,Los Angeles Lakers,0021500539,2016-01-07,LAL @ SAC,L,17,0,1,0.0,0,1,0.0,0,0,,1,1,2,0,0,0,1,2,0,11,1.4,1,2015-16
22015,203457,Nerlens Noel,1610612755,PHI,Philadelphia 76ers,0021500536,2016-01-07,PHI vs. ATL,L,24,4,8,0.5,0,0,,1,2,0.5,6,7,13,2,2,1,4,3,9,-3,32.6,1,2015-16
22015,1626143,Jahlil Okafor,1610612755,PHI,Philadelphia 76ers,0021500536,2016-01-07,PHI vs. ATL,L,27,9,16,0.563,0,0,,3,4,0.75,3,4,7,0,1,1,3,2,21,-15,32.4,1,2015-16
22015,2592,James Jones,1610612739,CLE,Cleveland Cavaliers,0021500543,2016-01-08,CLE @ MIN,W,5,0,0,,0,0,,0,0,,0,0,0,0,0,0,0,0,0,0,0.0,1,2015-16
22015,202389,Timofey Mozgov,1610612739,CLE,Cleveland Cavaliers,0021500543,2016-01-08,CLE @ MIN,W,24,3,4,0.75,0,0,,1,2,0.5,3,6,9,1,0,2,2,3,7,18,23.3,1,2015-16
22015,203099,Jared Cunningham,1610612739,CLE,Cleveland Cavaliers,0021500543,2016-01-08,CLE @ MIN,W,5,1,2,0.5,0,0,,2,2,1.0,0,1,1,0,0,0,0,0,4,0,5.2,1,2015-16
22015,201582,Alexis Ajinca,1610612740,NOP,New Orleans Pelicans,0021500544,2016-01-08,NOP vs. IND,L,26,2,7,0.286,0,1,0.0,0,0,,3,9,12,3,5,1,1,2,4,8,39.9,1,2015-16
22015,202083,Wesley Matthews,1610612742,DAL,Dallas Mavericks,0021500545,2016-01-08,DAL @ MIL,L,39,4,12,0.333,3,9,0.333,1,2,0.5,1,1,2,3,2,1,2,3,12,1,25.9,1,2015-16
22015,202718,Chandler Parsons,1610612742,DAL,Dallas Mavericks,0021500545,2016-01-08,DAL @ MIL,L,21,1,8,0.125,0,5,0.0,1,2,0.5,0,3,3,3,0,2,1,2,3,-1,16.1,1,2015-16
22015,201589,Darrell Arthur,1610612743,DEN,Denver Nuggets,0021500542,2016-01-08,DEN @ MEM,L,26,6,12,0.5,0,1,0.0,0,0,,3,6,9,2,0,2,4,3,12,1,27.8,1,2015-16
22015,203999,Nikola Jokić,1610612743,DEN,Denver Nuggets,0021500542,2016-01-08,DEN @ MEM,L,19,4,4,1.0,1,1,1.0,0,0,,3,2,5,1,0,0,1,2,9,4,15.5,1,2015-16
22015,101106,Andrew Bogut,1610612744,GSW,Golden State Warriors,0021500548,2016-01-08,GSW @ POR,W,18,2,2,1.0,0,0,,1,2,0.5,0,5,5,1,0,1,2,3,5,9,13.5,1,2015-16
22015,977,Kobe Bryant,1610612747,LAL,Los Angeles Lakers,0021500549,2016-01-08,LAL vs. OKC,L,28,8,20,0.4,1,5,0.2,2,2,1.0,2,2,4,6,1,0,2,3,19,-14,33.8,1,2015-16
22015,101150,Lou Williams,1610612747,LAL,Los Angeles Lakers,0021500549,2016-01-08,LAL vs. OKC,L,35,12,25,0.48,5,14,0.357,15,15,1.0,0,2,2,1,2,0,1,1,44,4,52.9,1,2015-16
22015,203944,Julius Randle,1610612747,LAL,Los Angeles Lakers,0021500549,2016-01-08,LAL vs. OKC,L,23,1,7,0.143,0,1,0.0,0,0,,2,6,8,2,0,0,3,6,2,6,11.6,1,2015-16
22015,1626204,Larry Nance Jr.,1610612747,LAL,Los Angeles Lakers,0021500549,2016-01-08,LAL vs. OKC,L,22,3,4,0.75,0,0,,2,2,1.0,1,5,6,0,2,1,0,1,8,-6,24.2,1,2015-16
22015,2547,Chris Bosh,1610612748,MIA,Miami Heat,0021500547,2016-01-08,MIA @ PHX,W,36,5,11,0.455,2,4,0.5,2,3,0.667,0,3,3,3,2,0,0,2,14,10,28.1,1,2015-16
22015,204020,Tyler Johnson,1610612748,MIA,Miami Heat,0021500547,2016-01-08,MIA @ PHX,W,18,0,3,0.0,0,2,0.0,0,0,,0,3,3,3,0,1,1,1,0,2,10.1,1,2015-16
22015,203507,Giannis Antetokounmpo,1610612749,MIL,Milwaukee Bucks,0021500545,2016-01-08,MIL vs. DAL,W,33,2,8,0.25,0,0,,1,4,0.25,1,4,5,1,1,1,3,5,5,-1,15.5,1,2015-16
22015,2755,Kevin Martin,1610612750,MIN,Minnesota Timberwolves,0021500543,2016-01-08,MIN vs. CLE,L,13,0,4,0.0,0,1,0.0,2,2,1.0,1,2,3,2,1,0,0,2,2,-7,11.6,1,2015-16
22015,202357,Nemanja Bjelica,1610612750,MIN,Minnesota Timberwolves,0021500543,2016-01-08,MIN vs. CLE,L,10,0,1,0.0,0,1,0.0,0,0,,0,3,3,0,0,1,1,1,0,-6,5.6,1,2015-16
22015,203940,Adreian Payne,1610612750,MIN,Minnesota Timberwolves,0021500543,2016-01-08,MIN vs. CLE,L,2,1,2,0.5,0,1,0.0,0,0,,0,0,0,0,0,0,0,0,2,1,2.0,1,2015-16
22015,203186,Willie Reed,1610612751,BKN,Brooklyn Nets,0021500541,2016-01-08,BKN vs. ORL,L,13,1,2,0.5,0,0,,0,0,,1,3,4,0,0,1,1,1,2,5,8.8,1,2015-16
22015,203499,Shane Larkin,1610612751,BKN,Brooklyn Nets,0021500541,2016-01-08,BKN vs. ORL,L,30,5,8,0.625,1,4,0.25,1,2,0.5,0,4,4,3,1,0,4,1,12,-12,20.3,1,2015-16
22015,202498,Lance Thomas,1610612752,NYK,New York Knicks,0021500546,2016-01-08,NYK @ SAS,L,13,4,9,0.444,2,3,0.667,0,0,,1,0,1,0,0,1,1,2,10,-2,13.2,1,2015-16
22015,202682,Derrick Williams,1610612752,NYK,New York Knicks,0021500546,2016-01-08,NYK @ SAS,L,10,0,3,0.0,0,2,0.0,0,0,,0,3,3,0,0,0,1,0,0,-8,2.6,1,2015-16
22015,201160,Jason Smith,1610612753,ORL,Orlando Magic,0021500541,2016-01-08,ORL @ BKN,W,12,1,6,0.167,0,0,,0,0,,0,2,2,2,0,0,0,3,2,-5,7.4,1,2015-16
22015,203506,Victor Oladipo,1610612753,ORL,Orlando Magic,0021500541,2016-01-08,ORL @ BKN,W,36,7,11,0.636,6,8,0.75,0,0,,1,8,9,2,3,1,4,2,20,9,41.8,1,2015-16
22015,202331,Paul George,1610612754,IND,Indiana Pacers,0021500544,2016-01-08,IND @ NOP,W,32,3,13,0.231,1,7,0.143,6,7,0.857,0,7,7,4,3,0,4,3,13,10,32.4,1,2015-16
22015,1626167,Myles Turner,1610612754,IND,Indiana Pacers,0021500544,2016-01-08,IND @ NOP,W,11,2,3,0.667,0,0,,1,2,0.5,1,2,3,1,0,1,0,1,5,-8,13.1,1,2015-16
22015,200782,P.J. Tucker,1610612756,PHX,Phoenix Suns,0021500547,2016-01-08,PHX vs. MIA,L,41,2,7,0.286,0,2,0.0,1,2,0.5,5,6,11,2,2,1,3,1,5,-3,27.2,1,2015-16
22015,202334,Ed Davis,1610612757,POR,Portland Trail Blazers,0021500548,2016-01-08,POR vs. GSW,L,16,2,3,0.667,0,0,,1,2,0.5,2,5,7,1,0,0,0,2,5,0,14.9,1,2015-16
22015,204025,Tim Frazier,1610612757,POR,Portland Trail Blazers,0021500548,2016-01-08,POR vs. GSW,L,5,0,1,0.0,0,0,,0,0,,0,0,0,2,1,0,0,0,0,-1,6.0,1,2015-16
22015,1495,Tim Duncan,1610612759,SAS,San Antonio Spurs,0021500546,2016-01-08,SAS vs. NYK,W,21,3,5,0.6,0,0,,1,2,0.5,1,4,5,1,1,0,2,1,7,6,15.5,1,2015-16
22015,2225,Tony Parker,1610612759,SAS,San Antonio Spurs,0021500546,2016-01-08,SAS vs. NYK,W,32,7,16,0.438,0,2,0.0,2,2,1.0,0,5,5,8,0,0,1,1,16,2,33.0,1,2015-16
22015,201988,Patty Mills,1610612759,SAS,San Antonio Spurs,0021500546,2016-01-08,SAS vs. NYK,W,16,0,1,0.0,0,1,0.0,2,2,1.0,0,0,0,3,0,0,0,1,2,-1,6.5,1,2015-16
22015,1626166,Cameron Payne,1610612760,OKC,Oklahoma City Thunder,0021500549,2016-01-08,OKC @ LAL,W,25,5,9,0.556,1,2,0.5,0,0,,1,0,1,1,1,0,1,1,11,-2,15.7,1,2015-16
22015,2400,Drew Gooden,1610612764,WAS,Washington Wizards,0021500540,2016-01-08,WAS vs. TOR,L,10,1,3,0.333,1,3,0.333,0,0,,1,2,3,0,0,0,0,1,3,-7,6.6,1,2015-16
22015,2403,Nene,1610612764,WAS,Washington Wizards,0021500540,2016-01-08,WAS vs. TOR,L,12,2,5,0.4,0,0,,0,0,,0,2,2,0,1,1,2,2,4,-10,10.4,1,2015-16
22015,2210,Richard Jefferson,1610612739,CLE,Cleveland Cavaliers,0021500543,2016-01-08,CLE @ MIN,W,16,0,1,0.0,0,1,0.0,2,2,1.0,0,0,0,4,1,0,1,4,2,5,10.0,1,2015-16
22015,2747,JR Smith,1610612739,CLE,Cleveland Cavaliers,0021500543,2016-01-08,CLE @ MIN,W,19,10,12,0.833,5,6,0.833,2,2,1.0,0,0,0,0,2,0,0,4,27,14,33.0,1,2015-16
22015,202087,Alonzo Gee,1610612740,NOP,New Orleans Pelicans,0021500544,2016-01-08,NOP vs. IND,L,0,0,0,,0,0,,0,0,,0,0,0,0,0,0,0,0,0,-2,0.0,1,2015-16
22015,1717,Dirk Nowitzki,1610612742,DAL,Dallas Mavericks,0021500545,2016-01-08,DAL @ MIL,L,36,6,17,0.353,4,10,0.4,4,4,1.0,2,7,9,0,1,1,2,3,20,15,34.8,1,2015-16
22015,2585,Zaza Pachulia,1610612742,DAL,Dallas Mavericks,0021500545,2016-01-08,DAL @ MIL,L,32,4,6,0.667,0,0,,1,2,0.5,8,7,15,3,1,0,0,4,9,1,34.5,1,2015-16
22015,203939,Dwight Powell,1610612742,DAL,Dallas Mavericks,0021500545,2016-01-08,DAL @ MIL,L,8,2,3,0.667,0,0,,0,0,,1,1,2,0,0,0,2,1,4,-9,4.4,1,2015-16
22015,200751,Randy Foye,1610612743,DEN,Denver Nuggets,0021500542,2016-01-08,DEN @ MEM,L,18,1,6,0.167,0,3,0.0,0,0,,0,2,2,1,0,0,2,0,2,-10,3.9,1,2015-16
22015,203914,Gary Harris,1610612743,DEN,Denver Nuggets,0021500542,2016-01-08,DEN @ MEM,L,31,4,9,0.444,1,4,0.25,2,2,1.0,2,3,5,1,1,0,4,1,11,1,17.5,1,2015-16
22015,203084,Harrison Barnes,1610612744,GSW,Golden State Warriors,0021500548,2016-01-08,GSW @ POR,W,23,2,10,0.2,1,3,0.333,2,2,1.0,0,0,0,3,1,0,0,1,7,-3,14.5,1,2015-16
22015,201579,Roy Hibbert,1610612747,LAL,Los Angeles Lakers,0021500549,2016-01-08,LAL vs. OKC,L,23,4,5,0.8,0,0,,0,0,,1,1,2,0,1,2,1,4,8,-6,18.4,1,2015-16
22015,203903,Jordan Clarkson,1610612747,LAL,Los Angeles Lakers,0021500549,2016-01-08,LAL vs. OKC,L,35,6,12,0.5,2,3,0.667,3,4,0.75,0,3,3,2,2,0,3,3,17,-19,26.6,1,2015-16
22015,203089,John Henson,1610612749,MIL,Milwaukee Bucks,0021500545,2016-01-08,MIL vs. DAL,W,20,8,9,0.889,0,0,,0,0,,0,3,3,1,1,1,1,0,16,8,26.1,1,2015-16
22015,203114,Khris Middleton,1610612749,MIL,Milwaukee Bucks,0021500545,2016-01-08,MIL vs. DAL,W,39,10,18,0.556,0,1,0.0,7,9,0.778,0,3,3,5,0,0,1,3,27,-2,37.1,1,2015-16
22015,708,Kevin Garnett,1610612750,MIN,Minnesota Timberwolves,0021500543,2016-01-08,MIN vs. CLE,L,7,1,2,0.5,0,0,,0,0,,0,1,1,1,1,0,0,0,2,5,7.7,1,2015-16
22015,201152,Thaddeus Young,1610612751,BKN,Brooklyn Nets,0021500541,2016-01-08,BKN vs. ORL,L,30,5,7,0.714,0,0,,1,2,0.5,2,7,9,3,1,0,4,5,11,-6,25.3,1,2015-16
22015,202711,Bojan Bogdanovic,1610612751,BKN,Brooklyn Nets,0021500541,2016-01-08,BKN vs. ORL,L,30,0,6,0.0,0,3,0.0,2,2,1.0,0,1,1,0,0,0,1,2,2,-9,2.2,1,2015-16
22015,203080,Thomas Robinson,1610612751,BKN,Brooklyn Nets,0021500541,2016-01-08,BKN vs. ORL,L,9,3,8,0.375,0,0,,0,0,,2,2,4,2,0,0,0,0,6,7,13.8,1,2015-16
22015,101181,Jose Calderon,1610612752,NYK,New York Knicks,0021500546,2016-01-08,NYK @ SAS,L,32,2,9,0.222,0,1,0.0,0,0,,0,3,3,5,0,0,3,1,4,5,12.1,1,2015-16
22015,203095,Evan Fournier,1610612753,ORL,Orlando Magic,0021500541,2016-01-08,ORL @ BKN,W,33,5,8,0.625,3,6,0.5,0,0,,1,0,1,3,2,0,2,0,13,3,22.7,1,2015-16
22015,101145,Monta Ellis,1610612754,IND,Indiana Pacers,0021500544,2016-01-08,IND @ NOP,W,34,5,11,0.455,0,1,0.0,0,0,,1,3,4,8,1,1,6,3,10,-4,26.8,1,2015-16
22015,201588,George Hill,1610612754,IND,Indiana Pacers,0021500544,2016-01-08,IND @ NOP,W,35,2,9,0.222,1,2,0.5,2,2,1.0,1,4,5,2,1,0,3,4,7,8,16.0,1,2015-16
22015,203922,Glenn Robinson III,1610612754,IND,Indiana Pacers,0021500544,2016-01-08,IND @ NOP,W,15,2,6,0.333,0,1,0.0,1,2,0.5,1,3,4,1,0,0,2,0,5,0,9.3,1,2015-16
22015,202688,Brandon Knight,1610612756,PHX,Phoenix Suns,0021500547,2016-01-08,PHX vs. MIA,L,37,11,24,0.458,1,6,0.167,3,3,1.0,0,4,4,4,0,0,4,2,26,-11,32.8,1,2015-16
22015,1626164,Devin Booker,1610612756,PHX,Phoenix Suns,0021500547,2016-01-08,PHX vs. MIA,L,37,6,17,0.353,1,7,0.143,3,4,0.75,2,4,6,2,1,0,2,5,16,-2,27.2,1,2015-16
22015,203081,Damian Lillard,1610612757,POR,Portland Trail Blazers,0021500548,2016-01-08,POR vs. GSW,L,38,12,27,0.444,6,15,0.4,10,12,0.833,1,2,3,10,2,2,3,2,40,-18,67.6,1,2015-16
22015,203459,Allen Crabbe,1610612757,POR,Portland Trail Blazers,0021500548,2016-01-08,POR vs. GSW,L,30,8,14,0.571,0,4,0.0,2,2,1.0,0,1,1,0,2,0,2,1,18,-7,23.2,1,2015-16
22015,1626192,Pat Connaughton,1610612757,POR,Portland Trail Blazers,0021500548,2016-01-08,POR vs. GSW,L,5,1,2,0.5,0,1,0.0,0,0,,1,2,3,1,2,0,2,1,2,-1,11.1,1,2015-16
22015,1938,Manu Ginobili,1610612759,SAS,San Antonio Spurs,0021500546,2016-01-08,SAS vs. NYK,W,22,6,12,0.5,2,5,0.4,2,2,1.0,1,4,5,3,0,1,0,2,16,-3,29.5,1,2015-16
22015,201980,Danny Green,1610612759,SAS,San Antonio Spurs,0021500546,2016-01-08,SAS vs. NYK,W,35,3,9,0.333,2,3,0.667,0,0,,0,4,4,3,2,3,2,5,8,8,30.3,1,2015-16
22015,201586,Serge Ibaka,1610612760,OKC,Oklahoma City Thunder,0021500549,2016-01-08,OKC @ LAL,W,30,3,7,0.429,0,1,0.0,1,1,1.0,0,1,1,0,0,0,1,2,7,-6,7.2,1,2015-16
22015,201942,DeMar DeRozan,1610612761,TOR,Toronto Raptors,0021500540,2016-01-08,TOR @ WAS,W,40,11,24,0.458,1,4,0.25,12,13,0.923,1,7,8,1,1,1,1,0,35,5,51.1,1,2015-16
22015,202685,Jonas Valančiūnas,1610612761,TOR,Toronto Raptors,0021500540,2016-01-08,TOR @ WAS,W,30,1,4,0.25,0,0,,5,6,0.833,0,3,3,3,1,4,6,4,7,-1,24.1,1,2015-16
22015,2216,Zach Randolph,1610612763,MEM,Memphis Grizzlies,0021500542,2016-01-08,MEM vs. DEN,W,28,9,19,0.474,0,0,,6,8,0.75,3,3,6,1,0,3,0,2,24,2,41.7,1,2015-16
22015,201188,Marc Gasol,1610612763,MEM,Memphis Grizzlies,0021500542,2016-01-08,MEM vs. DEN,W,37,5,17,0.294,0,0,,2,3,0.667,2,2,4,3,5,1,0,4,12,9,39.3,1,2015-16
22015,202390,Gary Neal,1610612764,WAS,Washington Wizards,0021500540,2016-01-08,WAS vs. TOR,L,15,1,9,0.111,0,4,0.0,0,0,,1,2,3,0,2,0,0,1,2,-5,11.6,1,2015-16
22015,203490,Otto Porter Jr.,1610612764,WAS,Washington Wizards,0021500540,2016-01-08,WAS vs. TOR,L,36,6,10,0.6,1,3,0.333,3,3,1.0,1,4,5,3,2,1,1,4,16,-9,34.5,1,2015-16
22015,203521,Matthew Dellavedova,1610612739,CLE,Cleveland Cavaliers,0021500543,2016-01-08,CLE @ MIN,W,24,4,5,0.8,2,3,0.667,0,0,,0,0,0,2,0,0,0,1,10,24,13.0,1,2015-16
22015,201967,Dante Cunningham,1610612740,NOP,New Orleans Pelicans,0021500544,2016-01-08,NOP vs. IND,L,26,2,5,0.4,0,3,0.0,0,0,,2,0,2,1,1,0,0,1,4,-6,10.9,1,2015-16
22015,101111,Charlie Villanueva,1610612742,DAL,Dallas Mavericks,0021500545,2016-01-08,DAL @ MIL,L,3,0,0,,0,0,,0,0,,0,1,1,0,0,0,0,0,0,3,1.2,1,2015-16
22015,201580,JaVale McGee,1610612742,DAL,Dallas Mavericks,0021500545,2016-01-08,DAL @ MIL,L,11,3,4,0.75,0,0,,0,0,,1,2,3,0,0,0,0,3,6,-3,9.6,1,2015-16
22015,1626147,Justin Anderson,1610612742,DAL,Dallas Mavericks,0021500545,2016-01-08,DAL @ MIL,L,4,0,0,,0,0,,0,0,,0,0,0,0,0,0,0,0,0,-1,0.0,1,2015-16
22015,201568,Danilo Gallinari,1610612743,DEN,Denver Nuggets,0021500542,2016-01-08,DEN @ MEM,L,35,8,18,0.444,2,6,0.333,11,11,1.0,2,6,8,3,0,0,2,2,29,1,41.1,1,2015-16
22015,101138,Brandon Bass,1610612747,LAL,Los Angeles Lakers,0021500549,2016-01-08,LAL vs. OKC,L,25,3,5,0.6,0,0,,2,2,1.0,2,3,5,3,1,0,0,2,8,2,21.5,1,2015-16
22015,201609,Goran Dragic,1610612748,MIA,Miami Heat,0021500547,2016-01-08,MIA @ PHX,W,36,8,15,0.533,3,5,0.6,3,4,0.75,1,1,2,7,2,0,2,4,22,13,38.9,1,2015-16
22015,1626159,Justise Winslow,1610612748,MIA,Miami Heat,0021500547,2016-01-08,MIA @ PHX,W,23,2,4,0.5,0,1,0.0,0,0,,2,8,10,0,1,0,0,1,4,-2,19.0,1,2015-16
22015,202328,Greg Monroe,1610612749,MIL,Milwaukee Bucks,0021500545,2016-01-08,MIL vs. DAL,W,28,3,10,0.3,0,0,,3,5,0.6,7,5,12,0,1,0,3,3,9,-7,23.4,1,2015-16
22015,203897,Zach LaVine,1610612750,MIN,Minnesota Timberwolves,0021500543,2016-01-08,MIN vs. CLE,L,22,1,6,0.167,0,0,,0,0,,0,4,4,2,0,0,2,2,2,-14,7.8,1,2015-16
22015,203124,Kyle O'Quinn,1610612752,NYK,New York Knicks,0021500546,2016-01-08,NYK @ SAS,L,1,0,0,,0,0,,0,0,,0,0,0,0,0,0,0,0,0,2,0.0,1,2015-16
22015,204001,Kristaps Porziņģis,1610612752,NYK,New York Knicks,0021500546,2016-01-08,NYK @ SAS,L,33,11,21,0.524,3,7,0.429,3,4,0.75,2,9,11,0,1,0,3,2,28,-4,41.2,1,2015-16
22015,202696,Nikola Vučević,1610612753,ORL,Orlando Magic,0021500541,2016-01-08,ORL @ BKN,W,36,9,23,0.391,0,0,,2,2,1.0,6,4,10,4,2,1,2,1,20,11,45.0,1,2015-16
22015,203094,Andrew Nicholson,1610612753,ORL,Orlando Magic,0021500541,2016-01-08,ORL @ BKN,W,9,0,4,0.0,0,3,0.0,0,0,,0,5,5,2,0,0,1,1,0,-2,8.0,1,2015-16
22015,203894,Shabazz Napier,1610612753,ORL,Orlando Magic,0021500541,2016-01-08,ORL @ BKN,W,12,0,2,0.0,0,0,,0,0,,1,1,2,0,0,0,1,2,0,-3,1.4,1,2015-16
22015,203141,Mirza Teletovic,1610612756,PHX,Phoenix Suns,0021500547,2016-01-08,PHX vs. MIA,L,18,5,8,0.625,3,6,0.5,0,0,,1,1,2,1,1,0,1,2,13,-15,18.9,1,2015-16
22015,203462,Archie Goodwin,1610612756,PHX,Phoenix Suns,0021500547,2016-01-08,PHX vs. MIA,L,16,4,6,0.667,0,0,,1,2,0.5,1,3,4,4,0,0,0,2,9,4,19.8,1,2015-16
22015,2561,David West,1610612759,SAS,San Antonio Spurs,0021500546,2016-01-08,SAS vs. NYK,W,16,2,6,0.333,0,0,,2,2,1.0,2,2,4,2,0,3,0,3,6,8,22.8,1,2015-16
22015,202695,Kawhi Leonard,1610612759,SAS,San Antonio Spurs,0021500546,2016-01-08,SAS vs. NYK,W,37,8,19,0.421,0,2,0.0,3,4,0.75,4,8,12,0,2,2,1,1,19,-4,44.4,1,2015-16
22015,201566,Russell Westbrook,1610612760,OKC,Oklahoma City Thunder,0021500549,2016-01-08,OKC @ LAL,W,35,11,24,0.458,1,4,0.25,13,16,0.813,3,9,12,7,1,0,6,1,36,1,57.9,1,2015-16
22015,202683,Enes Freedom,1610612760,OKC,Oklahoma City Thunder,0021500549,2016-01-08,OKC @ LAL,W,23,6,10,0.6,0,1,0.0,3,3,1.0,4,5,9,1,0,1,1,1,15,-12,29.3,1,2015-16
22015,203500,Steven Adams,1610612760,OKC,Oklahoma City Thunder,0021500549,2016-01-08,OKC @ LAL,W,23,4,6,0.667,0,0,,2,2,1.0,3,3,6,2,1,0,0,2,10,22,23.2,1,2015-16
22015,2440,Matt Barnes,1610612763,MEM,Memphis Grizzlies,0021500542,2016-01-08,MEM vs. DEN,W,33,4,7,0.571,3,4,0.75,4,4,1.0,1,6,7,3,0,1,1,2,15,5,29.9,1,2015-16
22015,202343,Elliot Williams,1610612763,MEM,Memphis Grizzlies,0021500542,2016-01-08,MEM vs. DEN,W,10,1,3,0.333,0,1,0.0,0,0,,0,0,0,0,0,0,0,1,2,5,2.0,1,2015-16
22015,202066,Garrett Temple,1610612764,WAS,Washington Wizards,0021500540,2016-01-08,WAS vs. TOR,L,32,3,9,0.333,1,2,0.5,0,0,,0,1,1,3,2,0,1,5,7,-2,17.7,1,2015-16
22015,202322,John Wall,1610612764,WAS,Washington Wizards,0021500540,2016-01-08,WAS vs. TOR,L,37,8,20,0.4,2,5,0.4,3,3,1.0,0,2,2,4,0,3,7,1,21,-3,31.4,1,2015-16
22015,1626162,Kelly Oubre Jr.,1610612764,WAS,Washington Wizards,0021500540,2016-01-08,WAS vs. TOR,L,10,1,2,0.5,1,2,0.5,1,2,0.5,1,0,1,0,0,0,1,2,4,1,4.2,1,2015-16
22015,202681,Kyrie Irving,1610612739,CLE,Cleveland Cavaliers,0021500543,2016-01-08,CLE @ MIN,W,27,5,12,0.417,1,3,0.333,2,2,1.0,2,0,2,2,0,0,4,3,13,9,14.4,1,2015-16
22015,202684,Tristan Thompson,1610612739,CLE,Cleveland Cavaliers,0021500543,2016-01-08,CLE @ MIN,W,29,2,3,0.667,0,0,,2,2,1.0,4,3,7,1,0,0,1,1,6,11,14.9,1,2015-16
22015,202697,Iman Shumpert,1610612739,CLE,Cleveland Cavaliers,0021500543,2016-01-08,CLE @ MIN,W,29,9,19,0.474,3,6,0.5,2,2,1.0,0,3,3,1,4,0,0,1,23,12,40.1,1,2015-16
22015,201583,Ryan Anderson,1610612740,NOP,New Orleans Pelicans,0021500544,2016-01-08,NOP vs. IND,L,37,7,17,0.412,4,10,0.4,3,4,0.75,3,3,6,2,3,2,3,3,21,-4,43.2,1,2015-16
22015,201600,Omer Asik,1610612740,NOP,New Orleans Pelicans,0021500544,2016-01-08,NOP vs. IND,L,16,0,1,0.0,0,0,,1,2,0.5,0,5,5,1,1,0,2,2,1,-6,9.5,1,2015-16
22015,201950,Jrue Holiday,1610612740,NOP,New Orleans Pelicans,0021500544,2016-01-08,NOP vs. IND,L,35,5,12,0.417,1,2,0.5,4,6,0.667,0,0,0,4,4,2,3,2,15,-4,36.0,1,2015-16
22015,203076,Anthony Davis,1610612740,NOP,New Orleans Pelicans,0021500544,2016-01-08,NOP vs. IND,L,3,1,2,0.5,0,0,,0,0,,0,1,1,1,0,0,1,0,2,-1,3.7,1,2015-16
22015,2734,Devin Harris,1610612742,DAL,Dallas Mavericks,0021500545,2016-01-08,DAL @ MIL,L,19,7,12,0.583,3,7,0.429,2,2,1.0,0,2,2,3,0,0,1,1,19,-10,24.9,1,2015-16
22015,2749,Jameer Nelson,1610612743,DEN,Denver Nuggets,0021500542,2016-01-08,DEN @ MEM,L,30,0,3,0.0,0,2,0.0,0,0,,0,3,3,9,1,1,1,0,0,3,22.1,1,2015-16
22015,203530,Joffrey Lauvergne,1610612743,DEN,Denver Nuggets,0021500542,2016-01-08,DEN @ MEM,L,19,3,10,0.3,0,0,,0,1,0.0,3,4,7,0,0,0,2,5,6,-2,12.4,1,2015-16
22015,2733,Shaun Livingston,1610612744,GSW,Golden State Warriors,0021500548,2016-01-08,GSW @ POR,W,19,2,7,0.286,0,0,,1,1,1.0,0,1,1,3,1,0,0,2,5,0,13.7,1,2015-16
22015,201578,Marreese Speights,1610612744,GSW,Golden State Warriors,0021500548,2016-01-08,GSW @ POR,W,15,4,7,0.571,0,0,,0,0,,1,4,5,0,2,0,3,2,8,-10,17.0,1,2015-16
22015,202691,Klay Thompson,1610612744,GSW,Golden State Warriors,0021500548,2016-01-08,GSW @ POR,W,32,13,22,0.591,7,10,0.7,3,4,0.75,0,6,6,5,0,0,0,1,36,27,50.7,1,2015-16
22015,203105,Festus Ezeli,1610612744,GSW,Golden State Warriors,0021500548,2016-01-08,GSW @ POR,W,7,1,2,0.5,0,0,,0,0,,1,2,3,0,0,1,1,0,2,2,7.6,1,2015-16
22015,203110,Draymond Green,1610612744,GSW,Golden State Warriors,0021500548,2016-01-08,GSW @ POR,W,33,4,6,0.667,0,2,0.0,3,4,0.75,1,12,13,10,0,1,2,3,11,30,42.6,1,2015-16
22015,203546,Ian Clark,1610612744,GSW,Golden State Warriors,0021500548,2016-01-08,GSW @ POR,W,17,2,3,0.667,2,2,1.0,0,0,,1,3,4,2,0,1,2,0,6,-2,14.8,1,2015-16
22015,1626148,Anthony Brown,1610612747,LAL,Los Angeles Lakers,0021500549,2016-01-08,LAL vs. OKC,L,22,1,1,1.0,1,1,1.0,0,0,,0,1,1,1,0,2,0,2,3,6,11.7,1,2015-16
22015,1626273,Marcelo Huertas,1610612747,LAL,Los Angeles Lakers,0021500549,2016-01-08,LAL vs. OKC,L,18,1,2,0.5,0,1,0.0,0,0,,2,1,3,2,0,0,1,0,2,6,7.6,1,2015-16
22015,2405,Amar'e Stoudemire,1610612748,MIA,Miami Heat,0021500547,2016-01-08,MIA @ PHX,W,13,0,1,0.0,0,0,,0,0,,0,2,2,1,0,3,1,0,0,1,11.9,1,2015-16
22015,2548,Dwyane Wade,1610612748,MIA,Miami Heat,0021500547,2016-01-08,MIA @ PHX,W,33,9,14,0.643,0,0,,9,10,0.9,1,1,2,2,1,2,5,1,27,5,36.4,1,2015-16
22015,101123,Gerald Green,1610612748,MIA,Miami Heat,0021500547,2016-01-08,MIA @ PHX,W,34,7,11,0.636,2,5,0.4,5,7,0.714,0,4,4,3,1,0,0,1,21,21,33.3,1,2015-16
22015,203487,Michael Carter-Williams,1610612749,MIL,Milwaukee Bucks,0021500545,2016-01-08,MIL vs. DAL,W,41,5,12,0.417,0,1,0.0,5,8,0.625,2,10,12,8,5,1,3,2,15,-2,56.4,1,2015-16
22015,2419,Tayshaun Prince,1610612750,MIN,Minnesota Timberwolves,0021500543,2016-01-08,MIN vs. CLE,L,22,0,5,0.0,0,1,0.0,0,0,,0,0,0,0,2,0,0,1,0,-16,6.0,1,2015-16
22015,201937,Ricky Rubio,1610612750,MIN,Minnesota Timberwolves,0021500543,2016-01-08,MIN vs. CLE,L,26,2,6,0.333,2,2,1.0,2,2,1.0,1,3,4,6,2,0,0,4,8,-12,27.8,1,2015-16
22015,202388,Donald Sloan,1610612751,BKN,Brooklyn Nets,0021500541,2016-01-08,BKN vs. ORL,L,18,1,4,0.25,1,2,0.5,0,2,0.0,0,2,2,5,0,0,0,0,3,6,12.9,1,2015-16
22015,2546,Carmelo Anthony,1610612752,NYK,New York Knicks,0021500546,2016-01-08,NYK @ SAS,L,39,5,15,0.333,2,3,0.667,8,10,0.8,5,7,12,3,0,2,0,3,20,3,44.9,1,2015-16
22015,1626170,Jerian Grant,1610612752,NYK,New York Knicks,0021500546,2016-01-08,NYK @ SAS,L,15,2,4,0.5,0,1,0.0,2,2,1.0,0,2,2,2,0,0,0,1,6,-5,11.4,1,2015-16
22015,101112,Channing Frye,1610612753,ORL,Orlando Magic,0021500541,2016-01-08,ORL @ BKN,W,21,1,4,0.25,0,3,0.0,0,0,,0,2,2,2,0,0,1,3,2,-3,6.4,1,2015-16
22015,202720,Jon Leuer,1610612756,PHX,Phoenix Suns,0021500547,2016-01-08,PHX vs. MIA,L,26,4,9,0.444,1,2,0.5,0,0,,2,7,9,1,0,1,3,2,9,7,21.3,1,2015-16
22015,203933,T.J. Warren,1610612756,PHX,Phoenix Suns,0021500547,2016-01-08,PHX vs. MIA,L,19,1,6,0.167,0,1,0.0,0,0,,1,1,2,0,0,0,0,2,2,-8,4.4,1,2015-16
22015,203090,Maurice Harkless,1610612757,POR,Portland Trail Blazers,0021500548,2016-01-08,POR vs. GSW,L,22,1,3,0.333,1,2,0.5,2,4,0.5,1,0,1,1,2,1,0,1,5,-7,16.7,1,2015-16
22015,203943,Noah Vonleh,1610612757,POR,Portland Trail Blazers,0021500548,2016-01-08,POR vs. GSW,L,17,0,3,0.0,0,0,,0,0,,4,2,6,0,0,0,0,1,0,-15,7.2,1,2015-16
22015,2555,Nick Collison,1610612760,OKC,Oklahoma City Thunder,0021500549,2016-01-08,OKC @ LAL,W,10,0,2,0.0,0,0,,0,0,,2,0,2,1,0,0,0,0,0,-3,3.9,1,2015-16
22015,201627,Anthony Morrow,1610612760,OKC,Oklahoma City Thunder,0021500549,2016-01-08,OKC @ LAL,W,19,2,6,0.333,1,4,0.25,0,0,,0,1,1,0,0,0,0,3,5,5,6.2,1,2015-16
22015,200768,Kyle Lowry,1610612761,TOR,Toronto Raptors,0021500540,2016-01-08,TOR @ WAS,W,41,8,18,0.444,3,6,0.5,2,2,1.0,1,9,10,4,4,1,6,2,21,4,48.0,1,2015-16
22015,201949,James Johnson,1610612761,TOR,Toronto Raptors,0021500540,2016-01-08,TOR @ WAS,W,21,4,6,0.667,0,0,,0,0,,2,7,9,0,0,1,2,0,8,4,19.8,1,2015-16
22015,202687,Bismack Biyombo,1610612761,TOR,Toronto Raptors,0021500540,2016-01-08,TOR @ WAS,W,18,0,1,0.0,0,0,,0,0,,0,6,6,0,0,4,1,3,0,10,18.2,1,2015-16
22015,203082,Terrence Ross,1610612761,TOR,Toronto Raptors,0021500540,2016-01-08,TOR @ WAS,W,18,3,4,0.75,1,2,0.5,0,0,,0,2,2,0,0,1,1,0,7,7,11.4,1,2015-16
22015,201596,Mario Chalmers,1610612763,MEM,Memphis Grizzlies,0021500542,2016-01-08,MEM vs. DEN,W,40,3,13,0.231,2,6,0.333,4,4,1.0,0,6,6,4,0,0,4,1,12,-5,21.2,1,2015-16
22015,203210,JaMychal Green,1610612763,MEM,Memphis Grizzlies,0021500542,2016-01-08,MEM vs. DEN,W,9,0,3,0.0,0,0,,0,0,,1,1,2,0,0,0,1,0,0,0,1.4,1,2015-16
22015,201162,Jared Dudley,1610612764,WAS,Washington Wizards,0021500540,2016-01-08,WAS vs. TOR,L,29,1,4,0.25,1,3,0.333,2,2,1.0,0,4,4,4,2,0,2,2,5,-4,19.8,1,2015-16
22015,2544,LeBron James,1610612739,CLE,Cleveland Cavaliers,0021500543,2016-01-08,CLE @ MIN,W,32,5,12,0.417,0,4,0.0,3,4,0.75,0,12,12,8,1,2,3,1,13,21,45.4,1,2015-16
22015,201567,Kevin Love,1610612739,CLE,Cleveland Cavaliers,0021500543,2016-01-08,CLE @ MIN,W,31,4,11,0.364,2,4,0.5,10,11,0.909,1,8,9,4,0,1,0,1,20,16,39.8,1,2015-16
22015,201569,Eric Gordon,1610612740,NOP,New Orleans Pelicans,0021500544,2016-01-08,NOP vs. IND,L,36,3,11,0.273,1,6,0.167,1,2,0.5,0,3,3,3,1,0,1,2,8,1,18.1,1,2015-16
22015,201936,Tyreke Evans,1610612740,NOP,New Orleans Pelicans,0021500544,2016-01-08,NOP vs. IND,L,38,10,19,0.526,3,5,0.6,4,4,1.0,0,7,7,5,4,0,4,3,27,-5,50.9,1,2015-16
22015,202708,Norris Cole,1610612740,NOP,New Orleans Pelicans,0021500544,2016-01-08,NOP vs. IND,L,23,1,9,0.111,0,2,0.0,2,2,1.0,0,1,1,1,2,0,0,3,4,-6,12.7,1,2015-16
22015,101109,Raymond Felton,1610612742,DAL,Dallas Mavericks,0021500545,2016-01-08,DAL @ MIL,L,23,3,10,0.3,2,6,0.333,1,2,0.5,1,0,1,4,1,1,2,1,9,-6,20.2,1,2015-16
22015,101114,Deron Williams,1610612742,DAL,Dallas Mavericks,0021500545,2016-01-08,DAL @ MIL,L,24,2,5,0.4,0,2,0.0,1,2,0.5,0,2,2,6,0,0,4,2,5,8,12.4,1,2015-16
22015,203115,Will Barton,1610612743,DEN,Denver Nuggets,0021500542,2016-01-08,DEN @ MEM,L,21,3,11,0.273,0,1,0.0,0,0,,2,7,9,0,0,0,0,2,6,-12,16.8,1,2015-16
22015,203994,Jusuf Nurkić,1610612743,DEN,Denver Nuggets,0021500542,2016-01-08,DEN @ MEM,L,18,2,8,0.25,0,0,,2,3,0.667,2,4,6,0,0,1,0,5,6,-4,16.2,1,2015-16
22015,2738,Andre Iguodala,1610612744,GSW,Golden State Warriors,0021500548,2016-01-08,GSW @ POR,W,19,0,1,0.0,0,0,,2,2,1.0,1,3,4,3,0,0,3,5,2,8,8.3,1,2015-16
22015,201575,Brandon Rush,1610612744,GSW,Golden State Warriors,0021500548,2016-01-08,GSW @ POR,W,29,8,9,0.889,4,4,1.0,0,0,,0,4,4,0,1,1,1,1,20,17,29.8,1,2015-16
22015,201939,Stephen Curry,1610612744,GSW,Golden State Warriors,0021500548,2016-01-08,GSW @ POR,W,29,8,18,0.444,4,11,0.364,6,6,1.0,0,3,3,9,1,0,1,2,26,22,45.1,1,2015-16
22015,1626156,D'Angelo Russell,1610612747,LAL,Los Angeles Lakers,0021500549,2016-01-08,LAL vs. OKC,L,8,1,3,0.333,0,1,0.0,0,0,,0,0,0,2,0,0,0,0,2,1,5.0,1,2015-16
22015,2736,Luol Deng,1610612748,MIA,Miami Heat,0021500547,2016-01-08,MIA @ PHX,W,29,3,6,0.5,0,1,0.0,4,4,1.0,0,6,6,4,2,0,0,1,10,-1,29.2,1,2015-16
22015,201564,O.J. Mayo,1610612749,MIL,Milwaukee Bucks,0021500545,2016-01-08,MIL vs. DAL,W,35,4,8,0.5,3,5,0.6,0,1,0.0,2,3,5,6,1,1,3,0,11,10,29.0,1,2015-16
22015,203953,Jabari Parker,1610612749,MIL,Milwaukee Bucks,0021500545,2016-01-08,MIL vs. DAL,W,30,4,9,0.444,0,0,,2,2,1.0,2,0,2,3,2,0,1,4,10,-3,21.9,1,2015-16
22015,201593,Nikola Pekovic,1610612750,MIN,Minnesota Timberwolves,0021500543,2016-01-08,MIN vs. CLE,L,15,1,4,0.25,0,0,,0,0,,0,2,2,3,0,0,2,3,2,-19,6.9,1,2015-16
22015,203476,Gorgui Dieng,1610612750,MIN,Minnesota Timberwolves,0021500543,2016-01-08,MIN vs. CLE,L,21,1,3,0.333,0,0,,0,0,,0,6,6,2,1,0,1,4,2,-2,14.2,1,2015-16
22015,203498,Shabazz Muhammad,1610612750,MIN,Minnesota Timberwolves,0021500543,2016-01-08,MIN vs. CLE,L,26,6,13,0.462,2,3,0.667,8,10,0.8,2,0,2,2,0,0,1,0,22,-10,26.4,1,2015-16
22015,2207,Joe Johnson,1610612751,BKN,Brooklyn Nets,0021500541,2016-01-08,BKN vs. ORL,L,39,5,12,0.417,3,7,0.429,0,0,,0,3,3,3,1,0,2,3,13,-6,22.1,1,2015-16
22015,201572,Brook Lopez,1610612751,BKN,Brooklyn Nets,0021500541,2016-01-08,BKN vs. ORL,L,35,6,15,0.4,0,0,,5,8,0.625,3,5,8,0,1,1,3,0,17,-11,29.6,1,2015-16
22015,203900,Markel Brown,1610612751,BKN,Brooklyn Nets,0021500541,2016-01-08,BKN vs. ORL,L,20,0,4,0.0,0,2,0.0,3,4,0.75,1,2,3,0,0,0,0,2,3,5,6.6,1,2015-16
22015,201167,Arron Afflalo,1610612752,NYK,New York Knicks,0021500546,2016-01-08,NYK @ SAS,L,40,3,8,0.375,2,3,0.667,0,0,,1,3,4,4,0,1,0,2,8,1,21.8,1,2015-16
22015,201577,Robin Lopez,1610612752,NYK,New York Knicks,0021500546,2016-01-08,NYK @ SAS,L,34,6,13,0.462,0,0,,0,0,,0,3,3,3,0,0,0,0,12,-2,20.1,1,2015-16
22015,202699,Tobias Harris,1610612753,ORL,Orlando Magic,0021500541,2016-01-08,ORL @ BKN,W,43,3,15,0.2,1,4,0.25,2,4,0.5,2,10,12,8,0,2,1,3,9,14,40.4,1,2015-16
22015,203932,Aaron Gordon,1610612753,ORL,Orlando Magic,0021500541,2016-01-08,ORL @ BKN,W,23,6,8,0.75,2,3,0.667,0,0,,2,3,5,1,0,0,1,4,14,3,20.5,1,2015-16
22015,1626209,Mario Hezonja,1610612753,ORL,Orlando Magic,0021500541,2016-01-08,ORL @ BKN,W,15,1,2,0.5,1,1,1.0,0,0,,0,1,1,1,0,0,1,3,3,3,4.7,1,2015-16
22015,101133,Ian Mahinmi,1610612754,IND,Indiana Pacers,0021500544,2016-01-08,IND @ NOP,W,25,7,12,0.583,0,0,,3,4,0.75,4,6,10,1,0,4,1,3,17,6,41.5,1,2015-16
22015,101139,CJ Miles,1610612754,IND,Indiana Pacers,0021500544,2016-01-08,IND @ NOP,W,28,6,12,0.5,3,8,0.375,0,0,,0,7,7,0,1,1,0,2,15,-5,29.4,1,2015-16
22015,201155,Rodney Stuckey,1610612754,IND,Indiana Pacers,0021500544,2016-01-08,IND @ NOP,W,28,4,9,0.444,0,2,0.0,0,0,,2,5,7,4,0,0,3,0,8,1,19.4,1,2015-16
22015,202730,Lavoy Allen,1610612754,IND,Indiana Pacers,0021500544,2016-01-08,IND @ NOP,W,20,3,3,1.0,0,0,,1,2,0.5,1,1,2,0,1,0,1,0,7,8,11.4,1,2015-16
22015,203458,Alex Len,1610612756,PHX,Phoenix Suns,0021500547,2016-01-08,PHX vs. MIA,L,13,2,5,0.4,0,0,,1,2,0.5,0,1,1,0,0,1,0,2,5,-3,9.2,1,2015-16
22015,202329,Al-Farouq Aminu,1610612757,POR,Portland Trail Blazers,0021500548,2016-01-08,POR vs. GSW,L,20,3,5,0.6,1,3,0.333,1,2,0.5,1,6,7,0,1,0,0,1,8,-17,19.4,1,2015-16
22015,203086,Meyers Leonard,1610612757,POR,Portland Trail Blazers,0021500548,2016-01-08,POR vs. GSW,L,17,2,4,0.5,1,1,1.0,0,0,,1,3,4,1,1,1,0,4,5,4,17.3,1,2015-16
22015,203468,CJ McCollum,1610612757,POR,Portland Trail Blazers,0021500548,2016-01-08,POR vs. GSW,L,36,7,23,0.304,3,7,0.429,0,0,,0,3,3,3,0,0,1,0,17,-14,24.1,1,2015-16
22015,203486,Mason Plumlee,1610612757,POR,Portland Trail Blazers,0021500548,2016-01-08,POR vs. GSW,L,18,2,8,0.25,0,0,,3,4,0.75,1,4,5,1,0,0,1,2,7,-14,13.5,1,2015-16
22015,2564,Boris Diaw,1610612759,SAS,San Antonio Spurs,0021500546,2016-01-08,SAS vs. NYK,W,18,3,6,0.5,0,0,,2,2,1.0,0,4,4,1,0,0,0,1,8,3,14.3,1,2015-16
22015,200746,LaMarcus Aldridge,1610612759,SAS,San Antonio Spurs,0021500546,2016-01-08,SAS vs. NYK,W,34,8,17,0.471,0,0,,0,0,,4,5,9,2,0,0,2,1,16,-6,27.8,1,2015-16
22015,203613,Jonathon Simmons,1610612759,SAS,San Antonio Spurs,0021500546,2016-01-08,SAS vs. NYK,W,9,1,2,0.5,0,0,,0,1,0.0,0,1,1,0,0,0,0,0,2,-8,3.2,1,2015-16
22015,201142,Kevin Durant,1610612760,OKC,Oklahoma City Thunder,0021500549,2016-01-08,OKC @ LAL,W,40,10,15,0.667,2,4,0.5,2,2,1.0,0,7,7,2,2,1,2,0,24,4,42.4,1,2015-16
22015,203079,Dion Waiters,1610612760,OKC,Oklahoma City Thunder,0021500549,2016-01-08,OKC @ LAL,W,21,1,7,0.143,0,1,0.0,0,0,,0,2,2,3,2,1,2,0,2,1,15.9,1,2015-16
22015,2449,Luis Scola,1610612761,TOR,Toronto Raptors,0021500540,2016-01-08,TOR @ WAS,W,20,4,10,0.4,0,1,0.0,3,3,1.0,2,3,5,0,0,0,1,3,11,7,16.0,1,2015-16
22015,202709,Cory Joseph,1610612761,TOR,Toronto Raptors,0021500540,2016-01-08,TOR @ WAS,W,24,3,6,0.5,0,1,0.0,2,2,1.0,0,4,4,2,1,1,3,3,8,7,18.8,1,2015-16
22015,1713,Vince Carter,1610612763,MEM,Memphis Grizzlies,0021500542,2016-01-08,MEM vs. DEN,W,9,0,2,0.0,0,1,0.0,0,0,,0,0,0,0,1,0,0,0,0,5,3.0,1,2015-16
22015,201145,Jeff Green,1610612763,MEM,Memphis Grizzlies,0021500542,2016-01-08,MEM vs. DEN,W,35,4,13,0.308,3,6,0.5,5,8,0.625,2,7,9,2,1,0,1,5,16,4,31.8,1,2015-16
22015,101162,Marcin Gortat,1610612764,WAS,Washington Wizards,0021500540,2016-01-08,WAS vs. TOR,L,35,5,11,0.455,0,0,,2,2,1.0,2,8,10,3,0,3,2,2,12,1,35.5,1,2015-16
22015,201196,Ramon Sessions,1610612764,WAS,Washington Wizards,0021500540,2016-01-08,WAS vs. TOR,L,22,5,11,0.455,1,3,0.333,3,3,1.0,1,3,4,1,0,1,3,2,14,-7,20.3,1,2015-16
22015,200826,J.J. Barea,1610612742,DAL,Dallas Mavericks,0021500545,2016-01-08,DAL @ MIL,L,19,3,7,0.429,2,5,0.4,0,0,,2,0,2,5,1,0,2,1,8,-3,18.9,1,2015-16
22015,2034,Mike Miller,1610612743,DEN,Denver Nuggets,0021500542,2016-01-08,DEN @ MEM,L,13,0,1,0.0,0,1,0.0,0,0,,0,0,0,2,0,0,0,2,0,-6,3.0,1,2015-16
22015,201581,JJ Hickson,1610612743,DEN,Denver Nuggets,0021500542,2016-01-08,DEN @ MEM,L,11,1,5,0.2,0,0,,1,2,0.5,2,3,5,0,0,0,1,2,3,-11,8.0,1,2015-16
22015,202355,Hassan Whiteside,1610612748,MIA,Miami Heat,0021500547,2016-01-08,MIA @ PHX,W,19,2,8,0.25,0,0,,1,2,0.5,2,7,9,0,0,0,1,2,5,-9,14.8,1,2015-16
22015,1626173,Rashad Vaughn,1610612749,MIL,Milwaukee Bucks,0021500545,2016-01-08,MIL vs. DAL,W,14,1,6,0.167,1,2,0.5,0,0,,1,0,1,0,0,0,0,3,3,2,4.2,1,2015-16
22015,203952,Andrew Wiggins,1610612750,MIN,Minnesota Timberwolves,0021500543,2016-01-08,MIN vs. CLE,L,39,12,19,0.632,3,7,0.429,8,12,0.667,1,1,2,3,1,1,3,1,35,-28,44.9,1,2015-16
22015,1626157,Karl-Anthony Towns,1610612750,MIN,Minnesota Timberwolves,0021500543,2016-01-08,MIN vs. CLE,L,35,11,14,0.786,0,0,,0,0,,2,4,6,3,0,0,2,3,22,-22,31.7,1,2015-16
22015,201961,Wayne Ellington,1610612751,BKN,Brooklyn Nets,0021500541,2016-01-08,BKN vs. ORL,L,17,3,7,0.429,2,4,0.5,0,0,,1,2,3,1,0,0,0,0,8,-9,13.1,1,2015-16
22015,204038,Langston Galloway,1610612752,NYK,New York Knicks,0021500546,2016-01-08,NYK @ SAS,L,22,5,9,0.556,0,1,0.0,1,1,1.0,1,4,5,2,0,0,0,3,11,5,20.0,1,2015-16
22015,201941,Jordan Hill,1610612754,IND,Indiana Pacers,0021500544,2016-01-08,IND @ NOP,W,13,2,3,0.667,0,0,,0,0,,3,2,5,0,0,0,4,1,4,9,6.0,1,2015-16
22015,2199,Tyson Chandler,1610612756,PHX,Phoenix Suns,0021500547,2016-01-08,PHX vs. MIA,L,26,4,7,0.571,0,0,,0,0,,2,4,6,1,1,1,0,1,8,-6,22.7,1,2015-16
22015,202693,Markieff Morris,1610612756,PHX,Phoenix Suns,0021500547,2016-01-08,PHX vs. MIA,L,6,1,3,0.333,0,0,,0,0,,1,0,1,0,0,0,1,3,2,-3,2.2,1,2015-16
22015,201945,Gerald Henderson,1610612757,POR,Portland Trail Blazers,0021500548,2016-01-08,POR vs. GSW,L,16,0,3,0.0,0,0,,1,2,0.5,0,5,5,1,1,0,0,2,1,-10,11.5,1,2015-16
22015,203460,Andre Roberson,1610612760,OKC,Oklahoma City Thunder,0021500549,2016-01-08,OKC @ LAL,W,16,3,3,1.0,0,0,,1,2,0.5,3,1,4,0,1,0,0,5,7,10,14.8,1,2015-16
22015,202335,Patrick Patterson,1610612761,TOR,Toronto Raptors,0021500540,2016-01-08,TOR @ WAS,W,28,0,2,0.0,0,0,,0,0,,0,0,0,1,0,0,1,3,0,2,0.5,1,2015-16
22015,2754,Tony Allen,1610612763,MEM,Memphis Grizzlies,0021500542,2016-01-08,MEM vs. DEN,W,38,4,5,0.8,0,0,,2,3,0.667,2,7,9,1,3,1,0,4,10,10,34.3,1,2015-16
22015,203516,James Ennis III,1610612763,MEM,Memphis Grizzlies,0021500542,2016-01-08,MEM vs. DEN,W,0,0,0,,0,0,,0,0,,0,0,0,0,0,0,0,0,0,0,0.0,1,2015-16
22015,203200,Justin Holiday,1610612737,ATL,Atlanta Hawks,0021500551,2016-01-09,ATL vs. CHI,W,12,0,1,0.0,0,0,,0,2,0.0,0,2,2,0,3,0,1,3,0,-3,10.4,1,2015-16
22015,2200,Pau Gasol,1610612741,CHI,Chicago Bulls,0021500551,2016-01-09,CHI @ ATL,L,32,4,10,0.4,0,0,,2,3,0.667,1,6,7,5,0,1,4,0,10,-5,24.9,1,2015-16
22015,202703,Nikola Mirotic,1610612741,CHI,Chicago Bulls,0021500551,2016-01-09,CHI @ ATL,L,38,8,17,0.471,5,9,0.556,3,4,0.75,2,8,10,1,1,2,1,4,24,-16,45.5,1,2015-16
22015,2037,Jamal Crawford,1610612746,LAC,LA Clippers,0021500550,2016-01-09,LAC vs. CHA,W,31,9,20,0.45,1,7,0.143,0,0,,0,1,1,2,0,0,3,1,19,0,20.2,1,2015-16
22015,201601,Luc Mbah a Moute,1610612746,LAC,LA Clippers,0021500550,2016-01-09,LAC vs. CHA,W,18,1,2,0.5,0,0,,2,2,1.0,1,3,4,0,1,1,0,1,4,24,14.8,1,2015-16
22015,203085,Austin Rivers,1610612746,LAC,LA Clippers,0021500550,2016-01-09,LAC vs. CHA,W,24,2,7,0.286,0,1,0.0,2,2,1.0,0,1,1,2,1,0,0,2,6,-11,13.2,1,2015-16
22015,203143,Pablo Prigioni,1610612746,LAC,LA Clippers,0021500550,2016-01-09,LAC vs. CHA,W,17,0,0,,0,0,,0,0,,1,2,3,4,0,0,0,3,0,-7,9.6,1,2015-16
22015,2547,Chris Bosh,1610612748,MIA,Miami Heat,0021500555,2016-01-09,MIA @ UTA,L,35,11,16,0.688,2,6,0.333,0,1,0.0,2,5,7,2,1,0,1,2,24,-15,37.4,1,2015-16
22015,2757,Beno Udrih,1610612748,MIA,Miami Heat,0021500555,2016-01-09,MIA @ UTA,L,20,2,6,0.333,1,2,0.5,0,0,,0,4,4,4,1,0,2,1,5,-9,16.8,1,2015-16
22015,101123,Gerald Green,1610612748,MIA,Miami Heat,0021500555,2016-01-09,MIA @ UTA,L,34,6,13,0.462,1,6,0.167,0,0,,2,4,6,1,2,1,2,5,13,-13,28.7,1,2015-16
22015,201572,Brook Lopez,1610612751,BKN,Brooklyn Nets,0021500553,2016-01-09,BKN @ DET,L,30,8,11,0.727,0,0,,3,3,1.0,1,6,7,1,0,3,3,4,19,-3,34.9,1,2015-16
22015,203508,Sergey Karasev,1610612751,BKN,Brooklyn Nets,0021500553,2016-01-09,BKN @ DET,L,5,0,0,,0,0,,0,0,,0,0,0,0,0,0,1,0,0,-2,-1.0,1,2015-16
22015,202699,Tobias Harris,1610612753,ORL,Orlando Magic,0021500552,2016-01-09,ORL vs. WAS,L,35,4,9,0.444,0,2,0.0,3,4,0.75,1,3,4,1,2,0,1,1,11,-12,22.3,1,2015-16
22015,203932,Aaron Gordon,1610612753,ORL,Orlando Magic,0021500552,2016-01-09,ORL vs. WAS,L,30,4,7,0.571,1,3,0.333,1,2,0.5,3,7,10,1,2,0,1,0,10,4,28.5,1,2015-16
22015,201171,Carl Landry,1610612755,PHI,Philadelphia 76ers,0021500554,2016-01-09,PHI vs. TOR,L,13,5,6,0.833,1,1,1.0,0,0,,1,2,3,0,0,0,0,2,11,-6,14.6,1,2015-16
22015,200752,Rudy Gay,1610612758,SAC,Sacramento Kings,0021500556,2016-01-09,SAC vs. GSW,L,39,9,16,0.563,2,3,0.667,3,5,0.6,2,7,9,1,2,1,0,0,23,-10,44.3,1,2015-16
22015,2449,Luis Scola,1610612761,TOR,Toronto Raptors,0021500554,2016-01-09,TOR @ PHI,W,18,1,5,0.2,0,1,0.0,0,0,,0,2,2,0,1,1,2,2,2,3,8.4,1,2015-16
22015,203187,Chris Johnson,1610612762,UTA,Utah Jazz,0021500555,2016-01-09,UTA vs. MIA,W,31,6,9,0.667,2,3,0.667,0,0,,0,4,4,3,2,2,2,5,14,22,33.3,1,2015-16
22015,203481,Jeff Withey,1610612762,UTA,Utah Jazz,0021500555,2016-01-09,UTA vs. MIA,W,20,4,5,0.8,0,0,,0,0,,1,2,3,1,0,1,1,1,8,5,15.1,1,2015-16
22015,1626168,Trey Lyles,1610612762,UTA,Utah Jazz,0021500555,2016-01-09,UTA vs. MIA,W,32,1,5,0.2,1,2,0.5,0,0,,0,10,10,0,3,0,1,1,3,17,23.0,1,2015-16
22015,2400,Drew Gooden,1610612764,WAS,Washington Wizards,0021500552,2016-01-09,WAS @ ORL,W,15,2,5,0.4,1,3,0.333,0,0,,0,1,1,1,0,1,1,1,5,-5,9.7,1,2015-16
22015,201196,Ramon Sessions,1610612764,WAS,Washington Wizards,0021500552,2016-01-09,WAS @ ORL,W,13,1,4,0.25,0,0,,3,3,1.0,0,0,0,4,0,0,1,1,5,1,10.0,1,2015-16
22015,1626162,Kelly Oubre Jr.,1610612764,WAS,Washington Wizards,0021500552,2016-01-09,WAS @ ORL,W,15,0,0,,0,0,,0,0,,0,1,1,0,1,0,1,3,0,-1,3.2,1,2015-16
22015,201943,Brandon Jennings,1610612765,DET,Detroit Pistons,0021500553,2016-01-09,DET vs. BKN,W,15,0,3,0.0,0,2,0.0,0,0,,0,1,1,5,0,0,0,1,0,5,8.7,1,2015-16
22015,1626199,Darrun Hilliard,1610612765,DET,Detroit Pistons,0021500553,2016-01-09,DET vs. BKN,W,20,3,5,0.6,1,2,0.5,1,1,1.0,0,4,4,1,0,0,1,2,8,16,13.3,1,2015-16
22015,203946,Cameron Bairstow,1610612741,CHI,Chicago Bulls,0021500551,2016-01-09,CHI @ ATL,L,3,1,1,1.0,0,0,,0,0,,0,1,1,0,1,0,0,0,2,2,6.2,1,2015-16
22015,202691,Klay Thompson,1610612744,GSW,Golden State Warriors,0021500556,2016-01-09,GSW @ SAC,W,35,7,17,0.412,1,7,0.143,0,0,,0,4,4,6,0,1,2,1,15,17,29.8,1,2015-16
22015,203084,Harrison Barnes,1610612744,GSW,Golden State Warriors,0021500556,2016-01-09,GSW @ SAC,W,24,4,7,0.571,1,1,1.0,1,1,1.0,1,3,4,1,0,0,2,2,10,12,14.3,1,2015-16
22015,202325,Wesley Johnson,1610612746,LAC,LA Clippers,0021500550,2016-01-09,LAC vs. CHA,W,23,1,7,0.143,1,5,0.2,0,0,,1,3,4,0,1,1,0,4,3,-4,13.8,1,2015-16
22015,2405,Amar'e Stoudemire,1610612748,MIA,Miami Heat,0021500555,2016-01-09,MIA @ UTA,L,6,0,1,0.0,0,0,,2,2,1.0,1,1,2,0,0,0,0,0,2,-4,4.4,1,2015-16
22015,200745,Andrea Bargnani,1610612751,BKN,Brooklyn Nets,0021500553,2016-01-09,BKN @ DET,L,6,1,4,0.25,0,0,,0,0,,0,1,1,0,0,0,0,1,2,-2,3.2,1,2015-16
22015,202711,Bojan Bogdanovic,1610612751,BKN,Brooklyn Nets,0021500553,2016-01-09,BKN @ DET,L,24,0,5,0.0,0,1,0.0,0,0,,0,2,2,3,0,0,1,2,0,-18,5.9,1,2015-16
22015,203080,Thomas Robinson,1610612751,BKN,Brooklyn Nets,0021500553,2016-01-09,BKN @ DET,L,12,4,6,0.667,0,0,,0,0,,1,2,3,0,0,0,1,1,8,-9,10.6,1,2015-16
22015,203186,Willie Reed,1610612751,BKN,Brooklyn Nets,0021500553,2016-01-09,BKN @ DET,L,18,3,5,0.6,0,0,,0,0,,0,5,5,0,2,0,0,2,6,-11,18.0,1,2015-16
22015,203506,Victor Oladipo,1610612753,ORL,Orlando Magic,0021500552,2016-01-09,ORL vs. WAS,L,39,5,12,0.417,2,4,0.5,5,6,0.833,1,2,3,5,1,1,6,2,17,-7,28.1,1,2015-16
22015,203917,Nik Stauskas,1610612755,PHI,Philadelphia 76ers,0021500554,2016-01-09,PHI vs. TOR,L,24,1,4,0.25,1,3,0.333,0,0,,1,4,5,2,0,1,3,3,3,-5,12.0,1,2015-16
22015,1626143,Jahlil Okafor,1610612755,PHI,Philadelphia 76ers,0021500554,2016-01-09,PHI vs. TOR,L,34,9,15,0.6,0,0,,1,2,0.5,4,2,6,4,2,1,0,3,19,10,41.2,1,2015-16
22015,200768,Kyle Lowry,1610612761,TOR,Toronto Raptors,0021500554,2016-01-09,TOR @ PHI,W,39,10,17,0.588,1,4,0.25,4,5,0.8,2,4,6,5,2,0,3,3,25,20,42.7,1,2015-16
22015,202685,Jonas Valančiūnas,1610612761,TOR,Toronto Raptors,0021500554,2016-01-09,TOR @ PHI,W,29,7,10,0.7,0,0,,3,5,0.6,3,6,9,2,1,2,1,3,17,16,38.8,1,2015-16
22015,202687,Bismack Biyombo,1610612761,TOR,Toronto Raptors,0021500554,2016-01-09,TOR @ PHI,W,18,1,1,1.0,0,0,,0,0,,1,3,4,0,0,2,0,1,2,0,12.8,1,2015-16
22015,202709,Cory Joseph,1610612761,TOR,Toronto Raptors,0021500554,2016-01-09,TOR @ PHI,W,31,1,4,0.25,0,1,0.0,7,8,0.875,0,5,5,4,1,1,2,0,9,19,25.0,1,2015-16
22015,1626153,Delon Wright,1610612761,TOR,Toronto Raptors,0021500554,2016-01-09,TOR @ PHI,W,1,0,0,,0,0,,0,0,,0,0,0,1,0,0,0,0,0,-1,1.5,1,2015-16
22015,202330,Gordon Hayward,1610612762,UTA,Utah Jazz,0021500555,2016-01-09,UTA vs. MIA,W,37,14,22,0.636,2,6,0.333,4,10,0.4,1,3,4,1,0,0,8,2,34,7,32.3,1,2015-16
22015,204060,Joe Ingles,1610612762,UTA,Utah Jazz,0021500555,2016-01-09,UTA vs. MIA,W,24,2,7,0.286,2,4,0.5,0,0,,0,4,4,1,1,0,0,1,6,4,15.3,1,2015-16
22015,202322,John Wall,1610612764,WAS,Washington Wizards,0021500552,2016-01-09,WAS @ ORL,W,35,10,17,0.588,3,6,0.5,1,1,1.0,0,5,5,10,4,0,7,2,24,7,50.0,1,2015-16
22015,1626163,Frank Kaminsky,1610612766,CHA,Charlotte Hornets,0021500550,2016-01-09,CHA @ LAC,L,18,1,6,0.167,0,1,0.0,2,2,1.0,1,4,5,2,0,0,2,1,4,6,11.0,1,2015-16
22015,201143,Al Horford,1610612737,ATL,Atlanta Hawks,0021500551,2016-01-09,ATL vs. CHI,W,36,15,21,0.714,1,3,0.333,2,2,1.0,3,7,10,6,1,4,0,2,33,22,69.0,1,2015-16
22015,202714,Shelvin Mack,1610612737,ATL,Atlanta Hawks,0021500551,2016-01-09,ATL vs. CHI,W,3,0,2,0.0,0,1,0.0,0,0,,0,0,0,0,0,0,1,0,0,-2,-1.0,1,2015-16
22015,203118,Mike Scott,1610612737,ATL,Atlanta Hawks,0021500551,2016-01-09,ATL vs. CHI,W,18,6,7,0.857,2,3,0.667,0,0,,1,2,3,3,1,1,1,2,14,12,27.1,1,2015-16
22015,203501,Tim Hardaway Jr.,1610612737,ATL,Atlanta Hawks,0021500551,2016-01-09,ATL vs. CHI,W,16,1,4,0.25,0,2,0.0,0,0,,0,1,1,1,2,0,1,1,2,12,9.7,1,2015-16
22015,203926,Doug McDermott,1610612741,CHI,Chicago Bulls,0021500551,2016-01-09,CHI @ ATL,L,24,3,5,0.6,0,1,0.0,0,0,,0,4,4,0,0,0,1,2,6,-11,9.8,1,2015-16
22015,2733,Shaun Livingston,1610612744,GSW,Golden State Warriors,0021500556,2016-01-09,GSW @ SAC,W,16,3,3,1.0,0,0,,0,0,,0,3,3,4,0,1,1,2,6,-3,17.6,1,2015-16
22015,201575,Brandon Rush,1610612744,GSW,Golden State Warriors,0021500556,2016-01-09,GSW @ SAC,W,19,4,6,0.667,3,5,0.6,0,0,,0,2,2,1,1,1,1,1,11,11,19.9,1,2015-16
22015,101108,Chris Paul,1610612746,LAC,LA Clippers,0021500550,2016-01-09,LAC vs. CHA,W,31,11,19,0.579,3,5,0.6,0,0,,1,6,7,7,2,1,5,4,25,21,47.9,1,2015-16
22015,200755,JJ Redick,1610612746,LAC,LA Clippers,0021500550,2016-01-09,LAC vs. CHA,W,29,6,10,0.6,3,5,0.6,2,2,1.0,0,2,2,2,0,0,1,1,17,22,21.4,1,2015-16
22015,201599,DeAndre Jordan,1610612746,LAC,LA Clippers,0021500550,2016-01-09,LAC vs. CHA,W,35,4,10,0.4,0,0,,3,4,0.75,7,12,19,2,0,4,0,2,11,21,48.8,1,2015-16
22015,2736,Luol Deng,1610612748,MIA,Miami Heat,0021500555,2016-01-09,MIA @ UTA,L,33,2,6,0.333,0,1,0.0,1,1,1.0,2,1,3,3,0,1,1,1,5,-6,15.1,1,2015-16
22015,201609,Goran Dragic,1610612748,MIA,Miami Heat,0021500555,2016-01-09,MIA @ UTA,L,28,6,11,0.545,2,3,0.667,2,2,1.0,0,1,1,0,1,1,4,4,16,-6,19.2,1,2015-16
22015,101112,Channing Frye,1610612753,ORL,Orlando Magic,0021500552,2016-01-09,ORL vs. WAS,L,18,5,6,0.833,1,1,1.0,1,2,0.5,1,3,4,0,0,0,1,1,12,-10,15.8,1,2015-16
22015,201160,Jason Smith,1610612753,ORL,Orlando Magic,0021500552,2016-01-09,ORL vs. WAS,L,13,3,7,0.429,0,0,,2,2,1.0,0,1,1,0,2,0,0,1,8,-1,15.2,1,2015-16
22015,202696,Nikola Vučević,1610612753,ORL,Orlando Magic,0021500552,2016-01-09,ORL vs. WAS,L,35,10,17,0.588,0,0,,3,4,0.75,3,6,9,5,1,0,2,3,23,-9,42.3,1,2015-16
22015,203095,Evan Fournier,1610612753,ORL,Orlando Magic,0021500552,2016-01-09,ORL vs. WAS,L,37,5,10,0.5,1,2,0.5,0,0,,0,1,1,4,0,0,2,1,11,-6,16.2,1,2015-16
22015,202397,Ish Smith,1610612755,PHI,Philadelphia 76ers,0021500554,2016-01-09,PHI vs. TOR,L,33,12,22,0.545,2,2,1.0,2,4,0.5,1,4,5,4,3,0,1,1,28,-13,48.0,1,2015-16
22015,201158,Marco Belinelli,1610612758,SAC,Sacramento Kings,0021500556,2016-01-09,SAC vs. GSW,L,32,5,14,0.357,3,7,0.429,0,0,,0,3,3,1,0,0,0,3,13,-7,18.1,1,2015-16
22015,202326,DeMarcus Cousins,1610612758,SAC,Sacramento Kings,0021500556,2016-01-09,SAC vs. GSW,L,30,12,27,0.444,2,6,0.333,7,9,0.778,1,9,10,1,3,0,2,4,33,-3,53.5,1,2015-16
22015,1626161,Willie Cauley-Stein,1610612758,SAC,Sacramento Kings,0021500556,2016-01-09,SAC vs. GSW,L,9,4,6,0.667,0,0,,2,4,0.5,1,0,1,0,0,0,0,2,10,-4,11.2,1,2015-16
22015,202335,Patrick Patterson,1610612761,TOR,Toronto Raptors,0021500554,2016-01-09,TOR @ PHI,W,30,3,5,0.6,3,4,0.75,2,2,1.0,0,2,2,2,0,1,1,2,11,7,18.4,1,2015-16
22015,203082,Terrence Ross,1610612761,TOR,Toronto Raptors,0021500554,2016-01-09,TOR @ PHI,W,24,6,10,0.6,1,4,0.25,3,4,0.75,0,2,2,0,1,0,1,2,16,7,20.4,1,2015-16
22015,101162,Marcin Gortat,1610612764,WAS,Washington Wizards,0021500552,2016-01-09,WAS @ ORL,W,33,5,9,0.556,0,0,,2,4,0.5,2,8,10,1,1,1,1,3,12,11,30.5,1,2015-16
22015,202390,Gary Neal,1610612764,WAS,Washington Wizards,0021500552,2016-01-09,WAS @ ORL,W,22,7,13,0.538,2,2,1.0,0,0,,0,1,1,3,0,1,1,2,16,-2,23.7,1,2015-16
22015,201229,Anthony Tolliver,1610612765,DET,Detroit Pistons,0021500553,2016-01-09,DET vs. BKN,W,19,3,6,0.5,2,5,0.4,2,3,0.667,0,3,3,2,1,1,0,0,10,10,22.6,1,2015-16
22015,202704,Reggie Jackson,1610612765,DET,Detroit Pistons,0021500553,2016-01-09,DET vs. BKN,W,33,10,17,0.588,3,4,0.75,0,0,,0,3,3,8,0,0,2,3,23,9,36.6,1,2015-16
22015,101107,Marvin Williams,1610612766,CHA,Charlotte Hornets,0021500550,2016-01-09,CHA @ LAC,L,30,3,12,0.25,1,7,0.143,0,0,,2,1,3,1,0,1,0,1,7,-20,15.1,1,2015-16
22015,201952,Jeff Teague,1610612737,ATL,Atlanta Hawks,0021500551,2016-01-09,ATL vs. CHI,W,25,5,9,0.556,1,1,1.0,1,2,0.5,1,1,2,6,1,0,3,0,12,1,23.4,1,2015-16
22015,203471,Dennis Schröder,1610612737,ATL,Atlanta Hawks,0021500551,2016-01-09,ATL vs. CHI,W,21,5,11,0.455,2,3,0.667,1,1,1.0,0,5,5,8,2,1,2,2,13,18,38.0,1,2015-16
22015,203488,Mike Muscala,1610612737,ATL,Atlanta Hawks,0021500551,2016-01-09,ATL vs. CHI,W,3,0,0,,0,0,,2,2,1.0,0,1,1,0,0,0,0,0,2,-2,3.2,1,2015-16
22015,202734,E'Twaun Moore,1610612741,CHI,Chicago Bulls,0021500551,2016-01-09,CHI @ ATL,L,8,0,2,0.0,0,0,,2,2,1.0,0,0,0,0,0,0,0,0,2,1,2.0,1,2015-16
22015,201939,Stephen Curry,1610612744,GSW,Golden State Warriors,0021500556,2016-01-09,GSW @ SAC,W,38,12,21,0.571,8,14,0.571,6,7,0.857,1,5,6,11,1,1,4,3,38,16,63.7,1,2015-16
22015,203105,Festus Ezeli,1610612744,GSW,Golden State Warriors,0021500556,2016-01-09,GSW @ SAC,W,16,4,5,0.8,0,0,,0,0,,1,5,6,1,1,1,0,4,8,10,22.7,1,2015-16
22015,1718,Paul Pierce,1610612746,LAC,LA Clippers,0021500550,2016-01-09,LAC vs. CHA,W,19,2,10,0.2,0,8,0.0,0,0,,0,2,2,0,1,2,0,1,4,11,15.4,1,2015-16
22015,202355,Hassan Whiteside,1610612748,MIA,Miami Heat,0021500555,2016-01-09,MIA @ UTA,L,31,4,8,0.5,0,0,,2,6,0.333,5,6,11,0,1,4,1,3,10,-5,37.2,1,2015-16
22015,1626159,Justise Winslow,1610612748,MIA,Miami Heat,0021500555,2016-01-09,MIA @ UTA,L,20,0,4,0.0,0,1,0.0,0,0,,0,0,0,0,0,1,2,0,0,-3,1.0,1,2015-16
22015,201961,Wayne Ellington,1610612751,BKN,Brooklyn Nets,0021500553,2016-01-09,BKN @ DET,L,21,1,7,0.143,1,2,0.5,0,1,0.0,0,1,1,1,1,0,0,2,3,-5,8.7,1,2015-16
22015,203473,Dewayne Dedmon,1610612753,ORL,Orlando Magic,0021500552,2016-01-09,ORL vs. WAS,L,1,0,0,,0,0,,0,0,,0,0,0,1,0,0,0,0,0,4,1.5,1,2015-16
22015,203894,Shabazz Napier,1610612753,ORL,Orlando Magic,0021500552,2016-01-09,ORL vs. WAS,L,9,0,3,0.0,0,2,0.0,0,0,,0,1,1,2,0,0,1,1,0,1,3.2,1,2015-16
22015,1626209,Mario Hezonja,1610612753,ORL,Orlando Magic,0021500552,2016-01-09,ORL vs. WAS,L,22,2,3,0.667,0,0,,3,4,0.75,2,1,3,3,1,1,1,1,7,2,20.1,1,2015-16
22015,203138,Hollis Thompson,1610612755,PHI,Philadelphia 76ers,0021500554,2016-01-09,PHI vs. TOR,L,31,3,9,0.333,2,4,0.5,0,0,,0,2,2,1,0,0,0,4,8,-22,11.9,1,2015-16
22015,203477,Isaiah Canaan,1610612755,PHI,Philadelphia 76ers,0021500554,2016-01-09,PHI vs. TOR,L,10,2,3,0.667,2,2,1.0,0,0,,0,0,0,1,0,0,2,2,6,-11,5.5,1,2015-16
22015,203496,Robert Covington,1610612755,PHI,Philadelphia 76ers,0021500554,2016-01-09,PHI vs. TOR,L,9,2,5,0.4,2,3,0.667,0,0,,0,0,0,0,0,0,0,0,6,-6,6.0,1,2015-16
22015,203960,JaKarr Sampson,1610612755,PHI,Philadelphia 76ers,0021500554,2016-01-09,PHI vs. TOR,L,17,1,3,0.333,0,0,,0,2,0.0,0,1,1,1,0,0,1,2,2,3,3.7,1,2015-16
22015,204456,T.J. McConnell,1610612755,PHI,Philadelphia 76ers,0021500554,2016-01-09,PHI vs. TOR,L,15,2,6,0.333,1,1,1.0,0,0,,0,1,1,8,2,0,0,1,5,0,24.2,1,2015-16
22015,201585,Kosta Koufos,1610612758,SAC,Sacramento Kings,0021500556,2016-01-09,SAC vs. GSW,L,12,1,3,0.333,0,0,,0,0,,1,0,1,1,1,2,1,1,2,-5,12.7,1,2015-16
22015,203112,Quincy Acy,1610612758,SAC,Sacramento Kings,0021500556,2016-01-09,SAC vs. GSW,L,22,3,4,0.75,0,0,,3,3,1.0,1,2,3,0,0,0,0,3,9,-8,12.6,1,2015-16
22015,203463,Ben McLemore,1610612758,SAC,Sacramento Kings,0021500556,2016-01-09,SAC vs. GSW,L,27,2,4,0.5,0,2,0.0,2,3,0.667,0,2,2,4,1,0,2,3,6,-6,15.4,1,2015-16
22015,201942,DeMar DeRozan,1610612761,TOR,Toronto Raptors,0021500554,2016-01-09,TOR @ PHI,W,37,9,17,0.529,0,2,0.0,1,2,0.5,0,7,7,5,0,0,2,0,19,6,32.9,1,2015-16
22015,1626181,Norman Powell,1610612761,TOR,Toronto Raptors,0021500554,2016-01-09,TOR @ PHI,W,2,1,1,1.0,0,0,,0,0,,0,0,0,0,0,0,0,0,2,-4,2.0,1,2015-16
22015,203526,Raul Neto,1610612762,UTA,Utah Jazz,0021500555,2016-01-09,UTA vs. MIA,W,33,5,10,0.5,1,3,0.333,2,2,1.0,0,2,2,5,3,0,2,2,13,14,29.9,1,2015-16
22015,201162,Jared Dudley,1610612764,WAS,Washington Wizards,0021500552,2016-01-09,WAS @ ORL,W,38,6,11,0.545,4,6,0.667,0,0,,1,2,3,4,0,0,0,5,16,1,25.6,1,2015-16
22015,203490,Otto Porter Jr.,1610612764,WAS,Washington Wizards,0021500552,2016-01-09,WAS @ ORL,W,35,6,9,0.667,2,4,0.5,2,2,1.0,1,1,2,2,4,0,1,3,16,5,32.4,1,2015-16
22015,101141,Ersan Ilyasova,1610612765,DET,Detroit Pistons,0021500553,2016-01-09,DET vs. BKN,W,29,8,18,0.444,2,5,0.4,1,3,0.333,5,8,13,1,1,1,1,2,19,4,41.1,1,2015-16
22015,203083,Andre Drummond,1610612765,DET,Detroit Pistons,0021500553,2016-01-09,DET vs. BKN,W,33,11,15,0.733,0,0,,1,3,0.333,2,9,11,0,3,2,1,3,23,7,50.2,1,2015-16
22015,202689,Kemba Walker,1610612766,CHA,Charlotte Hornets,0021500550,2016-01-09,CHA @ LAC,L,38,4,16,0.25,0,4,0.0,3,5,0.6,1,1,2,3,0,0,4,3,11,-19,13.9,1,2015-16
22015,203148,Brian Roberts,1610612766,CHA,Charlotte Hornets,0021500550,2016-01-09,CHA @ LAC,L,10,1,4,0.25,0,0,,0,0,,0,0,0,3,1,0,3,0,2,5,6.5,1,2015-16
22015,203469,Cody Zeller,1610612766,CHA,Charlotte Hornets,0021500550,2016-01-09,CHA @ LAC,L,33,2,7,0.286,0,0,,2,4,0.5,3,10,13,0,0,1,2,4,6,-19,22.6,1,2015-16
22015,200794,Paul Millsap,1610612737,ATL,Atlanta Hawks,0021500551,2016-01-09,ATL vs. CHI,W,32,8,16,0.5,0,2,0.0,2,2,1.0,1,7,8,3,2,6,2,3,18,4,54.1,1,2015-16
22015,201168,Tiago Splitter,1610612737,ATL,Atlanta Hawks,0021500551,2016-01-09,ATL vs. CHI,W,15,1,6,0.167,0,1,0.0,2,2,1.0,1,1,2,2,1,0,0,2,4,-8,12.4,1,2015-16
22015,201565,Derrick Rose,1610612741,CHI,Chicago Bulls,0021500551,2016-01-09,CHI @ ATL,L,35,5,15,0.333,0,0,,7,8,0.875,2,1,3,5,2,1,6,1,17,-9,31.1,1,2015-16
22015,201959,Taj Gibson,1610612741,CHI,Chicago Bulls,0021500551,2016-01-09,CHI @ ATL,L,26,4,5,0.8,0,0,,2,2,1.0,1,3,4,0,0,0,2,1,10,-16,12.8,1,2015-16
22015,202710,Jimmy Butler III,1610612741,CHI,Chicago Bulls,0021500551,2016-01-09,CHI @ ATL,L,39,8,17,0.471,1,3,0.333,10,12,0.833,4,4,8,2,1,1,3,4,27,-9,42.6,1,2015-16
22015,203503,Tony Snell,1610612741,CHI,Chicago Bulls,0021500551,2016-01-09,CHI @ ATL,L,19,3,6,0.5,1,3,0.333,0,0,,0,2,2,2,1,0,1,1,7,-1,14.4,1,2015-16
22015,1626171,Bobby Portis,1610612741,CHI,Chicago Bulls,0021500551,2016-01-09,CHI @ ATL,L,9,0,3,0.0,0,1,0.0,0,0,,2,4,6,0,1,1,2,0,0,-4,11.2,1,2015-16
22015,2738,Andre Iguodala,1610612744,GSW,Golden State Warriors,0021500556,2016-01-09,GSW @ SAC,W,28,6,10,0.6,1,4,0.25,0,1,0.0,0,2,2,4,0,1,2,3,13,6,22.4,1,2015-16
22015,101106,Andrew Bogut,1610612744,GSW,Golden State Warriors,0021500556,2016-01-09,GSW @ SAC,W,23,1,5,0.2,0,0,,0,0,,6,5,11,3,0,0,0,5,2,-11,19.7,1,2015-16
22015,203110,Draymond Green,1610612744,GSW,Golden State Warriors,0021500556,2016-01-09,GSW @ SAC,W,34,8,12,0.667,5,6,0.833,4,6,0.667,0,9,9,4,2,2,4,3,25,9,49.8,1,2015-16
22015,203546,Ian Clark,1610612744,GSW,Golden State Warriors,0021500556,2016-01-09,GSW @ SAC,W,7,0,1,0.0,0,0,,0,0,,0,1,1,0,0,0,2,1,0,-7,-0.8,1,2015-16
22015,202332,Cole Aldrich,1610612746,LAC,LA Clippers,0021500550,2016-01-09,LAC vs. CHA,W,13,4,6,0.667,0,0,,0,0,,2,2,4,0,0,0,0,0,8,-7,12.8,1,2015-16
22015,2548,Dwyane Wade,1610612748,MIA,Miami Heat,0021500555,2016-01-09,MIA @ UTA,L,33,3,17,0.176,0,0,,2,5,0.4,3,2,5,4,1,0,4,0,8,-14,19.0,1,2015-16
22015,2207,Joe Johnson,1610612751,BKN,Brooklyn Nets,0021500553,2016-01-09,BKN @ DET,L,34,6,10,0.6,2,2,1.0,0,0,,0,4,4,4,0,0,0,0,14,6,24.8,1,2015-16
22015,201152,Thaddeus Young,1610612751,BKN,Brooklyn Nets,0021500553,2016-01-09,BKN @ DET,L,29,6,14,0.429,0,1,0.0,0,0,,3,6,9,0,1,0,4,3,12,-6,21.8,1,2015-16
22015,202388,Donald Sloan,1610612751,BKN,Brooklyn Nets,0021500553,2016-01-09,BKN @ DET,L,24,5,8,0.625,2,3,0.667,3,4,0.75,0,2,2,10,0,0,3,1,15,5,29.4,1,2015-16
22015,203499,Shane Larkin,1610612751,BKN,Brooklyn Nets,0021500553,2016-01-09,BKN @ DET,L,24,3,8,0.375,0,0,,2,2,1.0,0,1,1,3,0,0,1,0,8,-19,12.7,1,2015-16
22015,203900,Markel Brown,1610612751,BKN,Brooklyn Nets,0021500553,2016-01-09,BKN @ DET,L,14,1,4,0.25,0,0,,0,0,,0,3,3,2,1,0,0,1,2,-6,11.6,1,2015-16
22015,203094,Andrew Nicholson,1610612753,ORL,Orlando Magic,0021500552,2016-01-09,ORL vs. WAS,L,2,0,0,,0,0,,0,0,,0,1,1,0,0,0,0,1,0,4,1.2,1,2015-16
22015,203457,Nerlens Noel,1610612755,PHI,Philadelphia 76ers,0021500554,2016-01-09,PHI vs. TOR,L,33,1,4,0.25,0,0,,2,4,0.5,1,7,8,2,2,3,2,3,4,-22,29.6,1,2015-16
22015,203924,Jerami Grant,1610612755,PHI,Philadelphia 76ers,0021500554,2016-01-09,PHI vs. TOR,L,22,1,3,0.333,0,1,0.0,1,2,0.5,1,3,4,3,0,0,4,2,3,7,8.3,1,2015-16
22015,200765,Rajon Rondo,1610612758,SAC,Sacramento Kings,0021500556,2016-01-09,SAC vs. GSW,L,29,2,8,0.25,0,3,0.0,0,0,,1,2,3,12,0,0,4,5,4,-11,21.6,1,2015-16
22015,201954,Darren Collison,1610612758,SAC,Sacramento Kings,0021500556,2016-01-09,SAC vs. GSW,L,31,5,10,0.5,1,2,0.5,5,5,1.0,0,2,2,6,1,0,1,1,16,-3,29.4,1,2015-16
22015,203552,Seth Curry,1610612758,SAC,Sacramento Kings,0021500556,2016-01-09,SAC vs. GSW,L,8,0,0,,0,0,,0,0,,0,0,0,1,0,0,0,0,0,-3,1.5,1,2015-16
22015,201949,James Johnson,1610612761,TOR,Toronto Raptors,0021500554,2016-01-09,TOR @ PHI,W,13,2,5,0.4,0,1,0.0,1,1,1.0,0,0,0,0,1,0,1,3,5,-8,7.0,1,2015-16
22015,203497,Rudy Gobert,1610612762,UTA,Utah Jazz,0021500555,2016-01-09,UTA vs. MIA,W,28,3,3,1.0,0,0,,3,4,0.75,3,2,5,4,1,4,1,2,9,10,35.0,1,2015-16
22015,203504,Trey Burke,1610612762,UTA,Utah Jazz,0021500555,2016-01-09,UTA vs. MIA,W,19,4,8,0.5,1,2,0.5,2,2,1.0,0,1,1,3,0,0,1,1,11,-2,15.7,1,2015-16
22015,203382,Aron Baynes,1610612765,DET,Detroit Pistons,0021500553,2016-01-09,DET vs. BKN,W,15,2,7,0.286,0,0,,3,3,1.0,2,3,5,1,0,0,0,1,7,7,14.5,1,2015-16
22015,203484,Kentavious Caldwell-Pope,1610612765,DET,Detroit Pistons,0021500553,2016-01-09,DET vs. BKN,W,37,2,8,0.25,0,4,0.0,1,1,1.0,2,1,3,4,3,0,3,0,5,3,20.6,1,2015-16
22015,201150,Spencer Hawes,1610612766,CHA,Charlotte Hornets,0021500550,2016-01-09,CHA @ LAC,L,15,2,5,0.4,1,2,0.5,2,2,1.0,1,3,4,1,0,0,1,0,7,5,12.3,1,2015-16
22015,202391,Jeremy Lin,1610612766,CHA,Charlotte Hornets,0021500550,2016-01-09,CHA @ LAC,L,41,9,16,0.563,3,4,0.75,5,6,0.833,0,4,4,4,1,0,2,5,26,-15,37.8,1,2015-16
22015,203798,PJ Hairston,1610612766,CHA,Charlotte Hornets,0021500550,2016-01-09,CHA @ LAC,L,21,1,4,0.25,0,1,0.0,0,0,,0,3,3,0,1,0,0,1,2,-18,8.6,1,2015-16
22015,2594,Kyle Korver,1610612737,ATL,Atlanta Hawks,0021500551,2016-01-09,ATL vs. CHI,W,31,5,8,0.625,3,6,0.5,0,0,,0,2,2,1,0,1,3,3,13,10,16.9,1,2015-16
22015,203145,Kent Bazemore,1610612737,ATL,Atlanta Hawks,0021500551,2016-01-09,ATL vs. CHI,W,27,3,9,0.333,1,2,0.5,2,2,1.0,1,3,4,3,2,0,1,4,9,11,23.3,1,2015-16
22015,201166,Aaron Brooks,1610612741,CHI,Chicago Bulls,0021500551,2016-01-09,CHI @ ATL,L,5,0,2,0.0,0,1,0.0,0,0,,0,1,1,1,0,0,1,0,0,-7,1.7,1,2015-16
22015,202344,Trevor Booker,1610612762,UTA,Utah Jazz,0021500555,2016-01-09,UTA vs. MIA,W,16,0,2,0.0,0,0,,0,0,,0,4,4,1,0,0,0,1,0,-2,6.3,1,2015-16
22015,202066,Garrett Temple,1610612764,WAS,Washington Wizards,0021500552,2016-01-09,WAS @ ORL,W,33,5,8,0.625,1,2,0.5,0,0,,0,4,4,4,0,0,2,4,11,13,19.8,1,2015-16
22015,1626169,Stanley Johnson,1610612765,DET,Detroit Pistons,0021500553,2016-01-09,DET vs. BKN,W,39,4,13,0.308,0,5,0.0,0,0,,0,4,4,1,2,1,1,0,8,9,22.3,1,2015-16
22015,203087,Jeremy Lamb,1610612766,CHA,Charlotte Hornets,0021500550,2016-01-09,CHA @ LAC,L,34,8,14,0.571,2,4,0.5,0,0,,3,10,13,0,1,1,1,1,18,5,38.6,1,2015-16
22015,202738,Isaiah Thomas,1610612738,BOS,Boston Celtics,0021500560,2016-01-10,BOS @ MEM,L,32,11,19,0.579,4,8,0.5,9,9,1.0,0,3,3,8,1,0,2,2,35,2,51.6,1,2015-16
22015,202681,Kyrie Irving,1610612739,CLE,Cleveland Cavaliers,0021500559,2016-01-10,CLE @ PHI,W,31,3,15,0.2,1,6,0.167,1,1,1.0,0,5,5,2,2,1,2,2,8,12,24.0,1,2015-16
22015,202087,Alonzo Gee,1610612740,NOP,New Orleans Pelicans,0021500558,2016-01-10,NOP @ LAC,L,6,0,0,,0,0,,0,0,,0,0,0,0,0,0,0,0,0,-1,0.0,1,2015-16
22015,101109,Raymond Felton,1610612742,DAL,Dallas Mavericks,0021500557,2016-01-10,DAL @ MIN,W,18,2,4,0.5,0,1,0.0,3,4,0.75,0,0,0,2,0,1,0,1,7,-2,13.0,1,2015-16
22015,202718,Chandler Parsons,1610612742,DAL,Dallas Mavericks,0021500557,2016-01-10,DAL @ MIN,W,30,6,7,0.857,1,1,1.0,1,3,0.333,0,5,5,2,0,0,1,2,14,14,22.0,1,2015-16
22015,1626144,Emmanuel Mudiay,1610612743,DEN,Denver Nuggets,0021500563,2016-01-10,DEN vs. CHA,W,39,5,15,0.333,1,3,0.333,0,0,,0,4,4,6,2,1,4,0,11,-2,29.8,1,2015-16
22015,201147,Corey Brewer,1610612745,HOU,Houston Rockets,0021500561,2016-01-10,HOU vs. IND,W,18,4,7,0.571,2,4,0.5,2,2,1.0,0,1,1,1,0,0,2,2,12,13,12.7,1,2015-16
22015,201976,Patrick Beverley,1610612745,HOU,Houston Rockets,0021500561,2016-01-10,HOU vs. IND,W,39,4,11,0.364,4,8,0.5,4,4,1.0,1,4,5,6,2,0,3,3,16,7,34.0,1,2015-16
22015,201977,Marcus Thornton,1610612745,HOU,Houston Rockets,0021500561,2016-01-10,HOU vs. IND,W,23,1,7,0.143,0,2,0.0,0,1,0.0,1,2,3,1,1,0,0,1,2,11,10.1,1,2015-16
22015,2037,Jamal Crawford,1610612746,LAC,LA Clippers,0021500558,2016-01-10,LAC vs. NOP,W,32,8,16,0.5,3,7,0.429,2,2,1.0,0,3,3,2,0,0,3,3,21,14,24.6,1,2015-16
22015,203143,Pablo Prigioni,1610612746,LAC,LA Clippers,0021500558,2016-01-10,LAC vs. NOP,W,13,1,1,1.0,1,1,1.0,0,0,,1,0,1,4,0,0,1,1,3,-6,9.2,1,2015-16
22015,203135,Robert Sacre,1610612747,LAL,Los Angeles Lakers,0021500565,2016-01-10,LAL vs. UTA,L,7,1,2,0.5,0,0,,0,0,,0,0,0,2,0,0,1,0,2,-8,4.0,1,2015-16
22015,203944,Julius Randle,1610612747,LAL,Los Angeles Lakers,0021500565,2016-01-10,LAL vs. UTA,L,27,5,12,0.417,0,1,0.0,1,1,1.0,1,6,7,1,1,0,0,6,11,-13,23.9,1,2015-16
22015,1626148,Anthony Brown,1610612747,LAL,Los Angeles Lakers,0021500565,2016-01-10,LAL vs. UTA,L,28,1,6,0.167,0,2,0.0,2,2,1.0,1,3,4,0,0,0,1,2,4,2,7.8,1,2015-16
22015,203114,Khris Middleton,1610612749,MIL,Milwaukee Bucks,0021500562,2016-01-10,MIL @ NYK,L,38,6,16,0.375,1,3,0.333,7,10,0.7,0,1,1,1,1,0,3,3,20,-16,22.7,1,2015-16
22015,203898,Tyler Ennis,1610612749,MIL,Milwaukee Bucks,0021500562,2016-01-10,MIL @ NYK,L,16,0,5,0.0,0,2,0.0,0,0,,0,0,0,2,0,0,0,1,0,5,3.0,1,2015-16
22015,1626173,Rashad Vaughn,1610612749,MIL,Milwaukee Bucks,0021500562,2016-01-10,MIL @ NYK,L,29,3,6,0.5,2,3,0.667,2,3,0.667,1,1,2,2,1,1,0,0,10,-5,21.4,1,2015-16
22015,1889,Andre Miller,1610612750,MIN,Minnesota Timberwolves,0021500557,2016-01-10,MIN vs. DAL,L,6,1,1,1.0,0,0,,1,1,1.0,0,0,0,2,0,0,1,1,3,-7,5.0,1,2015-16
22015,2419,Tayshaun Prince,1610612750,MIN,Minnesota Timberwolves,0021500557,2016-01-10,MIN vs. DAL,L,20,2,5,0.4,0,0,,0,0,,1,0,1,3,0,0,0,0,4,1,9.7,1,2015-16
22015,201937,Ricky Rubio,1610612750,MIN,Minnesota Timberwolves,0021500557,2016-01-10,MIN vs. DAL,L,34,4,10,0.4,0,2,0.0,4,5,0.8,1,6,7,8,3,0,2,2,12,6,39.4,1,2015-16
22015,201167,Arron Afflalo,1610612752,NYK,New York Knicks,0021500562,2016-01-10,NYK vs. MIL,W,31,5,16,0.313,0,5,0.0,1,1,1.0,0,1,1,3,1,0,0,3,11,15,19.7,1,2015-16
22015,202682,Derrick Williams,1610612752,NYK,New York Knicks,0021500562,2016-01-10,NYK vs. MIL,W,24,4,9,0.444,0,1,0.0,0,0,,0,6,6,1,0,0,1,0,8,0,15.7,1,2015-16
22015,201171,Carl Landry,1610612755,PHI,Philadelphia 76ers,0021500559,2016-01-10,PHI vs. CLE,L,9,1,3,0.333,0,0,,1,2,0.5,0,0,0,0,0,0,1,5,3,-6,2.0,1,2015-16
22015,202397,Ish Smith,1610612755,PHI,Philadelphia 76ers,0021500559,2016-01-10,PHI vs. CLE,L,38,7,21,0.333,1,1,1.0,3,3,1.0,1,6,7,10,1,0,5,0,18,-4,39.4,1,2015-16
22015,203138,Hollis Thompson,1610612755,PHI,Philadelphia 76ers,0021500559,2016-01-10,PHI vs. CLE,L,26,3,4,0.75,2,3,0.667,0,0,,0,3,3,0,0,1,1,1,8,-10,13.6,1,2015-16
22015,203924,Jerami Grant,1610612755,PHI,Philadelphia 76ers,0021500559,2016-01-10,PHI vs. CLE,L,30,3,9,0.333,0,3,0.0,0,5,0.0,2,6,8,2,1,1,2,4,6,-9,22.6,1,2015-16
22015,1626143,Jahlil Okafor,1610612755,PHI,Philadelphia 76ers,0021500559,2016-01-10,PHI vs. CLE,L,32,9,15,0.6,0,0,,3,5,0.6,2,5,7,0,0,0,2,2,21,-3,27.4,1,2015-16
22015,202334,Ed Davis,1610612757,POR,Portland Trail Blazers,0021500564,2016-01-10,POR vs. OKC,W,22,4,6,0.667,0,0,,2,2,1.0,5,4,9,3,0,1,0,3,10,3,28.3,1,2015-16
22015,203459,Allen Crabbe,1610612757,POR,Portland Trail Blazers,0021500564,2016-01-10,POR vs. OKC,W,22,4,8,0.5,3,6,0.5,0,0,,0,3,3,1,0,0,1,5,11,8,15.1,1,2015-16
22015,202683,Enes Freedom,1610612760,OKC,Oklahoma City Thunder,0021500564,2016-01-10,OKC @ POR,L,13,1,3,0.333,0,0,,3,5,0.6,2,4,6,0,1,0,2,1,5,0,13.2,1,2015-16
22015,202713,Kyle Singler,1610612760,OKC,Oklahoma City Thunder,0021500564,2016-01-10,OKC @ POR,L,2,0,1,0.0,0,0,,0,0,,0,0,0,0,0,0,0,2,0,-5,0.0,1,2015-16
22015,202330,Gordon Hayward,1610612762,UTA,Utah Jazz,0021500565,2016-01-10,UTA @ LAL,W,33,10,21,0.476,1,3,0.333,4,6,0.667,1,1,2,2,0,3,3,1,25,-4,36.4,1,2015-16
22015,203187,Chris Johnson,1610612762,UTA,Utah Jazz,0021500565,2016-01-10,UTA @ LAL,W,22,3,11,0.273,0,6,0.0,0,0,,1,7,8,1,2,0,0,1,6,7,23.1,1,2015-16
22015,203504,Trey Burke,1610612762,UTA,Utah Jazz,0021500565,2016-01-10,UTA @ LAL,W,21,3,8,0.375,2,3,0.667,2,2,1.0,0,0,0,1,0,0,0,0,10,12,11.5,1,2015-16
22015,2754,Tony Allen,1610612763,MEM,Memphis Grizzlies,0021500560,2016-01-10,MEM vs. BOS,W,32,5,9,0.556,1,1,1.0,4,6,0.667,4,6,10,0,2,1,2,4,15,0,34.0,1,2015-16
22015,201188,Marc Gasol,1610612763,MEM,Memphis Grizzlies,0021500560,2016-01-10,MEM vs. BOS,W,36,5,17,0.294,0,0,,1,1,1.0,2,9,11,1,0,0,2,4,11,-5,23.7,1,2015-16
22015,203210,JaMychal Green,1610612763,MEM,Memphis Grizzlies,0021500560,2016-01-10,MEM vs. BOS,W,15,2,2,1.0,0,0,,2,2,1.0,1,3,4,0,0,1,2,1,6,12,11.8,1,2015-16
22015,101161,Amir Johnson,1610612738,BOS,Boston Celtics,0021500560,2016-01-10,BOS @ MEM,L,32,5,6,0.833,1,1,1.0,3,6,0.5,2,7,9,4,0,1,3,4,14,7,30.8,1,2015-16
22015,203109,Jae Crowder,1610612738,BOS,Boston Celtics,0021500560,2016-01-10,BOS @ MEM,L,30,4,11,0.364,2,6,0.333,0,0,,0,2,2,2,4,0,2,4,10,6,25.4,1,2015-16
22015,203482,Kelly Olynyk,1610612738,BOS,Boston Celtics,0021500560,2016-01-10,BOS @ MEM,L,22,3,8,0.375,0,1,0.0,0,0,,1,5,6,1,2,3,2,3,6,3,27.7,1,2015-16
22015,2747,JR Smith,1610612739,CLE,Cleveland Cavaliers,0021500559,2016-01-10,CLE @ PHI,W,34,5,18,0.278,4,12,0.333,0,0,,0,3,3,0,1,0,0,0,14,17,20.6,1,2015-16
22015,202684,Tristan Thompson,1610612739,CLE,Cleveland Cavaliers,0021500559,2016-01-10,CLE @ PHI,W,37,2,5,0.4,0,0,,6,8,0.75,7,3,10,1,0,0,0,5,10,12,23.5,1,2015-16
22015,201582,Alexis Ajinca,1610612740,NOP,New Orleans Pelicans,0021500558,2016-01-10,NOP @ LAC,L,14,3,5,0.6,0,0,,3,3,1.0,2,4,6,1,0,0,0,0,9,2,17.7,1,2015-16
22015,201962,Toney Douglas,1610612740,NOP,New Orleans Pelicans,0021500558,2016-01-10,NOP @ LAC,L,6,1,2,0.5,0,1,0.0,0,0,,0,1,1,0,1,0,0,1,2,-5,6.2,1,2015-16
22015,200826,J.J. Barea,1610612742,DAL,Dallas Mavericks,0021500557,2016-01-10,DAL @ MIN,W,17,4,7,0.571,0,2,0.0,0,0,,0,1,1,4,0,0,2,1,8,8,13.2,1,2015-16
22015,203994,Jusuf Nurkić,1610612743,DEN,Denver Nuggets,0021500563,2016-01-10,DEN vs. CHA,W,14,3,9,0.333,0,0,,1,2,0.5,4,3,7,0,1,1,0,3,7,9,21.4,1,2015-16
22015,101150,Lou Williams,1610612747,LAL,Los Angeles Lakers,0021500565,2016-01-10,LAL vs. UTA,L,32,5,17,0.294,1,8,0.125,7,9,0.778,3,5,8,6,2,0,6,0,18,-2,36.6,1,2015-16
22015,203903,Jordan Clarkson,1610612747,LAL,Los Angeles Lakers,0021500565,2016-01-10,LAL vs. UTA,L,38,6,19,0.316,1,4,0.25,1,1,1.0,1,1,2,1,4,1,0,2,14,0,32.9,1,2015-16
22015,202328,Greg Monroe,1610612749,MIL,Milwaukee Bucks,0021500562,2016-01-10,MIL @ NYK,L,33,11,16,0.688,0,0,,6,7,0.857,4,6,10,2,0,1,2,2,28,9,44.0,1,2015-16
22015,203948,Johnny O'Bryant III,1610612749,MIL,Milwaukee Bucks,0021500562,2016-01-10,MIL @ NYK,L,15,1,3,0.333,0,0,,0,0,,0,3,3,0,0,0,1,0,2,1,4.6,1,2015-16
22015,203498,Shabazz Muhammad,1610612750,MIN,Minnesota Timberwolves,0021500557,2016-01-10,MIN vs. DAL,L,28,5,10,0.5,1,4,0.25,5,8,0.625,1,4,5,0,0,0,0,4,16,-7,22.0,1,2015-16
22015,203940,Adreian Payne,1610612750,MIN,Minnesota Timberwolves,0021500557,2016-01-10,MIN vs. DAL,L,16,0,6,0.0,0,2,0.0,0,0,,0,2,2,1,1,0,1,1,0,-15,5.9,1,2015-16
22015,201577,Robin Lopez,1610612752,NYK,New York Knicks,0021500562,2016-01-10,NYK vs. MIL,W,27,4,8,0.5,0,0,,5,5,1.0,4,5,9,2,0,1,2,6,13,-3,27.8,1,2015-16
22015,202498,Lance Thomas,1610612752,NYK,New York Knicks,0021500562,2016-01-10,NYK vs. MIL,W,22,6,9,0.667,1,2,0.5,0,0,,1,1,2,1,0,0,0,4,13,8,16.9,1,2015-16
22015,101133,Ian Mahinmi,1610612754,IND,Indiana Pacers,0021500561,2016-01-10,IND @ HOU,L,29,6,8,0.75,0,0,,1,1,1.0,1,6,7,1,1,1,1,4,13,-5,27.9,1,2015-16
22015,201155,Rodney Stuckey,1610612754,IND,Indiana Pacers,0021500561,2016-01-10,IND @ HOU,L,30,6,10,0.6,0,1,0.0,1,1,1.0,0,4,4,2,2,0,2,2,13,-4,24.8,1,2015-16
22015,1626202,Joe Young,1610612754,IND,Indiana Pacers,0021500561,2016-01-10,IND @ HOU,L,7,1,3,0.333,0,1,0.0,1,1,1.0,0,0,0,2,0,0,1,0,3,0,5.0,1,2015-16
22015,203917,Nik Stauskas,1610612755,PHI,Philadelphia 76ers,0021500559,2016-01-10,PHI vs. CLE,L,22,2,4,0.5,2,4,0.5,0,0,,0,4,4,2,0,1,0,0,6,0,16.8,1,2015-16
22015,201945,Gerald Henderson,1610612757,POR,Portland Trail Blazers,0021500564,2016-01-10,POR vs. OKC,W,9,2,4,0.5,0,1,0.0,0,0,,0,0,0,1,0,0,1,0,4,4,4.5,1,2015-16
22015,203090,Maurice Harkless,1610612757,POR,Portland Trail Blazers,0021500564,2016-01-10,POR vs. OKC,W,20,3,5,0.6,1,1,1.0,0,0,,1,3,4,0,0,0,1,0,7,-3,10.8,1,2015-16
22015,1626166,Cameron Payne,1610612760,OKC,Oklahoma City Thunder,0021500564,2016-01-10,OKC @ POR,L,10,2,5,0.4,1,2,0.5,0,0,,0,0,0,2,0,0,0,0,5,-8,8.0,1,2015-16
22015,2440,Matt Barnes,1610612763,MEM,Memphis Grizzlies,0021500560,2016-01-10,MEM vs. BOS,W,30,4,12,0.333,0,3,0.0,4,4,1.0,4,5,9,2,0,2,4,4,12,-4,27.8,1,2015-16
22015,202343,Elliot Williams,1610612763,MEM,Memphis Grizzlies,0021500560,2016-01-10,MEM vs. BOS,W,4,0,1,0.0,0,1,0.0,2,2,1.0,0,0,0,0,0,0,0,0,2,-8,2.0,1,2015-16
22015,203087,Jeremy Lamb,1610612766,CHA,Charlotte Hornets,0021500563,2016-01-10,CHA @ DEN,L,30,6,14,0.429,1,5,0.2,2,2,1.0,1,7,8,1,3,0,2,2,15,10,33.1,1,2015-16
22015,202323,Evan Turner,1610612738,BOS,Boston Celtics,0021500560,2016-01-10,BOS @ MEM,L,21,0,2,0.0,0,1,0.0,0,0,,0,2,2,3,0,0,3,2,0,-3,3.9,1,2015-16
22015,202340,Avery Bradley,1610612738,BOS,Boston Celtics,0021500560,2016-01-10,BOS @ MEM,L,38,5,12,0.417,0,3,0.0,4,6,0.667,1,1,2,0,2,0,2,4,14,-15,20.4,1,2015-16
22015,201567,Kevin Love,1610612739,CLE,Cleveland Cavaliers,0021500559,2016-01-10,CLE @ PHI,W,37,5,11,0.455,1,4,0.25,4,7,0.571,4,11,15,6,2,0,3,3,15,18,45.0,1,2015-16
22015,203521,Matthew Dellavedova,1610612739,CLE,Cleveland Cavaliers,0021500559,2016-01-10,CLE @ PHI,W,25,2,8,0.25,0,2,0.0,0,0,,0,4,4,2,2,0,2,2,4,-3,15.8,1,2015-16
22015,201600,Omer Asik,1610612740,NOP,New Orleans Pelicans,0021500558,2016-01-10,NOP @ LAC,L,26,2,4,0.5,0,0,,4,6,0.667,2,9,11,2,0,0,1,3,8,-7,23.2,1,2015-16
22015,201936,Tyreke Evans,1610612740,NOP,New Orleans Pelicans,0021500558,2016-01-10,NOP @ LAC,L,41,9,19,0.474,2,5,0.4,6,8,0.75,3,4,7,7,1,1,5,5,26,0,45.9,1,2015-16
22015,203939,Dwight Powell,1610612742,DAL,Dallas Mavericks,0021500557,2016-01-10,DAL @ MIN,W,14,0,0,,0,0,,0,0,,0,4,4,1,1,1,1,1,0,-7,11.3,1,2015-16
22015,200751,Randy Foye,1610612743,DEN,Denver Nuggets,0021500563,2016-01-10,DEN vs. CHA,W,21,3,4,0.75,1,2,0.5,2,2,1.0,1,0,1,2,0,2,0,4,9,0,19.2,1,2015-16
22015,1891,Jason Terry,1610612745,HOU,Houston Rockets,0021500561,2016-01-10,HOU vs. IND,W,20,2,7,0.286,1,4,0.25,0,0,,0,0,0,1,1,0,0,0,5,-9,9.5,1,2015-16
22015,201935,James Harden,1610612745,HOU,Houston Rockets,0021500561,2016-01-10,HOU vs. IND,W,43,8,20,0.4,2,9,0.222,3,4,0.75,0,9,9,9,1,0,5,5,21,-2,43.3,1,2015-16
22015,203991,Clint Capela,1610612745,HOU,Houston Rockets,0021500561,2016-01-10,HOU vs. IND,W,20,1,2,0.5,0,0,,0,0,,2,4,6,2,3,2,5,3,2,-8,22.2,1,2015-16
22015,1718,Paul Pierce,1610612746,LAC,LA Clippers,0021500558,2016-01-10,LAC vs. NOP,W,13,1,6,0.167,1,4,0.25,0,0,,1,4,5,1,0,0,1,0,3,-3,9.5,1,2015-16
22015,101108,Chris Paul,1610612746,LAC,LA Clippers,0021500558,2016-01-10,LAC vs. NOP,W,40,10,18,0.556,3,4,0.75,2,4,0.5,1,4,5,11,3,1,2,5,25,9,57.5,1,2015-16
22015,200755,JJ Redick,1610612746,LAC,LA Clippers,0021500558,2016-01-10,LAC vs. NOP,W,36,2,10,0.2,1,6,0.167,6,7,0.857,0,5,5,2,0,0,0,1,11,7,20.0,1,2015-16
22015,201599,DeAndre Jordan,1610612746,LAC,LA Clippers,0021500558,2016-01-10,LAC vs. NOP,W,42,4,6,0.667,0,0,,4,10,0.4,2,9,11,3,0,2,2,3,12,14,33.7,1,2015-16
22015,202325,Wesley Johnson,1610612746,LAC,LA Clippers,0021500558,2016-01-10,LAC vs. NOP,W,34,5,13,0.385,3,11,0.273,2,4,0.5,1,3,4,2,5,0,3,1,15,7,34.8,1,2015-16
22015,101181,Jose Calderon,1610612752,NYK,New York Knicks,0021500562,2016-01-10,NYK vs. MIL,W,29,3,5,0.6,2,3,0.667,1,2,0.5,0,4,4,7,3,0,1,2,9,34,32.3,1,2015-16
22015,201588,George Hill,1610612754,IND,Indiana Pacers,0021500561,2016-01-10,IND @ HOU,L,39,5,11,0.455,3,6,0.5,0,0,,0,5,5,5,0,0,2,3,13,-3,24.5,1,2015-16
22015,202730,Lavoy Allen,1610612754,IND,Indiana Pacers,0021500561,2016-01-10,IND @ HOU,L,18,3,5,0.6,0,0,,0,0,,1,1,2,1,0,0,1,2,6,0,8.9,1,2015-16
22015,203457,Nerlens Noel,1610612755,PHI,Philadelphia 76ers,0021500559,2016-01-10,PHI vs. CLE,L,35,5,7,0.714,0,0,,2,4,0.5,2,7,9,3,1,3,1,1,12,-9,38.3,1,2015-16
22015,203496,Robert Covington,1610612755,PHI,Philadelphia 76ers,0021500559,2016-01-10,PHI vs. CLE,L,32,3,7,0.429,1,5,0.2,0,0,,0,8,8,4,0,1,4,4,7,2,21.6,1,2015-16
22015,203081,Damian Lillard,1610612757,POR,Portland Trail Blazers,0021500564,2016-01-10,POR vs. OKC,W,37,9,18,0.5,8,14,0.571,5,6,0.833,1,6,7,9,2,0,7,4,31,4,51.9,1,2015-16
22015,203468,CJ McCollum,1610612757,POR,Portland Trail Blazers,0021500564,2016-01-10,POR vs. OKC,W,36,8,23,0.348,4,10,0.4,2,2,1.0,2,5,7,6,1,0,2,1,22,8,40.4,1,2015-16
22015,203486,Mason Plumlee,1610612757,POR,Portland Trail Blazers,0021500564,2016-01-10,POR vs. OKC,W,31,5,12,0.417,0,0,,1,1,1.0,6,5,11,4,0,1,2,5,11,6,31.2,1,2015-16
22015,2555,Nick Collison,1610612760,OKC,Oklahoma City Thunder,0021500564,2016-01-10,OKC @ POR,L,5,0,1,0.0,0,0,,0,0,,0,0,0,1,0,0,0,0,0,-4,1.5,1,2015-16
22015,201142,Kevin Durant,1610612760,OKC,Oklahoma City Thunder,0021500564,2016-01-10,OKC @ POR,L,40,10,23,0.435,2,6,0.333,6,6,1.0,1,5,6,4,1,0,3,2,28,1,41.2,1,2015-16
22015,201586,Serge Ibaka,1610612760,OKC,Oklahoma City Thunder,0021500564,2016-01-10,OKC @ POR,L,36,5,7,0.714,4,4,1.0,0,0,,0,3,3,0,0,2,3,2,14,-7,20.6,1,2015-16
22015,203079,Dion Waiters,1610612760,OKC,Oklahoma City Thunder,0021500564,2016-01-10,OKC @ POR,L,22,2,2,1.0,0,0,,2,4,0.5,0,0,0,1,0,0,3,0,6,0,4.5,1,2015-16
22015,203460,Andre Roberson,1610612760,OKC,Oklahoma City Thunder,0021500564,2016-01-10,OKC @ POR,L,31,4,6,0.667,1,3,0.333,1,1,1.0,1,7,8,0,2,3,2,2,10,-3,32.6,1,2015-16
22015,203481,Jeff Withey,1610612762,UTA,Utah Jazz,0021500565,2016-01-10,UTA @ LAL,W,18,1,1,1.0,0,0,,4,4,1.0,2,5,7,1,1,1,2,5,6,6,19.9,1,2015-16
22015,203918,Rodney Hood,1610612762,UTA,Utah Jazz,0021500565,2016-01-10,UTA @ LAL,W,32,6,13,0.462,1,2,0.5,1,1,1.0,0,6,6,4,2,0,2,2,14,18,31.2,1,2015-16
22015,204060,Joe Ingles,1610612762,UTA,Utah Jazz,0021500565,2016-01-10,UTA @ LAL,W,10,0,2,0.0,0,0,,0,0,,0,0,0,1,0,0,1,0,0,5,0.5,1,2015-16
22015,1626168,Trey Lyles,1610612762,UTA,Utah Jazz,0021500565,2016-01-10,UTA @ LAL,W,26,0,1,0.0,0,0,,0,0,,0,9,9,2,0,0,0,1,0,0,13.8,1,2015-16
22015,2216,Zach Randolph,1610612763,MEM,Memphis Grizzlies,0021500560,2016-01-10,MEM vs. BOS,W,38,8,17,0.471,1,1,1.0,8,8,1.0,8,5,13,2,1,2,2,2,25,18,50.6,1,2015-16
22015,201596,Mario Chalmers,1610612763,MEM,Memphis Grizzlies,0021500560,2016-01-10,MEM vs. BOS,W,33,3,8,0.375,1,4,0.25,11,13,0.846,0,5,5,4,2,0,5,4,18,-1,31.0,1,2015-16
22015,201150,Spencer Hawes,1610612766,CHA,Charlotte Hornets,0021500563,2016-01-10,CHA @ DEN,L,17,2,6,0.333,2,2,1.0,2,2,1.0,1,3,4,3,2,1,2,1,8,3,24.3,1,2015-16
22015,202391,Jeremy Lin,1610612766,CHA,Charlotte Hornets,0021500563,2016-01-10,CHA @ DEN,L,24,0,9,0.0,0,5,0.0,2,4,0.5,0,1,1,2,0,1,2,2,2,0,7.2,1,2015-16
22015,202689,Kemba Walker,1610612766,CHA,Charlotte Hornets,0021500563,2016-01-10,CHA @ DEN,L,37,3,12,0.25,1,4,0.25,4,4,1.0,1,2,3,6,0,1,1,1,11,-14,25.6,1,2015-16
22015,101135,David Lee,1610612738,BOS,Boston Celtics,0021500560,2016-01-10,BOS @ MEM,L,16,2,12,0.167,0,0,,0,0,,2,3,5,1,2,0,0,0,4,-12,17.5,1,2015-16
22015,202389,Timofey Mozgov,1610612739,CLE,Cleveland Cavaliers,0021500559,2016-01-10,CLE @ PHI,W,9,1,4,0.25,0,1,0.0,0,0,,2,2,4,0,0,0,1,2,2,-2,5.8,1,2015-16
22015,203099,Jared Cunningham,1610612739,CLE,Cleveland Cavaliers,0021500559,2016-01-10,CLE @ PHI,W,1,0,0,,0,0,,0,0,,0,0,0,0,0,0,0,0,0,-2,0.0,1,2015-16
22015,201569,Eric Gordon,1610612740,NOP,New Orleans Pelicans,0021500558,2016-01-10,NOP @ LAC,L,38,3,10,0.3,1,5,0.2,0,0,,0,1,1,4,2,1,1,2,7,1,22.2,1,2015-16
22015,201950,Jrue Holiday,1610612740,NOP,New Orleans Pelicans,0021500558,2016-01-10,NOP @ LAC,L,36,11,27,0.407,1,4,0.25,6,8,0.75,3,8,11,4,3,0,3,3,29,-4,54.2,1,2015-16
22015,201967,Dante Cunningham,1610612740,NOP,New Orleans Pelicans,0021500558,2016-01-10,NOP @ LAC,L,35,3,10,0.3,2,6,0.333,0,0,,2,5,7,1,1,0,1,3,8,9,19.9,1,2015-16
22015,1717,Dirk Nowitzki,1610612742,DAL,Dallas Mavericks,0021500557,2016-01-10,DAL @ MIN,W,32,12,22,0.545,4,7,0.571,1,1,1.0,1,6,7,1,1,0,0,1,29,12,41.9,1,2015-16
22015,101114,Deron Williams,1610612742,DAL,Dallas Mavericks,0021500557,2016-01-10,DAL @ MIN,W,29,2,10,0.2,0,2,0.0,0,0,,1,2,3,4,1,0,4,3,4,-4,12.6,1,2015-16
22015,201580,JaVale McGee,1610612742,DAL,Dallas Mavericks,0021500557,2016-01-10,DAL @ MIN,W,16,4,6,0.667,0,0,,0,0,,1,0,1,0,0,0,0,2,8,11,9.2,1,2015-16
22015,202083,Wesley Matthews,1610612742,DAL,Dallas Mavericks,0021500557,2016-01-10,DAL @ MIN,W,33,1,8,0.125,1,5,0.2,2,2,1.0,1,4,5,1,2,0,2,4,5,-7,16.5,1,2015-16
22015,2034,Mike Miller,1610612743,DEN,Denver Nuggets,0021500563,2016-01-10,DEN vs. CHA,W,7,2,2,1.0,2,2,1.0,0,0,,0,2,2,1,0,1,0,2,6,3,12.9,1,2015-16
22015,201568,Danilo Gallinari,1610612743,DEN,Denver Nuggets,0021500563,2016-01-10,DEN vs. CHA,W,34,7,18,0.389,2,8,0.25,11,13,0.846,0,6,6,0,1,1,2,1,27,4,38.2,1,2015-16
22015,203530,Joffrey Lauvergne,1610612743,DEN,Denver Nuggets,0021500563,2016-01-10,DEN vs. CHA,W,8,0,1,0.0,0,0,,0,0,,0,2,2,0,0,0,0,1,0,-5,2.4,1,2015-16
22015,203914,Gary Harris,1610612743,DEN,Denver Nuggets,0021500563,2016-01-10,DEN vs. CHA,W,36,4,8,0.5,3,5,0.6,1,2,0.5,1,0,1,3,2,0,1,3,12,8,22.7,1,2015-16
22015,203999,Nikola Jokić,1610612743,DEN,Denver Nuggets,0021500563,2016-01-10,DEN vs. CHA,W,23,2,4,0.5,0,1,0.0,0,0,,0,7,7,9,0,1,1,1,4,4,27.9,1,2015-16
22015,2730,Dwight Howard,1610612745,HOU,Houston Rockets,0021500561,2016-01-10,HOU vs. IND,W,43,9,15,0.6,0,1,0.0,3,8,0.375,4,13,17,3,2,0,3,3,21,16,48.9,1,2015-16
22015,203093,Terrence Jones,1610612745,HOU,Houston Rockets,0021500561,2016-01-10,HOU vs. IND,W,19,2,6,0.333,0,1,0.0,0,0,,1,2,3,1,1,1,1,1,4,-7,14.1,1,2015-16
22015,201601,Luc Mbah a Moute,1610612746,LAC,LA Clippers,0021500558,2016-01-10,LAC vs. NOP,W,22,6,6,1.0,0,0,,2,7,0.286,0,5,5,0,0,0,0,1,14,-5,20.0,1,2015-16
22015,1897,Metta World Peace,1610612747,LAL,Los Angeles Lakers,0021500565,2016-01-10,LAL vs. UTA,L,14,1,5,0.2,1,4,0.25,0,0,,0,0,0,1,0,1,0,1,3,-12,7.5,1,2015-16
22015,1626204,Larry Nance Jr.,1610612747,LAL,Los Angeles Lakers,0021500565,2016-01-10,LAL vs. UTA,L,37,4,11,0.364,0,1,0.0,2,2,1.0,5,6,11,1,2,1,0,2,10,-4,33.7,1,2015-16
22015,203089,John Henson,1610612749,MIL,Milwaukee Bucks,0021500562,2016-01-10,MIL @ NYK,L,9,0,2,0.0,0,0,,0,0,,0,1,1,0,0,1,0,1,0,-19,4.2,1,2015-16
22015,203101,Miles Plumlee,1610612749,MIL,Milwaukee Bucks,0021500562,2016-01-10,MIL @ NYK,L,6,0,3,0.0,0,0,,2,2,1.0,3,0,3,0,1,0,0,0,2,-2,8.6,1,2015-16
22015,203507,Giannis Antetokounmpo,1610612749,MIL,Milwaukee Bucks,0021500562,2016-01-10,MIL @ NYK,L,36,3,9,0.333,0,4,0.0,2,4,0.5,1,9,10,5,0,0,2,3,8,7,25.5,1,2015-16
22015,2755,Kevin Martin,1610612750,MIN,Minnesota Timberwolves,0021500557,2016-01-10,MIN vs. DAL,L,12,3,6,0.5,0,2,0.0,3,3,1.0,0,1,1,0,0,0,3,0,9,-15,7.2,1,2015-16
22015,202357,Nemanja Bjelica,1610612750,MIN,Minnesota Timberwolves,0021500557,2016-01-10,MIN vs. DAL,L,13,2,2,1.0,2,2,1.0,0,0,,0,2,2,1,1,0,0,3,6,2,12.9,1,2015-16
22015,203897,Zach LaVine,1610612750,MIN,Minnesota Timberwolves,0021500557,2016-01-10,MIN vs. DAL,L,8,0,2,0.0,0,0,,0,0,,0,1,1,1,0,0,1,0,0,-5,1.7,1,2015-16
22015,204001,Kristaps Porziņģis,1610612752,NYK,New York Knicks,0021500562,2016-01-10,NYK vs. MIL,W,30,5,11,0.455,2,5,0.4,3,4,0.75,3,3,6,2,1,5,4,3,15,17,39.2,1,2015-16
22015,204038,Langston Galloway,1610612752,NYK,New York Knicks,0021500562,2016-01-10,NYK vs. MIL,W,21,2,5,0.4,1,3,0.333,0,0,,0,1,1,1,0,0,1,1,5,-12,6.7,1,2015-16
22015,101139,CJ Miles,1610612754,IND,Indiana Pacers,0021500561,2016-01-10,IND @ HOU,L,27,2,11,0.182,2,9,0.222,1,2,0.5,0,4,4,2,1,1,1,4,7,2,19.8,1,2015-16
22015,101145,Monta Ellis,1610612754,IND,Indiana Pacers,0021500561,2016-01-10,IND @ HOU,L,39,5,11,0.455,1,3,0.333,0,0,,0,2,2,13,1,0,4,2,11,-7,31.9,1,2015-16
22015,201941,Jordan Hill,1610612754,IND,Indiana Pacers,0021500561,2016-01-10,IND @ HOU,L,12,4,8,0.5,0,0,,1,2,0.5,2,2,4,0,0,0,2,1,9,3,11.8,1,2015-16
22015,203922,Glenn Robinson III,1610612754,IND,Indiana Pacers,0021500561,2016-01-10,IND @ HOU,L,13,2,3,0.667,0,1,0.0,0,0,,0,3,3,2,0,0,0,1,4,-3,10.6,1,2015-16
22015,1626167,Myles Turner,1610612754,IND,Indiana Pacers,0021500561,2016-01-10,IND @ HOU,L,13,2,3,0.667,0,0,,0,0,,1,1,2,1,0,1,0,1,4,-2,10.9,1,2015-16
22015,204456,T.J. McConnell,1610612755,PHI,Philadelphia 76ers,0021500559,2016-01-10,PHI vs. CLE,L,10,2,5,0.4,0,1,0.0,0,0,,0,1,1,1,2,0,2,0,4,-6,10.7,1,2015-16
22015,201566,Russell Westbrook,1610612760,OKC,Oklahoma City Thunder,0021500564,2016-01-10,OKC @ POR,L,38,7,19,0.368,2,4,0.5,9,11,0.818,1,8,9,15,3,0,4,6,25,3,63.3,1,2015-16
22015,203500,Steven Adams,1610612760,OKC,Oklahoma City Thunder,0021500564,2016-01-10,OKC @ POR,L,35,6,6,1.0,0,0,,5,9,0.556,3,7,10,0,0,1,2,1,17,4,30.0,1,2015-16
22015,203526,Raul Neto,1610612762,UTA,Utah Jazz,0021500565,2016-01-10,UTA @ LAL,W,26,3,5,0.6,1,1,1.0,0,0,,0,1,1,2,1,0,3,0,7,0,11.2,1,2015-16
22015,201587,Nicolas Batum,1610612766,CHA,Charlotte Hornets,0021500563,2016-01-10,CHA @ DEN,L,38,3,8,0.375,2,7,0.286,1,1,1.0,0,6,6,7,0,0,1,3,9,7,25.7,1,2015-16
22015,203469,Cody Zeller,1610612766,CHA,Charlotte Hornets,0021500563,2016-01-10,CHA @ DEN,L,31,6,11,0.545,0,0,,3,4,0.75,4,2,6,0,0,0,3,1,15,-6,19.2,1,2015-16
22015,203798,PJ Hairston,1610612766,CHA,Charlotte Hornets,0021500563,2016-01-10,CHA @ DEN,L,18,3,8,0.375,1,5,0.2,0,0,,0,3,3,1,0,0,0,4,7,-13,12.1,1,2015-16
22015,1626163,Frank Kaminsky,1610612766,CHA,Charlotte Hornets,0021500563,2016-01-10,CHA @ DEN,L,26,4,12,0.333,2,5,0.4,4,5,0.8,1,4,5,2,1,1,1,2,14,0,28.0,1,2015-16
22015,203096,Jared Sullinger,1610612738,BOS,Boston Celtics,0021500560,2016-01-10,BOS @ MEM,L,26,5,9,0.556,0,0,,1,2,0.5,1,3,4,0,1,0,0,5,11,-2,18.8,1,2015-16
22015,203935,Marcus Smart,1610612738,BOS,Boston Celtics,0021500560,2016-01-10,BOS @ MEM,L,24,2,9,0.222,0,2,0.0,0,0,,4,2,6,3,5,0,2,4,4,-1,28.7,1,2015-16
22015,2210,Richard Jefferson,1610612739,CLE,Cleveland Cavaliers,0021500559,2016-01-10,CLE @ PHI,W,13,1,2,0.5,0,0,,1,1,1.0,0,1,1,0,0,0,0,1,3,-8,4.2,1,2015-16
22015,2544,LeBron James,1610612739,CLE,Cleveland Cavaliers,0021500559,2016-01-10,CLE @ PHI,W,37,15,22,0.682,3,5,0.6,4,6,0.667,0,7,7,9,2,0,2,1,37,11,62.9,1,2015-16
22015,202697,Iman Shumpert,1610612739,CLE,Cleveland Cavaliers,0021500559,2016-01-10,CLE @ PHI,W,17,1,5,0.2,0,2,0.0,0,0,,0,2,2,0,0,1,0,0,2,-5,7.4,1,2015-16
22015,202337,Luke Babbitt,1610612740,NOP,New Orleans Pelicans,0021500558,2016-01-10,NOP @ LAC,L,4,0,1,0.0,0,1,0.0,0,0,,0,0,0,0,0,0,0,1,0,-2,0.0,1,2015-16
22015,202708,Norris Cole,1610612740,NOP,New Orleans Pelicans,0021500558,2016-01-10,NOP @ LAC,L,15,3,8,0.375,0,2,0.0,0,0,,0,2,2,1,0,0,1,2,6,-1,8.9,1,2015-16
22015,2585,Zaza Pachulia,1610612742,DAL,Dallas Mavericks,0021500557,2016-01-10,DAL @ MIN,W,32,4,9,0.444,0,0,,5,5,1.0,6,5,11,2,0,1,1,3,13,-5,31.2,1,2015-16
22015,2734,Devin Harris,1610612742,DAL,Dallas Mavericks,0021500557,2016-01-10,DAL @ MIN,W,19,1,4,0.25,0,2,0.0,3,6,0.5,1,1,2,3,2,0,2,1,5,10,15.9,1,2015-16
22015,201589,Darrell Arthur,1610612743,DEN,Denver Nuggets,0021500563,2016-01-10,DEN vs. CHA,W,28,3,5,0.6,1,1,1.0,2,2,1.0,0,6,6,1,1,0,2,2,9,4,18.7,1,2015-16
22015,203115,Will Barton,1610612743,DEN,Denver Nuggets,0021500563,2016-01-10,DEN vs. CHA,W,30,3,11,0.273,2,5,0.4,2,2,1.0,2,6,8,3,0,0,3,3,10,-10,21.1,1,2015-16
22015,2772,Trevor Ariza,1610612745,HOU,Houston Rockets,0021500561,2016-01-10,HOU vs. IND,W,42,8,14,0.571,5,9,0.556,3,4,0.75,1,4,5,0,0,0,3,3,24,-1,27.0,1,2015-16
22015,202332,Cole Aldrich,1610612746,LAC,LA Clippers,0021500558,2016-01-10,LAC vs. NOP,W,9,0,2,0.0,0,0,,0,0,,1,5,6,0,0,0,1,4,0,-13,6.2,1,2015-16
22015,203085,Austin Rivers,1610612746,LAC,LA Clippers,0021500558,2016-01-10,LAC vs. NOP,W,24,5,11,0.455,0,3,0.0,0,0,,1,1,2,1,0,0,1,5,10,-9,12.9,1,2015-16
22015,201156,Nick Young,1610612747,LAL,Los Angeles Lakers,0021500565,2016-01-10,LAL vs. UTA,L,20,3,7,0.429,0,0,,0,0,,1,0,1,0,0,0,0,1,6,-11,7.2,1,2015-16
22015,201579,Roy Hibbert,1610612747,LAL,Los Angeles Lakers,0021500565,2016-01-10,LAL vs. UTA,L,25,3,7,0.429,0,0,,0,0,,4,4,8,1,0,1,2,6,6,1,18.1,1,2015-16
22015,1626273,Marcelo Huertas,1610612747,LAL,Los Angeles Lakers,0021500565,2016-01-10,LAL vs. UTA,L,13,0,3,0.0,0,1,0.0,0,0,,0,0,0,2,0,0,1,2,0,-13,2.0,1,2015-16
22015,203953,Jabari Parker,1610612749,MIL,Milwaukee Bucks,0021500562,2016-01-10,MIL @ NYK,L,32,7,12,0.583,0,0,,0,0,,4,2,6,1,2,1,0,3,14,-23,31.7,1,2015-16
22015,203996,Damien Inglis,1610612749,MIL,Milwaukee Bucks,0021500562,2016-01-10,MIL @ NYK,L,3,0,0,,0,0,,0,0,,0,1,1,0,0,0,0,0,0,5,1.2,1,2015-16
22015,708,Kevin Garnett,1610612750,MIN,Minnesota Timberwolves,0021500557,2016-01-10,MIN vs. DAL,L,7,1,3,0.333,0,0,,0,0,,0,0,0,2,0,0,0,3,2,11,5.0,1,2015-16
22015,201593,Nikola Pekovic,1610612750,MIN,Minnesota Timberwolves,0021500557,2016-01-10,MIN vs. DAL,L,15,2,5,0.4,0,0,,0,0,,0,1,1,0,0,0,1,4,4,-8,4.2,1,2015-16
22015,203476,Gorgui Dieng,1610612750,MIN,Minnesota Timberwolves,0021500557,2016-01-10,MIN vs. DAL,L,19,0,1,0.0,0,0,,0,0,,4,3,7,1,0,0,2,3,0,-9,7.9,1,2015-16
22015,203952,Andrew Wiggins,1610612750,MIN,Minnesota Timberwolves,0021500557,2016-01-10,MIN vs. DAL,L,36,8,19,0.421,1,4,0.25,4,5,0.8,3,4,7,3,2,0,3,1,21,9,36.9,1,2015-16
22015,1626157,Karl-Anthony Towns,1610612750,MIN,Minnesota Timberwolves,0021500557,2016-01-10,MIN vs. DAL,L,25,5,9,0.556,0,0,,0,0,,1,3,4,1,1,2,2,3,10,7,23.3,1,2015-16
22015,2546,Carmelo Anthony,1610612752,NYK,New York Knicks,0021500562,2016-01-10,NYK vs. MIL,W,37,10,16,0.625,1,5,0.2,3,4,0.75,3,7,10,8,0,1,1,2,24,25,50.0,1,2015-16
22015,1626170,Jerian Grant,1610612752,NYK,New York Knicks,0021500562,2016-01-10,NYK vs. MIL,W,16,0,4,0.0,0,0,,2,2,1.0,1,2,3,0,0,0,1,0,2,-19,4.6,1,2015-16
22015,202331,Paul George,1610612754,IND,Indiana Pacers,0021500561,2016-01-10,IND @ HOU,L,40,7,17,0.412,3,10,0.3,3,3,1.0,0,6,6,4,7,2,4,1,20,-1,56.2,1,2015-16
22015,203960,JaKarr Sampson,1610612755,PHI,Philadelphia 76ers,0021500559,2016-01-10,PHI vs. CLE,L,6,0,2,0.0,0,1,0.0,0,0,,0,1,1,0,1,0,1,1,0,-5,3.2,1,2015-16
22015,202329,Al-Farouq Aminu,1610612757,POR,Portland Trail Blazers,0021500564,2016-01-10,POR vs. OKC,W,35,6,15,0.4,2,7,0.286,2,3,0.667,2,2,4,2,2,1,0,2,16,8,32.8,1,2015-16
22015,203086,Meyers Leonard,1610612757,POR,Portland Trail Blazers,0021500564,2016-01-10,POR vs. OKC,W,13,1,6,0.167,1,5,0.2,0,0,,3,1,4,0,0,0,1,3,3,-5,6.8,1,2015-16
22015,203943,Noah Vonleh,1610612757,POR,Portland Trail Blazers,0021500564,2016-01-10,POR vs. OKC,W,14,0,3,0.0,0,0,,0,0,,0,3,3,1,2,1,1,5,0,-8,13.1,1,2015-16
22015,202344,Trevor Booker,1610612762,UTA,Utah Jazz,0021500565,2016-01-10,UTA @ LAL,W,22,2,4,0.5,0,1,0.0,4,4,1.0,2,5,7,1,1,1,1,2,8,12,22.9,1,2015-16
22015,203497,Rudy Gobert,1610612762,UTA,Utah Jazz,0021500565,2016-01-10,UTA @ LAL,W,30,3,3,1.0,0,0,,4,8,0.5,0,5,5,1,1,3,2,6,10,4,27.5,1,2015-16
22015,1713,Vince Carter,1610612763,MEM,Memphis Grizzlies,0021500560,2016-01-10,MEM vs. BOS,W,20,2,7,0.286,1,5,0.2,3,4,0.75,0,2,2,0,1,3,1,3,8,7,21.4,1,2015-16
22015,201145,Jeff Green,1610612763,MEM,Memphis Grizzlies,0021500560,2016-01-10,MEM vs. BOS,W,31,2,11,0.182,0,1,0.0,0,0,,2,2,4,3,2,0,3,1,4,-4,16.3,1,2015-16
22015,101107,Marvin Williams,1610612766,CHA,Charlotte Hornets,0021500563,2016-01-10,CHA @ DEN,L,20,3,3,1.0,3,3,1.0,2,2,1.0,1,3,4,2,0,0,0,2,11,-2,18.8,1,2015-16
22015,201583,Ryan Anderson,1610612740,NOP,New Orleans Pelicans,0021500558,2016-01-10,NOP @ LAC,L,43,5,14,0.357,2,6,0.333,4,4,1.0,3,7,10,0,0,0,2,4,16,-7,26.0,1,2015-16
22015,203487,Michael Carter-Williams,1610612749,MIL,Milwaukee Bucks,0021500562,2016-01-10,MIL @ NYK,L,22,1,8,0.125,0,1,0.0,2,4,0.5,1,4,5,6,2,0,3,3,4,-22,22.0,1,2015-16
22015,203124,Kyle O'Quinn,1610612752,NYK,New York Knicks,0021500562,2016-01-10,NYK vs. MIL,W,2,0,1,0.0,0,0,,0,0,,0,1,1,0,0,0,0,0,0,-5,1.2,1,2015-16
22015,201627,Anthony Morrow,1610612760,OKC,Oklahoma City Thunder,0021500564,2016-01-10,OKC @ POR,L,9,0,3,0.0,0,2,0.0,0,0,,0,0,0,0,1,0,0,0,0,-6,3.0,1,2015-16
22015,2200,Pau Gasol,1610612741,CHI,Chicago Bulls,0021500567,2016-01-11,CHI vs. WAS,L,29,6,11,0.545,0,0,,3,4,0.75,1,9,10,1,0,1,2,0,15,-10,29.5,1,2015-16
22015,101106,Andrew Bogut,1610612744,GSW,Golden State Warriors,0021500568,2016-01-11,GSW vs. MIA,W,21,4,5,0.8,0,0,,0,0,,1,8,9,1,0,1,1,3,8,-9,22.3,1,2015-16
22015,200745,Andrea Bargnani,1610612751,BKN,Brooklyn Nets,0021500566,2016-01-11,BKN vs. SAS,L,15,3,6,0.5,0,0,,1,1,1.0,1,1,2,0,0,0,0,3,7,-7,9.4,1,2015-16
22015,201572,Brook Lopez,1610612751,BKN,Brooklyn Nets,0021500566,2016-01-11,BKN vs. SAS,L,32,8,17,0.471,0,0,,2,2,1.0,1,4,5,2,0,2,1,3,18,-14,32.0,1,2015-16
22015,202711,Bojan Bogdanovic,1610612751,BKN,Brooklyn Nets,0021500566,2016-01-11,BKN vs. SAS,L,21,0,5,0.0,0,3,0.0,0,0,,0,1,1,0,1,0,1,3,0,-14,3.2,1,2015-16
22015,203508,Sergey Karasev,1610612751,BKN,Brooklyn Nets,0021500566,2016-01-11,BKN vs. SAS,L,5,1,1,1.0,0,0,,0,0,,0,1,1,0,0,0,0,0,2,-6,3.2,1,2015-16
22015,2225,Tony Parker,1610612759,SAS,San Antonio Spurs,0021500566,2016-01-11,SAS @ BKN,W,25,2,7,0.286,0,0,,2,2,1.0,0,1,1,4,1,0,2,0,6,21,14.2,1,2015-16
22015,2564,Boris Diaw,1610612759,SAS,San Antonio Spurs,0021500566,2016-01-11,SAS @ BKN,W,18,4,7,0.571,1,1,1.0,2,4,0.5,1,2,3,4,1,0,0,1,11,9,23.6,1,2015-16
22015,2588,Matt Bonner,1610612759,SAS,San Antonio Spurs,0021500566,2016-01-11,SAS @ BKN,W,7,0,1,0.0,0,0,,0,0,,0,0,0,0,0,0,0,0,0,2,0.0,1,2015-16
22015,201980,Danny Green,1610612759,SAS,San Antonio Spurs,0021500566,2016-01-11,SAS @ BKN,W,20,0,4,0.0,0,3,0.0,0,0,,0,1,1,3,1,0,1,1,0,19,7.7,1,2015-16
22015,1626246,Boban Marjanovic,1610612759,SAS,San Antonio Spurs,0021500566,2016-01-11,SAS @ BKN,W,13,5,7,0.714,0,0,,3,5,0.6,1,2,3,1,0,2,1,3,13,8,23.1,1,2015-16
22015,201162,Jared Dudley,1610612764,WAS,Washington Wizards,0021500567,2016-01-11,WAS @ CHI,W,30,3,5,0.6,2,3,0.667,0,0,,1,1,2,4,0,0,2,4,8,3,14.4,1,2015-16
22015,201166,Aaron Brooks,1610612741,CHI,Chicago Bulls,0021500567,2016-01-11,CHI vs. WAS,L,16,4,7,0.571,2,4,0.5,0,0,,0,0,0,3,0,0,0,1,10,-3,14.5,1,2015-16
22015,202710,Jimmy Butler III,1610612741,CHI,Chicago Bulls,0021500567,2016-01-11,CHI vs. WAS,L,38,6,15,0.4,1,3,0.333,6,7,0.857,2,2,4,7,3,0,2,2,19,-8,41.3,1,2015-16
22015,201575,Brandon Rush,1610612744,GSW,Golden State Warriors,0021500568,2016-01-11,GSW vs. MIA,W,16,0,1,0.0,0,1,0.0,1,2,0.5,0,1,1,0,0,0,0,0,1,-5,2.2,1,2015-16
22015,202691,Klay Thompson,1610612744,GSW,Golden State Warriors,0021500568,2016-01-11,GSW vs. MIA,W,35,6,15,0.4,2,4,0.5,3,3,1.0,1,6,7,2,2,0,3,2,17,-3,31.4,1,2015-16
22015,203084,Harrison Barnes,1610612744,GSW,Golden State Warriors,0021500568,2016-01-11,GSW vs. MIA,W,27,4,10,0.4,0,2,0.0,4,4,1.0,1,5,6,1,1,0,1,2,12,18,22.7,1,2015-16
22015,2617,Udonis Haslem,1610612748,MIA,Miami Heat,0021500568,2016-01-11,MIA @ GSW,L,7,0,1,0.0,0,0,,0,0,,0,3,3,1,0,0,0,1,0,-4,5.1,1,2015-16
22015,2736,Luol Deng,1610612748,MIA,Miami Heat,0021500568,2016-01-11,MIA @ GSW,L,33,6,12,0.5,2,3,0.667,0,0,,2,8,10,2,0,0,2,1,14,-3,27.0,1,2015-16
22015,1626196,Josh Richardson,1610612748,MIA,Miami Heat,0021500568,2016-01-11,MIA @ GSW,L,4,0,1,0.0,0,1,0.0,0,0,,0,0,0,0,0,0,0,0,0,-6,0.0,1,2015-16
22015,2207,Joe Johnson,1610612751,BKN,Brooklyn Nets,0021500566,2016-01-11,BKN vs. SAS,L,28,6,7,0.857,2,2,1.0,2,2,1.0,0,3,3,0,0,0,0,2,16,-17,19.6,1,2015-16
22015,201152,Thaddeus Young,1610612751,BKN,Brooklyn Nets,0021500566,2016-01-11,BKN vs. SAS,L,28,4,10,0.4,0,1,0.0,1,2,0.5,0,9,9,1,0,0,4,2,9,-16,17.3,1,2015-16
22015,203613,Jonathon Simmons,1610612759,SAS,San Antonio Spurs,0021500566,2016-01-11,SAS @ BKN,W,11,1,2,0.5,0,0,,0,0,,1,1,2,0,0,0,0,2,2,2,4.4,1,2015-16
22015,201565,Derrick Rose,1610612741,CHI,Chicago Bulls,0021500567,2016-01-11,CHI vs. WAS,L,31,8,13,0.615,2,3,0.667,5,5,1.0,0,0,0,1,0,1,4,0,23,-25,23.5,1,2015-16
22015,202703,Nikola Mirotic,1610612741,CHI,Chicago Bulls,0021500567,2016-01-11,CHI vs. WAS,L,29,3,8,0.375,1,3,0.333,0,2,0.0,1,8,9,2,1,2,0,0,7,1,29.8,1,2015-16
22015,203926,Doug McDermott,1610612741,CHI,Chicago Bulls,0021500567,2016-01-11,CHI vs. WAS,L,20,2,4,0.5,2,4,0.5,3,3,1.0,0,2,2,0,0,1,2,2,9,-15,12.4,1,2015-16
22015,2738,Andre Iguodala,1610612744,GSW,Golden State Warriors,0021500568,2016-01-11,GSW vs. MIA,W,30,3,4,0.75,1,2,0.5,2,2,1.0,0,5,5,1,0,0,0,1,9,10,16.5,1,2015-16
22015,201578,Marreese Speights,1610612744,GSW,Golden State Warriors,0021500568,2016-01-11,GSW vs. MIA,W,6,3,4,0.75,0,0,,0,0,,1,0,1,0,0,0,0,1,6,7,7.2,1,2015-16
22015,203546,Ian Clark,1610612744,GSW,Golden State Warriors,0021500568,2016-01-11,GSW vs. MIA,W,10,1,3,0.333,0,1,0.0,0,0,,0,0,0,2,0,0,0,2,2,10,5.0,1,2015-16
22015,101123,Gerald Green,1610612748,MIA,Miami Heat,0021500568,2016-01-11,MIA @ GSW,L,34,6,13,0.462,2,3,0.667,1,1,1.0,0,2,2,2,1,0,0,5,15,-10,23.4,1,2015-16
22015,201609,Goran Dragic,1610612748,MIA,Miami Heat,0021500568,2016-01-11,MIA @ GSW,L,36,5,10,0.5,2,4,0.5,1,2,0.5,0,5,5,5,0,0,3,2,13,-12,23.5,1,2015-16
22015,204020,Tyler Johnson,1610612748,MIA,Miami Heat,0021500568,2016-01-11,MIA @ GSW,L,28,6,7,0.857,0,0,,1,1,1.0,0,3,3,5,0,0,1,3,13,4,23.1,1,2015-16
22015,202388,Donald Sloan,1610612751,BKN,Brooklyn Nets,0021500566,2016-01-11,BKN vs. SAS,L,24,1,4,0.25,0,1,0.0,0,0,,0,0,0,5,0,1,1,1,2,-14,11.5,1,2015-16
22015,203499,Shane Larkin,1610612751,BKN,Brooklyn Nets,0021500566,2016-01-11,BKN vs. SAS,L,24,2,3,0.667,0,0,,1,2,0.5,1,1,2,6,1,0,2,1,5,-13,17.4,1,2015-16
22015,203900,Markel Brown,1610612751,BKN,Brooklyn Nets,0021500566,2016-01-11,BKN vs. SAS,L,13,0,3,0.0,0,2,0.0,0,0,,0,1,1,1,0,0,1,2,0,-5,1.7,1,2015-16
22015,1495,Tim Duncan,1610612759,SAS,San Antonio Spurs,0021500566,2016-01-11,SAS @ BKN,W,22,4,7,0.571,0,0,,0,0,,1,3,4,2,1,2,1,2,8,11,23.8,1,2015-16
22015,201988,Patty Mills,1610612759,SAS,San Antonio Spurs,0021500566,2016-01-11,SAS @ BKN,W,16,1,4,0.25,0,2,0.0,0,0,,0,0,0,2,0,0,1,0,2,4,4.0,1,2015-16
22015,202390,Gary Neal,1610612764,WAS,Washington Wizards,0021500567,2016-01-11,WAS @ CHI,W,15,4,9,0.444,1,1,1.0,2,2,1.0,2,0,2,3,2,0,2,2,11,1,21.9,1,2015-16
22015,201959,Taj Gibson,1610612741,CHI,Chicago Bulls,0021500567,2016-01-11,CHI vs. WAS,L,19,2,4,0.5,0,0,,0,0,,1,3,4,0,0,0,2,3,4,0,6.8,1,2015-16
22015,202734,E'Twaun Moore,1610612741,CHI,Chicago Bulls,0021500567,2016-01-11,CHI vs. WAS,L,5,1,2,0.5,1,2,0.5,0,0,,0,2,2,0,0,0,0,1,3,4,5.4,1,2015-16
22015,203946,Cameron Bairstow,1610612741,CHI,Chicago Bulls,0021500567,2016-01-11,CHI vs. WAS,L,5,0,2,0.0,0,0,,0,0,,0,1,1,0,0,0,0,1,0,4,1.2,1,2015-16
22015,1626171,Bobby Portis,1610612741,CHI,Chicago Bulls,0021500567,2016-01-11,CHI vs. WAS,L,11,1,3,0.333,0,0,,4,4,1.0,1,1,2,0,0,1,1,1,6,-8,10.4,1,2015-16
22015,201939,Stephen Curry,1610612744,GSW,Golden State Warriors,0021500568,2016-01-11,GSW vs. MIA,W,38,11,27,0.407,4,11,0.364,5,6,0.833,0,2,2,6,1,0,1,2,31,-3,44.4,1,2015-16
22015,203105,Festus Ezeli,1610612744,GSW,Golden State Warriors,0021500568,2016-01-11,GSW vs. MIA,W,5,0,0,,0,0,,1,2,0.5,0,2,2,0,0,0,0,0,1,7,3.4,1,2015-16
22015,203110,Draymond Green,1610612744,GSW,Golden State Warriors,0021500568,2016-01-11,GSW vs. MIA,W,36,8,14,0.571,0,2,0.0,6,11,0.545,3,9,12,6,1,0,2,2,22,-7,46.4,1,2015-16
22015,2548,Dwyane Wade,1610612748,MIA,Miami Heat,0021500568,2016-01-11,MIA @ GSW,L,33,6,20,0.3,0,0,,8,8,1.0,4,3,7,11,0,1,0,2,20,2,47.9,1,2015-16
22015,203080,Thomas Robinson,1610612751,BKN,Brooklyn Nets,0021500566,2016-01-11,BKN vs. SAS,L,13,4,7,0.571,0,0,,2,2,1.0,1,1,2,0,1,0,0,1,10,-8,15.4,1,2015-16
22015,1938,Manu Ginobili,1610612759,SAS,San Antonio Spurs,0021500566,2016-01-11,SAS @ BKN,W,18,4,5,0.8,1,1,1.0,0,0,,0,1,1,5,2,0,2,1,9,7,21.7,1,2015-16
22015,202695,Kawhi Leonard,1610612759,SAS,San Antonio Spurs,0021500566,2016-01-11,SAS @ BKN,W,30,6,14,0.429,2,5,0.4,3,3,1.0,2,6,8,0,1,0,1,1,17,19,28.6,1,2015-16
22015,2400,Drew Gooden,1610612764,WAS,Washington Wizards,0021500567,2016-01-11,WAS @ CHI,W,27,4,10,0.4,0,4,0.0,2,2,1.0,7,5,12,3,0,1,0,3,10,7,31.9,1,2015-16
22015,202322,John Wall,1610612764,WAS,Washington Wizards,0021500567,2016-01-11,WAS @ CHI,W,35,7,19,0.368,2,4,0.5,1,1,1.0,0,5,5,10,3,1,2,3,17,12,48.0,1,2015-16
22015,203490,Otto Porter Jr.,1610612764,WAS,Washington Wizards,0021500567,2016-01-11,WAS @ CHI,W,32,6,13,0.462,2,5,0.4,0,0,,1,7,8,2,2,0,0,3,14,6,32.6,1,2015-16
22015,1626162,Kelly Oubre Jr.,1610612764,WAS,Washington Wizards,0021500567,2016-01-11,WAS @ CHI,W,13,1,6,0.167,0,1,0.0,0,0,,1,2,3,0,0,2,0,0,2,8,11.6,1,2015-16
22015,201149,Joakim Noah,1610612741,CHI,Chicago Bulls,0021500567,2016-01-11,CHI vs. WAS,L,19,0,7,0.0,0,0,,0,0,,4,5,9,4,1,0,2,3,0,-9,17.8,1,2015-16
22015,203503,Tony Snell,1610612741,CHI,Chicago Bulls,0021500567,2016-01-11,CHI vs. WAS,L,21,1,5,0.2,0,3,0.0,2,2,1.0,0,1,1,0,0,0,1,2,4,-1,4.2,1,2015-16
22015,2405,Amar'e Stoudemire,1610612748,MIA,Miami Heat,0021500568,2016-01-11,MIA @ GSW,L,5,3,4,0.75,0,0,,0,0,,1,1,2,0,0,0,0,1,6,-4,8.4,1,2015-16
22015,2547,Chris Bosh,1610612748,MIA,Miami Heat,0021500568,2016-01-11,MIA @ GSW,L,36,6,15,0.4,0,5,0.0,3,4,0.75,2,10,12,4,0,2,4,1,15,0,37.4,1,2015-16
22015,203186,Willie Reed,1610612751,BKN,Brooklyn Nets,0021500566,2016-01-11,BKN vs. SAS,L,8,1,2,0.5,0,0,,0,0,,1,0,1,0,0,0,2,0,2,-9,1.2,1,2015-16
22015,2561,David West,1610612759,SAS,San Antonio Spurs,0021500566,2016-01-11,SAS @ BKN,W,15,4,5,0.8,0,0,,0,0,,0,2,2,1,1,0,2,1,8,5,12.9,1,2015-16
22015,203937,Kyle Anderson,1610612759,SAS,San Antonio Spurs,0021500566,2016-01-11,SAS @ BKN,W,17,1,2,0.5,0,1,0.0,3,4,0.75,0,4,4,3,0,0,1,1,5,7,13.3,1,2015-16
22015,2403,Nene,1610612764,WAS,Washington Wizards,0021500567,2016-01-11,WAS @ CHI,W,20,7,11,0.636,0,0,,0,0,,0,2,2,2,1,1,1,1,14,8,24.4,1,2015-16
22015,201196,Ramon Sessions,1610612764,WAS,Washington Wizards,0021500567,2016-01-11,WAS @ CHI,W,24,6,10,0.6,0,2,0.0,4,5,0.8,0,5,5,4,1,0,1,2,16,11,30.0,1,2015-16
22015,201971,DeJuan Blair,1610612764,WAS,Washington Wizards,0021500567,2016-01-11,WAS @ CHI,W,13,4,6,0.667,0,0,,0,0,,0,3,3,1,0,0,0,2,8,4,13.1,1,2015-16
22015,202066,Garrett Temple,1610612764,WAS,Washington Wizards,0021500567,2016-01-11,WAS @ CHI,W,30,6,10,0.6,2,4,0.5,0,0,,1,0,1,2,1,2,1,3,14,11,26.2,1,2015-16
22015,2733,Shaun Livingston,1610612744,GSW,Golden State Warriors,0021500568,2016-01-11,GSW vs. MIA,W,17,1,3,0.333,0,0,,0,0,,2,2,4,6,0,0,1,3,2,15,14.8,1,2015-16
22015,1626159,Justise Winslow,1610612748,MIA,Miami Heat,0021500568,2016-01-11,MIA @ GSW,L,26,3,8,0.375,1,3,0.333,0,0,,0,3,3,1,1,1,0,3,7,-7,18.1,1,2015-16
22015,201961,Wayne Ellington,1610612751,BKN,Brooklyn Nets,0021500566,2016-01-11,BKN vs. SAS,L,29,3,8,0.375,0,3,0.0,2,2,1.0,0,3,3,0,2,0,3,0,8,-12,14.6,1,2015-16
22015,200746,LaMarcus Aldridge,1610612759,SAS,San Antonio Spurs,0021500566,2016-01-11,SAS @ BKN,W,28,12,17,0.706,0,0,,1,1,1.0,4,7,11,2,0,0,0,2,25,21,41.2,1,2015-16
22015,204067,Jarell Eddie,1610612764,WAS,Washington Wizards,0021500567,2016-01-11,WAS @ CHI,W,2,0,0,,0,0,,0,0,,0,0,0,0,0,0,0,0,0,-1,0.0,1,2015-16
22015,202340,Avery Bradley,1610612738,BOS,Boston Celtics,0021500571,2016-01-12,BOS @ NYK,L,38,5,12,0.417,0,3,0.0,0,0,,1,1,2,1,0,1,3,3,10,-7,13.9,1,2015-16
22015,202389,Timofey Mozgov,1610612739,CLE,Cleveland Cavaliers,0021500575,2016-01-12,CLE @ DAL,W,21,4,6,0.667,0,0,,2,2,1.0,5,4,9,0,2,1,0,1,10,18,29.8,1,2015-16
22015,202681,Kyrie Irving,1610612739,CLE,Cleveland Cavaliers,0021500575,2016-01-12,CLE @ DAL,W,39,8,20,0.4,3,8,0.375,3,4,0.75,0,2,2,9,1,0,3,2,22,-4,37.9,1,2015-16
22015,201582,Alexis Ajinca,1610612740,NOP,New Orleans Pelicans,0021500576,2016-01-12,NOP @ LAL,L,22,4,8,0.5,0,0,,2,2,1.0,5,5,10,2,0,1,2,4,10,-7,26.0,1,2015-16
22015,201967,Dante Cunningham,1610612740,NOP,New Orleans Pelicans,0021500576,2016-01-12,NOP @ LAL,L,17,0,3,0.0,0,3,0.0,0,0,,0,3,3,1,0,1,0,5,0,6,8.1,1,2015-16
22015,202708,Norris Cole,1610612740,NOP,New Orleans Pelicans,0021500576,2016-01-12,NOP @ LAL,L,32,5,13,0.385,1,1,1.0,0,0,,0,3,3,4,0,1,0,3,11,-9,23.6,1,2015-16
22015,203503,Tony Snell,1610612741,CHI,Chicago Bulls,0021500573,2016-01-12,CHI @ MIL,L,30,7,11,0.636,3,7,0.429,0,0,,1,6,7,1,1,0,3,4,17,7,26.9,1,2015-16
22015,201580,JaVale McGee,1610612742,DAL,Dallas Mavericks,0021500575,2016-01-12,DAL vs. CLE,L,18,4,4,1.0,0,0,,2,4,0.5,0,1,1,0,0,3,1,1,10,-15,19.2,1,2015-16
22015,203939,Dwight Powell,1610612742,DAL,Dallas Mavericks,0021500575,2016-01-12,DAL vs. CLE,L,4,0,2,0.0,0,0,,0,0,,0,0,0,0,0,0,0,1,0,-2,0.0,1,2015-16
22015,201935,James Harden,1610612745,HOU,Houston Rockets,0021500572,2016-01-12,HOU @ MEM,W,33,6,13,0.462,4,9,0.444,9,10,0.9,1,4,5,5,1,0,6,4,25,7,35.5,1,2015-16
22015,201579,Roy Hibbert,1610612747,LAL,Los Angeles Lakers,0021500576,2016-01-12,LAL vs. NOP,W,25,3,8,0.375,0,0,,2,2,1.0,1,4,5,0,0,2,0,0,8,0,20.0,1,2015-16
22015,203948,Johnny O'Bryant III,1610612749,MIL,Milwaukee Bucks,0021500573,2016-01-12,MIL vs. CHI,W,4,0,0,,0,0,,0,0,,1,0,1,0,0,0,0,0,0,-4,1.2,1,2015-16
22015,708,Kevin Garnett,1610612750,MIN,Minnesota Timberwolves,0021500574,2016-01-12,MIN vs. OKC,L,9,0,1,0.0,0,0,,0,0,,0,3,3,1,0,0,0,1,0,-11,5.1,1,2015-16
22015,2419,Tayshaun Prince,1610612750,MIN,Minnesota Timberwolves,0021500574,2016-01-12,MIN vs. OKC,L,14,1,3,0.333,0,0,,0,0,,1,1,2,0,0,0,0,1,2,-17,4.4,1,2015-16
22015,203476,Gorgui Dieng,1610612750,MIN,Minnesota Timberwolves,0021500574,2016-01-12,MIN vs. OKC,L,32,1,3,0.333,0,0,,0,0,,1,5,6,2,1,6,2,2,2,11,31.2,1,2015-16
22015,203897,Zach LaVine,1610612750,MIN,Minnesota Timberwolves,0021500574,2016-01-12,MIN vs. OKC,L,27,7,12,0.583,3,4,0.75,4,6,0.667,0,9,9,4,0,0,3,3,21,6,34.8,1,2015-16
22015,201588,George Hill,1610612754,IND,Indiana Pacers,0021500569,2016-01-12,IND vs. PHX,W,37,8,13,0.615,4,8,0.5,0,0,,0,3,3,5,0,0,2,0,20,26,29.1,1,2015-16
22015,201941,Jordan Hill,1610612754,IND,Indiana Pacers,0021500569,2016-01-12,IND vs. PHX,W,20,1,5,0.2,0,0,,6,8,0.75,2,3,5,3,1,0,0,3,8,1,21.5,1,2015-16
22015,1626202,Joe Young,1610612754,IND,Indiana Pacers,0021500569,2016-01-12,IND vs. PHX,W,2,1,1,1.0,0,0,,0,0,,0,0,0,2,1,0,0,1,2,0,8.0,1,2015-16
22015,202693,Markieff Morris,1610612756,PHX,Phoenix Suns,0021500569,2016-01-12,PHX @ IND,L,27,7,18,0.389,0,4,0.0,2,3,0.667,2,7,9,1,1,0,3,4,16,-10,28.3,1,2015-16
22015,1626164,Devin Booker,1610612756,PHX,Phoenix Suns,0021500569,2016-01-12,PHX @ IND,L,29,8,12,0.667,1,2,0.5,2,3,0.667,1,1,2,2,0,1,4,5,19,-10,23.4,1,2015-16
22015,1938,Manu Ginobili,1610612759,SAS,San Antonio Spurs,0021500570,2016-01-12,SAS @ DET,W,27,5,12,0.417,2,5,0.4,3,4,0.75,0,5,5,2,1,1,1,3,15,8,29.0,1,2015-16
22015,2564,Boris Diaw,1610612759,SAS,San Antonio Spurs,0021500570,2016-01-12,SAS @ DET,W,26,4,8,0.5,0,1,0.0,4,4,1.0,1,2,3,3,0,0,3,2,12,2,17.1,1,2015-16
22015,202695,Kawhi Leonard,1610612759,SAS,San Antonio Spurs,0021500570,2016-01-12,SAS @ DET,W,34,1,7,0.143,0,2,0.0,5,7,0.714,1,4,5,1,1,1,3,3,7,11,17.5,1,2015-16
22015,203613,Jonathon Simmons,1610612759,SAS,San Antonio Spurs,0021500570,2016-01-12,SAS @ DET,W,6,0,2,0.0,0,1,0.0,0,0,,0,0,0,0,0,1,1,2,0,3,2.0,1,2015-16
22015,2754,Tony Allen,1610612763,MEM,Memphis Grizzlies,0021500572,2016-01-12,MEM vs. HOU,L,32,6,12,0.5,2,4,0.5,3,4,0.75,4,3,7,4,2,0,4,5,17,-9,33.4,1,2015-16
22015,201188,Marc Gasol,1610612763,MEM,Memphis Grizzlies,0021500572,2016-01-12,MEM vs. HOU,L,40,8,15,0.533,0,0,,4,5,0.8,1,4,5,3,2,3,2,3,20,-11,43.5,1,2015-16
22015,201584,Courtney Lee,1610612763,MEM,Memphis Grizzlies,0021500572,2016-01-12,MEM vs. HOU,L,37,6,12,0.5,3,5,0.6,1,3,0.333,2,1,3,1,1,0,3,2,16,1,21.1,1,2015-16
22015,203516,James Ennis III,1610612763,MEM,Memphis Grizzlies,0021500572,2016-01-12,MEM vs. HOU,L,2,1,2,0.5,0,1,0.0,0,0,,0,0,0,0,0,0,0,0,2,-3,2.0,1,2015-16
22015,201202,Joel Anthony,1610612765,DET,Detroit Pistons,0021500570,2016-01-12,DET vs. SAS,L,1,1,1,1.0,0,0,,0,0,,0,0,0,0,0,0,0,1,2,-2,2.0,1,2015-16
22015,201973,Jonas Jerebko,1610612738,BOS,Boston Celtics,0021500571,2016-01-12,BOS @ NYK,L,24,2,3,0.667,2,2,1.0,0,0,,2,2,4,3,2,0,0,0,6,5,21.3,1,2015-16
22015,203096,Jared Sullinger,1610612738,BOS,Boston Celtics,0021500571,2016-01-12,BOS @ NYK,L,20,6,10,0.6,0,0,,2,3,0.667,1,6,7,0,0,0,0,2,14,-8,22.4,1,2015-16
22015,201583,Ryan Anderson,1610612740,NOP,New Orleans Pelicans,0021500576,2016-01-12,NOP @ LAL,L,42,7,19,0.368,1,5,0.2,0,1,0.0,4,3,7,2,0,1,3,2,15,2,26.4,1,2015-16
22015,202337,Luke Babbitt,1610612740,NOP,New Orleans Pelicans,0021500576,2016-01-12,NOP @ LAL,L,5,0,0,,0,0,,0,0,,0,1,1,0,0,0,0,2,0,-1,1.2,1,2015-16
22015,201166,Aaron Brooks,1610612741,CHI,Chicago Bulls,0021500573,2016-01-12,CHI @ MIL,L,17,3,7,0.429,2,4,0.5,1,2,0.5,0,2,2,2,0,0,0,3,9,3,14.4,1,2015-16
22015,2734,Devin Harris,1610612742,DAL,Dallas Mavericks,0021500575,2016-01-12,DAL vs. CLE,L,19,2,6,0.333,1,3,0.333,0,0,,0,0,0,4,1,0,0,2,5,-19,14.0,1,2015-16
22015,101114,Deron Williams,1610612742,DAL,Dallas Mavericks,0021500575,2016-01-12,DAL vs. CLE,L,43,6,13,0.462,0,3,0.0,4,4,1.0,0,2,2,10,1,1,5,3,16,4,34.4,1,2015-16
22015,1891,Jason Terry,1610612745,HOU,Houston Rockets,0021500572,2016-01-12,HOU @ MEM,W,19,1,6,0.167,1,4,0.25,0,0,,0,1,1,6,0,0,1,2,3,8,12.2,1,2015-16
22015,2730,Dwight Howard,1610612745,HOU,Houston Rockets,0021500572,2016-01-12,HOU @ MEM,W,38,6,10,0.6,0,0,,5,5,1.0,6,8,14,1,1,2,1,4,17,14,43.3,1,2015-16
22015,203093,Terrence Jones,1610612745,HOU,Houston Rockets,0021500572,2016-01-12,HOU @ MEM,W,30,6,10,0.6,3,5,0.6,5,6,0.833,3,1,4,3,3,1,2,2,20,13,39.3,1,2015-16
22015,203991,Clint Capela,1610612745,HOU,Houston Rockets,0021500572,2016-01-12,HOU @ MEM,W,26,0,4,0.0,0,0,,1,2,0.5,3,4,7,1,1,1,1,2,1,4,15.9,1,2015-16
22015,201156,Nick Young,1610612747,LAL,Los Angeles Lakers,0021500576,2016-01-12,LAL vs. NOP,W,9,0,2,0.0,0,1,0.0,0,0,,0,0,0,0,1,1,0,0,0,-4,6.0,1,2015-16
22015,203903,Jordan Clarkson,1610612747,LAL,Los Angeles Lakers,0021500576,2016-01-12,LAL vs. NOP,W,37,5,17,0.294,1,6,0.167,7,9,0.778,4,3,7,2,2,0,3,4,18,7,32.4,1,2015-16
22015,1626156,D'Angelo Russell,1610612747,LAL,Los Angeles Lakers,0021500576,2016-01-12,LAL vs. NOP,W,24,4,8,0.5,2,5,0.4,3,4,0.75,0,4,4,3,0,0,2,2,13,-1,20.3,1,2015-16
22015,201564,O.J. Mayo,1610612749,MIL,Milwaukee Bucks,0021500573,2016-01-12,MIL vs. CHI,W,26,2,9,0.222,1,4,0.25,0,0,,0,1,1,4,1,0,0,1,5,-1,15.2,1,2015-16
22015,203114,Khris Middleton,1610612749,MIL,Milwaukee Bucks,0021500573,2016-01-12,MIL vs. CHI,W,41,6,16,0.375,2,6,0.333,2,2,1.0,3,3,6,9,0,1,2,3,16,2,37.7,1,2015-16
22015,203487,Michael Carter-Williams,1610612749,MIL,Milwaukee Bucks,0021500573,2016-01-12,MIL vs. CHI,W,37,4,13,0.308,0,0,,3,5,0.6,0,4,4,6,3,0,0,3,11,5,33.8,1,2015-16
22015,202498,Lance Thomas,1610612752,NYK,New York Knicks,0021500571,2016-01-12,NYK vs. BOS,W,22,1,6,0.167,0,1,0.0,5,5,1.0,0,4,4,2,1,0,3,2,7,-3,14.8,1,2015-16
22015,203124,Kyle O'Quinn,1610612752,NYK,New York Knicks,0021500571,2016-01-12,NYK vs. BOS,W,2,0,0,,0,0,,0,0,,0,1,1,1,0,0,0,0,0,3,2.7,1,2015-16
22015,204001,Kristaps Porziņģis,1610612752,NYK,New York Knicks,0021500571,2016-01-12,NYK vs. BOS,W,27,10,18,0.556,3,9,0.333,3,4,0.75,1,5,6,2,2,2,0,6,26,0,48.2,1,2015-16
22015,1626170,Jerian Grant,1610612752,NYK,New York Knicks,0021500571,2016-01-12,NYK vs. BOS,W,23,5,6,0.833,1,1,1.0,5,6,0.833,0,1,1,8,1,1,0,1,16,3,35.2,1,2015-16
22015,101133,Ian Mahinmi,1610612754,IND,Indiana Pacers,0021500569,2016-01-12,IND vs. PHX,W,25,3,4,0.75,0,0,,4,7,0.571,1,4,5,2,2,0,1,5,10,14,24.0,1,2015-16
22015,201155,Rodney Stuckey,1610612754,IND,Indiana Pacers,0021500569,2016-01-12,IND vs. PHX,W,4,0,1,0.0,0,0,,0,0,,0,1,1,0,0,0,0,0,0,-2,1.2,1,2015-16
22015,202331,Paul George,1610612754,IND,Indiana Pacers,0021500569,2016-01-12,IND vs. PHX,W,27,6,12,0.5,1,6,0.167,8,8,1.0,0,7,7,1,2,2,3,4,21,16,39.9,1,2015-16
22015,202730,Lavoy Allen,1610612754,IND,Indiana Pacers,0021500569,2016-01-12,IND vs. PHX,W,22,4,5,0.8,0,0,,0,0,,3,4,7,1,1,1,1,3,8,15,22.9,1,2015-16
22015,203524,Solomon Hill,1610612754,IND,Indiana Pacers,0021500569,2016-01-12,IND vs. PHX,W,3,0,0,,0,0,,2,2,1.0,0,0,0,0,0,0,0,1,2,4,2.0,1,2015-16
22015,203922,Glenn Robinson III,1610612754,IND,Indiana Pacers,0021500569,2016-01-12,IND vs. PHX,W,19,1,4,0.25,0,0,,0,0,,2,2,4,1,0,1,2,1,2,-6,9.3,1,2015-16
22015,201603,Sonny Weems,1610612756,PHX,Phoenix Suns,0021500569,2016-01-12,PHX @ IND,L,2,1,1,1.0,0,0,,0,0,,0,0,0,0,0,0,0,0,2,0,2.0,1,2015-16
22015,202720,Jon Leuer,1610612756,PHX,Phoenix Suns,0021500569,2016-01-12,PHX @ IND,L,17,2,7,0.286,0,2,0.0,2,2,1.0,1,4,5,0,0,0,3,1,6,-8,9.0,1,2015-16
22015,203141,Mirza Teletovic,1610612756,PHX,Phoenix Suns,0021500569,2016-01-12,PHX @ IND,L,30,7,13,0.538,5,8,0.625,0,0,,1,4,5,2,0,0,2,4,19,1,26.0,1,2015-16
22015,201980,Danny Green,1610612759,SAS,San Antonio Spurs,0021500570,2016-01-12,SAS @ DET,W,27,2,3,0.667,2,3,0.667,0,0,,1,4,5,5,0,0,1,0,6,2,18.5,1,2015-16
22015,201566,Russell Westbrook,1610612760,OKC,Oklahoma City Thunder,0021500574,2016-01-12,OKC @ MIN,W,33,8,15,0.533,2,4,0.5,4,6,0.667,1,6,7,11,3,0,7,3,22,11,48.9,1,2015-16
22015,201627,Anthony Morrow,1610612760,OKC,Oklahoma City Thunder,0021500574,2016-01-12,OKC @ MIN,W,12,0,1,0.0,0,1,0.0,0,0,,0,2,2,0,0,0,0,2,0,-1,2.4,1,2015-16
22015,203079,Dion Waiters,1610612760,OKC,Oklahoma City Thunder,0021500574,2016-01-12,OKC @ MIN,W,32,2,8,0.25,1,1,1.0,0,0,,0,4,4,4,3,0,1,3,5,-1,23.8,1,2015-16
22015,101141,Ersan Ilyasova,1610612765,DET,Detroit Pistons,0021500570,2016-01-12,DET vs. SAS,L,26,3,9,0.333,0,3,0.0,0,0,,0,6,6,0,1,0,3,2,6,-15,13.2,1,2015-16
22015,202694,Marcus Morris Sr.,1610612765,DET,Detroit Pistons,0021500570,2016-01-12,DET vs. SAS,L,28,1,6,0.167,0,3,0.0,2,2,1.0,0,5,5,3,1,0,0,3,4,-12,17.5,1,2015-16
22015,202704,Reggie Jackson,1610612765,DET,Detroit Pistons,0021500570,2016-01-12,DET vs. SAS,L,31,3,13,0.231,0,3,0.0,4,4,1.0,0,1,1,11,1,0,5,0,10,-6,25.7,1,2015-16
22015,101161,Amir Johnson,1610612738,BOS,Boston Celtics,0021500571,2016-01-12,BOS @ NYK,L,26,5,6,0.833,0,1,0.0,1,2,0.5,3,3,6,2,1,1,1,4,11,-2,26.2,1,2015-16
22015,202738,Isaiah Thomas,1610612738,BOS,Boston Celtics,0021500571,2016-01-12,BOS @ NYK,L,35,11,23,0.478,1,8,0.125,11,12,0.917,0,3,3,8,1,1,2,0,34,-9,53.6,1,2015-16
22015,203482,Kelly Olynyk,1610612738,BOS,Boston Celtics,0021500571,2016-01-12,BOS @ NYK,L,11,2,5,0.4,1,2,0.5,0,0,,0,4,4,2,0,0,1,3,5,-1,11.8,1,2015-16
22015,2210,Richard Jefferson,1610612739,CLE,Cleveland Cavaliers,0021500575,2016-01-12,CLE @ DAL,W,13,1,4,0.25,0,2,0.0,0,0,,0,3,3,1,0,0,0,2,2,5,7.1,1,2015-16
22015,2544,LeBron James,1610612739,CLE,Cleveland Cavaliers,0021500575,2016-01-12,CLE @ DAL,W,42,9,17,0.529,3,6,0.5,6,8,0.75,3,7,10,7,2,0,4,2,27,2,51.5,1,2015-16
22015,201567,Kevin Love,1610612739,CLE,Cleveland Cavaliers,0021500575,2016-01-12,CLE @ DAL,W,37,5,19,0.263,3,9,0.333,2,2,1.0,6,5,11,0,0,2,0,3,15,-6,34.2,1,2015-16
22015,201569,Eric Gordon,1610612740,NOP,New Orleans Pelicans,0021500576,2016-01-12,NOP @ LAL,L,27,6,9,0.667,1,3,0.333,1,1,1.0,0,2,2,1,0,1,1,3,14,-4,19.9,1,2015-16
22015,201600,Omer Asik,1610612740,NOP,New Orleans Pelicans,0021500576,2016-01-12,NOP @ LAL,L,18,0,3,0.0,0,0,,1,2,0.5,2,11,13,2,1,1,0,1,1,7,25.6,1,2015-16
22015,201149,Joakim Noah,1610612741,CHI,Chicago Bulls,0021500573,2016-01-12,CHI @ MIL,L,15,1,3,0.333,0,0,,1,2,0.5,4,3,7,2,0,0,0,3,3,-5,14.4,1,2015-16
22015,202703,Nikola Mirotic,1610612741,CHI,Chicago Bulls,0021500573,2016-01-12,CHI @ MIL,L,31,6,13,0.462,3,8,0.375,2,2,1.0,2,3,5,1,0,2,2,4,17,1,28.5,1,2015-16
22015,2585,Zaza Pachulia,1610612742,DAL,Dallas Mavericks,0021500575,2016-01-12,DAL vs. CLE,L,32,4,6,0.667,0,0,,6,6,1.0,4,8,12,3,0,1,2,1,14,15,33.9,1,2015-16
22015,201977,Marcus Thornton,1610612745,HOU,Houston Rockets,0021500572,2016-01-12,HOU @ MEM,W,15,5,10,0.5,3,5,0.6,3,3,1.0,1,1,2,1,0,0,1,2,16,7,18.9,1,2015-16
22015,977,Kobe Bryant,1610612747,LAL,Los Angeles Lakers,0021500576,2016-01-12,LAL vs. NOP,W,16,3,9,0.333,0,5,0.0,1,2,0.5,0,3,3,1,1,0,1,2,7,-6,14.1,1,2015-16
22015,101138,Brandon Bass,1610612747,LAL,Los Angeles Lakers,0021500576,2016-01-12,LAL vs. NOP,W,15,3,8,0.375,0,0,,0,0,,2,1,3,1,0,0,1,1,6,0,10.1,1,2015-16
22015,202328,Greg Monroe,1610612749,MIL,Milwaukee Bucks,0021500573,2016-01-12,MIL vs. CHI,W,37,7,13,0.538,0,0,,3,3,1.0,4,8,12,1,1,1,0,1,17,14,38.9,1,2015-16
22015,203498,Shabazz Muhammad,1610612750,MIN,Minnesota Timberwolves,0021500574,2016-01-12,MIN vs. OKC,L,34,8,15,0.533,1,4,0.25,3,4,0.75,1,3,4,3,0,0,3,0,20,12,26.3,1,2015-16
22015,101181,Jose Calderon,1610612752,NYK,New York Knicks,0021500571,2016-01-12,NYK vs. BOS,W,30,0,2,0.0,0,2,0.0,0,0,,1,2,3,5,1,0,1,1,0,8,13.1,1,2015-16
22015,200811,Lou Amundson,1610612752,NYK,New York Knicks,0021500571,2016-01-12,NYK vs. BOS,W,3,0,1,0.0,0,0,,0,0,,0,1,1,0,0,0,1,1,0,-4,0.2,1,2015-16
22015,201167,Arron Afflalo,1610612752,NYK,New York Knicks,0021500571,2016-01-12,NYK vs. BOS,W,41,9,18,0.5,1,2,0.5,5,5,1.0,0,3,3,1,0,0,0,1,24,8,29.1,1,2015-16
22015,202338,Kevin Seraphin,1610612752,NYK,New York Knicks,0021500571,2016-01-12,NYK vs. BOS,W,2,0,1,0.0,0,0,,0,0,,1,0,1,0,0,0,0,0,0,-1,1.2,1,2015-16
22015,101145,Monta Ellis,1610612754,IND,Indiana Pacers,0021500569,2016-01-12,IND vs. PHX,W,34,6,14,0.429,1,3,0.333,1,2,0.5,0,0,0,7,4,0,2,1,14,19,34.5,1,2015-16
22015,203462,Archie Goodwin,1610612756,PHX,Phoenix Suns,0021500569,2016-01-12,PHX @ IND,L,31,4,8,0.5,0,1,0.0,4,10,0.4,0,2,2,3,1,2,1,2,12,-19,26.9,1,2015-16
22015,1495,Tim Duncan,1610612759,SAS,San Antonio Spurs,0021500570,2016-01-12,SAS @ DET,W,30,5,8,0.625,0,0,,4,5,0.8,2,7,9,3,4,2,2,3,14,6,45.3,1,2015-16
22015,1626166,Cameron Payne,1610612760,OKC,Oklahoma City Thunder,0021500574,2016-01-12,OKC @ MIN,W,15,2,7,0.286,2,4,0.5,0,0,,0,2,2,2,0,0,2,2,6,-6,9.4,1,2015-16
22015,1713,Vince Carter,1610612763,MEM,Memphis Grizzlies,0021500572,2016-01-12,MEM vs. HOU,L,20,3,7,0.429,0,1,0.0,4,4,1.0,2,1,3,2,0,0,1,1,10,-13,15.6,1,2015-16
22015,2216,Zach Randolph,1610612763,MEM,Memphis Grizzlies,0021500572,2016-01-12,MEM vs. HOU,L,33,5,10,0.5,0,1,0.0,0,0,,4,5,9,0,0,0,2,4,10,-9,18.8,1,2015-16
22015,201145,Jeff Green,1610612763,MEM,Memphis Grizzlies,0021500572,2016-01-12,MEM vs. HOU,L,15,0,2,0.0,0,0,,3,4,0.75,0,0,0,2,0,0,1,2,3,-10,5.0,1,2015-16
22015,201943,Brandon Jennings,1610612765,DET,Detroit Pistons,0021500570,2016-01-12,DET vs. SAS,L,18,4,9,0.444,0,2,0.0,1,1,1.0,0,0,0,4,0,0,1,1,9,-6,14.0,1,2015-16
22015,202323,Evan Turner,1610612738,BOS,Boston Celtics,0021500571,2016-01-12,BOS @ NYK,L,28,3,10,0.3,1,5,0.2,0,0,,0,2,2,4,1,0,1,2,7,-2,17.4,1,2015-16
22015,203109,Jae Crowder,1610612738,BOS,Boston Celtics,0021500571,2016-01-12,BOS @ NYK,L,34,6,10,0.6,3,6,0.5,6,7,0.857,0,8,8,1,0,1,1,1,21,-8,34.1,1,2015-16
22015,203935,Marcus Smart,1610612738,BOS,Boston Celtics,0021500571,2016-01-12,BOS @ NYK,L,25,2,7,0.286,1,2,0.5,1,2,0.5,0,6,6,4,0,0,0,5,6,2,19.2,1,2015-16
22015,202684,Tristan Thompson,1610612739,CLE,Cleveland Cavaliers,0021500575,2016-01-12,CLE @ DAL,W,23,1,2,0.5,0,0,,0,0,,1,5,6,1,0,0,0,2,2,-19,10.7,1,2015-16
22015,203521,Matthew Dellavedova,1610612739,CLE,Cleveland Cavaliers,0021500575,2016-01-12,CLE @ DAL,W,27,4,11,0.364,4,7,0.571,0,0,,2,0,2,5,1,0,0,4,12,21,24.9,1,2015-16
22015,202087,Alonzo Gee,1610612740,NOP,New Orleans Pelicans,0021500576,2016-01-12,NOP @ LAL,L,16,1,1,1.0,0,0,,3,4,0.75,1,1,2,0,0,0,0,2,5,-7,7.4,1,2015-16
22015,2550,Kirk Hinrich,1610612741,CHI,Chicago Bulls,0021500573,2016-01-12,CHI @ MIL,L,12,0,2,0.0,0,1,0.0,0,0,,0,3,3,1,0,0,0,1,0,-8,5.1,1,2015-16
22015,201959,Taj Gibson,1610612741,CHI,Chicago Bulls,0021500573,2016-01-12,CHI @ MIL,L,26,2,5,0.4,0,0,,2,2,1.0,4,5,9,1,0,0,2,3,6,-12,16.3,1,2015-16
22015,203926,Doug McDermott,1610612741,CHI,Chicago Bulls,0021500573,2016-01-12,CHI @ MIL,L,6,0,2,0.0,0,0,,0,0,,1,0,1,0,0,0,0,0,0,2,1.2,1,2015-16
22015,200826,J.J. Barea,1610612742,DAL,Dallas Mavericks,0021500575,2016-01-12,DAL vs. CLE,L,12,2,4,0.5,1,3,0.333,2,2,1.0,0,2,2,1,0,0,0,1,7,-4,10.9,1,2015-16
22015,202083,Wesley Matthews,1610612742,DAL,Dallas Mavericks,0021500575,2016-01-12,DAL vs. CLE,L,42,3,11,0.273,3,8,0.375,2,2,1.0,1,6,7,2,0,0,0,3,11,6,22.4,1,2015-16
22015,2772,Trevor Ariza,1610612745,HOU,Houston Rockets,0021500572,2016-01-12,HOU @ MEM,W,30,4,11,0.364,2,5,0.4,0,1,0.0,1,1,2,2,3,0,0,0,10,3,24.4,1,2015-16
22015,1626149,Montrezl Harrell,1610612745,HOU,Houston Rockets,0021500572,2016-01-12,HOU @ MEM,W,2,0,0,,0,0,,0,0,,0,0,0,0,0,0,0,0,0,3,0.0,1,2015-16
22015,203944,Julius Randle,1610612747,LAL,Los Angeles Lakers,0021500576,2016-01-12,LAL vs. NOP,W,25,3,8,0.375,0,0,,1,2,0.5,2,9,11,0,1,0,1,2,7,2,22.2,1,2015-16
22015,1626148,Anthony Brown,1610612747,LAL,Los Angeles Lakers,0021500576,2016-01-12,LAL vs. NOP,W,23,3,5,0.6,2,4,0.5,1,3,0.333,0,4,4,0,0,0,0,0,9,14,13.8,1,2015-16
22015,2755,Kevin Martin,1610612750,MIN,Minnesota Timberwolves,0021500574,2016-01-12,MIN vs. OKC,L,13,2,7,0.286,0,2,0.0,2,3,0.667,0,0,0,2,1,0,0,1,6,1,12.0,1,2015-16
22015,201937,Ricky Rubio,1610612750,MIN,Minnesota Timberwolves,0021500574,2016-01-12,MIN vs. OKC,L,21,1,5,0.2,1,3,0.333,0,0,,0,2,2,6,1,0,3,1,3,-11,14.4,1,2015-16
22015,203952,Andrew Wiggins,1610612750,MIN,Minnesota Timberwolves,0021500574,2016-01-12,MIN vs. OKC,L,35,8,19,0.421,0,2,0.0,6,8,0.75,3,2,5,2,1,0,3,3,22,-6,31.0,1,2015-16
22015,1626157,Karl-Anthony Towns,1610612750,MIN,Minnesota Timberwolves,0021500574,2016-01-12,MIN vs. OKC,L,28,6,14,0.429,0,1,0.0,2,2,1.0,5,5,10,1,0,0,3,1,14,-20,24.5,1,2015-16
22015,2546,Carmelo Anthony,1610612752,NYK,New York Knicks,0021500571,2016-01-12,NYK vs. BOS,W,18,7,10,0.7,2,2,1.0,1,1,1.0,0,4,4,3,0,0,2,1,17,10,24.3,1,2015-16
22015,202682,Derrick Williams,1610612752,NYK,New York Knicks,0021500571,2016-01-12,NYK vs. BOS,W,29,5,11,0.455,0,2,0.0,5,5,1.0,1,9,10,0,0,0,2,0,15,7,25.0,1,2015-16
22015,101139,CJ Miles,1610612754,IND,Indiana Pacers,0021500569,2016-01-12,IND vs. PHX,W,31,6,13,0.462,4,6,0.667,3,4,0.75,0,8,8,2,1,1,1,1,19,19,36.6,1,2015-16
22015,1626167,Myles Turner,1610612754,IND,Indiana Pacers,0021500569,2016-01-12,IND vs. PHX,W,2,2,2,1.0,0,0,,0,0,,0,0,0,0,0,0,0,1,4,0,4.0,1,2015-16
22015,203937,Kyle Anderson,1610612759,SAS,San Antonio Spurs,0021500570,2016-01-12,SAS @ DET,W,3,0,0,,0,0,,0,0,,0,1,1,0,0,0,0,0,0,-2,1.2,1,2015-16
22015,1626246,Boban Marjanovic,1610612759,SAS,San Antonio Spurs,0021500570,2016-01-12,SAS @ DET,W,4,0,0,,0,0,,0,0,,0,1,1,1,0,0,0,0,0,5,2.7,1,2015-16
22015,2555,Nick Collison,1610612760,OKC,Oklahoma City Thunder,0021500574,2016-01-12,OKC @ MIN,W,10,0,1,0.0,0,0,,0,2,0.0,0,0,0,0,0,0,0,0,0,-4,0.0,1,2015-16
22015,201142,Kevin Durant,1610612760,OKC,Oklahoma City Thunder,0021500574,2016-01-12,OKC @ MIN,W,36,11,25,0.44,2,9,0.222,6,6,1.0,1,6,7,3,1,0,3,5,30,6,42.9,1,2015-16
22015,201586,Serge Ibaka,1610612760,OKC,Oklahoma City Thunder,0021500574,2016-01-12,OKC @ MIN,W,37,3,8,0.375,2,2,1.0,0,0,,1,7,8,0,1,2,1,2,8,9,25.6,1,2015-16
22015,203500,Steven Adams,1610612760,OKC,Oklahoma City Thunder,0021500574,2016-01-12,OKC @ MIN,W,28,3,3,1.0,0,0,,2,2,1.0,2,3,5,0,0,1,1,0,8,11,16.0,1,2015-16
22015,201229,Anthony Tolliver,1610612765,DET,Detroit Pistons,0021500570,2016-01-12,DET vs. SAS,L,22,3,6,0.5,2,5,0.4,1,3,0.333,0,4,4,1,0,0,0,0,9,5,15.3,1,2015-16
22015,203083,Andre Drummond,1610612765,DET,Detroit Pistons,0021500570,2016-01-12,DET vs. SAS,L,28,8,13,0.615,0,0,,1,6,0.167,4,6,10,0,2,1,1,4,17,-1,37.0,1,2015-16
22015,2747,JR Smith,1610612739,CLE,Cleveland Cavaliers,0021500575,2016-01-12,CLE @ DAL,W,40,4,7,0.571,2,5,0.4,0,0,,0,1,1,3,3,0,0,1,10,3,24.7,1,2015-16
22015,202697,Iman Shumpert,1610612739,CLE,Cleveland Cavaliers,0021500575,2016-01-12,CLE @ DAL,W,23,4,11,0.364,2,7,0.286,0,0,,0,2,2,2,3,1,2,4,10,-5,25.4,1,2015-16
22015,201950,Jrue Holiday,1610612740,NOP,New Orleans Pelicans,0021500576,2016-01-12,NOP @ LAL,L,26,7,18,0.389,0,4,0.0,0,0,,0,5,5,4,0,0,0,1,14,-5,26.0,1,2015-16
22015,2200,Pau Gasol,1610612741,CHI,Chicago Bulls,0021500573,2016-01-12,CHI @ MIL,L,36,4,12,0.333,1,1,1.0,1,2,0.5,5,9,14,5,1,4,2,3,10,3,47.3,1,2015-16
22015,201565,Derrick Rose,1610612741,CHI,Chicago Bulls,0021500573,2016-01-12,CHI @ MIL,L,22,3,9,0.333,1,3,0.333,2,2,1.0,1,0,1,3,1,0,3,2,9,-9,14.7,1,2015-16
22015,1717,Dirk Nowitzki,1610612742,DAL,Dallas Mavericks,0021500575,2016-01-12,DAL vs. CLE,L,38,7,15,0.467,3,5,0.6,0,0,,1,10,11,3,0,0,3,1,17,7,31.7,1,2015-16
22015,101109,Raymond Felton,1610612742,DAL,Dallas Mavericks,0021500575,2016-01-12,DAL vs. CLE,L,16,1,4,0.25,0,0,,0,0,,0,1,1,1,0,2,2,1,2,-17,8.7,1,2015-16
22015,202718,Chandler Parsons,1610612742,DAL,Dallas Mavericks,0021500575,2016-01-12,DAL vs. CLE,L,41,10,14,0.714,3,6,0.5,2,4,0.5,1,7,8,1,2,0,3,2,25,10,39.1,1,2015-16
22015,201147,Corey Brewer,1610612745,HOU,Houston Rockets,0021500572,2016-01-12,HOU @ MEM,W,18,2,5,0.4,2,2,1.0,0,0,,1,2,3,0,0,0,1,2,6,13,8.6,1,2015-16
22015,201976,Patrick Beverley,1610612745,HOU,Houston Rockets,0021500572,2016-01-12,HOU @ MEM,W,29,3,8,0.375,3,5,0.6,0,0,,2,2,4,2,1,0,1,1,9,8,18.8,1,2015-16
22015,101150,Lou Williams,1610612747,LAL,Los Angeles Lakers,0021500576,2016-01-12,LAL vs. NOP,W,35,4,14,0.286,1,8,0.125,10,10,1.0,0,4,4,8,0,1,0,3,19,2,38.8,1,2015-16
22015,1626204,Larry Nance Jr.,1610612747,LAL,Los Angeles Lakers,0021500576,2016-01-12,LAL vs. NOP,W,31,4,8,0.5,0,0,,0,0,,2,4,6,1,2,0,0,3,8,6,22.7,1,2015-16
22015,203089,John Henson,1610612749,MIL,Milwaukee Bucks,0021500573,2016-01-12,MIL vs. CHI,W,22,4,8,0.5,0,0,,0,2,0.0,1,2,3,3,0,5,2,3,8,-12,29.1,1,2015-16
22015,203507,Giannis Antetokounmpo,1610612749,MIL,Milwaukee Bucks,0021500573,2016-01-12,MIL vs. CHI,W,31,10,14,0.714,0,1,0.0,9,14,0.643,3,7,10,5,1,1,0,4,29,19,54.5,1,2015-16
22015,203953,Jabari Parker,1610612749,MIL,Milwaukee Bucks,0021500573,2016-01-12,MIL vs. CHI,W,27,8,14,0.571,0,0,,0,2,0.0,2,1,3,0,3,0,1,3,16,7,27.6,1,2015-16
22015,1626173,Rashad Vaughn,1610612749,MIL,Milwaukee Bucks,0021500573,2016-01-12,MIL vs. CHI,W,16,2,6,0.333,0,2,0.0,0,0,,0,0,0,0,2,1,0,1,4,-5,13.0,1,2015-16
22015,202357,Nemanja Bjelica,1610612750,MIN,Minnesota Timberwolves,0021500574,2016-01-12,MIN vs. OKC,L,27,2,2,1.0,2,2,1.0,0,0,,0,4,4,1,3,0,1,2,6,10,20.3,1,2015-16
22015,201577,Robin Lopez,1610612752,NYK,New York Knicks,0021500571,2016-01-12,NYK vs. BOS,W,26,6,7,0.857,0,0,,3,4,0.75,2,3,5,1,0,1,2,4,15,9,23.5,1,2015-16
22015,204038,Langston Galloway,1610612752,NYK,New York Knicks,0021500571,2016-01-12,NYK vs. BOS,W,17,0,1,0.0,0,1,0.0,0,0,,0,0,0,1,0,1,0,0,0,-10,4.5,1,2015-16
22015,2199,Tyson Chandler,1610612756,PHX,Phoenix Suns,0021500569,2016-01-12,PHX @ IND,L,17,0,3,0.0,0,0,,1,2,0.5,2,4,6,2,1,0,0,1,1,-13,14.2,1,2015-16
22015,200782,P.J. Tucker,1610612756,PHX,Phoenix Suns,0021500569,2016-01-12,PHX @ IND,L,35,1,8,0.125,0,3,0.0,3,3,1.0,5,5,10,5,1,0,0,6,5,-21,27.5,1,2015-16
22015,203485,Lorenzo Brown,1610612756,PHX,Phoenix Suns,0021500569,2016-01-12,PHX @ IND,L,20,2,5,0.4,1,3,0.333,2,2,1.0,0,2,2,5,1,0,5,1,7,-4,14.9,1,2015-16
22015,203933,T.J. Warren,1610612756,PHX,Phoenix Suns,0021500569,2016-01-12,PHX @ IND,L,32,4,14,0.286,1,2,0.5,1,2,0.5,4,0,4,4,1,0,0,1,10,-11,23.8,1,2015-16
22015,2225,Tony Parker,1610612759,SAS,San Antonio Spurs,0021500570,2016-01-12,SAS @ DET,W,32,13,19,0.684,1,1,1.0,4,5,0.8,1,3,4,3,1,0,3,3,31,7,40.3,1,2015-16
22015,200746,LaMarcus Aldridge,1610612759,SAS,San Antonio Spurs,0021500570,2016-01-12,SAS @ DET,W,36,10,19,0.526,0,0,,2,2,1.0,5,8,13,1,1,0,3,3,22,5,39.1,1,2015-16
22015,201988,Patty Mills,1610612759,SAS,San Antonio Spurs,0021500570,2016-01-12,SAS @ DET,W,16,1,7,0.143,0,1,0.0,0,0,,0,3,3,1,1,0,0,1,2,3,10.1,1,2015-16
22015,202683,Enes Freedom,1610612760,OKC,Oklahoma City Thunder,0021500574,2016-01-12,OKC @ MIN,W,20,8,10,0.8,0,0,,2,2,1.0,3,1,4,0,1,0,0,1,18,-6,25.8,1,2015-16
22015,203460,Andre Roberson,1610612760,OKC,Oklahoma City Thunder,0021500574,2016-01-12,OKC @ MIN,W,18,2,6,0.333,0,1,0.0,0,0,,0,2,2,1,1,0,1,3,4,6,9.9,1,2015-16
22015,201596,Mario Chalmers,1610612763,MEM,Memphis Grizzlies,0021500572,2016-01-12,MEM vs. HOU,L,41,3,8,0.375,1,4,0.25,3,4,0.75,0,3,3,9,3,0,3,3,10,-10,33.1,1,2015-16
22015,202343,Elliot Williams,1610612763,MEM,Memphis Grizzlies,0021500572,2016-01-12,MEM vs. HOU,L,5,0,2,0.0,0,1,0.0,0,0,,0,0,0,1,0,0,1,0,0,-7,0.5,1,2015-16
22015,203210,JaMychal Green,1610612763,MEM,Memphis Grizzlies,0021500572,2016-01-12,MEM vs. HOU,L,14,1,2,0.5,1,1,1.0,0,0,,0,1,1,0,1,0,0,4,3,-9,7.2,1,2015-16
22015,203484,Kentavious Caldwell-Pope,1610612765,DET,Detroit Pistons,0021500570,2016-01-12,DET vs. SAS,L,43,9,14,0.643,4,6,0.667,3,4,0.75,1,2,3,2,3,0,1,5,25,-6,39.6,1,2015-16
22015,1626169,Stanley Johnson,1610612765,DET,Detroit Pistons,0021500570,2016-01-12,DET vs. SAS,L,24,0,7,0.0,0,1,0.0,2,2,1.0,0,3,3,1,0,0,1,4,2,-1,6.1,1,2015-16
22015,201936,Tyreke Evans,1610612740,NOP,New Orleans Pelicans,0021500576,2016-01-12,NOP @ LAL,L,34,8,17,0.471,3,7,0.429,2,4,0.5,0,5,5,4,1,0,5,4,21,-2,31.0,1,2015-16
22015,202710,Jimmy Butler III,1610612741,CHI,Chicago Bulls,0021500573,2016-01-12,CHI @ MIL,L,41,9,21,0.429,2,5,0.4,10,12,0.833,2,6,8,6,0,1,4,0,30,-2,47.6,1,2015-16
22015,1626171,Bobby Portis,1610612741,CHI,Chicago Bulls,0021500573,2016-01-12,CHI @ MIL,L,4,0,0,,0,0,,0,0,,0,0,0,0,0,1,1,2,0,-5,2.0,1,2015-16
22015,201978,Chase Budinger,1610612754,IND,Indiana Pacers,0021500569,2016-01-12,IND vs. PHX,W,13,3,5,0.6,0,1,0.0,0,0,,0,1,1,1,1,0,1,0,6,-11,10.7,1,2015-16
22015,203382,Aron Baynes,1610612765,DET,Detroit Pistons,0021500570,2016-01-12,DET vs. SAS,L,19,6,13,0.462,0,0,,3,4,0.75,6,3,9,0,0,1,0,4,15,-6,28.8,1,2015-16
22015,2594,Kyle Korver,1610612737,ATL,Atlanta Hawks,0021500577,2016-01-13,ATL @ CHA,L,23,2,6,0.333,2,4,0.5,1,1,1.0,0,2,2,0,0,0,1,1,7,-24,8.4,1,2015-16
22015,203118,Mike Scott,1610612737,ATL,Atlanta Hawks,0021500577,2016-01-13,ATL @ CHA,L,18,2,6,0.333,2,6,0.333,2,2,1.0,0,4,4,0,0,0,0,2,8,2,12.8,1,2015-16
22015,203488,Mike Muscala,1610612737,ATL,Atlanta Hawks,0021500577,2016-01-13,ATL @ CHA,L,9,2,3,0.667,0,0,,0,0,,1,4,5,0,0,0,0,0,4,2,10.0,1,2015-16
22015,201582,Alexis Ajinca,1610612740,NOP,New Orleans Pelicans,0021500585,2016-01-13,NOP @ SAC,W,10,0,0,,0,0,,0,0,,1,2,3,0,0,2,0,4,0,9,9.6,1,2015-16
22015,202087,Alonzo Gee,1610612740,NOP,New Orleans Pelicans,0021500585,2016-01-13,NOP @ SAC,W,18,2,4,0.5,1,1,1.0,0,0,,0,4,4,2,0,0,1,0,5,7,11.8,1,2015-16
22015,203076,Anthony Davis,1610612740,NOP,New Orleans Pelicans,0021500585,2016-01-13,NOP @ SAC,W,37,8,23,0.348,1,2,0.5,7,8,0.875,3,7,10,3,2,0,0,2,24,2,46.5,1,2015-16
22015,2734,Devin Harris,1610612742,DAL,Dallas Mavericks,0021500582,2016-01-13,DAL @ OKC,L,9,1,3,0.333,0,1,0.0,0,0,,0,0,0,1,0,0,1,0,2,-5,2.5,1,2015-16
22015,203939,Dwight Powell,1610612742,DAL,Dallas Mavericks,0021500582,2016-01-13,DAL @ OKC,L,32,2,12,0.167,0,2,0.0,4,5,0.8,3,6,9,2,2,0,2,2,8,-15,25.8,1,2015-16
22015,201574,Jason Thompson,1610612744,GSW,Golden State Warriors,0021500583,2016-01-13,GSW @ DEN,L,13,1,4,0.25,0,0,,2,2,1.0,1,3,4,1,0,1,0,3,4,3,13.3,1,2015-16
22015,1891,Jason Terry,1610612745,HOU,Houston Rockets,0021500581,2016-01-13,HOU vs. MIN,W,26,3,6,0.5,2,5,0.4,2,2,1.0,0,0,0,1,1,0,0,0,10,-3,14.5,1,2015-16
22015,201147,Corey Brewer,1610612745,HOU,Houston Rockets,0021500581,2016-01-13,HOU vs. MIN,W,15,3,5,0.6,0,2,0.0,1,1,1.0,0,3,3,0,2,0,0,1,7,10,16.6,1,2015-16
22015,201951,Ty Lawson,1610612745,HOU,Houston Rockets,0021500581,2016-01-13,HOU vs. MIN,W,22,2,6,0.333,1,1,1.0,1,2,0.5,0,1,1,3,2,0,2,0,6,5,15.7,1,2015-16
22015,202325,Wesley Johnson,1610612746,LAC,LA Clippers,0021500586,2016-01-13,LAC vs. MIA,W,22,2,5,0.4,1,4,0.25,0,0,,2,2,4,0,2,1,2,4,5,-1,16.8,1,2015-16
22015,203089,John Henson,1610612749,MIL,Milwaukee Bucks,0021500578,2016-01-13,MIL @ WAS,L,17,2,4,0.5,0,0,,0,0,,0,2,2,0,0,1,4,2,4,-5,5.4,1,2015-16
22015,2419,Tayshaun Prince,1610612750,MIN,Minnesota Timberwolves,0021500581,2016-01-13,MIN @ HOU,L,19,3,4,0.75,0,0,,0,0,,0,1,1,0,0,0,0,1,6,6,7.2,1,2015-16
22015,203897,Zach LaVine,1610612750,MIN,Minnesota Timberwolves,0021500581,2016-01-13,MIN @ HOU,L,15,1,6,0.167,0,1,0.0,0,0,,0,2,2,4,0,0,2,2,2,-17,8.4,1,2015-16
22015,201572,Brook Lopez,1610612751,BKN,Brooklyn Nets,0021500579,2016-01-13,BKN vs. NYK,W,30,8,13,0.615,0,0,,4,6,0.667,1,7,8,5,2,1,0,3,20,17,46.1,1,2015-16
22015,202711,Bojan Bogdanovic,1610612751,BKN,Brooklyn Nets,0021500579,2016-01-13,BKN vs. NYK,W,23,4,5,0.8,4,5,0.8,2,2,1.0,0,4,4,0,0,0,1,1,14,-2,17.8,1,2015-16
22015,203186,Willie Reed,1610612751,BKN,Brooklyn Nets,0021500579,2016-01-13,BKN vs. NYK,W,6,1,3,0.333,0,0,,0,0,,0,2,2,0,0,0,0,0,2,6,4.4,1,2015-16
22015,1626170,Jerian Grant,1610612752,NYK,New York Knicks,0021500579,2016-01-13,NYK @ BKN,L,21,2,6,0.333,0,1,0.0,2,5,0.4,0,3,3,3,2,0,2,3,6,1,18.1,1,2015-16
22015,101145,Monta Ellis,1610612754,IND,Indiana Pacers,0021500580,2016-01-13,IND @ BOS,L,35,6,16,0.375,0,5,0.0,0,0,,0,1,1,5,1,0,5,2,12,-11,18.7,1,2015-16
22015,201941,Jordan Hill,1610612754,IND,Indiana Pacers,0021500580,2016-01-13,IND @ BOS,L,15,4,8,0.5,0,0,,2,2,1.0,2,6,8,1,0,1,1,1,10,4,23.1,1,2015-16
22015,202334,Ed Davis,1610612757,POR,Portland Trail Blazers,0021500584,2016-01-13,POR vs. UTA,W,24,1,3,0.333,0,0,,0,0,,5,7,12,0,0,0,1,2,2,7,15.4,1,2015-16
22015,203081,Damian Lillard,1610612757,POR,Portland Trail Blazers,0021500584,2016-01-13,POR vs. UTA,W,29,8,14,0.571,4,7,0.571,1,1,1.0,1,6,7,10,2,1,4,2,21,11,49.4,1,2015-16
22015,200765,Rajon Rondo,1610612758,SAC,Sacramento Kings,0021500585,2016-01-13,SAC vs. NOP,L,30,7,11,0.636,1,1,1.0,2,4,0.5,0,5,5,10,1,1,3,1,17,-17,41.0,1,2015-16
22015,203112,Quincy Acy,1610612758,SAC,Sacramento Kings,0021500585,2016-01-13,SAC vs. NOP,L,9,0,1,0.0,0,0,,0,0,,0,2,2,1,0,1,0,0,0,-1,6.9,1,2015-16
22015,202713,Kyle Singler,1610612760,OKC,Oklahoma City Thunder,0021500582,2016-01-13,OKC vs. DAL,W,20,2,7,0.286,1,3,0.333,0,0,,1,3,4,1,0,0,0,2,5,-7,11.3,1,2015-16
22015,203187,Chris Johnson,1610612762,UTA,Utah Jazz,0021500584,2016-01-13,UTA @ POR,L,8,0,3,0.0,0,1,0.0,0,0,,0,0,0,0,1,0,3,0,0,-2,0.0,1,2015-16
22015,204060,Joe Ingles,1610612762,UTA,Utah Jazz,0021500584,2016-01-13,UTA @ POR,L,16,0,3,0.0,0,2,0.0,0,0,,0,2,2,3,0,0,1,3,0,-8,5.9,1,2015-16
22015,202066,Garrett Temple,1610612764,WAS,Washington Wizards,0021500578,2016-01-13,WAS vs. MIL,W,32,4,8,0.5,3,6,0.5,0,0,,1,3,4,5,5,1,0,1,11,-11,41.3,1,2015-16
22015,202322,John Wall,1610612764,WAS,Washington Wizards,0021500578,2016-01-13,WAS vs. MIL,W,37,6,14,0.429,1,3,0.333,6,8,0.75,1,4,5,8,1,1,6,3,19,-9,37.0,1,2015-16
22015,202390,Gary Neal,1610612764,WAS,Washington Wizards,0021500578,2016-01-13,WAS vs. MIL,W,6,1,1,1.0,1,1,1.0,0,0,,0,1,1,1,1,0,0,0,3,5,8.7,1,2015-16
22015,201150,Spencer Hawes,1610612766,CHA,Charlotte Hornets,0021500577,2016-01-13,CHA vs. ATL,W,15,1,3,0.333,1,3,0.333,0,0,,1,4,5,1,0,1,1,1,3,14,12.5,1,2015-16
22015,202689,Kemba Walker,1610612766,CHA,Charlotte Hornets,0021500577,2016-01-13,CHA vs. ATL,W,26,9,13,0.692,4,6,0.667,1,1,1.0,1,2,3,5,3,1,1,0,23,34,45.1,1,2015-16
22015,203584,Troy Daniels,1610612766,CHA,Charlotte Hornets,0021500577,2016-01-13,CHA vs. ATL,W,14,2,6,0.333,1,4,0.25,0,0,,1,0,1,1,1,0,0,1,5,-3,10.7,1,2015-16
22015,203798,PJ Hairston,1610612766,CHA,Charlotte Hornets,0021500577,2016-01-13,CHA vs. ATL,W,26,1,6,0.167,1,5,0.2,2,2,1.0,2,3,5,0,0,0,3,4,5,18,8.0,1,2015-16
22015,200794,Paul Millsap,1610612737,ATL,Atlanta Hawks,0021500577,2016-01-13,ATL @ CHA,L,27,7,12,0.583,1,2,0.5,5,5,1.0,1,4,5,2,0,1,2,4,20,-16,30.0,1,2015-16
22015,201143,Al Horford,1610612737,ATL,Atlanta Hawks,0021500577,2016-01-13,ATL @ CHA,L,28,1,4,0.25,0,1,0.0,0,0,,0,2,2,0,0,1,4,4,2,-30,3.4,1,2015-16
22015,201952,Jeff Teague,1610612737,ATL,Atlanta Hawks,0021500577,2016-01-13,ATL @ CHA,L,21,3,10,0.3,1,1,1.0,2,3,0.667,0,3,3,2,2,2,1,1,9,-26,26.6,1,2015-16
22015,202714,Shelvin Mack,1610612737,ATL,Atlanta Hawks,0021500577,2016-01-13,ATL @ CHA,L,9,3,6,0.5,0,1,0.0,2,3,0.667,0,3,3,3,0,0,1,0,8,2,15.1,1,2015-16
22015,203200,Justin Holiday,1610612737,ATL,Atlanta Hawks,0021500577,2016-01-13,ATL @ CHA,L,17,1,5,0.2,0,3,0.0,2,2,1.0,0,1,1,0,1,0,0,1,4,-14,8.2,1,2015-16
22015,203501,Tim Hardaway Jr.,1610612737,ATL,Atlanta Hawks,0021500577,2016-01-13,ATL @ CHA,L,19,1,4,0.25,0,1,0.0,1,1,1.0,0,1,1,0,0,0,0,1,3,6,4.2,1,2015-16
22015,101161,Amir Johnson,1610612738,BOS,Boston Celtics,0021500580,2016-01-13,BOS vs. IND,W,29,6,11,0.545,0,0,,2,4,0.5,8,10,18,6,2,0,1,3,14,17,49.6,1,2015-16
22015,202340,Avery Bradley,1610612738,BOS,Boston Celtics,0021500580,2016-01-13,BOS vs. IND,W,41,5,17,0.294,0,4,0.0,1,2,0.5,3,0,3,6,2,0,3,1,11,19,26.6,1,2015-16
22015,201569,Eric Gordon,1610612740,NOP,New Orleans Pelicans,0021500585,2016-01-13,NOP @ SAC,W,43,9,19,0.474,6,12,0.5,0,0,,0,5,5,6,3,1,1,2,24,20,50.0,1,2015-16
22015,201936,Tyreke Evans,1610612740,NOP,New Orleans Pelicans,0021500585,2016-01-13,NOP @ SAC,W,7,0,3,0.0,0,2,0.0,0,0,,0,2,2,3,0,0,0,0,0,5,6.9,1,2015-16
22015,201967,Dante Cunningham,1610612740,NOP,New Orleans Pelicans,0021500585,2016-01-13,NOP @ SAC,W,23,2,2,1.0,2,2,1.0,0,0,,0,2,2,1,2,0,1,1,6,10,14.9,1,2015-16
22015,2034,Mike Miller,1610612743,DEN,Denver Nuggets,0021500583,2016-01-13,DEN vs. GSW,W,4,0,1,0.0,0,1,0.0,0,0,,0,0,0,0,0,0,1,1,0,-3,-1.0,1,2015-16
22015,203115,Will Barton,1610612743,DEN,Denver Nuggets,0021500583,2016-01-13,DEN vs. GSW,W,26,7,11,0.636,2,5,0.4,5,6,0.833,0,6,6,2,0,0,1,1,21,-2,30.2,1,2015-16
22015,203914,Gary Harris,1610612743,DEN,Denver Nuggets,0021500583,2016-01-13,DEN vs. GSW,W,39,7,14,0.5,1,4,0.25,4,4,1.0,3,4,7,0,0,1,1,2,19,-1,29.4,1,2015-16
22015,2738,Andre Iguodala,1610612744,GSW,Golden State Warriors,0021500583,2016-01-13,GSW @ DEN,L,32,2,5,0.4,0,2,0.0,0,0,,0,6,6,4,1,2,0,5,4,-1,26.2,1,2015-16
22015,101106,Andrew Bogut,1610612744,GSW,Golden State Warriors,0021500583,2016-01-13,GSW @ DEN,L,32,7,8,0.875,0,0,,1,2,0.5,0,7,7,2,1,3,2,3,15,-2,36.4,1,2015-16
22015,201935,James Harden,1610612745,HOU,Houston Rockets,0021500581,2016-01-13,HOU vs. MIN,W,35,8,22,0.364,2,10,0.2,9,11,0.818,0,3,3,11,1,0,6,1,27,-7,44.1,1,2015-16
22015,203991,Clint Capela,1610612745,HOU,Houston Rockets,0021500581,2016-01-13,HOU vs. MIN,W,26,3,4,0.75,0,0,,1,2,0.5,2,5,7,2,0,1,1,2,7,-4,20.4,1,2015-16
22015,2037,Jamal Crawford,1610612746,LAC,LA Clippers,0021500586,2016-01-13,LAC vs. MIA,W,26,4,15,0.267,2,5,0.4,5,5,1.0,0,4,4,1,0,0,0,2,15,4,21.3,1,2015-16
22015,2746,Josh Smith,1610612746,LAC,LA Clippers,0021500586,2016-01-13,LAC vs. MIA,W,20,4,11,0.364,1,2,0.5,0,0,,0,3,3,1,3,1,1,5,9,2,25.1,1,2015-16
22015,203143,Pablo Prigioni,1610612746,LAC,LA Clippers,0021500586,2016-01-13,LAC vs. MIA,W,15,1,1,1.0,0,0,,0,0,,0,2,2,2,8,0,1,1,2,3,30.4,1,2015-16
22015,2548,Dwyane Wade,1610612748,MIA,Miami Heat,0021500586,2016-01-13,MIA @ LAC,L,30,6,10,0.6,0,0,,4,9,0.444,2,6,8,4,0,0,7,1,16,-9,24.6,1,2015-16
22015,203114,Khris Middleton,1610612749,MIL,Milwaukee Bucks,0021500578,2016-01-13,MIL @ WAS,L,42,9,17,0.529,1,5,0.2,6,7,0.857,1,4,5,5,2,0,5,4,25,4,39.5,1,2015-16
22015,203948,Johnny O'Bryant III,1610612749,MIL,Milwaukee Bucks,0021500578,2016-01-13,MIL @ WAS,L,15,0,1,0.0,0,0,,2,4,0.5,2,2,4,0,0,0,1,3,2,-5,5.8,1,2015-16
22015,201593,Nikola Pekovic,1610612750,MIN,Minnesota Timberwolves,0021500581,2016-01-13,MIN @ HOU,L,16,4,9,0.444,0,0,,0,0,,4,1,5,1,0,0,1,3,8,4,14.5,1,2015-16
22015,202357,Nemanja Bjelica,1610612750,MIN,Minnesota Timberwolves,0021500581,2016-01-13,MIN @ HOU,L,19,2,4,0.5,2,3,0.667,0,0,,1,2,3,1,0,0,0,5,6,-11,11.1,1,2015-16
22015,203952,Andrew Wiggins,1610612750,MIN,Minnesota Timberwolves,0021500581,2016-01-13,MIN @ HOU,L,36,9,16,0.563,2,3,0.667,8,9,0.889,1,1,2,1,1,0,1,3,28,10,33.9,1,2015-16
22015,202682,Derrick Williams,1610612752,NYK,New York Knicks,0021500579,2016-01-13,NYK @ BKN,L,32,11,17,0.647,0,3,0.0,9,11,0.818,1,6,7,0,2,0,3,0,31,8,42.4,1,2015-16
22015,201978,Chase Budinger,1610612754,IND,Indiana Pacers,0021500580,2016-01-13,IND @ BOS,L,20,2,5,0.4,0,2,0.0,0,0,,2,2,4,0,2,0,0,1,4,6,14.8,1,2015-16
22015,203922,Glenn Robinson III,1610612754,IND,Indiana Pacers,0021500580,2016-01-13,IND @ BOS,L,13,2,4,0.5,1,2,0.5,0,0,,0,3,3,2,2,0,0,1,5,2,17.6,1,2015-16
22015,203459,Allen Crabbe,1610612757,POR,Portland Trail Blazers,0021500584,2016-01-13,POR vs. UTA,W,21,4,9,0.444,1,3,0.333,2,2,1.0,0,3,3,1,3,2,1,1,11,10,30.1,1,2015-16
22015,201956,Omri Casspi,1610612758,SAC,Sacramento Kings,0021500585,2016-01-13,SAC vs. NOP,L,29,3,8,0.375,1,6,0.167,0,0,,0,6,6,3,0,2,0,1,7,-4,24.7,1,2015-16
22015,1626161,Willie Cauley-Stein,1610612758,SAC,Sacramento Kings,0021500585,2016-01-13,SAC vs. NOP,L,16,1,1,1.0,0,0,,0,0,,1,4,5,0,0,3,1,2,2,14,16.0,1,2015-16
22015,201586,Serge Ibaka,1610612760,OKC,Oklahoma City Thunder,0021500582,2016-01-13,OKC vs. DAL,W,31,8,15,0.533,3,6,0.5,1,2,0.5,5,6,11,0,0,3,5,4,20,24,37.2,1,2015-16
22015,203079,Dion Waiters,1610612760,OKC,Oklahoma City Thunder,0021500582,2016-01-13,OKC vs. DAL,W,25,6,13,0.462,3,6,0.5,3,5,0.6,1,0,1,5,0,0,4,2,18,1,22.7,1,2015-16
22015,203526,Raul Neto,1610612762,UTA,Utah Jazz,0021500584,2016-01-13,UTA @ POR,L,26,1,6,0.167,1,3,0.333,1,2,0.5,1,0,1,2,0,0,1,0,4,-9,7.2,1,2015-16
22015,1626168,Trey Lyles,1610612762,UTA,Utah Jazz,0021500584,2016-01-13,UTA @ POR,L,26,6,7,0.857,2,2,1.0,2,4,0.5,1,1,2,0,0,0,0,2,16,-9,18.4,1,2015-16
22015,201971,DeJuan Blair,1610612764,WAS,Washington Wizards,0021500578,2016-01-13,WAS vs. MIL,W,5,1,3,0.333,0,0,,0,0,,0,0,0,0,0,0,0,1,2,-13,2.0,1,2015-16
22015,201946,Tyler Hansbrough,1610612766,CHA,Charlotte Hornets,0021500577,2016-01-13,CHA vs. ATL,W,6,1,2,0.5,0,0,,1,4,0.25,0,2,2,0,0,0,0,2,3,-11,5.4,1,2015-16
22015,202391,Jeremy Lin,1610612766,CHA,Charlotte Hornets,0021500577,2016-01-13,CHA vs. ATL,W,27,5,11,0.455,1,6,0.167,8,8,1.0,2,3,5,1,0,1,2,3,19,14,27.5,1,2015-16
22015,203469,Cody Zeller,1610612766,CHA,Charlotte Hornets,0021500577,2016-01-13,CHA vs. ATL,W,27,6,10,0.6,0,0,,7,8,0.875,1,9,10,1,1,3,1,2,19,20,43.5,1,2015-16
22015,1626151,Aaron Harrison,1610612766,CHA,Charlotte Hornets,0021500577,2016-01-13,CHA vs. ATL,W,5,0,3,0.0,0,1,0.0,0,0,,1,0,1,0,0,0,0,1,0,-12,1.2,1,2015-16
22015,201168,Tiago Splitter,1610612737,ATL,Atlanta Hawks,0021500577,2016-01-13,ATL @ CHA,L,18,2,3,0.667,0,0,,0,0,,1,1,2,1,0,0,2,1,4,-8,5.9,1,2015-16
22015,203145,Kent Bazemore,1610612737,ATL,Atlanta Hawks,0021500577,2016-01-13,ATL @ CHA,L,25,3,9,0.333,1,4,0.25,2,4,0.5,2,2,4,3,2,0,3,3,9,-2,21.3,1,2015-16
22015,202738,Isaiah Thomas,1610612738,BOS,Boston Celtics,0021500580,2016-01-13,BOS vs. IND,W,35,9,18,0.5,4,6,0.667,6,7,0.857,0,4,4,3,0,1,4,3,28,11,36.3,1,2015-16
22015,203109,Jae Crowder,1610612738,BOS,Boston Celtics,0021500580,2016-01-13,BOS vs. IND,W,36,11,15,0.733,3,6,0.5,0,0,,0,2,2,0,2,0,3,4,25,14,30.4,1,2015-16
22015,203935,Marcus Smart,1610612738,BOS,Boston Celtics,0021500580,2016-01-13,BOS vs. IND,W,31,2,9,0.222,0,4,0.0,1,1,1.0,1,6,7,1,1,1,3,2,5,5,17.9,1,2015-16
22015,201950,Jrue Holiday,1610612740,NOP,New Orleans Pelicans,0021500585,2016-01-13,NOP @ SAC,W,27,2,12,0.167,0,4,0.0,2,2,1.0,0,3,3,10,1,0,1,4,6,8,26.6,1,2015-16
22015,202708,Norris Cole,1610612740,NOP,New Orleans Pelicans,0021500585,2016-01-13,NOP @ SAC,W,26,8,16,0.5,2,4,0.5,0,0,,0,2,2,2,0,0,1,0,18,-14,22.4,1,2015-16
22015,200826,J.J. Barea,1610612742,DAL,Dallas Mavericks,0021500582,2016-01-13,DAL @ OKC,L,31,7,15,0.467,3,7,0.429,1,3,0.333,0,3,3,6,0,0,3,4,18,-20,27.6,1,2015-16
22015,201580,JaVale McGee,1610612742,DAL,Dallas Mavericks,0021500582,2016-01-13,DAL @ OKC,L,15,4,6,0.667,0,0,,2,2,1.0,2,4,6,0,0,1,1,3,10,-11,19.2,1,2015-16
22015,202379,Jeremy Evans,1610612742,DAL,Dallas Mavericks,0021500582,2016-01-13,DAL @ OKC,L,31,0,7,0.0,0,5,0.0,0,0,,0,6,6,0,1,0,1,2,0,-10,9.2,1,2015-16
22015,203098,John Jenkins,1610612742,DAL,Dallas Mavericks,0021500582,2016-01-13,DAL @ OKC,L,23,3,4,0.75,0,0,,2,2,1.0,0,0,0,1,0,0,2,0,8,-3,7.5,1,2015-16
22015,202702,Kenneth Faried,1610612743,DEN,Denver Nuggets,0021500583,2016-01-13,DEN vs. GSW,W,20,2,4,0.5,0,0,,1,2,0.5,2,2,4,2,0,1,0,3,5,-1,15.8,1,2015-16
22015,203999,Nikola Jokić,1610612743,DEN,Denver Nuggets,0021500583,2016-01-13,DEN vs. GSW,W,16,3,6,0.5,0,1,0.0,0,0,,3,4,7,2,3,0,1,4,6,13,25.4,1,2015-16
22015,2571,Leandro Barbosa,1610612744,GSW,Golden State Warriors,0021500583,2016-01-13,GSW @ DEN,L,9,1,3,0.333,1,2,0.5,2,2,1.0,0,2,2,1,0,0,1,1,5,0,7.9,1,2015-16
22015,2733,Shaun Livingston,1610612744,GSW,Golden State Warriors,0021500583,2016-01-13,GSW @ DEN,L,16,0,1,0.0,0,0,,0,0,,0,2,2,3,0,0,0,2,0,-6,6.9,1,2015-16
22015,201575,Brandon Rush,1610612744,GSW,Golden State Warriors,0021500583,2016-01-13,GSW @ DEN,L,19,2,3,0.667,0,1,0.0,0,0,,0,2,2,1,0,0,0,3,4,8,7.9,1,2015-16
22015,201939,Stephen Curry,1610612744,GSW,Golden State Warriors,0021500583,2016-01-13,GSW @ DEN,L,40,13,25,0.52,5,12,0.417,7,7,1.0,2,3,5,9,3,1,8,1,38,-4,61.5,1,2015-16
22015,2730,Dwight Howard,1610612745,HOU,Houston Rockets,0021500581,2016-01-13,HOU vs. MIN,W,36,5,7,0.714,0,0,,5,10,0.5,4,6,10,0,1,2,2,5,15,-3,34.0,1,2015-16
22015,101108,Chris Paul,1610612746,LAC,LA Clippers,0021500586,2016-01-13,LAC vs. MIA,W,30,6,17,0.353,2,3,0.667,1,2,0.5,2,4,6,12,4,1,1,1,15,14,54.2,1,2015-16
22015,203912,C.J. Wilcox,1610612746,LAC,LA Clippers,0021500586,2016-01-13,LAC vs. MIA,W,3,0,2,0.0,0,0,,0,0,,0,0,0,1,0,0,0,0,0,-3,1.5,1,2015-16
22015,2365,Chris Andersen,1610612748,MIA,Miami Heat,0021500586,2016-01-13,MIA @ LAC,L,3,1,1,1.0,1,1,1.0,0,0,,0,1,1,1,0,1,0,0,3,3,8.7,1,2015-16
22015,2617,Udonis Haslem,1610612748,MIA,Miami Heat,0021500586,2016-01-13,MIA @ LAC,L,3,1,2,0.5,0,1,0.0,0,0,,0,1,1,0,0,0,0,0,2,3,3.2,1,2015-16
22015,202328,Greg Monroe,1610612749,MIL,Milwaukee Bucks,0021500578,2016-01-13,MIL @ WAS,L,31,8,13,0.615,0,0,,5,9,0.556,2,10,12,1,2,0,3,1,21,0,39.9,1,2015-16
22015,201937,Ricky Rubio,1610612750,MIN,Minnesota Timberwolves,0021500581,2016-01-13,MIN @ HOU,L,33,3,4,0.75,0,0,,3,5,0.6,0,5,5,12,4,1,8,3,9,14,40.0,1,2015-16
22015,1626157,Karl-Anthony Towns,1610612750,MIN,Minnesota Timberwolves,0021500581,2016-01-13,MIN @ HOU,L,33,4,10,0.4,1,1,1.0,3,4,0.75,6,10,16,3,2,0,3,2,12,13,38.7,1,2015-16
22015,201152,Thaddeus Young,1610612751,BKN,Brooklyn Nets,0021500579,2016-01-13,BKN vs. NYK,W,39,9,18,0.5,0,0,,1,2,0.5,4,7,11,3,3,0,1,1,19,23,44.7,1,2015-16
22015,2756,Sasha Vujacic,1610612752,NYK,New York Knicks,0021500579,2016-01-13,NYK @ BKN,L,3,0,1,0.0,0,1,0.0,0,0,,0,0,0,0,0,0,1,0,0,8,-1.0,1,2015-16
22015,101181,Jose Calderon,1610612752,NYK,New York Knicks,0021500579,2016-01-13,NYK @ BKN,L,29,6,12,0.5,4,6,0.667,0,0,,2,5,7,4,2,0,1,3,16,-11,35.4,1,2015-16
22015,201167,Arron Afflalo,1610612752,NYK,New York Knicks,0021500579,2016-01-13,NYK @ BKN,L,36,8,16,0.5,2,5,0.4,0,0,,0,3,3,2,0,0,0,3,18,-8,24.6,1,2015-16
22015,201577,Robin Lopez,1610612752,NYK,New York Knicks,0021500579,2016-01-13,NYK @ BKN,L,31,4,8,0.5,0,0,,1,2,0.5,7,5,12,0,0,1,2,3,9,-14,24.4,1,2015-16
22015,202498,Lance Thomas,1610612752,NYK,New York Knicks,0021500579,2016-01-13,NYK @ BKN,L,28,2,10,0.2,1,3,0.333,1,2,0.5,1,2,3,3,0,0,1,0,6,-18,13.1,1,2015-16
22015,203468,CJ McCollum,1610612757,POR,Portland Trail Blazers,0021500584,2016-01-13,POR vs. UTA,W,34,6,20,0.3,1,5,0.2,2,2,1.0,1,2,3,8,0,0,2,4,15,16,28.6,1,2015-16
22015,203486,Mason Plumlee,1610612757,POR,Portland Trail Blazers,0021500584,2016-01-13,POR vs. UTA,W,20,2,4,0.5,0,0,,2,4,0.5,3,3,6,1,0,2,1,0,6,7,19.7,1,2015-16
22015,200752,Rudy Gay,1610612758,SAC,Sacramento Kings,0021500585,2016-01-13,SAC vs. NOP,L,33,5,9,0.556,0,2,0.0,2,2,1.0,1,5,6,0,1,0,3,0,12,-19,19.2,1,2015-16
22015,201585,Kosta Koufos,1610612758,SAC,Sacramento Kings,0021500585,2016-01-13,SAC vs. NOP,L,19,4,6,0.667,0,0,,1,2,0.5,5,5,10,0,0,0,2,2,9,-8,19.0,1,2015-16
22015,203552,Seth Curry,1610612758,SAC,Sacramento Kings,0021500585,2016-01-13,SAC vs. NOP,L,14,2,2,1.0,0,0,,0,0,,0,3,3,1,0,0,1,1,4,10,8.1,1,2015-16
22015,201142,Kevin Durant,1610612760,OKC,Oklahoma City Thunder,0021500582,2016-01-13,OKC vs. DAL,W,33,9,14,0.643,4,8,0.5,7,9,0.778,1,9,10,4,1,0,3,0,29,21,47.0,1,2015-16
22015,203956,Mitch McGary,1610612760,OKC,Oklahoma City Thunder,0021500582,2016-01-13,OKC vs. DAL,W,4,0,0,,0,0,,1,2,0.5,0,2,2,0,0,0,1,1,1,-6,2.4,1,2015-16
22015,202344,Trevor Booker,1610612762,UTA,Utah Jazz,0021500584,2016-01-13,UTA @ POR,L,25,3,6,0.5,0,0,,1,1,1.0,3,4,7,2,2,0,1,1,7,-12,23.4,1,2015-16
22015,203504,Trey Burke,1610612762,UTA,Utah Jazz,0021500584,2016-01-13,UTA @ POR,L,29,7,14,0.5,1,2,0.5,0,0,,1,2,3,2,1,0,2,0,15,-6,22.6,1,2015-16
22015,203918,Rodney Hood,1610612762,UTA,Utah Jazz,0021500584,2016-01-13,UTA @ POR,L,32,7,14,0.5,3,5,0.6,2,2,1.0,0,3,3,1,1,0,1,4,19,-6,26.1,1,2015-16
22015,2403,Nene,1610612764,WAS,Washington Wizards,0021500578,2016-01-13,WAS vs. MIL,W,25,5,7,0.714,0,0,,2,3,0.667,0,2,2,3,3,2,3,5,12,15,30.9,1,2015-16
22015,201162,Jared Dudley,1610612764,WAS,Washington Wizards,0021500578,2016-01-13,WAS vs. MIL,W,32,5,10,0.5,3,6,0.5,0,0,,3,3,6,0,3,0,0,4,13,-3,29.2,1,2015-16
22015,1626162,Kelly Oubre Jr.,1610612764,WAS,Washington Wizards,0021500578,2016-01-13,WAS vs. MIL,W,9,1,3,0.333,1,2,0.5,2,2,1.0,0,1,1,0,2,0,1,2,5,9,11.2,1,2015-16
22015,203087,Jeremy Lamb,1610612766,CHA,Charlotte Hornets,0021500577,2016-01-13,CHA vs. ATL,W,14,3,4,0.75,0,1,0.0,0,0,,1,4,5,2,0,1,3,1,6,-2,15.0,1,2015-16
22015,1626163,Frank Kaminsky,1610612766,CHA,Charlotte Hornets,0021500577,2016-01-13,CHA vs. ATL,W,29,2,7,0.286,2,4,0.5,0,0,,0,8,8,2,2,1,1,3,6,-5,26.6,1,2015-16
22015,201973,Jonas Jerebko,1610612738,BOS,Boston Celtics,0021500580,2016-01-13,BOS vs. IND,W,13,1,4,0.25,0,1,0.0,3,4,0.75,0,4,4,2,0,0,1,2,5,-7,11.8,1,2015-16
22015,202323,Evan Turner,1610612738,BOS,Boston Celtics,0021500580,2016-01-13,BOS vs. IND,W,20,0,5,0.0,0,2,0.0,0,0,,0,4,4,4,0,0,0,1,0,-12,10.8,1,2015-16
22015,203096,Jared Sullinger,1610612738,BOS,Boston Celtics,0021500580,2016-01-13,BOS vs. IND,W,20,2,5,0.4,0,0,,0,0,,0,3,3,2,0,0,1,1,4,10,9.6,1,2015-16
22015,203482,Kelly Olynyk,1610612738,BOS,Boston Celtics,0021500580,2016-01-13,BOS vs. IND,W,15,4,6,0.667,2,3,0.667,1,2,0.5,2,2,4,0,0,0,3,1,11,-12,12.8,1,2015-16
22015,201583,Ryan Anderson,1610612740,NOP,New Orleans Pelicans,0021500585,2016-01-13,NOP @ SAC,W,20,7,12,0.583,4,6,0.667,0,1,0.0,1,0,1,0,2,0,0,0,18,15,25.2,1,2015-16
22015,201589,Darrell Arthur,1610612743,DEN,Denver Nuggets,0021500583,2016-01-13,DEN vs. GSW,W,26,8,11,0.727,0,0,,2,2,1.0,2,9,11,1,0,0,3,1,18,11,29.7,1,2015-16
22015,203994,Jusuf Nurkić,1610612743,DEN,Denver Nuggets,0021500583,2016-01-13,DEN vs. GSW,W,15,3,8,0.375,0,0,,2,2,1.0,2,2,4,1,0,1,2,2,8,0,15.3,1,2015-16
22015,202691,Klay Thompson,1610612744,GSW,Golden State Warriors,0021500583,2016-01-13,GSW @ DEN,L,37,7,13,0.538,2,5,0.4,1,2,0.5,1,3,4,3,0,0,2,2,17,4,24.3,1,2015-16
22015,2772,Trevor Ariza,1610612745,HOU,Houston Rockets,0021500581,2016-01-13,HOU vs. MIN,W,33,4,8,0.5,1,5,0.2,1,2,0.5,1,5,6,0,2,0,0,4,10,-6,23.2,1,2015-16
22015,201977,Marcus Thornton,1610612745,HOU,Houston Rockets,0021500581,2016-01-13,HOU vs. MIN,W,13,2,6,0.333,0,3,0.0,5,6,0.833,0,0,0,1,1,0,3,3,9,10,10.5,1,2015-16
22015,200755,JJ Redick,1610612746,LAC,LA Clippers,0021500586,2016-01-13,LAC vs. MIA,W,25,5,10,0.5,2,4,0.5,0,0,,0,1,1,2,0,0,0,1,12,18,16.2,1,2015-16
22015,201601,Luc Mbah a Moute,1610612746,LAC,LA Clippers,0021500586,2016-01-13,LAC vs. MIA,W,24,1,2,0.5,0,0,,0,0,,0,5,5,1,0,2,0,2,2,15,15.5,1,2015-16
22015,202332,Cole Aldrich,1610612746,LAC,LA Clippers,0021500586,2016-01-13,LAC vs. MIA,W,24,7,14,0.5,0,0,,5,7,0.714,4,3,7,3,1,0,2,1,19,10,32.9,1,2015-16
22015,202362,Lance Stephenson,1610612746,LAC,LA Clippers,0021500586,2016-01-13,LAC vs. MIA,W,6,1,1,1.0,0,0,,0,0,,1,0,1,0,0,0,0,0,2,-4,3.2,1,2015-16
22015,2547,Chris Bosh,1610612748,MIA,Miami Heat,0021500586,2016-01-13,MIA @ LAC,L,33,3,11,0.273,0,4,0.0,5,7,0.714,0,12,12,7,0,0,1,1,11,-24,34.9,1,2015-16
22015,2757,Beno Udrih,1610612748,MIA,Miami Heat,0021500586,2016-01-13,MIA @ LAC,L,28,3,7,0.429,2,3,0.667,0,0,,0,0,0,3,0,0,2,2,8,-27,10.5,1,2015-16
22015,101123,Gerald Green,1610612748,MIA,Miami Heat,0021500586,2016-01-13,MIA @ LAC,L,33,7,14,0.5,4,8,0.5,1,2,0.5,0,2,2,1,1,0,1,2,19,-5,24.9,1,2015-16
22015,202355,Hassan Whiteside,1610612748,MIA,Miami Heat,0021500586,2016-01-13,MIA @ LAC,L,27,3,5,0.6,0,0,,4,6,0.667,0,11,11,1,1,3,5,4,10,-3,31.7,1,2015-16
22015,1626159,Justise Winslow,1610612748,MIA,Miami Heat,0021500586,2016-01-13,MIA @ LAC,L,19,2,6,0.333,0,2,0.0,0,0,,0,3,3,1,0,0,1,0,4,-3,8.1,1,2015-16
22015,201564,O.J. Mayo,1610612749,MIL,Milwaukee Bucks,0021500578,2016-01-13,MIL @ WAS,L,12,1,3,0.333,0,0,,0,0,,0,0,0,3,0,0,1,1,2,-5,5.5,1,2015-16
22015,1626173,Rashad Vaughn,1610612749,MIL,Milwaukee Bucks,0021500578,2016-01-13,MIL @ WAS,L,24,1,4,0.25,0,2,0.0,0,0,,1,1,2,1,0,0,0,3,2,5,5.9,1,2015-16
22015,203476,Gorgui Dieng,1610612750,MIN,Minnesota Timberwolves,0021500581,2016-01-13,MIN @ HOU,L,25,3,10,0.3,0,1,0.0,3,4,0.75,1,4,5,1,3,0,1,4,9,-11,24.5,1,2015-16
22015,201961,Wayne Ellington,1610612751,BKN,Brooklyn Nets,0021500579,2016-01-13,BKN vs. NYK,W,26,5,10,0.5,0,2,0.0,0,0,,0,2,2,2,0,0,3,0,10,4,12.4,1,2015-16
22015,203080,Thomas Robinson,1610612751,BKN,Brooklyn Nets,0021500579,2016-01-13,BKN vs. NYK,W,7,1,3,0.333,0,0,,0,0,,2,0,2,0,1,2,3,2,2,-17,10.4,1,2015-16
22015,204001,Kristaps Porziņģis,1610612752,NYK,New York Knicks,0021500579,2016-01-13,NYK @ BKN,L,37,5,17,0.294,0,3,0.0,2,3,0.667,4,6,10,2,3,2,1,1,12,-3,41.0,1,2015-16
22015,204038,Langston Galloway,1610612752,NYK,New York Knicks,0021500579,2016-01-13,NYK @ BKN,L,23,3,4,0.75,0,0,,0,0,,0,2,2,5,1,0,2,0,6,7,16.9,1,2015-16
22015,2549,Chris Kaman,1610612757,POR,Portland Trail Blazers,0021500584,2016-01-13,POR vs. UTA,W,2,1,2,0.5,0,0,,0,0,,0,0,0,0,0,0,0,0,2,-2,2.0,1,2015-16
22015,201945,Gerald Henderson,1610612757,POR,Portland Trail Blazers,0021500584,2016-01-13,POR vs. UTA,W,16,4,7,0.571,3,3,1.0,1,2,0.5,0,2,2,2,0,0,1,1,12,0,16.4,1,2015-16
22015,202329,Al-Farouq Aminu,1610612757,POR,Portland Trail Blazers,0021500584,2016-01-13,POR vs. UTA,W,27,4,10,0.4,0,3,0.0,2,4,0.5,3,4,7,2,1,4,1,1,10,10,35.4,1,2015-16
22015,203943,Noah Vonleh,1610612757,POR,Portland Trail Blazers,0021500584,2016-01-13,POR vs. UTA,W,19,2,7,0.286,0,1,0.0,0,0,,2,3,5,1,0,0,0,0,4,1,11.5,1,2015-16
22015,1626192,Pat Connaughton,1610612757,POR,Portland Trail Blazers,0021500584,2016-01-13,POR vs. UTA,W,3,0,2,0.0,0,1,0.0,0,0,,1,1,2,0,0,0,0,0,0,-3,2.4,1,2015-16
22015,201627,Anthony Morrow,1610612760,OKC,Oklahoma City Thunder,0021500582,2016-01-13,OKC vs. DAL,W,13,2,7,0.286,2,5,0.4,0,0,,0,1,1,1,1,0,0,3,6,5,11.7,1,2015-16
22015,202330,Gordon Hayward,1610612762,UTA,Utah Jazz,0021500584,2016-01-13,UTA @ POR,L,33,6,12,0.5,1,4,0.25,6,7,0.857,1,5,6,9,2,0,1,1,19,-11,44.7,1,2015-16
22015,2400,Drew Gooden,1610612764,WAS,Washington Wizards,0021500578,2016-01-13,WAS vs. MIL,W,27,2,7,0.286,0,1,0.0,1,2,0.5,2,3,5,1,1,0,2,4,5,9,13.5,1,2015-16
22015,201196,Ramon Sessions,1610612764,WAS,Washington Wizards,0021500578,2016-01-13,WAS vs. MIL,W,22,6,11,0.545,1,2,0.5,2,3,0.667,1,0,1,5,0,0,1,1,15,20,22.7,1,2015-16
22015,203078,Bradley Beal,1610612764,WAS,Washington Wizards,0021500578,2016-01-13,WAS vs. MIL,W,23,3,8,0.375,1,2,0.5,4,4,1.0,0,3,3,3,1,0,1,2,11,-8,21.1,1,2015-16
22015,201587,Nicolas Batum,1610612766,CHA,Charlotte Hornets,0021500577,2016-01-13,CHA vs. ATL,W,25,2,5,0.4,1,4,0.25,1,1,1.0,1,1,2,10,0,0,4,4,6,31,19.4,1,2015-16
22015,101109,Raymond Felton,1610612742,DAL,Dallas Mavericks,0021500582,2016-01-13,DAL @ OKC,L,33,3,11,0.273,1,5,0.2,7,8,0.875,1,2,3,4,0,0,3,1,14,-14,20.6,1,2015-16
22015,101111,Charlie Villanueva,1610612742,DAL,Dallas Mavericks,0021500582,2016-01-13,DAL @ OKC,L,14,3,7,0.429,1,4,0.25,0,0,,0,1,1,0,1,0,0,0,7,-12,11.2,1,2015-16
22015,1626147,Justin Anderson,1610612742,DAL,Dallas Mavericks,0021500582,2016-01-13,DAL @ OKC,L,27,2,9,0.222,1,7,0.143,0,0,,0,4,4,3,3,1,1,5,5,-2,25.3,1,2015-16
22015,1626257,Salah Mejri,1610612742,DAL,Dallas Mavericks,0021500582,2016-01-13,DAL @ OKC,L,25,7,8,0.875,0,0,,3,5,0.6,2,7,9,1,0,1,2,3,17,-3,30.3,1,2015-16
22015,2749,Jameer Nelson,1610612743,DEN,Denver Nuggets,0021500583,2016-01-13,DEN vs. GSW,W,32,1,10,0.1,1,6,0.167,0,0,,1,1,2,9,2,0,3,1,3,-3,21.9,1,2015-16
22015,200751,Randy Foye,1610612743,DEN,Denver Nuggets,0021500583,2016-01-13,DEN vs. GSW,W,6,0,1,0.0,0,1,0.0,0,0,,0,1,1,1,0,0,0,0,0,-4,2.7,1,2015-16
22015,201568,Danilo Gallinari,1610612743,DEN,Denver Nuggets,0021500583,2016-01-13,DEN vs. GSW,W,38,5,14,0.357,1,2,0.5,17,19,0.895,0,5,5,2,1,0,0,1,28,1,40.0,1,2015-16
22015,201578,Marreese Speights,1610612744,GSW,Golden State Warriors,0021500583,2016-01-13,GSW @ DEN,L,6,0,5,0.0,0,0,,1,2,0.5,2,2,4,0,1,3,0,0,1,0,17.8,1,2015-16
22015,203084,Harrison Barnes,1610612744,GSW,Golden State Warriors,0021500583,2016-01-13,GSW @ DEN,L,31,7,17,0.412,2,4,0.5,2,2,1.0,1,2,3,1,2,0,0,3,18,-4,29.1,1,2015-16
22015,203105,Festus Ezeli,1610612744,GSW,Golden State Warriors,0021500583,2016-01-13,GSW @ DEN,L,7,2,4,0.5,0,0,,0,1,0.0,0,0,0,0,1,1,0,2,4,-8,10.0,1,2015-16
22015,1718,Paul Pierce,1610612746,LAC,LA Clippers,0021500586,2016-01-13,LAC vs. MIA,W,22,6,10,0.6,3,7,0.429,0,0,,1,8,9,0,0,0,0,4,15,14,25.8,1,2015-16
22015,203085,Austin Rivers,1610612746,LAC,LA Clippers,0021500586,2016-01-13,LAC vs. MIA,W,23,3,6,0.5,0,0,,2,2,1.0,0,1,1,3,0,0,0,4,8,-2,13.7,1,2015-16
22015,2736,Luol Deng,1610612748,MIA,Miami Heat,0021500586,2016-01-13,MIA @ LAC,L,32,3,7,0.429,1,3,0.333,0,0,,3,4,7,2,1,1,1,2,7,-13,23.4,1,2015-16
22015,204020,Tyler Johnson,1610612748,MIA,Miami Heat,0021500586,2016-01-13,MIA @ LAC,L,29,2,7,0.286,1,2,0.5,3,3,1.0,0,4,4,4,2,1,4,4,8,6,23.8,1,2015-16
22015,1626196,Josh Richardson,1610612748,MIA,Miami Heat,0021500586,2016-01-13,MIA @ LAC,L,3,0,0,,0,0,,2,2,1.0,0,0,0,2,0,1,1,0,2,2,7.0,1,2015-16
22015,203487,Michael Carter-Williams,1610612749,MIL,Milwaukee Bucks,0021500578,2016-01-13,MIL @ WAS,L,26,2,6,0.333,0,0,,0,0,,1,4,5,6,3,0,4,1,4,-1,24.0,1,2015-16
22015,2207,Joe Johnson,1610612751,BKN,Brooklyn Nets,0021500579,2016-01-13,BKN vs. NYK,W,39,6,12,0.5,2,4,0.5,0,0,,0,7,7,6,1,0,2,1,14,12,32.4,1,2015-16
22015,200745,Andrea Bargnani,1610612751,BKN,Brooklyn Nets,0021500579,2016-01-13,BKN vs. NYK,W,14,2,6,0.333,0,1,0.0,0,0,,0,1,1,0,0,0,0,2,4,-14,5.2,1,2015-16
22015,202388,Donald Sloan,1610612751,BKN,Brooklyn Nets,0021500579,2016-01-13,BKN vs. NYK,W,23,3,6,0.5,2,3,0.667,0,0,,0,4,4,3,1,0,1,0,8,8,19.3,1,2015-16
22015,203499,Shane Larkin,1610612751,BKN,Brooklyn Nets,0021500579,2016-01-13,BKN vs. NYK,W,25,6,10,0.6,1,2,0.5,4,4,1.0,0,2,2,5,0,0,3,2,17,-2,23.9,1,2015-16
22015,101139,CJ Miles,1610612754,IND,Indiana Pacers,0021500580,2016-01-13,IND @ BOS,L,30,4,14,0.286,0,9,0.0,0,0,,0,2,2,2,2,2,2,5,8,-4,23.4,1,2015-16
22015,201588,George Hill,1610612754,IND,Indiana Pacers,0021500580,2016-01-13,IND @ BOS,L,39,4,10,0.4,1,4,0.25,4,5,0.8,2,1,3,2,1,0,0,3,13,-17,22.6,1,2015-16
22015,202331,Paul George,1610612754,IND,Indiana Pacers,0021500580,2016-01-13,IND @ BOS,L,37,7,20,0.35,3,8,0.375,6,8,0.75,0,8,8,4,1,0,5,2,23,-7,36.6,1,2015-16
22015,202730,Lavoy Allen,1610612754,IND,Indiana Pacers,0021500580,2016-01-13,IND @ BOS,L,18,0,3,0.0,0,0,,0,0,,3,1,4,0,0,0,2,0,0,-7,2.8,1,2015-16
22015,203086,Meyers Leonard,1610612757,POR,Portland Trail Blazers,0021500584,2016-01-13,POR vs. UTA,W,26,5,8,0.625,2,3,0.667,0,0,,0,4,4,0,0,1,1,6,12,9,18.8,1,2015-16
22015,203090,Maurice Harkless,1610612757,POR,Portland Trail Blazers,0021500584,2016-01-13,POR vs. UTA,W,15,2,2,1.0,0,0,,0,0,,1,1,2,0,1,0,1,2,4,7,8.4,1,2015-16
22015,204025,Tim Frazier,1610612757,POR,Portland Trail Blazers,0021500584,2016-01-13,POR vs. UTA,W,3,0,0,,0,0,,0,0,,0,1,1,0,0,0,0,1,0,-3,1.2,1,2015-16
22015,201158,Marco Belinelli,1610612758,SAC,Sacramento Kings,0021500585,2016-01-13,SAC vs. NOP,L,19,1,6,0.167,0,2,0.0,0,0,,0,0,0,1,0,0,0,1,2,-10,3.5,1,2015-16
22015,201954,Darren Collison,1610612758,SAC,Sacramento Kings,0021500585,2016-01-13,SAC vs. NOP,L,29,4,9,0.444,1,4,0.25,1,2,0.5,1,2,3,4,1,0,3,3,10,-9,19.6,1,2015-16
22015,202326,DeMarcus Cousins,1610612758,SAC,Sacramento Kings,0021500585,2016-01-13,SAC vs. NOP,L,37,13,30,0.433,3,8,0.375,3,4,0.75,2,10,12,1,1,0,4,4,32,-11,46.9,1,2015-16
22015,201566,Russell Westbrook,1610612760,OKC,Oklahoma City Thunder,0021500582,2016-01-13,OKC vs. DAL,W,15,0,3,0.0,0,0,,0,4,0.0,1,6,7,8,2,0,1,0,0,20,25.4,1,2015-16
22015,203460,Andre Roberson,1610612760,OKC,Oklahoma City Thunder,0021500582,2016-01-13,OKC vs. DAL,W,27,3,5,0.6,0,1,0.0,3,4,0.75,0,1,1,1,2,0,0,3,9,17,17.7,1,2015-16
22015,203500,Steven Adams,1610612760,OKC,Oklahoma City Thunder,0021500582,2016-01-13,OKC vs. DAL,W,24,2,6,0.333,0,0,,2,3,0.667,2,5,7,0,1,2,1,2,6,19,22.4,1,2015-16
22015,1626166,Cameron Payne,1610612760,OKC,Oklahoma City Thunder,0021500582,2016-01-13,OKC vs. DAL,W,25,4,6,0.667,2,3,0.667,0,0,,0,3,3,3,3,0,1,3,10,5,26.1,1,2015-16
22015,203481,Jeff Withey,1610612762,UTA,Utah Jazz,0021500584,2016-01-13,UTA @ POR,L,21,1,6,0.167,0,0,,0,0,,1,5,6,0,0,3,0,1,2,3,18.2,1,2015-16
22015,203497,Rudy Gobert,1610612762,UTA,Utah Jazz,0021500584,2016-01-13,UTA @ POR,L,24,0,5,0.0,0,0,,3,6,0.5,2,6,8,1,1,3,4,3,3,-10,22.1,1,2015-16
22015,101107,Marvin Williams,1610612766,CHA,Charlotte Hornets,0021500577,2016-01-13,CHA vs. ATL,W,19,3,9,0.333,2,5,0.4,0,0,,0,7,7,2,1,1,0,2,8,28,25.4,1,2015-16
22015,203471,Dennis Schröder,1610612737,ATL,Atlanta Hawks,0021500577,2016-01-13,ATL @ CHA,L,26,3,13,0.231,0,2,0.0,0,0,,1,4,5,6,0,0,2,3,6,-7,19.0,1,2015-16
22015,201600,Omer Asik,1610612740,NOP,New Orleans Pelicans,0021500585,2016-01-13,NOP @ SAC,W,29,4,9,0.444,0,0,,0,0,,8,5,13,0,0,0,2,5,8,-2,21.6,1,2015-16
22015,1626144,Emmanuel Mudiay,1610612743,DEN,Denver Nuggets,0021500583,2016-01-13,DEN vs. GSW,W,17,1,7,0.143,0,2,0.0,2,2,1.0,0,2,2,2,1,0,1,2,4,-1,11.4,1,2015-16
22015,203093,Terrence Jones,1610612745,HOU,Houston Rockets,0021500581,2016-01-13,HOU vs. MIN,W,34,7,11,0.636,1,4,0.25,1,2,0.5,1,8,9,1,1,0,2,3,16,13,29.3,1,2015-16
22015,203507,Giannis Antetokounmpo,1610612749,MIL,Milwaukee Bucks,0021500578,2016-01-13,MIL @ WAS,L,41,6,11,0.545,0,1,0.0,7,9,0.778,1,10,11,6,2,1,6,4,19,-1,44.2,1,2015-16
22015,203953,Jabari Parker,1610612749,MIL,Milwaukee Bucks,0021500578,2016-01-13,MIL @ WAS,L,32,9,13,0.692,0,0,,4,5,0.8,2,4,6,1,1,0,3,2,22,-17,30.7,1,2015-16
22015,2755,Kevin Martin,1610612750,MIN,Minnesota Timberwolves,0021500581,2016-01-13,MIN @ HOU,L,29,6,10,0.6,3,7,0.429,7,8,0.875,0,2,2,1,0,0,2,4,22,-8,23.9,1,2015-16
22015,203498,Shabazz Muhammad,1610612750,MIN,Minnesota Timberwolves,0021500581,2016-01-13,MIN @ HOU,L,16,1,5,0.2,0,1,0.0,0,0,,1,1,2,1,1,0,2,0,2,-15,6.9,1,2015-16
22015,203508,Sergey Karasev,1610612751,BKN,Brooklyn Nets,0021500579,2016-01-13,BKN vs. NYK,W,9,0,0,,0,0,,0,0,,1,1,2,0,0,0,1,3,0,-5,1.4,1,2015-16
22015,101133,Ian Mahinmi,1610612754,IND,Indiana Pacers,0021500580,2016-01-13,IND @ BOS,L,22,5,6,0.833,0,0,,0,0,,4,6,10,2,3,0,2,4,10,-12,32.0,1,2015-16
22015,1626167,Myles Turner,1610612754,IND,Indiana Pacers,0021500580,2016-01-13,IND @ BOS,L,10,3,5,0.6,0,0,,3,5,0.6,0,5,5,0,0,0,0,1,9,1,15.0,1,2015-16
22015,203463,Ben McLemore,1610612758,SAC,Sacramento Kings,0021500585,2016-01-13,SAC vs. NOP,L,7,1,1,1.0,0,0,,0,0,,0,0,0,0,0,0,1,0,2,-5,1.0,1,2015-16
22015,201571,D.J. Augustin,1610612760,OKC,Oklahoma City Thunder,0021500582,2016-01-13,OKC vs. DAL,W,8,0,1,0.0,0,1,0.0,0,0,,0,1,1,1,0,0,0,3,0,-4,2.7,1,2015-16
22015,202683,Enes Freedom,1610612760,OKC,Oklahoma City Thunder,0021500582,2016-01-13,OKC vs. DAL,W,15,2,5,0.4,0,0,,0,0,,2,4,6,0,1,0,2,3,4,0,12.2,1,2015-16
22015,203490,Otto Porter Jr.,1610612764,WAS,Washington Wizards,0021500578,2016-01-13,WAS vs. MIL,W,21,4,12,0.333,1,4,0.25,1,2,0.5,1,1,2,1,1,0,2,3,10,11,14.9,1,2015-16
22015,203148,Brian Roberts,1610612766,CHA,Charlotte Hornets,0021500577,2016-01-13,CHA vs. ATL,W,6,1,3,0.333,0,0,,2,2,1.0,0,0,0,1,0,0,0,0,4,-11,5.5,1,2015-16
22015,2210,Richard Jefferson,1610612739,CLE,Cleveland Cavaliers,0021500590,2016-01-14,CLE @ SAS,L,11,0,3,0.0,0,2,0.0,0,0,,1,1,2,0,0,1,0,0,0,-12,5.4,1,2015-16
22015,202389,Timofey Mozgov,1610612739,CLE,Cleveland Cavaliers,0021500590,2016-01-14,CLE @ SAS,L,15,0,0,,0,0,,0,0,,1,1,2,0,0,0,1,4,0,-6,1.4,1,2015-16
22015,202684,Tristan Thompson,1610612739,CLE,Cleveland Cavaliers,0021500590,2016-01-14,CLE @ SAS,L,35,7,11,0.636,0,0,,4,5,0.8,4,10,14,1,1,0,2,3,18,1,37.3,1,2015-16
22015,202697,Iman Shumpert,1610612739,CLE,Cleveland Cavaliers,0021500590,2016-01-14,CLE @ SAS,L,19,3,3,1.0,1,1,1.0,0,0,,0,1,1,1,2,0,2,1,7,-13,13.7,1,2015-16
22015,202703,Nikola Mirotic,1610612741,CHI,Chicago Bulls,0021500587,2016-01-14,CHI @ PHI,W,24,2,13,0.154,1,5,0.2,2,2,1.0,0,5,5,0,0,1,5,3,7,-3,11.0,1,2015-16
22015,203084,Harrison Barnes,1610612744,GSW,Golden State Warriors,0021500592,2016-01-14,GSW vs. LAL,W,29,5,10,0.5,1,3,0.333,1,2,0.5,0,6,6,2,2,1,0,3,12,10,31.2,1,2015-16
22015,201160,Jason Smith,1610612753,ORL,Orlando Magic,0021500588,2016-01-14,ORL vs. TOR,L,37,8,15,0.533,0,2,0.0,0,0,,1,4,5,4,0,1,0,3,16,0,31.0,1,2015-16
22015,203095,Evan Fournier,1610612753,ORL,Orlando Magic,0021500588,2016-01-14,ORL vs. TOR,L,34,8,11,0.727,2,4,0.5,3,3,1.0,1,2,3,3,1,0,3,5,21,6,29.1,1,2015-16
22015,1626209,Mario Hezonja,1610612753,ORL,Orlando Magic,0021500588,2016-01-14,ORL vs. TOR,L,14,0,4,0.0,0,2,0.0,0,0,,0,2,2,2,0,1,0,0,0,-11,8.4,1,2015-16
22015,203457,Nerlens Noel,1610612755,PHI,Philadelphia 76ers,0021500587,2016-01-14,PHI vs. CHI,L,24,3,7,0.429,0,0,,2,2,1.0,3,3,6,0,1,3,1,3,8,-18,26.2,1,2015-16
22015,201956,Omri Casspi,1610612758,SAC,Sacramento Kings,0021500591,2016-01-14,SAC @ UTA,W,26,4,6,0.667,1,2,0.5,1,1,1.0,0,3,3,0,0,0,0,4,10,-5,13.6,1,2015-16
22015,1626161,Willie Cauley-Stein,1610612758,SAC,Sacramento Kings,0021500591,2016-01-14,SAC @ UTA,W,24,4,6,0.667,0,0,,1,2,0.5,2,6,8,0,1,1,0,4,9,2,24.6,1,2015-16
22015,1495,Tim Duncan,1610612759,SAS,San Antonio Spurs,0021500590,2016-01-14,SAS vs. CLE,W,33,4,10,0.4,0,1,0.0,1,2,0.5,2,4,6,3,1,2,1,3,9,3,28.7,1,2015-16
22015,1938,Manu Ginobili,1610612759,SAS,San Antonio Spurs,0021500590,2016-01-14,SAS vs. CLE,W,26,4,12,0.333,0,4,0.0,2,2,1.0,0,3,3,1,1,1,1,3,10,4,20.1,1,2015-16
22015,201949,James Johnson,1610612761,TOR,Toronto Raptors,0021500588,2016-01-14,TOR @ ORL,W,17,1,4,0.25,0,0,,0,0,,0,0,0,1,2,0,0,0,2,-10,9.5,1,2015-16
22015,203187,Chris Johnson,1610612762,UTA,Utah Jazz,0021500591,2016-01-14,UTA vs. SAC,L,14,0,2,0.0,0,2,0.0,0,0,,1,2,3,0,0,0,0,4,0,-3,3.6,1,2015-16
22015,203497,Rudy Gobert,1610612762,UTA,Utah Jazz,0021500591,2016-01-14,UTA vs. SAC,L,30,1,3,0.333,0,0,,0,0,,4,8,12,2,0,2,0,4,2,1,25.4,1,2015-16
22015,202343,Elliot Williams,1610612763,MEM,Memphis Grizzlies,0021500589,2016-01-14,MEM vs. DET,W,6,0,1,0.0,0,0,,0,0,,0,0,0,1,0,0,0,0,0,-5,1.5,1,2015-16
22015,202704,Reggie Jackson,1610612765,DET,Detroit Pistons,0021500589,2016-01-14,DET @ MEM,L,24,5,7,0.714,1,3,0.333,1,1,1.0,0,1,1,6,0,0,2,4,12,5,20.2,1,2015-16
22015,203083,Andre Drummond,1610612765,DET,Detroit Pistons,0021500589,2016-01-14,DET @ MEM,L,34,5,11,0.455,0,0,,1,4,0.25,3,8,11,1,0,2,2,5,11,19,29.7,1,2015-16
22015,203382,Aron Baynes,1610612765,DET,Detroit Pistons,0021500589,2016-01-14,DET @ MEM,L,13,0,1,0.0,0,0,,3,4,0.75,0,2,2,0,0,0,4,4,3,-17,1.4,1,2015-16
22015,203484,Kentavious Caldwell-Pope,1610612765,DET,Detroit Pistons,0021500589,2016-01-14,DET @ MEM,L,31,3,6,0.5,1,3,0.333,2,2,1.0,0,2,2,1,0,0,3,2,9,-3,9.9,1,2015-16
22015,2544,LeBron James,1610612739,CLE,Cleveland Cavaliers,0021500590,2016-01-14,CLE @ SAS,L,37,9,17,0.529,1,3,0.333,3,4,0.75,2,5,7,5,0,0,4,4,22,9,33.9,1,2015-16
22015,202681,Kyrie Irving,1610612739,CLE,Cleveland Cavaliers,0021500590,2016-01-14,CLE @ SAS,L,32,6,17,0.353,2,5,0.4,2,2,1.0,0,2,2,4,1,0,3,1,16,-7,24.4,1,2015-16
22015,201149,Joakim Noah,1610612741,CHI,Chicago Bulls,0021500587,2016-01-14,CHI @ PHI,W,38,3,8,0.375,0,0,,0,0,,5,11,16,8,2,1,7,3,6,11,39.2,1,2015-16
22015,101106,Andrew Bogut,1610612744,GSW,Golden State Warriors,0021500592,2016-01-14,GSW vs. LAL,W,21,3,4,0.75,0,0,,0,0,,1,7,8,2,0,1,2,1,6,11,19.6,1,2015-16
22015,203110,Draymond Green,1610612744,GSW,Golden State Warriors,0021500592,2016-01-14,GSW vs. LAL,W,27,2,7,0.286,0,2,0.0,3,4,0.75,3,6,9,5,3,0,4,1,7,8,30.3,1,2015-16
22015,204028,Tarik Black,1610612747,LAL,Los Angeles Lakers,0021500592,2016-01-14,LAL @ GSW,L,16,3,5,0.6,0,0,,0,3,0.0,4,2,6,0,1,0,2,3,6,-11,14.2,1,2015-16
22015,1626148,Anthony Brown,1610612747,LAL,Los Angeles Lakers,0021500592,2016-01-14,LAL @ GSW,L,21,0,2,0.0,0,2,0.0,0,0,,0,1,1,0,1,0,1,1,0,-7,3.2,1,2015-16
22015,202696,Nikola Vučević,1610612753,ORL,Orlando Magic,0021500588,2016-01-14,ORL vs. TOR,L,39,8,22,0.364,0,1,0.0,1,1,1.0,2,9,11,4,0,3,1,4,17,1,44.2,1,2015-16
22015,203932,Aaron Gordon,1610612753,ORL,Orlando Magic,0021500588,2016-01-14,ORL vs. TOR,L,7,0,0,,0,0,,0,2,0.0,0,1,1,0,0,0,0,0,0,-7,1.2,1,2015-16
22015,201171,Carl Landry,1610612755,PHI,Philadelphia 76ers,0021500587,2016-01-14,PHI vs. CHI,L,19,4,8,0.5,0,1,0.0,0,0,,0,3,3,1,0,1,2,4,8,12,14.1,1,2015-16
22015,203138,Hollis Thompson,1610612755,PHI,Philadelphia 76ers,0021500587,2016-01-14,PHI vs. CHI,L,34,3,8,0.375,1,5,0.2,0,0,,0,2,2,1,1,0,1,4,7,7,12.9,1,2015-16
22015,203477,Isaiah Canaan,1610612755,PHI,Philadelphia 76ers,0021500587,2016-01-14,PHI vs. CHI,L,5,0,0,,0,0,,0,0,,0,0,0,0,0,0,0,0,0,-2,0.0,1,2015-16
22015,203496,Robert Covington,1610612755,PHI,Philadelphia 76ers,0021500587,2016-01-14,PHI vs. CHI,L,30,8,16,0.5,6,10,0.6,3,4,0.75,4,2,6,1,2,0,0,6,25,-10,39.7,1,2015-16
22015,203917,Nik Stauskas,1610612755,PHI,Philadelphia 76ers,0021500587,2016-01-14,PHI vs. CHI,L,39,4,10,0.4,3,5,0.6,1,2,0.5,0,2,2,5,2,0,1,2,12,-3,26.9,1,2015-16
22015,1626143,Jahlil Okafor,1610612755,PHI,Philadelphia 76ers,0021500587,2016-01-14,PHI vs. CHI,L,33,5,11,0.455,0,0,,2,3,0.667,1,3,4,2,1,1,1,1,12,9,24.8,1,2015-16
22015,201158,Marco Belinelli,1610612758,SAC,Sacramento Kings,0021500591,2016-01-14,SAC @ UTA,W,21,3,6,0.5,0,1,0.0,5,6,0.833,0,2,2,3,0,0,3,3,11,3,14.9,1,2015-16
22015,201954,Darren Collison,1610612758,SAC,Sacramento Kings,0021500591,2016-01-14,SAC @ UTA,W,24,1,5,0.2,1,1,1.0,0,2,0.0,0,2,2,1,1,0,1,3,3,-3,8.9,1,2015-16
22015,2564,Boris Diaw,1610612759,SAS,San Antonio Spurs,0021500590,2016-01-14,SAS vs. CLE,W,10,1,2,0.5,0,0,,0,0,,1,1,2,0,0,1,2,0,2,-6,5.4,1,2015-16
22015,200746,LaMarcus Aldridge,1610612759,SAS,San Antonio Spurs,0021500590,2016-01-14,SAS vs. CLE,W,29,2,7,0.286,0,0,,2,2,1.0,2,6,8,2,0,0,1,4,6,-7,17.6,1,2015-16
22015,201980,Danny Green,1610612759,SAS,San Antonio Spurs,0021500590,2016-01-14,SAS vs. CLE,W,21,1,7,0.143,1,4,0.25,2,3,0.667,1,1,2,0,0,0,1,0,5,1,6.4,1,2015-16
22015,201988,Patty Mills,1610612759,SAS,San Antonio Spurs,0021500590,2016-01-14,SAS vs. CLE,W,13,2,4,0.5,2,2,1.0,0,0,,0,1,1,2,0,0,0,1,6,-3,10.2,1,2015-16
22015,202695,Kawhi Leonard,1610612759,SAS,San Antonio Spurs,0021500590,2016-01-14,SAS vs. CLE,W,40,6,14,0.429,2,4,0.5,6,6,1.0,2,8,10,5,1,2,4,1,20,-5,44.5,1,2015-16
22015,203937,Kyle Anderson,1610612759,SAS,San Antonio Spurs,0021500590,2016-01-14,SAS vs. CLE,W,5,1,1,1.0,0,0,,0,0,,0,2,2,1,0,0,0,0,2,5,5.9,1,2015-16
22015,201942,DeMar DeRozan,1610612761,TOR,Toronto Raptors,0021500588,2016-01-14,TOR @ ORL,W,40,4,19,0.211,0,2,0.0,5,6,0.833,2,9,11,4,1,1,2,2,13,-2,36.2,1,2015-16
22015,203082,Terrence Ross,1610612761,TOR,Toronto Raptors,0021500588,2016-01-14,TOR @ ORL,W,17,1,6,0.167,0,4,0.0,0,0,,0,0,0,0,0,1,1,2,2,19,4.0,1,2015-16
22015,202344,Trevor Booker,1610612762,UTA,Utah Jazz,0021500591,2016-01-14,UTA vs. SAC,L,17,2,3,0.667,0,1,0.0,0,0,,2,4,6,1,1,0,0,2,4,-4,15.7,1,2015-16
22015,203481,Jeff Withey,1610612762,UTA,Utah Jazz,0021500591,2016-01-14,UTA vs. SAC,L,4,0,1,0.0,0,0,,2,2,1.0,0,0,0,0,0,0,0,1,2,-3,2.0,1,2015-16
22015,201202,Joel Anthony,1610612765,DET,Detroit Pistons,0021500589,2016-01-14,DET @ MEM,L,1,0,0,,0,0,,0,0,,0,0,0,0,0,0,0,0,0,-4,0.0,1,2015-16
22015,202694,Marcus Morris Sr.,1610612765,DET,Detroit Pistons,0021500589,2016-01-14,DET @ MEM,L,40,5,10,0.5,1,4,0.25,1,2,0.5,0,4,4,5,0,0,6,1,12,3,18.3,1,2015-16
22015,201567,Kevin Love,1610612739,CLE,Cleveland Cavaliers,0021500590,2016-01-14,CLE @ SAS,L,37,4,10,0.4,2,4,0.5,0,0,,0,12,12,1,0,0,2,3,10,6,23.9,1,2015-16
22015,201166,Aaron Brooks,1610612741,CHI,Chicago Bulls,0021500587,2016-01-14,CHI @ PHI,W,7,1,2,0.5,0,0,,0,0,,0,0,0,1,0,0,3,2,2,-16,0.5,1,2015-16
22015,203926,Doug McDermott,1610612741,CHI,Chicago Bulls,0021500587,2016-01-14,CHI @ PHI,W,33,7,12,0.583,1,2,0.5,2,2,1.0,1,2,3,0,1,0,0,2,17,19,23.6,1,2015-16
22015,2571,Leandro Barbosa,1610612744,GSW,Golden State Warriors,0021500592,2016-01-14,GSW vs. LAL,W,20,5,7,0.714,1,2,0.5,4,4,1.0,0,0,0,2,0,0,2,2,15,5,16.0,1,2015-16
22015,202691,Klay Thompson,1610612744,GSW,Golden State Warriors,0021500592,2016-01-14,GSW vs. LAL,W,27,4,14,0.286,2,5,0.4,2,2,1.0,1,2,3,1,0,1,1,2,12,10,19.1,1,2015-16
22015,203105,Festus Ezeli,1610612744,GSW,Golden State Warriors,0021500592,2016-01-14,GSW vs. LAL,W,20,3,4,0.75,0,0,,2,2,1.0,1,6,7,0,1,0,0,2,8,8,19.4,1,2015-16
22015,101150,Lou Williams,1610612747,LAL,Los Angeles Lakers,0021500592,2016-01-14,LAL @ GSW,L,31,5,12,0.417,1,5,0.2,10,11,0.909,1,3,4,3,0,0,3,2,21,-20,27.3,1,2015-16
22015,201579,Roy Hibbert,1610612747,LAL,Los Angeles Lakers,0021500592,2016-01-14,LAL @ GSW,L,21,2,4,0.5,0,0,,0,2,0.0,3,5,8,0,0,0,1,1,4,-6,12.6,1,2015-16
22015,203527,Ryan Kelly,1610612747,LAL,Los Angeles Lakers,0021500592,2016-01-14,LAL @ GSW,L,7,1,2,0.5,0,0,,3,5,0.6,1,1,2,2,0,0,1,0,5,-4,9.4,1,2015-16
22015,203903,Jordan Clarkson,1610612747,LAL,Los Angeles Lakers,0021500592,2016-01-14,LAL @ GSW,L,36,10,17,0.588,1,3,0.333,1,3,0.333,2,2,4,1,1,0,4,2,22,-9,27.3,1,2015-16
22015,101112,Channing Frye,1610612753,ORL,Orlando Magic,0021500588,2016-01-14,ORL vs. TOR,L,22,1,2,0.5,0,0,,0,0,,0,6,6,2,0,4,1,2,2,4,23.2,1,2015-16
22015,202397,Ish Smith,1610612755,PHI,Philadelphia 76ers,0021500587,2016-01-14,PHI vs. CHI,L,36,10,25,0.4,2,5,0.4,2,2,1.0,2,2,4,8,2,0,2,3,24,-24,44.8,1,2015-16
22015,200765,Rajon Rondo,1610612758,SAC,Sacramento Kings,0021500591,2016-01-14,SAC @ UTA,W,35,2,9,0.222,0,1,0.0,2,2,1.0,0,6,6,13,2,0,3,3,6,5,35.7,1,2015-16
22015,2561,David West,1610612759,SAS,San Antonio Spurs,0021500590,2016-01-14,SAS vs. CLE,W,18,5,7,0.714,0,0,,3,3,1.0,3,2,5,1,0,0,0,1,13,16,20.5,1,2015-16
22015,202335,Patrick Patterson,1610612761,TOR,Toronto Raptors,0021500588,2016-01-14,TOR @ ORL,W,36,4,7,0.571,3,5,0.6,0,0,,1,6,7,2,1,2,0,2,11,5,31.4,1,2015-16
22015,202687,Bismack Biyombo,1610612761,TOR,Toronto Raptors,0021500588,2016-01-14,TOR @ ORL,W,21,3,4,0.75,0,0,,5,6,0.833,2,4,6,1,0,1,1,3,11,10,21.7,1,2015-16
22015,202330,Gordon Hayward,1610612762,UTA,Utah Jazz,0021500591,2016-01-14,UTA vs. SAC,L,37,4,17,0.235,0,8,0.0,13,16,0.813,1,7,8,3,1,1,2,2,21,-3,39.1,1,2015-16
22015,202353,Tibor Pleiss,1610612762,UTA,Utah Jazz,0021500591,2016-01-14,UTA vs. SAC,L,0,0,0,,0,0,,0,0,,0,0,0,0,0,0,0,0,0,0,0.0,1,2015-16
22015,203526,Raul Neto,1610612762,UTA,Utah Jazz,0021500591,2016-01-14,UTA vs. SAC,L,20,5,9,0.556,2,4,0.5,1,4,0.25,0,2,2,4,1,0,3,4,13,-10,21.4,1,2015-16
22015,203918,Rodney Hood,1610612762,UTA,Utah Jazz,0021500591,2016-01-14,UTA vs. SAC,L,29,5,14,0.357,2,8,0.25,3,3,1.0,0,3,3,0,0,0,4,5,15,-4,14.6,1,2015-16
22015,1626168,Trey Lyles,1610612762,UTA,Utah Jazz,0021500591,2016-01-14,UTA vs. SAC,L,39,8,13,0.615,1,3,0.333,2,4,0.5,1,2,3,2,2,0,1,2,19,-2,30.6,1,2015-16
22015,2216,Zach Randolph,1610612763,MEM,Memphis Grizzlies,0021500589,2016-01-14,MEM vs. DET,W,30,6,10,0.6,0,0,,1,3,0.333,1,2,3,3,1,0,1,3,13,9,23.1,1,2015-16
22015,201596,Mario Chalmers,1610612763,MEM,Memphis Grizzlies,0021500589,2016-01-14,MEM vs. DET,W,42,9,15,0.6,2,6,0.333,5,6,0.833,0,3,3,8,4,0,3,3,25,7,49.6,1,2015-16
22015,201943,Brandon Jennings,1610612765,DET,Detroit Pistons,0021500589,2016-01-14,DET @ MEM,L,24,3,5,0.6,2,4,0.5,2,2,1.0,0,1,1,3,0,0,1,1,10,-7,14.7,1,2015-16
22015,2550,Kirk Hinrich,1610612741,CHI,Chicago Bulls,0021500587,2016-01-14,CHI @ PHI,W,32,2,4,0.5,1,3,0.333,0,0,,0,4,4,1,1,0,1,1,5,14,13.3,1,2015-16
22015,202734,E'Twaun Moore,1610612741,CHI,Chicago Bulls,0021500587,2016-01-14,CHI @ PHI,W,26,6,8,0.75,2,2,1.0,0,0,,0,2,2,0,1,0,0,3,14,15,19.4,1,2015-16
22015,203546,Ian Clark,1610612744,GSW,Golden State Warriors,0021500592,2016-01-14,GSW vs. LAL,W,4,3,4,0.75,0,0,,0,0,,0,0,0,2,1,0,1,0,6,5,11.0,1,2015-16
22015,977,Kobe Bryant,1610612747,LAL,Los Angeles Lakers,0021500592,2016-01-14,LAL @ GSW,L,27,4,15,0.267,0,4,0.0,0,0,,2,4,6,3,2,1,2,2,8,-11,26.7,1,2015-16
22015,203901,Elfrid Payton,1610612753,ORL,Orlando Magic,0021500588,2016-01-14,ORL vs. TOR,L,20,2,8,0.25,0,1,0.0,0,0,,0,1,1,4,0,0,3,1,4,-12,8.2,1,2015-16
22015,203960,JaKarr Sampson,1610612755,PHI,Philadelphia 76ers,0021500587,2016-01-14,PHI vs. CHI,L,25,1,3,0.333,0,0,,3,4,0.75,1,3,4,2,1,0,2,4,5,-7,13.8,1,2015-16
22015,1626158,Richaun Holmes,1610612755,PHI,Philadelphia 76ers,0021500587,2016-01-14,PHI vs. CHI,L,3,0,0,,0,0,,0,0,,0,0,0,0,0,0,0,0,0,-2,0.0,1,2015-16
22015,202685,Jonas Valančiūnas,1610612761,TOR,Toronto Raptors,0021500588,2016-01-14,TOR @ ORL,W,30,6,11,0.545,0,0,,1,3,0.333,3,6,9,2,1,3,1,2,13,-2,37.8,1,2015-16
22015,202709,Cory Joseph,1610612761,TOR,Toronto Raptors,0021500588,2016-01-14,TOR @ ORL,W,36,9,11,0.818,0,1,0.0,1,2,0.5,1,2,3,4,2,0,3,3,19,13,31.6,1,2015-16
22015,1713,Vince Carter,1610612763,MEM,Memphis Grizzlies,0021500589,2016-01-14,MEM vs. DET,W,5,0,1,0.0,0,0,,0,0,,0,2,2,0,0,0,1,1,0,2,1.4,1,2015-16
22015,2754,Tony Allen,1610612763,MEM,Memphis Grizzlies,0021500589,2016-01-14,MEM vs. DET,W,32,1,4,0.25,0,0,,0,0,,2,5,7,1,4,0,2,1,2,6,21.9,1,2015-16
22015,201188,Marc Gasol,1610612763,MEM,Memphis Grizzlies,0021500589,2016-01-14,MEM vs. DET,W,37,8,20,0.4,0,0,,3,4,0.75,0,5,5,4,2,3,3,5,19,-11,43.0,1,2015-16
22015,101141,Ersan Ilyasova,1610612765,DET,Detroit Pistons,0021500589,2016-01-14,DET @ MEM,L,26,6,13,0.462,3,5,0.6,2,2,1.0,5,4,9,2,1,0,0,3,17,3,33.8,1,2015-16
22015,201229,Anthony Tolliver,1610612765,DET,Detroit Pistons,0021500589,2016-01-14,DET @ MEM,L,22,3,5,0.6,2,4,0.5,0,0,,0,2,2,0,0,0,0,1,8,-5,10.4,1,2015-16
22015,1626169,Stanley Johnson,1610612765,DET,Detroit Pistons,0021500589,2016-01-14,DET @ MEM,L,25,7,14,0.5,5,9,0.556,0,0,,0,3,3,0,2,0,2,0,19,-4,26.6,1,2015-16
22015,2747,JR Smith,1610612739,CLE,Cleveland Cavaliers,0021500590,2016-01-14,CLE @ SAS,L,33,7,13,0.538,3,7,0.429,0,0,,0,1,1,0,0,1,1,4,17,4,20.2,1,2015-16
22015,203099,Jared Cunningham,1610612739,CLE,Cleveland Cavaliers,0021500590,2016-01-14,CLE @ SAS,L,0,0,0,,0,0,,0,0,,0,0,0,0,0,0,0,0,0,0,0.0,1,2015-16
22015,203521,Matthew Dellavedova,1610612739,CLE,Cleveland Cavaliers,0021500590,2016-01-14,CLE @ SAS,L,20,2,8,0.25,1,4,0.25,0,0,,1,1,2,3,0,0,2,3,5,-2,9.9,1,2015-16
22015,201959,Taj Gibson,1610612741,CHI,Chicago Bulls,0021500587,2016-01-14,CHI @ PHI,W,35,5,9,0.556,0,0,,1,2,0.5,7,4,11,0,1,0,1,1,11,5,26.2,1,2015-16
22015,203503,Tony Snell,1610612741,CHI,Chicago Bulls,0021500587,2016-01-14,CHI @ PHI,W,11,0,1,0.0,0,1,0.0,0,0,,0,2,2,1,0,0,2,1,0,-18,1.9,1,2015-16
22015,1626171,Bobby Portis,1610612741,CHI,Chicago Bulls,0021500587,2016-01-14,CHI @ PHI,W,9,0,1,0.0,0,0,,0,0,,0,0,0,0,0,0,0,0,0,-18,0.0,1,2015-16
22015,2733,Shaun Livingston,1610612744,GSW,Golden State Warriors,0021500592,2016-01-14,GSW vs. LAL,W,19,6,8,0.75,0,0,,5,6,0.833,1,0,1,4,0,0,1,2,17,5,23.2,1,2015-16
22015,2738,Andre Iguodala,1610612744,GSW,Golden State Warriors,0021500592,2016-01-14,GSW vs. LAL,W,23,0,3,0.0,0,2,0.0,0,0,,2,2,4,4,3,1,3,0,0,6,19.8,1,2015-16
22015,201575,Brandon Rush,1610612744,GSW,Golden State Warriors,0021500592,2016-01-14,GSW vs. LAL,W,20,3,7,0.429,1,3,0.333,0,0,,1,2,3,1,1,0,2,1,7,8,13.1,1,2015-16
22015,201939,Stephen Curry,1610612744,GSW,Golden State Warriors,0021500592,2016-01-14,GSW vs. LAL,W,30,9,18,0.5,8,16,0.5,0,0,,2,4,6,3,1,0,3,3,26,14,37.7,1,2015-16
22015,1626156,D'Angelo Russell,1610612747,LAL,Los Angeles Lakers,0021500592,2016-01-14,LAL @ GSW,L,30,6,16,0.375,2,9,0.222,0,0,,0,2,2,3,2,0,2,2,14,-7,24.9,1,2015-16
22015,202699,Tobias Harris,1610612753,ORL,Orlando Magic,0021500588,2016-01-14,ORL vs. TOR,L,44,7,13,0.538,2,4,0.5,0,0,,1,10,11,3,1,0,4,2,16,10,32.7,1,2015-16
22015,203506,Victor Oladipo,1610612753,ORL,Orlando Magic,0021500588,2016-01-14,ORL vs. TOR,L,45,10,20,0.5,5,7,0.714,2,2,1.0,1,5,6,6,2,0,3,3,27,6,46.2,1,2015-16
22015,204456,T.J. McConnell,1610612755,PHI,Philadelphia 76ers,0021500587,2016-01-14,PHI vs. CHI,L,18,4,5,0.8,0,1,0.0,2,3,0.667,0,3,3,3,3,0,2,0,10,18,25.1,1,2015-16
22015,201585,Kosta Koufos,1610612758,SAC,Sacramento Kings,0021500591,2016-01-14,SAC @ UTA,W,15,0,2,0.0,0,0,,0,0,,4,3,7,0,2,0,1,1,0,-3,13.4,1,2015-16
22015,202326,DeMarcus Cousins,1610612758,SAC,Sacramento Kings,0021500591,2016-01-14,SAC @ UTA,W,39,10,21,0.476,2,2,1.0,14,21,0.667,5,12,17,1,1,1,4,2,36,3,59.9,1,2015-16
22015,203463,Ben McLemore,1610612758,SAC,Sacramento Kings,0021500591,2016-01-14,SAC @ UTA,W,18,1,2,0.5,0,0,,2,2,1.0,0,0,0,0,2,0,1,4,4,4,9.0,1,2015-16
22015,203613,Jonathon Simmons,1610612759,SAS,San Antonio Spurs,0021500590,2016-01-14,SAS vs. CLE,W,9,1,1,1.0,0,0,,0,0,,0,2,2,0,0,0,0,2,2,5,4.4,1,2015-16
22015,2449,Luis Scola,1610612761,TOR,Toronto Raptors,0021500588,2016-01-14,TOR @ ORL,W,20,4,8,0.5,3,3,1.0,0,0,,1,1,2,0,3,2,0,0,11,-7,28.4,1,2015-16
22015,200768,Kyle Lowry,1610612761,TOR,Toronto Raptors,0021500588,2016-01-14,TOR @ ORL,W,47,5,20,0.25,2,9,0.222,12,14,0.857,1,7,8,6,1,1,2,2,24,-9,46.6,1,2015-16
22015,204060,Joe Ingles,1610612762,UTA,Utah Jazz,0021500591,2016-01-14,UTA vs. SAC,L,17,3,6,0.5,1,2,0.5,1,1,1.0,1,0,1,0,2,0,1,1,8,8,14.2,1,2015-16
22015,2440,Matt Barnes,1610612763,MEM,Memphis Grizzlies,0021500589,2016-01-14,MEM vs. DET,W,28,6,7,0.857,6,6,1.0,0,0,,0,3,3,0,2,0,0,1,18,-3,27.6,1,2015-16
22015,203210,JaMychal Green,1610612763,MEM,Memphis Grizzlies,0021500589,2016-01-14,MEM vs. DET,W,5,0,1,0.0,0,0,,2,2,1.0,0,0,0,1,0,0,1,2,2,2,2.5,1,2015-16
22015,202710,Jimmy Butler III,1610612741,CHI,Chicago Bulls,0021500587,2016-01-14,CHI @ PHI,W,49,15,30,0.5,2,4,0.5,21,25,0.84,4,6,10,6,3,0,4,4,53,11,79.0,1,2015-16
22015,203944,Julius Randle,1610612747,LAL,Los Angeles Lakers,0021500592,2016-01-14,LAL @ GSW,L,30,7,14,0.5,0,0,,0,0,,3,6,9,3,0,1,4,4,14,-12,28.3,1,2015-16
22015,1626204,Larry Nance Jr.,1610612747,LAL,Los Angeles Lakers,0021500592,2016-01-14,LAL @ GSW,L,23,2,3,0.667,0,0,,0,0,,0,5,5,2,6,1,1,2,4,-3,33.0,1,2015-16
22015,203094,Andrew Nicholson,1610612753,ORL,Orlando Magic,0021500588,2016-01-14,ORL vs. TOR,L,3,0,2,0.0,0,2,0.0,0,0,,0,0,0,0,0,0,0,2,0,-12,0.0,1,2015-16
22015,200752,Rudy Gay,1610612758,SAC,Sacramento Kings,0021500591,2016-01-14,SAC @ UTA,W,39,9,17,0.529,1,4,0.25,5,6,0.833,3,6,9,1,3,0,2,5,24,4,43.3,1,2015-16
22015,2225,Tony Parker,1610612759,SAS,San Antonio Spurs,0021500590,2016-01-14,SAS vs. CLE,W,35,11,18,0.611,0,2,0.0,2,4,0.5,0,4,4,2,3,1,1,1,24,7,42.8,1,2015-16
22015,1626181,Norman Powell,1610612761,TOR,Toronto Raptors,0021500588,2016-01-14,TOR @ ORL,W,3,0,0,,0,0,,0,0,,0,1,1,0,0,0,0,0,0,-2,1.2,1,2015-16
22015,203504,Trey Burke,1610612762,UTA,Utah Jazz,0021500591,2016-01-14,UTA vs. SAC,L,31,7,15,0.467,0,6,0.0,3,4,0.75,0,0,0,0,1,0,2,1,17,10,18.0,1,2015-16
22015,201145,Jeff Green,1610612763,MEM,Memphis Grizzlies,0021500589,2016-01-14,MEM vs. DET,W,27,6,10,0.6,1,2,0.5,3,3,1.0,2,2,4,1,0,0,2,1,16,3,20.3,1,2015-16
22015,201584,Courtney Lee,1610612763,MEM,Memphis Grizzlies,0021500589,2016-01-14,MEM vs. DET,W,29,1,7,0.143,0,2,0.0,6,7,0.857,0,2,2,2,0,0,2,2,8,0,11.4,1,2015-16
22015,201952,Jeff Teague,1610612737,ATL,Atlanta Hawks,0021500599,2016-01-15,ATL @ MIL,L,37,4,13,0.308,1,4,0.25,0,0,,0,4,4,10,1,0,3,2,9,-8,28.8,1,2015-16
22015,201973,Jonas Jerebko,1610612738,BOS,Boston Celtics,0021500595,2016-01-15,BOS vs. PHX,W,20,2,5,0.4,2,3,0.667,1,2,0.5,1,4,5,1,0,0,0,0,7,-9,14.5,1,2015-16
22015,202340,Avery Bradley,1610612738,BOS,Boston Celtics,0021500595,2016-01-15,BOS vs. PHX,W,38,7,21,0.333,1,4,0.25,2,4,0.5,3,4,7,3,2,0,1,2,17,17,34.9,1,2015-16
22015,202738,Isaiah Thomas,1610612738,BOS,Boston Celtics,0021500595,2016-01-15,BOS vs. PHX,W,24,5,11,0.455,3,5,0.6,6,6,1.0,1,1,2,5,0,0,3,3,19,4,25.9,1,2015-16
22015,203482,Kelly Olynyk,1610612738,BOS,Boston Celtics,0021500595,2016-01-15,BOS vs. PHX,W,27,8,16,0.5,4,6,0.667,1,2,0.5,3,6,9,1,3,1,2,2,21,9,43.3,1,2015-16
22015,203935,Marcus Smart,1610612738,BOS,Boston Celtics,0021500595,2016-01-15,BOS vs. PHX,W,33,4,12,0.333,1,5,0.2,1,2,0.5,3,8,11,11,2,2,3,2,10,9,48.7,1,2015-16
22015,202684,Tristan Thompson,1610612739,CLE,Cleveland Cavaliers,0021500601,2016-01-15,CLE @ HOU,W,22,4,4,1.0,0,0,,2,2,1.0,3,2,5,1,0,1,0,4,10,7,20.5,1,2015-16
22015,203099,Jared Cunningham,1610612739,CLE,Cleveland Cavaliers,0021500601,2016-01-15,CLE @ HOU,W,3,0,2,0.0,0,1,0.0,0,0,,0,0,0,0,0,0,0,0,0,-6,0.0,1,2015-16
22015,201600,Omer Asik,1610612740,NOP,New Orleans Pelicans,0021500598,2016-01-15,NOP vs. CHA,W,14,0,1,0.0,0,0,,1,2,0.5,1,2,3,0,0,1,1,1,1,-4,6.6,1,2015-16
22015,202710,Jimmy Butler III,1610612741,CHI,Chicago Bulls,0021500597,2016-01-15,CHI vs. DAL,L,36,2,11,0.182,0,4,0.0,0,0,,0,5,5,6,2,0,0,1,4,-7,25.0,1,2015-16
22015,201580,JaVale McGee,1610612742,DAL,Dallas Mavericks,0021500597,2016-01-15,DAL @ CHI,W,7,2,4,0.5,0,0,,1,1,1.0,2,3,5,0,0,1,0,1,5,5,14.0,1,2015-16
22015,201589,Darrell Arthur,1610612743,DEN,Denver Nuggets,0021500600,2016-01-15,DEN vs. MIA,L,30,8,12,0.667,0,0,,2,2,1.0,1,7,8,1,2,0,1,4,18,-4,34.1,1,2015-16
22015,203930,Sean Kilpatrick,1610612743,DEN,Denver Nuggets,0021500600,2016-01-15,DEN vs. MIA,L,0,0,0,,0,0,,0,0,,0,0,0,0,0,0,0,0,0,0,0.0,1,2015-16
22015,1626144,Emmanuel Mudiay,1610612743,DEN,Denver Nuggets,0021500600,2016-01-15,DEN vs. MIA,L,26,5,11,0.455,2,3,0.667,4,4,1.0,0,1,1,4,0,1,2,0,16,2,24.2,1,2015-16
22015,2772,Trevor Ariza,1610612745,HOU,Houston Rockets,0021500601,2016-01-15,HOU vs. CLE,L,34,3,9,0.333,2,4,0.5,0,0,,0,4,4,1,2,0,0,2,8,-13,20.3,1,2015-16
22015,201977,Marcus Thornton,1610612745,HOU,Houston Rockets,0021500601,2016-01-15,HOU vs. CLE,L,18,1,10,0.1,0,4,0.0,0,0,,1,2,3,1,0,0,1,0,2,-13,6.1,1,2015-16
22015,1626149,Montrezl Harrell,1610612745,HOU,Houston Rockets,0021500601,2016-01-15,HOU vs. CLE,L,9,2,3,0.667,0,0,,3,4,0.75,0,1,1,1,0,0,0,0,7,7,9.7,1,2015-16
22015,101123,Gerald Green,1610612748,MIA,Miami Heat,0021500600,2016-01-15,MIA @ DEN,W,24,1,5,0.2,0,2,0.0,0,1,0.0,0,3,3,2,0,0,1,3,2,2,7.6,1,2015-16
22015,204020,Tyler Johnson,1610612748,MIA,Miami Heat,0021500600,2016-01-15,MIA @ DEN,W,31,6,15,0.4,0,2,0.0,3,4,0.75,1,3,4,4,1,0,1,1,15,4,27.8,1,2015-16
22015,203114,Khris Middleton,1610612749,MIL,Milwaukee Bucks,0021500599,2016-01-15,MIL vs. ATL,W,46,11,23,0.478,0,4,0.0,4,5,0.8,0,4,4,3,3,0,2,0,26,11,42.3,1,2015-16
22015,203507,Giannis Antetokounmpo,1610612749,MIL,Milwaukee Bucks,0021500599,2016-01-15,MIL vs. ATL,W,50,10,18,0.556,1,2,0.5,7,9,0.778,5,11,16,0,1,3,3,3,28,5,56.2,1,2015-16
22015,1626173,Rashad Vaughn,1610612749,MIL,Milwaukee Bucks,0021500599,2016-01-15,MIL vs. ATL,W,12,0,0,,0,0,,0,0,,0,0,0,0,0,0,0,0,0,-5,0.0,1,2015-16
22015,201937,Ricky Rubio,1610612750,MIN,Minnesota Timberwolves,0021500594,2016-01-15,MIN @ OKC,L,24,2,6,0.333,2,3,0.667,0,0,,0,4,4,2,1,0,0,2,6,-17,16.8,1,2015-16
22015,202357,Nemanja Bjelica,1610612750,MIN,Minnesota Timberwolves,0021500594,2016-01-15,MIN @ OKC,L,24,1,8,0.125,1,4,0.25,2,4,0.5,1,4,5,4,1,2,1,2,5,1,25.0,1,2015-16
22015,203498,Shabazz Muhammad,1610612750,MIN,Minnesota Timberwolves,0021500594,2016-01-15,MIN @ OKC,L,34,5,12,0.417,1,1,1.0,4,4,1.0,1,3,4,0,0,0,3,2,15,-10,16.8,1,2015-16
22015,203897,Zach LaVine,1610612750,MIN,Minnesota Timberwolves,0021500594,2016-01-15,MIN @ OKC,L,24,5,9,0.556,1,1,1.0,2,3,0.667,1,5,6,0,0,0,2,2,13,-3,18.2,1,2015-16
22015,1626157,Karl-Anthony Towns,1610612750,MIN,Minnesota Timberwolves,0021500594,2016-01-15,MIN @ OKC,L,30,4,13,0.308,0,2,0.0,1,1,1.0,8,4,12,1,0,0,2,5,9,-22,22.9,1,2015-16
22015,201572,Brook Lopez,1610612751,BKN,Brooklyn Nets,0021500596,2016-01-15,BKN vs. POR,L,28,9,17,0.529,0,0,,7,10,0.7,3,4,7,1,0,1,2,1,25,6,35.9,1,2015-16
22015,202711,Bojan Bogdanovic,1610612751,BKN,Brooklyn Nets,0021500596,2016-01-15,BKN vs. POR,L,16,1,6,0.167,0,2,0.0,1,2,0.5,0,2,2,0,0,0,0,0,3,-18,5.4,1,2015-16
22015,101139,CJ Miles,1610612754,IND,Indiana Pacers,0021500593,2016-01-15,IND vs. WAS,L,27,1,3,0.333,0,2,0.0,2,2,1.0,1,1,2,1,1,1,0,3,4,-12,13.9,1,2015-16
22015,202331,Paul George,1610612754,IND,Indiana Pacers,0021500593,2016-01-15,IND vs. WAS,L,34,6,19,0.316,1,7,0.143,8,8,1.0,1,4,5,7,3,1,5,3,21,-9,44.5,1,2015-16
22015,202730,Lavoy Allen,1610612754,IND,Indiana Pacers,0021500593,2016-01-15,IND vs. WAS,L,20,6,8,0.75,0,0,,3,4,0.75,0,3,3,1,0,0,0,0,15,-2,20.1,1,2015-16
22015,203922,Glenn Robinson III,1610612754,IND,Indiana Pacers,0021500593,2016-01-15,IND vs. WAS,L,11,0,1,0.0,0,0,,0,0,,0,0,0,0,1,0,0,0,0,-7,3.0,1,2015-16
22015,2199,Tyson Chandler,1610612756,PHX,Phoenix Suns,0021500595,2016-01-15,PHX @ BOS,L,24,2,4,0.5,0,0,,2,2,1.0,1,8,9,2,0,0,1,1,6,-19,18.8,1,2015-16
22015,202693,Markieff Morris,1610612756,PHX,Phoenix Suns,0021500595,2016-01-15,PHX @ BOS,L,22,2,10,0.2,0,0,,5,5,1.0,1,8,9,4,1,0,1,1,9,-26,27.8,1,2015-16
22015,203141,Mirza Teletovic,1610612756,PHX,Phoenix Suns,0021500595,2016-01-15,PHX @ BOS,L,21,5,13,0.385,4,7,0.571,8,9,0.889,1,1,2,1,0,0,0,2,22,11,25.9,1,2015-16
22015,203485,Lorenzo Brown,1610612756,PHX,Phoenix Suns,0021500595,2016-01-15,PHX @ BOS,L,5,1,2,0.5,0,0,,0,0,,0,1,1,0,0,0,0,0,2,-6,3.2,1,2015-16
22015,202329,Al-Farouq Aminu,1610612757,POR,Portland Trail Blazers,0021500596,2016-01-15,POR @ BKN,W,31,3,7,0.429,2,6,0.333,2,2,1.0,1,2,3,0,1,4,2,3,10,6,26.6,1,2015-16
22015,202334,Ed Davis,1610612757,POR,Portland Trail Blazers,0021500596,2016-01-15,POR @ BKN,W,24,6,6,1.0,0,0,,2,4,0.5,4,6,10,1,1,1,1,2,14,24,32.5,1,2015-16
22015,203086,Meyers Leonard,1610612757,POR,Portland Trail Blazers,0021500596,2016-01-15,POR @ BKN,W,22,3,7,0.429,2,6,0.333,0,0,,1,6,7,1,0,0,1,5,8,9,16.9,1,2015-16
22015,203468,CJ McCollum,1610612757,POR,Portland Trail Blazers,0021500596,2016-01-15,POR @ BKN,W,35,6,15,0.4,1,4,0.25,0,0,,2,2,4,7,2,0,4,1,13,7,30.3,1,2015-16
22015,204025,Tim Frazier,1610612757,POR,Portland Trail Blazers,0021500596,2016-01-15,POR @ BKN,W,1,0,1,0.0,0,0,,0,0,,0,0,0,0,0,0,0,0,0,0,0.0,1,2015-16
22015,201586,Serge Ibaka,1610612760,OKC,Oklahoma City Thunder,0021500594,2016-01-15,OKC vs. MIN,W,33,6,13,0.462,1,5,0.2,0,0,,2,3,5,4,1,3,1,2,13,13,36.0,1,2015-16
22015,203956,Mitch McGary,1610612760,OKC,Oklahoma City Thunder,0021500594,2016-01-15,OKC vs. MIN,W,5,0,1,0.0,0,1,0.0,0,0,,0,0,0,0,0,0,0,2,0,-3,0.0,1,2015-16
22015,201971,DeJuan Blair,1610612764,WAS,Washington Wizards,0021500593,2016-01-15,WAS @ IND,W,23,6,8,0.75,0,0,,0,0,,3,3,6,1,2,0,1,4,12,7,25.7,1,2015-16
22015,203078,Bradley Beal,1610612764,WAS,Washington Wizards,0021500593,2016-01-15,WAS @ IND,W,22,9,15,0.6,4,7,0.571,0,1,0.0,2,3,5,1,0,0,2,3,22,11,27.5,1,2015-16
22015,1626162,Kelly Oubre Jr.,1610612764,WAS,Washington Wizards,0021500593,2016-01-15,WAS @ IND,W,18,2,6,0.333,1,2,0.5,2,4,0.5,2,2,4,0,2,0,0,3,7,-2,17.8,1,2015-16
22015,201150,Spencer Hawes,1610612766,CHA,Charlotte Hornets,0021500598,2016-01-15,CHA @ NOP,L,11,2,5,0.4,0,2,0.0,0,0,,1,2,3,2,0,0,1,2,4,-6,9.6,1,2015-16
22015,200794,Paul Millsap,1610612737,ATL,Atlanta Hawks,0021500599,2016-01-15,ATL @ MIL,L,33,10,19,0.526,1,4,0.25,2,2,1.0,0,10,10,6,2,4,2,6,23,-4,60.0,1,2015-16
22015,203145,Kent Bazemore,1610612737,ATL,Atlanta Hawks,0021500599,2016-01-15,ATL @ MIL,L,23,3,9,0.333,1,4,0.25,0,0,,0,0,0,3,0,0,2,6,7,-3,9.5,1,2015-16
22015,203501,Tim Hardaway Jr.,1610612737,ATL,Atlanta Hawks,0021500599,2016-01-15,ATL @ MIL,L,5,0,1,0.0,0,1,0.0,0,0,,0,0,0,0,1,0,0,0,0,2,3.0,1,2015-16
22015,1626154,RJ Hunter,1610612738,BOS,Boston Celtics,0021500595,2016-01-15,BOS vs. PHX,W,1,0,0,,0,0,,0,0,,0,0,0,0,0,0,0,0,0,-2,0.0,1,2015-16
22015,2210,Richard Jefferson,1610612739,CLE,Cleveland Cavaliers,0021500601,2016-01-15,CLE @ HOU,W,12,1,2,0.5,1,2,0.5,1,2,0.5,1,1,2,0,0,0,0,2,4,7,6.4,1,2015-16
22015,202708,Norris Cole,1610612740,NOP,New Orleans Pelicans,0021500598,2016-01-15,NOP vs. CHA,W,16,1,4,0.25,0,1,0.0,0,0,,0,1,1,4,1,1,0,0,2,5,15.2,1,2015-16
22015,2200,Pau Gasol,1610612741,CHI,Chicago Bulls,0021500597,2016-01-15,CHI vs. DAL,L,36,7,14,0.5,0,0,,3,4,0.75,2,6,8,4,1,2,3,3,17,2,38.6,1,2015-16
22015,201149,Joakim Noah,1610612741,CHI,Chicago Bulls,0021500597,2016-01-15,CHI vs. DAL,L,6,1,2,0.5,0,0,,0,0,,1,1,2,0,0,0,0,2,2,-4,4.4,1,2015-16
22015,201565,Derrick Rose,1610612741,CHI,Chicago Bulls,0021500597,2016-01-15,CHI vs. DAL,L,33,8,18,0.444,0,2,0.0,2,2,1.0,1,3,4,2,2,0,1,1,18,3,30.8,1,2015-16
22015,201959,Taj Gibson,1610612741,CHI,Chicago Bulls,0021500597,2016-01-15,CHI vs. DAL,L,30,4,10,0.4,0,0,,1,2,0.5,4,7,11,1,0,0,1,3,9,-3,22.7,1,2015-16
22015,202734,E'Twaun Moore,1610612741,CHI,Chicago Bulls,0021500597,2016-01-15,CHI vs. DAL,L,22,4,6,0.667,0,2,0.0,0,0,,0,3,3,1,0,0,1,2,8,4,12.1,1,2015-16
22015,203926,Doug McDermott,1610612741,CHI,Chicago Bulls,0021500597,2016-01-15,CHI vs. DAL,L,21,0,4,0.0,0,1,0.0,0,0,,1,3,4,0,0,0,0,0,0,3,4.8,1,2015-16
22015,200826,J.J. Barea,1610612742,DAL,Dallas Mavericks,0021500597,2016-01-15,DAL @ CHI,W,20,3,7,0.429,1,3,0.333,2,2,1.0,0,2,2,3,0,0,0,1,9,5,15.9,1,2015-16
22015,201568,Danilo Gallinari,1610612743,DEN,Denver Nuggets,0021500600,2016-01-15,DEN vs. MIA,L,38,2,10,0.2,1,5,0.2,6,6,1.0,0,4,4,2,0,0,3,2,11,-4,15.8,1,2015-16
22015,1891,Jason Terry,1610612745,HOU,Houston Rockets,0021500601,2016-01-15,HOU vs. CLE,L,18,2,6,0.333,1,4,0.25,0,0,,0,1,1,1,2,1,2,0,5,-2,14.7,1,2015-16
22015,201976,Patrick Beverley,1610612745,HOU,Houston Rockets,0021500601,2016-01-15,HOU vs. CLE,L,28,5,8,0.625,3,4,0.75,0,0,,1,2,3,3,1,0,2,4,13,1,22.1,1,2015-16
22015,203991,Clint Capela,1610612745,HOU,Houston Rockets,0021500601,2016-01-15,HOU vs. CLE,L,14,3,7,0.429,0,0,,1,4,0.25,2,2,4,0,0,1,1,1,7,0,13.8,1,2015-16
22015,2736,Luol Deng,1610612748,MIA,Miami Heat,0021500600,2016-01-15,MIA @ DEN,W,39,5,12,0.417,0,1,0.0,2,2,1.0,0,5,5,2,1,0,1,2,12,12,23.0,1,2015-16
22015,2207,Joe Johnson,1610612751,BKN,Brooklyn Nets,0021500596,2016-01-15,BKN vs. POR,L,33,5,13,0.385,3,6,0.5,2,2,1.0,2,1,3,4,1,0,1,0,15,9,26.6,1,2015-16
22015,201152,Thaddeus Young,1610612751,BKN,Brooklyn Nets,0021500596,2016-01-15,BKN vs. POR,L,34,5,11,0.455,0,0,,1,2,0.5,4,4,8,3,2,1,2,1,11,3,32.1,1,2015-16
22015,1626167,Myles Turner,1610612754,IND,Indiana Pacers,0021500593,2016-01-15,IND vs. WAS,L,18,4,8,0.5,0,0,,2,2,1.0,1,2,3,1,0,0,1,1,10,5,14.1,1,2015-16
22015,200782,P.J. Tucker,1610612756,PHX,Phoenix Suns,0021500595,2016-01-15,PHX @ BOS,L,27,3,8,0.375,1,3,0.333,0,0,,2,3,5,2,2,1,1,3,7,-16,24.0,1,2015-16
22015,203933,T.J. Warren,1610612756,PHX,Phoenix Suns,0021500595,2016-01-15,PHX @ BOS,L,20,5,9,0.556,1,2,0.5,2,4,0.5,0,3,3,1,1,1,0,4,13,8,24.1,1,2015-16
22015,201945,Gerald Henderson,1610612757,POR,Portland Trail Blazers,0021500596,2016-01-15,POR @ BKN,W,8,1,3,0.333,0,1,0.0,0,0,,0,0,0,0,0,0,0,0,2,-1,2.0,1,2015-16
22015,203081,Damian Lillard,1610612757,POR,Portland Trail Blazers,0021500596,2016-01-15,POR @ BKN,W,37,13,24,0.542,5,10,0.5,2,3,0.667,1,2,3,10,1,0,0,0,33,10,54.6,1,2015-16
22015,203090,Maurice Harkless,1610612757,POR,Portland Trail Blazers,0021500596,2016-01-15,POR @ BKN,W,16,2,4,0.5,0,1,0.0,0,0,,0,2,2,2,0,0,0,1,4,6,9.4,1,2015-16
22015,203486,Mason Plumlee,1610612757,POR,Portland Trail Blazers,0021500596,2016-01-15,POR @ BKN,W,22,3,6,0.5,0,0,,1,2,0.5,0,2,2,3,0,0,1,2,7,-15,12.9,1,2015-16
22015,2555,Nick Collison,1610612760,OKC,Oklahoma City Thunder,0021500594,2016-01-15,OKC vs. MIN,W,7,1,1,1.0,0,0,,0,0,,2,0,2,2,0,0,0,2,2,1,7.4,1,2015-16
22015,201142,Kevin Durant,1610612760,OKC,Oklahoma City Thunder,0021500594,2016-01-15,OKC vs. MIN,W,30,7,14,0.5,1,5,0.2,6,7,0.857,0,6,6,7,1,0,1,1,21,15,40.7,1,2015-16
22015,202683,Enes Freedom,1610612760,OKC,Oklahoma City Thunder,0021500594,2016-01-15,OKC vs. MIN,W,25,3,8,0.375,0,1,0.0,1,2,0.5,3,2,5,1,0,0,0,4,7,14,14.5,1,2015-16
22015,203500,Steven Adams,1610612760,OKC,Oklahoma City Thunder,0021500594,2016-01-15,OKC vs. MIN,W,25,4,7,0.571,0,0,,4,6,0.667,1,3,4,0,1,1,0,4,12,21,22.8,1,2015-16
22015,1626166,Cameron Payne,1610612760,OKC,Oklahoma City Thunder,0021500594,2016-01-15,OKC vs. MIN,W,24,6,11,0.545,1,2,0.5,1,1,1.0,0,2,2,5,4,1,1,1,14,3,37.9,1,2015-16
22015,2403,Nene,1610612764,WAS,Washington Wizards,0021500593,2016-01-15,WAS @ IND,W,21,4,9,0.444,0,0,,0,0,,6,2,8,2,1,1,4,5,8,14,22.6,1,2015-16
22015,201587,Nicolas Batum,1610612766,CHA,Charlotte Hornets,0021500598,2016-01-15,CHA @ NOP,L,41,11,22,0.5,2,9,0.222,1,1,1.0,0,4,4,8,0,0,3,1,25,-2,38.8,1,2015-16
22015,202391,Jeremy Lin,1610612766,CHA,Charlotte Hornets,0021500598,2016-01-15,CHA @ NOP,L,30,3,10,0.3,1,5,0.2,0,0,,0,5,5,1,1,0,1,1,7,6,16.5,1,2015-16
22015,2594,Kyle Korver,1610612737,ATL,Atlanta Hawks,0021500599,2016-01-15,ATL @ MIL,L,41,7,10,0.7,3,5,0.6,0,0,,0,4,4,3,1,1,2,5,17,-6,30.3,1,2015-16
22015,200757,Thabo Sefolosha,1610612737,ATL,Atlanta Hawks,0021500599,2016-01-15,ATL @ MIL,L,34,1,5,0.2,0,2,0.0,2,2,1.0,1,5,6,4,0,2,2,3,4,0,21.2,1,2015-16
22015,201143,Al Horford,1610612737,ATL,Atlanta Hawks,0021500599,2016-01-15,ATL @ MIL,L,41,9,23,0.391,0,3,0.0,0,0,,3,5,8,2,0,2,3,0,18,-10,33.6,1,2015-16
22015,201168,Tiago Splitter,1610612737,ATL,Atlanta Hawks,0021500599,2016-01-15,ATL @ MIL,L,13,2,5,0.4,0,0,,0,0,,2,2,4,0,0,0,0,1,4,3,8.8,1,2015-16
22015,203200,Justin Holiday,1610612737,ATL,Atlanta Hawks,0021500599,2016-01-15,ATL @ MIL,L,0,0,0,,0,0,,0,0,,0,0,0,0,0,0,0,0,0,-2,0.0,1,2015-16
22015,101161,Amir Johnson,1610612738,BOS,Boston Celtics,0021500595,2016-01-15,BOS vs. PHX,W,19,6,9,0.667,0,0,,1,3,0.333,2,3,5,2,1,0,0,2,13,4,25.0,1,2015-16
22015,203096,Jared Sullinger,1610612738,BOS,Boston Celtics,0021500595,2016-01-15,BOS vs. PHX,W,24,4,8,0.5,1,2,0.5,2,4,0.5,2,8,10,2,0,0,0,3,11,23,26.0,1,2015-16
22015,203923,James Young,1610612738,BOS,Boston Celtics,0021500595,2016-01-15,BOS vs. PHX,W,1,0,0,,0,0,,0,0,,0,0,0,0,0,0,0,1,0,-2,0.0,1,2015-16
22015,201567,Kevin Love,1610612739,CLE,Cleveland Cavaliers,0021500601,2016-01-15,CLE @ HOU,W,33,4,13,0.308,3,8,0.375,0,0,,3,10,13,1,3,0,5,2,11,7,32.1,1,2015-16
22015,202389,Timofey Mozgov,1610612739,CLE,Cleveland Cavaliers,0021500601,2016-01-15,CLE @ HOU,W,18,1,2,0.5,0,0,,0,0,,0,2,2,1,0,1,0,3,2,2,8.9,1,2015-16
22015,201569,Eric Gordon,1610612740,NOP,New Orleans Pelicans,0021500598,2016-01-15,NOP vs. CHA,W,32,4,12,0.333,2,6,0.333,0,0,,0,1,1,2,1,0,1,0,10,-3,16.2,1,2015-16
22015,202703,Nikola Mirotic,1610612741,CHI,Chicago Bulls,0021500597,2016-01-15,CHI vs. DAL,L,15,0,4,0.0,0,2,0.0,2,2,1.0,1,1,2,1,0,0,0,3,2,-3,5.9,1,2015-16
22015,203503,Tony Snell,1610612741,CHI,Chicago Bulls,0021500597,2016-01-15,CHI vs. DAL,L,20,1,6,0.167,1,4,0.25,0,0,,0,5,5,0,0,0,1,2,3,-12,8.0,1,2015-16
22015,101111,Charlie Villanueva,1610612742,DAL,Dallas Mavericks,0021500597,2016-01-15,DAL @ CHI,W,3,0,2,0.0,0,0,,0,0,,0,0,0,0,0,0,0,0,0,-6,0.0,1,2015-16
22015,2749,Jameer Nelson,1610612743,DEN,Denver Nuggets,0021500600,2016-01-15,DEN vs. MIA,L,31,3,6,0.5,1,2,0.5,0,0,,1,2,3,4,1,1,2,4,7,-8,20.6,1,2015-16
22015,203914,Gary Harris,1610612743,DEN,Denver Nuggets,0021500600,2016-01-15,DEN vs. MIA,L,38,4,14,0.286,1,4,0.25,2,2,1.0,0,1,1,2,0,0,0,1,11,-6,15.2,1,2015-16
22015,2730,Dwight Howard,1610612745,HOU,Houston Rockets,0021500601,2016-01-15,HOU vs. CLE,L,34,4,9,0.444,0,0,,6,10,0.6,2,9,11,1,2,2,2,1,14,-17,38.7,1,2015-16
22015,201147,Corey Brewer,1610612745,HOU,Houston Rockets,0021500601,2016-01-15,HOU vs. CLE,L,13,1,4,0.25,0,1,0.0,1,2,0.5,1,0,1,0,0,0,0,2,3,-20,4.2,1,2015-16
22015,201935,James Harden,1610612745,HOU,Houston Rockets,0021500601,2016-01-15,HOU vs. CLE,L,38,2,10,0.2,0,5,0.0,7,7,1.0,0,5,5,5,3,1,8,5,11,-2,28.5,1,2015-16
22015,201951,Ty Lawson,1610612745,HOU,Houston Rockets,0021500601,2016-01-15,HOU vs. CLE,L,6,0,0,,0,0,,0,0,,0,0,0,0,0,0,0,1,0,-10,0.0,1,2015-16
22015,203093,Terrence Jones,1610612745,HOU,Houston Rockets,0021500601,2016-01-15,HOU vs. CLE,L,22,1,6,0.167,0,3,0.0,1,2,0.5,2,2,4,2,0,1,2,3,3,-5,11.8,1,2015-16
22015,203909,KJ McDaniels,1610612745,HOU,Houston Rockets,0021500601,2016-01-15,HOU vs. CLE,L,4,2,2,1.0,0,0,,0,0,,1,2,3,0,0,0,0,1,4,4,7.6,1,2015-16
22015,2405,Amar'e Stoudemire,1610612748,MIA,Miami Heat,0021500600,2016-01-15,MIA @ DEN,W,6,2,4,0.5,0,0,,1,1,1.0,2,0,2,1,0,0,0,1,5,-11,8.9,1,2015-16
22015,1626159,Justise Winslow,1610612748,MIA,Miami Heat,0021500600,2016-01-15,MIA @ DEN,W,23,3,5,0.6,2,2,1.0,0,0,,0,4,4,1,1,1,3,3,8,0,17.3,1,2015-16
22015,203089,John Henson,1610612749,MIL,Milwaukee Bucks,0021500599,2016-01-15,MIL vs. ATL,W,31,3,6,0.5,0,0,,4,8,0.5,2,5,7,1,0,6,3,3,10,16,34.9,1,2015-16
22015,203948,Johnny O'Bryant III,1610612749,MIL,Milwaukee Bucks,0021500599,2016-01-15,MIL vs. ATL,W,13,2,3,0.667,0,0,,0,0,,0,2,2,1,1,0,0,2,4,-4,10.9,1,2015-16
22015,1889,Andre Miller,1610612750,MIN,Minnesota Timberwolves,0021500594,2016-01-15,MIN @ OKC,L,6,0,1,0.0,0,0,,0,0,,0,0,0,1,0,0,0,0,0,-4,1.5,1,2015-16
22015,203476,Gorgui Dieng,1610612750,MIN,Minnesota Timberwolves,0021500594,2016-01-15,MIN @ OKC,L,16,1,3,0.333,0,0,,0,0,,2,3,5,2,0,0,1,0,2,-9,10.0,1,2015-16
22015,203952,Andrew Wiggins,1610612750,MIN,Minnesota Timberwolves,0021500594,2016-01-15,MIN @ OKC,L,40,10,22,0.455,0,1,0.0,5,5,1.0,2,1,3,3,1,0,3,3,25,-21,33.1,1,2015-16
22015,204014,Damjan Rudez,1610612750,MIN,Minnesota Timberwolves,0021500594,2016-01-15,MIN @ OKC,L,2,1,1,1.0,0,0,,0,0,,0,0,0,0,0,0,0,0,2,5,2.0,1,2015-16
22015,203508,Sergey Karasev,1610612751,BKN,Brooklyn Nets,0021500596,2016-01-15,BKN vs. POR,L,5,0,1,0.0,0,1,0.0,0,0,,0,0,0,0,0,0,0,0,0,-13,0.0,1,2015-16
22015,203900,Markel Brown,1610612751,BKN,Brooklyn Nets,0021500596,2016-01-15,BKN vs. POR,L,7,0,0,,0,0,,0,0,,0,0,0,2,0,1,0,0,0,-3,6.0,1,2015-16
22015,201588,George Hill,1610612754,IND,Indiana Pacers,0021500593,2016-01-15,IND vs. WAS,L,34,8,14,0.571,2,4,0.5,1,2,0.5,3,5,8,1,1,0,2,2,19,-27,31.1,1,2015-16
22015,201941,Jordan Hill,1610612754,IND,Indiana Pacers,0021500593,2016-01-15,IND vs. WAS,L,8,0,2,0.0,0,0,,1,2,0.5,0,2,2,2,0,0,0,0,1,-10,6.4,1,2015-16
22015,201978,Chase Budinger,1610612754,IND,Indiana Pacers,0021500593,2016-01-15,IND vs. WAS,L,20,1,4,0.25,0,2,0.0,2,3,0.667,0,4,4,3,1,0,2,0,4,0,14.3,1,2015-16
22015,203462,Archie Goodwin,1610612756,PHX,Phoenix Suns,0021500595,2016-01-15,PHX @ BOS,L,20,1,8,0.125,0,1,0.0,0,0,,1,2,3,3,0,0,0,0,2,-14,10.1,1,2015-16
22015,1626164,Devin Booker,1610612756,PHX,Phoenix Suns,0021500595,2016-01-15,PHX @ BOS,L,24,2,9,0.222,0,4,0.0,5,6,0.833,1,4,5,0,0,0,3,3,9,4,12.0,1,2015-16
22015,203459,Allen Crabbe,1610612757,POR,Portland Trail Blazers,0021500596,2016-01-15,POR @ BKN,W,27,7,12,0.583,5,6,0.833,0,0,,0,6,6,2,2,0,0,3,19,23,35.2,1,2015-16
22015,1626192,Pat Connaughton,1610612757,POR,Portland Trail Blazers,0021500596,2016-01-15,POR @ BKN,W,1,0,0,,0,0,,0,0,,0,1,1,0,0,0,0,0,0,0,1.2,1,2015-16
22015,202713,Kyle Singler,1610612760,OKC,Oklahoma City Thunder,0021500594,2016-01-15,OKC vs. MIN,W,10,2,3,0.667,0,1,0.0,0,0,,0,1,1,0,0,0,0,0,4,6,5.2,1,2015-16
22015,203079,Dion Waiters,1610612760,OKC,Oklahoma City Thunder,0021500594,2016-01-15,OKC vs. MIN,W,28,8,14,0.571,2,5,0.4,2,4,0.5,0,1,1,1,1,0,1,1,20,-2,24.7,1,2015-16
22015,203460,Andre Roberson,1610612760,OKC,Oklahoma City Thunder,0021500594,2016-01-15,OKC vs. MIN,W,17,4,4,1.0,0,0,,0,2,0.0,1,2,3,1,0,1,0,0,8,18,16.1,1,2015-16
22015,201196,Ramon Sessions,1610612764,WAS,Washington Wizards,0021500593,2016-01-15,WAS @ IND,W,23,5,7,0.714,0,0,,0,0,,0,3,3,5,2,0,1,2,10,10,26.1,1,2015-16
22015,202390,Gary Neal,1610612764,WAS,Washington Wizards,0021500593,2016-01-15,WAS @ IND,W,24,5,10,0.5,2,3,0.667,0,0,,0,4,4,3,0,0,1,2,12,1,20.3,1,2015-16
22015,202323,Evan Turner,1610612738,BOS,Boston Celtics,0021500595,2016-01-15,BOS vs. PHX,W,25,1,1,1.0,0,0,,0,0,,0,1,1,0,1,0,1,2,2,-6,5.2,1,2015-16
22015,203521,Matthew Dellavedova,1610612739,CLE,Cleveland Cavaliers,0021500601,2016-01-15,CLE @ HOU,W,23,1,6,0.167,0,2,0.0,1,2,0.5,3,2,5,3,3,0,2,3,3,9,20.5,1,2015-16
22015,201583,Ryan Anderson,1610612740,NOP,New Orleans Pelicans,0021500598,2016-01-15,NOP vs. CHA,W,29,12,19,0.632,6,8,0.75,2,2,1.0,2,6,8,0,0,0,0,0,32,10,41.6,1,2015-16
22015,201967,Dante Cunningham,1610612740,NOP,New Orleans Pelicans,0021500598,2016-01-15,NOP vs. CHA,W,24,2,6,0.333,1,3,0.333,0,0,,0,2,2,2,1,2,1,2,5,-1,18.4,1,2015-16
22015,202087,Alonzo Gee,1610612740,NOP,New Orleans Pelicans,0021500598,2016-01-15,NOP vs. CHA,W,29,3,5,0.6,0,1,0.0,2,2,1.0,3,6,9,0,2,1,0,2,8,1,27.8,1,2015-16
22015,201166,Aaron Brooks,1610612741,CHI,Chicago Bulls,0021500597,2016-01-15,CHI vs. DAL,L,7,1,4,0.25,0,1,0.0,0,0,,0,0,0,1,0,0,0,0,2,0,3.5,1,2015-16
22015,101109,Raymond Felton,1610612742,DAL,Dallas Mavericks,0021500597,2016-01-15,DAL @ CHI,W,9,0,3,0.0,0,1,0.0,0,0,,0,1,1,0,0,0,0,0,0,-2,1.2,1,2015-16
22015,202083,Wesley Matthews,1610612742,DAL,Dallas Mavericks,0021500597,2016-01-15,DAL @ CHI,W,37,4,10,0.4,0,5,0.0,0,0,,0,6,6,1,0,2,2,1,8,-1,20.7,1,2015-16
22015,202718,Chandler Parsons,1610612742,DAL,Dallas Mavericks,0021500597,2016-01-15,DAL @ CHI,W,33,4,9,0.444,0,2,0.0,0,0,,0,3,3,4,0,0,2,0,8,13,15.6,1,2015-16
22015,203939,Dwight Powell,1610612742,DAL,Dallas Mavericks,0021500597,2016-01-15,DAL @ CHI,W,14,0,2,0.0,0,0,,0,0,,1,2,3,0,0,0,0,0,0,3,3.6,1,2015-16
22015,1626196,Josh Richardson,1610612748,MIA,Miami Heat,0021500600,2016-01-15,MIA @ DEN,W,10,1,4,0.25,0,1,0.0,0,0,,0,1,1,0,0,0,0,2,2,-11,3.2,1,2015-16
22015,202328,Greg Monroe,1610612749,MIL,Milwaukee Bucks,0021500599,2016-01-15,MIL vs. ATL,W,27,4,16,0.25,0,0,,7,12,0.583,10,2,12,4,0,1,1,0,15,-8,37.4,1,2015-16
22015,203487,Michael Carter-Williams,1610612749,MIL,Milwaukee Bucks,0021500599,2016-01-15,MIL vs. ATL,W,42,5,15,0.333,2,3,0.667,3,3,1.0,1,8,9,7,3,2,6,5,15,7,45.3,1,2015-16
22015,203953,Jabari Parker,1610612749,MIL,Milwaukee Bucks,0021500599,2016-01-15,MIL vs. ATL,W,37,5,15,0.333,0,1,0.0,0,0,,3,7,10,2,1,1,1,0,10,12,30.0,1,2015-16
22015,201593,Nikola Pekovic,1610612750,MIN,Minnesota Timberwolves,0021500594,2016-01-15,MIN @ OKC,L,18,2,3,0.667,0,0,,6,6,1.0,1,2,3,1,0,0,0,2,10,-5,15.1,1,2015-16
22015,200745,Andrea Bargnani,1610612751,BKN,Brooklyn Nets,0021500596,2016-01-15,BKN vs. POR,L,14,4,7,0.571,1,1,1.0,3,4,0.75,0,1,1,0,1,0,1,0,12,-15,15.2,1,2015-16
22015,201961,Wayne Ellington,1610612751,BKN,Brooklyn Nets,0021500596,2016-01-15,BKN vs. POR,L,35,4,11,0.364,2,6,0.333,0,0,,0,5,5,1,0,0,0,2,10,1,17.5,1,2015-16
22015,202388,Donald Sloan,1610612751,BKN,Brooklyn Nets,0021500596,2016-01-15,BKN vs. POR,L,32,5,6,0.833,2,3,0.667,3,4,0.75,2,7,9,9,0,0,3,2,15,5,36.3,1,2015-16
22015,101145,Monta Ellis,1610612754,IND,Indiana Pacers,0021500593,2016-01-15,IND vs. WAS,L,37,7,14,0.5,0,2,0.0,3,5,0.6,0,3,3,3,1,1,0,1,17,-7,31.1,1,2015-16
22015,202720,Jon Leuer,1610612756,PHX,Phoenix Suns,0021500595,2016-01-15,PHX @ BOS,L,13,3,5,0.6,1,2,0.5,0,0,,1,1,2,2,1,2,1,2,7,1,20.4,1,2015-16
22015,201627,Anthony Morrow,1610612760,OKC,Oklahoma City Thunder,0021500594,2016-01-15,OKC vs. MIN,W,11,0,3,0.0,0,2,0.0,0,0,,0,0,0,0,0,1,0,0,0,-7,3.0,1,2015-16
22015,202322,John Wall,1610612764,WAS,Washington Wizards,0021500593,2016-01-15,WAS @ IND,W,31,12,21,0.571,1,3,0.333,3,5,0.6,2,5,7,8,1,0,3,1,28,7,48.4,1,2015-16
22015,204067,Jarell Eddie,1610612764,WAS,Washington Wizards,0021500593,2016-01-15,WAS @ IND,W,3,1,2,0.5,1,2,0.5,0,0,,0,0,0,0,0,0,0,0,3,-6,3.0,1,2015-16
22015,101107,Marvin Williams,1610612766,CHA,Charlotte Hornets,0021500598,2016-01-15,CHA @ NOP,L,27,3,6,0.5,1,3,0.333,3,4,0.75,0,3,3,4,0,1,1,5,10,9,21.6,1,2015-16
22015,202689,Kemba Walker,1610612766,CHA,Charlotte Hornets,0021500598,2016-01-15,CHA @ NOP,L,42,9,17,0.529,5,7,0.714,2,2,1.0,0,4,4,4,0,0,1,1,25,3,34.8,1,2015-16
22015,203584,Troy Daniels,1610612766,CHA,Charlotte Hornets,0021500598,2016-01-15,CHA @ NOP,L,15,2,4,0.5,2,4,0.5,0,0,,0,3,3,0,0,0,2,1,6,-15,7.6,1,2015-16
22015,203798,PJ Hairston,1610612766,CHA,Charlotte Hornets,0021500598,2016-01-15,CHA @ NOP,L,27,3,6,0.5,1,3,0.333,0,0,,0,2,2,0,0,0,0,2,7,0,9.4,1,2015-16
22015,1626163,Frank Kaminsky,1610612766,CHA,Charlotte Hornets,0021500598,2016-01-15,CHA @ NOP,L,25,7,9,0.778,2,2,1.0,2,4,0.5,1,5,6,1,0,0,1,1,18,-9,25.7,1,2015-16
22015,203118,Mike Scott,1610612737,ATL,Atlanta Hawks,0021500599,2016-01-15,ATL @ MIL,L,18,1,5,0.2,1,4,0.25,0,0,,0,2,2,0,0,0,0,1,3,-3,5.4,1,2015-16
22015,203471,Dennis Schröder,1610612737,ATL,Atlanta Hawks,0021500599,2016-01-15,ATL @ MIL,L,19,6,10,0.6,2,3,0.667,2,2,1.0,1,4,5,1,0,0,3,1,16,-4,20.5,1,2015-16
22015,203109,Jae Crowder,1610612738,BOS,Boston Celtics,0021500595,2016-01-15,BOS vs. PHX,W,29,5,13,0.385,2,5,0.4,5,6,0.833,2,4,6,5,3,2,2,2,17,23,44.7,1,2015-16
22015,2747,JR Smith,1610612739,CLE,Cleveland Cavaliers,0021500601,2016-01-15,CLE @ HOU,W,26,5,15,0.333,2,12,0.167,1,2,0.5,1,4,5,0,1,0,1,3,13,9,21.0,1,2015-16
22015,2760,Anderson Varejao,1610612739,CLE,Cleveland Cavaliers,0021500601,2016-01-15,CLE @ HOU,W,8,1,5,0.2,0,0,,2,2,1.0,1,1,2,2,1,0,0,2,4,15,12.4,1,2015-16
22015,201619,Sasha Kaun,1610612739,CLE,Cleveland Cavaliers,0021500601,2016-01-15,CLE @ HOU,W,2,0,0,,0,0,,0,2,0.0,1,0,1,0,0,0,0,0,0,-4,1.2,1,2015-16
22015,202681,Kyrie Irving,1610612739,CLE,Cleveland Cavaliers,0021500601,2016-01-15,CLE @ HOU,W,30,9,17,0.529,1,5,0.2,4,5,0.8,0,4,4,1,0,1,1,2,23,7,31.3,1,2015-16
22015,202697,Iman Shumpert,1610612739,CLE,Cleveland Cavaliers,0021500601,2016-01-15,CLE @ HOU,W,28,1,7,0.143,0,3,0.0,0,0,,2,1,3,3,2,1,1,2,2,7,18.1,1,2015-16
22015,201582,Alexis Ajinca,1610612740,NOP,New Orleans Pelicans,0021500598,2016-01-15,NOP vs. CHA,W,6,2,2,1.0,0,0,,0,0,,0,1,1,0,0,0,0,2,4,5,5.2,1,2015-16
22015,201936,Tyreke Evans,1610612740,NOP,New Orleans Pelicans,0021500598,2016-01-15,NOP vs. CHA,W,27,5,10,0.5,2,3,0.667,0,0,,0,2,2,7,1,0,2,3,12,-4,25.9,1,2015-16
22015,201950,Jrue Holiday,1610612740,NOP,New Orleans Pelicans,0021500598,2016-01-15,NOP vs. CHA,W,27,6,14,0.429,1,3,0.333,0,0,,1,5,6,10,0,0,2,2,13,6,33.2,1,2015-16
22015,2585,Zaza Pachulia,1610612742,DAL,Dallas Mavericks,0021500597,2016-01-15,DAL @ CHI,W,34,4,10,0.4,0,0,,1,2,0.5,2,8,10,4,1,0,2,6,9,-4,28.0,1,2015-16
22015,2734,Devin Harris,1610612742,DAL,Dallas Mavericks,0021500597,2016-01-15,DAL @ CHI,W,14,1,3,0.333,1,1,1.0,2,2,1.0,1,2,3,2,0,0,1,3,5,5,10.6,1,2015-16
22015,101114,Deron Williams,1610612742,DAL,Dallas Mavericks,0021500597,2016-01-15,DAL @ CHI,W,36,6,12,0.5,4,5,0.8,2,3,0.667,0,3,3,6,0,2,1,1,18,-2,35.6,1,2015-16
22015,200751,Randy Foye,1610612743,DEN,Denver Nuggets,0021500600,2016-01-15,DEN vs. MIA,L,7,0,1,0.0,0,1,0.0,0,0,,0,1,1,1,0,0,0,0,0,5,2.7,1,2015-16
22015,202702,Kenneth Faried,1610612743,DEN,Denver Nuggets,0021500600,2016-01-15,DEN vs. MIA,L,26,4,9,0.444,0,0,,6,7,0.857,0,5,5,1,1,2,2,3,14,-3,28.5,1,2015-16
22015,203115,Will Barton,1610612743,DEN,Denver Nuggets,0021500600,2016-01-15,DEN vs. MIA,L,27,2,8,0.25,1,3,0.333,4,4,1.0,2,6,8,3,0,1,2,2,9,0,24.1,1,2015-16
22015,203999,Nikola Jokić,1610612743,DEN,Denver Nuggets,0021500600,2016-01-15,DEN vs. MIA,L,18,4,7,0.571,0,0,,1,1,1.0,2,4,6,5,0,1,1,2,9,3,25.7,1,2015-16
22015,2547,Chris Bosh,1610612748,MIA,Miami Heat,0021500600,2016-01-15,MIA @ DEN,W,32,9,13,0.692,1,2,0.5,5,6,0.833,0,3,3,3,0,1,3,4,24,-6,32.1,1,2015-16
22015,202355,Hassan Whiteside,1610612748,MIA,Miami Heat,0021500600,2016-01-15,MIA @ DEN,W,38,8,13,0.615,0,0,,3,5,0.6,6,11,17,2,1,11,4,2,19,12,74.4,1,2015-16
22015,203898,Tyler Ennis,1610612749,MIL,Milwaukee Bucks,0021500599,2016-01-15,MIL vs. ATL,W,6,0,0,,0,0,,0,0,,0,0,0,1,0,0,0,1,0,1,1.5,1,2015-16
22015,708,Kevin Garnett,1610612750,MIN,Minnesota Timberwolves,0021500594,2016-01-15,MIN @ OKC,L,10,1,5,0.2,0,0,,0,0,,0,1,1,1,0,0,0,0,2,-5,4.7,1,2015-16
22015,2419,Tayshaun Prince,1610612750,MIN,Minnesota Timberwolves,0021500594,2016-01-15,MIN @ OKC,L,14,2,2,1.0,0,0,,0,0,,0,2,2,0,0,0,0,1,4,-10,6.4,1,2015-16
22015,203499,Shane Larkin,1610612751,BKN,Brooklyn Nets,0021500596,2016-01-15,BKN vs. POR,L,16,1,6,0.167,0,0,,0,0,,0,1,1,1,1,2,3,2,2,-17,10.7,1,2015-16
22015,101133,Ian Mahinmi,1610612754,IND,Indiana Pacers,0021500593,2016-01-15,IND vs. WAS,L,20,3,5,0.6,0,0,,1,2,0.5,0,4,4,0,1,0,3,2,7,-7,11.8,1,2015-16
22015,203524,Solomon Hill,1610612754,IND,Indiana Pacers,0021500593,2016-01-15,IND vs. WAS,L,8,0,0,,0,0,,0,0,,0,1,1,0,0,0,0,0,0,2,1.2,1,2015-16
22015,1626202,Joe Young,1610612754,IND,Indiana Pacers,0021500593,2016-01-15,IND vs. WAS,L,3,2,2,1.0,0,0,,2,2,1.0,0,0,0,0,0,0,0,0,6,4,6.0,1,2015-16
22015,201603,Sonny Weems,1610612756,PHX,Phoenix Suns,0021500595,2016-01-15,PHX @ BOS,L,24,4,6,0.667,1,1,1.0,1,2,0.5,1,5,6,5,2,0,3,2,10,0,27.7,1,2015-16
22015,202688,Brandon Knight,1610612756,PHX,Phoenix Suns,0021500595,2016-01-15,PHX @ BOS,L,40,7,15,0.467,2,7,0.286,0,0,,0,0,0,4,2,1,4,4,16,-13,27.0,1,2015-16
22015,203943,Noah Vonleh,1610612757,POR,Portland Trail Blazers,0021500596,2016-01-15,POR @ BKN,W,16,3,8,0.375,0,1,0.0,0,0,,3,1,4,0,0,0,0,1,6,-9,10.8,1,2015-16
22015,201566,Russell Westbrook,1610612760,OKC,Oklahoma City Thunder,0021500594,2016-01-15,OKC vs. MIN,W,27,6,10,0.6,0,1,0.0,0,0,,3,8,11,10,2,0,2,4,12,21,44.2,1,2015-16
22015,2400,Drew Gooden,1610612764,WAS,Washington Wizards,0021500593,2016-01-15,WAS @ IND,W,17,4,9,0.444,0,2,0.0,0,0,,0,4,4,0,0,0,2,3,8,-1,10.8,1,2015-16
22015,201162,Jared Dudley,1610612764,WAS,Washington Wizards,0021500593,2016-01-15,WAS @ IND,W,30,1,3,0.333,1,2,0.5,0,0,,1,6,7,1,0,0,0,2,3,14,12.9,1,2015-16
22015,202066,Garrett Temple,1610612764,WAS,Washington Wizards,0021500593,2016-01-15,WAS @ IND,W,28,2,8,0.25,1,4,0.25,0,0,,1,5,6,5,0,1,1,4,5,15,21.7,1,2015-16
22015,2544,LeBron James,1610612739,CLE,Cleveland Cavaliers,0021500601,2016-01-15,CLE @ HOU,W,36,7,14,0.5,1,2,0.5,4,6,0.667,2,5,7,7,0,2,4,1,19,10,39.9,1,2015-16
22015,203076,Anthony Davis,1610612740,NOP,New Orleans Pelicans,0021500598,2016-01-15,NOP vs. CHA,W,35,8,14,0.571,0,2,0.0,6,7,0.857,1,4,5,4,1,2,1,3,22,-5,42.0,1,2015-16
22015,2550,Kirk Hinrich,1610612741,CHI,Chicago Bulls,0021500597,2016-01-15,CHI vs. DAL,L,8,1,3,0.333,0,2,0.0,5,5,1.0,1,1,2,0,1,0,0,1,7,-9,12.4,1,2015-16
22015,1626171,Bobby Portis,1610612741,CHI,Chicago Bulls,0021500597,2016-01-15,CHI vs. DAL,L,6,2,4,0.5,1,1,1.0,0,0,,1,0,1,0,0,0,1,1,5,-4,5.2,1,2015-16
22015,1717,Dirk Nowitzki,1610612742,DAL,Dallas Mavericks,0021500597,2016-01-15,DAL @ CHI,W,33,6,15,0.4,2,5,0.4,7,7,1.0,1,6,7,0,0,1,1,3,21,14,31.4,1,2015-16
22015,2757,Beno Udrih,1610612748,MIA,Miami Heat,0021500600,2016-01-15,MIA @ DEN,W,37,5,10,0.5,1,2,0.5,0,0,,0,3,3,11,1,0,0,2,11,13,34.1,1,2015-16
22015,203080,Thomas Robinson,1610612751,BKN,Brooklyn Nets,0021500596,2016-01-15,BKN vs. POR,L,20,4,7,0.571,0,0,,3,4,0.75,5,5,10,1,1,0,0,2,11,-18,27.5,1,2015-16
22015,203469,Cody Zeller,1610612766,CHA,Charlotte Hornets,0021500598,2016-01-15,CHA @ NOP,L,23,2,7,0.286,0,0,,1,1,1.0,1,7,8,1,0,0,1,3,5,4,15.1,1,2015-16
22015,2594,Kyle Korver,1610612737,ATL,Atlanta Hawks,0021500602,2016-01-16,ATL vs. BKN,W,21,1,6,0.167,0,4,0.0,1,1,1.0,0,3,3,0,2,0,0,1,3,2,12.6,1,2015-16
22015,200757,Thabo Sefolosha,1610612737,ATL,Atlanta Hawks,0021500602,2016-01-16,ATL vs. BKN,W,18,2,3,0.667,0,1,0.0,3,4,0.75,0,5,5,2,1,2,0,1,7,19,25.0,1,2015-16
22015,201143,Al Horford,1610612737,ATL,Atlanta Hawks,0021500602,2016-01-16,ATL vs. BKN,W,23,5,9,0.556,0,2,0.0,0,0,,1,0,1,3,2,2,2,4,10,3,25.7,1,2015-16
22015,201168,Tiago Splitter,1610612737,ATL,Atlanta Hawks,0021500602,2016-01-16,ATL vs. BKN,W,16,4,5,0.8,0,0,,2,2,1.0,1,4,5,0,0,0,0,3,10,18,16.0,1,2015-16
22015,203118,Mike Scott,1610612737,ATL,Atlanta Hawks,0021500602,2016-01-16,ATL vs. BKN,W,21,1,5,0.2,1,3,0.333,2,2,1.0,1,4,5,2,3,0,2,2,5,22,21.0,1,2015-16
22015,203200,Justin Holiday,1610612737,ATL,Atlanta Hawks,0021500602,2016-01-16,ATL vs. BKN,W,7,0,2,0.0,0,2,0.0,0,0,,0,0,0,0,0,0,0,1,0,0,0.0,1,2015-16
22015,203488,Mike Muscala,1610612737,ATL,Atlanta Hawks,0021500602,2016-01-16,ATL vs. BKN,W,8,1,2,0.5,0,0,,0,0,,0,2,2,0,0,0,0,2,2,3,4.4,1,2015-16
22015,101161,Amir Johnson,1610612738,BOS,Boston Celtics,0021500604,2016-01-16,BOS @ WAS,W,26,2,3,0.667,0,0,,3,4,0.75,1,2,3,1,1,2,0,5,7,-2,21.1,1,2015-16
22015,201973,Jonas Jerebko,1610612738,BOS,Boston Celtics,0021500604,2016-01-16,BOS @ WAS,W,15,2,5,0.4,0,2,0.0,1,2,0.5,4,2,6,0,1,0,0,1,5,5,15.2,1,2015-16
22015,202323,Evan Turner,1610612738,BOS,Boston Celtics,0021500604,2016-01-16,BOS @ WAS,W,28,2,5,0.4,0,0,,2,2,1.0,2,3,5,5,0,0,3,1,6,12,16.5,1,2015-16
22015,203092,Tyler Zeller,1610612738,BOS,Boston Celtics,0021500604,2016-01-16,BOS @ WAS,W,5,0,2,0.0,0,0,,0,0,,2,1,3,0,0,0,0,2,0,3,3.6,1,2015-16
22015,203482,Kelly Olynyk,1610612738,BOS,Boston Celtics,0021500604,2016-01-16,BOS @ WAS,W,21,4,9,0.444,1,4,0.25,2,2,1.0,1,2,3,1,0,1,0,0,11,7,19.1,1,2015-16
22015,2738,Andre Iguodala,1610612744,GSW,Golden State Warriors,0021500605,2016-01-16,GSW @ DET,L,22,0,3,0.0,0,0,,0,0,,0,5,5,1,1,0,1,2,0,-7,9.5,1,2015-16
22015,202691,Klay Thompson,1610612744,GSW,Golden State Warriors,0021500605,2016-01-16,GSW @ DET,L,32,8,18,0.444,1,5,0.2,7,8,0.875,1,5,6,1,0,0,2,1,24,-4,30.7,1,2015-16
22015,2037,Jamal Crawford,1610612746,LAC,LA Clippers,0021500609,2016-01-16,LAC vs. SAC,L,31,8,17,0.471,3,7,0.429,1,2,0.5,0,2,2,0,0,1,0,3,20,3,25.4,1,2015-16
22015,2746,Josh Smith,1610612746,LAC,LA Clippers,0021500609,2016-01-16,LAC vs. SAC,L,19,3,8,0.375,0,2,0.0,1,2,0.5,2,5,7,2,1,0,2,2,7,2,19.4,1,2015-16
22015,200755,JJ Redick,1610612746,LAC,LA Clippers,0021500609,2016-01-16,LAC vs. SAC,L,31,6,13,0.462,5,9,0.556,5,5,1.0,0,3,3,2,1,0,0,2,22,-9,31.6,1,2015-16
22015,203143,Pablo Prigioni,1610612746,LAC,LA Clippers,0021500609,2016-01-16,LAC vs. SAC,L,16,2,4,0.5,1,3,0.333,0,0,,2,2,4,4,0,0,1,0,5,0,14.8,1,2015-16
22015,1626273,Marcelo Huertas,1610612747,LAL,Los Angeles Lakers,0021500608,2016-01-16,LAL @ UTA,L,12,1,4,0.25,0,1,0.0,0,0,,0,3,3,2,1,0,1,0,2,3,10.6,1,2015-16
22015,202328,Greg Monroe,1610612749,MIL,Milwaukee Bucks,0021500603,2016-01-16,MIL @ CHA,W,27,7,9,0.778,0,0,,5,6,0.833,3,7,10,3,0,1,3,3,19,12,35.5,1,2015-16
22015,203101,Miles Plumlee,1610612749,MIL,Milwaukee Bucks,0021500603,2016-01-16,MIL @ CHA,W,3,0,0,,0,0,,0,0,,0,0,0,0,0,0,0,1,0,-4,0.0,1,2015-16
22015,203142,Chris Copeland,1610612749,MIL,Milwaukee Bucks,0021500603,2016-01-16,MIL @ CHA,W,3,1,1,1.0,1,1,1.0,0,0,,0,1,1,0,0,0,0,0,3,-4,4.2,1,2015-16
22015,203900,Markel Brown,1610612751,BKN,Brooklyn Nets,0021500602,2016-01-16,BKN @ ATL,L,15,1,5,0.2,1,3,0.333,1,2,0.5,2,3,5,2,1,0,3,1,4,-18,13.0,1,2015-16
22015,203124,Kyle O'Quinn,1610612752,NYK,New York Knicks,0021500607,2016-01-16,NYK @ MEM,L,21,5,6,0.833,0,0,,5,6,0.833,0,5,5,0,0,0,2,3,15,7,19.0,1,2015-16
22015,200752,Rudy Gay,1610612758,SAC,Sacramento Kings,0021500609,2016-01-16,SAC @ LAC,W,34,5,11,0.455,1,4,0.25,7,8,0.875,1,6,7,1,0,2,2,5,18,6,31.9,1,2015-16
22015,201158,Marco Belinelli,1610612758,SAC,Sacramento Kings,0021500609,2016-01-16,SAC @ LAC,W,23,3,8,0.375,1,2,0.5,0,0,,0,4,4,4,0,1,1,1,7,6,19.8,1,2015-16
22015,202330,Gordon Hayward,1610612762,UTA,Utah Jazz,0021500608,2016-01-16,UTA vs. LAL,W,29,6,15,0.4,1,4,0.25,1,2,0.5,1,4,5,5,2,0,1,1,14,32,32.5,1,2015-16
22015,202353,Tibor Pleiss,1610612762,UTA,Utah Jazz,0021500608,2016-01-16,UTA vs. LAL,W,6,1,3,0.333,0,0,,0,0,,0,1,1,0,0,1,3,1,2,-3,3.2,1,2015-16
22015,203918,Rodney Hood,1610612762,UTA,Utah Jazz,0021500608,2016-01-16,UTA vs. LAL,W,27,4,8,0.5,4,6,0.667,2,2,1.0,0,5,5,2,0,0,1,1,14,22,22.0,1,2015-16
22015,1713,Vince Carter,1610612763,MEM,Memphis Grizzlies,0021500607,2016-01-16,MEM vs. NYK,W,6,1,3,0.333,0,0,,0,0,,0,0,0,0,0,0,1,0,2,8,1.0,1,2015-16
22015,201145,Jeff Green,1610612763,MEM,Memphis Grizzlies,0021500607,2016-01-16,MEM vs. NYK,W,30,7,14,0.5,1,4,0.25,3,4,0.75,0,2,2,3,0,0,0,1,18,6,24.9,1,2015-16
22015,202322,John Wall,1610612764,WAS,Washington Wizards,0021500604,2016-01-16,WAS vs. BOS,L,44,12,25,0.48,1,2,0.5,11,13,0.846,1,6,7,13,7,1,6,3,36,-5,81.9,1,2015-16
22015,101107,Marvin Williams,1610612766,CHA,Charlotte Hornets,0021500603,2016-01-16,CHA vs. MIL,L,25,5,11,0.455,2,6,0.333,2,2,1.0,4,3,7,2,1,1,1,0,14,-11,30.4,1,2015-16
22015,203798,PJ Hairston,1610612766,CHA,Charlotte Hornets,0021500603,2016-01-16,CHA vs. MIL,L,27,4,10,0.4,1,5,0.2,2,4,0.5,2,2,4,2,0,0,1,2,11,-12,17.8,1,2015-16
22015,201952,Jeff Teague,1610612737,ATL,Atlanta Hawks,0021500602,2016-01-16,ATL vs. BKN,W,23,4,8,0.5,1,4,0.25,3,4,0.75,0,3,3,7,1,0,1,1,12,-2,28.1,1,2015-16
22015,202340,Avery Bradley,1610612738,BOS,Boston Celtics,0021500604,2016-01-16,BOS @ WAS,W,35,4,13,0.308,1,6,0.167,0,0,,2,0,2,4,2,0,1,2,9,0,22.4,1,2015-16
22015,203935,Marcus Smart,1610612738,BOS,Boston Celtics,0021500604,2016-01-16,BOS @ WAS,W,24,4,9,0.444,0,3,0.0,5,5,1.0,1,3,4,3,1,0,3,5,13,-10,22.3,1,2015-16
22015,2571,Leandro Barbosa,1610612744,GSW,Golden State Warriors,0021500605,2016-01-16,GSW @ DET,L,13,1,7,0.143,0,1,0.0,0,0,,1,2,3,0,0,0,1,2,2,-21,4.6,1,2015-16
22015,101106,Andrew Bogut,1610612744,GSW,Golden State Warriors,0021500605,2016-01-16,GSW @ DET,L,20,3,5,0.6,0,0,,0,0,,3,3,6,0,0,2,2,4,6,-14,17.2,1,2015-16
22015,101108,Chris Paul,1610612746,LAC,LA Clippers,0021500609,2016-01-16,LAC vs. SAC,L,27,4,11,0.364,3,5,0.6,4,4,1.0,0,4,4,7,1,0,4,5,15,1,29.3,1,2015-16
22015,202332,Cole Aldrich,1610612746,LAC,LA Clippers,0021500609,2016-01-16,LAC vs. SAC,L,29,8,14,0.571,0,0,,3,6,0.5,4,6,10,2,2,3,2,4,19,-6,47.0,1,2015-16
22015,201579,Roy Hibbert,1610612747,LAL,Los Angeles Lakers,0021500608,2016-01-16,LAL @ UTA,L,26,1,5,0.2,0,0,,0,0,,3,2,5,2,0,1,1,4,2,-23,13.0,1,2015-16
22015,203114,Khris Middleton,1610612749,MIL,Milwaukee Bucks,0021500603,2016-01-16,MIL @ CHA,W,36,11,16,0.688,0,2,0.0,2,2,1.0,0,4,4,2,0,0,1,1,24,17,30.8,1,2015-16
22015,203507,Giannis Antetokounmpo,1610612749,MIL,Milwaukee Bucks,0021500603,2016-01-16,MIL @ CHA,W,37,4,10,0.4,0,1,0.0,6,6,1.0,1,10,11,3,0,3,3,2,14,21,37.7,1,2015-16
22015,203953,Jabari Parker,1610612749,MIL,Milwaukee Bucks,0021500603,2016-01-16,MIL @ CHA,W,30,7,9,0.778,0,0,,1,2,0.5,1,1,2,4,1,0,3,0,15,10,23.4,1,2015-16
22015,200745,Andrea Bargnani,1610612751,BKN,Brooklyn Nets,0021500602,2016-01-16,BKN @ ATL,L,10,3,5,0.6,0,1,0.0,0,0,,0,0,0,1,0,0,0,0,6,-16,7.5,1,2015-16
22015,202711,Bojan Bogdanovic,1610612751,BKN,Brooklyn Nets,0021500602,2016-01-16,BKN @ ATL,L,21,3,8,0.375,0,3,0.0,1,1,1.0,0,1,1,2,0,0,2,0,7,-27,9.2,1,2015-16
22015,203499,Shane Larkin,1610612751,BKN,Brooklyn Nets,0021500602,2016-01-16,BKN @ ATL,L,23,2,7,0.286,1,3,0.333,0,0,,0,1,1,1,1,1,1,1,5,-24,12.7,1,2015-16
22015,202338,Kevin Seraphin,1610612752,NYK,New York Knicks,0021500607,2016-01-16,NYK @ MEM,L,5,1,2,0.5,0,0,,0,0,,0,1,1,0,0,1,0,0,2,-6,6.2,1,2015-16
22015,204038,Langston Galloway,1610612752,NYK,New York Knicks,0021500607,2016-01-16,NYK @ MEM,L,37,4,11,0.364,1,5,0.2,2,2,1.0,4,7,11,5,0,0,1,2,11,-4,30.7,1,2015-16
22015,201171,Carl Landry,1610612755,PHI,Philadelphia 76ers,0021500606,2016-01-16,PHI vs. POR,W,7,0,0,,0,0,,3,4,0.75,0,0,0,0,1,0,0,1,3,-6,6.0,1,2015-16
22015,203088,Kendall Marshall,1610612755,PHI,Philadelphia 76ers,0021500606,2016-01-16,PHI vs. POR,W,8,2,3,0.667,1,1,1.0,0,0,,0,2,2,0,0,0,2,0,5,-4,5.4,1,2015-16
22015,203459,Allen Crabbe,1610612757,POR,Portland Trail Blazers,0021500606,2016-01-16,POR @ PHI,L,20,1,4,0.25,0,1,0.0,0,0,,0,1,1,3,0,0,1,0,2,-11,6.7,1,2015-16
22015,203468,CJ McCollum,1610612757,POR,Portland Trail Blazers,0021500606,2016-01-16,POR @ PHI,L,27,6,18,0.333,1,6,0.167,0,2,0.0,1,1,2,2,1,0,1,2,13,-22,20.4,1,2015-16
22015,200765,Rajon Rondo,1610612758,SAC,Sacramento Kings,0021500609,2016-01-16,SAC @ LAC,W,34,5,11,0.455,1,2,0.5,2,2,1.0,2,5,7,10,2,0,4,1,13,1,38.4,1,2015-16
22015,201956,Omri Casspi,1610612758,SAC,Sacramento Kings,0021500609,2016-01-16,SAC @ LAC,W,30,6,9,0.667,5,8,0.625,0,0,,0,4,4,0,1,0,1,0,17,4,23.8,1,2015-16
22015,203463,Ben McLemore,1610612758,SAC,Sacramento Kings,0021500609,2016-01-16,SAC @ LAC,W,28,5,8,0.625,2,4,0.5,3,4,0.75,1,1,2,1,1,0,2,3,15,15,19.9,1,2015-16
22015,203497,Rudy Gobert,1610612762,UTA,Utah Jazz,0021500608,2016-01-16,UTA vs. LAL,W,30,6,8,0.75,0,0,,6,7,0.857,5,13,18,0,0,5,1,2,18,29,53.6,1,2015-16
22015,204060,Joe Ingles,1610612762,UTA,Utah Jazz,0021500608,2016-01-16,UTA vs. LAL,W,18,4,7,0.571,2,5,0.4,0,0,,0,2,2,0,0,0,0,3,10,0,12.4,1,2015-16
22015,1626266,JJ O'Brien,1610612762,UTA,Utah Jazz,0021500608,2016-01-16,UTA vs. LAL,W,4,0,0,,0,0,,0,0,,0,1,1,0,1,0,0,1,0,-4,4.2,1,2015-16
22015,2754,Tony Allen,1610612763,MEM,Memphis Grizzlies,0021500607,2016-01-16,MEM vs. NYK,W,34,3,7,0.429,0,0,,1,2,0.5,3,6,9,1,1,0,2,3,7,3,20.3,1,2015-16
22015,201188,Marc Gasol,1610612763,MEM,Memphis Grizzlies,0021500607,2016-01-16,MEM vs. NYK,W,41,15,29,0.517,0,0,,7,8,0.875,1,7,8,3,0,3,1,4,37,11,59.1,1,2015-16
22015,101162,Marcin Gortat,1610612764,WAS,Washington Wizards,0021500604,2016-01-16,WAS vs. BOS,L,36,9,14,0.643,0,0,,0,0,,4,7,11,1,1,2,1,4,18,-5,40.7,1,2015-16
22015,201196,Ramon Sessions,1610612764,WAS,Washington Wizards,0021500604,2016-01-16,WAS vs. BOS,L,23,3,6,0.5,1,1,1.0,2,2,1.0,0,2,2,2,0,0,1,2,9,-4,13.4,1,2015-16
22015,203148,Brian Roberts,1610612766,CHA,Charlotte Hornets,0021500603,2016-01-16,CHA vs. MIL,L,12,1,2,0.5,0,0,,2,2,1.0,0,1,1,3,0,0,1,2,4,-1,8.7,1,2015-16
22015,200794,Paul Millsap,1610612737,ATL,Atlanta Hawks,0021500602,2016-01-16,ATL vs. BKN,W,27,8,13,0.615,1,2,0.5,4,6,0.667,1,5,6,3,1,1,3,3,21,10,35.7,1,2015-16
22015,203471,Dennis Schröder,1610612737,ATL,Atlanta Hawks,0021500602,2016-01-16,ATL vs. BKN,W,20,6,9,0.667,2,4,0.5,1,1,1.0,1,5,6,10,3,0,1,0,15,28,45.2,1,2015-16
22015,203109,Jae Crowder,1610612738,BOS,Boston Celtics,0021500604,2016-01-16,BOS @ WAS,W,34,9,18,0.5,2,5,0.4,2,3,0.667,2,6,8,6,0,0,0,1,22,0,40.6,1,2015-16
22015,201575,Brandon Rush,1610612744,GSW,Golden State Warriors,0021500605,2016-01-16,GSW @ DET,L,9,0,1,0.0,0,1,0.0,0,0,,0,0,0,0,1,0,0,0,0,-4,3.0,1,2015-16
22015,1718,Paul Pierce,1610612746,LAC,LA Clippers,0021500609,2016-01-16,LAC vs. SAC,L,20,3,9,0.333,1,5,0.2,0,0,,0,1,1,3,1,0,2,1,7,-2,13.7,1,2015-16
22015,201601,Luc Mbah a Moute,1610612746,LAC,LA Clippers,0021500609,2016-01-16,LAC vs. SAC,L,21,1,6,0.167,0,0,,0,0,,4,3,7,2,0,0,0,2,2,-15,13.4,1,2015-16
22015,202325,Wesley Johnson,1610612746,LAC,LA Clippers,0021500609,2016-01-16,LAC vs. SAC,L,23,2,7,0.286,0,4,0.0,0,0,,2,5,7,0,0,0,0,3,4,-3,12.4,1,2015-16
22015,203085,Austin Rivers,1610612746,LAC,LA Clippers,0021500609,2016-01-16,LAC vs. SAC,L,22,1,7,0.143,0,4,0.0,0,0,,0,1,1,2,0,0,0,2,2,-6,6.2,1,2015-16
22015,201156,Nick Young,1610612747,LAL,Los Angeles Lakers,0021500608,2016-01-16,LAL @ UTA,L,12,1,4,0.25,0,2,0.0,0,0,,0,2,2,1,0,0,1,0,2,3,4.9,1,2015-16
22015,203527,Ryan Kelly,1610612747,LAL,Los Angeles Lakers,0021500608,2016-01-16,LAL @ UTA,L,20,2,9,0.222,0,3,0.0,3,4,0.75,0,5,5,2,1,1,0,2,7,-2,22.0,1,2015-16
22015,204028,Tarik Black,1610612747,LAL,Los Angeles Lakers,0021500608,2016-01-16,LAL @ UTA,L,22,3,4,0.75,0,0,,0,2,0.0,4,2,6,1,0,0,1,1,6,-4,13.7,1,2015-16
22015,201573,Jerryd Bayless,1610612749,MIL,Milwaukee Bucks,0021500603,2016-01-16,MIL @ CHA,W,22,1,5,0.2,1,3,0.333,0,0,,1,1,2,6,0,1,1,1,3,4,16.4,1,2015-16
22015,2756,Sasha Vujacic,1610612752,NYK,New York Knicks,0021500607,2016-01-16,NYK @ MEM,L,2,1,1,1.0,1,1,1.0,0,0,,0,0,0,2,0,0,0,1,3,6,6.0,1,2015-16
22015,101181,Jose Calderon,1610612752,NYK,New York Knicks,0021500607,2016-01-16,NYK @ MEM,L,32,4,8,0.5,0,2,0.0,0,0,,0,3,3,5,0,0,1,1,8,-4,18.1,1,2015-16
22015,200811,Lou Amundson,1610612752,NYK,New York Knicks,0021500607,2016-01-16,NYK @ MEM,L,4,0,0,,0,0,,0,0,,0,0,0,0,0,0,0,2,0,-1,0.0,1,2015-16
22015,201577,Robin Lopez,1610612752,NYK,New York Knicks,0021500607,2016-01-16,NYK @ MEM,L,15,3,6,0.5,0,0,,0,0,,0,2,2,0,0,2,1,4,6,-14,13.4,1,2015-16
22015,202397,Ish Smith,1610612755,PHI,Philadelphia 76ers,0021500606,2016-01-16,PHI vs. POR,W,25,6,9,0.667,0,0,,4,6,0.667,1,1,2,5,1,0,0,3,16,16,28.9,1,2015-16
22015,203457,Nerlens Noel,1610612755,PHI,Philadelphia 76ers,0021500606,2016-01-16,PHI vs. POR,W,26,2,4,0.5,0,0,,0,0,,1,7,8,1,4,4,1,2,4,23,38.1,1,2015-16
22015,203496,Robert Covington,1610612755,PHI,Philadelphia 76ers,0021500606,2016-01-16,PHI vs. POR,W,26,5,12,0.417,4,10,0.4,2,2,1.0,0,4,4,3,1,0,2,4,16,17,26.3,1,2015-16
22015,202329,Al-Farouq Aminu,1610612757,POR,Portland Trail Blazers,0021500606,2016-01-16,POR @ PHI,L,25,1,5,0.2,0,2,0.0,0,0,,1,5,6,0,1,0,1,1,2,-20,11.2,1,2015-16
22015,202334,Ed Davis,1610612757,POR,Portland Trail Blazers,0021500606,2016-01-16,POR @ PHI,L,17,3,4,0.75,0,0,,3,3,1.0,2,1,3,0,0,1,0,3,9,-13,15.6,1,2015-16
22015,204025,Tim Frazier,1610612757,POR,Portland Trail Blazers,0021500606,2016-01-16,POR @ PHI,L,12,1,3,0.333,0,2,0.0,1,2,0.5,0,1,1,5,1,0,0,2,3,3,14.7,1,2015-16
22015,201585,Kosta Koufos,1610612758,SAC,Sacramento Kings,0021500609,2016-01-16,SAC @ LAC,W,14,1,3,0.333,0,0,,0,2,0.0,2,5,7,0,0,0,1,1,2,-3,9.4,1,2015-16
22015,203187,Chris Johnson,1610612762,UTA,Utah Jazz,0021500608,2016-01-16,UTA vs. LAL,W,24,0,2,0.0,0,1,0.0,2,2,1.0,0,2,2,3,1,0,1,1,2,-1,10.9,1,2015-16
22015,1626168,Trey Lyles,1610612762,UTA,Utah Jazz,0021500608,2016-01-16,UTA vs. LAL,W,30,6,10,0.6,2,4,0.5,3,4,0.75,2,7,9,2,0,1,2,1,17,35,31.8,1,2015-16
22015,2216,Zach Randolph,1610612763,MEM,Memphis Grizzlies,0021500607,2016-01-16,MEM vs. NYK,W,22,6,12,0.5,0,0,,2,3,0.667,4,2,6,0,0,0,0,0,14,-5,21.2,1,2015-16
22015,201584,Courtney Lee,1610612763,MEM,Memphis Grizzlies,0021500607,2016-01-16,MEM vs. NYK,W,26,2,3,0.667,1,2,0.5,1,1,1.0,0,0,0,2,1,1,1,1,6,3,14.0,1,2015-16
22015,201971,DeJuan Blair,1610612764,WAS,Washington Wizards,0021500604,2016-01-16,WAS vs. BOS,L,0,0,0,,0,0,,0,0,,0,0,0,0,0,0,0,0,0,0,0.0,1,2015-16
22015,202390,Gary Neal,1610612764,WAS,Washington Wizards,0021500604,2016-01-16,WAS vs. BOS,L,25,2,9,0.222,0,4,0.0,6,7,0.857,0,3,3,0,1,0,0,2,10,3,16.6,1,2015-16
22015,202694,Marcus Morris Sr.,1610612765,DET,Detroit Pistons,0021500605,2016-01-16,DET vs. GSW,W,40,6,14,0.429,1,4,0.25,3,4,0.75,1,7,8,6,0,2,1,1,16,30,39.6,1,2015-16
22015,202704,Reggie Jackson,1610612765,DET,Detroit Pistons,0021500605,2016-01-16,DET vs. GSW,W,33,9,20,0.45,1,4,0.25,1,4,0.25,2,1,3,8,1,0,0,3,20,1,38.6,1,2015-16
22015,203083,Andre Drummond,1610612765,DET,Detroit Pistons,0021500605,2016-01-16,DET vs. GSW,W,39,6,20,0.3,0,0,,2,6,0.333,7,14,21,0,1,3,4,5,14,3,47.2,1,2015-16
22015,202689,Kemba Walker,1610612766,CHA,Charlotte Hornets,0021500603,2016-01-16,CHA vs. MIL,L,34,4,14,0.286,2,7,0.286,2,2,1.0,1,0,1,6,2,0,0,2,12,-11,28.2,1,2015-16
22015,203584,Troy Daniels,1610612766,CHA,Charlotte Hornets,0021500603,2016-01-16,CHA vs. MIL,L,4,1,1,1.0,1,1,1.0,0,0,,0,2,2,0,0,0,0,0,3,8,5.4,1,2015-16
22015,202714,Shelvin Mack,1610612737,ATL,Atlanta Hawks,0021500602,2016-01-16,ATL vs. BKN,W,6,2,3,0.667,0,0,,2,4,0.5,0,0,0,1,0,0,0,0,6,2,7.5,1,2015-16
22015,203145,Kent Bazemore,1610612737,ATL,Atlanta Hawks,0021500602,2016-01-16,ATL vs. BKN,W,27,6,9,0.667,3,6,0.5,0,0,,0,3,3,3,1,0,0,1,15,11,26.1,1,2015-16
22015,203501,Tim Hardaway Jr.,1610612737,ATL,Atlanta Hawks,0021500602,2016-01-16,ATL vs. BKN,W,23,4,5,0.8,0,1,0.0,0,0,,0,1,1,3,0,0,1,1,8,24,12.7,1,2015-16
22015,202738,Isaiah Thomas,1610612738,BOS,Boston Celtics,0021500604,2016-01-16,BOS @ WAS,W,33,6,14,0.429,5,7,0.714,15,16,0.938,1,3,4,5,1,0,7,2,32,-2,40.3,1,2015-16
22015,977,Kobe Bryant,1610612747,LAL,Los Angeles Lakers,0021500608,2016-01-16,LAL @ UTA,L,15,2,8,0.25,0,3,0.0,1,1,1.0,1,0,1,2,0,0,0,0,5,-15,9.2,1,2015-16
22015,203903,Jordan Clarkson,1610612747,LAL,Los Angeles Lakers,0021500608,2016-01-16,LAL @ UTA,L,25,5,13,0.385,0,1,0.0,0,1,0.0,3,1,4,1,0,0,3,2,10,-22,13.3,1,2015-16
22015,203944,Julius Randle,1610612747,LAL,Los Angeles Lakers,0021500608,2016-01-16,LAL @ UTA,L,25,3,10,0.3,0,0,,0,0,,2,4,6,1,1,2,0,2,6,-28,23.7,1,2015-16
22015,1626156,D'Angelo Russell,1610612747,LAL,Los Angeles Lakers,0021500608,2016-01-16,LAL @ UTA,L,25,5,12,0.417,3,6,0.5,0,2,0.0,0,2,2,4,0,0,4,1,13,-12,17.4,1,2015-16
22015,1626173,Rashad Vaughn,1610612749,MIL,Milwaukee Bucks,0021500603,2016-01-16,MIL @ CHA,W,17,2,4,0.5,2,3,0.667,2,2,1.0,0,2,2,0,1,0,0,1,8,-4,13.4,1,2015-16
22015,201572,Brook Lopez,1610612751,BKN,Brooklyn Nets,0021500602,2016-01-16,BKN @ ATL,L,32,4,10,0.4,0,0,,2,3,0.667,1,2,3,1,0,0,2,2,10,-14,13.1,1,2015-16
22015,202388,Donald Sloan,1610612751,BKN,Brooklyn Nets,0021500602,2016-01-16,BKN @ ATL,L,25,1,5,0.2,0,2,0.0,2,2,1.0,0,4,4,12,0,0,3,2,4,-4,23.8,1,2015-16
22015,203080,Thomas Robinson,1610612751,BKN,Brooklyn Nets,0021500602,2016-01-16,BKN @ ATL,L,16,2,6,0.333,0,0,,0,0,,1,3,4,0,0,1,3,4,4,-13,8.8,1,2015-16
22015,203186,Willie Reed,1610612751,BKN,Brooklyn Nets,0021500602,2016-01-16,BKN @ ATL,L,12,1,2,0.5,0,0,,1,4,0.25,2,0,2,1,1,0,0,2,3,-12,9.9,1,2015-16
22015,203508,Sergey Karasev,1610612751,BKN,Brooklyn Nets,0021500602,2016-01-16,BKN @ ATL,L,3,0,0,,0,0,,2,2,1.0,1,1,2,0,0,0,0,0,2,-1,4.4,1,2015-16
22015,202498,Lance Thomas,1610612752,NYK,New York Knicks,0021500607,2016-01-16,NYK @ MEM,L,17,3,6,0.5,1,1,1.0,2,2,1.0,0,1,1,1,0,0,0,1,9,-10,11.7,1,2015-16
22015,202682,Derrick Williams,1610612752,NYK,New York Knicks,0021500607,2016-01-16,NYK @ MEM,L,26,4,9,0.444,0,2,0.0,5,7,0.714,1,3,4,1,2,0,0,1,13,-1,25.3,1,2015-16
22015,204001,Kristaps Porziņģis,1610612752,NYK,New York Knicks,0021500607,2016-01-16,NYK @ MEM,L,28,7,12,0.583,1,3,0.333,2,3,0.667,0,4,4,2,2,0,1,2,17,-1,29.8,1,2015-16
22015,1626170,Jerian Grant,1610612752,NYK,New York Knicks,0021500607,2016-01-16,NYK @ MEM,L,16,0,5,0.0,0,2,0.0,0,0,,1,1,2,1,0,1,0,1,0,-4,6.9,1,2015-16
22015,203138,Hollis Thompson,1610612755,PHI,Philadelphia 76ers,0021500606,2016-01-16,PHI vs. POR,W,23,1,5,0.2,1,3,0.333,0,0,,0,4,4,1,0,0,1,2,3,13,8.3,1,2015-16
22015,203960,JaKarr Sampson,1610612755,PHI,Philadelphia 76ers,0021500606,2016-01-16,PHI vs. POR,W,23,1,4,0.25,0,0,,1,2,0.5,0,4,4,2,0,2,1,4,3,10,15.8,1,2015-16
22015,201945,Gerald Henderson,1610612757,POR,Portland Trail Blazers,0021500606,2016-01-16,POR @ PHI,L,19,4,7,0.571,1,2,0.5,0,0,,0,5,5,2,0,0,0,0,9,-2,18.0,1,2015-16
22015,203086,Meyers Leonard,1610612757,POR,Portland Trail Blazers,0021500606,2016-01-16,POR @ PHI,L,27,6,11,0.545,2,6,0.333,0,0,,1,6,7,0,0,0,2,5,14,-7,20.4,1,2015-16
22015,203090,Maurice Harkless,1610612757,POR,Portland Trail Blazers,0021500606,2016-01-16,POR @ PHI,L,14,1,3,0.333,0,1,0.0,0,0,,0,1,1,1,1,1,2,1,2,-12,8.7,1,2015-16
22015,203486,Mason Plumlee,1610612757,POR,Portland Trail Blazers,0021500606,2016-01-16,POR @ PHI,L,22,4,7,0.571,0,0,,4,7,0.571,3,1,4,1,1,2,3,2,12,-17,24.3,1,2015-16
22015,201954,Darren Collison,1610612758,SAC,Sacramento Kings,0021500609,2016-01-16,SAC @ LAC,W,31,5,9,0.556,2,3,0.667,5,6,0.833,0,4,4,5,1,0,1,3,17,3,31.3,1,2015-16
22015,202343,Elliot Williams,1610612763,MEM,Memphis Grizzlies,0021500607,2016-01-16,MEM vs. NYK,W,20,1,3,0.333,1,1,1.0,1,2,0.5,1,3,4,2,0,0,0,1,4,12,11.8,1,2015-16
22015,2403,Nene,1610612764,WAS,Washington Wizards,0021500604,2016-01-16,WAS vs. BOS,L,12,2,4,0.5,0,0,,3,4,0.75,0,3,3,2,1,1,0,4,7,3,19.6,1,2015-16
22015,201162,Jared Dudley,1610612764,WAS,Washington Wizards,0021500604,2016-01-16,WAS vs. BOS,L,41,6,12,0.5,2,6,0.333,1,2,0.5,4,3,7,4,1,0,3,6,15,-3,29.4,1,2015-16
22015,101141,Ersan Ilyasova,1610612765,DET,Detroit Pistons,0021500605,2016-01-16,DET vs. GSW,W,30,4,8,0.5,2,2,1.0,0,0,,4,4,8,1,1,2,0,3,10,-3,30.1,1,2015-16
22015,203382,Aron Baynes,1610612765,DET,Detroit Pistons,0021500605,2016-01-16,DET vs. GSW,W,9,6,6,1.0,0,0,,0,0,,1,3,4,0,0,2,0,1,12,15,22.8,1,2015-16
22015,1626151,Aaron Harrison,1610612766,CHA,Charlotte Hornets,0021500603,2016-01-16,CHA vs. MIL,L,4,0,0,,0,0,,0,0,,0,1,1,0,0,0,0,0,0,8,1.2,1,2015-16
22015,1626163,Frank Kaminsky,1610612766,CHA,Charlotte Hornets,0021500603,2016-01-16,CHA vs. MIL,L,30,5,12,0.417,2,6,0.333,0,0,,0,5,5,0,1,0,0,2,12,-10,21.0,1,2015-16
22015,203096,Jared Sullinger,1610612738,BOS,Boston Celtics,0021500604,2016-01-16,BOS @ WAS,W,21,6,10,0.6,0,2,0.0,2,2,1.0,1,8,9,2,1,0,2,6,14,-3,28.8,1,2015-16
22015,2733,Shaun Livingston,1610612744,GSW,Golden State Warriors,0021500605,2016-01-16,GSW @ DET,L,15,2,7,0.286,0,0,,1,1,1.0,1,1,2,0,1,0,1,1,5,-14,9.4,1,2015-16
22015,201939,Stephen Curry,1610612744,GSW,Golden State Warriors,0021500605,2016-01-16,GSW @ DET,L,37,13,26,0.5,7,15,0.467,5,6,0.833,1,6,7,5,2,0,2,1,38,2,57.9,1,2015-16
22015,203084,Harrison Barnes,1610612744,GSW,Golden State Warriors,0021500605,2016-01-16,GSW @ DET,L,30,2,11,0.182,1,2,0.5,0,0,,0,3,3,2,0,0,0,2,5,-26,11.6,1,2015-16
22015,203105,Festus Ezeli,1610612744,GSW,Golden State Warriors,0021500605,2016-01-16,GSW @ DET,L,23,4,8,0.5,0,0,,2,4,0.5,5,5,10,0,0,5,1,1,10,-7,36.0,1,2015-16
22015,203110,Draymond Green,1610612744,GSW,Golden State Warriors,0021500605,2016-01-16,GSW @ DET,L,36,1,7,0.143,1,1,1.0,2,4,0.5,2,3,5,9,1,2,2,2,5,4,31.5,1,2015-16
22015,203546,Ian Clark,1610612744,GSW,Golden State Warriors,0021500605,2016-01-16,GSW @ DET,L,3,0,1,0.0,0,0,,0,0,,0,0,0,0,0,0,0,0,0,1,0.0,1,2015-16
22015,1626148,Anthony Brown,1610612747,LAL,Los Angeles Lakers,0021500608,2016-01-16,LAL @ UTA,L,27,3,5,0.6,3,3,1.0,0,0,,1,6,7,0,0,0,0,1,9,-13,17.4,1,2015-16
22015,1626204,Larry Nance Jr.,1610612747,LAL,Los Angeles Lakers,0021500608,2016-01-16,LAL @ UTA,L,3,0,0,,0,0,,0,0,,0,1,1,0,0,0,0,0,0,3,1.2,1,2015-16
22015,203487,Michael Carter-Williams,1610612749,MIL,Milwaukee Bucks,0021500603,2016-01-16,MIL @ CHA,W,26,3,8,0.375,1,2,0.5,2,2,1.0,0,6,6,4,0,2,1,4,9,9,27.2,1,2015-16
22015,203948,Johnny O'Bryant III,1610612749,MIL,Milwaukee Bucks,0021500603,2016-01-16,MIL @ CHA,W,19,1,6,0.167,0,0,,2,2,1.0,0,1,1,0,0,1,3,1,4,3,5.2,1,2015-16
22015,203477,Isaiah Canaan,1610612755,PHI,Philadelphia 76ers,0021500606,2016-01-16,PHI vs. POR,W,31,5,10,0.5,2,5,0.4,2,3,0.667,0,4,4,4,1,1,1,1,14,14,29.8,1,2015-16
22015,204456,T.J. McConnell,1610612755,PHI,Philadelphia 76ers,0021500606,2016-01-16,PHI vs. POR,W,15,3,4,0.75,1,1,1.0,1,2,0.5,0,1,1,7,1,0,1,3,8,13,21.7,1,2015-16
22015,1626143,Jahlil Okafor,1610612755,PHI,Philadelphia 76ers,0021500606,2016-01-16,PHI vs. POR,W,29,12,16,0.75,0,0,,1,4,0.25,0,10,10,1,0,0,3,4,25,22,35.5,1,2015-16
22015,1626158,Richaun Holmes,1610612755,PHI,Philadelphia 76ers,0021500606,2016-01-16,PHI vs. POR,W,27,5,9,0.556,1,3,0.333,6,7,0.857,1,5,6,3,0,1,1,1,17,7,30.7,1,2015-16
22015,203081,Damian Lillard,1610612757,POR,Portland Trail Blazers,0021500606,2016-01-16,POR @ PHI,L,30,4,18,0.222,1,6,0.167,5,6,0.833,0,2,2,2,0,0,2,1,14,-21,17.4,1,2015-16
22015,203943,Noah Vonleh,1610612757,POR,Portland Trail Blazers,0021500606,2016-01-16,POR @ PHI,L,21,3,5,0.6,0,1,0.0,3,4,0.75,1,4,5,1,1,0,1,5,9,-7,18.5,1,2015-16
22015,1626161,Willie Cauley-Stein,1610612758,SAC,Sacramento Kings,0021500609,2016-01-16,SAC @ LAC,W,13,0,3,0.0,0,0,,2,4,0.5,0,4,4,1,0,3,0,0,2,-4,17.3,1,2015-16
22015,203481,Jeff Withey,1610612762,UTA,Utah Jazz,0021500608,2016-01-16,UTA vs. LAL,W,19,4,10,0.4,0,0,,0,0,,3,4,7,0,1,1,0,1,8,1,22.4,1,2015-16
22015,203504,Trey Burke,1610612762,UTA,Utah Jazz,0021500608,2016-01-16,UTA vs. LAL,W,26,7,14,0.5,2,3,0.667,0,0,,0,1,1,3,1,0,0,2,16,10,24.7,1,2015-16
22015,203526,Raul Neto,1610612762,UTA,Utah Jazz,0021500608,2016-01-16,UTA vs. LAL,W,25,3,6,0.5,1,1,1.0,1,1,1.0,0,0,0,2,2,0,1,3,8,14,16.0,1,2015-16
22015,201596,Mario Chalmers,1610612763,MEM,Memphis Grizzlies,0021500607,2016-01-16,MEM vs. NYK,W,29,4,7,0.571,2,2,1.0,2,2,1.0,1,1,2,8,0,0,2,3,12,-8,24.4,1,2015-16
22015,202066,Garrett Temple,1610612764,WAS,Washington Wizards,0021500604,2016-01-16,WAS vs. BOS,L,34,2,8,0.25,1,5,0.2,7,7,1.0,1,2,3,3,0,1,0,3,12,1,23.1,1,2015-16
22015,1626162,Kelly Oubre Jr.,1610612764,WAS,Washington Wizards,0021500604,2016-01-16,WAS vs. BOS,L,25,4,11,0.364,1,4,0.25,1,1,1.0,4,2,6,0,2,0,2,3,10,0,21.2,1,2015-16
22015,2581,Steve Blake,1610612765,DET,Detroit Pistons,0021500605,2016-01-16,DET vs. GSW,W,7,2,2,1.0,2,2,1.0,0,0,,0,2,2,1,0,0,1,1,6,13,8.9,1,2015-16
22015,201229,Anthony Tolliver,1610612765,DET,Detroit Pistons,0021500605,2016-01-16,DET vs. GSW,W,15,1,3,0.333,0,2,0.0,3,3,1.0,2,1,3,0,0,0,0,1,5,22,8.6,1,2015-16
22015,201943,Brandon Jennings,1610612765,DET,Detroit Pistons,0021500605,2016-01-16,DET vs. GSW,W,8,1,5,0.2,0,2,0.0,0,0,,0,1,1,1,1,0,0,1,2,4,7.7,1,2015-16
22015,203484,Kentavious Caldwell-Pope,1610612765,DET,Detroit Pistons,0021500605,2016-01-16,DET vs. GSW,W,39,9,16,0.563,1,5,0.2,1,2,0.5,0,5,5,2,3,1,3,3,20,-2,38.0,1,2015-16
22015,1626169,Stanley Johnson,1610612765,DET,Detroit Pistons,0021500605,2016-01-16,DET vs. GSW,W,20,3,7,0.429,1,2,0.5,1,1,1.0,0,2,2,3,1,1,0,3,8,7,20.9,1,2015-16
22015,201150,Spencer Hawes,1610612766,CHA,Charlotte Hornets,0021500603,2016-01-16,CHA vs. MIL,L,21,3,7,0.429,0,2,0.0,1,2,0.5,3,6,9,3,0,0,0,2,7,-11,22.3,1,2015-16
22015,201946,Tyler Hansbrough,1610612766,CHA,Charlotte Hornets,0021500603,2016-01-16,CHA vs. MIL,L,4,0,1,0.0,0,1,0.0,2,2,1.0,0,0,0,0,1,0,0,0,2,8,5.0,1,2015-16
22015,202391,Jeremy Lin,1610612766,CHA,Charlotte Hornets,0021500603,2016-01-16,CHA vs. MIL,L,22,6,13,0.462,0,3,0.0,3,4,0.75,0,0,0,1,3,0,0,3,15,-8,25.5,1,2015-16
22015,203469,Cody Zeller,1610612766,CHA,Charlotte Hornets,0021500603,2016-01-16,CHA vs. MIL,L,23,2,6,0.333,0,0,,2,2,1.0,1,1,2,1,0,0,0,5,6,-10,9.9,1,2015-16
22015,101150,Lou Williams,1610612747,LAL,Los Angeles Lakers,0021500608,2016-01-16,LAL @ UTA,L,29,5,16,0.313,3,4,0.75,7,8,0.875,2,0,2,0,1,0,3,1,20,-25,22.4,1,2015-16
22015,203089,John Henson,1610612749,MIL,Milwaukee Bucks,0021500603,2016-01-16,MIL @ CHA,W,19,2,4,0.5,0,0,,2,4,0.5,0,7,7,0,1,3,0,0,6,5,26.4,1,2015-16
22015,203898,Tyler Ennis,1610612749,MIL,Milwaukee Bucks,0021500603,2016-01-16,MIL @ CHA,W,3,0,0,,0,0,,0,0,,0,0,0,1,0,0,0,1,0,-4,1.5,1,2015-16
22015,2207,Joe Johnson,1610612751,BKN,Brooklyn Nets,0021500602,2016-01-16,BKN @ ATL,L,27,5,9,0.556,3,4,0.75,1,1,1.0,0,4,4,0,0,0,1,1,14,-1,17.8,1,2015-16
22015,201152,Thaddeus Young,1610612751,BKN,Brooklyn Nets,0021500602,2016-01-16,BKN @ ATL,L,27,8,12,0.667,0,0,,2,4,0.5,0,7,7,0,2,1,1,4,18,-1,34.4,1,2015-16
22015,201961,Wayne Ellington,1610612751,BKN,Brooklyn Nets,0021500602,2016-01-16,BKN @ ATL,L,30,4,9,0.444,1,4,0.25,0,0,,0,3,3,2,0,0,1,0,9,-9,14.6,1,2015-16
22015,201167,Arron Afflalo,1610612752,NYK,New York Knicks,0021500607,2016-01-16,NYK @ MEM,L,36,3,11,0.273,1,4,0.25,4,4,1.0,0,3,3,3,0,2,2,2,11,-8,23.1,1,2015-16
22015,1626192,Pat Connaughton,1610612757,POR,Portland Trail Blazers,0021500606,2016-01-16,POR @ PHI,L,6,0,2,0.0,0,2,0.0,0,0,,0,1,1,0,0,0,0,0,0,4,1.2,1,2015-16
22015,202326,DeMarcus Cousins,1610612758,SAC,Sacramento Kings,0021500609,2016-01-16,SAC @ LAC,W,33,6,14,0.429,1,2,0.5,6,7,0.857,3,10,13,6,0,2,5,5,19,7,44.6,1,2015-16
22015,2440,Matt Barnes,1610612763,MEM,Memphis Grizzlies,0021500607,2016-01-16,MEM vs. NYK,W,26,0,3,0.0,0,1,0.0,2,2,1.0,2,7,9,5,0,0,0,4,2,13,20.3,1,2015-16
22015,203210,JaMychal Green,1610612763,MEM,Memphis Grizzlies,0021500607,2016-01-16,MEM vs. NYK,W,7,0,1,0.0,0,0,,1,2,0.5,1,3,4,0,0,1,1,2,1,-3,7.8,1,2015-16
22015,201587,Nicolas Batum,1610612766,CHA,Charlotte Hornets,0021500603,2016-01-16,CHA vs. MIL,L,36,2,10,0.2,1,5,0.2,1,2,0.5,2,1,3,9,0,1,2,2,6,-15,24.1,1,2015-16
22015,1717,Dirk Nowitzki,1610612742,DAL,Dallas Mavericks,0021500612,2016-01-17,DAL @ SAS,L,24,2,10,0.2,0,3,0.0,0,0,,0,5,5,3,0,0,1,0,4,-11,13.5,1,2015-16
22015,202702,Kenneth Faried,1610612743,DEN,Denver Nuggets,0021500613,2016-01-17,DEN vs. IND,W,27,5,7,0.714,0,0,,3,5,0.6,6,3,9,1,1,0,0,1,13,3,28.3,1,2015-16
22015,203530,Joffrey Lauvergne,1610612743,DEN,Denver Nuggets,0021500613,2016-01-17,DEN vs. IND,W,15,2,5,0.4,1,2,0.5,0,0,,2,2,4,0,0,1,1,2,5,-2,11.8,1,2015-16
22015,201147,Corey Brewer,1610612745,HOU,Houston Rockets,0021500614,2016-01-17,HOU @ LAL,W,18,2,8,0.25,0,2,0.0,0,0,,0,6,6,2,3,0,0,1,4,6,23.2,1,2015-16
22015,203909,KJ McDaniels,1610612745,HOU,Houston Rockets,0021500614,2016-01-17,HOU @ LAL,W,5,0,3,0.0,0,0,,0,0,,0,1,1,0,1,2,1,0,0,-2,9.2,1,2015-16
22015,101150,Lou Williams,1610612747,LAL,Los Angeles Lakers,0021500614,2016-01-17,LAL vs. HOU,L,31,7,11,0.636,1,2,0.5,5,6,0.833,0,1,1,1,0,0,0,1,20,-22,22.7,1,2015-16
22015,2548,Dwyane Wade,1610612748,MIA,Miami Heat,0021500611,2016-01-17,MIA @ OKC,L,29,9,15,0.6,0,1,0.0,4,4,1.0,0,2,2,3,0,0,4,1,22,-22,24.9,1,2015-16
22015,202355,Hassan Whiteside,1610612748,MIA,Miami Heat,0021500611,2016-01-17,MIA @ OKC,L,33,7,9,0.778,0,0,,0,0,,3,8,11,0,1,4,3,1,14,-10,39.2,1,2015-16
22015,1626159,Justise Winslow,1610612748,MIA,Miami Heat,0021500611,2016-01-17,MIA @ OKC,L,27,0,4,0.0,0,1,0.0,0,0,,1,4,5,1,0,1,1,1,0,-13,9.5,1,2015-16
22015,203940,Adreian Payne,1610612750,MIN,Minnesota Timberwolves,0021500610,2016-01-17,MIN vs. PHX,W,3,1,1,1.0,0,0,,0,0,,0,1,1,0,0,0,0,0,2,2,3.2,1,2015-16
22015,101139,CJ Miles,1610612754,IND,Indiana Pacers,0021500613,2016-01-17,IND @ DEN,L,25,2,5,0.4,1,4,0.25,7,8,0.875,1,4,5,1,1,0,1,3,12,-3,21.5,1,2015-16
22015,101145,Monta Ellis,1610612754,IND,Indiana Pacers,0021500613,2016-01-17,IND @ DEN,L,32,10,17,0.588,2,3,0.667,2,5,0.4,0,2,2,5,1,1,4,4,24,-5,35.9,1,2015-16
22015,201603,Sonny Weems,1610612756,PHX,Phoenix Suns,0021500610,2016-01-17,PHX @ MIN,L,16,1,2,0.5,0,0,,0,0,,0,0,0,3,1,0,2,1,2,-14,7.5,1,2015-16
22015,202720,Jon Leuer,1610612756,PHX,Phoenix Suns,0021500610,2016-01-17,PHX @ MIN,L,21,3,7,0.429,0,2,0.0,2,4,0.5,0,5,5,0,0,0,1,4,8,-15,13.0,1,2015-16
22015,2446,Rasual Butler,1610612759,SAS,San Antonio Spurs,0021500612,2016-01-17,SAS vs. DAL,W,9,0,1,0.0,0,1,0.0,0,0,,0,2,2,0,0,0,0,0,0,4,2.4,1,2015-16
22015,201980,Danny Green,1610612759,SAS,San Antonio Spurs,0021500612,2016-01-17,SAS vs. DAL,W,28,2,8,0.25,0,4,0.0,0,1,0.0,0,7,7,1,0,2,0,1,4,13,19.9,1,2015-16
22015,203500,Steven Adams,1610612760,OKC,Oklahoma City Thunder,0021500611,2016-01-17,OKC vs. MIA,W,25,3,5,0.6,0,0,,0,0,,1,3,4,1,1,2,1,2,6,18,20.3,1,2015-16
22015,1626166,Cameron Payne,1610612760,OKC,Oklahoma City Thunder,0021500611,2016-01-17,OKC vs. MIA,W,15,0,3,0.0,0,1,0.0,0,0,,1,2,3,2,1,0,0,2,0,10,9.6,1,2015-16
22015,203098,John Jenkins,1610612742,DAL,Dallas Mavericks,0021500612,2016-01-17,DAL @ SAS,L,9,0,2,0.0,0,0,,0,1,0.0,0,2,2,1,0,0,0,0,0,-4,3.9,1,2015-16
22015,1626144,Emmanuel Mudiay,1610612743,DEN,Denver Nuggets,0021500613,2016-01-17,DEN vs. IND,W,37,4,10,0.4,0,1,0.0,2,8,0.25,0,4,4,6,3,1,7,5,10,4,28.8,1,2015-16
22015,2772,Trevor Ariza,1610612745,HOU,Houston Rockets,0021500614,2016-01-17,HOU @ LAL,W,24,5,8,0.625,1,3,0.333,2,2,1.0,1,1,2,2,3,0,2,0,13,13,25.4,1,2015-16
22015,201935,James Harden,1610612745,HOU,Houston Rockets,0021500614,2016-01-17,HOU @ LAL,W,27,10,17,0.588,4,7,0.571,7,10,0.7,0,3,3,5,0,0,2,1,31,10,40.1,1,2015-16
22015,203991,Clint Capela,1610612745,HOU,Houston Rockets,0021500614,2016-01-17,HOU @ LAL,W,23,6,8,0.75,0,0,,2,2,1.0,5,6,11,0,1,0,1,4,14,8,29.2,1,2015-16
22015,203903,Jordan Clarkson,1610612747,LAL,Los Angeles Lakers,0021500614,2016-01-17,LAL vs. HOU,L,29,8,18,0.444,0,2,0.0,0,0,,0,3,3,3,2,0,0,3,16,-11,30.1,1,2015-16
22015,203944,Julius Randle,1610612747,LAL,Los Angeles Lakers,0021500614,2016-01-17,LAL vs. HOU,L,26,5,10,0.5,0,0,,2,3,0.667,1,10,11,2,0,1,1,3,12,-10,30.2,1,2015-16
22015,204028,Tarik Black,1610612747,LAL,Los Angeles Lakers,0021500614,2016-01-17,LAL vs. HOU,L,5,0,0,,0,0,,1,2,0.5,0,4,4,0,0,0,0,0,1,4,5.8,1,2015-16
22015,2405,Amar'e Stoudemire,1610612748,MIA,Miami Heat,0021500611,2016-01-17,MIA @ OKC,L,14,0,0,,0,0,,2,2,1.0,0,2,2,1,1,1,2,2,2,-13,9.9,1,2015-16
22015,2547,Chris Bosh,1610612748,MIA,Miami Heat,0021500611,2016-01-17,MIA @ OKC,L,33,5,16,0.313,0,2,0.0,2,3,0.667,0,4,4,2,2,2,1,2,12,-16,30.8,1,2015-16
22015,203476,Gorgui Dieng,1610612750,MIN,Minnesota Timberwolves,0021500610,2016-01-17,MIN vs. PHX,W,18,4,6,0.667,0,0,,7,7,1.0,2,4,6,1,1,1,3,2,15,20,26.7,1,2015-16
22015,203952,Andrew Wiggins,1610612750,MIN,Minnesota Timberwolves,0021500610,2016-01-17,MIN vs. PHX,W,28,8,13,0.615,0,1,0.0,2,2,1.0,2,2,4,4,0,0,1,2,18,13,27.8,1,2015-16
22015,201941,Jordan Hill,1610612754,IND,Indiana Pacers,0021500613,2016-01-17,IND @ DEN,L,19,4,5,0.8,0,0,,1,2,0.5,1,2,3,1,1,0,2,4,9,7,15.1,1,2015-16
22015,201978,Chase Budinger,1610612754,IND,Indiana Pacers,0021500613,2016-01-17,IND @ DEN,L,17,2,3,0.667,0,0,,0,0,,1,1,2,2,1,0,0,2,4,7,12.4,1,2015-16
22015,202331,Paul George,1610612754,IND,Indiana Pacers,0021500613,2016-01-17,IND @ DEN,L,36,6,12,0.5,3,7,0.429,4,4,1.0,1,2,3,5,3,0,4,3,19,-5,35.1,1,2015-16
22015,202730,Lavoy Allen,1610612754,IND,Indiana Pacers,0021500613,2016-01-17,IND @ DEN,L,20,2,3,0.667,0,0,,0,0,,1,3,4,2,0,0,1,5,4,4,10.8,1,2015-16
22015,203922,Glenn Robinson III,1610612754,IND,Indiana Pacers,0021500613,2016-01-17,IND @ DEN,L,17,2,8,0.25,1,3,0.333,3,4,0.75,0,0,0,0,1,1,0,1,8,-9,14.0,1,2015-16
22015,1626202,Joe Young,1610612754,IND,Indiana Pacers,0021500613,2016-01-17,IND @ DEN,L,18,7,11,0.636,0,0,,1,1,1.0,0,1,1,7,0,0,1,1,15,6,25.7,1,2015-16
22015,202688,Brandon Knight,1610612756,PHX,Phoenix Suns,0021500610,2016-01-17,PHX @ MIN,L,39,9,20,0.45,2,5,0.4,0,0,,0,2,2,1,0,0,6,4,20,-22,17.9,1,2015-16
22015,203485,Lorenzo Brown,1610612756,PHX,Phoenix Suns,0021500610,2016-01-17,PHX @ MIN,L,9,2,5,0.4,0,0,,0,0,,0,0,0,1,0,0,2,1,4,-8,3.5,1,2015-16
22015,2561,David West,1610612759,SAS,San Antonio Spurs,0021500612,2016-01-17,SAS vs. DAL,W,14,4,8,0.5,0,0,,0,1,0.0,1,4,5,4,0,1,1,1,8,10,22.0,1,2015-16
22015,200746,LaMarcus Aldridge,1610612759,SAS,San Antonio Spurs,0021500612,2016-01-17,SAS vs. DAL,W,27,9,15,0.6,0,0,,5,5,1.0,1,6,7,1,0,1,0,1,23,16,35.9,1,2015-16
22015,201988,Patty Mills,1610612759,SAS,San Antonio Spurs,0021500612,2016-01-17,SAS vs. DAL,W,16,2,4,0.5,0,2,0.0,2,2,1.0,0,2,2,0,0,0,2,3,6,11,6.4,1,2015-16
22015,201566,Russell Westbrook,1610612760,OKC,Oklahoma City Thunder,0021500611,2016-01-17,OKC vs. MIA,W,33,5,16,0.313,1,4,0.25,2,2,1.0,3,7,10,15,2,0,3,2,13,15,50.5,1,2015-16
22015,203956,Mitch McGary,1610612760,OKC,Oklahoma City Thunder,0021500611,2016-01-17,OKC vs. MIA,W,2,1,2,0.5,0,1,0.0,0,0,,0,0,0,0,0,0,0,0,2,-1,2.0,1,2015-16
22015,2734,Devin Harris,1610612742,DAL,Dallas Mavericks,0021500612,2016-01-17,DAL @ SAS,L,16,2,4,0.5,2,3,0.667,0,0,,0,1,1,2,0,0,0,1,6,-8,10.2,1,2015-16
22015,101114,Deron Williams,1610612742,DAL,Dallas Mavericks,0021500612,2016-01-17,DAL @ SAS,L,23,2,6,0.333,0,1,0.0,4,4,1.0,0,5,5,3,0,0,2,3,8,-17,16.5,1,2015-16
22015,202718,Chandler Parsons,1610612742,DAL,Dallas Mavericks,0021500612,2016-01-17,DAL @ SAS,L,28,2,7,0.286,1,1,1.0,0,0,,0,4,4,1,2,0,3,1,5,-17,14.3,1,2015-16
22015,203999,Nikola Jokić,1610612743,DEN,Denver Nuggets,0021500613,2016-01-17,DEN vs. IND,W,24,6,11,0.545,1,3,0.333,5,6,0.833,2,0,2,3,4,0,1,2,18,4,35.9,1,2015-16
22015,2730,Dwight Howard,1610612745,HOU,Houston Rockets,0021500614,2016-01-17,HOU @ LAL,W,26,6,11,0.545,0,0,,2,3,0.667,3,12,15,0,1,3,2,1,14,25,42.0,1,2015-16
22015,2617,Udonis Haslem,1610612748,MIA,Miami Heat,0021500611,2016-01-17,MIA @ OKC,L,3,0,0,,0,0,,0,0,,0,0,0,0,0,0,1,0,0,-3,-1.0,1,2015-16
22015,708,Kevin Garnett,1610612750,MIN,Minnesota Timberwolves,0021500610,2016-01-17,MIN vs. PHX,W,15,0,2,0.0,0,0,,0,0,,1,2,3,2,2,0,0,2,0,11,12.6,1,2015-16
22015,2419,Tayshaun Prince,1610612750,MIN,Minnesota Timberwolves,0021500610,2016-01-17,MIN vs. PHX,W,27,3,3,1.0,0,0,,0,0,,0,4,4,3,1,2,1,1,6,12,23.3,1,2015-16
22015,201937,Ricky Rubio,1610612750,MIN,Minnesota Timberwolves,0021500610,2016-01-17,MIN vs. PHX,W,24,6,11,0.545,2,5,0.4,4,4,1.0,0,2,2,3,2,0,3,3,18,10,27.9,1,2015-16
22015,203498,Shabazz Muhammad,1610612750,MIN,Minnesota Timberwolves,0021500610,2016-01-17,MIN vs. PHX,W,26,4,10,0.4,0,3,0.0,3,6,0.5,1,7,8,0,0,0,2,3,11,15,18.6,1,2015-16
22015,203897,Zach LaVine,1610612750,MIN,Minnesota Timberwolves,0021500610,2016-01-17,MIN vs. PHX,W,24,3,6,0.5,2,4,0.5,3,4,0.75,1,2,3,3,4,0,0,2,11,20,31.1,1,2015-16
22015,203141,Mirza Teletovic,1610612756,PHX,Phoenix Suns,0021500610,2016-01-17,PHX @ MIN,L,14,1,7,0.143,0,3,0.0,0,0,,0,1,1,2,0,0,0,2,2,-13,6.2,1,2015-16
22015,2564,Boris Diaw,1610612759,SAS,San Antonio Spurs,0021500612,2016-01-17,SAS vs. DAL,W,16,6,11,0.545,2,5,0.4,2,2,1.0,1,2,3,3,1,0,1,3,16,8,26.1,1,2015-16
22015,1626246,Boban Marjanovic,1610612759,SAS,San Antonio Spurs,0021500612,2016-01-17,SAS vs. DAL,W,9,3,6,0.5,0,0,,1,1,1.0,2,2,4,1,0,0,0,0,7,4,13.3,1,2015-16
22015,2585,Zaza Pachulia,1610612742,DAL,Dallas Mavericks,0021500612,2016-01-17,DAL @ SAS,L,21,1,7,0.143,0,0,,3,4,0.75,1,6,7,1,1,0,0,4,5,-14,17.9,1,2015-16
22015,200826,J.J. Barea,1610612742,DAL,Dallas Mavericks,0021500612,2016-01-17,DAL @ SAS,L,16,2,7,0.286,0,3,0.0,1,2,0.5,0,0,0,4,0,0,0,2,5,-2,11.0,1,2015-16
22015,202083,Wesley Matthews,1610612742,DAL,Dallas Mavericks,0021500612,2016-01-17,DAL @ SAS,L,26,5,9,0.556,1,4,0.25,1,2,0.5,0,1,1,1,0,0,1,3,12,-17,13.7,1,2015-16
22015,202379,Jeremy Evans,1610612742,DAL,Dallas Mavericks,0021500612,2016-01-17,DAL @ SAS,L,9,2,3,0.667,0,1,0.0,1,2,0.5,2,2,4,0,1,2,0,3,5,-4,18.8,1,2015-16
22015,203939,Dwight Powell,1610612742,DAL,Dallas Mavericks,0021500612,2016-01-17,DAL @ SAS,L,16,4,8,0.5,2,3,0.667,5,5,1.0,0,2,2,0,0,1,1,2,15,-9,19.4,1,2015-16
22015,200751,Randy Foye,1610612743,DEN,Denver Nuggets,0021500613,2016-01-17,DEN vs. IND,W,17,4,8,0.5,2,4,0.5,2,4,0.5,0,3,3,6,0,1,0,1,12,1,27.6,1,2015-16
22015,203914,Gary Harris,1610612743,DEN,Denver Nuggets,0021500613,2016-01-17,DEN vs. IND,W,38,8,12,0.667,1,3,0.333,3,3,1.0,0,4,4,2,0,0,2,2,20,6,25.8,1,2015-16
22015,1891,Jason Terry,1610612745,HOU,Houston Rockets,0021500614,2016-01-17,HOU @ LAL,W,17,1,4,0.25,0,2,0.0,0,0,,0,0,0,3,0,0,1,1,2,15,5.5,1,2015-16
22015,201951,Ty Lawson,1610612745,HOU,Houston Rockets,0021500614,2016-01-17,HOU @ LAL,W,31,4,7,0.571,1,3,0.333,3,3,1.0,0,2,2,5,0,0,1,1,12,2,20.9,1,2015-16
22015,201977,Marcus Thornton,1610612745,HOU,Houston Rockets,0021500614,2016-01-17,HOU @ LAL,W,21,4,11,0.364,0,3,0.0,2,2,1.0,0,1,1,2,0,0,1,1,10,7,13.2,1,2015-16
22015,203093,Terrence Jones,1610612745,HOU,Houston Rockets,0021500614,2016-01-17,HOU @ LAL,W,22,1,7,0.143,0,1,0.0,0,0,,0,2,2,1,1,0,2,5,2,-12,6.9,1,2015-16
22015,1626149,Montrezl Harrell,1610612745,HOU,Houston Rockets,0021500614,2016-01-17,HOU @ LAL,W,25,5,7,0.714,0,0,,0,2,0.0,2,6,8,1,0,0,0,4,10,13,21.1,1,2015-16
22015,977,Kobe Bryant,1610612747,LAL,Los Angeles Lakers,0021500614,2016-01-17,LAL vs. HOU,L,24,2,5,0.4,1,2,0.5,0,0,,0,2,2,9,1,0,4,0,5,-12,19.9,1,2015-16
22015,203527,Ryan Kelly,1610612747,LAL,Los Angeles Lakers,0021500614,2016-01-17,LAL vs. HOU,L,20,1,8,0.125,0,2,0.0,1,2,0.5,1,8,9,1,0,0,0,1,3,-10,15.3,1,2015-16
22015,1889,Andre Miller,1610612750,MIN,Minnesota Timberwolves,0021500610,2016-01-17,MIN vs. PHX,W,4,0,0,,0,0,,1,2,0.5,0,0,0,1,0,0,1,0,1,1,1.5,1,2015-16
22015,203524,Solomon Hill,1610612754,IND,Indiana Pacers,0021500613,2016-01-17,IND @ DEN,L,28,2,5,0.4,2,3,0.667,0,0,,1,5,6,2,1,2,1,3,6,-6,24.2,1,2015-16
22015,1495,Tim Duncan,1610612759,SAS,San Antonio Spurs,0021500612,2016-01-17,SAS vs. DAL,W,21,0,4,0.0,0,0,,2,2,1.0,0,5,5,1,0,1,0,2,2,16,12.5,1,2015-16
22015,203613,Jonathon Simmons,1610612759,SAS,San Antonio Spurs,0021500612,2016-01-17,SAS vs. DAL,W,15,5,7,0.714,2,2,1.0,2,2,1.0,0,3,3,2,1,0,0,3,14,15,23.6,1,2015-16
22015,201142,Kevin Durant,1610612760,OKC,Oklahoma City Thunder,0021500611,2016-01-17,OKC vs. MIA,W,31,8,20,0.4,3,8,0.375,5,5,1.0,1,9,10,3,3,1,5,2,24,16,47.5,1,2015-16
22015,201586,Serge Ibaka,1610612760,OKC,Oklahoma City Thunder,0021500611,2016-01-17,OKC vs. MIA,W,33,9,15,0.6,1,3,0.333,0,0,,3,4,7,0,1,0,1,1,19,19,29.4,1,2015-16
22015,101109,Raymond Felton,1610612742,DAL,Dallas Mavericks,0021500612,2016-01-17,DAL @ SAS,L,20,4,9,0.444,0,1,0.0,1,1,1.0,0,0,0,3,0,0,1,0,9,-20,12.5,1,2015-16
22015,101111,Charlie Villanueva,1610612742,DAL,Dallas Mavericks,0021500612,2016-01-17,DAL @ SAS,L,17,1,5,0.2,0,3,0.0,2,3,0.667,0,4,4,1,0,0,2,1,4,-14,8.3,1,2015-16
22015,201580,JaVale McGee,1610612742,DAL,Dallas Mavericks,0021500612,2016-01-17,DAL @ SAS,L,15,2,4,0.5,0,0,,1,1,1.0,2,8,10,0,0,3,2,3,5,-8,24.0,1,2015-16
22015,201568,Danilo Gallinari,1610612743,DEN,Denver Nuggets,0021500613,2016-01-17,DEN vs. IND,W,23,6,11,0.545,1,4,0.25,10,10,1.0,2,2,4,2,2,0,4,6,23,5,32.8,1,2015-16
22015,201589,Darrell Arthur,1610612743,DEN,Denver Nuggets,0021500613,2016-01-17,DEN vs. IND,W,23,3,8,0.375,1,1,1.0,0,0,,2,3,5,2,2,0,0,2,7,-1,22.0,1,2015-16
22015,203115,Will Barton,1610612743,DEN,Denver Nuggets,0021500613,2016-01-17,DEN vs. IND,W,31,8,17,0.471,3,6,0.5,2,2,1.0,2,4,6,3,0,1,1,3,21,-2,34.7,1,2015-16
22015,203930,Sean Kilpatrick,1610612743,DEN,Denver Nuggets,0021500613,2016-01-17,DEN vs. IND,W,5,0,2,0.0,0,2,0.0,0,0,,1,0,1,0,0,0,1,2,0,-3,0.2,1,2015-16
22015,101138,Brandon Bass,1610612747,LAL,Los Angeles Lakers,0021500614,2016-01-17,LAL vs. HOU,L,19,2,4,0.5,0,0,,4,4,1.0,0,1,1,0,1,2,1,1,8,-8,17.2,1,2015-16
22015,1626148,Anthony Brown,1610612747,LAL,Los Angeles Lakers,0021500614,2016-01-17,LAL vs. HOU,L,24,4,8,0.5,2,5,0.4,0,0,,0,2,2,0,0,0,0,0,10,-5,12.4,1,2015-16
22015,1626273,Marcelo Huertas,1610612747,LAL,Los Angeles Lakers,0021500614,2016-01-17,LAL vs. HOU,L,5,0,2,0.0,0,1,0.0,0,0,,0,0,0,2,1,0,2,3,0,2,4.0,1,2015-16
22015,2736,Luol Deng,1610612748,MIA,Miami Heat,0021500611,2016-01-17,MIA @ OKC,L,31,0,5,0.0,0,3,0.0,2,2,1.0,0,3,3,1,2,1,2,1,2,-20,14.1,1,2015-16
22015,101123,Gerald Green,1610612748,MIA,Miami Heat,0021500611,2016-01-17,MIA @ OKC,L,12,1,7,0.143,1,3,0.333,0,0,,1,0,1,0,0,0,1,1,3,-1,3.2,1,2015-16
22015,204020,Tyler Johnson,1610612748,MIA,Miami Heat,0021500611,2016-01-17,MIA @ OKC,L,39,7,12,0.583,2,3,0.667,0,0,,2,4,6,4,0,0,4,3,16,-13,25.2,1,2015-16
22015,1626196,Josh Richardson,1610612748,MIA,Miami Heat,0021500611,2016-01-17,MIA @ OKC,L,20,1,4,0.25,1,1,1.0,0,0,,0,2,2,0,0,0,0,0,3,-14,5.4,1,2015-16
22015,2755,Kevin Martin,1610612750,MIN,Minnesota Timberwolves,0021500610,2016-01-17,MIN vs. PHX,W,16,3,6,0.5,1,3,0.333,4,4,1.0,0,0,0,2,0,0,0,3,11,15,14.0,1,2015-16
22015,201593,Nikola Pekovic,1610612750,MIN,Minnesota Timberwolves,0021500610,2016-01-17,MIN vs. PHX,W,7,1,2,0.5,0,0,,2,4,0.5,0,0,0,0,0,0,0,0,4,0,4.0,1,2015-16
22015,202357,Nemanja Bjelica,1610612750,MIN,Minnesota Timberwolves,0021500610,2016-01-17,MIN vs. PHX,W,23,1,1,1.0,1,1,1.0,3,4,0.75,0,2,2,3,0,1,2,5,6,20,13.9,1,2015-16
22015,1626157,Karl-Anthony Towns,1610612750,MIN,Minnesota Timberwolves,0021500610,2016-01-17,MIN vs. PHX,W,26,5,8,0.625,1,1,1.0,3,3,1.0,1,7,8,1,1,3,2,2,14,11,35.1,1,2015-16
22015,1626167,Myles Turner,1610612754,IND,Indiana Pacers,0021500613,2016-01-17,IND @ DEN,L,29,11,13,0.846,0,0,,3,6,0.5,3,4,7,2,1,2,1,3,25,-11,44.4,1,2015-16
22015,200782,P.J. Tucker,1610612756,PHX,Phoenix Suns,0021500610,2016-01-17,PHX @ MIN,L,29,1,7,0.143,0,1,0.0,2,4,0.5,2,5,7,5,1,0,1,2,4,-15,21.9,1,2015-16
22015,202693,Markieff Morris,1610612756,PHX,Phoenix Suns,0021500610,2016-01-17,PHX @ MIN,L,34,7,12,0.583,0,2,0.0,3,5,0.6,1,4,5,3,3,0,2,5,17,-21,34.5,1,2015-16
22015,203462,Archie Goodwin,1610612756,PHX,Phoenix Suns,0021500610,2016-01-17,PHX @ MIN,L,6,1,3,0.333,1,1,1.0,1,2,0.5,0,0,0,0,0,0,0,1,4,-5,4.0,1,2015-16
22015,203933,T.J. Warren,1610612756,PHX,Phoenix Suns,0021500610,2016-01-17,PHX @ MIN,L,21,3,6,0.5,0,1,0.0,1,2,0.5,2,0,2,1,0,2,0,3,7,-11,16.9,1,2015-16
22015,1938,Manu Ginobili,1610612759,SAS,San Antonio Spurs,0021500612,2016-01-17,SAS vs. DAL,W,18,3,8,0.375,0,3,0.0,1,2,0.5,1,2,3,0,1,0,0,2,7,6,13.6,1,2015-16
22015,2225,Tony Parker,1610612759,SAS,San Antonio Spurs,0021500612,2016-01-17,SAS vs. DAL,W,25,0,4,0.0,0,0,,2,2,1.0,0,5,5,7,2,0,1,2,2,18,23.5,1,2015-16
22015,202695,Kawhi Leonard,1610612759,SAS,San Antonio Spurs,0021500612,2016-01-17,SAS vs. DAL,W,29,5,11,0.455,1,3,0.333,4,6,0.667,0,4,4,1,2,0,1,0,15,17,26.3,1,2015-16
22015,203937,Kyle Anderson,1610612759,SAS,San Antonio Spurs,0021500612,2016-01-17,SAS vs. DAL,W,12,3,3,1.0,0,0,,2,2,1.0,0,1,1,1,0,0,1,3,8,7,9.7,1,2015-16
22015,202683,Enes Freedom,1610612760,OKC,Oklahoma City Thunder,0021500611,2016-01-17,OKC vs. MIA,W,18,4,9,0.444,0,0,,0,0,,2,2,4,0,1,1,2,1,8,5,16.8,1,2015-16
22015,202713,Kyle Singler,1610612760,OKC,Oklahoma City Thunder,0021500611,2016-01-17,OKC vs. MIA,W,22,1,1,1.0,1,1,1.0,0,0,,2,2,4,1,0,0,1,2,3,7,8.3,1,2015-16
22015,203079,Dion Waiters,1610612760,OKC,Oklahoma City Thunder,0021500611,2016-01-17,OKC vs. MIA,W,29,6,11,0.545,1,2,0.5,5,5,1.0,0,1,1,1,1,1,1,1,18,12,25.7,1,2015-16
22015,203460,Andre Roberson,1610612760,OKC,Oklahoma City Thunder,0021500611,2016-01-17,OKC vs. MIA,W,32,3,6,0.5,0,2,0.0,0,0,,0,1,1,1,1,3,0,0,6,24,20.7,1,2015-16
22015,201579,Roy Hibbert,1610612747,LAL,Los Angeles Lakers,0021500614,2016-01-17,LAL vs. HOU,L,26,3,6,0.5,0,0,,2,2,1.0,1,0,1,2,0,4,0,3,8,-10,24.2,1,2015-16
22015,1626156,D'Angelo Russell,1610612747,LAL,Los Angeles Lakers,0021500614,2016-01-17,LAL vs. HOU,L,30,5,10,0.5,2,5,0.4,0,0,,0,2,2,5,3,0,6,1,12,-3,24.9,1,2015-16
22015,2199,Tyson Chandler,1610612756,PHX,Phoenix Suns,0021500610,2016-01-17,PHX @ MIN,L,24,3,4,0.75,0,0,,2,4,0.5,4,4,8,0,0,0,1,2,8,-11,16.6,1,2015-16
22015,1626164,Devin Booker,1610612756,PHX,Phoenix Suns,0021500610,2016-01-17,PHX @ MIN,L,27,4,8,0.5,0,0,,3,4,0.75,0,0,0,0,0,0,0,4,11,-15,11.0,1,2015-16
22015,200794,Paul Millsap,1610612737,ATL,Atlanta Hawks,0021500620,2016-01-18,ATL vs. ORL,W,27,6,9,0.667,0,0,,1,3,0.333,2,10,12,6,1,2,1,1,13,9,44.4,1,2015-16
22015,203200,Justin Holiday,1610612737,ATL,Atlanta Hawks,0021500620,2016-01-18,ATL vs. ORL,W,6,0,3,0.0,0,2,0.0,1,2,0.5,0,1,1,0,0,0,0,2,1,-7,2.2,1,2015-16
22015,201973,Jonas Jerebko,1610612738,BOS,Boston Celtics,0021500623,2016-01-18,BOS @ DAL,L,15,3,5,0.6,0,2,0.0,0,0,,0,1,1,0,0,0,0,4,6,-3,7.2,1,2015-16
22015,2592,James Jones,1610612739,CLE,Cleveland Cavaliers,0021500622,2016-01-18,CLE vs. GSW,L,11,3,5,0.6,1,3,0.333,1,1,1.0,0,0,0,1,0,0,1,4,8,-4,8.5,1,2015-16
22015,202684,Tristan Thompson,1610612739,CLE,Cleveland Cavaliers,0021500622,2016-01-18,CLE vs. GSW,L,12,0,1,0.0,0,0,,2,2,1.0,1,1,2,0,0,0,0,4,2,-15,4.4,1,2015-16
22015,201582,Alexis Ajinca,1610612740,NOP,New Orleans Pelicans,0021500618,2016-01-18,NOP @ MEM,L,12,2,5,0.4,0,0,,0,0,,1,3,4,0,0,0,0,3,4,-3,8.8,1,2015-16
22015,201583,Ryan Anderson,1610612740,NOP,New Orleans Pelicans,0021500618,2016-01-18,NOP @ MEM,L,27,6,14,0.429,2,5,0.4,0,0,,1,3,4,0,1,0,0,3,14,5,21.8,1,2015-16
22015,201967,Dante Cunningham,1610612740,NOP,New Orleans Pelicans,0021500618,2016-01-18,NOP @ MEM,L,24,2,5,0.4,1,3,0.333,2,2,1.0,0,1,1,0,1,2,0,3,7,0,17.2,1,2015-16
22015,202087,Alonzo Gee,1610612740,NOP,New Orleans Pelicans,0021500618,2016-01-18,NOP @ MEM,L,24,0,2,0.0,0,0,,2,2,1.0,2,4,6,1,0,0,2,3,2,-8,8.7,1,2015-16
22015,2200,Pau Gasol,1610612741,CHI,Chicago Bulls,0021500619,2016-01-18,CHI @ DET,W,36,13,18,0.722,1,3,0.333,4,5,0.8,2,10,12,3,1,3,0,3,31,0,61.9,1,2015-16
22015,202710,Jimmy Butler III,1610612741,CHI,Chicago Bulls,0021500619,2016-01-18,CHI @ DET,W,37,5,13,0.385,0,3,0.0,6,8,0.75,0,3,3,9,2,0,5,2,16,1,34.1,1,2015-16
22015,202734,E'Twaun Moore,1610612741,CHI,Chicago Bulls,0021500619,2016-01-18,CHI @ DET,W,18,2,3,0.667,1,2,0.5,1,2,0.5,0,0,0,0,1,0,0,2,6,13,9.0,1,2015-16
22015,200826,J.J. Barea,1610612742,DAL,Dallas Mavericks,0021500623,2016-01-18,DAL vs. BOS,W,16,2,6,0.333,0,2,0.0,0,0,,0,1,1,3,0,0,2,0,4,-8,7.7,1,2015-16
22015,202083,Wesley Matthews,1610612742,DAL,Dallas Mavericks,0021500623,2016-01-18,DAL vs. BOS,W,41,5,12,0.417,3,8,0.375,2,2,1.0,1,1,2,2,0,0,2,2,15,16,18.4,1,2015-16
22015,202718,Chandler Parsons,1610612742,DAL,Dallas Mavericks,0021500623,2016-01-18,DAL vs. BOS,W,33,6,11,0.545,4,6,0.667,0,0,,1,4,5,3,1,0,0,1,16,5,29.5,1,2015-16
22015,2738,Andre Iguodala,1610612744,GSW,Golden State Warriors,0021500622,2016-01-18,GSW @ CLE,W,24,7,8,0.875,4,5,0.8,2,2,1.0,1,2,3,5,0,0,1,1,20,31,30.1,1,2015-16
22015,202691,Klay Thompson,1610612744,GSW,Golden State Warriors,0021500622,2016-01-18,GSW @ CLE,W,26,5,11,0.455,1,5,0.2,4,4,1.0,0,1,1,2,1,0,1,3,15,27,21.2,1,2015-16
22015,203110,Draymond Green,1610612744,GSW,Golden State Warriors,0021500622,2016-01-18,GSW @ CLE,W,31,5,10,0.5,2,4,0.5,4,7,0.571,2,5,7,10,0,2,1,2,16,35,44.4,1,2015-16
22015,2772,Trevor Ariza,1610612745,HOU,Houston Rockets,0021500624,2016-01-18,HOU @ LAC,L,38,6,11,0.545,2,5,0.4,4,4,1.0,0,2,2,4,1,0,0,2,18,-6,29.4,1,2015-16
22015,201951,Ty Lawson,1610612745,HOU,Houston Rockets,0021500624,2016-01-18,HOU @ LAC,L,22,0,2,0.0,0,0,,1,2,0.5,1,0,1,5,3,0,1,3,1,-7,17.7,1,2015-16
22015,201976,Patrick Beverley,1610612745,HOU,Houston Rockets,0021500624,2016-01-18,HOU @ LAC,L,16,0,2,0.0,0,1,0.0,0,0,,1,0,1,0,0,0,1,4,0,-3,0.2,1,2015-16
22015,201977,Marcus Thornton,1610612745,HOU,Houston Rockets,0021500624,2016-01-18,HOU @ LAC,L,22,9,15,0.6,5,9,0.556,0,0,,0,3,3,5,1,0,1,2,23,8,36.1,1,2015-16
22015,200755,JJ Redick,1610612746,LAC,LA Clippers,0021500624,2016-01-18,LAC vs. HOU,W,39,11,19,0.579,9,12,0.75,9,9,1.0,1,0,1,2,0,0,1,4,40,18,43.2,1,2015-16
22015,201599,DeAndre Jordan,1610612746,LAC,LA Clippers,0021500624,2016-01-18,LAC vs. HOU,W,41,6,7,0.857,0,0,,4,8,0.5,2,13,15,0,0,2,0,4,16,2,40.0,1,2015-16
22015,203085,Austin Rivers,1610612746,LAC,LA Clippers,0021500624,2016-01-18,LAC vs. HOU,W,17,1,5,0.2,1,2,0.5,0,0,,0,1,1,0,0,0,1,2,3,-13,3.2,1,2015-16
22015,202711,Bojan Bogdanovic,1610612751,BKN,Brooklyn Nets,0021500621,2016-01-18,BKN @ TOR,L,23,3,6,0.5,1,3,0.333,2,2,1.0,1,1,2,1,1,0,3,3,9,-14,12.9,1,2015-16
22015,204038,Langston Galloway,1610612752,NYK,New York Knicks,0021500615,2016-01-18,NYK vs. PHI,W,24,4,4,1.0,0,0,,0,0,,0,3,3,3,0,1,1,3,8,5,18.1,1,2015-16
22015,203094,Andrew Nicholson,1610612753,ORL,Orlando Magic,0021500620,2016-01-18,ORL @ ATL,L,9,0,3,0.0,0,1,0.0,0,0,,1,1,2,1,0,0,1,2,0,-5,2.9,1,2015-16
22015,203095,Evan Fournier,1610612753,ORL,Orlando Magic,0021500620,2016-01-18,ORL @ ATL,L,24,2,11,0.182,2,4,0.5,0,0,,0,1,1,2,1,0,0,3,6,-9,13.2,1,2015-16
22015,203901,Elfrid Payton,1610612753,ORL,Orlando Magic,0021500620,2016-01-18,ORL @ ATL,L,27,7,14,0.5,2,2,1.0,0,3,0.0,0,2,2,5,1,0,5,0,16,-14,23.9,1,2015-16
22015,203924,Jerami Grant,1610612755,PHI,Philadelphia 76ers,0021500615,2016-01-18,PHI @ NYK,L,15,2,3,0.667,1,1,1.0,4,5,0.8,0,1,1,1,1,0,1,5,9,0,13.7,1,2015-16
22015,1626158,Richaun Holmes,1610612755,PHI,Philadelphia 76ers,0021500615,2016-01-18,PHI @ NYK,L,13,1,1,1.0,0,0,,0,0,,0,3,3,0,0,0,1,2,2,-5,4.6,1,2015-16
22015,201945,Gerald Henderson,1610612757,POR,Portland Trail Blazers,0021500617,2016-01-18,POR @ WAS,W,20,3,5,0.6,1,2,0.5,0,1,0.0,1,2,3,0,0,0,2,2,7,-1,8.6,1,2015-16
22015,203086,Meyers Leonard,1610612757,POR,Portland Trail Blazers,0021500617,2016-01-18,POR @ WAS,W,24,7,10,0.7,4,7,0.571,0,0,,0,4,4,2,0,0,2,2,18,-5,23.8,1,2015-16
22015,203090,Maurice Harkless,1610612757,POR,Portland Trail Blazers,0021500617,2016-01-18,POR @ WAS,W,5,1,1,1.0,0,0,,0,0,,1,0,1,0,0,0,0,1,2,-8,3.2,1,2015-16
22015,204025,Tim Frazier,1610612757,POR,Portland Trail Blazers,0021500617,2016-01-18,POR @ WAS,W,2,0,0,,0,0,,0,0,,0,0,0,0,0,0,0,0,0,-3,0.0,1,2015-16
22015,201942,DeMar DeRozan,1610612761,TOR,Toronto Raptors,0021500621,2016-01-18,TOR vs. BKN,W,34,12,25,0.48,0,2,0.0,6,8,0.75,2,2,4,5,2,0,0,2,30,-5,48.3,1,2015-16
22015,202709,Cory Joseph,1610612761,TOR,Toronto Raptors,0021500621,2016-01-18,TOR vs. BKN,W,27,1,4,0.25,0,0,,0,0,,0,2,2,6,1,0,2,1,2,9,14.4,1,2015-16
22015,203082,Terrence Ross,1610612761,TOR,Toronto Raptors,0021500621,2016-01-18,TOR vs. BKN,W,24,5,5,1.0,2,2,1.0,0,0,,0,1,1,1,1,0,0,0,12,18,17.7,1,2015-16
22015,203512,Lucas Nogueira,1610612761,TOR,Toronto Raptors,0021500621,2016-01-18,TOR vs. BKN,W,1,0,0,,0,0,,0,0,,0,1,1,0,0,0,0,0,0,0,1.2,1,2015-16
22015,202344,Trevor Booker,1610612762,UTA,Utah Jazz,0021500616,2016-01-18,UTA @ CHA,L,33,5,11,0.455,0,3,0.0,2,2,1.0,4,4,8,1,1,1,2,5,12,-3,27.1,1,2015-16
22015,1626168,Trey Lyles,1610612762,UTA,Utah Jazz,0021500616,2016-01-18,UTA @ CHA,L,27,2,7,0.286,1,2,0.5,0,0,,3,5,8,2,0,2,1,1,5,0,22.6,1,2015-16
22015,2440,Matt Barnes,1610612763,MEM,Memphis Grizzlies,0021500618,2016-01-18,MEM vs. NOP,W,28,5,9,0.556,2,6,0.333,4,4,1.0,0,3,3,1,0,0,1,4,16,1,20.1,1,2015-16
22015,201162,Jared Dudley,1610612764,WAS,Washington Wizards,0021500617,2016-01-18,WAS vs. POR,L,37,4,8,0.5,2,4,0.5,0,2,0.0,0,1,1,4,1,0,0,3,10,-2,20.2,1,2015-16
22015,202694,Marcus Morris Sr.,1610612765,DET,Detroit Pistons,0021500619,2016-01-18,DET vs. CHI,L,38,8,16,0.5,0,6,0.0,2,2,1.0,3,3,6,0,1,0,2,2,18,2,26.2,1,2015-16
22015,202704,Reggie Jackson,1610612765,DET,Detroit Pistons,0021500619,2016-01-18,DET vs. CHI,L,32,8,20,0.4,1,5,0.2,2,3,0.667,3,0,3,6,1,0,1,0,19,7,33.6,1,2015-16
22015,101107,Marvin Williams,1610612766,CHA,Charlotte Hornets,0021500616,2016-01-18,CHA vs. UTA,W,44,5,8,0.625,3,4,0.75,6,6,1.0,0,7,7,1,1,0,2,3,19,5,29.9,1,2015-16
22015,201150,Spencer Hawes,1610612766,CHA,Charlotte Hornets,0021500616,2016-01-18,CHA vs. UTA,W,16,0,1,0.0,0,1,0.0,0,0,,0,0,0,1,0,1,0,0,0,-6,4.5,1,2015-16
22015,201143,Al Horford,1610612737,ATL,Atlanta Hawks,0021500620,2016-01-18,ATL vs. ORL,W,27,7,10,0.7,1,2,0.5,0,0,,1,6,7,2,1,2,0,2,15,17,35.4,1,2015-16
22015,201952,Jeff Teague,1610612737,ATL,Atlanta Hawks,0021500620,2016-01-18,ATL vs. ORL,W,24,5,10,0.5,3,3,1.0,1,1,1.0,0,4,4,2,1,0,3,3,14,11,21.8,1,2015-16
22015,203118,Mike Scott,1610612737,ATL,Atlanta Hawks,0021500620,2016-01-18,ATL vs. ORL,W,18,5,6,0.833,2,2,1.0,0,0,,0,1,1,2,1,0,2,3,12,5,17.2,1,2015-16
22015,202340,Avery Bradley,1610612738,BOS,Boston Celtics,0021500623,2016-01-18,BOS @ DAL,L,43,6,16,0.375,4,8,0.5,3,4,0.75,0,8,8,5,1,0,0,3,19,-5,39.1,1,2015-16
22015,203521,Matthew Dellavedova,1610612739,CLE,Cleveland Cavaliers,0021500622,2016-01-18,CLE vs. GSW,L,28,4,8,0.5,3,4,0.75,0,0,,0,1,1,6,0,0,1,0,11,-13,20.2,1,2015-16
22015,201950,Jrue Holiday,1610612740,NOP,New Orleans Pelicans,0021500618,2016-01-18,NOP @ MEM,L,29,9,13,0.692,1,2,0.5,4,4,1.0,0,2,2,9,0,0,3,2,23,4,35.9,1,2015-16
22015,202708,Norris Cole,1610612740,NOP,New Orleans Pelicans,0021500618,2016-01-18,NOP @ MEM,L,30,5,12,0.417,0,3,0.0,0,0,,0,1,1,4,2,0,4,0,10,-2,19.2,1,2015-16
22015,2585,Zaza Pachulia,1610612742,DAL,Dallas Mavericks,0021500623,2016-01-18,DAL vs. BOS,W,36,1,4,0.25,0,1,0.0,3,4,0.75,7,12,19,2,0,0,1,4,5,17,29.8,1,2015-16
22015,201578,Marreese Speights,1610612744,GSW,Golden State Warriors,0021500622,2016-01-18,GSW @ CLE,W,9,1,4,0.25,0,0,,2,2,1.0,0,1,1,0,0,0,0,0,4,-9,5.2,1,2015-16
22015,1718,Paul Pierce,1610612746,LAC,LA Clippers,0021500624,2016-01-18,LAC vs. HOU,W,26,4,9,0.444,3,5,0.6,1,3,0.333,0,5,5,1,0,1,0,4,12,15,22.5,1,2015-16
22015,201601,Luc Mbah a Moute,1610612746,LAC,LA Clippers,0021500624,2016-01-18,LAC vs. HOU,W,21,2,2,1.0,0,0,,1,2,0.5,0,2,2,2,1,0,0,5,5,0,13.4,1,2015-16
22015,202325,Wesley Johnson,1610612746,LAC,LA Clippers,0021500624,2016-01-18,LAC vs. HOU,W,21,4,12,0.333,3,7,0.429,0,0,,2,4,6,4,0,1,2,2,11,8,25.2,1,2015-16
22015,202332,Cole Aldrich,1610612746,LAC,LA Clippers,0021500624,2016-01-18,LAC vs. HOU,W,11,3,5,0.6,0,0,,2,2,1.0,3,1,4,1,1,1,0,4,8,2,20.3,1,2015-16
22015,202388,Donald Sloan,1610612751,BKN,Brooklyn Nets,0021500621,2016-01-18,BKN @ TOR,L,34,4,10,0.4,1,4,0.25,4,4,1.0,0,8,8,6,0,0,2,3,13,-6,29.6,1,2015-16
22015,203900,Markel Brown,1610612751,BKN,Brooklyn Nets,0021500621,2016-01-18,BKN @ TOR,L,6,0,1,0.0,0,1,0.0,2,2,1.0,0,0,0,0,0,0,0,1,2,-7,2.0,1,2015-16
22015,201577,Robin Lopez,1610612752,NYK,New York Knicks,0021500615,2016-01-18,NYK vs. PHI,W,33,6,11,0.545,0,0,,4,4,1.0,2,8,10,2,0,2,2,2,16,5,35.0,1,2015-16
22015,202498,Lance Thomas,1610612752,NYK,New York Knicks,0021500615,2016-01-18,NYK vs. PHI,W,31,4,7,0.571,0,0,,4,5,0.8,1,3,4,2,0,1,2,1,12,-9,20.8,1,2015-16
22015,1626170,Jerian Grant,1610612752,NYK,New York Knicks,0021500615,2016-01-18,NYK vs. PHI,W,7,0,1,0.0,0,0,,0,0,,0,0,0,0,0,0,0,0,0,1,0.0,1,2015-16
22015,203894,Shabazz Napier,1610612753,ORL,Orlando Magic,0021500620,2016-01-18,ORL @ ATL,L,12,2,4,0.5,1,3,0.333,0,0,,0,0,0,2,0,0,0,0,5,-4,8.0,1,2015-16
22015,203951,Keith Appling,1610612753,ORL,Orlando Magic,0021500620,2016-01-18,ORL @ ATL,L,9,1,3,0.333,0,1,0.0,0,0,,0,0,0,0,1,0,1,0,2,1,4.0,1,2015-16
22015,203138,Hollis Thompson,1610612755,PHI,Philadelphia 76ers,0021500615,2016-01-18,PHI @ NYK,L,41,4,9,0.444,3,6,0.5,0,3,0.0,1,3,4,0,0,0,1,4,11,3,14.8,1,2015-16
22015,203468,CJ McCollum,1610612757,POR,Portland Trail Blazers,0021500617,2016-01-18,POR @ WAS,W,34,9,16,0.563,6,10,0.6,1,1,1.0,0,2,2,2,0,0,2,2,25,19,28.4,1,2015-16
22015,203943,Noah Vonleh,1610612757,POR,Portland Trail Blazers,0021500617,2016-01-18,POR @ WAS,W,17,1,3,0.333,0,0,,0,0,,0,9,9,1,0,0,1,2,2,25,13.3,1,2015-16
22015,1626192,Pat Connaughton,1610612757,POR,Portland Trail Blazers,0021500617,2016-01-18,POR @ WAS,W,2,0,1,0.0,0,0,,0,0,,0,0,0,0,0,0,0,0,0,-3,0.0,1,2015-16
22015,202330,Gordon Hayward,1610612762,UTA,Utah Jazz,0021500616,2016-01-18,UTA @ CHA,L,48,12,24,0.5,6,12,0.5,6,6,1.0,1,4,5,9,2,1,4,3,36,-5,60.5,1,2015-16
22015,204060,Joe Ingles,1610612762,UTA,Utah Jazz,0021500616,2016-01-18,UTA @ CHA,L,14,1,2,0.5,1,2,0.5,0,0,,1,0,1,1,1,0,1,2,3,0,7.7,1,2015-16
22015,2754,Tony Allen,1610612763,MEM,Memphis Grizzlies,0021500618,2016-01-18,MEM vs. NOP,W,24,2,5,0.4,0,0,,2,2,1.0,2,3,5,1,2,0,1,4,6,-9,18.5,1,2015-16
22015,101162,Marcin Gortat,1610612764,WAS,Washington Wizards,0021500617,2016-01-18,WAS vs. POR,L,37,7,10,0.7,0,0,,2,3,0.667,3,10,13,0,0,2,2,3,16,-9,35.6,1,2015-16
22015,202390,Gary Neal,1610612764,WAS,Washington Wizards,0021500617,2016-01-18,WAS vs. POR,L,22,5,9,0.556,0,0,,1,1,1.0,0,4,4,1,0,0,1,1,11,1,16.3,1,2015-16
22015,101141,Ersan Ilyasova,1610612765,DET,Detroit Pistons,0021500619,2016-01-18,DET vs. CHI,L,35,8,16,0.5,3,8,0.375,0,0,,3,8,11,1,1,1,0,2,19,0,39.7,1,2015-16
22015,203382,Aron Baynes,1610612765,DET,Detroit Pistons,0021500619,2016-01-18,DET vs. CHI,L,14,4,6,0.667,0,0,,0,0,,0,0,0,0,0,0,0,2,8,-15,8.0,1,2015-16
22015,201168,Tiago Splitter,1610612737,ATL,Atlanta Hawks,0021500620,2016-01-18,ATL vs. ORL,W,17,5,7,0.714,0,0,,0,0,,1,3,4,1,0,1,1,2,10,8,18.3,1,2015-16
22015,202714,Shelvin Mack,1610612737,ATL,Atlanta Hawks,0021500620,2016-01-18,ATL vs. ORL,W,6,0,2,0.0,0,0,,0,0,,0,2,2,1,0,0,0,0,0,-5,3.9,1,2015-16
22015,203488,Mike Muscala,1610612737,ATL,Atlanta Hawks,0021500620,2016-01-18,ATL vs. ORL,W,6,1,2,0.5,0,0,,0,0,,0,2,2,1,0,0,0,0,2,-5,5.9,1,2015-16
22015,101161,Amir Johnson,1610612738,BOS,Boston Celtics,0021500623,2016-01-18,BOS @ DAL,L,14,1,1,1.0,1,1,1.0,0,0,,2,0,2,0,1,0,1,2,3,-19,7.4,1,2015-16
22015,202323,Evan Turner,1610612738,BOS,Boston Celtics,0021500623,2016-01-18,BOS @ DAL,L,26,2,4,0.5,0,1,0.0,0,0,,1,2,3,8,1,0,3,1,4,-1,19.6,1,2015-16
22015,203109,Jae Crowder,1610612738,BOS,Boston Celtics,0021500623,2016-01-18,BOS @ DAL,L,38,3,13,0.231,0,3,0.0,6,7,0.857,1,6,7,1,1,0,0,4,12,-10,24.9,1,2015-16
22015,203482,Kelly Olynyk,1610612738,BOS,Boston Celtics,0021500623,2016-01-18,BOS @ DAL,L,26,6,11,0.545,5,6,0.833,0,0,,2,3,5,0,1,2,2,4,17,27,30.0,1,2015-16
22015,202389,Timofey Mozgov,1610612739,CLE,Cleveland Cavaliers,0021500622,2016-01-18,CLE vs. GSW,L,15,3,6,0.5,0,0,,0,0,,1,2,3,0,0,1,1,5,6,-19,11.6,1,2015-16
22015,203076,Anthony Davis,1610612740,NOP,New Orleans Pelicans,0021500618,2016-01-18,NOP @ MEM,L,37,6,12,0.5,0,2,0.0,9,11,0.818,0,8,8,2,3,3,3,3,21,-4,48.6,1,2015-16
22015,203926,Doug McDermott,1610612741,CHI,Chicago Bulls,0021500619,2016-01-18,CHI @ DET,W,25,4,6,0.667,3,4,0.75,0,0,,0,2,2,0,1,0,1,2,11,16,15.4,1,2015-16
22015,1717,Dirk Nowitzki,1610612742,DAL,Dallas Mavericks,0021500623,2016-01-18,DAL vs. BOS,W,35,8,21,0.381,3,5,0.6,12,13,0.923,0,11,11,0,2,0,4,4,31,13,46.2,1,2015-16
22015,101109,Raymond Felton,1610612742,DAL,Dallas Mavericks,0021500623,2016-01-18,DAL vs. BOS,W,29,6,13,0.462,1,3,0.333,1,1,1.0,1,2,3,4,0,0,1,4,14,-9,22.6,1,2015-16
22015,203939,Dwight Powell,1610612742,DAL,Dallas Mavericks,0021500623,2016-01-18,DAL vs. BOS,W,17,2,4,0.5,0,0,,0,0,,0,4,4,1,1,1,1,1,4,-12,15.3,1,2015-16
22015,2733,Shaun Livingston,1610612744,GSW,Golden State Warriors,0021500622,2016-01-18,GSW @ CLE,W,15,2,2,1.0,0,0,,0,0,,0,1,1,4,1,0,0,1,4,7,14.2,1,2015-16
22015,101106,Andrew Bogut,1610612744,GSW,Golden State Warriors,0021500622,2016-01-18,GSW @ CLE,W,15,2,4,0.5,0,0,,0,2,0.0,0,6,6,0,0,0,0,3,4,16,11.2,1,2015-16
22015,201939,Stephen Curry,1610612744,GSW,Golden State Warriors,0021500622,2016-01-18,GSW @ CLE,W,28,12,18,0.667,7,12,0.583,4,4,1.0,2,3,5,4,3,0,1,3,35,34,55.0,1,2015-16
22015,203105,Festus Ezeli,1610612744,GSW,Golden State Warriors,0021500622,2016-01-18,GSW @ CLE,W,16,2,3,0.667,0,0,,0,0,,1,1,2,0,0,0,2,6,4,15,4.4,1,2015-16
22015,2730,Dwight Howard,1610612745,HOU,Houston Rockets,0021500624,2016-01-18,HOU @ LAC,L,45,11,16,0.688,0,0,,14,18,0.778,10,16,26,4,1,1,4,2,36,-5,75.2,1,2015-16
22015,201147,Corey Brewer,1610612745,HOU,Houston Rockets,0021500624,2016-01-18,HOU @ LAC,L,20,4,8,0.5,0,3,0.0,0,0,,1,3,4,3,2,0,0,4,8,3,23.3,1,2015-16
22015,201935,James Harden,1610612745,HOU,Houston Rockets,0021500624,2016-01-18,HOU @ LAC,L,40,5,12,0.417,2,7,0.286,8,13,0.615,0,3,3,8,0,0,3,4,20,-15,32.6,1,2015-16
22015,203093,Terrence Jones,1610612745,HOU,Houston Rockets,0021500624,2016-01-18,HOU @ LAC,L,20,4,10,0.4,0,2,0.0,2,7,0.286,3,5,8,1,0,2,3,2,10,-20,24.1,1,2015-16
22015,1626149,Montrezl Harrell,1610612745,HOU,Houston Rockets,0021500624,2016-01-18,HOU @ LAC,L,5,0,0,,0,0,,2,2,1.0,0,0,0,0,0,0,0,0,2,6,2.0,1,2015-16
22015,101108,Chris Paul,1610612746,LAC,LA Clippers,0021500624,2016-01-18,LAC vs. HOU,W,43,8,15,0.533,5,7,0.714,7,9,0.778,0,6,6,12,6,1,5,4,28,14,69.2,1,2015-16
22015,201572,Brook Lopez,1610612751,BKN,Brooklyn Nets,0021500621,2016-01-18,BKN @ TOR,L,38,13,22,0.591,0,0,,3,5,0.6,2,8,10,3,1,2,1,2,29,-9,53.5,1,2015-16
22015,203186,Willie Reed,1610612751,BKN,Brooklyn Nets,0021500621,2016-01-18,BKN @ TOR,L,10,1,2,0.5,0,0,,0,0,,0,1,1,0,0,0,0,2,2,-3,3.2,1,2015-16
22015,200811,Lou Amundson,1610612752,NYK,New York Knicks,0021500615,2016-01-18,NYK vs. PHI,W,3,0,0,,0,0,,2,2,1.0,0,1,1,0,0,0,0,1,2,1,3.2,1,2015-16
22015,202699,Tobias Harris,1610612753,ORL,Orlando Magic,0021500620,2016-01-18,ORL @ ATL,L,32,2,7,0.286,0,2,0.0,2,2,1.0,1,3,4,4,4,1,2,1,6,-7,29.8,1,2015-16
22015,203932,Aaron Gordon,1610612753,ORL,Orlando Magic,0021500620,2016-01-18,ORL @ ATL,L,27,5,9,0.556,1,2,0.5,7,8,0.875,1,6,7,3,0,1,0,0,18,-12,33.9,1,2015-16
22015,203960,JaKarr Sampson,1610612755,PHI,Philadelphia 76ers,0021500615,2016-01-18,PHI @ NYK,L,17,1,4,0.25,0,1,0.0,0,0,,1,1,2,0,1,0,0,1,2,-12,7.4,1,2015-16
22015,1626143,Jahlil Okafor,1610612755,PHI,Philadelphia 76ers,0021500615,2016-01-18,PHI @ NYK,L,26,10,17,0.588,0,0,,0,2,0.0,0,7,7,0,2,2,1,2,20,-7,39.4,1,2015-16
22015,202329,Al-Farouq Aminu,1610612757,POR,Portland Trail Blazers,0021500617,2016-01-18,POR @ WAS,W,25,3,8,0.375,2,4,0.5,0,0,,0,5,5,1,1,1,2,4,8,15,19.5,1,2015-16
22015,201949,James Johnson,1610612761,TOR,Toronto Raptors,0021500621,2016-01-18,TOR vs. BKN,W,19,3,7,0.429,2,3,0.667,0,0,,0,1,1,0,0,0,1,1,8,-8,8.2,1,2015-16
22015,202687,Bismack Biyombo,1610612761,TOR,Toronto Raptors,0021500621,2016-01-18,TOR vs. BKN,W,20,3,3,1.0,0,0,,1,2,0.5,0,5,5,0,0,2,1,4,7,12,18.0,1,2015-16
22015,201596,Mario Chalmers,1610612763,MEM,Memphis Grizzlies,0021500618,2016-01-18,MEM vs. NOP,W,21,0,1,0.0,0,0,,3,4,0.75,0,1,1,5,0,0,3,3,3,-17,8.7,1,2015-16
22015,204067,Jarell Eddie,1610612764,WAS,Washington Wizards,0021500617,2016-01-18,WAS vs. POR,L,2,0,2,0.0,0,2,0.0,0,0,,0,0,0,0,0,0,0,0,0,7,0.0,1,2015-16
22015,201587,Nicolas Batum,1610612766,CHA,Charlotte Hornets,0021500616,2016-01-18,CHA vs. UTA,W,47,4,13,0.308,2,5,0.4,0,0,,1,8,9,4,1,0,5,3,10,8,24.8,1,2015-16
22015,202689,Kemba Walker,1610612766,CHA,Charlotte Hornets,0021500616,2016-01-18,CHA vs. UTA,W,47,16,33,0.485,6,11,0.545,14,15,0.933,1,8,9,8,2,0,3,3,52,4,77.8,1,2015-16
22015,1626163,Frank Kaminsky,1610612766,CHA,Charlotte Hornets,0021500616,2016-01-18,CHA vs. UTA,W,25,7,12,0.583,1,1,1.0,2,3,0.667,3,4,7,0,0,1,3,1,17,-5,25.4,1,2015-16
22015,2594,Kyle Korver,1610612737,ATL,Atlanta Hawks,0021500620,2016-01-18,ATL vs. ORL,W,21,2,5,0.4,1,3,0.333,0,0,,0,4,4,2,1,0,2,2,5,8,13.8,1,2015-16
22015,200757,Thabo Sefolosha,1610612737,ATL,Atlanta Hawks,0021500620,2016-01-18,ATL vs. ORL,W,27,4,8,0.5,0,2,0.0,2,2,1.0,0,4,4,3,3,0,1,3,10,17,27.3,1,2015-16
22015,203145,Kent Bazemore,1610612737,ATL,Atlanta Hawks,0021500620,2016-01-18,ATL vs. ORL,W,23,1,5,0.2,0,0,,0,0,,0,3,3,0,0,1,4,1,2,6,4.6,1,2015-16
22015,203096,Jared Sullinger,1610612738,BOS,Boston Celtics,0021500623,2016-01-18,BOS @ DAL,L,28,3,12,0.25,0,1,0.0,6,7,0.857,5,6,11,0,2,1,3,4,12,-9,31.2,1,2015-16
22015,203935,Marcus Smart,1610612738,BOS,Boston Celtics,0021500623,2016-01-18,BOS @ DAL,L,39,8,13,0.615,2,4,0.5,2,4,0.5,1,7,8,3,2,0,1,4,20,-3,39.1,1,2015-16
22015,201567,Kevin Love,1610612739,CLE,Cleveland Cavaliers,0021500622,2016-01-18,CLE vs. GSW,L,21,1,5,0.2,1,3,0.333,0,0,,1,5,6,2,0,1,1,1,3,-18,15.2,1,2015-16
22015,202697,Iman Shumpert,1610612739,CLE,Cleveland Cavaliers,0021500622,2016-01-18,CLE vs. GSW,L,29,4,6,0.667,0,1,0.0,2,3,0.667,0,2,2,0,0,0,3,6,10,-14,9.4,1,2015-16
22015,201569,Eric Gordon,1610612740,NOP,New Orleans Pelicans,0021500618,2016-01-18,NOP @ MEM,L,37,2,7,0.286,2,4,0.5,4,4,1.0,0,2,2,3,1,0,3,3,10,-1,16.9,1,2015-16
22015,203503,Tony Snell,1610612741,CHI,Chicago Bulls,0021500619,2016-01-18,CHI @ DET,W,16,1,4,0.25,1,3,0.333,0,0,,0,3,3,1,0,1,0,0,3,-10,11.1,1,2015-16
22015,1626171,Bobby Portis,1610612741,CHI,Chicago Bulls,0021500619,2016-01-18,CHI @ DET,W,3,0,1,0.0,0,1,0.0,0,0,,1,1,2,0,0,0,0,0,0,0,2.4,1,2015-16
22015,2571,Leandro Barbosa,1610612744,GSW,Golden State Warriors,0021500622,2016-01-18,GSW @ CLE,W,19,3,6,0.5,0,2,0.0,2,2,1.0,0,1,1,4,2,0,0,1,8,14,21.2,1,2015-16
22015,203084,Harrison Barnes,1610612744,GSW,Golden State Warriors,0021500622,2016-01-18,GSW @ CLE,W,27,4,8,0.5,2,5,0.4,2,2,1.0,0,2,2,0,0,0,2,1,12,18,12.4,1,2015-16
22015,203546,Ian Clark,1610612744,GSW,Golden State Warriors,0021500622,2016-01-18,GSW @ CLE,W,12,2,7,0.286,2,5,0.4,0,0,,0,2,2,2,0,0,0,0,6,-6,11.4,1,2015-16
22015,203143,Pablo Prigioni,1610612746,LAC,LA Clippers,0021500624,2016-01-18,LAC vs. HOU,W,10,0,2,0.0,0,1,0.0,0,0,,1,0,1,1,1,0,3,1,0,-6,2.7,1,2015-16
22015,2207,Joe Johnson,1610612751,BKN,Brooklyn Nets,0021500621,2016-01-18,BKN @ TOR,L,37,9,12,0.75,3,4,0.75,1,1,1.0,1,4,5,7,0,0,2,0,22,1,36.5,1,2015-16
22015,201152,Thaddeus Young,1610612751,BKN,Brooklyn Nets,0021500621,2016-01-18,BKN @ TOR,L,35,4,11,0.364,0,0,,3,3,1.0,2,7,9,2,0,1,3,3,11,0,24.8,1,2015-16
22015,203080,Thomas Robinson,1610612751,BKN,Brooklyn Nets,0021500621,2016-01-18,BKN @ TOR,L,12,0,1,0.0,0,0,,0,0,,2,3,5,0,0,1,0,0,0,-9,9.0,1,2015-16
22015,203499,Shane Larkin,1610612751,BKN,Brooklyn Nets,0021500621,2016-01-18,BKN @ TOR,L,21,4,6,0.667,0,0,,0,0,,0,0,0,3,2,0,3,1,8,-12,15.5,1,2015-16
22015,202682,Derrick Williams,1610612752,NYK,New York Knicks,0021500615,2016-01-18,NYK vs. PHI,W,15,2,4,0.5,0,1,0.0,3,3,1.0,0,2,2,1,0,0,1,1,7,-6,9.9,1,2015-16
22015,203124,Kyle O'Quinn,1610612752,NYK,New York Knicks,0021500615,2016-01-18,NYK vs. PHI,W,7,2,2,1.0,0,0,,0,0,,1,2,3,2,0,0,1,1,4,1,9.6,1,2015-16
22015,101112,Channing Frye,1610612753,ORL,Orlando Magic,0021500620,2016-01-18,ORL @ ATL,L,18,1,4,0.25,0,2,0.0,0,0,,1,3,4,1,1,2,0,2,2,-7,17.3,1,2015-16
22015,203496,Robert Covington,1610612755,PHI,Philadelphia 76ers,0021500615,2016-01-18,PHI @ NYK,L,46,3,9,0.333,3,7,0.429,2,3,0.667,0,5,5,1,1,2,3,4,11,-8,24.5,1,2015-16
22015,203081,Damian Lillard,1610612757,POR,Portland Trail Blazers,0021500617,2016-01-18,POR @ WAS,W,34,7,16,0.438,2,6,0.333,0,1,0.0,1,1,2,6,0,0,2,1,16,13,25.4,1,2015-16
22015,202335,Patrick Patterson,1610612761,TOR,Toronto Raptors,0021500621,2016-01-18,TOR vs. BKN,W,33,5,10,0.5,2,6,0.333,0,0,,0,4,4,2,0,1,1,0,12,14,21.8,1,2015-16
22015,1626181,Norman Powell,1610612761,TOR,Toronto Raptors,0021500621,2016-01-18,TOR vs. BKN,W,1,0,1,0.0,0,1,0.0,0,0,,0,0,0,0,0,0,0,0,0,0,0.0,1,2015-16
22015,201145,Jeff Green,1610612763,MEM,Memphis Grizzlies,0021500618,2016-01-18,MEM vs. NOP,W,27,5,12,0.417,1,3,0.333,5,6,0.833,2,4,6,2,2,1,1,1,16,2,34.2,1,2015-16
22015,203210,JaMychal Green,1610612763,MEM,Memphis Grizzlies,0021500618,2016-01-18,MEM vs. NOP,W,4,2,2,1.0,0,0,,1,1,1.0,0,0,0,0,0,1,0,0,5,5,8.0,1,2015-16
22015,201196,Ramon Sessions,1610612764,WAS,Washington Wizards,0021500617,2016-01-18,WAS vs. POR,L,22,3,5,0.6,0,1,0.0,4,4,1.0,1,2,3,3,0,0,1,1,10,2,17.1,1,2015-16
22015,202066,Garrett Temple,1610612764,WAS,Washington Wizards,0021500617,2016-01-18,WAS vs. POR,L,29,6,10,0.6,3,5,0.6,3,4,0.75,0,3,3,1,0,0,0,1,18,-13,23.1,1,2015-16
22015,202322,John Wall,1610612764,WAS,Washington Wizards,0021500617,2016-01-18,WAS vs. POR,L,36,4,17,0.235,1,3,0.333,0,0,,0,4,4,10,3,0,3,3,9,-9,34.8,1,2015-16
22015,1626162,Kelly Oubre Jr.,1610612764,WAS,Washington Wizards,0021500617,2016-01-18,WAS vs. POR,L,12,0,2,0.0,0,1,0.0,0,0,,0,2,2,0,0,0,0,1,0,-13,2.4,1,2015-16
22015,1626169,Stanley Johnson,1610612765,DET,Detroit Pistons,0021500619,2016-01-18,DET vs. CHI,L,22,2,7,0.286,0,2,0.0,4,4,1.0,3,1,4,1,1,0,4,2,8,-21,13.3,1,2015-16
22015,203469,Cody Zeller,1610612766,CHA,Charlotte Hornets,0021500616,2016-01-18,CHA vs. UTA,W,42,4,9,0.444,0,0,,6,8,0.75,1,5,6,1,0,1,1,5,14,5,24.7,1,2015-16
22015,203798,PJ Hairston,1610612766,CHA,Charlotte Hornets,0021500616,2016-01-18,CHA vs. UTA,W,19,0,2,0.0,0,1,0.0,0,0,,0,6,6,0,0,1,0,2,0,10,10.2,1,2015-16
22015,203471,Dennis Schröder,1610612737,ATL,Atlanta Hawks,0021500620,2016-01-18,ATL vs. ORL,W,18,3,8,0.375,0,2,0.0,0,0,,0,2,2,8,0,0,3,1,6,11,17.4,1,2015-16
22015,203501,Tim Hardaway Jr.,1610612737,ATL,Atlanta Hawks,0021500620,2016-01-18,ATL vs. ORL,W,19,2,5,0.4,2,3,0.667,2,2,1.0,0,1,1,3,1,0,0,0,8,10,16.7,1,2015-16
22015,2210,Richard Jefferson,1610612739,CLE,Cleveland Cavaliers,0021500622,2016-01-18,CLE vs. GSW,L,18,1,1,1.0,1,1,1.0,3,4,0.75,0,3,3,0,0,1,1,1,6,-8,11.6,1,2015-16
22015,2747,JR Smith,1610612739,CLE,Cleveland Cavaliers,0021500622,2016-01-18,CLE vs. GSW,L,21,6,9,0.667,0,0,,2,6,0.333,1,1,2,1,1,0,1,1,14,-31,19.9,1,2015-16
22015,2760,Anderson Varejao,1610612739,CLE,Cleveland Cavaliers,0021500622,2016-01-18,CLE vs. GSW,L,17,2,4,0.5,0,0,,1,2,0.5,0,4,4,3,1,0,1,1,5,4,16.3,1,2015-16
22015,202681,Kyrie Irving,1610612739,CLE,Cleveland Cavaliers,0021500622,2016-01-18,CLE vs. GSW,L,23,3,11,0.273,1,3,0.333,1,1,1.0,2,3,5,3,0,0,2,0,8,-21,16.5,1,2015-16
22015,201600,Omer Asik,1610612740,NOP,New Orleans Pelicans,0021500618,2016-01-18,NOP @ MEM,L,20,4,4,1.0,0,0,,0,0,,2,4,6,0,0,0,0,2,8,-1,15.2,1,2015-16
22015,201565,Derrick Rose,1610612741,CHI,Chicago Bulls,0021500619,2016-01-18,CHI @ DET,W,27,9,17,0.529,1,2,0.5,1,1,1.0,0,1,1,4,0,0,1,0,20,-8,26.2,1,2015-16
22015,201959,Taj Gibson,1610612741,CHI,Chicago Bulls,0021500619,2016-01-18,CHI @ DET,W,36,4,9,0.444,0,0,,0,0,,2,8,10,0,0,2,0,3,8,10,26.0,1,2015-16
22015,202703,Nikola Mirotic,1610612741,CHI,Chicago Bulls,0021500619,2016-01-18,CHI @ DET,W,21,3,6,0.5,2,2,1.0,2,4,0.5,1,2,3,1,0,0,2,0,10,10,13.1,1,2015-16
22015,101114,Deron Williams,1610612742,DAL,Dallas Mavericks,0021500623,2016-01-18,DAL vs. BOS,W,37,7,17,0.412,2,5,0.4,4,4,1.0,1,4,5,6,0,1,3,1,20,18,35.0,1,2015-16
22015,201574,Jason Thompson,1610612744,GSW,Golden State Warriors,0021500622,2016-01-18,GSW @ CLE,W,7,0,1,0.0,0,0,,1,2,0.5,0,3,3,1,0,0,0,3,1,-3,6.1,1,2015-16
22015,201575,Brandon Rush,1610612744,GSW,Golden State Warriors,0021500622,2016-01-18,GSW @ CLE,W,10,1,3,0.333,1,2,0.5,0,0,,0,3,3,1,0,0,0,1,3,-9,8.1,1,2015-16
22015,203909,KJ McDaniels,1610612745,HOU,Houston Rockets,0021500624,2016-01-18,HOU @ LAC,L,0,0,0,,0,0,,0,0,,0,0,0,0,0,0,0,0,0,0,0.0,1,2015-16
22015,2037,Jamal Crawford,1610612746,LAC,LA Clippers,0021500624,2016-01-18,LAC vs. HOU,W,36,8,15,0.533,1,3,0.333,0,0,,0,0,0,5,1,0,0,0,17,0,27.5,1,2015-16
22015,201961,Wayne Ellington,1610612751,BKN,Brooklyn Nets,0021500621,2016-01-18,BKN @ TOR,L,24,1,5,0.2,0,2,0.0,2,2,1.0,0,0,0,2,0,0,0,3,4,-1,7.0,1,2015-16
22015,2546,Carmelo Anthony,1610612752,NYK,New York Knicks,0021500615,2016-01-18,NYK vs. PHI,W,49,7,28,0.25,2,6,0.333,3,7,0.429,0,7,7,7,1,0,3,2,19,12,37.9,1,2015-16
22015,2756,Sasha Vujacic,1610612752,NYK,New York Knicks,0021500615,2016-01-18,NYK vs. PHI,W,6,1,4,0.25,0,1,0.0,0,0,,0,1,1,0,0,0,0,1,2,-2,3.2,1,2015-16
22015,201167,Arron Afflalo,1610612752,NYK,New York Knicks,0021500615,2016-01-18,NYK vs. PHI,W,45,8,17,0.471,2,4,0.5,7,7,1.0,2,5,7,0,1,0,1,3,25,5,35.4,1,2015-16
22015,201160,Jason Smith,1610612753,ORL,Orlando Magic,0021500620,2016-01-18,ORL @ ATL,L,18,1,5,0.2,0,0,,0,0,,0,3,3,0,1,0,0,1,2,-5,8.6,1,2015-16
22015,202696,Nikola Vučević,1610612753,ORL,Orlando Magic,0021500620,2016-01-18,ORL @ ATL,L,27,4,10,0.4,0,0,,2,3,0.667,4,7,11,1,1,1,2,1,10,-14,28.7,1,2015-16
22015,203473,Dewayne Dedmon,1610612753,ORL,Orlando Magic,0021500620,2016-01-18,ORL @ ATL,L,11,2,2,1.0,0,0,,0,0,,2,5,7,0,1,0,1,1,4,-3,14.4,1,2015-16
22015,203906,Devyn Marble,1610612753,ORL,Orlando Magic,0021500620,2016-01-18,ORL @ ATL,L,4,0,1,0.0,0,0,,0,0,,1,0,1,0,0,0,0,0,0,2,1.2,1,2015-16
22015,1626209,Mario Hezonja,1610612753,ORL,Orlando Magic,0021500620,2016-01-18,ORL @ ATL,L,24,3,14,0.214,0,5,0.0,4,4,1.0,0,0,0,2,0,0,1,2,10,-8,12.0,1,2015-16
22015,201171,Carl Landry,1610612755,PHI,Philadelphia 76ers,0021500615,2016-01-18,PHI @ NYK,L,4,1,2,0.5,0,0,,0,0,,0,2,2,0,0,0,1,0,2,-3,3.4,1,2015-16
22015,202397,Ish Smith,1610612755,PHI,Philadelphia 76ers,0021500615,2016-01-18,PHI @ NYK,L,44,8,28,0.286,0,6,0.0,0,2,0.0,0,7,7,16,2,0,4,0,16,-2,50.4,1,2015-16
22015,203457,Nerlens Noel,1610612755,PHI,Philadelphia 76ers,0021500615,2016-01-18,PHI @ NYK,L,47,8,14,0.571,0,0,,2,4,0.5,3,10,13,1,2,3,0,4,18,-3,50.1,1,2015-16
22015,203477,Isaiah Canaan,1610612755,PHI,Philadelphia 76ers,0021500615,2016-01-18,PHI @ NYK,L,24,4,8,0.5,3,5,0.6,5,6,0.833,1,4,5,1,0,0,1,3,16,8,22.5,1,2015-16
22015,204456,T.J. McConnell,1610612755,PHI,Philadelphia 76ers,0021500615,2016-01-18,PHI @ NYK,L,14,3,7,0.429,0,2,0.0,0,0,,1,1,2,7,0,0,0,0,6,-1,18.9,1,2015-16
22015,202334,Ed Davis,1610612757,POR,Portland Trail Blazers,0021500617,2016-01-18,POR @ WAS,W,23,1,4,0.25,0,0,,4,7,0.571,2,5,7,3,1,0,1,1,6,-2,20.9,1,2015-16
22015,203486,Mason Plumlee,1610612757,POR,Portland Trail Blazers,0021500617,2016-01-18,POR @ WAS,W,24,5,11,0.455,0,0,,0,1,0.0,4,7,11,7,1,1,2,3,10,12,37.7,1,2015-16
22015,2449,Luis Scola,1610612761,TOR,Toronto Raptors,0021500621,2016-01-18,TOR vs. BKN,W,15,1,6,0.167,0,1,0.0,2,2,1.0,1,3,4,0,0,0,0,4,4,-2,8.8,1,2015-16
22015,202685,Jonas Valančiūnas,1610612761,TOR,Toronto Raptors,0021500621,2016-01-18,TOR vs. BKN,W,27,3,11,0.273,0,0,,0,0,,5,7,12,2,1,1,1,3,6,0,28.4,1,2015-16
22015,203481,Jeff Withey,1610612762,UTA,Utah Jazz,0021500616,2016-01-18,UTA @ CHA,L,10,1,1,1.0,0,0,,0,0,,0,1,1,0,0,1,0,1,2,-9,6.2,1,2015-16
22015,203497,Rudy Gobert,1610612762,UTA,Utah Jazz,0021500616,2016-01-18,UTA @ CHA,L,43,6,7,0.857,0,0,,2,5,0.4,3,11,14,5,1,2,1,5,14,-5,46.3,1,2015-16
22015,203504,Trey Burke,1610612762,UTA,Utah Jazz,0021500616,2016-01-18,UTA @ CHA,L,37,10,23,0.435,3,9,0.333,2,3,0.667,0,3,3,2,1,0,0,3,25,-3,34.6,1,2015-16
22015,203526,Raul Neto,1610612762,UTA,Utah Jazz,0021500616,2016-01-18,UTA @ CHA,L,22,2,8,0.25,2,6,0.333,2,2,1.0,0,0,0,3,0,0,0,1,8,4,12.5,1,2015-16
22015,203918,Rodney Hood,1610612762,UTA,Utah Jazz,0021500616,2016-01-18,UTA @ CHA,L,39,4,17,0.235,2,10,0.2,1,1,1.0,2,4,6,4,0,0,1,5,11,-3,23.2,1,2015-16
22015,1713,Vince Carter,1610612763,MEM,Memphis Grizzlies,0021500618,2016-01-18,MEM vs. NOP,W,13,0,1,0.0,0,1,0.0,0,0,,0,2,2,0,0,0,0,0,0,4,2.4,1,2015-16
22015,2216,Zach Randolph,1610612763,MEM,Memphis Grizzlies,0021500618,2016-01-18,MEM vs. NOP,W,24,3,9,0.333,0,0,,2,2,1.0,3,5,8,1,2,0,0,3,8,-6,25.1,1,2015-16
22015,201188,Marc Gasol,1610612763,MEM,Memphis Grizzlies,0021500618,2016-01-18,MEM vs. NOP,W,39,6,13,0.462,0,0,,4,8,0.5,4,6,10,6,2,1,4,4,16,4,42.0,1,2015-16
22015,201584,Courtney Lee,1610612763,MEM,Memphis Grizzlies,0021500618,2016-01-18,MEM vs. NOP,W,33,6,11,0.545,2,4,0.5,2,3,0.667,0,4,4,1,1,0,0,2,16,7,25.3,1,2015-16
22015,2403,Nene,1610612764,WAS,Washington Wizards,0021500617,2016-01-18,WAS vs. POR,L,17,4,6,0.667,0,0,,0,0,,0,3,3,1,1,1,2,2,8,-14,17.1,1,2015-16
22015,201971,DeJuan Blair,1610612764,WAS,Washington Wizards,0021500617,2016-01-18,WAS vs. POR,L,2,0,0,,0,0,,0,0,,0,1,1,0,0,0,0,0,0,3,1.2,1,2015-16
22015,203078,Bradley Beal,1610612764,WAS,Washington Wizards,0021500617,2016-01-18,WAS vs. POR,L,24,4,8,0.5,3,5,0.6,5,6,0.833,0,1,1,5,1,0,0,1,16,-3,27.7,1,2015-16
22015,201229,Anthony Tolliver,1610612765,DET,Detroit Pistons,0021500619,2016-01-18,DET vs. CHI,L,13,0,2,0.0,0,2,0.0,0,0,,1,1,2,4,1,0,0,1,0,-10,11.4,1,2015-16
22015,201943,Brandon Jennings,1610612765,DET,Detroit Pistons,0021500619,2016-01-18,DET vs. CHI,L,16,1,6,0.167,0,2,0.0,0,0,,1,2,3,2,0,0,1,0,2,-17,7.6,1,2015-16
22015,203083,Andre Drummond,1610612765,DET,Detroit Pistons,0021500619,2016-01-18,DET vs. CHI,L,34,5,9,0.556,0,0,,3,10,0.3,6,10,16,2,1,1,2,5,13,5,39.2,1,2015-16
22015,203484,Kentavious Caldwell-Pope,1610612765,DET,Detroit Pistons,0021500619,2016-01-18,DET vs. CHI,L,33,6,13,0.462,1,1,1.0,1,1,1.0,0,5,5,2,2,0,1,2,14,1,28.0,1,2015-16
22015,1626199,Darrun Hilliard,1610612765,DET,Detroit Pistons,0021500619,2016-01-18,DET vs. CHI,L,3,0,0,,0,0,,0,0,,0,0,0,0,0,0,0,0,0,-2,0.0,1,2015-16
22015,202391,Jeremy Lin,1610612766,CHA,Charlotte Hornets,0021500616,2016-01-18,CHA vs. UTA,W,37,4,6,0.667,1,1,1.0,0,0,,1,5,6,5,1,0,1,0,9,3,25.7,1,2015-16
22015,202738,Isaiah Thomas,1610612738,BOS,Boston Celtics,0021500623,2016-01-18,BOS @ DAL,L,38,8,19,0.421,0,4,0.0,4,4,1.0,1,3,4,7,0,0,2,4,20,-2,33.3,1,2015-16
22015,2544,LeBron James,1610612739,CLE,Cleveland Cavaliers,0021500622,2016-01-18,CLE vs. GSW,L,33,7,16,0.438,0,3,0.0,2,2,1.0,1,4,5,5,1,1,3,1,16,-34,32.5,1,2015-16
22015,203099,Jared Cunningham,1610612739,CLE,Cleveland Cavaliers,0021500622,2016-01-18,CLE vs. GSW,L,12,3,5,0.6,0,1,0.0,3,4,0.75,1,2,3,1,0,0,0,1,9,3,14.1,1,2015-16
22015,201166,Aaron Brooks,1610612741,CHI,Chicago Bulls,0021500619,2016-01-18,CHI @ DET,W,21,3,7,0.429,0,1,0.0,0,0,,0,2,2,10,1,0,1,4,6,18,25.4,1,2015-16
22015,2734,Devin Harris,1610612742,DAL,Dallas Mavericks,0021500623,2016-01-18,DAL vs. BOS,W,21,3,5,0.6,3,4,0.75,0,0,,0,1,1,2,0,0,0,4,9,-15,13.2,1,2015-16
22015,1891,Jason Terry,1610612745,HOU,Houston Rockets,0021500624,2016-01-18,HOU @ LAC,L,19,2,5,0.4,2,5,0.4,1,2,0.5,0,1,1,1,0,1,1,2,7,4,11.7,1,2015-16
22015,203991,Clint Capela,1610612745,HOU,Houston Rockets,0021500624,2016-01-18,HOU @ LAC,L,17,3,7,0.429,0,0,,1,4,0.25,0,3,3,0,0,1,0,3,7,-5,13.6,1,2015-16
22015,101181,Jose Calderon,1610612752,NYK,New York Knicks,0021500615,2016-01-18,NYK vs. PHI,W,35,2,8,0.25,2,4,0.5,2,2,1.0,2,1,3,5,3,1,2,3,8,5,29.1,1,2015-16
22015,204001,Kristaps Porziņģis,1610612752,NYK,New York Knicks,0021500615,2016-01-18,NYK vs. PHI,W,34,7,11,0.636,2,4,0.5,0,0,,2,10,12,4,1,3,1,1,16,12,47.4,1,2015-16
22015,203459,Allen Crabbe,1610612757,POR,Portland Trail Blazers,0021500617,2016-01-18,POR @ WAS,W,31,6,9,0.667,2,2,1.0,0,0,,0,4,4,3,2,0,1,6,14,-12,28.3,1,2015-16
22015,200768,Kyle Lowry,1610612761,TOR,Toronto Raptors,0021500621,2016-01-18,TOR vs. BKN,W,40,10,13,0.769,7,9,0.778,4,6,0.667,0,2,2,8,3,0,1,2,31,22,53.4,1,2015-16
22015,203187,Chris Johnson,1610612762,UTA,Utah Jazz,0021500616,2016-01-18,UTA @ CHA,L,17,1,4,0.25,0,1,0.0,1,1,1.0,1,2,3,0,0,0,0,2,3,-1,6.6,1,2015-16
22015,201144,Mike Conley,1610612763,MEM,Memphis Grizzlies,0021500618,2016-01-18,MEM vs. NOP,W,27,6,12,0.5,3,5,0.6,0,0,,0,1,1,10,0,0,0,4,15,19,31.2,1,2015-16
22015,203584,Troy Daniels,1610612766,CHA,Charlotte Hornets,0021500616,2016-01-18,CHA vs. UTA,W,14,1,4,0.25,1,3,0.333,0,0,,0,0,0,0,1,0,1,1,3,1,5.0,1,2015-16
22015,203115,Will Barton,1610612743,DEN,Denver Nuggets,0021500627,2016-01-19,DEN vs. OKC,L,19,1,6,0.167,0,0,,4,4,1.0,1,2,3,2,0,1,2,1,6,-12,13.6,1,2015-16
22015,1626144,Emmanuel Mudiay,1610612743,DEN,Denver Nuggets,0021500627,2016-01-19,DEN vs. OKC,L,33,5,14,0.357,0,1,0.0,3,7,0.429,0,3,3,9,0,0,3,2,13,-1,27.1,1,2015-16
22015,2736,Luol Deng,1610612748,MIA,Miami Heat,0021500625,2016-01-19,MIA vs. MIL,L,34,4,10,0.4,1,2,0.5,2,2,1.0,1,3,4,2,0,0,1,1,11,-18,17.8,1,2015-16
22015,203953,Jabari Parker,1610612749,MIL,Milwaukee Bucks,0021500625,2016-01-19,MIL @ MIA,W,36,4,7,0.571,0,0,,1,2,0.5,0,2,2,3,1,0,2,1,9,16,16.9,1,2015-16
22015,708,Kevin Garnett,1610612750,MIN,Minnesota Timberwolves,0021500626,2016-01-19,MIN @ NOP,L,16,1,2,0.5,0,0,,1,2,0.5,0,1,1,3,0,1,0,3,3,0,11.7,1,2015-16
22015,201937,Ricky Rubio,1610612750,MIN,Minnesota Timberwolves,0021500626,2016-01-19,MIN @ NOP,L,30,5,7,0.714,1,2,0.5,4,4,1.0,0,1,1,4,1,0,2,3,15,-3,23.2,1,2015-16
22015,202357,Nemanja Bjelica,1610612750,MIN,Minnesota Timberwolves,0021500626,2016-01-19,MIN @ NOP,L,16,2,6,0.333,0,2,0.0,0,0,,2,2,4,1,2,1,2,5,4,-16,17.3,1,2015-16
22015,201978,Chase Budinger,1610612754,IND,Indiana Pacers,0021500628,2016-01-19,IND @ PHX,W,14,0,3,0.0,0,1,0.0,2,4,0.5,2,4,6,0,0,0,1,1,2,3,8.2,1,2015-16
22015,202688,Brandon Knight,1610612756,PHX,Phoenix Suns,0021500628,2016-01-19,PHX vs. IND,L,41,8,22,0.364,2,9,0.222,3,3,1.0,2,6,8,4,1,0,8,4,21,3,31.6,1,2015-16
22015,203458,Alex Len,1610612756,PHX,Phoenix Suns,0021500628,2016-01-19,PHX vs. IND,L,21,2,6,0.333,0,1,0.0,2,2,1.0,4,8,12,1,0,0,1,5,6,5,20.9,1,2015-16
22015,203462,Archie Goodwin,1610612756,PHX,Phoenix Suns,0021500628,2016-01-19,PHX vs. IND,L,20,2,7,0.286,0,2,0.0,4,4,1.0,0,2,2,0,1,1,3,3,8,12,13.4,1,2015-16
22015,201583,Ryan Anderson,1610612740,NOP,New Orleans Pelicans,0021500626,2016-01-19,NOP vs. MIN,W,27,1,6,0.167,1,4,0.25,4,4,1.0,0,3,3,0,2,1,3,4,7,9,16.6,1,2015-16
22015,201967,Dante Cunningham,1610612740,NOP,New Orleans Pelicans,0021500626,2016-01-19,NOP vs. MIN,W,24,4,6,0.667,3,4,0.75,0,0,,1,0,1,0,2,2,0,4,11,10,24.2,1,2015-16
22015,200751,Randy Foye,1610612743,DEN,Denver Nuggets,0021500627,2016-01-19,DEN vs. OKC,L,15,1,5,0.2,0,1,0.0,1,2,0.5,0,3,3,1,1,1,2,4,3,-5,12.1,1,2015-16
22015,202702,Kenneth Faried,1610612743,DEN,Denver Nuggets,0021500627,2016-01-19,DEN vs. OKC,L,28,6,13,0.462,0,0,,5,6,0.833,7,8,15,1,0,1,1,5,17,-1,38.5,1,2015-16
22015,202328,Greg Monroe,1610612749,MIL,Milwaukee Bucks,0021500625,2016-01-19,MIL @ MIA,W,30,6,13,0.462,0,0,,3,3,1.0,1,9,10,1,0,1,2,1,15,1,29.5,1,2015-16
22015,203089,John Henson,1610612749,MIL,Milwaukee Bucks,0021500625,2016-01-19,MIL @ MIA,W,15,4,5,0.8,0,0,,1,1,1.0,1,0,1,0,0,2,2,4,9,14,14.2,1,2015-16
22015,2419,Tayshaun Prince,1610612750,MIN,Minnesota Timberwolves,0021500626,2016-01-19,MIN @ NOP,L,27,1,1,1.0,1,1,1.0,0,0,,0,2,2,1,0,0,0,0,3,-6,6.9,1,2015-16
22015,203476,Gorgui Dieng,1610612750,MIN,Minnesota Timberwolves,0021500626,2016-01-19,MIN @ NOP,L,18,3,4,0.75,0,0,,2,2,1.0,3,4,7,0,2,2,2,0,8,-18,26.4,1,2015-16
22015,101133,Ian Mahinmi,1610612754,IND,Indiana Pacers,0021500628,2016-01-19,IND @ PHX,W,11,0,0,,0,0,,0,0,,1,1,2,0,0,1,1,1,0,-3,4.4,1,2015-16
22015,101139,CJ Miles,1610612754,IND,Indiana Pacers,0021500628,2016-01-19,IND @ PHX,W,28,3,11,0.273,1,7,0.143,2,5,0.4,1,4,5,0,4,1,1,4,9,-2,29.0,1,2015-16
22015,101145,Monta Ellis,1610612754,IND,Indiana Pacers,0021500628,2016-01-19,IND @ PHX,W,31,7,19,0.368,0,3,0.0,6,6,1.0,0,3,3,3,2,0,3,1,20,-3,31.1,1,2015-16
22015,203524,Solomon Hill,1610612754,IND,Indiana Pacers,0021500628,2016-01-19,IND @ PHX,W,6,0,1,0.0,0,1,0.0,0,0,,0,0,0,0,0,0,0,1,0,-3,0.0,1,2015-16
22015,2199,Tyson Chandler,1610612756,PHX,Phoenix Suns,0021500628,2016-01-19,PHX vs. IND,L,27,0,3,0.0,0,0,,3,4,0.75,4,10,14,0,1,1,1,1,3,-8,24.8,1,2015-16
22015,201603,Sonny Weems,1610612756,PHX,Phoenix Suns,0021500628,2016-01-19,PHX vs. IND,L,10,0,2,0.0,0,1,0.0,0,0,,0,0,0,2,0,0,0,0,0,4,3.0,1,2015-16
22015,203933,T.J. Warren,1610612756,PHX,Phoenix Suns,0021500628,2016-01-19,PHX vs. IND,L,3,0,1,0.0,0,0,,0,0,,0,0,0,0,0,0,1,1,0,-3,-1.0,1,2015-16
22015,1626164,Devin Booker,1610612756,PHX,Phoenix Suns,0021500628,2016-01-19,PHX vs. IND,L,40,9,16,0.563,6,11,0.545,8,8,1.0,0,0,0,2,0,0,4,3,32,-7,31.0,1,2015-16
22015,202713,Kyle Singler,1610612760,OKC,Oklahoma City Thunder,0021500627,2016-01-19,OKC @ DEN,W,12,1,1,1.0,1,1,1.0,4,4,1.0,2,2,4,0,0,0,0,0,7,2,11.8,1,2015-16
22015,203079,Dion Waiters,1610612760,OKC,Oklahoma City Thunder,0021500627,2016-01-19,OKC @ DEN,W,23,2,10,0.2,1,4,0.25,0,0,,0,0,0,2,1,0,3,2,5,9,8.0,1,2015-16
22015,203500,Steven Adams,1610612760,OKC,Oklahoma City Thunder,0021500627,2016-01-19,OKC @ DEN,W,30,5,7,0.714,0,0,,0,2,0.0,2,4,6,1,0,0,1,3,10,-4,17.7,1,2015-16
22015,201569,Eric Gordon,1610612740,NOP,New Orleans Pelicans,0021500626,2016-01-19,NOP vs. MIN,W,25,4,9,0.444,3,7,0.429,0,0,,0,1,1,3,1,0,2,2,11,-5,17.7,1,2015-16
22015,202087,Alonzo Gee,1610612740,NOP,New Orleans Pelicans,0021500626,2016-01-19,NOP vs. MIN,W,30,2,2,1.0,0,0,,3,3,1.0,1,3,4,1,2,0,1,2,7,8,18.3,1,2015-16
22015,201589,Darrell Arthur,1610612743,DEN,Denver Nuggets,0021500627,2016-01-19,DEN vs. OKC,L,29,0,3,0.0,0,1,0.0,4,4,1.0,1,6,7,4,0,2,2,3,4,-3,22.4,1,2015-16
22015,2405,Amar'e Stoudemire,1610612748,MIA,Miami Heat,0021500625,2016-01-19,MIA vs. MIL,L,6,3,5,0.6,0,0,,0,0,,0,0,0,0,0,0,0,2,6,2,6.0,1,2015-16
22015,2547,Chris Bosh,1610612748,MIA,Miami Heat,0021500625,2016-01-19,MIA vs. MIL,L,34,7,15,0.467,2,2,1.0,7,7,1.0,2,3,5,2,1,0,3,3,23,-8,32.0,1,2015-16
22015,204020,Tyler Johnson,1610612748,MIA,Miami Heat,0021500625,2016-01-19,MIA vs. MIL,L,34,0,6,0.0,0,4,0.0,3,4,0.75,0,4,4,1,2,0,3,3,3,-12,12.3,1,2015-16
22015,1626196,Josh Richardson,1610612748,MIA,Miami Heat,0021500625,2016-01-19,MIA vs. MIL,L,30,1,8,0.125,0,5,0.0,1,2,0.5,1,1,2,1,3,0,0,3,3,7,15.9,1,2015-16
22015,203101,Miles Plumlee,1610612749,MIL,Milwaukee Bucks,0021500625,2016-01-19,MIL @ MIA,W,3,0,0,,0,0,,0,0,,0,0,0,0,0,0,0,1,0,-3,0.0,1,2015-16
22015,203507,Giannis Antetokounmpo,1610612749,MIL,Milwaukee Bucks,0021500625,2016-01-19,MIL @ MIA,W,34,5,10,0.5,0,0,,4,4,1.0,2,4,6,4,0,1,5,2,14,18,25.2,1,2015-16
22015,203898,Tyler Ennis,1610612749,MIL,Milwaukee Bucks,0021500625,2016-01-19,MIL @ MIA,W,2,0,2,0.0,0,0,,0,0,,0,0,0,0,0,0,0,2,0,-3,0.0,1,2015-16
22015,1626173,Rashad Vaughn,1610612749,MIL,Milwaukee Bucks,0021500625,2016-01-19,MIL @ MIA,W,13,0,2,0.0,0,1,0.0,0,0,,0,1,1,0,0,0,0,2,0,-8,1.2,1,2015-16
22015,1889,Andre Miller,1610612750,MIN,Minnesota Timberwolves,0021500626,2016-01-19,MIN @ NOP,L,0,0,0,,0,0,,0,0,,0,0,0,0,0,0,0,0,0,2,0.0,1,2015-16
22015,203498,Shabazz Muhammad,1610612750,MIN,Minnesota Timberwolves,0021500626,2016-01-19,MIN @ NOP,L,28,5,10,0.5,0,2,0.0,3,4,0.75,2,3,5,0,0,1,1,0,13,-14,21.0,1,2015-16
22015,203952,Andrew Wiggins,1610612750,MIN,Minnesota Timberwolves,0021500626,2016-01-19,MIN @ NOP,L,35,7,17,0.412,0,4,0.0,7,10,0.7,2,2,4,2,3,0,0,1,21,2,37.8,1,2015-16
22015,203141,Mirza Teletovic,1610612756,PHX,Phoenix Suns,0021500628,2016-01-19,PHX vs. IND,L,17,2,7,0.286,1,4,0.25,2,3,0.667,1,3,4,0,0,0,3,1,7,-7,8.8,1,2015-16
22015,203485,Lorenzo Brown,1610612756,PHX,Phoenix Suns,0021500628,2016-01-19,PHX vs. IND,L,5,1,4,0.25,0,1,0.0,1,1,1.0,0,0,0,0,1,0,0,1,3,-6,6.0,1,2015-16
22015,201142,Kevin Durant,1610612760,OKC,Oklahoma City Thunder,0021500627,2016-01-19,OKC @ DEN,W,36,10,23,0.435,3,9,0.333,7,8,0.875,0,12,12,4,2,2,1,5,30,4,61.4,1,2015-16
22015,203460,Andre Roberson,1610612760,OKC,Oklahoma City Thunder,0021500627,2016-01-19,OKC @ DEN,W,14,1,2,0.5,0,0,,0,0,,1,1,2,2,1,1,0,2,2,-16,13.4,1,2015-16
22015,1626166,Cameron Payne,1610612760,OKC,Oklahoma City Thunder,0021500627,2016-01-19,OKC @ DEN,W,20,0,9,0.0,0,6,0.0,0,0,,1,3,4,6,4,0,1,2,0,12,24.8,1,2015-16
22015,201600,Omer Asik,1610612740,NOP,New Orleans Pelicans,0021500626,2016-01-19,NOP vs. MIN,W,11,1,4,0.25,0,0,,0,0,,3,5,8,0,1,0,2,1,2,-3,12.6,1,2015-16
22015,201936,Tyreke Evans,1610612740,NOP,New Orleans Pelicans,0021500626,2016-01-19,NOP vs. MIN,W,21,6,11,0.545,0,2,0.0,1,1,1.0,1,2,3,5,0,1,4,2,13,-2,23.1,1,2015-16
22015,201568,Danilo Gallinari,1610612743,DEN,Denver Nuggets,0021500627,2016-01-19,DEN vs. OKC,L,39,10,21,0.476,4,9,0.444,3,5,0.6,0,3,3,1,2,0,2,3,27,-4,36.1,1,2015-16
22015,203530,Joffrey Lauvergne,1610612743,DEN,Denver Nuggets,0021500627,2016-01-19,DEN vs. OKC,L,20,6,6,1.0,0,0,,0,0,,1,3,4,0,1,1,1,1,12,-9,21.8,1,2015-16
22015,203999,Nikola Jokić,1610612743,DEN,Denver Nuggets,0021500627,2016-01-19,DEN vs. OKC,L,19,2,4,0.5,0,1,0.0,2,2,1.0,1,2,3,1,1,0,1,2,6,3,13.1,1,2015-16
22015,2548,Dwyane Wade,1610612748,MIA,Miami Heat,0021500625,2016-01-19,MIA vs. MIL,L,21,1,6,0.167,0,1,0.0,0,0,,1,1,2,4,0,0,5,1,2,-21,5.4,1,2015-16
22015,101123,Gerald Green,1610612748,MIA,Miami Heat,0021500625,2016-01-19,MIA vs. MIL,L,19,2,10,0.2,2,5,0.4,0,0,,0,0,0,1,0,0,1,0,6,1,6.5,1,2015-16
22015,203948,Johnny O'Bryant III,1610612749,MIL,Milwaukee Bucks,0021500625,2016-01-19,MIL @ MIA,W,16,2,2,1.0,0,0,,0,0,,1,5,6,1,0,0,2,1,4,-11,10.7,1,2015-16
22015,2755,Kevin Martin,1610612750,MIN,Minnesota Timberwolves,0021500626,2016-01-19,MIN @ NOP,L,13,1,5,0.2,0,2,0.0,0,0,,1,0,1,0,0,0,3,1,2,-17,0.2,1,2015-16
22015,1626157,Karl-Anthony Towns,1610612750,MIN,Minnesota Timberwolves,0021500626,2016-01-19,MIN @ NOP,L,32,7,17,0.412,1,1,1.0,5,5,1.0,2,11,13,2,1,1,5,2,20,5,39.6,1,2015-16
22015,202730,Lavoy Allen,1610612754,IND,Indiana Pacers,0021500628,2016-01-19,IND @ PHX,W,29,2,5,0.4,0,0,,0,0,,2,5,7,0,2,0,2,2,4,-8,16.4,1,2015-16
22015,1626167,Myles Turner,1610612754,IND,Indiana Pacers,0021500628,2016-01-19,IND @ PHX,W,31,7,11,0.636,0,0,,1,1,1.0,1,3,4,0,0,4,1,4,15,8,30.8,1,2015-16
22015,200782,P.J. Tucker,1610612756,PHX,Phoenix Suns,0021500628,2016-01-19,PHX vs. IND,L,45,3,9,0.333,2,6,0.333,4,4,1.0,2,8,10,5,0,0,1,4,12,-2,30.5,1,2015-16
22015,201586,Serge Ibaka,1610612760,OKC,Oklahoma City Thunder,0021500627,2016-01-19,OKC @ DEN,W,36,2,8,0.25,0,2,0.0,0,0,,1,9,10,3,0,2,1,4,4,0,25.5,1,2015-16
22015,202683,Enes Freedom,1610612760,OKC,Oklahoma City Thunder,0021500627,2016-01-19,OKC @ DEN,W,25,10,14,0.714,0,0,,5,7,0.714,4,4,8,0,0,0,2,4,25,11,32.6,1,2015-16
22015,202708,Norris Cole,1610612740,NOP,New Orleans Pelicans,0021500626,2016-01-19,NOP vs. MIN,W,23,3,6,0.5,0,1,0.0,1,1,1.0,0,5,5,2,0,0,2,2,7,20,14.0,1,2015-16
22015,203076,Anthony Davis,1610612740,NOP,New Orleans Pelicans,0021500626,2016-01-19,NOP vs. MIN,W,37,13,22,0.591,1,2,0.5,8,10,0.8,3,4,7,0,0,2,0,5,35,8,49.4,1,2015-16
22015,203914,Gary Harris,1610612743,DEN,Denver Nuggets,0021500627,2016-01-19,DEN vs. OKC,L,30,3,8,0.375,2,4,0.5,3,4,0.75,1,5,6,2,0,0,3,4,11,2,18.2,1,2015-16
22015,203930,Sean Kilpatrick,1610612743,DEN,Denver Nuggets,0021500627,2016-01-19,DEN vs. OKC,L,8,1,3,0.333,1,3,0.333,2,2,1.0,0,1,1,0,0,0,0,0,5,0,6.2,1,2015-16
22015,202355,Hassan Whiteside,1610612748,MIA,Miami Heat,0021500625,2016-01-19,MIA vs. MIL,L,35,8,9,0.889,0,0,,7,11,0.636,7,11,18,1,0,2,1,1,23,-10,51.1,1,2015-16
22015,1626159,Justise Winslow,1610612748,MIA,Miami Heat,0021500625,2016-01-19,MIA vs. MIL,L,26,1,5,0.2,0,3,0.0,0,0,,0,3,3,1,0,0,0,0,2,-1,7.1,1,2015-16
22015,203114,Khris Middleton,1610612749,MIL,Milwaukee Bucks,0021500625,2016-01-19,MIL @ MIA,W,36,8,20,0.4,2,4,0.5,4,4,1.0,0,7,7,7,2,0,0,1,22,20,46.9,1,2015-16
22015,203487,Michael Carter-Williams,1610612749,MIL,Milwaukee Bucks,0021500625,2016-01-19,MIL @ MIA,W,25,3,5,0.6,0,0,,1,2,0.5,1,2,3,0,2,0,1,1,7,20,15.6,1,2015-16
22015,203897,Zach LaVine,1610612750,MIN,Minnesota Timberwolves,0021500626,2016-01-19,MIN @ NOP,L,18,2,5,0.4,0,0,,0,0,,0,1,1,4,1,1,1,5,4,-14,16.2,1,2015-16
22015,203940,Adreian Payne,1610612750,MIN,Minnesota Timberwolves,0021500626,2016-01-19,MIN @ NOP,L,7,2,2,1.0,0,0,,2,4,0.5,0,0,0,1,0,0,0,1,6,4,7.5,1,2015-16
22015,201941,Jordan Hill,1610612754,IND,Indiana Pacers,0021500628,2016-01-19,IND @ PHX,W,20,3,7,0.429,0,0,,1,2,0.5,3,4,7,0,1,0,1,2,7,10,17.4,1,2015-16
22015,202331,Paul George,1610612754,IND,Indiana Pacers,0021500628,2016-01-19,IND @ PHX,W,33,5,12,0.417,1,5,0.2,8,9,0.889,0,8,8,4,4,0,2,4,19,0,44.6,1,2015-16
22015,203922,Glenn Robinson III,1610612754,IND,Indiana Pacers,0021500628,2016-01-19,IND @ PHX,W,18,3,4,0.75,1,1,1.0,3,4,0.75,0,1,1,2,1,0,0,2,10,5,17.2,1,2015-16
22015,1626202,Joe Young,1610612754,IND,Indiana Pacers,0021500628,2016-01-19,IND @ PHX,W,19,4,10,0.4,1,2,0.5,2,3,0.667,0,3,3,5,2,0,2,1,11,8,26.1,1,2015-16
22015,201566,Russell Westbrook,1610612760,OKC,Oklahoma City Thunder,0021500627,2016-01-19,OKC @ DEN,W,39,10,22,0.455,1,6,0.167,6,9,0.667,4,1,5,12,3,0,4,5,27,5,56.0,1,2015-16
22015,201582,Alexis Ajinca,1610612740,NOP,New Orleans Pelicans,0021500626,2016-01-19,NOP vs. MIN,W,15,1,3,0.333,0,0,,0,0,,2,4,6,1,0,0,0,2,2,13,10.7,1,2015-16
22015,201950,Jrue Holiday,1610612740,NOP,New Orleans Pelicans,0021500626,2016-01-19,NOP vs. MIN,W,27,7,14,0.5,2,3,0.667,3,4,0.75,1,1,2,9,1,0,1,0,19,17,36.9,1,2015-16
22015,201573,Jerryd Bayless,1610612749,MIL,Milwaukee Bucks,0021500625,2016-01-19,MIL @ MIA,W,30,4,7,0.571,3,6,0.5,0,0,,1,2,3,3,1,0,3,3,11,-2,19.1,1,2015-16
22015,203142,Chris Copeland,1610612749,MIL,Milwaukee Bucks,0021500625,2016-01-19,MIL @ MIA,W,2,0,1,0.0,0,1,0.0,0,0,,0,0,0,0,0,0,0,0,0,-2,0.0,1,2015-16
22015,202693,Markieff Morris,1610612756,PHX,Phoenix Suns,0021500628,2016-01-19,PHX vs. IND,L,12,1,4,0.25,0,0,,0,0,,0,3,3,1,0,0,0,0,2,-6,7.1,1,2015-16
22015,2555,Nick Collison,1610612760,OKC,Oklahoma City Thunder,0021500627,2016-01-19,OKC @ DEN,W,4,0,1,0.0,0,0,,0,0,,1,0,1,0,0,0,0,1,0,7,1.2,1,2015-16
22015,200757,Thabo Sefolosha,1610612737,ATL,Atlanta Hawks,0021500639,2016-01-20,ATL @ POR,W,23,2,3,0.667,0,1,0.0,0,2,0.0,0,6,6,0,2,0,1,2,4,6,16.2,1,2015-16
22015,201143,Al Horford,1610612737,ATL,Atlanta Hawks,0021500639,2016-01-20,ATL @ POR,W,36,7,17,0.412,1,3,0.333,1,2,0.5,4,4,8,1,0,0,0,1,16,0,27.1,1,2015-16
22015,201952,Jeff Teague,1610612737,ATL,Atlanta Hawks,0021500639,2016-01-20,ATL @ POR,W,29,6,16,0.375,1,4,0.25,1,2,0.5,0,2,2,6,0,0,2,0,14,-1,23.4,1,2015-16
22015,101161,Amir Johnson,1610612738,BOS,Boston Celtics,0021500633,2016-01-20,BOS @ TOR,L,24,1,3,0.333,0,1,0.0,0,0,,2,2,4,1,0,1,2,2,2,-7,9.3,1,2015-16
22015,2544,LeBron James,1610612739,CLE,Cleveland Cavaliers,0021500631,2016-01-20,CLE @ BKN,W,29,7,12,0.583,1,1,1.0,2,4,0.5,0,1,1,5,1,1,4,1,17,15,27.7,1,2015-16
22015,202681,Kyrie Irving,1610612739,CLE,Cleveland Cavaliers,0021500631,2016-01-20,CLE @ BKN,W,21,4,7,0.571,1,2,0.5,0,0,,0,1,1,5,0,0,2,0,9,8,15.7,1,2015-16
22015,2200,Pau Gasol,1610612741,CHI,Chicago Bulls,0021500634,2016-01-20,CHI vs. GSW,L,24,0,8,0.0,0,0,,1,2,0.5,0,8,8,0,0,1,2,2,1,-13,11.6,1,2015-16
22015,202734,E'Twaun Moore,1610612741,CHI,Chicago Bulls,0021500634,2016-01-20,CHI vs. GSW,L,17,6,9,0.667,0,2,0.0,1,2,0.5,0,3,3,2,2,0,1,2,13,-16,24.6,1,2015-16
22015,2734,Devin Harris,1610612742,DAL,Dallas Mavericks,0021500637,2016-01-20,DAL vs. MIN,W,33,5,10,0.5,0,2,0.0,5,6,0.833,0,4,4,4,1,0,1,2,15,16,27.8,1,2015-16
22015,101114,Deron Williams,1610612742,DAL,Dallas Mavericks,0021500637,2016-01-20,DAL vs. MIN,W,39,6,14,0.429,0,3,0.0,0,0,,0,7,7,4,1,0,1,3,12,11,28.4,1,2015-16
22015,201580,JaVale McGee,1610612742,DAL,Dallas Mavericks,0021500637,2016-01-20,DAL vs. MIN,W,16,3,9,0.333,0,0,,0,2,0.0,5,3,8,0,0,1,0,0,6,1,18.6,1,2015-16
22015,202083,Wesley Matthews,1610612742,DAL,Dallas Mavericks,0021500637,2016-01-20,DAL vs. MIN,W,40,6,16,0.375,2,8,0.25,1,1,1.0,0,6,6,4,2,0,1,3,15,19,33.2,1,2015-16
22015,202718,Chandler Parsons,1610612742,DAL,Dallas Mavericks,0021500637,2016-01-20,DAL vs. MIN,W,46,13,20,0.65,3,6,0.5,1,3,0.333,0,8,8,2,1,0,1,2,30,13,44.6,1,2015-16
22015,203546,Ian Clark,1610612744,GSW,Golden State Warriors,0021500634,2016-01-20,GSW @ CHI,W,4,2,2,1.0,0,0,,0,0,,0,1,1,2,0,0,0,0,4,7,8.2,1,2015-16
22015,201147,Corey Brewer,1610612745,HOU,Houston Rockets,0021500635,2016-01-20,HOU vs. DET,L,25,4,12,0.333,3,5,0.6,0,0,,0,3,3,0,2,0,0,4,11,-4,20.6,1,2015-16
22015,201977,Marcus Thornton,1610612745,HOU,Houston Rockets,0021500635,2016-01-20,HOU vs. DET,L,19,3,9,0.333,0,3,0.0,2,2,1.0,1,1,2,1,1,0,0,4,8,-8,14.9,1,2015-16
22015,1626149,Montrezl Harrell,1610612745,HOU,Houston Rockets,0021500635,2016-01-20,HOU vs. DET,L,9,1,1,1.0,0,0,,1,2,0.5,0,0,0,1,1,0,0,5,3,4,7.5,1,2015-16
22015,977,Kobe Bryant,1610612747,LAL,Los Angeles Lakers,0021500638,2016-01-20,LAL vs. SAC,L,31,4,13,0.308,2,7,0.286,5,5,1.0,2,2,4,3,1,0,2,4,15,-13,25.3,1,2015-16
22015,203944,Julius Randle,1610612747,LAL,Los Angeles Lakers,0021500638,2016-01-20,LAL vs. SAC,L,31,2,11,0.182,0,0,,2,4,0.5,4,8,12,2,0,1,1,1,6,-14,25.4,1,2015-16
22015,1626148,Anthony Brown,1610612747,LAL,Los Angeles Lakers,0021500638,2016-01-20,LAL vs. SAC,L,17,1,4,0.25,0,3,0.0,1,2,0.5,0,3,3,0,0,0,0,2,3,-6,6.6,1,2015-16
22015,1626156,D'Angelo Russell,1610612747,LAL,Los Angeles Lakers,0021500638,2016-01-20,LAL vs. SAC,L,26,5,15,0.333,2,6,0.333,2,2,1.0,0,2,2,5,0,0,1,2,14,-11,22.9,1,2015-16
22015,1626273,Marcelo Huertas,1610612747,LAL,Los Angeles Lakers,0021500638,2016-01-20,LAL vs. SAC,L,2,0,0,,0,0,,0,0,,0,0,0,0,0,0,1,0,0,1,-1.0,1,2015-16
22015,202355,Hassan Whiteside,1610612748,MIA,Miami Heat,0021500630,2016-01-20,MIA @ WAS,L,11,1,1,1.0,0,0,,0,0,,0,2,2,1,1,1,2,0,2,-10,9.9,1,2015-16
22015,203950,Jarnell Stokes,1610612748,MIA,Miami Heat,0021500630,2016-01-20,MIA @ WAS,L,5,2,4,0.5,0,0,,0,0,,0,0,0,0,0,0,0,0,4,0,4.0,1,2015-16
22015,2419,Tayshaun Prince,1610612750,MIN,Minnesota Timberwolves,0021500637,2016-01-20,MIN @ DAL,L,29,0,2,0.0,0,1,0.0,0,0,,0,5,5,1,1,1,0,2,0,-9,13.5,1,2015-16
22015,203476,Gorgui Dieng,1610612750,MIN,Minnesota Timberwolves,0021500637,2016-01-20,MIN @ DAL,L,16,3,7,0.429,0,0,,0,0,,2,9,11,1,2,0,1,3,6,3,25.7,1,2015-16
22015,204014,Damjan Rudez,1610612750,MIN,Minnesota Timberwolves,0021500637,2016-01-20,MIN @ DAL,L,9,0,3,0.0,0,3,0.0,0,0,,0,0,0,0,0,0,0,0,0,0,0.0,1,2015-16
22015,202711,Bojan Bogdanovic,1610612751,BKN,Brooklyn Nets,0021500631,2016-01-20,BKN vs. CLE,L,30,3,9,0.333,1,5,0.2,0,0,,1,4,5,0,1,0,2,0,7,-4,14.0,1,2015-16
22015,2756,Sasha Vujacic,1610612752,NYK,New York Knicks,0021500632,2016-01-20,NYK vs. UTA,W,2,0,1,0.0,0,0,,0,0,,0,2,2,0,0,0,0,0,0,1,2.4,1,2015-16
22015,201167,Arron Afflalo,1610612752,NYK,New York Knicks,0021500632,2016-01-20,NYK vs. UTA,W,43,6,11,0.545,2,3,0.667,0,0,,0,0,0,2,0,0,1,5,14,3,16.0,1,2015-16
22015,204001,Kristaps Porziņģis,1610612752,NYK,New York Knicks,0021500632,2016-01-20,NYK vs. UTA,W,29,4,9,0.444,2,5,0.4,6,6,1.0,1,4,5,2,0,3,1,6,16,-4,33.0,1,2015-16
22015,203095,Evan Fournier,1610612753,ORL,Orlando Magic,0021500629,2016-01-20,ORL vs. PHI,L,37,3,14,0.214,2,5,0.4,1,2,0.5,2,1,3,1,5,0,2,2,9,-13,27.1,1,2015-16
22015,1626209,Mario Hezonja,1610612753,ORL,Orlando Magic,0021500629,2016-01-20,ORL vs. PHI,L,16,3,5,0.6,0,1,0.0,3,3,1.0,0,1,1,0,0,0,1,0,9,-3,9.2,1,2015-16
22015,203457,Nerlens Noel,1610612755,PHI,Philadelphia 76ers,0021500629,2016-01-20,PHI @ ORL,W,19,2,2,1.0,0,0,,0,2,0.0,1,7,8,1,0,2,1,1,4,7,20.1,1,2015-16
22015,203943,Noah Vonleh,1610612757,POR,Portland Trail Blazers,0021500639,2016-01-20,POR vs. ATL,L,15,3,4,0.75,1,2,0.5,0,0,,1,3,4,0,0,1,0,2,7,3,14.8,1,2015-16
22015,203500,Steven Adams,1610612760,OKC,Oklahoma City Thunder,0021500636,2016-01-20,OKC vs. CHA,W,28,3,5,0.6,0,0,,4,6,0.667,3,7,10,0,0,1,3,4,10,21,22.0,1,2015-16
22015,202335,Patrick Patterson,1610612761,TOR,Toronto Raptors,0021500633,2016-01-20,TOR vs. BOS,W,26,3,7,0.429,0,3,0.0,0,0,,3,4,7,2,1,0,0,2,6,-6,20.4,1,2015-16
22015,202322,John Wall,1610612764,WAS,Washington Wizards,0021500630,2016-01-20,WAS vs. MIA,W,32,7,14,0.5,1,5,0.2,3,3,1.0,0,4,4,10,0,0,3,5,18,18,34.8,1,2015-16
22015,201229,Anthony Tolliver,1610612765,DET,Detroit Pistons,0021500635,2016-01-20,DET @ HOU,W,12,2,5,0.4,1,4,0.25,2,2,1.0,0,5,5,0,0,1,1,1,7,3,15.0,1,2015-16
22015,202391,Jeremy Lin,1610612766,CHA,Charlotte Hornets,0021500636,2016-01-20,CHA @ OKC,L,28,6,11,0.545,0,1,0.0,4,4,1.0,0,1,1,2,0,0,2,4,16,-7,18.2,1,2015-16
22015,203584,Troy Daniels,1610612766,CHA,Charlotte Hornets,0021500636,2016-01-20,CHA @ OKC,L,17,4,7,0.571,3,5,0.6,0,0,,0,2,2,0,0,0,1,1,11,5,12.4,1,2015-16
22015,1626163,Frank Kaminsky,1610612766,CHA,Charlotte Hornets,0021500636,2016-01-20,CHA @ OKC,L,31,6,12,0.5,2,4,0.5,1,2,0.5,1,5,6,4,0,1,0,2,15,4,31.2,1,2015-16
22015,2594,Kyle Korver,1610612737,ATL,Atlanta Hawks,0021500639,2016-01-20,ATL @ POR,W,29,2,3,0.667,1,1,1.0,1,1,1.0,1,4,5,4,0,1,1,1,6,9,20.0,1,2015-16
22015,203488,Mike Muscala,1610612737,ATL,Atlanta Hawks,0021500639,2016-01-20,ATL @ POR,W,0,0,0,,0,0,,0,0,,0,0,0,0,0,0,0,0,0,0,0.0,1,2015-16
22015,203501,Tim Hardaway Jr.,1610612737,ATL,Atlanta Hawks,0021500639,2016-01-20,ATL @ POR,W,11,0,1,0.0,0,1,0.0,0,0,,0,0,0,1,0,1,0,0,0,-10,4.5,1,2015-16
22015,201567,Kevin Love,1610612739,CLE,Cleveland Cavaliers,0021500631,2016-01-20,CLE @ BKN,W,31,5,10,0.5,1,3,0.333,6,8,0.75,0,18,18,0,2,0,4,3,17,18,40.6,1,2015-16
22015,202697,Iman Shumpert,1610612739,CLE,Cleveland Cavaliers,0021500631,2016-01-20,CLE @ BKN,W,30,2,7,0.286,1,3,0.333,1,2,0.5,1,2,3,1,2,2,1,0,6,15,22.1,1,2015-16
22015,203099,Jared Cunningham,1610612739,CLE,Cleveland Cavaliers,0021500631,2016-01-20,CLE @ BKN,W,3,0,0,,0,0,,0,0,,0,0,0,0,0,0,0,2,0,-4,0.0,1,2015-16
22015,203946,Cameron Bairstow,1610612741,CHI,Chicago Bulls,0021500634,2016-01-20,CHI vs. GSW,L,4,0,1,0.0,0,0,,0,0,,1,1,2,0,0,1,1,1,0,-7,4.4,1,2015-16
22015,1626171,Bobby Portis,1610612741,CHI,Chicago Bulls,0021500634,2016-01-20,CHI vs. GSW,L,24,7,14,0.5,0,2,0.0,2,2,1.0,5,3,8,0,0,1,0,2,16,-15,28.6,1,2015-16
22015,101111,Charlie Villanueva,1610612742,DAL,Dallas Mavericks,0021500637,2016-01-20,DAL vs. MIN,W,28,5,14,0.357,0,4,0.0,4,4,1.0,1,5,6,1,1,1,1,1,14,-7,27.7,1,2015-16
22015,2738,Andre Iguodala,1610612744,GSW,Golden State Warriors,0021500634,2016-01-20,GSW @ CHI,W,24,4,7,0.571,2,4,0.5,0,1,0.0,0,7,7,3,0,1,3,1,10,18,22.9,1,2015-16
22015,201574,Jason Thompson,1610612744,GSW,Golden State Warriors,0021500634,2016-01-20,GSW @ CHI,W,4,0,0,,0,0,,1,2,0.5,0,3,3,1,0,1,0,0,1,7,9.1,1,2015-16
22015,201939,Stephen Curry,1610612744,GSW,Golden State Warriors,0021500634,2016-01-20,GSW @ CHI,W,34,8,18,0.444,3,9,0.333,6,6,1.0,1,6,7,11,2,1,2,2,25,36,56.9,1,2015-16
22015,203084,Harrison Barnes,1610612744,GSW,Golden State Warriors,0021500634,2016-01-20,GSW @ CHI,W,33,8,13,0.615,3,5,0.6,0,0,,1,2,3,1,0,0,1,1,19,18,23.1,1,2015-16
22015,1891,Jason Terry,1610612745,HOU,Houston Rockets,0021500635,2016-01-20,HOU vs. DET,L,18,4,6,0.667,2,3,0.667,0,0,,0,0,0,1,0,0,0,2,10,-3,11.5,1,2015-16
22015,203909,KJ McDaniels,1610612745,HOU,Houston Rockets,0021500635,2016-01-20,HOU vs. DET,L,0,0,0,,0,0,,0,0,,0,0,0,0,0,0,0,5,0,-1,0.0,1,2015-16
22015,203903,Jordan Clarkson,1610612747,LAL,Los Angeles Lakers,0021500638,2016-01-20,LAL vs. SAC,L,35,5,15,0.333,0,2,0.0,4,6,0.667,1,4,5,1,1,0,2,1,14,-9,22.5,1,2015-16
22015,202357,Nemanja Bjelica,1610612750,MIN,Minnesota Timberwolves,0021500637,2016-01-20,MIN @ DAL,L,17,2,3,0.667,1,2,0.5,0,0,,0,0,0,0,0,0,1,1,5,10,4.0,1,2015-16
22015,203498,Shabazz Muhammad,1610612750,MIN,Minnesota Timberwolves,0021500637,2016-01-20,MIN @ DAL,L,35,6,16,0.375,2,7,0.286,0,0,,3,4,7,1,0,1,2,0,14,-17,24.9,1,2015-16
22015,1626157,Karl-Anthony Towns,1610612750,MIN,Minnesota Timberwolves,0021500637,2016-01-20,MIN @ DAL,L,37,12,19,0.632,1,1,1.0,2,3,0.667,3,14,17,3,1,6,3,3,27,-15,69.9,1,2015-16
22015,2207,Joe Johnson,1610612751,BKN,Brooklyn Nets,0021500631,2016-01-20,BKN vs. CLE,L,31,1,7,0.143,1,4,0.25,0,0,,0,1,1,1,0,0,2,1,3,-4,3.7,1,2015-16
22015,201961,Wayne Ellington,1610612751,BKN,Brooklyn Nets,0021500631,2016-01-20,BKN vs. CLE,L,23,1,5,0.2,1,2,0.5,0,0,,0,2,2,0,1,1,0,1,3,-5,11.4,1,2015-16
22015,101181,Jose Calderon,1610612752,NYK,New York Knicks,0021500632,2016-01-20,NYK vs. UTA,W,32,4,7,0.571,1,3,0.333,0,0,,0,0,0,1,1,1,2,3,9,-1,14.5,1,2015-16
22015,201577,Robin Lopez,1610612752,NYK,New York Knicks,0021500632,2016-01-20,NYK vs. UTA,W,40,11,14,0.786,0,0,,0,0,,6,6,12,0,0,3,1,3,22,15,44.4,1,2015-16
22015,101112,Channing Frye,1610612753,ORL,Orlando Magic,0021500629,2016-01-20,ORL vs. PHI,L,12,1,6,0.167,1,4,0.25,0,0,,2,2,4,3,1,0,2,1,3,0,13.3,1,2015-16
22015,203894,Shabazz Napier,1610612753,ORL,Orlando Magic,0021500629,2016-01-20,ORL vs. PHI,L,4,0,3,0.0,0,1,0.0,0,0,,0,0,0,0,0,0,0,0,0,-10,0.0,1,2015-16
22015,203906,Devyn Marble,1610612753,ORL,Orlando Magic,0021500629,2016-01-20,ORL vs. PHI,L,2,0,0,,0,0,,0,0,,0,0,0,0,0,0,0,0,0,0,0.0,1,2015-16
22015,1626158,Richaun Holmes,1610612755,PHI,Philadelphia 76ers,0021500629,2016-01-20,PHI @ ORL,W,12,2,3,0.667,0,1,0.0,0,0,,0,1,1,0,0,0,0,1,4,-2,5.2,1,2015-16
22015,203081,Damian Lillard,1610612757,POR,Portland Trail Blazers,0021500639,2016-01-20,POR vs. ATL,L,37,8,22,0.364,1,6,0.167,1,1,1.0,0,5,5,6,0,0,0,4,18,-13,33.0,1,2015-16
22015,203459,Allen Crabbe,1610612757,POR,Portland Trail Blazers,0021500639,2016-01-20,POR vs. ATL,L,28,2,7,0.286,2,5,0.4,0,0,,0,2,2,2,1,0,0,1,6,-5,14.4,1,2015-16
22015,203486,Mason Plumlee,1610612757,POR,Portland Trail Blazers,0021500639,2016-01-20,POR vs. ATL,L,28,3,7,0.429,0,0,,0,0,,4,5,9,4,1,0,2,4,6,3,23.8,1,2015-16
22015,202326,DeMarcus Cousins,1610612758,SAC,Sacramento Kings,0021500638,2016-01-20,SAC @ LAL,W,35,13,22,0.591,0,0,,10,12,0.833,6,10,16,3,1,1,2,5,36,26,63.7,1,2015-16
22015,203112,Quincy Acy,1610612758,SAC,Sacramento Kings,0021500638,2016-01-20,SAC @ LAL,W,2,1,2,0.5,0,0,,0,0,,0,0,0,0,0,0,0,0,2,1,2.0,1,2015-16
22015,203552,Seth Curry,1610612758,SAC,Sacramento Kings,0021500638,2016-01-20,SAC @ LAL,W,2,0,2,0.0,0,1,0.0,0,0,,0,0,0,0,0,0,0,0,0,-1,0.0,1,2015-16
22015,201566,Russell Westbrook,1610612760,OKC,Oklahoma City Thunder,0021500636,2016-01-20,OKC vs. CHA,W,27,5,14,0.357,0,3,0.0,6,7,0.857,1,7,8,15,5,0,5,2,16,18,58.1,1,2015-16
22015,203079,Dion Waiters,1610612760,OKC,Oklahoma City Thunder,0021500636,2016-01-20,OKC vs. CHA,W,28,2,9,0.222,1,3,0.333,0,0,,0,3,3,3,1,0,4,3,5,3,12.1,1,2015-16
22015,2449,Luis Scola,1610612761,TOR,Toronto Raptors,0021500633,2016-01-20,TOR vs. BOS,W,25,8,12,0.667,2,4,0.5,0,0,,3,2,5,0,0,0,0,3,18,10,24.0,1,2015-16
22015,201949,James Johnson,1610612761,TOR,Toronto Raptors,0021500633,2016-01-20,TOR vs. BOS,W,20,2,3,0.667,1,2,0.5,0,0,,0,3,3,3,0,1,1,0,5,9,15.1,1,2015-16
22015,203526,Raul Neto,1610612762,UTA,Utah Jazz,0021500632,2016-01-20,UTA @ NYK,L,22,2,5,0.4,1,1,1.0,0,0,,2,0,2,3,0,0,0,1,5,-3,11.9,1,2015-16
22015,2403,Nene,1610612764,WAS,Washington Wizards,0021500630,2016-01-20,WAS vs. MIA,W,26,8,15,0.533,0,0,,0,0,,2,4,6,1,5,0,2,3,16,1,37.7,1,2015-16
22015,1626162,Kelly Oubre Jr.,1610612764,WAS,Washington Wizards,0021500630,2016-01-20,WAS vs. MIA,W,19,0,2,0.0,0,2,0.0,0,0,,0,2,2,0,1,1,1,2,0,3,7.4,1,2015-16
22015,202694,Marcus Morris Sr.,1610612765,DET,Detroit Pistons,0021500635,2016-01-20,DET @ HOU,W,37,6,10,0.6,4,6,0.667,6,6,1.0,0,5,5,1,0,1,2,3,22,-4,30.5,1,2015-16
22015,202689,Kemba Walker,1610612766,CHA,Charlotte Hornets,0021500636,2016-01-20,CHA @ OKC,L,30,8,15,0.533,2,4,0.5,3,3,1.0,0,2,2,2,2,0,3,2,21,-18,29.4,1,2015-16
22015,203469,Cody Zeller,1610612766,CHA,Charlotte Hornets,0021500636,2016-01-20,CHA @ OKC,L,14,0,3,0.0,0,0,,3,4,0.75,1,1,2,0,1,0,1,4,3,-15,7.4,1,2015-16
22015,1626151,Aaron Harrison,1610612766,CHA,Charlotte Hornets,0021500636,2016-01-20,CHA @ OKC,L,3,0,0,,0,0,,0,0,,0,1,1,0,1,0,0,0,0,5,4.2,1,2015-16
22015,203145,Kent Bazemore,1610612737,ATL,Atlanta Hawks,0021500639,2016-01-20,ATL @ POR,W,32,8,15,0.533,3,6,0.5,4,4,1.0,0,5,5,5,0,0,3,0,23,9,33.5,1,2015-16
22015,202340,Avery Bradley,1610612738,BOS,Boston Celtics,0021500633,2016-01-20,BOS @ TOR,L,36,9,14,0.643,1,4,0.25,0,0,,0,2,2,1,1,0,3,1,19,-6,22.9,1,2015-16
22015,203092,Tyler Zeller,1610612738,BOS,Boston Celtics,0021500633,2016-01-20,BOS @ TOR,L,7,2,6,0.333,0,0,,0,2,0.0,1,0,1,0,0,0,0,0,4,-3,5.2,1,2015-16
22015,203109,Jae Crowder,1610612738,BOS,Boston Celtics,0021500633,2016-01-20,BOS @ TOR,L,32,7,11,0.636,3,5,0.6,0,0,,1,4,5,4,2,0,1,2,17,-14,34.0,1,2015-16
22015,2210,Richard Jefferson,1610612739,CLE,Cleveland Cavaliers,0021500631,2016-01-20,CLE @ BKN,W,10,1,2,0.5,1,2,0.5,0,0,,0,0,0,0,0,0,0,1,3,-1,3.0,1,2015-16
22015,201166,Aaron Brooks,1610612741,CHI,Chicago Bulls,0021500634,2016-01-20,CHI vs. GSW,L,11,1,4,0.25,1,3,0.333,0,0,,0,1,1,1,1,0,0,2,3,-3,8.7,1,2015-16
22015,201565,Derrick Rose,1610612741,CHI,Chicago Bulls,0021500634,2016-01-20,CHI vs. GSW,L,30,12,22,0.545,0,2,0.0,5,5,1.0,0,1,1,2,0,0,2,3,29,-10,31.2,1,2015-16
22015,202703,Nikola Mirotic,1610612741,CHI,Chicago Bulls,0021500634,2016-01-20,CHI vs. GSW,L,14,0,5,0.0,0,3,0.0,0,0,,0,4,4,2,1,0,1,2,0,-16,9.8,1,2015-16
22015,203926,Doug McDermott,1610612741,CHI,Chicago Bulls,0021500634,2016-01-20,CHI vs. GSW,L,33,1,6,0.167,0,1,0.0,1,1,1.0,3,1,4,2,0,0,1,2,3,-28,9.8,1,2015-16
22015,101106,Andrew Bogut,1610612744,GSW,Golden State Warriors,0021500634,2016-01-20,GSW @ CHI,W,20,3,3,1.0,0,0,,0,0,,6,6,12,2,1,3,1,3,6,6,34.4,1,2015-16
22015,2772,Trevor Ariza,1610612745,HOU,Houston Rockets,0021500635,2016-01-20,HOU vs. DET,L,43,1,8,0.125,1,2,0.5,0,0,,1,3,4,1,1,0,0,5,3,-5,12.3,1,2015-16
22015,201951,Ty Lawson,1610612745,HOU,Houston Rockets,0021500635,2016-01-20,HOU vs. DET,L,35,8,13,0.615,1,2,0.5,1,1,1.0,1,4,5,3,0,0,4,4,18,-2,24.5,1,2015-16
22015,203093,Terrence Jones,1610612745,HOU,Houston Rockets,0021500635,2016-01-20,HOU vs. DET,L,25,8,9,0.889,2,2,1.0,0,1,0.0,0,2,2,0,0,2,2,3,18,3,24.4,1,2015-16
22015,203991,Clint Capela,1610612745,HOU,Houston Rockets,0021500635,2016-01-20,HOU vs. DET,L,28,5,14,0.357,0,0,,0,0,,5,8,13,0,1,1,1,4,10,-18,30.6,1,2015-16
22015,101138,Brandon Bass,1610612747,LAL,Los Angeles Lakers,0021500638,2016-01-20,LAL vs. SAC,L,30,7,12,0.583,0,0,,4,4,1.0,4,3,7,2,0,3,1,3,18,-15,37.4,1,2015-16
22015,203135,Robert Sacre,1610612747,LAL,Los Angeles Lakers,0021500638,2016-01-20,LAL vs. SAC,L,2,0,0,,0,0,,0,0,,0,1,1,0,0,0,0,0,0,1,1.2,1,2015-16
22015,204020,Tyler Johnson,1610612748,MIA,Miami Heat,0021500630,2016-01-20,MIA @ WAS,L,35,6,10,0.6,2,2,1.0,0,0,,0,2,2,5,0,0,3,2,14,-10,20.9,1,2015-16
22015,1626196,Josh Richardson,1610612748,MIA,Miami Heat,0021500630,2016-01-20,MIA @ WAS,L,35,2,7,0.286,0,3,0.0,2,2,1.0,0,3,3,4,1,2,4,3,6,-15,20.6,1,2015-16
22015,201572,Brook Lopez,1610612751,BKN,Brooklyn Nets,0021500631,2016-01-20,BKN vs. CLE,L,33,8,15,0.533,0,0,,0,1,0.0,3,7,10,1,0,1,2,2,16,-13,30.5,1,2015-16
22015,203186,Willie Reed,1610612751,BKN,Brooklyn Nets,0021500631,2016-01-20,BKN vs. CLE,L,10,2,2,1.0,0,0,,2,2,1.0,1,1,2,0,0,1,1,1,6,2,10.4,1,2015-16
22015,2546,Carmelo Anthony,1610612752,NYK,New York Knicks,0021500632,2016-01-20,NYK vs. UTA,W,42,13,20,0.65,0,1,0.0,4,4,1.0,1,6,7,9,0,0,2,3,30,7,49.9,1,2015-16
22015,202682,Derrick Williams,1610612752,NYK,New York Knicks,0021500632,2016-01-20,NYK vs. UTA,W,28,6,13,0.462,1,2,0.5,5,6,0.833,2,4,6,1,0,0,1,0,18,10,25.7,1,2015-16
22015,203124,Kyle O'Quinn,1610612752,NYK,New York Knicks,0021500632,2016-01-20,NYK vs. UTA,W,5,0,2,0.0,0,0,,0,0,,1,1,2,0,0,0,0,1,0,-5,2.4,1,2015-16
22015,203901,Elfrid Payton,1610612753,ORL,Orlando Magic,0021500629,2016-01-20,ORL vs. PHI,L,41,8,13,0.615,0,1,0.0,5,9,0.556,3,3,6,10,2,0,3,2,21,-1,46.2,1,2015-16
22015,203951,Keith Appling,1610612753,ORL,Orlando Magic,0021500629,2016-01-20,ORL vs. PHI,L,6,1,3,0.333,0,0,,2,2,1.0,0,1,1,0,0,0,1,3,4,8,4.2,1,2015-16
22015,202397,Ish Smith,1610612755,PHI,Philadelphia 76ers,0021500629,2016-01-20,PHI @ ORL,W,30,6,11,0.545,0,0,,1,1,1.0,0,2,2,11,0,0,3,5,13,7,28.9,1,2015-16
22015,203477,Isaiah Canaan,1610612755,PHI,Philadelphia 76ers,0021500629,2016-01-20,PHI @ ORL,W,28,5,8,0.625,3,4,0.75,2,2,1.0,0,1,1,1,2,0,2,1,15,14,21.7,1,2015-16
22015,204456,T.J. McConnell,1610612755,PHI,Philadelphia 76ers,0021500629,2016-01-20,PHI @ ORL,W,18,0,5,0.0,0,0,,3,4,0.75,1,3,4,4,0,0,0,3,3,2,13.8,1,2015-16
22015,201945,Gerald Henderson,1610612757,POR,Portland Trail Blazers,0021500639,2016-01-20,POR vs. ATL,L,17,2,4,0.5,0,1,0.0,0,0,,0,1,1,2,0,1,2,0,4,14,9.2,1,2015-16
22015,202341,James Anderson,1610612758,SAC,Sacramento Kings,0021500638,2016-01-20,SAC @ LAL,W,2,0,0,,0,0,,0,0,,1,0,1,1,0,0,0,0,0,-1,2.7,1,2015-16
22015,202687,Bismack Biyombo,1610612761,TOR,Toronto Raptors,0021500633,2016-01-20,TOR vs. BOS,W,16,1,1,1.0,0,0,,1,4,0.25,0,4,4,0,1,3,2,1,3,-12,17.8,1,2015-16
22015,202344,Trevor Booker,1610612762,UTA,Utah Jazz,0021500632,2016-01-20,UTA @ NYK,L,27,0,4,0.0,0,0,,3,4,0.75,4,4,8,0,0,0,3,2,3,-10,9.6,1,2015-16
22015,203918,Rodney Hood,1610612762,UTA,Utah Jazz,0021500632,2016-01-20,UTA @ NYK,L,42,11,21,0.524,5,10,0.5,2,2,1.0,1,5,6,5,0,0,0,2,29,-3,43.7,1,2015-16
22015,201162,Jared Dudley,1610612764,WAS,Washington Wizards,0021500630,2016-01-20,WAS vs. MIA,W,26,5,9,0.556,0,1,0.0,0,0,,0,1,1,4,2,0,0,2,10,22,23.2,1,2015-16
22015,203083,Andre Drummond,1610612765,DET,Detroit Pistons,0021500635,2016-01-20,DET @ HOU,W,23,2,4,0.5,0,0,,13,36,0.361,5,6,11,2,1,1,2,2,17,10,37.2,1,2015-16
22015,101107,Marvin Williams,1610612766,CHA,Charlotte Hornets,0021500636,2016-01-20,CHA @ OKC,L,24,1,4,0.25,0,2,0.0,1,2,0.5,0,3,3,1,1,1,1,0,3,-18,13.1,1,2015-16
22015,201946,Tyler Hansbrough,1610612766,CHA,Charlotte Hornets,0021500636,2016-01-20,CHA @ OKC,L,7,0,2,0.0,0,0,,0,0,,3,0,3,0,1,0,3,2,0,4,3.6,1,2015-16
22015,200794,Paul Millsap,1610612737,ATL,Atlanta Hawks,0021500639,2016-01-20,ATL @ POR,W,34,7,10,0.7,3,3,1.0,6,7,0.857,2,7,9,2,2,0,1,3,23,7,41.8,1,2015-16
22015,202738,Isaiah Thomas,1610612738,BOS,Boston Celtics,0021500633,2016-01-20,BOS @ TOR,L,35,7,19,0.368,3,7,0.429,4,4,1.0,1,3,4,10,0,0,2,1,21,-12,38.8,1,2015-16
22015,203096,Jared Sullinger,1610612738,BOS,Boston Celtics,0021500633,2016-01-20,BOS @ TOR,L,13,1,7,0.143,0,0,,1,2,0.5,2,0,2,1,2,0,2,1,3,-19,10.9,1,2015-16
22015,203935,Marcus Smart,1610612738,BOS,Boston Celtics,0021500633,2016-01-20,BOS @ TOR,L,24,2,5,0.4,0,2,0.0,2,2,1.0,0,4,4,4,1,0,1,4,6,5,18.8,1,2015-16
22015,2592,James Jones,1610612739,CLE,Cleveland Cavaliers,0021500631,2016-01-20,CLE @ BKN,W,17,0,3,0.0,0,3,0.0,0,0,,0,1,1,0,1,0,0,1,0,-5,4.2,1,2015-16
22015,2747,JR Smith,1610612739,CLE,Cleveland Cavaliers,0021500631,2016-01-20,CLE @ BKN,W,25,2,9,0.222,0,2,0.0,0,0,,0,3,3,0,0,0,1,1,4,-1,6.6,1,2015-16
22015,202389,Timofey Mozgov,1610612739,CLE,Cleveland Cavaliers,0021500631,2016-01-20,CLE @ BKN,W,20,5,9,0.556,0,0,,1,2,0.5,2,3,5,0,0,0,0,2,11,-1,17.0,1,2015-16
22015,202684,Tristan Thompson,1610612739,CLE,Cleveland Cavaliers,0021500631,2016-01-20,CLE @ BKN,W,28,6,8,0.75,0,0,,2,2,1.0,3,7,10,1,0,0,0,0,14,14,27.5,1,2015-16
22015,203521,Matthew Dellavedova,1610612739,CLE,Cleveland Cavaliers,0021500631,2016-01-20,CLE @ BKN,W,20,3,3,1.0,0,0,,2,2,1.0,0,3,3,3,0,0,0,2,8,15,16.1,1,2015-16
22015,202710,Jimmy Butler III,1610612741,CHI,Chicago Bulls,0021500634,2016-01-20,CHI vs. GSW,L,35,7,16,0.438,0,2,0.0,9,12,0.75,2,3,5,2,0,0,2,0,23,-28,30.0,1,2015-16
22015,203503,Tony Snell,1610612741,CHI,Chicago Bulls,0021500634,2016-01-20,CHI vs. GSW,L,26,1,8,0.125,0,4,0.0,0,0,,0,5,5,2,0,0,0,0,2,-8,11.0,1,2015-16
22015,1626245,Cristiano Felicio,1610612741,CHI,Chicago Bulls,0021500634,2016-01-20,CHI vs. GSW,L,2,0,1,0.0,0,1,0.0,0,0,,0,1,1,0,0,0,0,0,0,-5,1.2,1,2015-16
22015,2585,Zaza Pachulia,1610612742,DAL,Dallas Mavericks,0021500637,2016-01-20,DAL vs. MIN,W,34,4,7,0.571,0,0,,4,4,1.0,2,2,4,1,3,0,4,4,12,18,23.3,1,2015-16
22015,200826,J.J. Barea,1610612742,DAL,Dallas Mavericks,0021500637,2016-01-20,DAL vs. MIN,W,18,0,5,0.0,0,2,0.0,0,0,,0,2,2,2,2,0,2,0,0,-5,9.4,1,2015-16
22015,203939,Dwight Powell,1610612742,DAL,Dallas Mavericks,0021500637,2016-01-20,DAL vs. MIN,W,3,0,1,0.0,0,0,,0,0,,1,0,1,0,0,0,0,0,0,-7,1.2,1,2015-16
22015,201578,Marreese Speights,1610612744,GSW,Golden State Warriors,0021500634,2016-01-20,GSW @ CHI,W,7,2,5,0.4,1,1,1.0,0,0,,1,0,1,0,0,0,0,1,5,5,6.2,1,2015-16
22015,203110,Draymond Green,1610612744,GSW,Golden State Warriors,0021500634,2016-01-20,GSW @ CHI,W,29,3,8,0.375,0,3,0.0,0,2,0.0,2,8,10,9,1,0,0,3,6,12,34.5,1,2015-16
22015,2730,Dwight Howard,1610612745,HOU,Houston Rockets,0021500635,2016-01-20,HOU vs. DET,L,1,0,1,0.0,0,0,,0,0,,1,1,2,0,0,0,0,0,0,0,2.4,1,2015-16
22015,101150,Lou Williams,1610612747,LAL,Los Angeles Lakers,0021500638,2016-01-20,LAL vs. SAC,L,33,4,10,0.4,0,4,0.0,7,8,0.875,0,2,2,3,1,0,0,2,15,-19,24.9,1,2015-16
22015,201579,Roy Hibbert,1610612747,LAL,Los Angeles Lakers,0021500638,2016-01-20,LAL vs. SAC,L,16,3,5,0.6,0,0,,0,0,,1,1,2,0,3,1,1,5,6,-5,19.4,1,2015-16
22015,203527,Ryan Kelly,1610612747,LAL,Los Angeles Lakers,0021500638,2016-01-20,LAL vs. SAC,L,17,1,5,0.2,0,3,0.0,0,0,,0,3,3,1,0,0,0,2,2,-5,7.1,1,2015-16
22015,2547,Chris Bosh,1610612748,MIA,Miami Heat,0021500630,2016-01-20,MIA @ WAS,L,28,6,10,0.6,1,4,0.25,5,6,0.833,1,3,4,2,1,0,2,5,18,-7,26.8,1,2015-16
22015,101123,Gerald Green,1610612748,MIA,Miami Heat,0021500630,2016-01-20,MIA @ WAS,L,27,2,10,0.2,0,2,0.0,0,0,,0,1,1,2,0,0,1,1,4,-13,7.2,1,2015-16
22015,2755,Kevin Martin,1610612750,MIN,Minnesota Timberwolves,0021500637,2016-01-20,MIN @ DAL,L,14,3,6,0.5,0,1,0.0,3,3,1.0,0,1,1,1,0,0,0,2,9,-10,11.7,1,2015-16
22015,203897,Zach LaVine,1610612750,MIN,Minnesota Timberwolves,0021500637,2016-01-20,MIN @ DAL,L,17,2,4,0.5,0,2,0.0,0,0,,0,1,1,4,0,0,2,1,4,6,9.2,1,2015-16
22015,203508,Sergey Karasev,1610612751,BKN,Brooklyn Nets,0021500631,2016-01-20,BKN vs. CLE,L,6,0,1,0.0,0,1,0.0,0,0,,0,2,2,0,0,0,0,0,0,-3,2.4,1,2015-16
22015,203900,Markel Brown,1610612751,BKN,Brooklyn Nets,0021500631,2016-01-20,BKN vs. CLE,L,11,0,3,0.0,0,1,0.0,0,0,,0,3,3,0,0,1,0,3,0,-6,6.6,1,2015-16
22015,204038,Langston Galloway,1610612752,NYK,New York Knicks,0021500632,2016-01-20,NYK vs. UTA,W,31,3,9,0.333,1,3,0.333,2,2,1.0,0,2,2,3,1,0,1,2,9,8,17.9,1,2015-16
22015,202699,Tobias Harris,1610612753,ORL,Orlando Magic,0021500629,2016-01-20,ORL vs. PHI,L,36,5,13,0.385,1,3,0.333,4,7,0.571,1,9,10,2,1,1,1,2,15,-11,35.0,1,2015-16
22015,203138,Hollis Thompson,1610612755,PHI,Philadelphia 76ers,0021500629,2016-01-20,PHI @ ORL,W,30,7,10,0.7,3,5,0.6,0,0,,0,3,3,0,0,0,1,2,17,14,19.6,1,2015-16
22015,203496,Robert Covington,1610612755,PHI,Philadelphia 76ers,0021500629,2016-01-20,PHI @ ORL,W,30,2,8,0.25,2,7,0.286,2,2,1.0,0,11,11,1,3,0,4,3,8,-2,27.7,1,2015-16
22015,203924,Jerami Grant,1610612755,PHI,Philadelphia 76ers,0021500629,2016-01-20,PHI @ ORL,W,28,3,7,0.429,1,1,1.0,5,8,0.625,1,5,6,1,2,5,0,3,12,12,41.7,1,2015-16
22015,202334,Ed Davis,1610612757,POR,Portland Trail Blazers,0021500639,2016-01-20,POR vs. ATL,L,20,2,5,0.4,0,0,,2,4,0.5,5,3,8,1,0,1,0,2,6,-9,20.1,1,2015-16
22015,203086,Meyers Leonard,1610612757,POR,Portland Trail Blazers,0021500639,2016-01-20,POR vs. ATL,L,18,4,12,0.333,2,6,0.333,0,0,,2,8,10,2,0,0,1,2,10,-9,24.0,1,2015-16
22015,203090,Maurice Harkless,1610612757,POR,Portland Trail Blazers,0021500639,2016-01-20,POR vs. ATL,L,10,0,2,0.0,0,1,0.0,1,2,0.5,0,1,1,0,0,0,1,0,1,-10,1.2,1,2015-16
22015,200752,Rudy Gay,1610612758,SAC,Sacramento Kings,0021500638,2016-01-20,SAC @ LAL,W,33,6,9,0.667,2,3,0.667,2,4,0.5,0,6,6,3,2,6,2,4,16,21,49.7,1,2015-16
22015,201158,Marco Belinelli,1610612758,SAC,Sacramento Kings,0021500638,2016-01-20,SAC @ LAL,W,19,2,10,0.2,2,5,0.4,0,0,,0,1,1,3,1,0,0,0,6,-3,14.7,1,2015-16
22015,201954,Darren Collison,1610612758,SAC,Sacramento Kings,0021500638,2016-01-20,SAC @ LAL,W,21,3,5,0.6,1,2,0.5,3,4,0.75,0,2,2,0,0,0,1,1,10,1,11.4,1,2015-16
22015,201956,Omri Casspi,1610612758,SAC,Sacramento Kings,0021500638,2016-01-20,SAC @ LAL,W,30,3,11,0.273,1,7,0.143,2,3,0.667,0,9,9,0,0,1,3,1,9,20,19.8,1,2015-16
22015,203463,Ben McLemore,1610612758,SAC,Sacramento Kings,0021500638,2016-01-20,SAC @ LAL,W,18,3,6,0.5,0,1,0.0,0,0,,0,2,2,0,0,0,1,5,6,2,7.4,1,2015-16
22015,201142,Kevin Durant,1610612760,OKC,Oklahoma City Thunder,0021500636,2016-01-20,OKC vs. CHA,W,30,9,20,0.45,1,5,0.2,7,10,0.7,0,5,5,5,0,0,3,1,26,18,36.5,1,2015-16
22015,202713,Kyle Singler,1610612760,OKC,Oklahoma City Thunder,0021500636,2016-01-20,OKC vs. CHA,W,21,4,4,1.0,3,3,1.0,0,0,,0,2,2,0,1,0,0,2,11,-4,16.4,1,2015-16
22015,203956,Mitch McGary,1610612760,OKC,Oklahoma City Thunder,0021500636,2016-01-20,OKC vs. CHA,W,3,2,3,0.667,0,1,0.0,0,0,,1,0,1,0,0,1,0,0,4,-3,8.2,1,2015-16
22015,1626166,Cameron Payne,1610612760,OKC,Oklahoma City Thunder,0021500636,2016-01-20,OKC vs. CHA,W,23,3,8,0.375,1,3,0.333,0,1,0.0,0,5,5,3,0,0,1,0,7,-5,16.5,1,2015-16
22015,201942,DeMar DeRozan,1610612761,TOR,Toronto Raptors,0021500633,2016-01-20,TOR vs. BOS,W,38,13,25,0.52,0,1,0.0,8,9,0.889,0,2,2,6,1,0,2,1,34,13,46.4,1,2015-16
22015,202685,Jonas Valančiūnas,1610612761,TOR,Toronto Raptors,0021500633,2016-01-20,TOR vs. BOS,W,29,9,9,1.0,0,0,,1,2,0.5,2,10,12,1,1,0,1,1,19,20,36.9,1,2015-16
22015,203082,Terrence Ross,1610612761,TOR,Toronto Raptors,0021500633,2016-01-20,TOR vs. BOS,W,28,5,9,0.556,4,8,0.5,0,0,,0,1,1,1,0,1,1,2,14,-3,18.7,1,2015-16
22015,203187,Chris Johnson,1610612762,UTA,Utah Jazz,0021500632,2016-01-20,UTA @ NYK,L,12,0,4,0.0,0,2,0.0,3,4,0.75,0,5,5,0,0,0,0,2,3,-12,9.0,1,2015-16
22015,203497,Rudy Gobert,1610612762,UTA,Utah Jazz,0021500632,2016-01-20,UTA @ NYK,L,42,4,8,0.5,0,0,,3,5,0.6,1,7,8,0,1,2,1,5,11,-15,28.6,1,2015-16
22015,1626168,Trey Lyles,1610612762,UTA,Utah Jazz,0021500632,2016-01-20,UTA @ NYK,L,27,4,7,0.571,3,4,0.75,2,4,0.5,3,1,4,1,1,1,4,4,13,0,21.3,1,2015-16
22015,202066,Garrett Temple,1610612764,WAS,Washington Wizards,0021500630,2016-01-20,WAS vs. MIA,W,29,4,6,0.667,1,1,1.0,2,2,1.0,1,1,2,3,1,0,0,0,11,18,20.9,1,2015-16
22015,202390,Gary Neal,1610612764,WAS,Washington Wizards,0021500630,2016-01-20,WAS vs. MIA,W,22,3,6,0.5,1,1,1.0,0,0,,0,2,2,0,0,0,1,1,7,4,8.4,1,2015-16
22015,203078,Bradley Beal,1610612764,WAS,Washington Wizards,0021500630,2016-01-20,WAS vs. MIA,W,25,7,13,0.538,1,3,0.333,3,4,0.75,3,0,3,2,1,0,0,2,18,14,27.6,1,2015-16
22015,201943,Brandon Jennings,1610612765,DET,Detroit Pistons,0021500635,2016-01-20,DET @ HOU,W,16,2,5,0.4,1,2,0.5,0,0,,0,0,0,4,1,0,1,1,5,6,13.0,1,2015-16
22015,202704,Reggie Jackson,1610612765,DET,Detroit Pistons,0021500635,2016-01-20,DET @ HOU,W,32,7,15,0.467,1,3,0.333,2,2,1.0,1,4,5,9,1,0,1,1,17,3,38.5,1,2015-16
22015,203382,Aron Baynes,1610612765,DET,Detroit Pistons,0021500635,2016-01-20,DET @ HOU,W,25,3,5,0.6,0,0,,2,2,1.0,2,7,9,1,0,2,0,2,8,-1,26.3,1,2015-16
22015,203484,Kentavious Caldwell-Pope,1610612765,DET,Detroit Pistons,0021500635,2016-01-20,DET @ HOU,W,37,8,18,0.444,3,9,0.333,3,3,1.0,1,1,2,2,3,0,0,2,22,8,36.4,1,2015-16
22015,1626169,Stanley Johnson,1610612765,DET,Detroit Pistons,0021500635,2016-01-20,DET @ HOU,W,24,1,4,0.25,0,2,0.0,5,6,0.833,2,7,9,2,1,1,3,3,7,14,23.8,1,2015-16
22015,201150,Spencer Hawes,1610612766,CHA,Charlotte Hornets,0021500636,2016-01-20,CHA @ OKC,L,27,2,8,0.25,0,2,0.0,2,2,1.0,1,5,6,3,0,0,1,1,6,-3,16.7,1,2015-16
22015,201587,Nicolas Batum,1610612766,CHA,Charlotte Hornets,0021500636,2016-01-20,CHA @ OKC,L,24,0,4,0.0,0,3,0.0,0,0,,0,6,6,3,0,0,3,1,0,-12,8.7,1,2015-16
22015,201168,Tiago Splitter,1610612737,ATL,Atlanta Hawks,0021500639,2016-01-20,ATL @ POR,W,18,2,6,0.333,0,0,,2,3,0.667,1,1,2,1,0,1,0,4,6,11,12.9,1,2015-16
22015,203471,Dennis Schröder,1610612737,ATL,Atlanta Hawks,0021500639,2016-01-20,ATL @ POR,W,20,3,13,0.231,1,4,0.25,1,2,0.5,1,2,3,5,2,0,5,2,8,5,20.1,1,2015-16
22015,201973,Jonas Jerebko,1610612738,BOS,Boston Celtics,0021500633,2016-01-20,BOS @ TOR,L,15,3,4,0.75,2,2,1.0,0,0,,0,2,2,0,1,0,1,4,8,12,12.4,1,2015-16
22015,202323,Evan Turner,1610612738,BOS,Boston Celtics,0021500633,2016-01-20,BOS @ TOR,L,23,4,6,0.667,0,0,,3,4,0.75,0,5,5,5,0,0,2,2,11,3,22.5,1,2015-16
22015,203482,Kelly Olynyk,1610612738,BOS,Boston Celtics,0021500633,2016-01-20,BOS @ TOR,L,31,7,10,0.7,3,5,0.6,1,1,1.0,1,3,4,4,1,0,0,2,18,11,31.8,1,2015-16
22015,2590,Mo Williams,1610612739,CLE,Cleveland Cavaliers,0021500631,2016-01-20,CLE @ BKN,W,6,1,7,0.143,0,1,0.0,0,0,,0,0,0,0,0,0,1,0,2,-8,1.0,1,2015-16
22015,201959,Taj Gibson,1610612741,CHI,Chicago Bulls,0021500634,2016-01-20,CHI vs. GSW,L,20,2,6,0.333,0,0,,0,0,,5,2,7,1,0,1,0,1,4,-6,16.9,1,2015-16
22015,2733,Shaun Livingston,1610612744,GSW,Golden State Warriors,0021500634,2016-01-20,GSW @ CHI,W,16,6,8,0.75,0,0,,0,0,,0,0,0,5,2,0,1,0,12,0,24.5,1,2015-16
22015,203105,Festus Ezeli,1610612744,GSW,Golden State Warriors,0021500634,2016-01-20,GSW @ CHI,W,10,1,2,0.5,0,0,,1,2,0.5,1,4,5,0,0,0,1,0,3,17,8.0,1,2015-16
22015,201935,James Harden,1610612745,HOU,Houston Rockets,0021500635,2016-01-20,HOU vs. DET,L,36,9,22,0.409,3,7,0.429,12,12,1.0,2,15,17,14,1,0,6,5,33,-11,71.4,1,2015-16
22015,2405,Amar'e Stoudemire,1610612748,MIA,Miami Heat,0021500630,2016-01-20,MIA @ WAS,L,21,5,6,0.833,0,0,,1,2,0.5,1,2,3,0,0,0,4,2,11,6,10.6,1,2015-16
22015,2736,Luol Deng,1610612748,MIA,Miami Heat,0021500630,2016-01-20,MIA @ WAS,L,36,5,11,0.455,3,3,1.0,3,4,0.75,2,6,8,1,0,1,3,1,16,-26,27.1,1,2015-16
22015,1626159,Justise Winslow,1610612748,MIA,Miami Heat,0021500630,2016-01-20,MIA @ WAS,L,36,4,8,0.5,1,1,1.0,0,0,,2,4,6,6,0,0,1,2,9,-13,24.2,1,2015-16
22015,201937,Ricky Rubio,1610612750,MIN,Minnesota Timberwolves,0021500637,2016-01-20,MIN @ DAL,L,36,1,9,0.111,0,4,0.0,0,0,,0,2,2,11,0,0,5,3,2,-18,15.9,1,2015-16
22015,201152,Thaddeus Young,1610612751,BKN,Brooklyn Nets,0021500631,2016-01-20,BKN vs. CLE,L,25,7,14,0.5,0,1,0.0,0,1,0.0,1,4,5,1,1,0,1,6,14,-5,23.5,1,2015-16
22015,203080,Thomas Robinson,1610612751,BKN,Brooklyn Nets,0021500631,2016-01-20,BKN vs. CLE,L,11,2,4,0.5,0,0,,2,4,0.5,3,3,6,0,0,0,1,0,6,-4,12.2,1,2015-16
22015,203499,Shane Larkin,1610612751,BKN,Brooklyn Nets,0021500631,2016-01-20,BKN vs. CLE,L,23,3,10,0.3,1,3,0.333,0,0,,0,0,0,7,0,0,0,2,7,-16,17.5,1,2015-16
22015,1626170,Jerian Grant,1610612752,NYK,New York Knicks,0021500632,2016-01-20,NYK vs. UTA,W,13,0,4,0.0,0,0,,0,0,,1,1,2,2,1,0,0,2,0,1,8.4,1,2015-16
22015,201160,Jason Smith,1610612753,ORL,Orlando Magic,0021500629,2016-01-20,ORL vs. PHI,L,11,2,4,0.5,0,0,,0,0,,1,0,1,1,1,1,0,0,4,-6,12.7,1,2015-16
22015,203473,Dewayne Dedmon,1610612753,ORL,Orlando Magic,0021500629,2016-01-20,ORL vs. PHI,L,5,0,1,0.0,0,0,,0,0,,0,2,2,0,0,0,1,1,0,-3,1.4,1,2015-16
22015,203932,Aaron Gordon,1610612753,ORL,Orlando Magic,0021500629,2016-01-20,ORL vs. PHI,L,32,3,7,0.429,0,2,0.0,1,1,1.0,2,6,8,1,0,0,1,1,7,-3,17.1,1,2015-16
22015,203960,JaKarr Sampson,1610612755,PHI,Philadelphia 76ers,0021500629,2016-01-20,PHI @ ORL,W,8,0,3,0.0,0,1,0.0,0,0,,0,0,0,0,0,0,0,0,0,-8,0.0,1,2015-16
22015,1626143,Jahlil Okafor,1610612755,PHI,Philadelphia 76ers,0021500629,2016-01-20,PHI @ ORL,W,38,9,17,0.529,0,0,,2,2,1.0,1,4,5,1,1,1,3,0,20,1,30.5,1,2015-16
22015,202329,Al-Farouq Aminu,1610612757,POR,Portland Trail Blazers,0021500639,2016-01-20,POR vs. ATL,L,31,5,8,0.625,1,3,0.333,1,2,0.5,1,6,7,3,1,1,2,3,12,-7,28.9,1,2015-16
22015,200765,Rajon Rondo,1610612758,SAC,Sacramento Kings,0021500638,2016-01-20,SAC @ LAL,W,34,5,10,0.5,0,1,0.0,1,1,1.0,2,3,5,17,0,0,3,0,11,32,39.5,1,2015-16
22015,201585,Kosta Koufos,1610612758,SAC,Sacramento Kings,0021500638,2016-01-20,SAC @ LAL,W,13,2,4,0.5,0,0,,0,0,,2,5,7,0,0,2,2,3,4,-2,16.4,1,2015-16
22015,201586,Serge Ibaka,1610612760,OKC,Oklahoma City Thunder,0021500636,2016-01-20,OKC vs. CHA,W,38,5,9,0.556,1,4,0.25,0,0,,3,5,8,1,0,0,1,4,11,19,21.1,1,2015-16
22015,202683,Enes Freedom,1610612760,OKC,Oklahoma City Thunder,0021500636,2016-01-20,OKC vs. CHA,W,22,3,7,0.429,1,1,1.0,5,6,0.833,5,1,6,0,1,1,3,0,12,-8,22.2,1,2015-16
22015,203460,Andre Roberson,1610612760,OKC,Oklahoma City Thunder,0021500636,2016-01-20,OKC vs. CHA,W,20,3,4,0.75,1,1,1.0,0,0,,1,2,3,1,1,0,0,0,7,11,15.1,1,2015-16
22015,200768,Kyle Lowry,1610612761,TOR,Toronto Raptors,0021500633,2016-01-20,TOR vs. BOS,W,37,4,11,0.364,4,9,0.444,2,2,1.0,0,2,2,8,3,0,6,4,14,16,31.4,1,2015-16
22015,202709,Cory Joseph,1610612761,TOR,Toronto Raptors,0021500633,2016-01-20,TOR vs. BOS,W,21,1,6,0.167,0,2,0.0,0,0,,1,0,1,2,0,0,0,1,2,-17,6.2,1,2015-16
22015,202330,Gordon Hayward,1610612762,UTA,Utah Jazz,0021500632,2016-01-20,UTA @ NYK,L,43,8,19,0.421,1,4,0.25,10,10,1.0,2,1,3,5,2,0,3,3,27,-8,41.1,1,2015-16
22015,101162,Marcin Gortat,1610612764,WAS,Washington Wizards,0021500630,2016-01-20,WAS vs. MIA,W,35,7,12,0.583,0,0,,1,2,0.5,5,7,12,2,0,2,0,2,15,16,38.4,1,2015-16
22015,201196,Ramon Sessions,1610612764,WAS,Washington Wizards,0021500630,2016-01-20,WAS vs. MIA,W,20,2,7,0.286,0,2,0.0,2,2,1.0,0,2,2,5,1,0,2,1,6,2,16.9,1,2015-16
22015,101141,Ersan Ilyasova,1610612765,DET,Detroit Pistons,0021500635,2016-01-20,DET @ HOU,W,33,7,14,0.5,2,4,0.5,2,2,1.0,3,3,6,2,1,1,0,2,18,6,34.2,1,2015-16
22015,203148,Brian Roberts,1610612766,CHA,Charlotte Hornets,0021500636,2016-01-20,CHA @ OKC,L,12,2,4,0.5,1,2,0.5,4,4,1.0,0,0,0,2,0,0,0,1,9,4,12.0,1,2015-16
22015,203798,PJ Hairston,1610612766,CHA,Charlotte Hornets,0021500636,2016-01-20,CHA @ OKC,L,22,5,11,0.455,1,4,0.25,0,0,,0,2,2,0,2,0,1,3,11,-19,18.4,1,2015-16
22015,203118,Mike Scott,1610612737,ATL,Atlanta Hawks,0021500639,2016-01-20,ATL @ POR,W,8,2,3,0.667,0,1,0.0,0,0,,1,2,3,0,1,0,0,0,4,-6,10.6,1,2015-16
22015,1626147,Justin Anderson,1610612742,DAL,Dallas Mavericks,0021500637,2016-01-20,DAL vs. MIN,W,8,0,1,0.0,0,0,,2,2,1.0,0,0,0,0,0,0,0,0,2,1,2.0,1,2015-16
22015,2571,Leandro Barbosa,1610612744,GSW,Golden State Warriors,0021500634,2016-01-20,GSW @ CHI,W,16,5,7,0.714,0,0,,2,3,0.667,0,1,1,2,2,0,1,3,12,19,21.2,1,2015-16
22015,201575,Brandon Rush,1610612744,GSW,Golden State Warriors,0021500634,2016-01-20,GSW @ CHI,W,12,1,4,0.25,0,2,0.0,0,0,,0,0,0,1,0,0,0,1,2,-2,3.5,1,2015-16
22015,202691,Klay Thompson,1610612744,GSW,Golden State Warriors,0021500634,2016-01-20,GSW @ CHI,W,32,7,18,0.389,3,8,0.375,3,4,0.75,0,5,5,1,0,3,0,2,20,12,36.5,1,2015-16
22015,2617,Udonis Haslem,1610612748,MIA,Miami Heat,0021500630,2016-01-20,MIA @ WAS,L,6,0,1,0.0,0,0,,3,4,0.75,1,1,2,2,0,0,0,0,3,-7,8.4,1,2015-16
22015,201593,Nikola Pekovic,1610612750,MIN,Minnesota Timberwolves,0021500637,2016-01-20,MIN @ DAL,L,14,2,5,0.4,0,0,,0,0,,0,1,1,1,0,0,1,2,4,-5,5.7,1,2015-16
22015,203952,Andrew Wiggins,1610612750,MIN,Minnesota Timberwolves,0021500637,2016-01-20,MIN @ DAL,L,40,9,17,0.529,1,2,0.5,4,5,0.8,2,5,7,3,0,1,2,4,23,-5,36.9,1,2015-16
22015,200745,Andrea Bargnani,1610612751,BKN,Brooklyn Nets,0021500631,2016-01-20,BKN vs. CLE,L,13,2,4,0.5,0,0,,0,0,,0,2,2,1,0,0,0,0,4,-10,7.9,1,2015-16
22015,202388,Donald Sloan,1610612751,BKN,Brooklyn Nets,0021500631,2016-01-20,BKN vs. CLE,L,25,6,10,0.6,0,2,0.0,0,0,,0,1,1,9,1,0,3,0,12,3,26.7,1,2015-16
22015,202696,Nikola Vučević,1610612753,ORL,Orlando Magic,0021500629,2016-01-20,ORL vs. PHI,L,37,7,15,0.467,0,0,,1,2,0.5,2,9,11,1,2,1,2,2,15,-3,36.7,1,2015-16
22015,203468,CJ McCollum,1610612757,POR,Portland Trail Blazers,0021500639,2016-01-20,POR vs. ATL,L,38,12,23,0.522,2,7,0.286,2,2,1.0,0,3,3,3,2,0,4,0,28,3,38.1,1,2015-16
22015,1626161,Willie Cauley-Stein,1610612758,SAC,Sacramento Kings,0021500638,2016-01-20,SAC @ LAL,W,29,5,8,0.625,0,0,,2,4,0.5,4,6,10,1,2,2,0,4,12,-1,37.5,1,2015-16
22015,203481,Jeff Withey,1610612762,UTA,Utah Jazz,0021500632,2016-01-20,UTA @ NYK,L,9,2,2,1.0,0,0,,2,2,1.0,0,1,1,0,0,1,0,1,6,5,10.2,1,2015-16
22015,203504,Trey Burke,1610612762,UTA,Utah Jazz,0021500632,2016-01-20,UTA @ NYK,L,31,5,13,0.385,2,4,0.5,0,0,,1,2,3,3,0,0,1,1,12,4,19.1,1,2015-16
22015,204060,Joe Ingles,1610612762,UTA,Utah Jazz,0021500632,2016-01-20,UTA @ NYK,L,9,1,3,0.333,0,2,0.0,0,0,,0,0,0,2,0,0,0,1,2,7,5.0,1,2015-16
22015,201971,DeJuan Blair,1610612764,WAS,Washington Wizards,0021500630,2016-01-20,WAS vs. MIA,W,3,1,1,1.0,0,0,,0,0,,0,0,0,0,0,0,1,1,2,-1,1.0,1,2015-16
22015,204067,Jarell Eddie,1610612764,WAS,Washington Wizards,0021500630,2016-01-20,WAS vs. MIA,W,2,1,1,1.0,1,1,1.0,0,0,,0,0,0,0,0,0,0,0,3,-2,3.0,1,2015-16
22015,203145,Kent Bazemore,1610612737,ATL,Atlanta Hawks,0021500643,2016-01-21,ATL @ SAC,L,28,5,9,0.556,1,3,0.333,0,1,0.0,0,4,4,2,1,0,3,0,11,-9,18.8,1,2015-16
22015,2747,JR Smith,1610612739,CLE,Cleveland Cavaliers,0021500640,2016-01-21,CLE vs. LAC,W,33,8,12,0.667,6,7,0.857,0,0,,1,1,2,2,0,0,0,5,22,30,27.4,1,2015-16
22015,202684,Tristan Thompson,1610612739,CLE,Cleveland Cavaliers,0021500640,2016-01-21,CLE vs. LAC,W,24,2,6,0.333,0,0,,4,6,0.667,5,7,12,0,0,0,2,4,8,7,20.4,1,2015-16
22015,202697,Iman Shumpert,1610612739,CLE,Cleveland Cavaliers,0021500640,2016-01-21,CLE vs. LAC,W,21,3,6,0.5,1,3,0.333,0,0,,1,1,2,1,0,0,1,4,7,-7,9.9,1,2015-16
22015,201583,Ryan Anderson,1610612740,NOP,New Orleans Pelicans,0021500641,2016-01-21,NOP vs. DET,W,31,5,9,0.556,0,1,0.0,3,3,1.0,1,1,2,0,0,0,1,1,13,13,14.4,1,2015-16
22015,202337,Luke Babbitt,1610612740,NOP,New Orleans Pelicans,0021500641,2016-01-21,NOP vs. DET,W,1,0,0,,0,0,,0,0,,0,0,0,0,0,0,0,0,0,-3,0.0,1,2015-16
22015,201589,Darrell Arthur,1610612743,DEN,Denver Nuggets,0021500642,2016-01-21,DEN vs. MEM,L,25,1,4,0.25,0,1,0.0,2,2,1.0,0,4,4,4,0,0,1,2,4,-1,13.8,1,2015-16
22015,203999,Nikola Jokić,1610612743,DEN,Denver Nuggets,0021500642,2016-01-21,DEN vs. MEM,L,14,2,3,0.667,0,0,,5,5,1.0,1,1,2,2,2,0,0,3,9,-1,20.4,1,2015-16
22015,1626144,Emmanuel Mudiay,1610612743,DEN,Denver Nuggets,0021500642,2016-01-21,DEN vs. MEM,L,33,6,13,0.462,2,5,0.4,0,2,0.0,0,3,3,8,0,0,1,2,14,-3,28.6,1,2015-16
22015,201599,DeAndre Jordan,1610612746,LAC,LA Clippers,0021500640,2016-01-21,LAC @ CLE,L,33,2,5,0.4,0,0,,6,15,0.4,3,10,13,1,0,0,1,1,10,-15,26.1,1,2015-16
22015,201601,Luc Mbah a Moute,1610612746,LAC,LA Clippers,0021500640,2016-01-21,LAC @ CLE,L,22,1,2,0.5,0,1,0.0,3,4,0.75,1,3,4,0,0,0,1,1,5,-10,8.8,1,2015-16
22015,203458,Alex Len,1610612756,PHX,Phoenix Suns,0021500644,2016-01-21,PHX vs. SAS,L,35,6,14,0.429,0,0,,1,2,0.5,1,7,8,4,1,2,2,5,13,-19,35.6,1,2015-16
22015,1626164,Devin Booker,1610612756,PHX,Phoenix Suns,0021500644,2016-01-21,PHX vs. SAS,L,44,8,16,0.5,2,6,0.333,6,7,0.857,0,1,1,5,0,0,1,4,24,-23,31.7,1,2015-16
22015,201954,Darren Collison,1610612758,SAC,Sacramento Kings,0021500643,2016-01-21,SAC vs. ATL,W,16,1,5,0.2,0,0,,1,2,0.5,0,0,0,0,1,0,1,1,3,-14,5.0,1,2015-16
22015,201956,Omri Casspi,1610612758,SAC,Sacramento Kings,0021500643,2016-01-21,SAC vs. ATL,W,38,4,10,0.4,3,7,0.429,2,4,0.5,1,4,5,2,5,0,1,3,13,0,36.0,1,2015-16
22015,2446,Rasual Butler,1610612759,SAS,San Antonio Spurs,0021500644,2016-01-21,SAS @ PHX,W,9,3,4,0.75,1,2,0.5,2,2,1.0,0,0,0,0,0,1,0,1,9,11,12.0,1,2015-16
22015,201980,Danny Green,1610612759,SAS,San Antonio Spurs,0021500644,2016-01-21,SAS @ PHX,W,13,1,1,1.0,0,0,,2,2,1.0,1,1,2,1,0,1,0,0,4,4,10.9,1,2015-16
22015,203492,Ray McCallum,1610612759,SAS,San Antonio Spurs,0021500644,2016-01-21,SAS @ PHX,W,29,5,10,0.5,1,3,0.333,0,0,,2,2,4,3,0,0,0,2,11,15,20.3,1,2015-16
22015,200757,Thabo Sefolosha,1610612737,ATL,Atlanta Hawks,0021500643,2016-01-21,ATL @ SAC,L,27,3,6,0.5,0,2,0.0,2,2,1.0,0,2,2,2,1,0,1,1,8,-1,15.4,1,2015-16
22015,203118,Mike Scott,1610612737,ATL,Atlanta Hawks,0021500643,2016-01-21,ATL @ SAC,L,14,2,4,0.5,2,3,0.667,0,0,,0,1,1,0,0,2,0,4,6,15,13.2,1,2015-16
22015,203501,Tim Hardaway Jr.,1610612737,ATL,Atlanta Hawks,0021500643,2016-01-21,ATL @ SAC,L,16,3,8,0.375,0,3,0.0,3,4,0.75,0,5,5,0,1,0,0,1,9,17,18.0,1,2015-16
22015,2544,LeBron James,1610612739,CLE,Cleveland Cavaliers,0021500640,2016-01-21,CLE vs. LAC,W,35,9,17,0.529,1,4,0.25,3,5,0.6,1,4,5,12,0,0,0,4,22,21,46.0,1,2015-16
22015,201567,Kevin Love,1610612739,CLE,Cleveland Cavaliers,0021500640,2016-01-21,CLE vs. LAC,W,33,4,10,0.4,3,6,0.5,7,8,0.875,2,14,16,2,1,0,5,3,18,11,38.2,1,2015-16
22015,202681,Kyrie Irving,1610612739,CLE,Cleveland Cavaliers,0021500640,2016-01-21,CLE vs. LAC,W,29,8,18,0.444,2,4,0.5,3,3,1.0,1,1,2,4,1,0,1,3,21,15,31.4,1,2015-16
22015,201950,Jrue Holiday,1610612740,NOP,New Orleans Pelicans,0021500641,2016-01-21,NOP vs. DET,W,22,3,11,0.273,0,1,0.0,0,0,,0,2,2,4,1,0,1,0,6,6,16.4,1,2015-16
22015,202708,Norris Cole,1610612740,NOP,New Orleans Pelicans,0021500641,2016-01-21,NOP vs. DET,W,31,5,11,0.455,0,0,,2,2,1.0,0,8,8,7,0,0,1,4,12,7,31.1,1,2015-16
22015,201568,Danilo Gallinari,1610612743,DEN,Denver Nuggets,0021500642,2016-01-21,DEN vs. MEM,L,31,5,15,0.333,3,9,0.333,4,4,1.0,1,2,3,0,0,0,1,2,17,10,19.6,1,2015-16
22015,203115,Will Barton,1610612743,DEN,Denver Nuggets,0021500642,2016-01-21,DEN vs. MEM,L,29,5,10,0.5,1,5,0.2,3,3,1.0,1,5,6,2,2,0,4,2,14,5,26.2,1,2015-16
22015,203530,Joffrey Lauvergne,1610612743,DEN,Denver Nuggets,0021500642,2016-01-21,DEN vs. MEM,L,28,3,3,1.0,1,1,1.0,2,2,1.0,3,5,8,3,0,0,2,6,9,2,21.1,1,2015-16
22015,203914,Gary Harris,1610612743,DEN,Denver Nuggets,0021500642,2016-01-21,DEN vs. MEM,L,21,3,9,0.333,1,3,0.333,0,0,,1,1,2,4,1,0,0,1,7,-2,18.4,1,2015-16
22015,203930,Sean Kilpatrick,1610612743,DEN,Denver Nuggets,0021500642,2016-01-21,DEN vs. MEM,L,12,1,4,0.25,1,4,0.25,1,2,0.5,0,0,0,1,1,0,0,0,4,-3,8.5,1,2015-16
22015,203994,Jusuf Nurkić,1610612743,DEN,Denver Nuggets,0021500642,2016-01-21,DEN vs. MEM,L,3,0,0,,0,0,,0,0,,0,0,0,0,0,0,1,3,0,-9,-1.0,1,2015-16
22015,202332,Cole Aldrich,1610612746,LAC,LA Clippers,0021500640,2016-01-21,LAC @ CLE,L,15,4,9,0.444,0,0,,3,4,0.75,2,2,4,3,0,1,0,3,11,6,23.3,1,2015-16
22015,202362,Lance Stephenson,1610612746,LAC,LA Clippers,0021500640,2016-01-21,LAC @ CLE,L,8,1,3,0.333,0,0,,0,0,,1,1,2,0,1,0,0,3,2,5,7.4,1,2015-16
22015,203085,Austin Rivers,1610612746,LAC,LA Clippers,0021500640,2016-01-21,LAC @ CLE,L,20,2,6,0.333,0,3,0.0,0,0,,0,2,2,3,1,1,1,4,4,-4,15.9,1,2015-16
22015,203912,C.J. Wilcox,1610612746,LAC,LA Clippers,0021500640,2016-01-21,LAC @ CLE,L,3,0,0,,0,0,,0,0,,0,0,0,0,0,0,0,0,0,2,0.0,1,2015-16
22015,2199,Tyson Chandler,1610612756,PHX,Phoenix Suns,0021500644,2016-01-21,PHX vs. SAS,L,36,3,7,0.429,0,0,,2,2,1.0,4,16,20,4,0,1,2,3,8,-15,39.0,1,2015-16
22015,200782,P.J. Tucker,1610612756,PHX,Phoenix Suns,0021500644,2016-01-21,PHX vs. SAS,L,6,0,0,,0,0,,0,0,,0,1,1,0,0,0,0,0,0,-6,1.2,1,2015-16
22015,201603,Sonny Weems,1610612756,PHX,Phoenix Suns,0021500644,2016-01-21,PHX vs. SAS,L,21,1,5,0.2,0,3,0.0,0,0,,0,0,0,1,0,0,2,5,2,-28,1.5,1,2015-16
22015,203928,Cory Jefferson,1610612756,PHX,Phoenix Suns,0021500644,2016-01-21,PHX vs. SAS,L,17,1,8,0.125,0,0,,2,2,1.0,3,2,5,0,0,0,0,2,4,-6,10.0,1,2015-16
22015,203933,T.J. Warren,1610612756,PHX,Phoenix Suns,0021500644,2016-01-21,PHX vs. SAS,L,33,8,13,0.615,2,2,1.0,0,0,,1,0,1,0,1,0,1,5,18,-15,21.2,1,2015-16
22015,202341,James Anderson,1610612758,SAC,Sacramento Kings,0021500643,2016-01-21,SAC vs. ATL,W,0,0,0,,0,0,,0,0,,0,1,1,0,0,0,0,0,0,0,1.2,1,2015-16
22015,203463,Ben McLemore,1610612758,SAC,Sacramento Kings,0021500643,2016-01-21,SAC vs. ATL,W,34,5,14,0.357,2,7,0.286,2,4,0.5,1,2,3,4,2,1,3,1,14,16,29.6,1,2015-16
22015,2561,David West,1610612759,SAS,San Antonio Spurs,0021500644,2016-01-21,SAS @ PHX,W,19,3,4,0.75,0,0,,2,2,1.0,0,4,4,3,2,1,0,1,8,13,26.3,1,2015-16
22015,2564,Boris Diaw,1610612759,SAS,San Antonio Spurs,0021500644,2016-01-21,SAS @ PHX,W,19,2,5,0.4,1,1,1.0,0,0,,0,4,4,4,0,2,1,0,5,14,20.8,1,2015-16
22015,201188,Marc Gasol,1610612763,MEM,Memphis Grizzlies,0021500642,2016-01-21,MEM @ DEN,W,35,9,14,0.643,0,0,,9,10,0.9,0,4,4,6,1,3,3,3,27,13,49.8,1,2015-16
22015,201596,Mario Chalmers,1610612763,MEM,Memphis Grizzlies,0021500642,2016-01-21,MEM @ DEN,W,21,2,7,0.286,1,4,0.25,0,0,,0,3,3,6,1,0,1,2,5,13,19.6,1,2015-16
22015,201229,Anthony Tolliver,1610612765,DET,Detroit Pistons,0021500641,2016-01-21,DET @ NOP,L,11,1,3,0.333,1,3,0.333,0,0,,0,1,1,1,0,0,0,0,3,-6,5.7,1,2015-16
22015,202704,Reggie Jackson,1610612765,DET,Detroit Pistons,0021500641,2016-01-21,DET @ NOP,L,28,4,11,0.364,0,4,0.0,0,0,,0,0,0,5,0,0,4,3,8,-15,11.5,1,2015-16
22015,201952,Jeff Teague,1610612737,ATL,Atlanta Hawks,0021500643,2016-01-21,ATL @ SAC,L,20,2,8,0.25,0,2,0.0,0,0,,0,2,2,4,1,1,3,2,4,-14,15.4,1,2015-16
22015,203471,Dennis Schröder,1610612737,ATL,Atlanta Hawks,0021500643,2016-01-21,ATL @ SAC,L,25,5,14,0.357,1,6,0.167,1,2,0.5,0,2,2,4,1,0,6,2,12,10,17.4,1,2015-16
22015,202389,Timofey Mozgov,1610612739,CLE,Cleveland Cavaliers,0021500640,2016-01-21,CLE vs. LAC,W,22,5,6,0.833,0,0,,1,2,0.5,2,3,5,1,2,2,0,2,11,2,30.5,1,2015-16
22015,201582,Alexis Ajinca,1610612740,NOP,New Orleans Pelicans,0021500641,2016-01-21,NOP vs. DET,W,10,3,3,1.0,0,0,,0,0,,0,3,3,0,0,1,0,1,6,0,12.6,1,2015-16
22015,201962,Toney Douglas,1610612740,NOP,New Orleans Pelicans,0021500641,2016-01-21,NOP vs. DET,W,11,1,3,0.333,0,1,0.0,0,0,,0,0,0,2,3,0,0,2,2,6,14.0,1,2015-16
22015,200751,Randy Foye,1610612743,DEN,Denver Nuggets,0021500642,2016-01-21,DEN vs. MEM,L,21,2,7,0.286,0,2,0.0,2,3,0.667,0,0,0,1,0,0,0,2,6,-5,7.5,1,2015-16
22015,202702,Kenneth Faried,1610612743,DEN,Denver Nuggets,0021500642,2016-01-21,DEN vs. MEM,L,24,8,12,0.667,0,0,,1,3,0.333,3,9,12,0,0,1,0,2,17,-1,34.4,1,2015-16
22015,1718,Paul Pierce,1610612746,LAC,LA Clippers,0021500640,2016-01-21,LAC @ CLE,L,17,0,5,0.0,0,3,0.0,0,0,,0,0,0,1,1,0,1,3,0,-11,3.5,1,2015-16
22015,202325,Wesley Johnson,1610612746,LAC,LA Clippers,0021500640,2016-01-21,LAC @ CLE,L,21,2,6,0.333,0,3,0.0,0,0,,0,3,3,0,1,0,0,2,4,-8,10.6,1,2015-16
22015,203143,Pablo Prigioni,1610612746,LAC,LA Clippers,0021500640,2016-01-21,LAC @ CLE,L,13,1,4,0.25,1,3,0.333,0,0,,0,2,2,2,1,0,0,0,3,-4,11.4,1,2015-16
22015,201158,Marco Belinelli,1610612758,SAC,Sacramento Kings,0021500643,2016-01-21,SAC vs. ATL,W,19,0,7,0.0,0,5,0.0,4,4,1.0,0,4,4,2,0,0,1,0,4,-3,10.8,1,2015-16
22015,201585,Kosta Koufos,1610612758,SAC,Sacramento Kings,0021500643,2016-01-21,SAC vs. ATL,W,15,2,5,0.4,0,0,,2,2,1.0,4,2,6,0,0,0,1,2,6,2,12.2,1,2015-16
22015,203613,Jonathon Simmons,1610612759,SAS,San Antonio Spurs,0021500644,2016-01-21,SAS @ PHX,W,25,5,9,0.556,1,2,0.5,2,5,0.4,0,1,1,1,1,0,2,3,13,12,16.7,1,2015-16
22015,1626246,Boban Marjanovic,1610612759,SAS,San Antonio Spurs,0021500644,2016-01-21,SAS @ PHX,W,22,6,10,0.6,0,0,,5,6,0.833,4,9,13,0,1,0,2,4,17,3,33.6,1,2015-16
22015,1713,Vince Carter,1610612763,MEM,Memphis Grizzlies,0021500642,2016-01-21,MEM @ DEN,W,8,0,3,0.0,0,2,0.0,0,0,,0,0,0,1,0,0,0,0,0,-11,1.5,1,2015-16
22015,201145,Jeff Green,1610612763,MEM,Memphis Grizzlies,0021500642,2016-01-21,MEM @ DEN,W,21,3,9,0.333,1,2,0.5,2,3,0.667,0,4,4,1,0,0,3,3,9,7,12.3,1,2015-16
22015,203099,Jared Cunningham,1610612739,CLE,Cleveland Cavaliers,0021500640,2016-01-21,CLE vs. LAC,W,2,0,0,,0,0,,0,0,,0,0,0,0,0,0,0,0,0,-6,0.0,1,2015-16
22015,201600,Omer Asik,1610612740,NOP,New Orleans Pelicans,0021500641,2016-01-21,NOP vs. DET,W,20,4,5,0.8,0,0,,4,4,1.0,4,4,8,0,0,1,0,1,12,7,24.6,1,2015-16
22015,201936,Tyreke Evans,1610612740,NOP,New Orleans Pelicans,0021500641,2016-01-21,NOP vs. DET,W,31,8,14,0.571,2,3,0.667,4,4,1.0,1,3,4,10,2,0,4,3,22,16,43.8,1,2015-16
22015,201967,Dante Cunningham,1610612740,NOP,New Orleans Pelicans,0021500641,2016-01-21,NOP vs. DET,W,19,1,3,0.333,1,2,0.5,0,0,,0,1,1,0,0,0,0,0,3,7,4.2,1,2015-16
22015,202087,Alonzo Gee,1610612740,NOP,New Orleans Pelicans,0021500641,2016-01-21,NOP vs. DET,W,29,3,4,0.75,1,2,0.5,0,0,,2,7,9,1,1,1,0,1,7,9,25.3,1,2015-16
22015,203076,Anthony Davis,1610612740,NOP,New Orleans Pelicans,0021500641,2016-01-21,NOP vs. DET,W,36,13,23,0.565,1,2,0.5,5,5,1.0,3,4,7,2,1,2,2,4,32,15,50.4,1,2015-16
22015,2034,Mike Miller,1610612743,DEN,Denver Nuggets,0021500642,2016-01-21,DEN vs. MEM,L,0,0,0,,0,0,,0,0,,0,0,0,1,0,0,0,0,0,3,1.5,1,2015-16
22015,2037,Jamal Crawford,1610612746,LAC,LA Clippers,0021500640,2016-01-21,LAC @ CLE,L,27,6,9,0.667,2,3,0.667,2,2,1.0,0,0,0,0,1,0,1,0,16,-4,18.0,1,2015-16
22015,101108,Chris Paul,1610612746,LAC,LA Clippers,0021500640,2016-01-21,LAC @ CLE,L,34,11,19,0.579,1,3,0.333,7,7,1.0,1,2,3,9,3,1,4,4,30,-4,55.1,1,2015-16
22015,200755,JJ Redick,1610612746,LAC,LA Clippers,0021500640,2016-01-21,LAC @ CLE,L,29,6,12,0.5,2,6,0.333,3,4,0.75,0,2,2,0,0,0,0,0,17,-18,19.4,1,2015-16
22015,203462,Archie Goodwin,1610612756,PHX,Phoenix Suns,0021500644,2016-01-21,PHX vs. SAS,L,39,5,14,0.357,2,5,0.4,8,10,0.8,0,3,3,2,1,1,4,2,20,-27,28.6,1,2015-16
22015,202326,DeMarcus Cousins,1610612758,SAC,Sacramento Kings,0021500643,2016-01-21,SAC vs. ATL,W,39,10,25,0.4,1,1,1.0,3,4,0.75,4,12,16,5,3,2,6,4,24,10,59.7,1,2015-16
22015,203112,Quincy Acy,1610612758,SAC,Sacramento Kings,0021500643,2016-01-21,SAC vs. ATL,W,11,1,2,0.5,0,0,,2,2,1.0,0,1,1,0,0,0,0,1,4,-10,5.2,1,2015-16
22015,1938,Manu Ginobili,1610612759,SAS,San Antonio Spurs,0021500644,2016-01-21,SAS @ PHX,W,6,0,2,0.0,0,0,,0,0,,0,0,0,0,0,0,1,0,0,-3,-1.0,1,2015-16
22015,2588,Matt Bonner,1610612759,SAS,San Antonio Spurs,0021500644,2016-01-21,SAS @ PHX,W,11,2,2,1.0,1,1,1.0,0,0,,1,1,2,1,1,0,0,0,5,11,11.9,1,2015-16
22015,200797,Ryan Hollins,1610612763,MEM,Memphis Grizzlies,0021500642,2016-01-21,MEM @ DEN,W,13,2,3,0.667,0,0,,0,0,,0,4,4,0,0,1,0,3,4,-12,11.8,1,2015-16
22015,201584,Courtney Lee,1610612763,MEM,Memphis Grizzlies,0021500642,2016-01-21,MEM @ DEN,W,35,4,6,0.667,0,2,0.0,2,2,1.0,0,4,4,0,1,0,1,2,10,11,16.8,1,2015-16
22015,203210,JaMychal Green,1610612763,MEM,Memphis Grizzlies,0021500642,2016-01-21,MEM @ DEN,W,14,3,4,0.75,1,1,1.0,0,0,,0,2,2,0,0,0,0,2,7,0,9.4,1,2015-16
22015,202694,Marcus Morris Sr.,1610612765,DET,Detroit Pistons,0021500641,2016-01-21,DET @ NOP,L,35,2,11,0.182,0,2,0.0,0,0,,3,3,6,2,0,1,2,0,4,-22,15.2,1,2015-16
22015,203083,Andre Drummond,1610612765,DET,Detroit Pistons,0021500641,2016-01-21,DET @ NOP,L,36,8,17,0.471,0,1,0.0,3,5,0.6,9,13,22,1,4,0,2,2,19,-8,56.9,1,2015-16
22015,203484,Kentavious Caldwell-Pope,1610612765,DET,Detroit Pistons,0021500641,2016-01-21,DET @ NOP,L,41,9,17,0.529,3,8,0.375,2,2,1.0,1,2,3,0,0,1,2,3,23,-11,27.6,1,2015-16
22015,1626169,Stanley Johnson,1610612765,DET,Detroit Pistons,0021500641,2016-01-21,DET @ NOP,L,20,3,6,0.5,0,2,0.0,0,0,,1,1,2,2,0,0,1,3,6,1,10.4,1,2015-16
22015,2594,Kyle Korver,1610612737,ATL,Atlanta Hawks,0021500643,2016-01-21,ATL @ SAC,L,28,3,11,0.273,3,10,0.3,0,0,,0,1,1,3,2,1,1,2,9,-12,22.7,1,2015-16
22015,200794,Paul Millsap,1610612737,ATL,Atlanta Hawks,0021500643,2016-01-21,ATL @ SAC,L,33,6,12,0.5,0,1,0.0,2,2,1.0,4,10,14,3,5,4,5,5,14,-16,57.3,1,2015-16
22015,201168,Tiago Splitter,1610612737,ATL,Atlanta Hawks,0021500643,2016-01-21,ATL @ SAC,L,15,1,1,1.0,0,0,,2,4,0.5,0,3,3,0,0,1,0,0,4,-6,10.6,1,2015-16
22015,2592,James Jones,1610612739,CLE,Cleveland Cavaliers,0021500640,2016-01-21,CLE vs. LAC,W,13,0,0,,0,0,,0,0,,0,0,0,1,0,0,1,4,0,0,0.5,1,2015-16
22015,203521,Matthew Dellavedova,1610612739,CLE,Cleveland Cavaliers,0021500640,2016-01-21,CLE vs. LAC,W,27,3,8,0.375,0,4,0.0,0,0,,1,2,3,6,1,0,3,2,6,-8,18.6,1,2015-16
22015,1626214,Bryce Dejean-Jones,1610612740,NOP,New Orleans Pelicans,0021500641,2016-01-21,NOP vs. DET,W,1,0,0,,0,0,,0,0,,0,0,0,0,0,0,0,0,0,-3,0.0,1,2015-16
22015,203485,Lorenzo Brown,1610612756,PHX,Phoenix Suns,0021500644,2016-01-21,PHX vs. SAS,L,9,0,4,0.0,0,2,0.0,0,0,,0,4,4,2,0,0,1,0,0,-1,6.8,1,2015-16
22015,200765,Rajon Rondo,1610612758,SAC,Sacramento Kings,0021500643,2016-01-21,SAC vs. ATL,W,38,5,16,0.313,1,4,0.25,0,0,,2,7,9,11,0,1,6,1,11,13,35.3,1,2015-16
22015,1626161,Willie Cauley-Stein,1610612758,SAC,Sacramento Kings,0021500643,2016-01-21,SAC vs. ATL,W,30,5,8,0.625,0,0,,2,2,1.0,5,6,11,0,2,0,0,1,12,1,31.2,1,2015-16
22015,200746,LaMarcus Aldridge,1610612759,SAS,San Antonio Spurs,0021500644,2016-01-21,SAS @ PHX,W,22,3,9,0.333,0,0,,1,1,1.0,0,5,5,2,0,0,1,3,7,7,15.0,1,2015-16
22015,203937,Kyle Anderson,1610612759,SAS,San Antonio Spurs,0021500644,2016-01-21,SAS @ PHX,W,25,3,5,0.6,1,1,1.0,2,2,1.0,0,4,4,3,1,1,0,3,9,16,24.3,1,2015-16
22015,2216,Zach Randolph,1610612763,MEM,Memphis Grizzlies,0021500642,2016-01-21,MEM @ DEN,W,29,5,7,0.714,0,0,,3,4,0.75,2,4,6,0,0,1,3,3,13,0,20.2,1,2015-16
22015,201144,Mike Conley,1610612763,MEM,Memphis Grizzlies,0021500642,2016-01-21,MEM @ DEN,W,27,5,9,0.556,2,3,0.667,8,10,0.8,1,2,3,2,1,0,0,3,20,-12,29.6,1,2015-16
22015,101141,Ersan Ilyasova,1610612765,DET,Detroit Pistons,0021500641,2016-01-21,DET @ NOP,L,37,3,10,0.3,0,4,0.0,4,5,0.8,3,1,4,1,0,0,2,1,10,-10,14.3,1,2015-16
22015,201943,Brandon Jennings,1610612765,DET,Detroit Pistons,0021500641,2016-01-21,DET @ NOP,L,20,6,11,0.545,3,6,0.5,5,6,0.833,0,1,1,5,0,0,1,0,20,-1,27.7,1,2015-16
22015,203382,Aron Baynes,1610612765,DET,Detroit Pistons,0021500641,2016-01-21,DET @ NOP,L,12,2,5,0.4,0,0,,2,2,1.0,1,4,5,0,1,0,1,2,6,-8,14.0,1,2015-16
22015,201143,Al Horford,1610612737,ATL,Atlanta Hawks,0021500643,2016-01-21,ATL @ SAC,L,34,5,11,0.455,1,3,0.333,0,0,,3,5,8,3,3,0,0,2,11,1,34.1,1,2015-16
22015,201988,Patty Mills,1610612759,SAS,San Antonio Spurs,0021500644,2016-01-21,SAS @ PHX,W,19,3,10,0.3,2,3,0.667,0,0,,1,0,1,3,2,0,1,2,8,13,18.7,1,2015-16
22015,202695,Kawhi Leonard,1610612759,SAS,San Antonio Spurs,0021500644,2016-01-21,SAS @ PHX,W,22,6,15,0.4,1,1,1.0,8,8,1.0,1,2,3,3,0,0,0,2,21,24,29.1,1,2015-16
22015,2440,Matt Barnes,1610612763,MEM,Memphis Grizzlies,0021500642,2016-01-21,MEM @ DEN,W,36,3,10,0.3,1,7,0.143,0,0,,1,6,7,5,3,1,1,2,7,-4,33.9,1,2015-16
22015,202340,Avery Bradley,1610612738,BOS,Boston Celtics,0021500646,2016-01-22,BOS vs. CHI,W,36,8,14,0.571,2,4,0.5,3,4,0.75,0,1,1,4,4,0,1,0,21,22,39.2,1,2015-16
22015,203092,Tyler Zeller,1610612738,BOS,Boston Celtics,0021500646,2016-01-22,BOS vs. CHI,W,16,3,6,0.5,0,0,,1,2,0.5,2,2,4,1,1,0,0,2,7,-7,16.3,1,2015-16
22015,203935,Marcus Smart,1610612738,BOS,Boston Celtics,0021500646,2016-01-22,BOS vs. CHI,W,29,3,12,0.25,0,5,0.0,2,2,1.0,4,1,5,2,1,1,1,0,8,1,22.0,1,2015-16
22015,2734,Devin Harris,1610612742,DAL,Dallas Mavericks,0021500651,2016-01-22,DAL vs. OKC,L,18,2,6,0.333,1,3,0.333,2,2,1.0,0,1,1,3,0,1,1,1,7,-22,14.7,1,2015-16
22015,101114,Deron Williams,1610612742,DAL,Dallas Mavericks,0021500651,2016-01-22,DAL vs. OKC,L,36,9,16,0.563,2,6,0.333,2,2,1.0,1,1,2,5,2,0,2,2,22,6,35.9,1,2015-16
22015,202083,Wesley Matthews,1610612742,DAL,Dallas Mavericks,0021500651,2016-01-22,DAL vs. OKC,L,35,5,14,0.357,1,7,0.143,2,2,1.0,1,2,3,1,5,1,0,1,13,6,36.1,1,2015-16
22015,2733,Shaun Livingston,1610612744,GSW,Golden State Warriors,0021500652,2016-01-22,GSW vs. IND,W,16,2,4,0.5,0,0,,2,2,1.0,0,1,1,2,1,0,1,1,6,-4,12.2,1,2015-16
22015,101106,Andrew Bogut,1610612744,GSW,Golden State Warriors,0021500652,2016-01-22,GSW vs. IND,W,19,1,6,0.167,0,0,,0,0,,3,3,6,1,0,3,0,1,2,17,19.7,1,2015-16
22015,201578,Marreese Speights,1610612744,GSW,Golden State Warriors,0021500652,2016-01-22,GSW vs. IND,W,6,1,3,0.333,1,1,1.0,0,0,,0,1,1,2,0,0,0,3,3,-5,7.2,1,2015-16
22015,1718,Paul Pierce,1610612746,LAC,LA Clippers,0021500648,2016-01-22,LAC @ NYK,W,19,5,10,0.5,3,6,0.5,0,0,,0,4,4,1,1,0,1,2,13,11,21.3,1,2015-16
22015,200755,JJ Redick,1610612746,LAC,LA Clippers,0021500648,2016-01-22,LAC @ NYK,W,24,3,6,0.5,1,2,0.5,0,0,,0,2,2,0,0,0,1,0,7,19,8.4,1,2015-16
22015,203143,Pablo Prigioni,1610612746,LAC,LA Clippers,0021500648,2016-01-22,LAC @ NYK,W,19,3,4,0.75,1,2,0.5,0,0,,1,3,4,4,4,0,0,0,7,6,29.8,1,2015-16
22015,1626148,Anthony Brown,1610612747,LAL,Los Angeles Lakers,0021500653,2016-01-22,LAL vs. SAS,L,21,1,6,0.167,0,3,0.0,0,0,,1,1,2,0,1,0,1,0,2,2,6.4,1,2015-16
22015,204020,Tyler Johnson,1610612748,MIA,Miami Heat,0021500649,2016-01-22,MIA @ TOR,L,33,2,7,0.286,0,1,0.0,0,0,,2,2,4,2,1,1,1,2,4,-20,16.8,1,2015-16
22015,201573,Jerryd Bayless,1610612749,MIL,Milwaukee Bucks,0021500650,2016-01-22,MIL @ HOU,L,20,1,6,0.167,1,4,0.25,0,0,,1,0,1,6,1,0,2,2,3,0,14.2,1,2015-16
22015,203114,Khris Middleton,1610612749,MIL,Milwaukee Bucks,0021500650,2016-01-22,MIL @ HOU,L,43,8,21,0.381,1,7,0.143,4,4,1.0,0,1,1,7,1,1,4,1,21,2,34.7,1,2015-16
22015,201152,Thaddeus Young,1610612751,BKN,Brooklyn Nets,0021500647,2016-01-22,BKN vs. UTA,L,27,5,10,0.5,0,1,0.0,0,2,0.0,0,2,2,1,0,0,0,1,10,-16,13.9,1,2015-16
22015,203186,Willie Reed,1610612751,BKN,Brooklyn Nets,0021500647,2016-01-22,BKN vs. UTA,L,25,4,9,0.444,0,0,,4,6,0.667,2,1,3,2,0,0,0,2,12,-12,18.6,1,2015-16
22015,203508,Sergey Karasev,1610612751,BKN,Brooklyn Nets,0021500647,2016-01-22,BKN vs. UTA,L,10,4,5,0.8,1,2,0.5,0,0,,0,1,1,1,0,0,0,0,9,7,11.7,1,2015-16
22015,203900,Markel Brown,1610612751,BKN,Brooklyn Nets,0021500647,2016-01-22,BKN vs. UTA,L,18,0,0,,0,0,,4,4,1.0,0,3,3,5,1,1,1,2,4,-3,20.1,1,2015-16
22015,201577,Robin Lopez,1610612752,NYK,New York Knicks,0021500648,2016-01-22,NYK vs. LAC,L,17,3,11,0.273,0,0,,0,0,,5,2,7,0,1,0,1,2,6,-15,16.4,1,2015-16
22015,202699,Tobias Harris,1610612753,ORL,Orlando Magic,0021500645,2016-01-22,ORL vs. CHA,L,39,9,14,0.643,0,4,0.0,4,5,0.8,0,5,5,2,0,2,1,5,22,-6,36.0,1,2015-16
22015,203506,Victor Oladipo,1610612753,ORL,Orlando Magic,0021500645,2016-01-22,ORL vs. CHA,L,42,11,19,0.579,5,8,0.625,2,2,1.0,1,3,4,3,1,0,4,3,29,-5,37.3,1,2015-16
22015,101139,CJ Miles,1610612754,IND,Indiana Pacers,0021500652,2016-01-22,IND @ GSW,L,24,1,7,0.143,0,3,0.0,1,2,0.5,3,3,6,1,1,0,2,0,3,7,12.7,1,2015-16
22015,202730,Lavoy Allen,1610612754,IND,Indiana Pacers,0021500652,2016-01-22,IND @ GSW,L,22,2,5,0.4,0,0,,1,2,0.5,4,2,6,2,1,0,1,2,5,0,17.2,1,2015-16
22015,2225,Tony Parker,1610612759,SAS,San Antonio Spurs,0021500653,2016-01-22,SAS @ LAL,W,22,5,11,0.455,0,1,0.0,0,1,0.0,0,1,1,2,0,0,1,2,10,12,13.2,1,2015-16
22015,2561,David West,1610612759,SAS,San Antonio Spurs,0021500653,2016-01-22,SAS @ LAL,W,24,4,8,0.5,0,0,,0,0,,1,6,7,1,1,1,0,2,8,7,23.9,1,2015-16
22015,201980,Danny Green,1610612759,SAS,San Antonio Spurs,0021500653,2016-01-22,SAS @ LAL,W,22,4,8,0.5,4,8,0.5,0,0,,1,4,5,2,1,4,0,0,12,20,36.0,1,2015-16
22015,201988,Patty Mills,1610612759,SAS,San Antonio Spurs,0021500653,2016-01-22,SAS @ LAL,W,18,6,10,0.6,3,3,1.0,0,0,,0,4,4,2,0,0,0,1,15,13,22.8,1,2015-16
22015,202695,Kawhi Leonard,1610612759,SAS,San Antonio Spurs,0021500653,2016-01-22,SAS @ LAL,W,29,5,11,0.455,1,4,0.25,7,8,0.875,1,3,4,2,2,3,0,0,18,15,40.8,1,2015-16
22015,2555,Nick Collison,1610612760,OKC,Oklahoma City Thunder,0021500651,2016-01-22,OKC @ DAL,W,21,1,2,0.5,0,0,,4,6,0.667,6,5,11,0,0,0,0,2,6,9,19.2,1,2015-16
22015,2449,Luis Scola,1610612761,TOR,Toronto Raptors,0021500649,2016-01-22,TOR vs. MIA,W,23,4,6,0.667,2,3,0.667,2,2,1.0,0,1,1,2,1,0,1,2,12,9,18.2,1,2015-16
22015,201942,DeMar DeRozan,1610612761,TOR,Toronto Raptors,0021500649,2016-01-22,TOR vs. MIA,W,36,12,25,0.48,4,5,0.8,5,6,0.833,1,5,6,4,1,0,1,3,33,16,48.2,1,2015-16
22015,202330,Gordon Hayward,1610612762,UTA,Utah Jazz,0021500647,2016-01-22,UTA @ BKN,W,31,8,12,0.667,3,4,0.75,2,2,1.0,0,4,4,9,1,0,3,3,21,22,39.3,1,2015-16
22015,203481,Jeff Withey,1610612762,UTA,Utah Jazz,0021500647,2016-01-22,UTA @ BKN,W,18,4,5,0.8,0,0,,0,0,,0,1,1,1,0,1,1,2,8,2,12.7,1,2015-16
22015,201946,Tyler Hansbrough,1610612766,CHA,Charlotte Hornets,0021500645,2016-01-22,CHA @ ORL,W,18,3,7,0.429,0,0,,0,0,,2,2,4,0,0,0,0,1,6,-4,10.8,1,2015-16
22015,203087,Jeremy Lamb,1610612766,CHA,Charlotte Hornets,0021500645,2016-01-22,CHA @ ORL,W,4,0,1,0.0,0,0,,0,0,,0,0,0,0,0,0,0,3,0,-5,0.0,1,2015-16
22015,202738,Isaiah Thomas,1610612738,BOS,Boston Celtics,0021500646,2016-01-22,BOS vs. CHI,W,31,7,15,0.467,3,7,0.429,5,8,0.625,1,2,3,5,1,0,1,2,22,10,35.1,1,2015-16
22015,203096,Jared Sullinger,1610612738,BOS,Boston Celtics,0021500646,2016-01-22,BOS vs. CHI,W,30,8,19,0.421,0,1,0.0,2,2,1.0,2,10,12,5,3,1,1,5,18,20,50.9,1,2015-16
22015,201565,Derrick Rose,1610612741,CHI,Chicago Bulls,0021500646,2016-01-22,CHI @ BOS,L,36,10,21,0.476,3,4,0.75,4,4,1.0,2,5,7,3,0,0,4,2,27,-15,35.9,1,2015-16
22015,201959,Taj Gibson,1610612741,CHI,Chicago Bulls,0021500646,2016-01-22,CHI @ BOS,L,23,3,6,0.5,0,0,,3,4,0.75,4,2,6,1,0,2,0,4,9,-7,23.7,1,2015-16
22015,203926,Doug McDermott,1610612741,CHI,Chicago Bulls,0021500646,2016-01-22,CHI @ BOS,L,23,0,1,0.0,0,1,0.0,0,0,,0,2,2,0,1,0,2,4,0,13,3.4,1,2015-16
22015,201580,JaVale McGee,1610612742,DAL,Dallas Mavericks,0021500651,2016-01-22,DAL vs. OKC,L,14,5,6,0.833,0,0,,1,2,0.5,2,2,4,0,0,0,0,3,11,-3,15.8,1,2015-16
22015,203939,Dwight Powell,1610612742,DAL,Dallas Mavericks,0021500651,2016-01-22,DAL vs. OKC,L,7,0,0,,0,0,,0,0,,1,1,2,0,0,0,0,2,0,-12,2.4,1,2015-16
22015,1891,Jason Terry,1610612745,HOU,Houston Rockets,0021500650,2016-01-22,HOU vs. MIL,W,19,2,9,0.222,2,8,0.25,0,0,,0,1,1,2,3,0,0,1,6,8,19.2,1,2015-16
22015,202362,Lance Stephenson,1610612746,LAC,LA Clippers,0021500648,2016-01-22,LAC @ NYK,W,6,0,2,0.0,0,0,,0,0,,0,1,1,1,0,0,0,1,0,0,2.7,1,2015-16
22015,977,Kobe Bryant,1610612747,LAL,Los Angeles Lakers,0021500653,2016-01-22,LAL vs. SAS,L,27,2,9,0.222,1,4,0.25,0,0,,1,1,2,6,0,1,3,2,5,-15,16.4,1,2015-16
22015,101138,Brandon Bass,1610612747,LAL,Los Angeles Lakers,0021500653,2016-01-22,LAL vs. SAS,L,20,1,4,0.25,0,0,,3,4,0.75,3,3,6,2,0,3,0,2,5,-9,24.2,1,2015-16
22015,1626159,Justise Winslow,1610612748,MIA,Miami Heat,0021500649,2016-01-22,MIA @ TOR,L,41,3,8,0.375,3,5,0.6,0,0,,1,7,8,2,0,0,1,3,9,-18,20.6,1,2015-16
22015,203487,Michael Carter-Williams,1610612749,MIL,Milwaukee Bucks,0021500650,2016-01-22,MIL @ HOU,L,35,4,11,0.364,0,2,0.0,3,5,0.6,4,8,12,5,2,0,4,3,11,-3,34.9,1,2015-16
22015,203507,Giannis Antetokounmpo,1610612749,MIL,Milwaukee Bucks,0021500650,2016-01-22,MIL @ HOU,L,34,7,12,0.583,0,0,,4,4,1.0,1,5,6,2,1,1,2,3,18,-5,32.2,1,2015-16
22015,1626173,Rashad Vaughn,1610612749,MIL,Milwaukee Bucks,0021500650,2016-01-22,MIL @ HOU,L,5,1,1,1.0,1,1,1.0,0,0,,0,0,0,0,0,0,0,0,3,-6,3.0,1,2015-16
22015,200745,Andrea Bargnani,1610612751,BKN,Brooklyn Nets,0021500647,2016-01-22,BKN vs. UTA,L,21,3,7,0.429,0,1,0.0,0,0,,0,1,1,1,0,1,1,1,6,-6,10.7,1,2015-16
22015,202711,Bojan Bogdanovic,1610612751,BKN,Brooklyn Nets,0021500647,2016-01-22,BKN vs. UTA,L,23,5,9,0.556,2,4,0.5,2,2,1.0,0,1,1,0,0,0,2,3,14,-4,13.2,1,2015-16
22015,203080,Thomas Robinson,1610612751,BKN,Brooklyn Nets,0021500647,2016-01-22,BKN vs. UTA,L,3,0,1,0.0,0,0,,0,0,,0,0,0,0,0,0,0,0,0,-7,0.0,1,2015-16
22015,101181,Jose Calderon,1610612752,NYK,New York Knicks,0021500648,2016-01-22,NYK vs. LAC,L,23,2,5,0.4,0,1,0.0,0,0,,1,5,6,4,0,0,0,2,4,-19,17.2,1,2015-16
22015,202338,Kevin Seraphin,1610612752,NYK,New York Knicks,0021500648,2016-01-22,NYK vs. LAC,L,13,3,7,0.429,0,0,,0,0,,1,2,3,2,0,1,3,1,6,-7,12.6,1,2015-16
22015,204001,Kristaps Porziņģis,1610612752,NYK,New York Knicks,0021500648,2016-01-22,NYK vs. LAC,L,28,4,17,0.235,2,6,0.333,3,4,0.75,3,5,8,0,0,0,2,2,13,-11,20.6,1,2015-16
22015,201941,Jordan Hill,1610612754,IND,Indiana Pacers,0021500652,2016-01-22,IND @ GSW,L,16,4,9,0.444,0,0,,0,0,,0,4,4,0,0,1,1,2,8,-12,14.8,1,2015-16
22015,1495,Tim Duncan,1610612759,SAS,San Antonio Spurs,0021500653,2016-01-22,SAS @ LAL,W,21,1,5,0.2,0,0,,2,2,1.0,1,2,3,3,1,1,1,0,4,8,17.1,1,2015-16
22015,1626246,Boban Marjanovic,1610612759,SAS,San Antonio Spurs,0021500653,2016-01-22,SAS @ LAL,W,9,1,1,1.0,0,0,,0,0,,1,0,1,0,0,0,0,1,2,-8,3.2,1,2015-16
22015,201142,Kevin Durant,1610612760,OKC,Oklahoma City Thunder,0021500651,2016-01-22,OKC @ DAL,W,38,10,21,0.476,2,8,0.25,2,2,1.0,0,3,3,7,1,2,3,0,24,-1,44.1,1,2015-16
22015,201566,Russell Westbrook,1610612760,OKC,Oklahoma City Thunder,0021500651,2016-01-22,OKC @ DAL,W,35,8,19,0.421,0,4,0.0,0,0,,3,5,8,7,2,1,4,4,16,-9,41.1,1,2015-16
22015,203079,Dion Waiters,1610612760,OKC,Oklahoma City Thunder,0021500651,2016-01-22,OKC @ DAL,W,35,5,10,0.5,3,6,0.5,0,2,0.0,0,4,4,1,0,1,0,2,13,3,22.3,1,2015-16
22015,202709,Cory Joseph,1610612761,TOR,Toronto Raptors,0021500649,2016-01-22,TOR vs. MIA,W,20,1,5,0.2,0,0,,0,0,,0,1,1,0,0,0,1,0,2,8,2.2,1,2015-16
22015,203497,Rudy Gobert,1610612762,UTA,Utah Jazz,0021500647,2016-01-22,UTA @ BKN,W,29,5,10,0.5,0,0,,0,0,,4,3,7,3,0,3,0,3,10,17,31.9,1,2015-16
22015,201150,Spencer Hawes,1610612766,CHA,Charlotte Hornets,0021500645,2016-01-22,CHA @ ORL,W,32,7,14,0.5,1,4,0.25,1,1,1.0,3,7,10,3,0,1,0,3,16,11,35.5,1,2015-16
22015,1626163,Frank Kaminsky,1610612766,CHA,Charlotte Hornets,0021500645,2016-01-22,CHA @ ORL,W,27,2,9,0.222,1,1,1.0,0,0,,4,2,6,1,1,0,1,0,5,3,15.7,1,2015-16
22015,201166,Aaron Brooks,1610612741,CHI,Chicago Bulls,0021500646,2016-01-22,CHI @ BOS,L,20,2,6,0.333,0,3,0.0,0,0,,0,0,0,0,0,0,1,4,4,-6,3.0,1,2015-16
22015,202710,Jimmy Butler III,1610612741,CHI,Chicago Bulls,0021500646,2016-01-22,CHI @ BOS,L,38,10,20,0.5,0,3,0.0,8,8,1.0,4,10,14,3,2,0,4,0,28,-15,51.3,1,2015-16
22015,1717,Dirk Nowitzki,1610612742,DAL,Dallas Mavericks,0021500651,2016-01-22,DAL vs. OKC,L,29,6,15,0.4,2,8,0.25,0,0,,0,2,2,1,1,2,1,2,14,-7,25.9,1,2015-16
22015,203546,Ian Clark,1610612744,GSW,Golden State Warriors,0021500652,2016-01-22,GSW vs. IND,W,1,1,1,1.0,0,0,,0,0,,0,0,0,0,0,0,0,1,2,-1,2.0,1,2015-16
22015,201147,Corey Brewer,1610612745,HOU,Houston Rockets,0021500650,2016-01-22,HOU vs. MIL,W,32,1,6,0.167,0,2,0.0,2,2,1.0,3,2,5,4,2,0,2,1,4,-9,20.0,1,2015-16
22015,201951,Ty Lawson,1610612745,HOU,Houston Rockets,0021500650,2016-01-22,HOU vs. MIL,W,28,5,10,0.5,1,4,0.25,0,0,,2,2,4,2,0,0,2,3,11,2,16.8,1,2015-16
22015,201977,Marcus Thornton,1610612745,HOU,Houston Rockets,0021500650,2016-01-22,HOU vs. MIL,W,14,4,12,0.333,2,4,0.5,0,0,,0,0,0,0,0,0,0,1,10,-5,10.0,1,2015-16
22015,201599,DeAndre Jordan,1610612746,LAC,LA Clippers,0021500648,2016-01-22,LAC @ NYK,W,30,7,7,1.0,0,0,,6,12,0.5,1,7,8,2,0,0,1,1,20,24,31.6,1,2015-16
22015,203085,Austin Rivers,1610612746,LAC,LA Clippers,0021500648,2016-01-22,LAC @ NYK,W,22,2,8,0.25,1,3,0.333,1,2,0.5,0,1,1,3,0,0,0,3,6,6,11.7,1,2015-16
22015,101150,Lou Williams,1610612747,LAL,Los Angeles Lakers,0021500653,2016-01-22,LAL vs. SAS,L,32,5,12,0.417,1,4,0.25,5,7,0.714,1,3,4,3,0,0,3,1,16,-14,22.3,1,2015-16
22015,203903,Jordan Clarkson,1610612747,LAL,Los Angeles Lakers,0021500653,2016-01-22,LAL vs. SAS,L,29,6,12,0.5,2,3,0.667,2,2,1.0,0,3,3,1,0,0,0,0,16,-12,21.1,1,2015-16
22015,203944,Julius Randle,1610612747,LAL,Los Angeles Lakers,0021500653,2016-01-22,LAL vs. SAS,L,34,6,14,0.429,0,0,,0,0,,3,11,14,1,0,0,0,3,12,-6,30.3,1,2015-16
22015,1626156,D'Angelo Russell,1610612747,LAL,Los Angeles Lakers,0021500653,2016-01-22,LAL vs. SAS,L,30,8,10,0.8,2,2,1.0,0,2,0.0,0,1,1,3,1,0,3,0,18,-8,23.7,1,2015-16
22015,1626273,Marcelo Huertas,1610612747,LAL,Los Angeles Lakers,0021500653,2016-01-22,LAL vs. SAS,L,5,0,0,,0,0,,0,0,,0,1,1,2,0,0,0,0,0,8,4.2,1,2015-16
22015,101123,Gerald Green,1610612748,MIA,Miami Heat,0021500649,2016-01-22,MIA @ TOR,L,22,0,7,0.0,0,3,0.0,0,0,,1,2,3,0,0,0,2,3,0,-5,1.6,1,2015-16
22015,202328,Greg Monroe,1610612749,MIL,Milwaukee Bucks,0021500650,2016-01-22,MIL @ HOU,L,30,10,17,0.588,0,0,,1,3,0.333,2,7,9,3,0,4,1,3,21,-1,47.3,1,2015-16
22015,201961,Wayne Ellington,1610612751,BKN,Brooklyn Nets,0021500647,2016-01-22,BKN vs. UTA,L,30,4,11,0.364,1,4,0.25,2,2,1.0,0,1,1,1,0,0,1,0,11,-21,12.7,1,2015-16
22015,202388,Donald Sloan,1610612751,BKN,Brooklyn Nets,0021500647,2016-01-22,BKN vs. UTA,L,25,0,4,0.0,0,0,,2,2,1.0,3,1,4,6,0,0,1,1,2,-14,14.8,1,2015-16
22015,203499,Shane Larkin,1610612751,BKN,Brooklyn Nets,0021500647,2016-01-22,BKN vs. UTA,L,13,1,5,0.2,0,1,0.0,0,0,,0,0,0,3,1,0,1,0,2,-15,8.5,1,2015-16
22015,101112,Channing Frye,1610612753,ORL,Orlando Magic,0021500645,2016-01-22,ORL vs. CHA,L,12,1,2,0.5,1,1,1.0,2,2,1.0,0,2,2,1,0,0,0,0,5,9,8.9,1,2015-16
22015,203894,Shabazz Napier,1610612753,ORL,Orlando Magic,0021500645,2016-01-22,ORL vs. CHA,L,15,2,2,1.0,1,1,1.0,0,0,,1,2,3,3,2,0,1,1,5,9,18.1,1,2015-16
22015,203932,Aaron Gordon,1610612753,ORL,Orlando Magic,0021500645,2016-01-22,ORL vs. CHA,L,24,4,4,1.0,1,1,1.0,1,3,0.333,1,6,7,4,0,0,2,6,10,1,22.4,1,2015-16
22015,201978,Chase Budinger,1610612754,IND,Indiana Pacers,0021500652,2016-01-22,IND @ GSW,L,14,2,2,1.0,0,0,,1,2,0.5,1,2,3,3,0,0,0,2,5,1,13.1,1,2015-16
22015,1626167,Myles Turner,1610612754,IND,Indiana Pacers,0021500652,2016-01-22,IND @ GSW,L,28,12,17,0.706,0,1,0.0,7,9,0.778,3,5,8,0,1,2,1,3,31,1,48.6,1,2015-16
22015,203492,Ray McCallum,1610612759,SAS,San Antonio Spurs,0021500653,2016-01-22,SAS @ LAL,W,7,0,2,0.0,0,0,,0,0,,0,0,0,0,0,0,1,0,0,-12,-1.0,1,2015-16
22015,203613,Jonathon Simmons,1610612759,SAS,San Antonio Spurs,0021500653,2016-01-22,SAS @ LAL,W,19,3,6,0.5,0,0,,0,0,,0,0,0,1,0,0,0,2,6,-2,7.5,1,2015-16
22015,201586,Serge Ibaka,1610612760,OKC,Oklahoma City Thunder,0021500651,2016-01-22,OKC @ DAL,W,38,6,11,0.545,2,4,0.5,0,0,,1,2,3,0,0,1,3,4,14,1,17.6,1,2015-16
22015,202713,Kyle Singler,1610612760,OKC,Oklahoma City Thunder,0021500651,2016-01-22,OKC @ DAL,W,23,3,7,0.429,1,4,0.25,3,3,1.0,2,3,5,0,0,1,1,3,10,-13,18.0,1,2015-16
22015,203082,Terrence Ross,1610612761,TOR,Toronto Raptors,0021500649,2016-01-22,TOR vs. MIA,W,22,4,4,1.0,2,2,1.0,3,4,0.75,0,2,2,1,0,0,2,0,13,3,14.9,1,2015-16
22015,202353,Tibor Pleiss,1610612762,UTA,Utah Jazz,0021500647,2016-01-22,UTA @ BKN,W,3,1,2,0.5,0,1,0.0,0,0,,0,0,0,0,0,0,0,2,2,-2,2.0,1,2015-16
22015,1626168,Trey Lyles,1610612762,UTA,Utah Jazz,0021500647,2016-01-22,UTA @ BKN,W,24,4,9,0.444,1,2,0.5,1,2,0.5,2,3,5,0,1,0,3,0,10,10,16.0,1,2015-16
22015,1626266,JJ O'Brien,1610612762,UTA,Utah Jazz,0021500647,2016-01-22,UTA @ BKN,W,2,0,1,0.0,0,0,,0,0,,0,0,0,0,0,0,0,0,0,-4,0.0,1,2015-16
22015,203148,Brian Roberts,1610612766,CHA,Charlotte Hornets,0021500645,2016-01-22,CHA @ ORL,W,24,4,5,0.8,1,2,0.5,2,2,1.0,0,2,2,1,0,0,1,2,11,16,13.9,1,2015-16
22015,203584,Troy Daniels,1610612766,CHA,Charlotte Hornets,0021500645,2016-01-22,CHA @ ORL,W,32,7,15,0.467,3,5,0.6,0,0,,2,1,3,2,0,1,1,4,17,20,25.6,1,2015-16
22015,202323,Evan Turner,1610612738,BOS,Boston Celtics,0021500646,2016-01-22,BOS vs. CHI,W,20,4,7,0.571,0,2,0.0,2,2,1.0,2,3,5,5,1,0,5,1,10,-8,21.5,1,2015-16
22015,203109,Jae Crowder,1610612738,BOS,Boston Celtics,0021500646,2016-01-22,BOS vs. CHI,W,34,3,10,0.3,1,2,0.5,0,0,,1,1,2,1,3,2,0,4,7,-8,25.9,1,2015-16
22015,202703,Nikola Mirotic,1610612741,CHI,Chicago Bulls,0021500646,2016-01-22,CHI @ BOS,L,26,1,7,0.143,0,2,0.0,3,4,0.75,1,4,5,0,2,1,3,0,5,0,17.0,1,2015-16
22015,203503,Tony Snell,1610612741,CHI,Chicago Bulls,0021500646,2016-01-22,CHI @ BOS,L,17,1,1,1.0,0,0,,0,0,,0,1,1,1,1,0,0,0,2,-7,7.7,1,2015-16
22015,1626171,Bobby Portis,1610612741,CHI,Chicago Bulls,0021500646,2016-01-22,CHI @ BOS,L,18,4,12,0.333,0,0,,0,2,0.0,1,2,3,0,1,1,1,0,8,13,16.6,1,2015-16
22015,2585,Zaza Pachulia,1610612742,DAL,Dallas Mavericks,0021500651,2016-01-22,DAL vs. OKC,L,25,2,5,0.4,0,0,,0,0,,1,7,8,5,0,0,2,2,4,-6,19.1,1,2015-16
22015,200826,J.J. Barea,1610612742,DAL,Dallas Mavericks,0021500651,2016-01-22,DAL vs. OKC,L,21,2,6,0.333,0,1,0.0,0,0,,0,4,4,3,0,0,0,0,4,-6,13.3,1,2015-16
22015,202718,Chandler Parsons,1610612742,DAL,Dallas Mavericks,0021500651,2016-01-22,DAL vs. OKC,L,37,8,16,0.5,4,6,0.667,6,6,1.0,1,4,5,3,1,0,1,1,26,5,38.5,1,2015-16
22015,2571,Leandro Barbosa,1610612744,GSW,Golden State Warriors,0021500652,2016-01-22,GSW vs. IND,W,14,5,7,0.714,0,0,,3,3,1.0,0,1,1,0,1,0,3,2,13,-6,14.2,1,2015-16
22015,202691,Klay Thompson,1610612744,GSW,Golden State Warriors,0021500652,2016-01-22,GSW vs. IND,W,35,6,16,0.375,4,10,0.4,2,2,1.0,1,2,3,5,0,0,3,0,18,18,26.1,1,2015-16
22015,203110,Draymond Green,1610612744,GSW,Golden State Warriors,0021500652,2016-01-22,GSW vs. IND,W,36,10,15,0.667,0,2,0.0,2,2,1.0,3,8,11,2,4,0,3,4,22,19,47.2,1,2015-16
22015,2746,Josh Smith,1610612745,HOU,Houston Rockets,0021500650,2016-01-22,HOU vs. MIL,W,21,1,10,0.1,0,4,0.0,0,2,0.0,3,2,5,6,2,3,2,4,2,-6,30.0,1,2015-16
22015,201935,James Harden,1610612745,HOU,Houston Rockets,0021500650,2016-01-22,HOU vs. MIL,W,34,9,15,0.6,5,8,0.625,7,8,0.875,0,5,5,8,2,0,2,2,30,9,52.0,1,2015-16
22015,203991,Clint Capela,1610612745,HOU,Houston Rockets,0021500650,2016-01-22,HOU vs. MIL,W,24,3,3,1.0,0,0,,0,2,0.0,4,5,9,2,1,2,1,6,6,8,27.8,1,2015-16
22015,101108,Chris Paul,1610612746,LAC,LA Clippers,0021500648,2016-01-22,LAC @ NYK,W,28,6,15,0.4,2,4,0.5,2,2,1.0,0,6,6,13,1,0,2,3,16,19,43.7,1,2015-16
22015,201601,Luc Mbah a Moute,1610612746,LAC,LA Clippers,0021500648,2016-01-22,LAC @ NYK,W,22,2,2,1.0,0,0,,0,0,,0,2,2,1,1,0,1,3,4,25,9.9,1,2015-16
22015,202325,Wesley Johnson,1610612746,LAC,LA Clippers,0021500648,2016-01-22,LAC @ NYK,W,23,5,5,1.0,4,4,1.0,0,0,,0,3,3,1,2,2,0,2,14,15,31.1,1,2015-16
22015,203912,C.J. Wilcox,1610612746,LAC,LA Clippers,0021500648,2016-01-22,LAC @ NYK,W,6,2,2,1.0,0,0,,0,0,,0,0,0,0,0,0,0,0,4,0,4.0,1,2015-16
22015,2405,Amar'e Stoudemire,1610612748,MIA,Miami Heat,0021500649,2016-01-22,MIA @ TOR,L,18,4,5,0.8,0,0,,0,0,,2,3,5,0,0,0,2,2,8,-11,12.0,1,2015-16
22015,2617,Udonis Haslem,1610612748,MIA,Miami Heat,0021500649,2016-01-22,MIA @ TOR,L,16,2,6,0.333,0,0,,2,2,1.0,4,5,9,0,0,0,0,0,6,-1,16.8,1,2015-16
22015,1626196,Josh Richardson,1610612748,MIA,Miami Heat,0021500649,2016-01-22,MIA @ TOR,L,33,3,9,0.333,0,3,0.0,0,0,,1,1,2,4,2,1,1,5,6,-6,22.4,1,2015-16
22015,203089,John Henson,1610612749,MIL,Milwaukee Bucks,0021500650,2016-01-22,MIL @ HOU,L,18,2,4,0.5,0,0,,4,4,1.0,2,4,6,2,0,2,1,3,8,-3,23.2,1,2015-16
22015,203953,Jabari Parker,1610612749,MIL,Milwaukee Bucks,0021500650,2016-01-22,MIL @ HOU,L,40,5,9,0.556,0,0,,1,2,0.5,3,7,10,4,2,2,1,1,11,6,40.0,1,2015-16
22015,2546,Carmelo Anthony,1610612752,NYK,New York Knicks,0021500648,2016-01-22,NYK vs. LAC,L,31,4,12,0.333,1,3,0.333,7,8,0.875,0,4,4,6,1,1,2,0,16,-19,33.8,1,2015-16
22015,201167,Arron Afflalo,1610612752,NYK,New York Knicks,0021500648,2016-01-22,NYK vs. LAC,L,30,1,5,0.2,0,1,0.0,3,3,1.0,0,1,1,2,1,0,1,3,5,-28,11.2,1,2015-16
22015,202682,Derrick Williams,1610612752,NYK,New York Knicks,0021500648,2016-01-22,NYK vs. LAC,L,29,4,9,0.444,0,3,0.0,1,1,1.0,1,6,7,0,1,0,2,3,9,-23,18.4,1,2015-16
22015,203124,Kyle O'Quinn,1610612752,NYK,New York Knicks,0021500648,2016-01-22,NYK vs. LAC,L,5,2,3,0.667,0,0,,0,0,,1,2,3,0,0,0,2,0,4,-3,5.6,1,2015-16
22015,1626170,Jerian Grant,1610612752,NYK,New York Knicks,0021500648,2016-01-22,NYK vs. LAC,L,24,4,6,0.667,1,2,0.5,4,4,1.0,0,1,1,8,0,0,2,4,13,-8,24.2,1,2015-16
22015,202696,Nikola Vučević,1610612753,ORL,Orlando Magic,0021500645,2016-01-22,ORL vs. CHA,L,39,6,17,0.353,0,0,,3,3,1.0,1,11,12,4,1,6,4,2,15,-8,52.4,1,2015-16
22015,203094,Andrew Nicholson,1610612753,ORL,Orlando Magic,0021500645,2016-01-22,ORL vs. CHA,L,5,0,0,,0,0,,0,0,,0,1,1,0,0,0,0,0,0,-3,1.2,1,2015-16
22015,203095,Evan Fournier,1610612753,ORL,Orlando Magic,0021500645,2016-01-22,ORL vs. CHA,L,33,6,14,0.429,1,5,0.2,2,2,1.0,0,2,2,2,0,1,1,2,15,-16,22.4,1,2015-16
22015,202331,Paul George,1610612754,IND,Indiana Pacers,0021500652,2016-01-22,IND @ GSW,L,31,5,15,0.333,1,4,0.25,1,2,0.5,0,2,2,1,3,0,2,5,12,-15,22.9,1,2015-16
22015,203922,Glenn Robinson III,1610612754,IND,Indiana Pacers,0021500652,2016-01-22,IND @ GSW,L,31,1,8,0.125,0,2,0.0,2,2,1.0,1,3,4,2,2,0,1,0,4,-17,16.8,1,2015-16
22015,1938,Manu Ginobili,1610612759,SAS,San Antonio Spurs,0021500653,2016-01-22,SAS @ LAL,W,19,9,10,0.9,2,2,1.0,0,0,,0,4,4,4,5,2,2,0,20,3,49.8,1,2015-16
22015,202683,Enes Freedom,1610612760,OKC,Oklahoma City Thunder,0021500651,2016-01-22,OKC @ DAL,W,24,7,10,0.7,0,0,,2,2,1.0,4,5,9,0,0,0,1,2,16,13,25.8,1,2015-16
22015,203460,Andre Roberson,1610612760,OKC,Oklahoma City Thunder,0021500651,2016-01-22,OKC @ DAL,W,13,1,1,1.0,0,0,,0,0,,1,1,2,0,0,0,0,0,2,0,4.4,1,2015-16
22015,202344,Trevor Booker,1610612762,UTA,Utah Jazz,0021500647,2016-01-22,UTA @ BKN,W,22,6,10,0.6,1,1,1.0,0,0,,3,7,10,1,0,0,2,3,13,17,24.5,1,2015-16
22015,203187,Chris Johnson,1610612762,UTA,Utah Jazz,0021500647,2016-01-22,UTA @ BKN,W,25,1,1,1.0,0,0,,1,2,0.5,0,2,2,6,2,0,1,1,3,16,19.4,1,2015-16
22015,203504,Trey Burke,1610612762,UTA,Utah Jazz,0021500647,2016-01-22,UTA @ BKN,W,19,4,7,0.571,2,3,0.667,2,2,1.0,0,3,3,3,0,0,0,2,12,8,20.1,1,2015-16
22015,202391,Jeremy Lin,1610612766,CHA,Charlotte Hornets,0021500645,2016-01-22,CHA @ ORL,W,30,2,6,0.333,1,2,0.5,2,2,1.0,0,1,1,4,0,0,3,3,7,-11,11.2,1,2015-16
22015,203798,PJ Hairston,1610612766,CHA,Charlotte Hornets,0021500645,2016-01-22,CHA @ ORL,W,18,3,5,0.6,1,2,0.5,0,0,,0,1,1,1,3,0,0,2,7,-17,18.7,1,2015-16
22015,201973,Jonas Jerebko,1610612738,BOS,Boston Celtics,0021500646,2016-01-22,BOS vs. CHI,W,18,2,2,1.0,1,1,1.0,0,0,,1,4,5,1,0,1,2,3,5,3,13.5,1,2015-16
22015,203482,Kelly Olynyk,1610612738,BOS,Boston Celtics,0021500646,2016-01-22,BOS vs. CHI,W,26,5,11,0.455,1,1,1.0,1,1,1.0,3,6,9,2,0,1,1,5,12,12,27.8,1,2015-16
22015,202734,E'Twaun Moore,1610612741,CHI,Chicago Bulls,0021500646,2016-01-22,CHI @ BOS,L,8,0,2,0.0,0,0,,0,0,,0,1,1,0,0,0,0,2,0,5,1.2,1,2015-16
22015,101109,Raymond Felton,1610612742,DAL,Dallas Mavericks,0021500651,2016-01-22,DAL vs. OKC,L,9,0,2,0.0,0,2,0.0,0,0,,0,1,1,3,0,0,1,1,0,12,4.7,1,2015-16
22015,1626257,Salah Mejri,1610612742,DAL,Dallas Mavericks,0021500651,2016-01-22,DAL vs. OKC,L,8,1,1,1.0,0,0,,3,4,0.75,0,1,1,0,0,2,0,0,5,12,12.2,1,2015-16
22015,2738,Andre Iguodala,1610612744,GSW,Golden State Warriors,0021500652,2016-01-22,GSW vs. IND,W,29,4,8,0.5,1,4,0.25,1,2,0.5,1,3,4,1,1,0,4,3,10,-5,15.3,1,2015-16
22015,201575,Brandon Rush,1610612744,GSW,Golden State Warriors,0021500652,2016-01-22,GSW vs. IND,W,1,0,0,,0,0,,0,0,,0,0,0,0,0,0,0,0,0,-1,0.0,1,2015-16
22015,201939,Stephen Curry,1610612744,GSW,Golden State Warriors,0021500652,2016-01-22,GSW vs. IND,W,37,11,19,0.579,8,15,0.533,9,9,1.0,2,8,10,12,1,0,2,1,39,22,70.0,1,2015-16
22015,203084,Harrison Barnes,1610612744,GSW,Golden State Warriors,0021500652,2016-01-22,GSW vs. IND,W,35,2,10,0.2,0,1,0.0,2,3,0.667,4,7,11,5,0,0,1,5,6,10,25.7,1,2015-16
22015,203105,Festus Ezeli,1610612744,GSW,Golden State Warriors,0021500652,2016-01-22,GSW vs. IND,W,11,0,1,0.0,0,0,,1,2,0.5,0,2,2,1,1,1,0,3,1,-4,10.9,1,2015-16
22015,2772,Trevor Ariza,1610612745,HOU,Houston Rockets,0021500650,2016-01-22,HOU vs. MIL,W,37,6,15,0.4,5,11,0.455,2,2,1.0,1,4,5,2,0,1,1,0,19,15,30.0,1,2015-16
22015,203093,Terrence Jones,1610612745,HOU,Houston Rockets,0021500650,2016-01-22,HOU vs. MIL,W,32,7,14,0.5,0,3,0.0,0,0,,2,6,8,1,0,4,1,3,14,-2,36.1,1,2015-16
22015,202332,Cole Aldrich,1610612746,LAC,LA Clippers,0021500648,2016-01-22,LAC @ NYK,W,18,4,6,0.667,0,0,,4,4,1.0,1,4,5,0,1,1,1,2,12,4,23.0,1,2015-16
22015,201579,Roy Hibbert,1610612747,LAL,Los Angeles Lakers,0021500653,2016-01-22,LAL vs. SAS,L,22,5,9,0.556,0,0,,0,0,,1,4,5,1,1,0,0,3,10,-12,20.5,1,2015-16
22015,203527,Ryan Kelly,1610612747,LAL,Los Angeles Lakers,0021500653,2016-01-22,LAL vs. SAS,L,12,2,5,0.4,0,0,,3,3,1.0,2,3,5,0,0,0,1,1,7,-11,12.0,1,2015-16
22015,204028,Tarik Black,1610612747,LAL,Los Angeles Lakers,0021500653,2016-01-22,LAL vs. SAS,L,7,2,3,0.667,0,0,,0,0,,0,2,2,0,0,1,0,0,4,12,9.4,1,2015-16
22015,2547,Chris Bosh,1610612748,MIA,Miami Heat,0021500649,2016-01-22,MIA @ TOR,L,39,9,19,0.474,1,5,0.2,7,9,0.778,2,5,7,1,0,0,1,0,26,-20,34.9,1,2015-16
22015,2548,Dwyane Wade,1610612748,MIA,Miami Heat,0021500649,2016-01-22,MIA @ TOR,L,37,10,20,0.5,0,0,,2,6,0.333,1,2,3,4,1,0,4,1,22,-17,30.6,1,2015-16
22015,203948,Johnny O'Bryant III,1610612749,MIL,Milwaukee Bucks,0021500650,2016-01-22,MIL @ HOU,L,16,1,4,0.25,0,0,,0,0,,1,2,3,1,0,0,0,1,2,-10,7.1,1,2015-16
22015,2207,Joe Johnson,1610612751,BKN,Brooklyn Nets,0021500647,2016-01-22,BKN vs. UTA,L,25,3,6,0.5,2,3,0.667,0,0,,0,5,5,4,1,0,1,2,8,-16,22.0,1,2015-16
22015,201572,Brook Lopez,1610612751,BKN,Brooklyn Nets,0021500647,2016-01-22,BKN vs. UTA,L,19,4,8,0.5,0,0,,0,0,,1,2,3,0,2,0,3,3,8,-3,14.6,1,2015-16
22015,2756,Sasha Vujacic,1610612752,NYK,New York Knicks,0021500648,2016-01-22,NYK vs. LAC,L,12,0,0,,0,0,,0,0,,0,0,0,0,1,0,0,1,0,-6,3.0,1,2015-16
22015,204038,Langston Galloway,1610612752,NYK,New York Knicks,0021500648,2016-01-22,NYK vs. LAC,L,24,5,7,0.714,0,2,0.0,0,0,,0,2,2,1,0,0,2,4,10,-4,11.9,1,2015-16
22015,201160,Jason Smith,1610612753,ORL,Orlando Magic,0021500645,2016-01-22,ORL vs. CHA,L,14,2,5,0.4,0,0,,0,1,0.0,0,1,1,1,1,0,1,1,4,5,8.7,1,2015-16
22015,203901,Elfrid Payton,1610612753,ORL,Orlando Magic,0021500645,2016-01-22,ORL vs. CHA,L,35,4,14,0.286,2,3,0.667,1,1,1.0,3,6,9,10,1,0,4,4,11,-12,35.8,1,2015-16
22015,1626209,Mario Hezonja,1610612753,ORL,Orlando Magic,0021500645,2016-01-22,ORL vs. CHA,L,7,0,0,,0,0,,0,0,,0,2,2,1,0,0,1,1,0,6,2.9,1,2015-16
22015,203524,Solomon Hill,1610612754,IND,Indiana Pacers,0021500652,2016-01-22,IND @ GSW,L,21,3,6,0.5,0,1,0.0,2,2,1.0,1,4,5,2,1,0,0,0,8,-12,20.0,1,2015-16
22015,2564,Boris Diaw,1610612759,SAS,San Antonio Spurs,0021500653,2016-01-22,SAS @ LAL,W,21,1,3,0.333,0,0,,2,2,1.0,1,2,3,4,0,0,0,3,4,16,13.6,1,2015-16
22015,203937,Kyle Anderson,1610612759,SAS,San Antonio Spurs,0021500653,2016-01-22,SAS @ LAL,W,13,1,6,0.167,0,2,0.0,0,0,,1,0,1,2,0,1,1,1,2,-9,8.2,1,2015-16
22015,1626166,Cameron Payne,1610612760,OKC,Oklahoma City Thunder,0021500651,2016-01-22,OKC @ DAL,W,13,4,10,0.4,0,4,0.0,0,0,,0,2,2,3,0,0,2,2,8,12,12.9,1,2015-16
22015,201949,James Johnson,1610612761,TOR,Toronto Raptors,0021500649,2016-01-22,TOR vs. MIA,W,27,3,7,0.429,2,4,0.5,0,0,,1,2,3,2,0,2,2,1,8,14,18.6,1,2015-16
22015,202335,Patrick Patterson,1610612761,TOR,Toronto Raptors,0021500649,2016-01-22,TOR vs. MIA,W,24,2,5,0.4,1,4,0.25,0,0,,0,2,2,0,0,0,1,3,5,9,6.4,1,2015-16
22015,202685,Jonas Valančiūnas,1610612761,TOR,Toronto Raptors,0021500649,2016-01-22,TOR vs. MIA,W,27,2,7,0.286,0,0,,5,6,0.833,3,10,13,3,0,3,1,3,9,18,37.1,1,2015-16
22015,202687,Bismack Biyombo,1610612761,TOR,Toronto Raptors,0021500649,2016-01-22,TOR vs. MIA,W,21,1,3,0.333,0,0,,0,0,,1,7,8,1,0,2,1,2,2,2,18.1,1,2015-16
22015,203461,Anthony Bennett,1610612761,TOR,Toronto Raptors,0021500649,2016-01-22,TOR vs. MIA,W,2,0,0,,0,0,,0,0,,0,1,1,0,0,0,0,0,0,2,1.2,1,2015-16
22015,1626153,Delon Wright,1610612761,TOR,Toronto Raptors,0021500649,2016-01-22,TOR vs. MIA,W,2,1,1,1.0,0,0,,0,0,,0,0,0,0,0,0,0,0,2,2,2.0,1,2015-16
22015,101107,Marvin Williams,1610612766,CHA,Charlotte Hornets,0021500645,2016-01-22,CHA @ ORL,W,34,3,11,0.273,0,4,0.0,5,5,1.0,3,11,14,2,2,1,1,1,11,0,38.8,1,2015-16
22015,202689,Kemba Walker,1610612766,CHA,Charlotte Hornets,0021500645,2016-01-22,CHA @ ORL,W,46,14,28,0.5,2,7,0.286,10,12,0.833,0,7,7,9,4,1,2,0,40,7,74.9,1,2015-16
22015,2200,Pau Gasol,1610612741,CHI,Chicago Bulls,0021500646,2016-01-22,CHI @ BOS,L,31,7,13,0.538,0,0,,4,4,1.0,3,8,11,3,0,0,5,3,18,-26,30.7,1,2015-16
22015,2037,Jamal Crawford,1610612746,LAC,LA Clippers,0021500648,2016-01-22,LAC @ NYK,W,23,4,9,0.444,1,2,0.5,4,4,1.0,0,0,0,1,0,0,2,0,13,11,12.5,1,2015-16
22015,203950,Jarnell Stokes,1610612748,MIA,Miami Heat,0021500649,2016-01-22,MIA @ TOR,L,2,0,0,,0,0,,0,0,,0,1,1,0,0,0,0,0,0,-2,1.2,1,2015-16
22015,200811,Lou Amundson,1610612752,NYK,New York Knicks,0021500648,2016-01-22,NYK vs. LAC,L,4,1,3,0.333,0,0,,0,0,,0,0,0,1,0,0,0,0,2,3,3.5,1,2015-16
22015,101145,Monta Ellis,1610612754,IND,Indiana Pacers,0021500652,2016-01-22,IND @ GSW,L,25,8,14,0.571,1,3,0.333,1,2,0.5,1,2,3,3,1,1,2,3,18,-16,30.1,1,2015-16
22015,1626202,Joe Young,1610612754,IND,Indiana Pacers,0021500652,2016-01-22,IND @ GSW,L,28,6,12,0.5,1,3,0.333,3,4,0.75,1,2,3,8,1,0,3,3,16,3,31.6,1,2015-16
22015,2446,Rasual Butler,1610612759,SAS,San Antonio Spurs,0021500653,2016-01-22,SAS @ LAL,W,15,3,4,0.75,1,1,1.0,0,0,,0,2,2,3,0,1,0,2,7,2,16.9,1,2015-16
22015,200768,Kyle Lowry,1610612761,TOR,Toronto Raptors,0021500649,2016-01-22,TOR vs. MIA,W,38,5,12,0.417,2,7,0.286,3,3,1.0,0,4,4,6,2,1,2,1,15,17,35.8,1,2015-16
22015,203526,Raul Neto,1610612762,UTA,Utah Jazz,0021500647,2016-01-22,UTA @ BKN,W,25,5,6,0.833,0,1,0.0,0,0,,0,2,2,2,0,0,1,3,10,15,14.4,1,2015-16
22015,203918,Rodney Hood,1610612762,UTA,Utah Jazz,0021500647,2016-01-22,UTA @ BKN,W,30,4,10,0.4,1,2,0.5,7,7,1.0,0,5,5,1,0,0,2,0,16,11,21.5,1,2015-16
22015,204060,Joe Ingles,1610612762,UTA,Utah Jazz,0021500647,2016-01-22,UTA @ BKN,W,12,1,2,0.5,1,2,0.5,0,0,,0,1,1,2,1,0,1,1,3,-2,9.2,1,2015-16
22015,201143,Al Horford,1610612737,ATL,Atlanta Hawks,0021500660,2016-01-23,ATL @ PHX,L,39,4,12,0.333,0,3,0.0,1,2,0.5,4,12,16,5,1,2,2,0,9,2,42.7,1,2015-16
22015,203145,Kent Bazemore,1610612737,ATL,Atlanta Hawks,0021500660,2016-01-23,ATL @ PHX,L,30,7,16,0.438,3,6,0.5,4,6,0.667,1,5,6,0,0,0,2,3,21,-14,26.2,1,2015-16
22015,204002,Edy Tavares,1610612737,ATL,Atlanta Hawks,0021500660,2016-01-23,ATL @ PHX,L,5,0,0,,0,0,,0,0,,0,0,0,1,0,0,0,1,0,-5,1.5,1,2015-16
22015,201583,Ryan Anderson,1610612740,NOP,New Orleans Pelicans,0021500657,2016-01-23,NOP vs. MIL,W,34,8,20,0.4,6,11,0.545,1,1,1.0,1,5,6,2,0,0,1,1,23,21,32.2,1,2015-16
22015,201600,Omer Asik,1610612740,NOP,New Orleans Pelicans,0021500657,2016-01-23,NOP vs. MIL,W,19,2,4,0.5,0,0,,0,0,,4,4,8,0,0,0,1,2,4,-4,12.6,1,2015-16
22015,202087,Alonzo Gee,1610612740,NOP,New Orleans Pelicans,0021500657,2016-01-23,NOP vs. MIL,W,35,5,9,0.556,0,0,,2,2,1.0,3,3,6,3,1,0,0,4,12,18,26.7,1,2015-16
22015,2200,Pau Gasol,1610612741,CHI,Chicago Bulls,0021500659,2016-01-23,CHI @ CLE,W,33,11,16,0.688,1,2,0.5,2,2,1.0,2,8,10,6,1,1,2,2,25,21,50.0,1,2015-16
22015,201166,Aaron Brooks,1610612741,CHI,Chicago Bulls,0021500659,2016-01-23,CHI @ CLE,W,13,0,4,0.0,0,1,0.0,0,0,,1,3,4,2,0,0,1,1,0,14,6.8,1,2015-16
22015,201565,Derrick Rose,1610612741,CHI,Chicago Bulls,0021500659,2016-01-23,CHI @ CLE,W,35,5,21,0.238,0,1,0.0,2,2,1.0,1,3,4,4,0,1,1,1,12,-1,24.8,1,2015-16
22015,203914,Gary Harris,1610612743,DEN,Denver Nuggets,0021500661,2016-01-23,DEN vs. DET,W,32,5,10,0.5,1,3,0.333,2,2,1.0,0,4,4,2,5,0,1,4,13,14,34.8,1,2015-16
22015,201579,Roy Hibbert,1610612747,LAL,Los Angeles Lakers,0021500662,2016-01-23,LAL @ POR,L,24,3,4,0.75,0,0,,3,3,1.0,1,2,3,1,0,2,2,2,9,-25,18.1,1,2015-16
22015,203527,Ryan Kelly,1610612747,LAL,Los Angeles Lakers,0021500662,2016-01-23,LAL @ POR,L,24,2,7,0.286,1,3,0.333,1,2,0.5,0,3,3,1,0,0,1,4,6,3,10.1,1,2015-16
22015,1626148,Anthony Brown,1610612747,LAL,Los Angeles Lakers,0021500662,2016-01-23,LAL @ POR,L,23,3,4,0.75,2,2,1.0,2,2,1.0,0,1,1,0,0,0,2,2,10,-1,9.2,1,2015-16
22015,202328,Greg Monroe,1610612749,MIL,Milwaukee Bucks,0021500657,2016-01-23,MIL @ NOP,L,30,8,13,0.615,0,0,,6,6,1.0,4,7,11,2,0,1,2,3,22,1,39.2,1,2015-16
22015,203101,Miles Plumlee,1610612749,MIL,Milwaukee Bucks,0021500657,2016-01-23,MIL @ NOP,L,3,0,0,,0,0,,0,0,,0,1,1,0,0,0,0,0,0,-2,1.2,1,2015-16
22015,203142,Chris Copeland,1610612749,MIL,Milwaukee Bucks,0021500657,2016-01-23,MIL @ NOP,L,3,1,2,0.5,1,2,0.5,0,0,,0,0,0,0,0,0,0,0,3,-2,3.0,1,2015-16
22015,203953,Jabari Parker,1610612749,MIL,Milwaukee Bucks,0021500657,2016-01-23,MIL @ NOP,L,34,3,7,0.429,0,0,,4,4,1.0,1,4,5,3,0,1,2,1,10,-2,21.5,1,2015-16
22015,708,Kevin Garnett,1610612750,MIN,Minnesota Timberwolves,0021500658,2016-01-23,MIN vs. MEM,W,9,1,2,0.5,0,0,,0,0,,0,0,0,0,0,0,0,1,2,12,2.0,1,2015-16
22015,203897,Zach LaVine,1610612750,MIN,Minnesota Timberwolves,0021500658,2016-01-23,MIN vs. MEM,W,19,1,3,0.333,1,1,1.0,2,2,1.0,0,2,2,4,3,1,3,4,5,-4,22.4,1,2015-16
22015,202682,Derrick Williams,1610612752,NYK,New York Knicks,0021500655,2016-01-23,NYK @ CHA,L,34,5,16,0.313,1,5,0.2,8,14,0.571,4,10,14,4,1,0,1,2,19,-8,43.8,1,2015-16
22015,203922,Glenn Robinson III,1610612754,IND,Indiana Pacers,0021500663,2016-01-23,IND @ SAC,L,10,0,1,0.0,0,0,,0,0,,0,3,3,0,0,0,1,0,0,-9,2.6,1,2015-16
22015,1626202,Joe Young,1610612754,IND,Indiana Pacers,0021500663,2016-01-23,IND @ SAC,L,19,1,8,0.125,0,2,0.0,0,0,,0,1,1,2,2,0,1,2,2,-7,11.2,1,2015-16
22015,203462,Archie Goodwin,1610612756,PHX,Phoenix Suns,0021500660,2016-01-23,PHX vs. ATL,W,41,7,17,0.412,2,3,0.667,8,9,0.889,0,1,1,4,2,2,4,0,24,5,39.2,1,2015-16
22015,203086,Meyers Leonard,1610612757,POR,Portland Trail Blazers,0021500662,2016-01-23,POR vs. LAL,W,21,1,6,0.167,0,4,0.0,0,1,0.0,3,2,5,3,0,0,1,1,2,1,11.5,1,2015-16
22015,203090,Maurice Harkless,1610612757,POR,Portland Trail Blazers,0021500662,2016-01-23,POR vs. LAL,W,2,0,0,,0,0,,0,0,,0,1,1,0,0,0,1,0,0,-3,0.2,1,2015-16
22015,200765,Rajon Rondo,1610612758,SAC,Sacramento Kings,0021500663,2016-01-23,SAC vs. IND,W,34,2,4,0.5,0,0,,7,8,0.875,2,8,10,10,2,1,1,2,11,14,46.0,1,2015-16
22015,201585,Kosta Koufos,1610612758,SAC,Sacramento Kings,0021500663,2016-01-23,SAC vs. IND,W,21,3,7,0.429,0,0,,3,4,0.75,1,3,4,2,0,0,2,3,9,-8,14.8,1,2015-16
22015,203463,Ben McLemore,1610612758,SAC,Sacramento Kings,0021500663,2016-01-23,SAC vs. IND,W,18,2,9,0.222,1,4,0.25,0,0,,1,1,2,0,1,1,1,2,5,8,12.4,1,2015-16
22015,201144,Mike Conley,1610612763,MEM,Memphis Grizzlies,0021500658,2016-01-23,MEM @ MIN,L,24,2,9,0.222,0,2,0.0,5,5,1.0,1,6,7,6,1,0,1,4,9,1,28.4,1,2015-16
22015,201943,Brandon Jennings,1610612765,DET,Detroit Pistons,0021500661,2016-01-23,DET @ DEN,L,18,2,6,0.333,1,3,0.333,0,0,,2,8,10,4,1,0,1,0,5,10,25.0,1,2015-16
22015,202704,Reggie Jackson,1610612765,DET,Detroit Pistons,0021500661,2016-01-23,DET @ DEN,L,30,4,15,0.267,2,6,0.333,1,2,0.5,0,1,1,8,1,0,3,3,11,-13,24.2,1,2015-16
22015,203382,Aron Baynes,1610612765,DET,Detroit Pistons,0021500661,2016-01-23,DET @ DEN,L,30,6,7,0.857,0,0,,1,2,0.5,2,8,10,0,0,2,2,2,13,-2,29.0,1,2015-16
22015,203148,Brian Roberts,1610612766,CHA,Charlotte Hornets,0021500655,2016-01-23,CHA vs. NYK,W,11,1,2,0.5,0,0,,2,2,1.0,0,1,1,1,0,0,1,0,4,-6,5.7,1,2015-16
22015,2594,Kyle Korver,1610612737,ATL,Atlanta Hawks,0021500660,2016-01-23,ATL @ PHX,L,34,4,9,0.444,3,6,0.5,0,0,,1,4,5,3,0,2,2,1,11,13,25.5,1,2015-16
22015,203471,Dennis Schröder,1610612737,ATL,Atlanta Hawks,0021500660,2016-01-23,ATL @ PHX,L,24,6,10,0.6,3,6,0.5,4,4,1.0,1,0,1,5,2,1,3,2,19,4,33.7,1,2015-16
22015,202684,Tristan Thompson,1610612739,CLE,Cleveland Cavaliers,0021500659,2016-01-23,CLE vs. CHI,L,22,0,2,0.0,0,0,,1,4,0.25,4,1,5,0,0,0,1,4,1,-19,6.0,1,2015-16
22015,201582,Alexis Ajinca,1610612740,NOP,New Orleans Pelicans,0021500657,2016-01-23,NOP vs. MIL,W,7,1,1,1.0,0,0,,2,2,1.0,0,3,3,1,0,0,0,2,4,2,9.1,1,2015-16
22015,203076,Anthony Davis,1610612740,NOP,New Orleans Pelicans,0021500657,2016-01-23,NOP vs. MIL,W,36,8,17,0.471,1,2,0.5,5,7,0.714,1,6,7,5,1,4,1,1,22,9,51.9,1,2015-16
22015,201959,Taj Gibson,1610612741,CHI,Chicago Bulls,0021500659,2016-01-23,CHI @ CLE,W,29,6,12,0.5,0,0,,3,4,0.75,5,3,8,1,0,2,0,3,15,3,32.1,1,2015-16
22015,202703,Nikola Mirotic,1610612741,CHI,Chicago Bulls,0021500659,2016-01-23,CHI @ CLE,W,25,5,9,0.556,3,5,0.6,4,5,0.8,1,5,6,1,1,0,0,2,17,6,28.7,1,2015-16
22015,200751,Randy Foye,1610612743,DEN,Denver Nuggets,0021500661,2016-01-23,DEN vs. DET,W,13,3,7,0.429,2,3,0.667,0,0,,0,2,2,1,0,0,1,1,8,-13,10.9,1,2015-16
22015,203930,Sean Kilpatrick,1610612743,DEN,Denver Nuggets,0021500661,2016-01-23,DEN vs. DET,W,10,1,2,0.5,1,2,0.5,0,0,,0,0,0,0,1,0,0,1,3,-12,6.0,1,2015-16
22015,203944,Julius Randle,1610612747,LAL,Los Angeles Lakers,0021500662,2016-01-23,LAL @ POR,L,24,4,7,0.571,0,0,,3,5,0.6,2,7,9,0,0,1,1,3,11,-21,23.8,1,2015-16
22015,1626273,Marcelo Huertas,1610612747,LAL,Los Angeles Lakers,0021500662,2016-01-23,LAL @ POR,L,12,1,2,0.5,0,0,,2,2,1.0,0,0,0,1,1,1,1,1,4,7,10.5,1,2015-16
22015,201573,Jerryd Bayless,1610612749,MIL,Milwaukee Bucks,0021500657,2016-01-23,MIL @ NOP,L,21,1,5,0.2,1,5,0.2,0,0,,0,1,1,0,0,1,0,1,3,-19,7.2,1,2015-16
22015,203089,John Henson,1610612749,MIL,Milwaukee Bucks,0021500657,2016-01-23,MIL @ NOP,L,15,2,3,0.667,0,0,,0,0,,0,2,2,1,0,0,1,2,4,-16,6.9,1,2015-16
22015,1626173,Rashad Vaughn,1610612749,MIL,Milwaukee Bucks,0021500657,2016-01-23,MIL @ NOP,L,21,0,2,0.0,0,1,0.0,0,0,,0,3,3,1,0,0,0,1,0,-9,5.1,1,2015-16
22015,201937,Ricky Rubio,1610612750,MIN,Minnesota Timberwolves,0021500658,2016-01-23,MIN vs. MEM,W,29,2,7,0.286,0,3,0.0,11,13,0.846,2,4,6,12,3,0,1,4,15,9,48.2,1,2015-16
22015,2546,Carmelo Anthony,1610612752,NYK,New York Knicks,0021500655,2016-01-23,NYK @ CHA,L,29,4,11,0.364,0,2,0.0,1,3,0.333,0,6,6,2,0,0,3,2,9,-14,16.2,1,2015-16
22015,101181,Jose Calderon,1610612752,NYK,New York Knicks,0021500655,2016-01-23,NYK @ CHA,L,34,3,6,0.5,0,2,0.0,0,0,,0,4,4,7,1,0,0,2,6,-13,24.3,1,2015-16
22015,200811,Lou Amundson,1610612752,NYK,New York Knicks,0021500655,2016-01-23,NYK @ CHA,L,13,1,1,1.0,0,0,,0,0,,1,2,3,1,0,0,1,6,2,-4,6.1,1,2015-16
22015,201167,Arron Afflalo,1610612752,NYK,New York Knicks,0021500655,2016-01-23,NYK @ CHA,L,31,3,10,0.3,2,4,0.5,2,2,1.0,1,3,4,2,1,1,3,2,10,-17,20.8,1,2015-16
22015,204001,Kristaps Porziņģis,1610612752,NYK,New York Knicks,0021500655,2016-01-23,NYK @ CHA,L,30,4,9,0.444,2,5,0.4,3,4,0.75,0,4,4,0,0,3,1,5,13,4,25.8,1,2015-16
22015,1626170,Jerian Grant,1610612752,NYK,New York Knicks,0021500655,2016-01-23,NYK @ CHA,L,9,0,6,0.0,0,3,0.0,0,0,,0,1,1,1,0,0,0,3,0,-6,2.7,1,2015-16
22015,201941,Jordan Hill,1610612754,IND,Indiana Pacers,0021500663,2016-01-23,IND @ SAC,L,36,8,13,0.615,0,0,,1,2,0.5,4,9,13,2,0,0,2,5,17,-10,33.6,1,2015-16
22015,203141,Mirza Teletovic,1610612756,PHX,Phoenix Suns,0021500660,2016-01-23,PHX vs. ATL,W,15,2,5,0.4,2,5,0.4,0,0,,0,3,3,0,2,0,1,2,6,1,14.6,1,2015-16
22015,203485,Lorenzo Brown,1610612756,PHX,Phoenix Suns,0021500660,2016-01-23,PHX vs. ATL,W,7,1,3,0.333,0,1,0.0,0,1,0.0,0,0,0,3,1,0,0,0,2,-2,9.5,1,2015-16
22015,203943,Noah Vonleh,1610612757,POR,Portland Trail Blazers,0021500662,2016-01-23,POR vs. LAL,W,25,5,6,0.833,0,1,0.0,1,2,0.5,2,4,6,1,3,0,1,5,11,20,27.7,1,2015-16
22015,2440,Matt Barnes,1610612763,MEM,Memphis Grizzlies,0021500658,2016-01-23,MEM @ MIN,L,37,5,11,0.455,3,6,0.5,0,0,,1,2,3,5,1,0,2,3,13,-4,25.1,1,2015-16
22015,201188,Marc Gasol,1610612763,MEM,Memphis Grizzlies,0021500658,2016-01-23,MEM @ MIN,L,32,7,12,0.583,0,0,,3,4,0.75,0,2,2,1,0,1,2,1,17,-9,21.9,1,2015-16
22015,101141,Ersan Ilyasova,1610612765,DET,Detroit Pistons,0021500661,2016-01-23,DET @ DEN,L,28,4,10,0.4,0,2,0.0,1,2,0.5,3,6,9,3,1,0,1,3,9,-10,26.3,1,2015-16
22015,203484,Kentavious Caldwell-Pope,1610612765,DET,Detroit Pistons,0021500661,2016-01-23,DET @ DEN,L,35,7,16,0.438,1,7,0.143,1,2,0.5,1,3,4,1,0,2,4,2,16,-21,24.3,1,2015-16
22015,201946,Tyler Hansbrough,1610612766,CHA,Charlotte Hornets,0021500655,2016-01-23,CHA vs. NYK,W,14,0,0,,0,0,,1,2,0.5,0,2,2,1,0,0,0,2,1,2,4.9,1,2015-16
22015,202689,Kemba Walker,1610612766,CHA,Charlotte Hornets,0021500655,2016-01-23,CHA vs. NYK,W,42,7,25,0.28,3,9,0.333,9,9,1.0,2,4,6,5,1,1,3,0,26,10,43.7,1,2015-16
22015,203584,Troy Daniels,1610612766,CHA,Charlotte Hornets,0021500655,2016-01-23,CHA vs. NYK,W,9,2,5,0.4,1,3,0.333,0,0,,0,0,0,0,0,0,0,4,5,0,5.0,1,2015-16
22015,200757,Thabo Sefolosha,1610612737,ATL,Atlanta Hawks,0021500660,2016-01-23,ATL @ PHX,L,28,1,9,0.111,0,3,0.0,6,6,1.0,2,5,7,1,3,0,0,0,8,-2,26.9,1,2015-16
22015,201952,Jeff Teague,1610612737,ATL,Atlanta Hawks,0021500660,2016-01-23,ATL @ PHX,L,25,4,13,0.308,1,6,0.167,0,0,,0,1,1,3,2,1,5,5,9,-5,18.7,1,2015-16
22015,203501,Tim Hardaway Jr.,1610612737,ATL,Atlanta Hawks,0021500660,2016-01-23,ATL @ PHX,L,12,0,1,0.0,0,1,0.0,0,0,,0,0,0,1,0,0,1,1,0,2,0.5,1,2015-16
22015,2544,LeBron James,1610612739,CLE,Cleveland Cavaliers,0021500659,2016-01-23,CLE vs. CHI,L,40,11,27,0.407,0,5,0.0,4,7,0.571,3,10,13,9,2,1,1,3,26,-2,63.1,1,2015-16
22015,2590,Mo Williams,1610612739,CLE,Cleveland Cavaliers,0021500659,2016-01-23,CLE vs. CHI,L,3,0,1,0.0,0,0,,0,0,,0,1,1,0,0,0,0,0,0,-7,1.2,1,2015-16
22015,2592,James Jones,1610612739,CLE,Cleveland Cavaliers,0021500659,2016-01-23,CLE vs. CHI,L,7,0,0,,0,0,,0,0,,0,0,0,0,0,1,0,1,0,-3,3.0,1,2015-16
22015,2747,JR Smith,1610612739,CLE,Cleveland Cavaliers,0021500659,2016-01-23,CLE vs. CHI,L,39,7,17,0.412,2,7,0.286,2,4,0.5,1,10,11,1,0,1,0,2,18,-5,35.7,1,2015-16
22015,201567,Kevin Love,1610612739,CLE,Cleveland Cavaliers,0021500659,2016-01-23,CLE vs. CHI,L,33,6,12,0.5,1,5,0.2,1,4,0.25,1,4,5,2,1,0,1,3,14,-7,25.0,1,2015-16
22015,202681,Kyrie Irving,1610612739,CLE,Cleveland Cavaliers,0021500659,2016-01-23,CLE vs. CHI,L,31,5,16,0.313,0,2,0.0,1,1,1.0,2,1,3,3,2,1,0,1,11,0,28.1,1,2015-16
22015,201936,Tyreke Evans,1610612740,NOP,New Orleans Pelicans,0021500657,2016-01-23,NOP vs. MIL,W,24,3,12,0.25,1,3,0.333,3,4,0.75,1,1,2,6,1,0,2,2,10,-12,22.4,1,2015-16
22015,202708,Norris Cole,1610612740,NOP,New Orleans Pelicans,0021500657,2016-01-23,NOP vs. MIL,W,27,4,10,0.4,3,5,0.6,0,0,,0,3,3,3,1,0,1,2,11,7,21.1,1,2015-16
22015,202734,E'Twaun Moore,1610612741,CHI,Chicago Bulls,0021500659,2016-01-23,CHI @ CLE,W,4,0,1,0.0,0,1,0.0,0,0,,0,1,1,0,0,0,0,0,0,7,1.2,1,2015-16
22015,977,Kobe Bryant,1610612747,LAL,Los Angeles Lakers,0021500662,2016-01-23,LAL @ POR,L,25,5,9,0.556,0,1,0.0,0,0,,0,2,2,1,0,0,5,1,10,-17,8.9,1,2015-16
22015,101138,Brandon Bass,1610612747,LAL,Los Angeles Lakers,0021500662,2016-01-23,LAL @ POR,L,21,1,3,0.333,0,0,,2,2,1.0,1,5,6,2,1,1,0,1,4,5,20.2,1,2015-16
22015,203903,Jordan Clarkson,1610612747,LAL,Los Angeles Lakers,0021500662,2016-01-23,LAL @ POR,L,25,2,8,0.25,1,3,0.333,5,5,1.0,0,1,1,3,0,0,1,4,10,-25,14.7,1,2015-16
22015,203114,Khris Middleton,1610612749,MIL,Milwaukee Bucks,0021500657,2016-01-23,MIL @ NOP,L,33,8,16,0.5,4,7,0.571,2,2,1.0,0,7,7,5,0,0,5,0,22,-18,32.9,1,2015-16
22015,203487,Michael Carter-Williams,1610612749,MIL,Milwaukee Bucks,0021500657,2016-01-23,MIL @ NOP,L,33,9,12,0.75,0,0,,1,2,0.5,0,4,4,5,2,2,4,4,19,-2,39.3,1,2015-16
22015,203507,Giannis Antetokounmpo,1610612749,MIL,Milwaukee Bucks,0021500657,2016-01-23,MIL @ NOP,L,28,4,8,0.5,0,0,,2,4,0.5,0,6,6,2,1,1,4,6,10,-4,22.2,1,2015-16
22015,203898,Tyler Ennis,1610612749,MIL,Milwaukee Bucks,0021500657,2016-01-23,MIL @ NOP,L,3,1,1,1.0,0,0,,0,0,,0,0,0,1,0,0,0,0,2,-2,3.5,1,2015-16
22015,202357,Nemanja Bjelica,1610612750,MIN,Minnesota Timberwolves,0021500658,2016-01-23,MIN vs. MEM,W,22,0,4,0.0,0,4,0.0,2,2,1.0,0,2,2,1,0,0,2,3,2,-13,3.9,1,2015-16
22015,203952,Andrew Wiggins,1610612750,MIN,Minnesota Timberwolves,0021500658,2016-01-23,MIN vs. MEM,W,34,7,10,0.7,0,1,0.0,5,5,1.0,1,4,5,1,0,1,1,0,19,1,28.5,1,2015-16
22015,101139,CJ Miles,1610612754,IND,Indiana Pacers,0021500663,2016-01-23,IND @ SAC,L,14,0,8,0.0,0,3,0.0,0,0,,0,2,2,1,1,0,0,0,0,-5,6.9,1,2015-16
22015,202331,Paul George,1610612754,IND,Indiana Pacers,0021500663,2016-01-23,IND @ SAC,L,34,9,20,0.45,4,8,0.5,12,14,0.857,1,3,4,1,0,2,2,3,34,-6,44.3,1,2015-16
22015,1626167,Myles Turner,1610612754,IND,Indiana Pacers,0021500663,2016-01-23,IND @ SAC,L,32,5,13,0.385,0,1,0.0,1,2,0.5,0,6,6,0,1,5,0,5,11,-11,36.2,1,2015-16
22015,203458,Alex Len,1610612756,PHX,Phoenix Suns,0021500660,2016-01-23,PHX vs. ATL,W,35,6,10,0.6,0,0,,4,4,1.0,1,11,12,5,0,0,3,3,16,-5,34.9,1,2015-16
22015,1626192,Pat Connaughton,1610612757,POR,Portland Trail Blazers,0021500662,2016-01-23,POR vs. LAL,W,4,1,1,1.0,0,0,,0,0,,0,0,0,1,0,0,0,1,2,-2,3.5,1,2015-16
22015,201158,Marco Belinelli,1610612758,SAC,Sacramento Kings,0021500663,2016-01-23,SAC vs. IND,W,21,2,10,0.2,0,3,0.0,3,3,1.0,0,1,1,0,0,0,2,2,7,-4,6.2,1,2015-16
22015,201954,Darren Collison,1610612758,SAC,Sacramento Kings,0021500663,2016-01-23,SAC vs. IND,W,25,4,10,0.4,2,2,1.0,1,1,1.0,1,1,2,1,1,0,1,1,11,6,16.9,1,2015-16
22015,202341,James Anderson,1610612758,SAC,Sacramento Kings,0021500663,2016-01-23,SAC vs. IND,W,20,1,3,0.333,1,2,0.5,0,0,,0,3,3,1,0,1,0,3,3,7,11.1,1,2015-16
22015,2216,Zach Randolph,1610612763,MEM,Memphis Grizzlies,0021500658,2016-01-23,MEM @ MIN,L,22,3,9,0.333,0,1,0.0,1,2,0.5,2,4,6,1,0,0,0,2,7,-7,15.7,1,2015-16
22015,201584,Courtney Lee,1610612763,MEM,Memphis Grizzlies,0021500658,2016-01-23,MEM @ MIN,L,24,3,5,0.6,2,2,1.0,0,0,,1,2,3,0,1,0,0,1,8,-4,14.6,1,2015-16
22015,203210,JaMychal Green,1610612763,MEM,Memphis Grizzlies,0021500658,2016-01-23,MEM @ MIN,L,11,2,3,0.667,0,0,,0,0,,1,4,5,0,0,0,0,3,4,3,10.0,1,2015-16
22015,202694,Marcus Morris Sr.,1610612765,DET,Detroit Pistons,0021500661,2016-01-23,DET @ DEN,L,33,7,10,0.7,3,4,0.75,3,4,0.75,0,2,2,2,1,0,2,5,20,1,26.4,1,2015-16
22015,203083,Andre Drummond,1610612765,DET,Detroit Pistons,0021500661,2016-01-23,DET @ DEN,L,18,2,5,0.4,0,0,,0,4,0.0,2,6,8,1,0,1,1,2,4,-1,17.1,1,2015-16
22015,1626169,Stanley Johnson,1610612765,DET,Detroit Pistons,0021500661,2016-01-23,DET @ DEN,L,20,5,10,0.5,2,5,0.4,0,0,,1,3,4,1,0,0,1,2,12,12,17.3,1,2015-16
22015,202391,Jeremy Lin,1610612766,CHA,Charlotte Hornets,0021500655,2016-01-23,CHA vs. NYK,W,40,7,17,0.412,2,5,0.4,10,10,1.0,1,4,5,5,0,1,5,3,26,23,37.5,1,2015-16
22015,1626163,Frank Kaminsky,1610612766,CHA,Charlotte Hornets,0021500655,2016-01-23,CHA vs. NYK,W,18,2,4,0.5,1,1,1.0,4,7,0.571,0,3,3,1,0,0,1,3,9,14,13.1,1,2015-16
22015,202389,Timofey Mozgov,1610612739,CLE,Cleveland Cavaliers,0021500659,2016-01-23,CLE vs. CHI,L,21,3,8,0.375,0,0,,0,2,0.0,4,2,6,0,0,1,0,0,6,3,16.2,1,2015-16
22015,201962,Toney Douglas,1610612740,NOP,New Orleans Pelicans,0021500657,2016-01-23,NOP vs. MIL,W,24,5,8,0.625,4,6,0.667,0,1,0.0,1,0,1,4,3,0,0,0,14,10,30.2,1,2015-16
22015,1626214,Bryce Dejean-Jones,1610612740,NOP,New Orleans Pelicans,0021500657,2016-01-23,NOP vs. MIL,W,2,1,1,1.0,1,1,1.0,0,0,,0,0,0,0,0,0,0,0,3,2,3.0,1,2015-16
22015,1626171,Bobby Portis,1610612741,CHI,Chicago Bulls,0021500659,2016-01-23,CHI @ CLE,W,9,1,3,0.333,0,0,,0,0,,1,1,2,0,0,0,2,2,2,-4,2.4,1,2015-16
22015,201568,Danilo Gallinari,1610612743,DEN,Denver Nuggets,0021500661,2016-01-23,DEN vs. DET,W,38,8,15,0.533,1,3,0.333,13,16,0.813,0,6,6,2,2,0,1,0,30,21,45.2,1,2015-16
22015,203530,Joffrey Lauvergne,1610612743,DEN,Denver Nuggets,0021500661,2016-01-23,DEN vs. DET,W,16,2,3,0.667,0,1,0.0,0,1,0.0,1,3,4,1,0,0,1,2,4,-3,9.3,1,2015-16
22015,203999,Nikola Jokić,1610612743,DEN,Denver Nuggets,0021500661,2016-01-23,DEN vs. DET,W,32,7,11,0.636,1,1,1.0,2,2,1.0,1,4,5,3,2,3,0,3,17,6,42.5,1,2015-16
22015,201156,Nick Young,1610612747,LAL,Los Angeles Lakers,0021500662,2016-01-23,LAL @ POR,L,7,0,2,0.0,0,2,0.0,0,0,,0,0,0,0,0,0,0,0,0,3,0.0,1,2015-16
22015,203135,Robert Sacre,1610612747,LAL,Los Angeles Lakers,0021500662,2016-01-23,LAL @ POR,L,4,1,1,1.0,0,0,,0,0,,0,1,1,0,0,0,0,0,2,2,3.2,1,2015-16
22015,2419,Tayshaun Prince,1610612750,MIN,Minnesota Timberwolves,0021500658,2016-01-23,MIN vs. MEM,W,16,3,5,0.6,0,0,,0,0,,1,0,1,1,0,0,0,0,6,-4,8.7,1,2015-16
22015,2755,Kevin Martin,1610612750,MIN,Minnesota Timberwolves,0021500658,2016-01-23,MIN vs. MEM,W,14,3,6,0.5,3,4,0.75,2,2,1.0,2,2,4,1,0,0,1,1,11,4,16.3,1,2015-16
22015,203498,Shabazz Muhammad,1610612750,MIN,Minnesota Timberwolves,0021500658,2016-01-23,MIN vs. MEM,W,33,8,15,0.533,1,4,0.25,8,8,1.0,0,3,3,0,0,0,1,1,25,13,27.6,1,2015-16
22015,1626157,Karl-Anthony Towns,1610612750,MIN,Minnesota Timberwolves,0021500658,2016-01-23,MIN vs. MEM,W,31,6,6,1.0,0,0,,2,2,1.0,1,8,9,3,1,1,2,3,14,14,33.3,1,2015-16
22015,202338,Kevin Seraphin,1610612752,NYK,New York Knicks,0021500655,2016-01-23,NYK @ CHA,L,8,0,2,0.0,0,0,,0,0,,1,0,1,1,0,2,1,1,0,-5,7.7,1,2015-16
22015,201588,George Hill,1610612754,IND,Indiana Pacers,0021500663,2016-01-23,IND @ SAC,L,33,2,7,0.286,1,2,0.5,3,4,0.75,0,1,1,4,2,0,0,4,8,-1,21.2,1,2015-16
22015,202730,Lavoy Allen,1610612754,IND,Indiana Pacers,0021500663,2016-01-23,IND @ SAC,L,29,4,6,0.667,0,0,,1,2,0.5,4,5,9,1,0,3,2,5,9,0,28.3,1,2015-16
22015,2199,Tyson Chandler,1610612756,PHX,Phoenix Suns,0021500660,2016-01-23,PHX vs. ATL,W,44,3,10,0.3,0,0,,7,10,0.7,13,14,27,5,1,2,2,3,13,19,59.9,1,2015-16
22015,201603,Sonny Weems,1610612756,PHX,Phoenix Suns,0021500660,2016-01-23,PHX vs. ATL,W,7,0,0,,0,0,,0,0,,0,0,0,1,0,0,0,2,0,-8,1.5,1,2015-16
22015,1626164,Devin Booker,1610612756,PHX,Phoenix Suns,0021500660,2016-01-23,PHX vs. ATL,W,36,6,19,0.316,3,9,0.333,0,0,,0,2,2,1,2,0,3,6,15,13,21.9,1,2015-16
22015,201945,Gerald Henderson,1610612757,POR,Portland Trail Blazers,0021500662,2016-01-23,POR vs. LAL,W,23,4,11,0.364,0,3,0.0,2,2,1.0,2,3,5,2,0,0,0,0,10,5,19.0,1,2015-16
22015,202334,Ed Davis,1610612757,POR,Portland Trail Blazers,0021500662,2016-01-23,POR vs. LAL,W,20,1,3,0.333,0,0,,3,4,0.75,4,4,8,1,3,1,0,4,5,-1,28.1,1,2015-16
22015,203468,CJ McCollum,1610612757,POR,Portland Trail Blazers,0021500662,2016-01-23,POR vs. LAL,W,33,12,21,0.571,4,8,0.5,0,0,,0,3,3,3,1,0,2,3,28,12,37.1,1,2015-16
22015,202326,DeMarcus Cousins,1610612758,SAC,Sacramento Kings,0021500663,2016-01-23,SAC vs. IND,W,39,17,29,0.586,1,2,0.5,13,20,0.65,2,11,13,2,1,0,5,4,48,16,64.6,1,2015-16
22015,1626161,Willie Cauley-Stein,1610612758,SAC,Sacramento Kings,0021500663,2016-01-23,SAC vs. IND,W,34,3,6,0.5,0,0,,0,0,,5,7,12,2,2,1,1,2,6,13,31.4,1,2015-16
22015,201145,Jeff Green,1610612763,MEM,Memphis Grizzlies,0021500658,2016-01-23,MEM @ MIN,L,27,5,13,0.385,0,2,0.0,1,1,1.0,2,0,2,3,2,0,4,0,11,3,19.9,1,2015-16
22015,1626199,Darrun Hilliard,1610612765,DET,Detroit Pistons,0021500661,2016-01-23,DET @ DEN,L,7,1,2,0.5,0,0,,0,0,,0,1,1,2,0,0,1,0,2,5,5.2,1,2015-16
22015,201150,Spencer Hawes,1610612766,CHA,Charlotte Hornets,0021500655,2016-01-23,CHA vs. NYK,W,34,1,7,0.143,0,2,0.0,0,0,,3,7,10,3,2,1,0,2,2,11,27.5,1,2015-16
22015,203798,PJ Hairston,1610612766,CHA,Charlotte Hornets,0021500655,2016-01-23,CHA vs. NYK,W,34,7,14,0.5,2,7,0.286,4,4,1.0,1,9,10,1,2,0,1,4,20,14,38.5,1,2015-16
22015,1626151,Aaron Harrison,1610612766,CHA,Charlotte Hornets,0021500655,2016-01-23,CHA vs. NYK,W,3,0,0,,0,0,,0,0,,0,0,0,0,0,0,0,0,0,0,0.0,1,2015-16
22015,201168,Tiago Splitter,1610612737,ATL,Atlanta Hawks,0021500660,2016-01-23,ATL @ PHX,L,17,1,3,0.333,0,0,,0,0,,1,2,3,3,0,0,1,2,2,-13,9.1,1,2015-16
22015,203118,Mike Scott,1610612737,ATL,Atlanta Hawks,0021500660,2016-01-23,ATL @ PHX,L,26,7,11,0.636,2,3,0.667,0,0,,1,3,4,1,0,1,0,2,16,3,25.3,1,2015-16
22015,202697,Iman Shumpert,1610612739,CLE,Cleveland Cavaliers,0021500659,2016-01-23,CLE vs. CHI,L,22,1,6,0.167,0,3,0.0,0,0,,1,2,3,1,0,0,1,2,2,-9,6.1,1,2015-16
22015,203521,Matthew Dellavedova,1610612739,CLE,Cleveland Cavaliers,0021500659,2016-01-23,CLE vs. CHI,L,23,2,5,0.4,1,2,0.5,0,0,,0,1,1,1,0,0,0,2,5,-16,7.7,1,2015-16
22015,201950,Jrue Holiday,1610612740,NOP,New Orleans Pelicans,0021500657,2016-01-23,NOP vs. MIL,W,25,6,11,0.545,1,2,0.5,0,0,,0,4,4,9,3,0,2,3,13,32,38.3,1,2015-16
22015,202337,Luke Babbitt,1610612740,NOP,New Orleans Pelicans,0021500657,2016-01-23,NOP vs. MIL,W,8,0,1,0.0,0,1,0.0,0,0,,1,0,1,0,0,0,0,0,0,0,1.2,1,2015-16
22015,202710,Jimmy Butler III,1610612741,CHI,Chicago Bulls,0021500659,2016-01-23,CHI @ CLE,W,42,8,16,0.5,2,3,0.667,2,2,1.0,2,7,9,1,0,0,0,2,20,2,32.3,1,2015-16
22015,203503,Tony Snell,1610612741,CHI,Chicago Bulls,0021500659,2016-01-23,CHI @ CLE,W,26,1,3,0.333,0,2,0.0,0,0,,0,5,5,3,0,1,0,1,2,12,15.5,1,2015-16
22015,203926,Doug McDermott,1610612741,CHI,Chicago Bulls,0021500659,2016-01-23,CHI @ CLE,W,24,1,2,0.5,1,2,0.5,0,0,,0,4,4,3,0,0,1,4,3,5,11.3,1,2015-16
22015,201589,Darrell Arthur,1610612743,DEN,Denver Nuggets,0021500661,2016-01-23,DEN vs. DET,W,34,2,4,0.5,0,0,,0,0,,0,5,5,3,4,0,0,4,4,28,26.5,1,2015-16
22015,203115,Will Barton,1610612743,DEN,Denver Nuggets,0021500661,2016-01-23,DEN vs. DET,W,19,2,10,0.2,1,4,0.25,2,2,1.0,1,1,2,1,0,0,0,1,7,-22,10.9,1,2015-16
22015,1626144,Emmanuel Mudiay,1610612743,DEN,Denver Nuggets,0021500661,2016-01-23,DEN vs. DET,W,35,6,15,0.4,1,4,0.25,5,6,0.833,0,4,4,4,1,1,4,3,18,16,30.8,1,2015-16
22015,101150,Lou Williams,1610612747,LAL,Los Angeles Lakers,0021500662,2016-01-23,LAL @ POR,L,29,4,10,0.4,2,4,0.5,6,6,1.0,0,1,1,3,1,1,3,2,16,-19,24.7,1,2015-16
22015,203948,Johnny O'Bryant III,1610612749,MIL,Milwaukee Bucks,0021500657,2016-01-23,MIL @ NOP,L,16,2,5,0.4,0,0,,0,0,,1,2,3,0,0,0,0,2,4,-10,7.6,1,2015-16
22015,203476,Gorgui Dieng,1610612750,MIN,Minnesota Timberwolves,0021500658,2016-01-23,MIN vs. MEM,W,19,1,5,0.2,0,0,,0,0,,1,5,6,2,0,2,4,3,2,-6,14.2,1,2015-16
22015,201577,Robin Lopez,1610612752,NYK,New York Knicks,0021500655,2016-01-23,NYK @ CHA,L,20,4,7,0.571,0,0,,2,4,0.5,1,7,8,0,0,2,3,1,10,-6,22.6,1,2015-16
22015,204038,Langston Galloway,1610612752,NYK,New York Knicks,0021500655,2016-01-23,NYK @ CHA,L,21,2,4,0.5,0,1,0.0,3,4,0.75,0,4,4,1,0,0,0,2,7,-4,13.3,1,2015-16
22015,203933,T.J. Warren,1610612756,PHX,Phoenix Suns,0021500660,2016-01-23,PHX vs. ATL,W,16,3,8,0.375,0,1,0.0,0,0,,0,1,1,1,1,1,2,0,6,-8,12.7,1,2015-16
22015,2549,Chris Kaman,1610612757,POR,Portland Trail Blazers,0021500662,2016-01-23,POR vs. LAL,W,4,1,2,0.5,0,0,,0,0,,0,0,0,1,0,0,0,0,2,-2,3.5,1,2015-16
22015,202329,Al-Farouq Aminu,1610612757,POR,Portland Trail Blazers,0021500662,2016-01-23,POR vs. LAL,W,21,2,4,0.5,1,3,0.333,0,0,,0,2,2,1,1,0,0,1,5,15,11.9,1,2015-16
22015,203081,Damian Lillard,1610612757,POR,Portland Trail Blazers,0021500662,2016-01-23,POR vs. LAL,W,29,14,19,0.737,5,8,0.625,3,4,0.75,0,1,1,5,0,0,0,0,36,27,44.7,1,2015-16
22015,203459,Allen Crabbe,1610612757,POR,Portland Trail Blazers,0021500662,2016-01-23,POR vs. LAL,W,27,3,12,0.25,0,4,0.0,0,0,,1,1,2,1,1,0,1,5,6,2,11.9,1,2015-16
22015,204025,Tim Frazier,1610612757,POR,Portland Trail Blazers,0021500662,2016-01-23,POR vs. LAL,W,4,0,1,0.0,0,0,,1,2,0.5,1,0,1,1,0,0,0,0,1,-2,3.7,1,2015-16
22015,201956,Omri Casspi,1610612758,SAC,Sacramento Kings,0021500663,2016-01-23,SAC vs. IND,W,28,4,7,0.571,0,3,0.0,0,0,,1,4,5,1,0,0,1,3,8,3,14.5,1,2015-16
22015,1713,Vince Carter,1610612763,MEM,Memphis Grizzlies,0021500658,2016-01-23,MEM @ MIN,L,17,2,5,0.4,2,3,0.667,2,2,1.0,0,1,1,0,1,1,0,1,8,2,15.2,1,2015-16
22015,201596,Mario Chalmers,1610612763,MEM,Memphis Grizzlies,0021500658,2016-01-23,MEM @ MIN,L,27,6,8,0.75,2,3,0.667,5,6,0.833,0,3,3,5,2,1,2,5,19,-8,37.1,1,2015-16
22015,201229,Anthony Tolliver,1610612765,DET,Detroit Pistons,0021500661,2016-01-23,DET @ DEN,L,21,2,3,0.667,2,2,1.0,3,3,1.0,0,2,2,1,0,0,0,3,9,4,12.9,1,2015-16
22015,101107,Marvin Williams,1610612766,CHA,Charlotte Hornets,0021500655,2016-01-23,CHA vs. NYK,W,35,1,8,0.125,0,4,0.0,2,3,0.667,4,8,12,0,0,0,0,2,4,-3,18.4,1,2015-16
22015,2034,Mike Miller,1610612743,DEN,Denver Nuggets,0021500661,2016-01-23,DEN vs. DET,W,10,0,1,0.0,0,1,0.0,0,0,,0,0,0,1,0,0,0,0,0,-20,1.5,1,2015-16
22015,1626156,D'Angelo Russell,1610612747,LAL,Los Angeles Lakers,0021500662,2016-01-23,LAL @ POR,L,23,8,12,0.667,1,2,0.5,4,5,0.8,0,3,3,2,1,0,2,0,21,-2,28.6,1,2015-16
22015,201593,Nikola Pekovic,1610612750,MIN,Minnesota Timberwolves,0021500658,2016-01-23,MIN vs. MEM,W,13,2,5,0.4,0,0,,1,2,0.5,0,0,0,1,0,0,0,1,5,-1,6.5,1,2015-16
22015,2756,Sasha Vujacic,1610612752,NYK,New York Knicks,0021500655,2016-01-23,NYK @ CHA,L,12,3,5,0.6,2,2,1.0,0,1,0.0,0,2,2,4,1,0,1,0,8,8,18.4,1,2015-16
22015,101145,Monta Ellis,1610612754,IND,Indiana Pacers,0021500663,2016-01-23,IND @ SAC,L,35,7,10,0.7,2,3,0.667,0,1,0.0,0,2,2,7,1,0,2,2,16,-6,29.9,1,2015-16
22015,200782,P.J. Tucker,1610612756,PHX,Phoenix Suns,0021500660,2016-01-23,PHX vs. ATL,W,39,6,13,0.462,3,5,0.6,1,2,0.5,1,5,6,2,1,1,2,1,16,0,30.2,1,2015-16
22015,203486,Mason Plumlee,1610612757,POR,Portland Trail Blazers,0021500662,2016-01-23,POR vs. LAL,W,25,3,7,0.429,0,0,,7,7,1.0,1,7,8,6,3,0,2,2,13,18,38.6,1,2015-16
22015,200797,Ryan Hollins,1610612763,MEM,Memphis Grizzlies,0021500658,2016-01-23,MEM @ MIN,L,20,2,4,0.5,0,0,,1,2,0.5,2,0,2,1,1,0,2,3,5,-2,9.9,1,2015-16
22015,201973,Jonas Jerebko,1610612738,BOS,Boston Celtics,0021500656,2016-01-24,BOS @ PHI,W,21,1,8,0.125,0,3,0.0,0,0,,1,9,10,0,1,0,1,1,2,6,16.0,1,2015-16
22015,203109,Jae Crowder,1610612738,BOS,Boston Celtics,0021500656,2016-01-24,BOS @ PHI,W,32,7,12,0.583,4,6,0.667,2,2,1.0,0,2,2,1,2,0,0,1,20,27,29.9,1,2015-16
22015,1626179,Terry Rozier,1610612738,BOS,Boston Celtics,0021500656,2016-01-24,BOS @ PHI,W,6,0,2,0.0,0,1,0.0,2,2,1.0,0,1,1,0,0,0,0,0,2,-1,3.2,1,2015-16
22015,202083,Wesley Matthews,1610612742,DAL,Dallas Mavericks,0021500665,2016-01-24,DAL @ HOU,L,34,5,11,0.455,4,7,0.571,1,2,0.5,0,1,1,1,1,0,1,3,15,-16,19.7,1,2015-16
22015,2746,Josh Smith,1610612745,HOU,Houston Rockets,0021500665,2016-01-24,HOU vs. DAL,W,23,6,14,0.429,2,6,0.333,2,2,1.0,1,2,3,2,2,2,1,3,16,3,33.6,1,2015-16
22015,2037,Jamal Crawford,1610612746,LAC,LA Clippers,0021500666,2016-01-24,LAC @ TOR,L,19,1,6,0.167,0,1,0.0,1,1,1.0,0,0,0,0,0,0,1,1,3,-33,2.0,1,2015-16
22015,201599,DeAndre Jordan,1610612746,LAC,LA Clippers,0021500666,2016-01-24,LAC @ TOR,L,32,6,9,0.667,0,0,,3,9,0.333,4,9,13,0,0,0,0,3,15,5,30.6,1,2015-16
22015,203085,Austin Rivers,1610612746,LAC,LA Clippers,0021500666,2016-01-24,LAC @ TOR,L,19,4,8,0.5,0,1,0.0,0,0,,0,0,0,1,0,0,3,4,8,-28,6.5,1,2015-16
22015,203143,Pablo Prigioni,1610612746,LAC,LA Clippers,0021500666,2016-01-24,LAC @ TOR,L,8,0,1,0.0,0,1,0.0,0,0,,0,0,0,1,2,0,3,1,0,-23,4.5,1,2015-16
22015,201152,Thaddeus Young,1610612751,BKN,Brooklyn Nets,0021500664,2016-01-24,BKN vs. OKC,W,39,7,17,0.412,0,0,,0,0,,7,7,14,3,1,1,1,0,14,6,40.3,1,2015-16
22015,202711,Bojan Bogdanovic,1610612751,BKN,Brooklyn Nets,0021500664,2016-01-24,BKN vs. OKC,W,29,7,12,0.583,4,6,0.667,0,0,,2,1,3,3,0,0,2,1,18,1,24.1,1,2015-16
22015,203457,Nerlens Noel,1610612755,PHI,Philadelphia 76ers,0021500656,2016-01-24,PHI vs. BOS,L,27,6,9,0.667,0,0,,0,0,,3,6,9,1,1,1,3,1,12,-19,27.3,1,2015-16
22015,203960,JaKarr Sampson,1610612755,PHI,Philadelphia 76ers,0021500656,2016-01-24,PHI vs. BOS,L,9,1,3,0.333,0,0,,0,0,,0,1,1,0,0,0,1,1,2,-19,2.2,1,2015-16
22015,1626143,Jahlil Okafor,1610612755,PHI,Philadelphia 76ers,0021500656,2016-01-24,PHI vs. BOS,L,30,5,10,0.5,0,0,,0,0,,3,3,6,1,0,2,1,3,10,-15,23.7,1,2015-16
22015,1626158,Richaun Holmes,1610612755,PHI,Philadelphia 76ers,0021500656,2016-01-24,PHI vs. BOS,L,16,2,7,0.286,0,1,0.0,0,1,0.0,3,4,7,2,1,1,0,2,4,1,21.4,1,2015-16
22015,203079,Dion Waiters,1610612760,OKC,Oklahoma City Thunder,0021500664,2016-01-24,OKC @ BKN,L,33,3,10,0.3,2,5,0.4,1,2,0.5,0,0,0,1,2,0,1,2,9,-1,15.5,1,2015-16
22015,1626166,Cameron Payne,1610612760,OKC,Oklahoma City Thunder,0021500664,2016-01-24,OKC @ BKN,L,13,4,5,0.8,2,3,0.667,0,0,,0,0,0,2,1,1,0,1,10,3,19.0,1,2015-16
22015,2449,Luis Scola,1610612761,TOR,Toronto Raptors,0021500666,2016-01-24,TOR vs. LAC,W,18,0,4,0.0,0,1,0.0,0,0,,0,5,5,1,1,1,1,2,0,-11,12.5,1,2015-16
22015,201949,James Johnson,1610612761,TOR,Toronto Raptors,0021500666,2016-01-24,TOR vs. LAC,W,15,1,4,0.25,0,0,,0,0,,0,1,1,2,0,0,1,4,2,-7,5.2,1,2015-16
22015,203092,Tyler Zeller,1610612738,BOS,Boston Celtics,0021500656,2016-01-24,BOS @ PHI,W,7,3,4,0.75,0,0,,0,0,,3,1,4,0,0,0,2,0,6,-1,8.8,1,2015-16
22015,1717,Dirk Nowitzki,1610612742,DAL,Dallas Mavericks,0021500665,2016-01-24,DAL @ HOU,L,27,7,13,0.538,4,6,0.667,1,1,1.0,0,3,3,0,0,0,1,1,19,-4,21.6,1,2015-16
22015,101111,Charlie Villanueva,1610612742,DAL,Dallas Mavericks,0021500665,2016-01-24,DAL @ HOU,L,5,0,2,0.0,0,1,0.0,0,0,,0,1,1,0,1,0,1,3,0,4,3.2,1,2015-16
22015,200826,J.J. Barea,1610612742,DAL,Dallas Mavericks,0021500665,2016-01-24,DAL @ HOU,L,14,1,7,0.143,1,2,0.5,0,0,,0,0,0,3,0,0,0,0,3,6,7.5,1,2015-16
22015,200755,JJ Redick,1610612746,LAC,LA Clippers,0021500666,2016-01-24,LAC @ TOR,L,28,5,10,0.5,2,5,0.4,5,7,0.714,0,2,2,2,0,0,0,2,17,10,22.4,1,2015-16
22015,201965,Jeff Ayres,1610612746,LAC,LA Clippers,0021500666,2016-01-24,LAC @ TOR,L,5,0,0,,0,0,,2,2,1.0,0,1,1,1,0,0,0,0,2,3,4.7,1,2015-16
22015,202325,Wesley Johnson,1610612746,LAC,LA Clippers,0021500666,2016-01-24,LAC @ TOR,L,28,2,7,0.286,2,7,0.286,0,0,,1,3,4,1,1,0,0,3,6,-25,15.3,1,2015-16
22015,202332,Cole Aldrich,1610612746,LAC,LA Clippers,0021500666,2016-01-24,LAC @ TOR,L,11,1,2,0.5,0,0,,0,0,,0,1,1,0,0,1,1,3,2,-26,5.2,1,2015-16
22015,203508,Sergey Karasev,1610612751,BKN,Brooklyn Nets,0021500664,2016-01-24,BKN vs. OKC,W,6,1,2,0.5,0,0,,0,0,,0,1,1,0,0,0,1,0,2,1,2.2,1,2015-16
22015,203138,Hollis Thompson,1610612755,PHI,Philadelphia 76ers,0021500656,2016-01-24,PHI vs. BOS,L,24,2,6,0.333,1,1,1.0,0,0,,0,2,2,0,0,1,1,0,5,-1,9.4,1,2015-16
22015,203477,Isaiah Canaan,1610612755,PHI,Philadelphia 76ers,0021500656,2016-01-24,PHI vs. BOS,L,15,2,4,0.5,1,3,0.333,2,2,1.0,0,3,3,1,1,0,5,2,7,-7,10.1,1,2015-16
22015,203496,Robert Covington,1610612755,PHI,Philadelphia 76ers,0021500656,2016-01-24,PHI vs. BOS,L,34,6,15,0.4,6,13,0.462,7,9,0.778,1,7,8,1,1,0,4,4,25,-13,35.1,1,2015-16
22015,203924,Jerami Grant,1610612755,PHI,Philadelphia 76ers,0021500656,2016-01-24,PHI vs. BOS,L,21,2,7,0.286,0,2,0.0,4,6,0.667,2,1,3,2,1,0,1,3,8,-6,16.6,1,2015-16
22015,2555,Nick Collison,1610612760,OKC,Oklahoma City Thunder,0021500664,2016-01-24,OKC @ BKN,L,12,1,1,1.0,0,0,,1,2,0.5,3,1,4,1,0,1,0,4,3,-6,12.3,1,2015-16
22015,202713,Kyle Singler,1610612760,OKC,Oklahoma City Thunder,0021500664,2016-01-24,OKC @ BKN,L,21,3,6,0.5,1,2,0.5,0,0,,2,0,2,0,0,1,0,2,7,-10,12.4,1,2015-16
22015,203460,Andre Roberson,1610612760,OKC,Oklahoma City Thunder,0021500664,2016-01-24,OKC @ BKN,L,15,0,0,,0,0,,0,0,,0,0,0,1,0,0,1,0,0,-7,0.5,1,2015-16
22015,101161,Amir Johnson,1610612738,BOS,Boston Celtics,0021500656,2016-01-24,BOS @ PHI,W,20,1,3,0.333,0,0,,1,2,0.5,5,7,12,5,2,1,1,2,3,12,32.9,1,2015-16
22015,202738,Isaiah Thomas,1610612738,BOS,Boston Celtics,0021500656,2016-01-24,BOS @ PHI,W,24,8,17,0.471,1,3,0.333,3,3,1.0,1,1,2,4,1,0,3,1,20,15,28.4,1,2015-16
22015,203482,Kelly Olynyk,1610612738,BOS,Boston Celtics,0021500656,2016-01-24,BOS @ PHI,W,16,2,5,0.4,0,1,0.0,1,2,0.5,0,0,0,1,1,0,2,5,5,5,7.5,1,2015-16
22015,203935,Marcus Smart,1610612738,BOS,Boston Celtics,0021500656,2016-01-24,BOS @ PHI,W,29,6,11,0.545,3,6,0.5,1,2,0.5,0,3,3,2,4,1,1,3,16,2,36.6,1,2015-16
22015,101114,Deron Williams,1610612742,DAL,Dallas Mavericks,0021500665,2016-01-24,DAL @ HOU,L,32,1,9,0.111,0,3,0.0,2,2,1.0,0,1,1,5,0,0,3,4,4,-21,9.7,1,2015-16
22015,2772,Trevor Ariza,1610612745,HOU,Houston Rockets,0021500665,2016-01-24,HOU vs. DAL,W,39,11,15,0.733,6,9,0.667,1,4,0.25,1,2,3,2,3,0,0,2,29,21,44.6,1,2015-16
22015,201951,Ty Lawson,1610612745,HOU,Houston Rockets,0021500665,2016-01-24,HOU vs. DAL,W,24,4,6,0.667,1,2,0.5,1,1,1.0,0,2,2,2,0,1,1,2,10,2,17.4,1,2015-16
22015,203991,Clint Capela,1610612745,HOU,Houston Rockets,0021500665,2016-01-24,HOU vs. DAL,W,24,4,7,0.571,0,0,,0,3,0.0,1,4,5,2,0,0,0,4,8,7,17.0,1,2015-16
22015,1718,Paul Pierce,1610612746,LAC,LA Clippers,0021500666,2016-01-24,LAC @ TOR,L,16,1,5,0.2,1,3,0.333,1,2,0.5,0,5,5,3,0,0,0,3,4,8,14.5,1,2015-16
22015,201572,Brook Lopez,1610612751,BKN,Brooklyn Nets,0021500664,2016-01-24,BKN vs. OKC,W,32,11,19,0.579,0,0,,9,10,0.9,5,5,10,2,0,3,1,4,31,18,54.0,1,2015-16
22015,201961,Wayne Ellington,1610612751,BKN,Brooklyn Nets,0021500664,2016-01-24,BKN vs. OKC,W,27,4,11,0.364,1,5,0.2,0,0,,1,5,6,4,1,0,0,2,9,13,25.2,1,2015-16
22015,203186,Willie Reed,1610612751,BKN,Brooklyn Nets,0021500664,2016-01-24,BKN vs. OKC,W,15,2,4,0.5,0,0,,1,2,0.5,2,4,6,0,0,1,1,2,5,-8,14.2,1,2015-16
22015,201566,Russell Westbrook,1610612760,OKC,Oklahoma City Thunder,0021500664,2016-01-24,OKC @ BKN,L,40,12,27,0.444,1,4,0.25,2,5,0.4,2,9,11,7,1,0,3,1,27,-15,50.7,1,2015-16
22015,202323,Evan Turner,1610612738,BOS,Boston Celtics,0021500656,2016-01-24,BOS @ PHI,W,26,4,9,0.444,0,0,,3,4,0.75,0,4,4,5,1,0,3,1,11,2,23.3,1,2015-16
22015,203096,Jared Sullinger,1610612738,BOS,Boston Celtics,0021500656,2016-01-24,BOS @ PHI,W,26,4,12,0.333,0,0,,0,0,,5,6,11,7,1,0,0,1,8,21,34.7,1,2015-16
22015,1626154,RJ Hunter,1610612738,BOS,Boston Celtics,0021500656,2016-01-24,BOS @ PHI,W,2,0,1,0.0,0,1,0.0,0,0,,0,0,0,0,0,0,0,0,0,0,0.0,1,2015-16
22015,2734,Devin Harris,1610612742,DAL,Dallas Mavericks,0021500665,2016-01-24,DAL @ HOU,L,10,0,0,,0,0,,0,0,,0,3,3,2,0,0,2,1,0,15,4.6,1,2015-16
22015,101109,Raymond Felton,1610612742,DAL,Dallas Mavericks,0021500665,2016-01-24,DAL @ HOU,L,34,6,10,0.6,1,3,0.333,3,3,1.0,1,7,8,2,1,0,2,1,16,-1,29.6,1,2015-16
22015,1626257,Salah Mejri,1610612742,DAL,Dallas Mavericks,0021500665,2016-01-24,DAL @ HOU,L,29,4,6,0.667,0,0,,2,2,1.0,6,5,11,0,0,3,3,5,10,-22,29.2,1,2015-16
22015,1891,Jason Terry,1610612745,HOU,Houston Rockets,0021500665,2016-01-24,HOU vs. DAL,W,20,3,5,0.6,2,4,0.5,0,0,,0,0,0,1,0,0,0,0,8,18,9.5,1,2015-16
22015,201976,Patrick Beverley,1610612745,HOU,Houston Rockets,0021500665,2016-01-24,HOU vs. DAL,W,31,3,10,0.3,1,7,0.143,0,0,,3,6,9,4,0,1,1,1,7,7,25.8,1,2015-16
22015,203093,Terrence Jones,1610612745,HOU,Houston Rockets,0021500665,2016-01-24,HOU vs. DAL,W,10,0,0,,0,0,,1,2,0.5,0,0,0,1,0,0,0,2,1,-11,2.5,1,2015-16
22015,101108,Chris Paul,1610612746,LAC,LA Clippers,0021500666,2016-01-24,LAC @ TOR,L,31,9,17,0.529,3,7,0.429,2,3,0.667,1,3,4,11,2,1,4,4,23,10,49.3,1,2015-16
22015,202362,Lance Stephenson,1610612746,LAC,LA Clippers,0021500666,2016-01-24,LAC @ TOR,L,8,4,4,1.0,0,0,,0,0,,0,2,2,0,0,0,1,1,8,-1,9.4,1,2015-16
22015,203912,C.J. Wilcox,1610612746,LAC,LA Clippers,0021500666,2016-01-24,LAC @ TOR,L,5,0,2,0.0,0,0,,0,0,,0,1,1,1,0,0,0,0,0,3,2.7,1,2015-16
22015,2207,Joe Johnson,1610612751,BKN,Brooklyn Nets,0021500664,2016-01-24,BKN vs. OKC,W,35,5,14,0.357,1,3,0.333,2,2,1.0,0,0,0,6,2,0,2,4,13,6,26.0,1,2015-16
22015,202397,Ish Smith,1610612755,PHI,Philadelphia 76ers,0021500656,2016-01-24,PHI vs. BOS,L,26,3,12,0.25,0,0,,1,2,0.5,0,1,1,4,2,1,3,3,7,-35,20.2,1,2015-16
22015,204456,T.J. McConnell,1610612755,PHI,Philadelphia 76ers,0021500656,2016-01-24,PHI vs. BOS,L,16,4,7,0.571,0,1,0.0,0,0,,0,5,5,2,2,0,3,0,8,7,20.0,1,2015-16
22015,202685,Jonas Valančiūnas,1610612761,TOR,Toronto Raptors,0021500666,2016-01-24,TOR vs. LAC,W,25,8,11,0.727,0,0,,4,6,0.667,1,7,8,0,0,1,1,5,20,-6,31.6,1,2015-16
22015,202687,Bismack Biyombo,1610612761,TOR,Toronto Raptors,0021500666,2016-01-24,TOR vs. LAC,W,23,4,6,0.667,0,0,,2,3,0.667,3,6,9,0,0,0,2,1,10,24,18.8,1,2015-16
22015,203082,Terrence Ross,1610612761,TOR,Toronto Raptors,0021500666,2016-01-24,TOR vs. LAC,W,33,6,10,0.6,5,7,0.714,1,2,0.5,1,3,4,2,4,0,2,4,18,25,35.8,1,2015-16
22015,1626153,Delon Wright,1610612761,TOR,Toronto Raptors,0021500666,2016-01-24,TOR vs. LAC,W,4,0,0,,0,0,,1,4,0.25,0,0,0,0,0,0,2,1,1,-2,-1.0,1,2015-16
22015,202340,Avery Bradley,1610612738,BOS,Boston Celtics,0021500656,2016-01-24,BOS @ PHI,W,30,7,13,0.538,3,4,0.75,2,2,1.0,0,2,2,4,1,0,3,2,19,12,27.4,1,2015-16
22015,202718,Chandler Parsons,1610612742,DAL,Dallas Mavericks,0021500665,2016-01-24,DAL @ HOU,L,36,10,15,0.667,5,6,0.833,6,9,0.667,0,6,6,3,1,1,1,2,31,-30,47.7,1,2015-16
22015,203098,John Jenkins,1610612742,DAL,Dallas Mavericks,0021500665,2016-01-24,DAL @ HOU,L,2,0,0,,0,0,,0,0,,0,0,0,0,0,0,0,0,0,0,0.0,1,2015-16
22015,203939,Dwight Powell,1610612742,DAL,Dallas Mavericks,0021500665,2016-01-24,DAL @ HOU,L,14,2,4,0.5,0,0,,2,3,0.667,1,0,1,1,0,0,0,0,6,10,8.7,1,2015-16
22015,1626147,Justin Anderson,1610612742,DAL,Dallas Mavericks,0021500665,2016-01-24,DAL @ HOU,L,3,0,2,0.0,0,2,0.0,0,0,,0,1,1,0,0,0,0,0,0,4,1.2,1,2015-16
22015,201147,Corey Brewer,1610612745,HOU,Houston Rockets,0021500665,2016-01-24,HOU vs. DAL,W,27,5,11,0.455,0,4,0.0,3,3,1.0,0,1,1,3,4,1,0,3,13,11,33.7,1,2015-16
22015,201935,James Harden,1610612745,HOU,Houston Rockets,0021500665,2016-01-24,HOU vs. DAL,W,36,7,18,0.389,3,10,0.3,6,6,1.0,2,13,15,10,0,2,2,1,23,10,60.0,1,2015-16
22015,201977,Marcus Thornton,1610612745,HOU,Houston Rockets,0021500665,2016-01-24,HOU vs. DAL,W,7,0,3,0.0,0,2,0.0,0,0,,1,1,2,0,0,0,2,3,0,-13,0.4,1,2015-16
22015,201601,Luc Mbah a Moute,1610612746,LAC,LA Clippers,0021500666,2016-01-24,LAC @ TOR,L,29,1,5,0.2,0,1,0.0,4,6,0.667,1,0,1,0,1,1,0,3,6,7,13.2,1,2015-16
22015,202388,Donald Sloan,1610612751,BKN,Brooklyn Nets,0021500664,2016-01-24,BKN vs. OKC,W,27,2,6,0.333,2,2,1.0,5,10,0.5,1,5,6,2,2,0,1,2,11,7,26.2,1,2015-16
22015,203499,Shane Larkin,1610612751,BKN,Brooklyn Nets,0021500664,2016-01-24,BKN vs. OKC,W,21,4,7,0.571,0,1,0.0,1,1,1.0,0,3,3,4,4,2,0,0,9,3,36.6,1,2015-16
22015,203088,Kendall Marshall,1610612755,PHI,Philadelphia 76ers,0021500656,2016-01-24,PHI vs. BOS,L,8,1,3,0.333,0,1,0.0,0,0,,0,1,1,2,3,0,0,1,2,3,15.2,1,2015-16
22015,203917,Nik Stauskas,1610612755,PHI,Philadelphia 76ers,0021500656,2016-01-24,PHI vs. BOS,L,15,1,6,0.167,0,4,0.0,0,0,,1,0,1,1,0,0,1,0,2,4,3.7,1,2015-16
22015,201142,Kevin Durant,1610612760,OKC,Oklahoma City Thunder,0021500664,2016-01-24,OKC @ BKN,L,41,11,22,0.5,2,10,0.2,8,10,0.8,0,10,10,7,2,1,5,3,32,-9,58.5,1,2015-16
22015,201627,Anthony Morrow,1610612760,OKC,Oklahoma City Thunder,0021500664,2016-01-24,OKC @ BKN,L,5,0,0,,0,0,,0,0,,0,1,1,0,0,0,0,1,0,2,1.2,1,2015-16
22015,200768,Kyle Lowry,1610612761,TOR,Toronto Raptors,0021500666,2016-01-24,TOR vs. LAC,W,36,7,14,0.5,3,6,0.5,4,5,0.8,1,3,4,6,0,0,3,3,21,11,31.8,1,2015-16
22015,201942,DeMar DeRozan,1610612761,TOR,Toronto Raptors,0021500666,2016-01-24,TOR vs. LAC,W,33,6,17,0.353,2,2,1.0,4,4,1.0,1,4,5,2,0,0,1,2,18,-6,26.0,1,2015-16
22015,202335,Patrick Patterson,1610612761,TOR,Toronto Raptors,0021500666,2016-01-24,TOR vs. LAC,W,27,4,8,0.5,2,5,0.4,0,0,,1,5,6,3,1,1,0,3,10,31,27.7,1,2015-16
22015,200745,Andrea Bargnani,1610612751,BKN,Brooklyn Nets,0021500664,2016-01-24,BKN vs. OKC,W,8,2,2,1.0,0,0,,0,0,,0,0,0,0,0,0,2,2,4,3,2.0,1,2015-16
22015,201586,Serge Ibaka,1610612760,OKC,Oklahoma City Thunder,0021500664,2016-01-24,OKC @ BKN,L,31,5,10,0.5,0,2,0.0,0,0,,4,5,9,1,1,1,2,1,10,-7,26.3,1,2015-16
22015,202683,Enes Freedom,1610612760,OKC,Oklahoma City Thunder,0021500664,2016-01-24,OKC @ BKN,L,30,4,12,0.333,0,0,,0,0,,3,6,9,0,0,0,2,4,8,0,16.8,1,2015-16
22015,202709,Cory Joseph,1610612761,TOR,Toronto Raptors,0021500666,2016-01-24,TOR vs. LAC,W,23,5,8,0.625,0,0,,2,2,1.0,0,2,2,3,2,0,2,1,12,33,22.9,1,2015-16
22015,203461,Anthony Bennett,1610612761,TOR,Toronto Raptors,0021500666,2016-01-24,TOR vs. LAC,W,3,0,1,0.0,0,1,0.0,0,0,,0,0,0,0,0,0,0,0,0,-2,0.0,1,2015-16
22015,200757,Thabo Sefolosha,1610612737,ATL,Atlanta Hawks,0021500672,2016-01-25,ATL @ DEN,W,23,2,3,0.667,0,0,,2,2,1.0,1,4,5,2,1,0,0,1,6,7,18.0,1,2015-16
22015,201168,Tiago Splitter,1610612737,ATL,Atlanta Hawks,0021500672,2016-01-25,ATL @ DEN,W,20,4,5,0.8,0,0,,2,2,1.0,0,4,4,0,0,0,1,3,10,5,13.8,1,2015-16
22015,203501,Tim Hardaway Jr.,1610612737,ATL,Atlanta Hawks,0021500672,2016-01-25,ATL @ DEN,W,17,3,8,0.375,1,4,0.25,0,0,,1,1,2,0,0,0,0,4,7,1,9.4,1,2015-16
22015,203482,Kelly Olynyk,1610612738,BOS,Boston Celtics,0021500668,2016-01-25,BOS @ WAS,W,22,3,8,0.375,2,3,0.667,5,6,0.833,1,3,4,2,1,0,2,2,13,22,21.8,1,2015-16
22015,203935,Marcus Smart,1610612738,BOS,Boston Celtics,0021500668,2016-01-25,BOS @ WAS,W,32,5,11,0.455,2,5,0.4,1,2,0.5,1,5,6,5,2,0,1,4,13,20,32.7,1,2015-16
22015,2544,LeBron James,1610612739,CLE,Cleveland Cavaliers,0021500667,2016-01-25,CLE vs. MIN,W,38,11,15,0.733,1,1,1.0,2,3,0.667,0,4,4,9,1,1,5,2,25,1,44.3,1,2015-16
22015,202697,Iman Shumpert,1610612739,CLE,Cleveland Cavaliers,0021500667,2016-01-25,CLE vs. MIN,W,23,3,7,0.429,2,3,0.667,1,1,1.0,0,3,3,2,0,1,1,3,9,4,17.6,1,2015-16
22015,201936,Tyreke Evans,1610612740,NOP,New Orleans Pelicans,0021500671,2016-01-25,NOP vs. HOU,L,16,2,6,0.333,1,3,0.333,0,3,0.0,1,1,2,2,0,0,0,2,5,-23,10.4,1,2015-16
22015,201565,Derrick Rose,1610612741,CHI,Chicago Bulls,0021500669,2016-01-25,CHI vs. MIA,L,13,2,6,0.333,0,0,,0,0,,0,0,0,1,0,0,0,0,4,-2,5.5,1,2015-16
22015,203503,Tony Snell,1610612741,CHI,Chicago Bulls,0021500669,2016-01-25,CHI vs. MIA,L,28,2,11,0.182,0,4,0.0,2,2,1.0,0,4,4,2,0,0,1,3,6,3,12.8,1,2015-16
22015,1626171,Bobby Portis,1610612741,CHI,Chicago Bulls,0021500669,2016-01-25,CHI vs. MIA,L,7,1,2,0.5,0,0,,0,0,,1,1,2,0,0,0,0,4,2,-8,4.4,1,2015-16
22015,2034,Mike Miller,1610612743,DEN,Denver Nuggets,0021500672,2016-01-25,DEN vs. ATL,L,4,0,1,0.0,0,0,,0,0,,1,1,2,1,0,0,0,0,0,8,3.9,1,2015-16
22015,202702,Kenneth Faried,1610612743,DEN,Denver Nuggets,0021500672,2016-01-25,DEN vs. ATL,L,17,2,5,0.4,0,0,,0,0,,2,3,5,1,0,1,1,3,4,-6,13.5,1,2015-16
22015,201939,Stephen Curry,1610612744,GSW,Golden State Warriors,0021500675,2016-01-25,GSW vs. SAS,W,28,12,20,0.6,6,9,0.667,7,7,1.0,1,1,2,3,5,0,1,0,37,23,57.9,1,2015-16
22015,203546,Ian Clark,1610612744,GSW,Golden State Warriors,0021500675,2016-01-25,GSW vs. SAS,W,7,0,1,0.0,0,1,0.0,0,0,,0,1,1,1,0,0,2,0,0,3,0.7,1,2015-16
22015,201951,Ty Lawson,1610612745,HOU,Houston Rockets,0021500671,2016-01-25,HOU @ NOP,W,16,0,3,0.0,0,1,0.0,3,4,0.75,0,0,0,2,0,0,2,1,3,-27,4.0,1,2015-16
22015,201977,Marcus Thornton,1610612745,HOU,Houston Rockets,0021500671,2016-01-25,HOU @ NOP,W,17,4,10,0.4,4,7,0.571,0,0,,0,1,1,2,0,0,1,3,12,-19,15.2,1,2015-16
22015,203991,Clint Capela,1610612745,HOU,Houston Rockets,0021500671,2016-01-25,HOU @ NOP,W,16,4,5,0.8,0,0,,2,3,0.667,1,4,5,0,0,0,0,2,10,24,16.0,1,2015-16
22015,2405,Amar'e Stoudemire,1610612748,MIA,Miami Heat,0021500669,2016-01-25,MIA @ CHI,W,26,3,7,0.429,0,0,,2,2,1.0,2,8,10,2,1,1,1,1,8,-2,28.0,1,2015-16
22015,2548,Dwyane Wade,1610612748,MIA,Miami Heat,0021500669,2016-01-25,MIA @ CHI,W,34,11,21,0.524,0,0,,6,8,0.75,1,6,7,5,0,1,1,2,28,14,45.9,1,2015-16
22015,2736,Luol Deng,1610612748,MIA,Miami Heat,0021500669,2016-01-25,MIA @ CHI,W,31,4,10,0.4,1,2,0.5,0,0,,1,3,4,0,1,1,1,1,9,-6,18.8,1,2015-16
22015,203897,Zach LaVine,1610612750,MIN,Minnesota Timberwolves,0021500667,2016-01-25,MIN @ CLE,L,30,8,15,0.533,2,7,0.286,3,3,1.0,0,4,4,6,1,0,1,3,21,-8,36.8,1,2015-16
22015,202326,DeMarcus Cousins,1610612758,SAC,Sacramento Kings,0021500674,2016-01-25,SAC vs. CHA,L,46,21,30,0.7,1,3,0.333,13,16,0.813,1,11,12,4,1,2,7,6,56,15,78.4,1,2015-16
22015,201980,Danny Green,1610612759,SAS,San Antonio Spurs,0021500675,2016-01-25,SAS @ GSW,L,22,1,4,0.25,1,2,0.5,0,0,,1,3,4,3,2,0,1,2,3,-13,17.3,1,2015-16
22015,203497,Rudy Gobert,1610612762,UTA,Utah Jazz,0021500673,2016-01-25,UTA vs. DET,L,36,7,10,0.7,0,0,,3,4,0.75,6,11,17,1,1,1,1,2,17,-11,43.9,1,2015-16
22015,2754,Tony Allen,1610612763,MEM,Memphis Grizzlies,0021500670,2016-01-25,MEM vs. ORL,W,40,4,9,0.444,0,0,,1,3,0.333,4,8,12,1,4,0,1,4,9,9,35.9,1,2015-16
22015,200797,Ryan Hollins,1610612763,MEM,Memphis Grizzlies,0021500670,2016-01-25,MEM vs. ORL,W,7,2,3,0.667,0,0,,0,0,,1,2,3,0,0,0,0,0,4,4,7.6,1,2015-16
22015,201145,Jeff Green,1610612763,MEM,Memphis Grizzlies,0021500670,2016-01-25,MEM vs. ORL,W,31,11,18,0.611,2,6,0.333,6,8,0.75,2,6,8,1,2,1,2,1,30,4,48.1,1,2015-16
22015,202066,Garrett Temple,1610612764,WAS,Washington Wizards,0021500668,2016-01-25,WAS vs. BOS,L,23,0,7,0.0,0,4,0.0,2,2,1.0,0,4,4,1,0,0,0,2,2,-7,8.3,1,2015-16
22015,203490,Otto Porter Jr.,1610612764,WAS,Washington Wizards,0021500668,2016-01-25,WAS vs. BOS,L,30,6,11,0.545,2,4,0.5,1,2,0.5,1,5,6,2,0,0,1,2,15,-17,24.2,1,2015-16
22015,101141,Ersan Ilyasova,1610612765,DET,Detroit Pistons,0021500673,2016-01-25,DET @ UTA,W,23,5,9,0.556,2,4,0.5,4,4,1.0,1,7,8,0,0,0,0,4,16,13,25.6,1,2015-16
22015,202694,Marcus Morris Sr.,1610612765,DET,Detroit Pistons,0021500673,2016-01-25,DET @ UTA,W,35,1,9,0.111,0,3,0.0,0,0,,1,3,4,4,1,0,0,2,2,-2,15.8,1,2015-16
22015,202704,Reggie Jackson,1610612765,DET,Detroit Pistons,0021500673,2016-01-25,DET @ UTA,W,31,12,19,0.632,3,4,0.75,2,4,0.5,1,2,3,4,1,0,1,0,29,7,40.6,1,2015-16
22015,202391,Jeremy Lin,1610612766,CHA,Charlotte Hornets,0021500674,2016-01-25,CHA @ SAC,W,50,8,19,0.421,2,4,0.5,2,2,1.0,1,6,7,11,0,0,3,4,20,5,41.9,1,2015-16
22015,201952,Jeff Teague,1610612737,ATL,Atlanta Hawks,0021500672,2016-01-25,ATL @ DEN,W,26,5,11,0.455,0,2,0.0,2,2,1.0,2,1,3,10,3,0,4,1,12,15,35.6,1,2015-16
22015,203145,Kent Bazemore,1610612737,ATL,Atlanta Hawks,0021500672,2016-01-25,ATL @ DEN,W,25,3,8,0.375,1,5,0.2,2,2,1.0,1,6,7,2,2,1,3,3,9,8,26.4,1,2015-16
22015,202323,Evan Turner,1610612738,BOS,Boston Celtics,0021500668,2016-01-25,BOS @ WAS,W,29,7,11,0.636,0,0,,4,5,0.8,0,5,5,3,1,0,1,0,18,20,30.5,1,2015-16
22015,203923,James Young,1610612738,BOS,Boston Celtics,0021500668,2016-01-25,BOS @ WAS,W,3,2,2,1.0,1,1,1.0,0,0,,0,0,0,0,0,0,0,0,5,0,5.0,1,2015-16
22015,2747,JR Smith,1610612739,CLE,Cleveland Cavaliers,0021500667,2016-01-25,CLE vs. MIN,W,35,3,14,0.214,2,8,0.25,3,4,0.75,0,2,2,2,3,1,1,2,11,5,27.4,1,2015-16
22015,201567,Kevin Love,1610612739,CLE,Cleveland Cavaliers,0021500667,2016-01-25,CLE vs. MIN,W,36,5,11,0.455,1,7,0.143,0,1,0.0,1,5,6,2,2,0,1,3,11,10,26.2,1,2015-16
22015,202681,Kyrie Irving,1610612739,CLE,Cleveland Cavaliers,0021500667,2016-01-25,CLE vs. MIN,W,28,7,18,0.389,1,4,0.25,2,2,1.0,3,6,9,4,0,0,4,1,17,-9,29.8,1,2015-16
22015,202708,Norris Cole,1610612740,NOP,New Orleans Pelicans,0021500671,2016-01-25,NOP vs. HOU,L,35,4,11,0.364,2,4,0.5,0,2,0.0,0,4,4,4,0,0,3,2,10,-6,17.8,1,2015-16
22015,202710,Jimmy Butler III,1610612741,CHI,Chicago Bulls,0021500669,2016-01-25,CHI vs. MIA,L,40,5,15,0.333,1,1,1.0,2,2,1.0,1,5,6,4,0,0,2,1,13,-1,24.2,1,2015-16
22015,201589,Darrell Arthur,1610612743,DEN,Denver Nuggets,0021500672,2016-01-25,DEN vs. ATL,L,19,1,7,0.143,0,1,0.0,0,0,,0,2,2,1,0,0,0,3,2,-16,5.9,1,2015-16
22015,2733,Shaun Livingston,1610612744,GSW,Golden State Warriors,0021500675,2016-01-25,GSW vs. SAS,W,17,6,6,1.0,0,0,,1,1,1.0,0,2,2,2,2,0,3,1,13,13,21.4,1,2015-16
22015,101106,Andrew Bogut,1610612744,GSW,Golden State Warriors,0021500675,2016-01-25,GSW vs. SAS,W,17,2,2,1.0,0,0,,0,0,,1,2,3,2,1,1,1,4,4,18,15.6,1,2015-16
22015,201574,Jason Thompson,1610612744,GSW,Golden State Warriors,0021500675,2016-01-25,GSW vs. SAS,W,7,1,2,0.5,0,0,,2,2,1.0,0,2,2,1,1,0,1,1,4,3,9.9,1,2015-16
22015,201575,Brandon Rush,1610612744,GSW,Golden State Warriors,0021500675,2016-01-25,GSW vs. SAS,W,17,5,6,0.833,3,4,0.75,0,0,,0,2,2,3,1,0,0,0,13,11,22.9,1,2015-16
22015,201578,Marreese Speights,1610612744,GSW,Golden State Warriors,0021500675,2016-01-25,GSW vs. SAS,W,19,4,11,0.364,2,2,1.0,2,3,0.667,3,4,7,2,0,1,0,5,12,9,26.4,1,2015-16
22015,202691,Klay Thompson,1610612744,GSW,Golden State Warriors,0021500675,2016-01-25,GSW vs. SAS,W,25,4,10,0.4,0,3,0.0,3,3,1.0,0,4,4,1,0,0,2,3,11,22,15.3,1,2015-16
22015,2746,Josh Smith,1610612745,HOU,Houston Rockets,0021500671,2016-01-25,HOU @ NOP,W,28,2,11,0.182,0,4,0.0,1,2,0.5,0,4,4,3,0,0,2,4,5,-14,12.3,1,2015-16
22015,201147,Corey Brewer,1610612745,HOU,Houston Rockets,0021500671,2016-01-25,HOU @ NOP,W,32,2,5,0.4,1,3,0.333,0,0,,1,3,4,1,0,1,3,0,5,14,11.3,1,2015-16
22015,101123,Gerald Green,1610612748,MIA,Miami Heat,0021500669,2016-01-25,MIA @ CHI,W,25,4,12,0.333,0,4,0.0,1,1,1.0,0,3,3,2,0,0,1,1,9,3,14.6,1,2015-16
22015,2419,Tayshaun Prince,1610612750,MIN,Minnesota Timberwolves,0021500667,2016-01-25,MIN @ CLE,L,29,2,4,0.5,0,0,,0,0,,0,4,4,1,1,0,0,1,4,-18,13.3,1,2015-16
22015,201160,Jason Smith,1610612753,ORL,Orlando Magic,0021500670,2016-01-25,ORL @ MEM,L,13,4,7,0.571,0,0,,0,0,,1,2,3,3,0,1,2,4,8,10,17.1,1,2015-16
22015,202696,Nikola Vučević,1610612753,ORL,Orlando Magic,0021500670,2016-01-25,ORL @ MEM,L,39,8,17,0.471,0,0,,0,0,,3,11,14,3,0,2,5,3,16,-14,38.3,1,2015-16
22015,1626209,Mario Hezonja,1610612753,ORL,Orlando Magic,0021500670,2016-01-25,ORL @ MEM,L,8,2,3,0.667,1,2,0.5,0,0,,1,2,3,0,0,0,0,1,5,5,8.6,1,2015-16
22015,2564,Boris Diaw,1610612759,SAS,San Antonio Spurs,0021500675,2016-01-25,SAS @ GSW,L,18,1,2,0.5,0,1,0.0,3,3,1.0,0,0,0,1,0,0,2,0,5,-15,4.5,1,2015-16
22015,203526,Raul Neto,1610612762,UTA,Utah Jazz,0021500673,2016-01-25,UTA vs. DET,L,6,0,1,0.0,0,1,0.0,0,0,,0,0,0,0,0,0,1,0,0,-6,-1.0,1,2015-16
22015,201162,Jared Dudley,1610612764,WAS,Washington Wizards,0021500668,2016-01-25,WAS vs. BOS,L,31,5,7,0.714,2,3,0.667,3,4,0.75,0,2,2,1,1,0,3,1,15,-24,18.9,1,2015-16
22015,201196,Ramon Sessions,1610612764,WAS,Washington Wizards,0021500668,2016-01-25,WAS vs. BOS,L,23,3,4,0.75,0,0,,6,8,0.75,0,2,2,3,0,0,2,1,12,-15,16.9,1,2015-16
22015,203078,Bradley Beal,1610612764,WAS,Washington Wizards,0021500668,2016-01-25,WAS vs. BOS,L,9,2,6,0.333,0,3,0.0,0,0,,0,1,1,1,1,0,3,2,4,-2,6.7,1,2015-16
22015,201943,Brandon Jennings,1610612765,DET,Detroit Pistons,0021500673,2016-01-25,DET @ UTA,W,17,0,4,0.0,0,1,0.0,1,3,0.333,0,1,1,4,1,0,0,2,1,-4,11.2,1,2015-16
22015,203382,Aron Baynes,1610612765,DET,Detroit Pistons,0021500673,2016-01-25,DET @ UTA,W,19,2,5,0.4,0,0,,4,6,0.667,1,4,5,2,0,1,0,0,8,-3,20.0,1,2015-16
22015,101107,Marvin Williams,1610612766,CHA,Charlotte Hornets,0021500674,2016-01-25,CHA @ SAC,W,33,8,17,0.471,3,7,0.429,2,2,1.0,4,1,5,3,1,1,1,6,21,-4,36.5,1,2015-16
22015,201150,Spencer Hawes,1610612766,CHA,Charlotte Hornets,0021500674,2016-01-25,CHA @ SAC,W,30,7,10,0.7,4,5,0.8,0,0,,2,5,7,0,2,0,1,6,18,2,31.4,1,2015-16
22015,1626151,Aaron Harrison,1610612766,CHA,Charlotte Hornets,0021500674,2016-01-25,CHA @ SAC,W,6,0,0,,0,0,,0,0,,0,0,0,0,0,0,0,0,0,7,0.0,1,2015-16
22015,200794,Paul Millsap,1610612737,ATL,Atlanta Hawks,0021500672,2016-01-25,ATL @ DEN,W,28,8,15,0.533,0,1,0.0,6,7,0.857,4,5,9,3,2,1,2,1,22,20,44.3,1,2015-16
22015,203118,Mike Scott,1610612737,ATL,Atlanta Hawks,0021500672,2016-01-25,ATL @ DEN,W,17,3,5,0.6,1,2,0.5,2,2,1.0,0,2,2,0,0,0,0,3,9,-1,11.4,1,2015-16
22015,202738,Isaiah Thomas,1610612738,BOS,Boston Celtics,0021500668,2016-01-25,BOS @ WAS,W,28,8,14,0.571,2,3,0.667,5,5,1.0,0,4,4,9,1,0,2,1,23,19,42.3,1,2015-16
22015,203092,Tyler Zeller,1610612738,BOS,Boston Celtics,0021500668,2016-01-25,BOS @ WAS,W,18,4,6,0.667,0,0,,1,1,1.0,0,3,3,2,3,0,0,5,9,7,24.6,1,2015-16
22015,203109,Jae Crowder,1610612738,BOS,Boston Celtics,0021500668,2016-01-25,BOS @ WAS,W,28,5,12,0.417,1,5,0.2,0,0,,1,4,5,1,0,0,1,2,11,13,17.5,1,2015-16
22015,1626179,Terry Rozier,1610612738,BOS,Boston Celtics,0021500668,2016-01-25,BOS @ WAS,W,4,0,1,0.0,0,0,,0,0,,1,1,2,2,0,0,0,1,0,1,5.4,1,2015-16
22015,2590,Mo Williams,1610612739,CLE,Cleveland Cavaliers,0021500667,2016-01-25,CLE vs. MIN,W,5,0,0,,0,0,,0,0,,0,0,0,2,0,0,0,1,0,2,3.0,1,2015-16
22015,202389,Timofey Mozgov,1610612739,CLE,Cleveland Cavaliers,0021500667,2016-01-25,CLE vs. MIN,W,15,2,2,1.0,0,0,,0,0,,0,3,3,0,0,0,1,2,4,-3,6.6,1,2015-16
22015,201582,Alexis Ajinca,1610612740,NOP,New Orleans Pelicans,0021500671,2016-01-25,NOP vs. HOU,L,4,0,1,0.0,0,0,,0,0,,0,1,1,0,0,0,0,2,0,4,1.2,1,2015-16
22015,201600,Omer Asik,1610612740,NOP,New Orleans Pelicans,0021500671,2016-01-25,NOP vs. HOU,L,6,1,1,1.0,0,0,,1,2,0.5,1,1,2,0,0,0,0,0,3,-9,5.4,1,2015-16
22015,202337,Luke Babbitt,1610612740,NOP,New Orleans Pelicans,0021500671,2016-01-25,NOP vs. HOU,L,0,0,0,,0,0,,0,0,,0,0,0,0,0,0,0,0,0,0,0.0,1,2015-16
22015,2200,Pau Gasol,1610612741,CHI,Chicago Bulls,0021500669,2016-01-25,CHI vs. MIA,L,37,9,18,0.5,0,0,,1,2,0.5,4,13,17,2,0,2,2,1,19,8,46.4,1,2015-16
22015,201959,Taj Gibson,1610612741,CHI,Chicago Bulls,0021500669,2016-01-25,CHI vs. MIA,L,30,2,3,0.667,0,0,,1,2,0.5,2,5,7,0,1,0,3,3,5,-5,13.4,1,2015-16
22015,202703,Nikola Mirotic,1610612741,CHI,Chicago Bulls,0021500669,2016-01-25,CHI vs. MIA,L,22,6,11,0.545,1,2,0.5,2,3,0.667,3,5,8,2,1,1,2,0,15,-5,31.6,1,2015-16
22015,203530,Joffrey Lauvergne,1610612743,DEN,Denver Nuggets,0021500672,2016-01-25,DEN vs. ATL,L,15,2,4,0.5,0,1,0.0,4,4,1.0,0,4,4,0,1,0,2,1,8,-6,13.8,1,2015-16
22015,203914,Gary Harris,1610612743,DEN,Denver Nuggets,0021500672,2016-01-25,DEN vs. ATL,L,31,6,9,0.667,3,5,0.6,0,0,,0,0,0,1,4,1,3,0,15,-11,28.5,1,2015-16
22015,203930,Sean Kilpatrick,1610612743,DEN,Denver Nuggets,0021500672,2016-01-25,DEN vs. ATL,L,15,3,5,0.6,1,3,0.333,4,4,1.0,1,2,3,0,0,0,0,2,11,2,14.6,1,2015-16
22015,203084,Harrison Barnes,1610612744,GSW,Golden State Warriors,0021500675,2016-01-25,GSW vs. SAS,W,21,2,6,0.333,0,3,0.0,0,0,,0,1,1,2,0,0,2,6,4,1,6.2,1,2015-16
22015,2772,Trevor Ariza,1610612745,HOU,Houston Rockets,0021500671,2016-01-25,HOU @ NOP,W,41,11,16,0.688,8,12,0.667,1,2,0.5,2,3,5,3,3,1,3,2,31,7,50.5,1,2015-16
22015,201935,James Harden,1610612745,HOU,Houston Rockets,0021500671,2016-01-25,HOU @ NOP,W,41,11,20,0.55,3,5,0.6,10,10,1.0,0,11,11,8,1,1,2,4,35,15,64.2,1,2015-16
22015,204020,Tyler Johnson,1610612748,MIA,Miami Heat,0021500669,2016-01-25,MIA @ CHI,W,27,3,5,0.6,0,1,0.0,0,0,,0,3,3,3,0,0,3,1,6,21,11.1,1,2015-16
22015,203952,Andrew Wiggins,1610612750,MIN,Minnesota Timberwolves,0021500667,2016-01-25,MIN @ CLE,L,39,7,14,0.5,1,3,0.333,5,6,0.833,0,1,1,1,2,1,2,5,20,2,29.7,1,2015-16
22015,101112,Channing Frye,1610612753,ORL,Orlando Magic,0021500670,2016-01-25,ORL @ MEM,L,12,2,5,0.4,0,1,0.0,2,2,1.0,1,1,2,0,0,1,1,2,6,12,10.4,1,2015-16
22015,203095,Evan Fournier,1610612753,ORL,Orlando Magic,0021500670,2016-01-25,ORL @ MEM,L,35,6,11,0.545,4,9,0.444,0,0,,1,2,3,5,1,0,1,1,16,1,29.1,1,2015-16
22015,203894,Shabazz Napier,1610612753,ORL,Orlando Magic,0021500670,2016-01-25,ORL @ MEM,L,14,2,5,0.4,2,3,0.667,0,0,,0,2,2,1,0,0,0,0,6,8,9.9,1,2015-16
22015,200752,Rudy Gay,1610612758,SAC,Sacramento Kings,0021500674,2016-01-25,SAC vs. CHA,L,41,7,12,0.583,1,2,0.5,5,8,0.625,1,8,9,1,0,2,3,3,20,11,35.3,1,2015-16
22015,203463,Ben McLemore,1610612758,SAC,Sacramento Kings,0021500674,2016-01-25,SAC vs. CHA,L,16,2,3,0.667,0,1,0.0,0,0,,0,1,1,2,0,1,2,2,4,8,9.2,1,2015-16
22015,2225,Tony Parker,1610612759,SAS,San Antonio Spurs,0021500675,2016-01-25,SAS @ GSW,L,18,2,6,0.333,1,1,1.0,0,0,,0,1,1,3,1,0,3,4,5,-15,10.7,1,2015-16
22015,203492,Ray McCallum,1610612759,SAS,San Antonio Spurs,0021500675,2016-01-25,SAS @ GSW,L,9,1,3,0.333,0,0,,0,0,,1,0,1,1,0,0,2,1,2,-1,2.7,1,2015-16
22015,203187,Chris Johnson,1610612762,UTA,Utah Jazz,0021500673,2016-01-25,UTA vs. DET,L,17,1,2,0.5,1,2,0.5,0,0,,0,2,2,0,0,0,0,5,3,1,5.4,1,2015-16
22015,203481,Jeff Withey,1610612762,UTA,Utah Jazz,0021500673,2016-01-25,UTA vs. DET,L,10,1,1,1.0,0,0,,0,0,,0,2,2,0,0,2,0,1,2,6,10.4,1,2015-16
22015,1626168,Trey Lyles,1610612762,UTA,Utah Jazz,0021500673,2016-01-25,UTA vs. DET,L,16,1,6,0.167,0,2,0.0,0,0,,0,3,3,0,0,0,1,2,2,4,4.6,1,2015-16
22015,2216,Zach Randolph,1610612763,MEM,Memphis Grizzlies,0021500670,2016-01-25,MEM vs. ORL,W,34,8,16,0.5,0,0,,2,4,0.5,4,9,13,1,0,0,2,2,18,6,33.1,1,2015-16
22015,201596,Mario Chalmers,1610612763,MEM,Memphis Grizzlies,0021500670,2016-01-25,MEM vs. ORL,W,14,0,3,0.0,0,0,,0,0,,1,0,1,4,0,0,2,2,0,-5,5.2,1,2015-16
22015,101162,Marcin Gortat,1610612764,WAS,Washington Wizards,0021500668,2016-01-25,WAS vs. BOS,L,29,3,5,0.6,0,0,,4,4,1.0,3,8,11,2,0,1,3,4,10,-24,26.2,1,2015-16
22015,201946,Tyler Hansbrough,1610612766,CHA,Charlotte Hornets,0021500674,2016-01-25,CHA @ SAC,W,20,1,3,0.333,0,0,,0,0,,4,2,6,0,0,0,0,6,2,1,9.2,1,2015-16
22015,203148,Brian Roberts,1610612766,CHA,Charlotte Hornets,0021500674,2016-01-25,CHA @ SAC,W,13,2,4,0.5,1,1,1.0,2,2,1.0,0,0,0,2,0,0,1,1,7,7,9.0,1,2015-16
22015,203798,PJ Hairston,1610612766,CHA,Charlotte Hornets,0021500674,2016-01-25,CHA @ SAC,W,33,2,7,0.286,1,4,0.25,0,1,0.0,0,2,2,0,2,0,0,3,5,-4,13.4,1,2015-16
22015,2594,Kyle Korver,1610612737,ATL,Atlanta Hawks,0021500672,2016-01-25,ATL @ DEN,W,27,3,6,0.5,3,5,0.6,0,0,,0,2,2,4,2,0,2,2,9,13,21.4,1,2015-16
22015,201143,Al Horford,1610612737,ATL,Atlanta Hawks,0021500672,2016-01-25,ATL @ DEN,W,27,8,12,0.667,2,3,0.667,0,0,,0,2,2,1,1,1,1,3,18,15,26.9,1,2015-16
22015,203471,Dennis Schröder,1610612737,ATL,Atlanta Hawks,0021500672,2016-01-25,ATL @ DEN,W,19,4,8,0.5,1,2,0.5,6,7,0.857,1,4,5,5,0,0,1,2,15,11,27.5,1,2015-16
22015,203488,Mike Muscala,1610612737,ATL,Atlanta Hawks,0021500672,2016-01-25,ATL @ DEN,W,4,0,1,0.0,0,0,,0,0,,0,1,1,0,0,0,0,1,0,-8,1.2,1,2015-16
22015,203934,Lamar Patterson,1610612737,ATL,Atlanta Hawks,0021500672,2016-01-25,ATL @ DEN,W,4,0,2,0.0,0,2,0.0,2,2,1.0,0,0,0,0,0,0,0,0,2,-8,2.0,1,2015-16
22015,202684,Tristan Thompson,1610612739,CLE,Cleveland Cavaliers,0021500667,2016-01-25,CLE vs. MIN,W,34,8,10,0.8,0,0,,3,7,0.429,7,5,12,2,0,0,0,2,19,9,36.4,1,2015-16
22015,201950,Jrue Holiday,1610612740,NOP,New Orleans Pelicans,0021500671,2016-01-25,NOP vs. HOU,L,36,13,21,0.619,2,5,0.4,4,5,0.8,1,5,6,9,3,0,4,2,32,16,57.7,1,2015-16
22015,1626214,Bryce Dejean-Jones,1610612740,NOP,New Orleans Pelicans,0021500671,2016-01-25,NOP vs. HOU,L,6,0,1,0.0,0,1,0.0,0,0,,0,4,4,0,0,0,0,1,0,2,4.8,1,2015-16
22015,203926,Doug McDermott,1610612741,CHI,Chicago Bulls,0021500669,2016-01-25,CHI vs. MIA,L,30,3,10,0.3,1,4,0.25,0,0,,1,2,3,1,0,0,2,2,7,-6,10.1,1,2015-16
22015,203999,Nikola Jokić,1610612743,DEN,Denver Nuggets,0021500672,2016-01-25,DEN vs. ATL,L,18,5,7,0.714,0,1,0.0,5,6,0.833,3,7,10,3,2,1,0,2,15,12,40.5,1,2015-16
22015,2571,Leandro Barbosa,1610612744,GSW,Golden State Warriors,0021500675,2016-01-25,GSW vs. SAS,W,20,1,6,0.167,0,2,0.0,0,0,,1,1,2,1,1,0,2,2,2,9,6.9,1,2015-16
22015,2738,Andre Iguodala,1610612744,GSW,Golden State Warriors,0021500675,2016-01-25,GSW vs. SAS,W,23,2,4,0.5,0,1,0.0,1,4,0.25,1,4,5,5,1,0,2,0,5,6,19.5,1,2015-16
22015,203105,Festus Ezeli,1610612744,GSW,Golden State Warriors,0021500675,2016-01-25,GSW vs. SAS,W,10,2,3,0.667,0,0,,0,0,,1,4,5,2,0,0,1,1,4,3,12.0,1,2015-16
22015,203476,Gorgui Dieng,1610612750,MIN,Minnesota Timberwolves,0021500667,2016-01-25,MIN @ CLE,L,26,2,4,0.5,0,0,,9,9,1.0,2,4,6,2,2,0,3,3,13,-11,26.2,1,2015-16
22015,203498,Shabazz Muhammad,1610612750,MIN,Minnesota Timberwolves,0021500667,2016-01-25,MIN @ CLE,L,27,5,13,0.385,0,2,0.0,0,0,,1,2,3,3,1,0,0,1,10,7,21.1,1,2015-16
22015,203473,Dewayne Dedmon,1610612753,ORL,Orlando Magic,0021500670,2016-01-25,ORL @ MEM,L,3,0,0,,0,0,,0,0,,0,0,0,0,0,0,0,1,0,-1,0.0,1,2015-16
22015,200765,Rajon Rondo,1610612758,SAC,Sacramento Kings,0021500674,2016-01-25,SAC vs. CHA,L,42,3,7,0.429,1,2,0.5,0,0,,2,8,10,20,0,0,3,4,7,-1,46.0,1,2015-16
22015,1938,Manu Ginobili,1610612759,SAS,San Antonio Spurs,0021500675,2016-01-25,SAS @ GSW,L,19,1,6,0.167,0,3,0.0,6,10,0.6,0,4,4,3,1,1,2,1,8,-9,21.3,1,2015-16
22015,2446,Rasual Butler,1610612759,SAS,San Antonio Spurs,0021500675,2016-01-25,SAS @ GSW,L,13,2,3,0.667,1,1,1.0,1,1,1.0,0,2,2,1,0,1,0,0,6,2,12.9,1,2015-16
22015,201988,Patty Mills,1610612759,SAS,San Antonio Spurs,0021500675,2016-01-25,SAS @ GSW,L,16,1,5,0.2,1,3,0.333,0,0,,0,0,0,2,0,0,3,2,3,-17,3.0,1,2015-16
22015,202695,Kawhi Leonard,1610612759,SAS,San Antonio Spurs,0021500675,2016-01-25,SAS @ GSW,L,25,4,6,0.667,1,1,1.0,7,7,1.0,0,5,5,2,2,0,3,1,16,-19,28.0,1,2015-16
22015,203937,Kyle Anderson,1610612759,SAS,San Antonio Spurs,0021500675,2016-01-25,SAS @ GSW,L,16,3,9,0.333,0,0,,1,2,0.5,2,2,4,2,2,0,1,2,7,-10,19.8,1,2015-16
22015,1626246,Boban Marjanovic,1610612759,SAS,San Antonio Spurs,0021500675,2016-01-25,SAS @ GSW,L,13,4,6,0.667,0,0,,4,6,0.667,4,2,6,0,1,0,0,1,12,-3,22.2,1,2015-16
22015,202324,Derrick Favors,1610612762,UTA,Utah Jazz,0021500673,2016-01-25,UTA vs. DET,L,20,5,8,0.625,0,0,,4,5,0.8,2,3,5,1,0,0,2,3,14,12,19.5,1,2015-16
22015,202344,Trevor Booker,1610612762,UTA,Utah Jazz,0021500673,2016-01-25,UTA vs. DET,L,14,2,5,0.4,0,1,0.0,0,0,,2,2,4,0,1,0,2,3,4,-17,9.8,1,2015-16
22015,204060,Joe Ingles,1610612762,UTA,Utah Jazz,0021500673,2016-01-25,UTA vs. DET,L,28,2,5,0.4,1,4,0.25,0,0,,1,8,9,3,1,0,2,4,5,13,21.3,1,2015-16
22015,201144,Mike Conley,1610612763,MEM,Memphis Grizzlies,0021500670,2016-01-25,MEM vs. ORL,W,39,4,13,0.308,1,3,0.333,3,4,0.75,1,5,6,9,2,1,1,1,12,11,40.7,1,2015-16
22015,201584,Courtney Lee,1610612763,MEM,Memphis Grizzlies,0021500670,2016-01-25,MEM vs. ORL,W,34,6,12,0.5,3,6,0.5,1,2,0.5,0,0,0,2,0,1,1,1,16,16,21.0,1,2015-16
22015,2400,Drew Gooden,1610612764,WAS,Washington Wizards,0021500668,2016-01-25,WAS vs. BOS,L,5,0,0,,0,0,,0,0,,0,0,0,0,0,0,0,0,0,-3,0.0,1,2015-16
22015,2403,Nene,1610612764,WAS,Washington Wizards,0021500668,2016-01-25,WAS vs. BOS,L,25,3,9,0.333,0,0,,2,6,0.333,1,4,5,2,2,0,2,1,8,4,21.0,1,2015-16
22015,201971,DeJuan Blair,1610612764,WAS,Washington Wizards,0021500668,2016-01-25,WAS vs. BOS,L,5,0,2,0.0,0,0,,0,0,,0,1,1,0,0,0,0,0,0,-3,1.2,1,2015-16
22015,1626162,Kelly Oubre Jr.,1610612764,WAS,Washington Wizards,0021500668,2016-01-25,WAS vs. BOS,L,8,2,3,0.667,0,1,0.0,0,0,,0,2,2,0,0,0,1,0,4,-3,5.4,1,2015-16
22015,201229,Anthony Tolliver,1610612765,DET,Detroit Pistons,0021500673,2016-01-25,DET @ UTA,W,25,4,8,0.5,4,5,0.8,0,0,,2,4,6,0,0,0,1,1,12,-10,18.2,1,2015-16
22015,101161,Amir Johnson,1610612738,BOS,Boston Celtics,0021500668,2016-01-25,BOS @ WAS,W,23,1,4,0.25,0,1,0.0,2,2,1.0,2,3,5,2,0,1,0,1,4,14,16.0,1,2015-16
22015,201973,Jonas Jerebko,1610612738,BOS,Boston Celtics,0021500668,2016-01-25,BOS @ WAS,W,10,1,3,0.333,0,0,,0,0,,0,1,1,1,1,0,0,0,2,4,7.7,1,2015-16
22015,202340,Avery Bradley,1610612738,BOS,Boston Celtics,0021500668,2016-01-25,BOS @ WAS,W,26,5,11,0.455,1,4,0.25,0,0,,0,2,2,3,2,0,1,4,11,0,22.9,1,2015-16
22015,203096,Jared Sullinger,1610612738,BOS,Boston Celtics,0021500668,2016-01-25,BOS @ WAS,W,16,3,7,0.429,0,0,,1,2,0.5,1,5,6,1,1,0,2,3,7,5,16.7,1,2015-16
22015,203521,Matthew Dellavedova,1610612739,CLE,Cleveland Cavaliers,0021500667,2016-01-25,CLE vs. MIN,W,25,6,12,0.5,4,8,0.5,2,2,1.0,1,3,4,7,1,0,2,2,18,16,34.3,1,2015-16
22015,201967,Dante Cunningham,1610612740,NOP,New Orleans Pelicans,0021500671,2016-01-25,NOP vs. HOU,L,23,3,6,0.5,1,3,0.333,0,0,,2,1,3,0,0,2,0,2,7,-4,16.6,1,2015-16
22015,202087,Alonzo Gee,1610612740,NOP,New Orleans Pelicans,0021500671,2016-01-25,NOP vs. HOU,L,33,2,7,0.286,1,3,0.333,0,2,0.0,2,8,10,1,2,0,0,3,5,-6,24.5,1,2015-16
22015,203076,Anthony Davis,1610612740,NOP,New Orleans Pelicans,0021500671,2016-01-25,NOP vs. HOU,L,19,4,9,0.444,0,0,,1,1,1.0,2,4,6,1,2,0,4,1,9,-4,19.7,1,2015-16
22015,201166,Aaron Brooks,1610612741,CHI,Chicago Bulls,0021500669,2016-01-25,CHI vs. MIA,L,33,5,12,0.417,2,7,0.286,1,1,1.0,0,2,2,6,3,0,1,4,13,-9,32.4,1,2015-16
22015,200751,Randy Foye,1610612743,DEN,Denver Nuggets,0021500672,2016-01-25,DEN vs. ATL,L,18,0,4,0.0,0,1,0.0,0,0,,2,2,4,1,0,0,2,2,0,-3,4.3,1,2015-16
22015,1626144,Emmanuel Mudiay,1610612743,DEN,Denver Nuggets,0021500672,2016-01-25,DEN vs. ATL,L,30,4,13,0.308,1,3,0.333,1,2,0.5,0,1,1,6,1,0,3,2,10,-11,20.2,1,2015-16
22015,203110,Draymond Green,1610612744,GSW,Golden State Warriors,0021500675,2016-01-25,GSW vs. SAS,W,27,3,8,0.375,0,1,0.0,5,5,1.0,2,7,9,6,3,1,4,2,11,29,38.8,1,2015-16
22015,201976,Patrick Beverley,1610612745,HOU,Houston Rockets,0021500671,2016-01-25,HOU @ NOP,W,35,4,9,0.444,3,8,0.375,0,0,,3,4,7,3,2,0,0,4,11,24,29.9,1,2015-16
22015,203093,Terrence Jones,1610612745,HOU,Houston Rockets,0021500671,2016-01-25,HOU @ NOP,W,14,0,1,0.0,0,0,,0,0,,0,1,1,0,1,2,0,0,0,-19,10.2,1,2015-16
22015,2547,Chris Bosh,1610612748,MIA,Miami Heat,0021500669,2016-01-25,MIA @ CHI,W,36,8,16,0.5,1,4,0.25,1,4,0.25,1,6,7,3,1,0,0,3,18,-5,33.9,1,2015-16
22015,2617,Udonis Haslem,1610612748,MIA,Miami Heat,0021500669,2016-01-25,MIA @ CHI,W,6,0,0,,0,0,,0,0,,0,1,1,1,0,0,0,0,0,-1,2.7,1,2015-16
22015,2757,Beno Udrih,1610612748,MIA,Miami Heat,0021500669,2016-01-25,MIA @ CHI,W,21,1,6,0.167,1,2,0.5,0,0,,0,2,2,1,2,0,3,2,3,-16,9.9,1,2015-16
22015,1626159,Justise Winslow,1610612748,MIA,Miami Heat,0021500669,2016-01-25,MIA @ CHI,W,35,3,4,0.75,0,1,0.0,2,2,1.0,1,8,9,4,2,0,1,4,8,17,29.8,1,2015-16
22015,201937,Ricky Rubio,1610612750,MIN,Minnesota Timberwolves,0021500667,2016-01-25,MIN @ CLE,L,31,2,7,0.286,0,1,0.0,0,0,,1,6,7,10,2,0,1,2,4,-4,32.4,1,2015-16
22015,202357,Nemanja Bjelica,1610612750,MIN,Minnesota Timberwolves,0021500667,2016-01-25,MIN @ CLE,L,16,2,5,0.4,1,2,0.5,0,0,,0,0,0,1,0,0,0,4,5,-2,6.5,1,2015-16
22015,1626157,Karl-Anthony Towns,1610612750,MIN,Minnesota Timberwolves,0021500667,2016-01-25,MIN @ CLE,L,30,11,16,0.688,0,1,0.0,4,5,0.8,4,7,11,4,1,1,2,3,26,4,49.2,1,2015-16
22015,202699,Tobias Harris,1610612753,ORL,Orlando Magic,0021500670,2016-01-25,ORL @ MEM,L,39,6,9,0.667,3,4,0.75,1,1,1.0,0,4,4,3,0,0,2,1,16,-16,23.3,1,2015-16
22015,203506,Victor Oladipo,1610612753,ORL,Orlando Magic,0021500670,2016-01-25,ORL @ MEM,L,37,1,10,0.1,0,4,0.0,3,3,1.0,0,4,4,6,0,0,1,3,5,-10,17.8,1,2015-16
22015,203901,Elfrid Payton,1610612753,ORL,Orlando Magic,0021500670,2016-01-25,ORL @ MEM,L,39,6,11,0.545,0,1,0.0,2,4,0.5,1,1,2,3,1,1,5,5,14,-14,21.9,1,2015-16
22015,203932,Aaron Gordon,1610612753,ORL,Orlando Magic,0021500670,2016-01-25,ORL @ MEM,L,24,3,8,0.375,0,4,0.0,4,4,1.0,0,9,9,0,0,1,2,1,10,-11,21.8,1,2015-16
22015,201585,Kosta Koufos,1610612758,SAC,Sacramento Kings,0021500674,2016-01-25,SAC vs. CHA,L,9,0,1,0.0,0,0,,0,0,,0,3,3,0,0,1,0,2,0,-11,6.6,1,2015-16
22015,201954,Darren Collison,1610612758,SAC,Sacramento Kings,0021500674,2016-01-25,SAC vs. CHA,L,39,5,12,0.417,1,4,0.25,4,4,1.0,1,2,3,6,2,0,2,4,15,1,31.6,1,2015-16
22015,202341,James Anderson,1610612758,SAC,Sacramento Kings,0021500674,2016-01-25,SAC vs. CHA,L,9,0,1,0.0,0,1,0.0,0,0,,0,0,0,1,0,0,0,0,0,-11,1.5,1,2015-16
22015,1626161,Willie Cauley-Stein,1610612758,SAC,Sacramento Kings,0021500674,2016-01-25,SAC vs. CHA,L,38,4,8,0.5,0,0,,1,2,0.5,4,5,9,0,1,1,3,5,9,-13,22.8,1,2015-16
22015,200746,LaMarcus Aldridge,1610612759,SAS,San Antonio Spurs,0021500675,2016-01-25,SAS @ GSW,L,25,2,9,0.222,0,1,0.0,1,2,0.5,1,2,3,1,0,2,3,1,5,-20,13.1,1,2015-16
22015,203613,Jonathon Simmons,1610612759,SAS,San Antonio Spurs,0021500675,2016-01-25,SAS @ GSW,L,25,3,7,0.429,0,1,0.0,0,0,,0,3,3,1,2,0,4,4,6,-17,13.1,1,2015-16
22015,202330,Gordon Hayward,1610612762,UTA,Utah Jazz,0021500673,2016-01-25,UTA vs. DET,L,37,7,23,0.304,1,7,0.143,7,7,1.0,0,5,5,5,0,1,3,3,22,0,35.5,1,2015-16
22015,203918,Rodney Hood,1610612762,UTA,Utah Jazz,0021500673,2016-01-25,UTA vs. DET,L,34,8,16,0.5,6,9,0.667,1,2,0.5,1,1,2,2,2,0,1,1,23,-9,33.4,1,2015-16
22015,2440,Matt Barnes,1610612763,MEM,Memphis Grizzlies,0021500670,2016-01-25,MEM vs. ORL,W,18,1,5,0.2,0,3,0.0,0,0,,3,2,5,2,0,0,0,2,2,-10,11.0,1,2015-16
22015,202322,John Wall,1610612764,WAS,Washington Wizards,0021500668,2016-01-25,WAS vs. BOS,L,33,3,11,0.273,0,3,0.0,2,4,0.5,0,2,2,10,1,2,4,2,8,-16,30.4,1,2015-16
22015,202390,Gary Neal,1610612764,WAS,Washington Wizards,0021500668,2016-01-25,WAS vs. BOS,L,12,3,5,0.6,1,2,0.5,0,0,,0,2,2,2,0,0,1,4,7,-12,11.4,1,2015-16
22015,204067,Jarell Eddie,1610612764,WAS,Washington Wizards,0021500668,2016-01-25,WAS vs. BOS,L,5,2,5,0.4,2,4,0.5,0,0,,0,1,1,0,0,0,0,0,6,-3,7.2,1,2015-16
22015,203083,Andre Drummond,1610612765,DET,Detroit Pistons,0021500673,2016-01-25,DET @ UTA,W,29,3,9,0.333,0,0,,1,10,0.1,0,6,6,0,2,0,2,3,7,6,18.2,1,2015-16
22015,203484,Kentavious Caldwell-Pope,1610612765,DET,Detroit Pistons,0021500673,2016-01-25,DET @ UTA,W,38,4,8,0.5,0,2,0.0,4,4,1.0,1,6,7,3,1,0,4,2,12,9,23.9,1,2015-16
22015,202689,Kemba Walker,1610612766,CHA,Charlotte Hornets,0021500674,2016-01-25,CHA @ SAC,W,45,5,25,0.2,1,8,0.125,13,15,0.867,0,4,4,8,4,1,2,2,24,-6,53.8,1,2015-16
22015,203584,Troy Daniels,1610612766,CHA,Charlotte Hornets,0021500674,2016-01-25,CHA @ SAC,W,31,10,15,0.667,8,11,0.727,0,2,0.0,2,5,7,0,0,0,0,2,28,-2,36.4,1,2015-16
22015,1626163,Frank Kaminsky,1610612766,CHA,Charlotte Hornets,0021500674,2016-01-25,CHA @ SAC,W,29,1,10,0.1,0,4,0.0,2,2,1.0,3,5,8,3,2,0,1,1,4,-1,23.1,1,2015-16
22015,202714,Shelvin Mack,1610612737,ATL,Atlanta Hawks,0021500672,2016-01-25,ATL @ DEN,W,4,0,2,0.0,0,1,0.0,0,0,,0,0,0,1,0,0,0,0,0,-8,1.5,1,2015-16
22015,201583,Ryan Anderson,1610612740,NOP,New Orleans Pelicans,0021500671,2016-01-25,NOP vs. HOU,L,37,7,20,0.35,3,6,0.5,5,6,0.833,7,2,9,0,0,1,1,0,22,5,34.8,1,2015-16
22015,201962,Toney Douglas,1610612740,NOP,New Orleans Pelicans,0021500671,2016-01-25,NOP vs. HOU,L,25,6,8,0.75,3,4,0.75,3,4,0.75,0,3,3,6,1,1,0,1,18,20,36.6,1,2015-16
22015,201568,Danilo Gallinari,1610612743,DEN,Denver Nuggets,0021500672,2016-01-25,DEN vs. ATL,L,32,3,10,0.3,0,2,0.0,9,10,0.9,1,2,3,2,0,0,3,0,15,-19,18.6,1,2015-16
22015,203115,Will Barton,1610612743,DEN,Denver Nuggets,0021500672,2016-01-25,DEN vs. ATL,L,34,6,15,0.4,1,3,0.333,8,9,0.889,1,7,8,2,2,0,0,1,21,-8,39.6,1,2015-16
22015,203994,Jusuf Nurkić,1610612743,DEN,Denver Nuggets,0021500672,2016-01-25,DEN vs. ATL,L,7,1,4,0.25,0,0,,2,2,1.0,1,0,1,0,0,0,1,2,4,-12,4.2,1,2015-16
22015,201593,Nikola Pekovic,1610612750,MIN,Minnesota Timberwolves,0021500667,2016-01-25,MIN @ CLE,L,13,2,6,0.333,0,0,,0,0,,0,2,2,0,0,0,1,2,4,-5,5.4,1,2015-16
22015,201158,Marco Belinelli,1610612758,SAC,Sacramento Kings,0021500674,2016-01-25,SAC vs. CHA,L,18,2,7,0.286,0,3,0.0,0,0,,0,1,1,1,0,0,0,3,4,-9,6.7,1,2015-16
22015,201956,Omri Casspi,1610612758,SAC,Sacramento Kings,0021500674,2016-01-25,SAC vs. CHA,L,32,4,10,0.4,3,7,0.429,2,2,1.0,0,8,8,1,0,1,2,2,13,5,25.1,1,2015-16
22015,2561,David West,1610612759,SAS,San Antonio Spurs,0021500675,2016-01-25,SAS @ GSW,L,19,6,8,0.75,0,0,,0,0,,0,5,5,1,0,0,1,2,12,-13,18.5,1,2015-16
22015,203504,Trey Burke,1610612762,UTA,Utah Jazz,0021500673,2016-01-25,UTA vs. DET,L,22,0,8,0.0,0,3,0.0,0,0,,0,0,0,6,0,0,0,2,0,-8,9.0,1,2015-16
22015,1713,Vince Carter,1610612763,MEM,Memphis Grizzlies,0021500670,2016-01-25,MEM vs. ORL,W,5,0,1,0.0,0,0,,0,0,,0,1,1,0,0,0,0,1,0,-9,1.2,1,2015-16
22015,201188,Marc Gasol,1610612763,MEM,Memphis Grizzlies,0021500670,2016-01-25,MEM vs. ORL,W,42,7,20,0.35,0,0,,3,4,0.75,2,3,5,5,4,2,1,2,17,4,47.5,1,2015-16
22015,1626169,Stanley Johnson,1610612765,DET,Detroit Pistons,0021500673,2016-01-25,DET @ UTA,W,23,3,4,0.75,2,3,0.667,0,2,0.0,0,2,2,2,1,0,2,4,8,-1,14.4,1,2015-16
22015,101114,Deron Williams,1610612742,DAL,Dallas Mavericks,0021500683,2016-01-26,DAL @ LAL,W,32,3,7,0.429,2,5,0.4,3,4,0.75,0,1,1,4,1,0,3,4,11,1,18.2,1,2015-16
22015,200826,J.J. Barea,1610612742,DAL,Dallas Mavericks,0021500683,2016-01-26,DAL @ LAL,W,28,8,17,0.471,0,5,0.0,2,2,1.0,2,2,4,4,1,0,1,4,18,4,30.8,1,2015-16
22015,203143,Pablo Prigioni,1610612746,LAC,LA Clippers,0021500676,2016-01-26,LAC @ IND,W,13,1,2,0.5,0,1,0.0,0,0,,1,4,5,0,2,0,1,3,2,10,13.0,1,2015-16
22015,101138,Brandon Bass,1610612747,LAL,Los Angeles Lakers,0021500683,2016-01-26,LAL vs. DAL,L,14,1,2,0.5,0,0,,3,4,0.75,1,3,4,0,0,0,1,5,5,-6,8.8,1,2015-16
22015,201156,Nick Young,1610612747,LAL,Los Angeles Lakers,0021500683,2016-01-26,LAL vs. DAL,L,26,2,6,0.333,2,5,0.4,2,2,1.0,1,5,6,2,1,0,0,1,8,1,21.2,1,2015-16
22015,203944,Julius Randle,1610612747,LAL,Los Angeles Lakers,0021500683,2016-01-26,LAL vs. DAL,L,31,6,14,0.429,0,2,0.0,4,5,0.8,0,11,11,2,0,2,2,4,16,2,36.2,1,2015-16
22015,1626156,D'Angelo Russell,1610612747,LAL,Los Angeles Lakers,0021500683,2016-01-26,LAL vs. DAL,L,25,4,12,0.333,1,6,0.167,3,4,0.75,1,1,2,0,2,0,3,2,12,-3,17.4,1,2015-16
22015,2405,Amar'e Stoudemire,1610612748,MIA,Miami Heat,0021500678,2016-01-26,MIA @ BKN,W,22,2,7,0.286,0,0,,0,0,,1,6,7,1,2,0,1,1,4,10,18.9,1,2015-16
22015,2736,Luol Deng,1610612748,MIA,Miami Heat,0021500678,2016-01-26,MIA @ BKN,W,31,4,10,0.4,0,2,0.0,2,2,1.0,1,1,2,4,2,1,1,1,10,3,26.4,1,2015-16
22015,1626159,Justise Winslow,1610612748,MIA,Miami Heat,0021500678,2016-01-26,MIA @ BKN,W,37,6,7,0.857,1,1,1.0,0,0,,1,6,7,2,2,0,1,4,13,4,29.4,1,2015-16
22015,203953,Jabari Parker,1610612749,MIL,Milwaukee Bucks,0021500681,2016-01-26,MIL vs. ORL,W,33,6,8,0.75,0,0,,3,4,0.75,0,7,7,1,0,1,3,1,15,-6,24.9,1,2015-16
22015,201572,Brook Lopez,1610612751,BKN,Brooklyn Nets,0021500678,2016-01-26,BKN vs. MIA,L,31,5,9,0.556,0,0,,3,4,0.75,1,9,10,1,0,1,3,2,13,0,26.5,1,2015-16
22015,201167,Arron Afflalo,1610612752,NYK,New York Knicks,0021500679,2016-01-26,NYK vs. OKC,L,40,6,21,0.286,1,5,0.2,4,4,1.0,0,5,5,2,0,0,2,5,17,4,24.0,1,2015-16
22015,202696,Nikola Vučević,1610612753,ORL,Orlando Magic,0021500681,2016-01-26,ORL @ MIL,L,37,7,19,0.368,0,0,,2,2,1.0,4,8,12,2,0,2,1,5,16,-1,38.4,1,2015-16
22015,202699,Tobias Harris,1610612753,ORL,Orlando Magic,0021500681,2016-01-26,ORL @ MIL,L,24,4,12,0.333,2,5,0.4,3,7,0.429,3,3,6,2,1,1,2,2,13,-6,27.2,1,2015-16
22015,203901,Elfrid Payton,1610612753,ORL,Orlando Magic,0021500681,2016-01-26,ORL @ MIL,L,24,3,5,0.6,1,2,0.5,1,1,1.0,0,0,0,3,0,1,2,3,8,-6,13.5,1,2015-16
22015,101139,CJ Miles,1610612754,IND,Indiana Pacers,0021500676,2016-01-26,IND vs. LAC,L,18,2,6,0.333,0,2,0.0,1,2,0.5,1,6,7,2,0,0,3,3,5,-12,13.4,1,2015-16
22015,201588,George Hill,1610612754,IND,Indiana Pacers,0021500676,2016-01-26,IND vs. LAC,L,40,5,14,0.357,3,6,0.5,2,2,1.0,1,0,1,2,1,0,2,0,15,7,20.2,1,2015-16
22015,1626202,Joe Young,1610612754,IND,Indiana Pacers,0021500676,2016-01-26,IND vs. LAC,L,10,1,3,0.333,0,2,0.0,0,0,,1,0,1,1,0,0,4,1,2,-13,0.7,1,2015-16
22015,203485,Lorenzo Brown,1610612756,PHX,Phoenix Suns,0021500677,2016-01-26,PHX @ PHI,L,3,0,0,,0,0,,0,0,,0,0,0,0,0,1,1,1,0,-5,2.0,1,2015-16
22015,203933,T.J. Warren,1610612756,PHX,Phoenix Suns,0021500677,2016-01-26,PHX @ PHI,L,22,4,8,0.5,0,2,0.0,0,0,,1,2,3,2,0,0,2,3,8,3,12.6,1,2015-16
22015,201142,Kevin Durant,1610612760,OKC,Oklahoma City Thunder,0021500679,2016-01-26,OKC @ NYK,W,43,12,26,0.462,4,7,0.571,16,18,0.889,2,12,14,5,1,0,4,3,44,12,67.3,1,2015-16
22015,201566,Russell Westbrook,1610612760,OKC,Oklahoma City Thunder,0021500679,2016-01-26,OKC @ NYK,W,44,13,24,0.542,0,2,0.0,4,5,0.8,2,6,8,10,3,0,5,3,30,18,58.6,1,2015-16
22015,202683,Enes Freedom,1610612760,OKC,Oklahoma City Thunder,0021500679,2016-01-26,OKC @ NYK,W,18,0,6,0.0,0,0,,2,2,1.0,0,7,7,1,0,0,1,2,2,-13,10.9,1,2015-16
22015,203079,Dion Waiters,1610612760,OKC,Oklahoma City Thunder,0021500679,2016-01-26,OKC @ NYK,W,43,6,10,0.6,2,3,0.667,0,0,,0,3,3,1,0,0,2,3,14,-4,17.1,1,2015-16
22015,2449,Luis Scola,1610612761,TOR,Toronto Raptors,0021500680,2016-01-26,TOR vs. WAS,W,23,2,9,0.222,1,5,0.2,3,4,0.75,4,4,8,0,1,0,0,2,8,-5,20.6,1,2015-16
22015,201949,James Johnson,1610612761,TOR,Toronto Raptors,0021500680,2016-01-26,TOR vs. WAS,W,15,1,4,0.25,0,2,0.0,0,0,,0,2,2,2,0,1,2,1,2,3,8.4,1,2015-16
22015,1626153,Delon Wright,1610612761,TOR,Toronto Raptors,0021500680,2016-01-26,TOR vs. WAS,W,2,0,1,0.0,0,0,,2,2,1.0,0,0,0,0,0,0,0,0,2,0,2.0,1,2015-16
22015,1626181,Norman Powell,1610612761,TOR,Toronto Raptors,0021500680,2016-01-26,TOR vs. WAS,W,2,0,1,0.0,0,0,,0,0,,0,0,0,1,0,0,0,1,0,2,1.5,1,2015-16
22015,2403,Nene,1610612764,WAS,Washington Wizards,0021500680,2016-01-26,WAS @ TOR,L,26,4,9,0.444,0,0,,2,4,0.5,1,1,2,0,1,1,0,3,10,-16,18.4,1,2015-16
22015,201971,DeJuan Blair,1610612764,WAS,Washington Wizards,0021500680,2016-01-26,WAS @ TOR,L,2,0,0,,0,0,,0,0,,0,1,1,1,0,0,0,0,0,0,2.7,1,2015-16
22015,1626147,Justin Anderson,1610612742,DAL,Dallas Mavericks,0021500683,2016-01-26,DAL @ LAL,W,11,0,1,0.0,0,1,0.0,0,0,,0,2,2,0,1,0,0,0,0,6,5.4,1,2015-16
22015,202325,Wesley Johnson,1610612746,LAC,LA Clippers,0021500676,2016-01-26,LAC @ IND,W,20,5,8,0.625,5,6,0.833,0,0,,0,0,0,1,1,0,1,4,15,1,18.5,1,2015-16
22015,203903,Jordan Clarkson,1610612747,LAL,Los Angeles Lakers,0021500683,2016-01-26,LAL vs. DAL,L,37,6,15,0.4,2,4,0.5,4,5,0.8,3,3,6,7,0,0,2,2,18,-7,33.7,1,2015-16
22015,204028,Tarik Black,1610612747,LAL,Los Angeles Lakers,0021500683,2016-01-26,LAL vs. DAL,L,8,1,1,1.0,0,0,,1,2,0.5,0,3,3,0,0,0,1,2,3,5,5.6,1,2015-16
22015,1626148,Anthony Brown,1610612747,LAL,Los Angeles Lakers,0021500683,2016-01-26,LAL vs. DAL,L,21,1,3,0.333,1,3,0.333,0,0,,0,1,1,0,0,0,0,1,3,0,4.2,1,2015-16
22015,1626204,Larry Nance Jr.,1610612747,LAL,Los Angeles Lakers,0021500683,2016-01-26,LAL vs. DAL,L,23,0,1,0.0,0,0,,0,0,,0,7,7,1,0,0,1,5,0,-7,8.9,1,2015-16
22015,2757,Beno Udrih,1610612748,MIA,Miami Heat,0021500678,2016-01-26,MIA @ BKN,W,30,4,6,0.667,1,1,1.0,0,0,,0,5,5,4,1,0,0,1,9,5,24.0,1,2015-16
22015,203089,John Henson,1610612749,MIL,Milwaukee Bucks,0021500681,2016-01-26,MIL vs. ORL,W,17,1,3,0.333,0,0,,0,0,,0,3,3,4,0,4,0,6,2,10,23.6,1,2015-16
22015,203948,Johnny O'Bryant III,1610612749,MIL,Milwaukee Bucks,0021500681,2016-01-26,MIL vs. ORL,W,10,1,2,0.5,0,0,,0,0,,2,1,3,0,0,1,0,1,2,6,8.6,1,2015-16
22015,2207,Joe Johnson,1610612751,BKN,Brooklyn Nets,0021500678,2016-01-26,BKN vs. MIA,L,37,5,8,0.625,2,4,0.5,3,3,1.0,0,4,4,8,0,0,5,0,15,2,26.8,1,2015-16
22015,200745,Andrea Bargnani,1610612751,BKN,Brooklyn Nets,0021500678,2016-01-26,BKN vs. MIA,L,24,9,12,0.75,0,0,,2,3,0.667,0,1,1,1,0,1,0,1,20,-3,25.7,1,2015-16
22015,201152,Thaddeus Young,1610612751,BKN,Brooklyn Nets,0021500678,2016-01-26,BKN vs. MIA,L,32,6,11,0.545,0,0,,0,2,0.0,0,5,5,0,1,0,1,5,12,3,20.0,1,2015-16
22015,202338,Kevin Seraphin,1610612752,NYK,New York Knicks,0021500679,2016-01-26,NYK vs. OKC,L,16,4,8,0.5,0,0,,0,0,,0,4,4,0,0,3,0,1,8,8,21.8,1,2015-16
22015,203124,Kyle O'Quinn,1610612752,NYK,New York Knicks,0021500679,2016-01-26,NYK vs. OKC,L,3,1,2,0.5,1,1,1.0,0,0,,0,1,1,0,0,0,0,0,3,-1,4.2,1,2015-16
22015,204001,Kristaps Porziņģis,1610612752,NYK,New York Knicks,0021500679,2016-01-26,NYK vs. OKC,L,31,5,12,0.417,2,4,0.5,3,4,0.75,1,4,5,2,2,2,1,3,15,-16,35.0,1,2015-16
22015,201160,Jason Smith,1610612753,ORL,Orlando Magic,0021500681,2016-01-26,ORL @ MIL,L,11,2,3,0.667,0,0,,0,0,,0,3,3,2,0,0,0,0,4,-2,10.6,1,2015-16
22015,203095,Evan Fournier,1610612753,ORL,Orlando Magic,0021500681,2016-01-26,ORL @ MIL,L,25,5,11,0.455,4,7,0.571,1,2,0.5,0,1,1,2,0,0,0,0,15,-5,19.2,1,2015-16
22015,203506,Victor Oladipo,1610612753,ORL,Orlando Magic,0021500681,2016-01-26,ORL @ MIL,L,30,3,7,0.429,2,3,0.667,10,11,0.909,0,3,3,5,1,0,3,4,18,-9,29.1,1,2015-16
22015,203922,Glenn Robinson III,1610612754,IND,Indiana Pacers,0021500676,2016-01-26,IND vs. LAC,L,8,0,1,0.0,0,0,,0,0,,0,0,0,0,0,0,1,2,0,1,-1.0,1,2015-16
22015,1626167,Myles Turner,1610612754,IND,Indiana Pacers,0021500676,2016-01-26,IND vs. LAC,L,18,7,11,0.636,0,0,,2,4,0.5,0,6,6,0,0,1,1,2,16,-6,25.2,1,2015-16
22015,203496,Robert Covington,1610612755,PHI,Philadelphia 76ers,0021500677,2016-01-26,PHI vs. PHX,W,32,7,15,0.467,5,12,0.417,0,0,,1,4,5,1,0,0,2,4,19,10,24.5,1,2015-16
22015,204456,T.J. McConnell,1610612755,PHI,Philadelphia 76ers,0021500677,2016-01-26,PHI vs. PHX,W,17,4,7,0.571,0,1,0.0,1,4,0.25,1,4,5,4,3,0,3,2,9,0,27.0,1,2015-16
22015,200782,P.J. Tucker,1610612756,PHX,Phoenix Suns,0021500677,2016-01-26,PHX @ PHI,L,33,1,8,0.125,1,2,0.5,4,6,0.667,1,4,5,8,2,1,3,4,7,-11,31.0,1,2015-16
22015,203141,Mirza Teletovic,1610612756,PHX,Phoenix Suns,0021500677,2016-01-26,PHX @ PHI,L,16,3,8,0.375,1,6,0.167,2,3,0.667,0,1,1,1,0,1,0,0,9,1,14.7,1,2015-16
22015,202334,Ed Davis,1610612757,POR,Portland Trail Blazers,0021500682,2016-01-26,POR vs. SAC,W,23,4,5,0.8,0,0,,3,4,0.75,1,3,4,1,1,1,0,1,11,15,23.3,1,2015-16
22015,201158,Marco Belinelli,1610612758,SAC,Sacramento Kings,0021500682,2016-01-26,SAC @ POR,L,26,4,8,0.5,2,4,0.5,4,4,1.0,0,3,3,4,1,0,1,1,14,-15,25.6,1,2015-16
22015,201585,Kosta Koufos,1610612758,SAC,Sacramento Kings,0021500682,2016-01-26,SAC @ POR,L,15,3,5,0.6,0,0,,0,0,,0,2,2,0,1,0,0,2,6,-8,11.4,1,2015-16
22015,202326,DeMarcus Cousins,1610612758,SAC,Sacramento Kings,0021500682,2016-01-26,SAC @ POR,L,32,4,21,0.19,0,2,0.0,9,17,0.529,1,4,5,4,0,0,2,2,17,-14,27.0,1,2015-16
22015,202341,James Anderson,1610612758,SAC,Sacramento Kings,0021500682,2016-01-26,SAC @ POR,L,18,1,4,0.25,0,1,0.0,0,0,,0,2,2,3,0,1,0,2,2,-2,11.9,1,2015-16
22015,203112,Quincy Acy,1610612758,SAC,Sacramento Kings,0021500682,2016-01-26,SAC @ POR,L,17,2,4,0.5,0,0,,0,0,,3,3,6,1,1,0,1,1,4,-3,14.7,1,2015-16
22015,203463,Ben McLemore,1610612758,SAC,Sacramento Kings,0021500682,2016-01-26,SAC @ POR,L,21,2,5,0.4,0,1,0.0,0,2,0.0,1,3,4,1,0,0,0,2,4,1,10.3,1,2015-16
22015,1626161,Willie Cauley-Stein,1610612758,SAC,Sacramento Kings,0021500682,2016-01-26,SAC @ POR,L,30,5,8,0.625,0,0,,2,2,1.0,3,4,7,1,1,4,0,4,12,-4,36.9,1,2015-16
22015,201627,Anthony Morrow,1610612760,OKC,Oklahoma City Thunder,0021500679,2016-01-26,OKC @ NYK,W,7,1,2,0.5,1,1,1.0,0,0,,0,0,0,1,0,0,0,2,3,-7,4.5,1,2015-16
22015,201942,DeMar DeRozan,1610612761,TOR,Toronto Raptors,0021500680,2016-01-26,TOR vs. WAS,W,34,5,13,0.385,1,3,0.333,6,8,0.75,0,4,4,4,1,0,4,2,17,5,26.8,1,2015-16
22015,202709,Cory Joseph,1610612761,TOR,Toronto Raptors,0021500680,2016-01-26,TOR vs. WAS,W,25,5,7,0.714,0,0,,0,1,0.0,0,2,2,6,0,0,1,3,10,15,20.4,1,2015-16
22015,2400,Drew Gooden,1610612764,WAS,Washington Wizards,0021500680,2016-01-26,WAS @ TOR,L,11,0,0,,0,0,,1,2,0.5,1,1,2,1,0,0,0,1,1,1,4.9,1,2015-16
22015,202322,John Wall,1610612764,WAS,Washington Wizards,0021500680,2016-01-26,WAS @ TOR,L,36,6,17,0.353,1,3,0.333,5,6,0.833,1,1,2,14,0,0,5,2,18,-3,36.4,1,2015-16
22015,1626162,Kelly Oubre Jr.,1610612764,WAS,Washington Wizards,0021500680,2016-01-26,WAS @ TOR,L,5,0,0,,0,0,,1,2,0.5,0,1,1,0,0,0,0,1,1,1,2.2,1,2015-16
22015,1717,Dirk Nowitzki,1610612742,DAL,Dallas Mavericks,0021500683,2016-01-26,DAL @ LAL,W,30,5,14,0.357,0,1,0.0,3,3,1.0,0,6,6,1,0,0,0,5,13,18,21.7,1,2015-16
22015,202083,Wesley Matthews,1610612742,DAL,Dallas Mavericks,0021500683,2016-01-26,DAL @ LAL,W,33,3,8,0.375,1,5,0.2,2,2,1.0,0,0,0,5,0,0,1,0,9,-2,15.5,1,2015-16
22015,2037,Jamal Crawford,1610612746,LAC,LA Clippers,0021500676,2016-01-26,LAC @ IND,W,20,1,9,0.111,1,6,0.167,6,8,0.75,1,2,3,2,0,1,1,0,9,16,17.6,1,2015-16
22015,201599,DeAndre Jordan,1610612746,LAC,LA Clippers,0021500676,2016-01-26,LAC @ IND,W,41,3,6,0.5,0,0,,3,8,0.375,4,15,19,2,0,3,1,1,9,-4,42.8,1,2015-16
22015,203085,Austin Rivers,1610612746,LAC,LA Clippers,0021500676,2016-01-26,LAC @ IND,W,23,2,5,0.4,0,1,0.0,1,2,0.5,0,4,4,1,2,1,1,2,5,4,19.3,1,2015-16
22015,2547,Chris Bosh,1610612748,MIA,Miami Heat,0021500678,2016-01-26,MIA @ BKN,W,32,12,18,0.667,1,4,0.25,2,3,0.667,0,5,5,4,0,0,4,3,27,4,35.0,1,2015-16
22015,203114,Khris Middleton,1610612749,MIL,Milwaukee Bucks,0021500681,2016-01-26,MIL vs. ORL,W,36,6,14,0.429,2,4,0.5,11,11,1.0,1,4,5,7,1,0,2,2,25,11,42.5,1,2015-16
22015,1626173,Rashad Vaughn,1610612749,MIL,Milwaukee Bucks,0021500681,2016-01-26,MIL vs. ORL,W,6,0,2,0.0,0,2,0.0,0,0,,0,0,0,0,0,0,0,0,0,-1,0.0,1,2015-16
22015,202711,Bojan Bogdanovic,1610612751,BKN,Brooklyn Nets,0021500678,2016-01-26,BKN vs. MIA,L,23,3,8,0.375,3,6,0.5,2,2,1.0,0,2,2,1,0,0,0,0,11,1,14.9,1,2015-16
22015,203186,Willie Reed,1610612751,BKN,Brooklyn Nets,0021500678,2016-01-26,BKN vs. MIA,L,3,1,1,1.0,0,0,,0,0,,0,0,0,0,0,0,0,0,2,-6,2.0,1,2015-16
22015,2756,Sasha Vujacic,1610612752,NYK,New York Knicks,0021500679,2016-01-26,NYK vs. OKC,L,0,0,0,,0,0,,0,0,,0,0,0,0,0,0,0,0,0,-2,0.0,1,2015-16
22015,101112,Channing Frye,1610612753,ORL,Orlando Magic,0021500681,2016-01-26,ORL @ MIL,L,10,1,3,0.333,1,1,1.0,0,0,,0,2,2,0,0,0,1,3,3,-7,4.4,1,2015-16
22015,203894,Shabazz Napier,1610612753,ORL,Orlando Magic,0021500681,2016-01-26,ORL @ MIL,L,24,1,4,0.25,1,2,0.5,0,0,,1,1,2,3,3,0,2,3,3,-1,16.9,1,2015-16
22015,1626209,Mario Hezonja,1610612753,ORL,Orlando Magic,0021500681,2016-01-26,ORL @ MIL,L,17,4,7,0.571,1,2,0.5,2,2,1.0,1,0,1,0,0,0,0,1,11,2,12.2,1,2015-16
22015,202331,Paul George,1610612754,IND,Indiana Pacers,0021500676,2016-01-26,IND vs. LAC,L,38,12,23,0.522,2,5,0.4,5,6,0.833,2,9,11,3,1,1,1,3,31,3,53.7,1,2015-16
22015,203138,Hollis Thompson,1610612755,PHI,Philadelphia 76ers,0021500677,2016-01-26,PHI vs. PHX,W,33,4,9,0.444,3,5,0.6,2,3,0.667,1,3,4,0,0,0,0,1,13,4,17.8,1,2015-16
22015,203917,Nik Stauskas,1610612755,PHI,Philadelphia 76ers,0021500677,2016-01-26,PHI vs. PHX,W,38,4,7,0.571,1,2,0.5,6,7,0.857,0,4,4,4,1,0,0,1,15,8,28.8,1,2015-16
22015,203924,Jerami Grant,1610612755,PHI,Philadelphia 76ers,0021500677,2016-01-26,PHI vs. PHX,W,29,3,6,0.5,1,2,0.5,3,6,0.5,0,3,3,5,1,1,3,3,10,6,24.1,1,2015-16
22015,202693,Markieff Morris,1610612756,PHX,Phoenix Suns,0021500677,2016-01-26,PHX @ PHI,L,24,3,7,0.429,0,0,,2,4,0.5,1,6,7,1,1,0,3,4,8,-8,17.9,1,2015-16
22015,2549,Chris Kaman,1610612757,POR,Portland Trail Blazers,0021500682,2016-01-26,POR vs. SAC,W,3,1,4,0.25,0,1,0.0,0,0,,0,0,0,0,0,0,1,0,2,-5,1.0,1,2015-16
22015,200765,Rajon Rondo,1610612758,SAC,Sacramento Kings,0021500682,2016-01-26,SAC @ POR,L,30,7,16,0.438,1,4,0.25,0,0,,2,3,5,11,1,0,5,2,15,-16,35.5,1,2015-16
22015,203552,Seth Curry,1610612758,SAC,Sacramento Kings,0021500682,2016-01-26,SAC @ POR,L,7,2,4,0.5,1,2,0.5,2,3,0.667,0,1,1,0,1,0,1,0,7,4,10.2,1,2015-16
22015,202685,Jonas Valančiūnas,1610612761,TOR,Toronto Raptors,0021500680,2016-01-26,TOR vs. WAS,W,26,5,9,0.556,0,0,,3,4,0.75,3,9,12,0,0,1,4,4,13,-2,26.4,1,2015-16
22015,203082,Terrence Ross,1610612761,TOR,Toronto Raptors,0021500680,2016-01-26,TOR vs. WAS,W,31,6,12,0.5,3,8,0.375,0,1,0.0,0,2,2,1,1,0,0,0,15,14,21.9,1,2015-16
22015,203461,Anthony Bennett,1610612761,TOR,Toronto Raptors,0021500680,2016-01-26,TOR vs. WAS,W,2,0,0,,0,0,,0,0,,0,0,0,0,0,0,0,0,0,0,0.0,1,2015-16
22015,201162,Jared Dudley,1610612764,WAS,Washington Wizards,0021500680,2016-01-26,WAS @ TOR,L,20,2,6,0.333,0,0,,0,0,,1,3,4,0,0,0,2,1,4,-14,6.8,1,2015-16
22015,201196,Ramon Sessions,1610612764,WAS,Washington Wizards,0021500680,2016-01-26,WAS @ TOR,L,15,0,4,0.0,0,1,0.0,7,8,0.875,0,3,3,1,0,0,2,2,7,-13,10.1,1,2015-16
22015,202066,Garrett Temple,1610612764,WAS,Washington Wizards,0021500680,2016-01-26,WAS @ TOR,L,34,3,8,0.375,2,5,0.4,0,0,,0,1,1,0,0,0,1,3,8,-6,8.2,1,2015-16
22015,202390,Gary Neal,1610612764,WAS,Washington Wizards,0021500680,2016-01-26,WAS @ TOR,L,22,6,12,0.5,0,2,0.0,2,2,1.0,0,2,2,0,0,0,0,4,14,-20,16.4,1,2015-16
22015,203490,Otto Porter Jr.,1610612764,WAS,Washington Wizards,0021500680,2016-01-26,WAS @ TOR,L,36,7,11,0.636,1,2,0.5,0,0,,2,6,8,2,4,0,0,4,15,-9,39.6,1,2015-16
22015,1626257,Salah Mejri,1610612742,DAL,Dallas Mavericks,0021500683,2016-01-26,DAL @ LAL,W,23,4,5,0.8,0,0,,1,2,0.5,1,3,4,1,0,0,1,2,9,4,14.3,1,2015-16
22015,2548,Dwyane Wade,1610612748,MIA,Miami Heat,0021500678,2016-01-26,MIA @ BKN,W,32,11,22,0.5,0,0,,5,5,1.0,1,3,4,8,3,2,3,1,27,6,55.8,1,2015-16
22015,204020,Tyler Johnson,1610612748,MIA,Miami Heat,0021500678,2016-01-26,MIA @ BKN,W,18,2,3,0.667,0,0,,0,0,,0,2,2,2,0,1,0,4,4,-1,12.4,1,2015-16
22015,203487,Michael Carter-Williams,1610612749,MIL,Milwaukee Bucks,0021500681,2016-01-26,MIL vs. ORL,W,38,2,8,0.25,0,1,0.0,1,2,0.5,0,2,2,5,1,0,3,5,5,2,14.9,1,2015-16
22015,203507,Giannis Antetokounmpo,1610612749,MIL,Milwaukee Bucks,0021500681,2016-01-26,MIL vs. ORL,W,38,12,16,0.75,0,0,,1,1,1.0,3,6,9,2,2,1,2,2,25,18,45.8,1,2015-16
22015,203080,Thomas Robinson,1610612751,BKN,Brooklyn Nets,0021500678,2016-01-26,BKN vs. MIA,L,5,0,1,0.0,0,0,,0,2,0.0,2,1,3,0,0,0,1,2,0,-2,2.6,1,2015-16
22015,203508,Sergey Karasev,1610612751,BKN,Brooklyn Nets,0021500678,2016-01-26,BKN vs. MIA,L,6,0,1,0.0,0,0,,0,0,,0,1,1,3,0,0,0,0,0,-4,5.7,1,2015-16
22015,201577,Robin Lopez,1610612752,NYK,New York Knicks,0021500679,2016-01-26,NYK vs. OKC,L,22,3,7,0.429,0,0,,4,6,0.667,4,2,6,0,0,1,1,0,10,-4,19.2,1,2015-16
22015,202498,Lance Thomas,1610612752,NYK,New York Knicks,0021500679,2016-01-26,NYK vs. OKC,L,41,5,7,0.714,1,2,0.5,5,7,0.714,2,2,4,1,1,1,1,6,16,-8,27.3,1,2015-16
22015,202682,Derrick Williams,1610612752,NYK,New York Knicks,0021500679,2016-01-26,NYK vs. OKC,L,36,7,15,0.467,2,4,0.5,3,4,0.75,0,10,10,4,0,0,0,1,19,-1,37.0,1,2015-16
22015,101145,Monta Ellis,1610612754,IND,Indiana Pacers,0021500676,2016-01-26,IND vs. LAC,L,38,3,12,0.25,0,1,0.0,0,0,,0,4,4,5,2,0,3,2,6,0,21.3,1,2015-16
22015,202397,Ish Smith,1610612755,PHI,Philadelphia 76ers,0021500677,2016-01-26,PHI vs. PHX,W,32,7,17,0.412,0,2,0.0,6,8,0.75,1,4,5,9,0,0,1,3,20,8,38.5,1,2015-16
22015,203477,Isaiah Canaan,1610612755,PHI,Philadelphia 76ers,0021500677,2016-01-26,PHI vs. PHX,W,10,3,6,0.5,1,3,0.333,0,0,,0,0,0,0,1,0,0,0,7,2,10.0,1,2015-16
22015,201603,Sonny Weems,1610612756,PHX,Phoenix Suns,0021500677,2016-01-26,PHX @ PHI,L,23,5,8,0.625,2,4,0.5,0,0,,1,1,2,1,0,0,1,3,12,1,14.9,1,2015-16
22015,203458,Alex Len,1610612756,PHX,Phoenix Suns,0021500677,2016-01-26,PHX @ PHI,L,34,6,12,0.5,0,0,,4,4,1.0,4,8,12,0,1,2,1,4,16,-5,38.4,1,2015-16
22015,203090,Maurice Harkless,1610612757,POR,Portland Trail Blazers,0021500682,2016-01-26,POR vs. SAC,W,3,0,0,,0,0,,0,0,,0,1,1,0,0,0,0,0,0,-5,1.2,1,2015-16
22015,203459,Allen Crabbe,1610612757,POR,Portland Trail Blazers,0021500682,2016-01-26,POR vs. SAC,W,28,5,8,0.625,2,5,0.4,1,1,1.0,0,3,3,1,1,0,0,3,13,17,21.1,1,2015-16
22015,201954,Darren Collison,1610612758,SAC,Sacramento Kings,0021500682,2016-01-26,SAC @ POR,L,21,2,4,0.5,1,1,1.0,1,2,0.5,0,2,2,1,1,0,3,1,6,-13,9.9,1,2015-16
22015,201956,Omri Casspi,1610612758,SAC,Sacramento Kings,0021500682,2016-01-26,SAC @ POR,L,24,4,7,0.571,2,4,0.5,0,2,0.0,0,8,8,0,0,0,0,1,10,-5,19.6,1,2015-16
22015,201586,Serge Ibaka,1610612760,OKC,Oklahoma City Thunder,0021500679,2016-01-26,OKC @ NYK,W,47,5,12,0.417,0,2,0.0,2,2,1.0,6,11,17,2,0,2,0,3,12,13,41.4,1,2015-16
22015,202713,Kyle Singler,1610612760,OKC,Oklahoma City Thunder,0021500679,2016-01-26,OKC @ NYK,W,13,1,2,0.5,0,0,,0,0,,0,0,0,0,0,0,0,2,2,-7,2.0,1,2015-16
22015,203500,Steven Adams,1610612760,OKC,Oklahoma City Thunder,0021500679,2016-01-26,OKC @ NYK,W,35,4,10,0.4,0,0,,1,2,0.5,6,2,8,3,3,0,0,4,9,19,32.1,1,2015-16
22015,1626166,Cameron Payne,1610612760,OKC,Oklahoma City Thunder,0021500679,2016-01-26,OKC @ NYK,W,15,4,7,0.571,4,5,0.8,0,0,,0,2,2,0,0,0,1,0,12,-1,13.4,1,2015-16
22015,200768,Kyle Lowry,1610612761,TOR,Toronto Raptors,0021500680,2016-01-26,TOR vs. WAS,W,36,8,14,0.571,5,9,0.556,8,8,1.0,1,3,4,4,2,0,3,4,29,12,42.8,1,2015-16
22015,202335,Patrick Patterson,1610612761,TOR,Toronto Raptors,0021500680,2016-01-26,TOR vs. WAS,W,24,1,6,0.167,0,1,0.0,0,0,,3,5,8,1,1,0,1,3,2,22,15.1,1,2015-16
22015,203512,Lucas Nogueira,1610612761,TOR,Toronto Raptors,0021500680,2016-01-26,TOR vs. WAS,W,2,1,1,1.0,1,1,1.0,0,0,,0,0,0,0,0,0,0,0,3,0,3.0,1,2015-16
22015,201580,JaVale McGee,1610612742,DAL,Dallas Mavericks,0021500683,2016-01-26,DAL @ LAL,W,10,1,3,0.333,0,0,,2,4,0.5,2,3,5,0,1,1,0,2,4,-2,16.0,1,2015-16
22015,202718,Chandler Parsons,1610612742,DAL,Dallas Mavericks,0021500683,2016-01-26,DAL @ LAL,W,35,5,11,0.455,2,6,0.333,5,7,0.714,0,9,9,4,0,0,0,1,17,-6,33.8,1,2015-16
22015,203939,Dwight Powell,1610612742,DAL,Dallas Mavericks,0021500683,2016-01-26,DAL @ LAL,W,10,1,3,0.333,0,0,,2,2,1.0,0,2,2,0,0,0,0,0,4,-3,6.4,1,2015-16
22015,1718,Paul Pierce,1610612746,LAC,LA Clippers,0021500676,2016-01-26,LAC @ IND,W,23,2,7,0.286,1,4,0.25,0,0,,1,1,2,1,2,0,2,5,5,-4,12.9,1,2015-16
22015,101108,Chris Paul,1610612746,LAC,LA Clippers,0021500676,2016-01-26,LAC @ IND,W,36,11,21,0.524,4,8,0.5,0,0,,1,5,6,7,1,0,4,3,26,-9,42.7,1,2015-16
22015,200755,JJ Redick,1610612746,LAC,LA Clippers,0021500676,2016-01-26,LAC @ IND,W,33,7,18,0.389,4,10,0.4,1,2,0.5,1,1,2,2,1,0,2,1,19,-4,25.4,1,2015-16
22015,101150,Lou Williams,1610612747,LAL,Los Angeles Lakers,0021500683,2016-01-26,LAL vs. DAL,L,36,4,13,0.308,1,5,0.2,5,5,1.0,0,4,4,0,1,3,1,1,14,3,29.8,1,2015-16
22015,201579,Roy Hibbert,1610612747,LAL,Los Angeles Lakers,0021500683,2016-01-26,LAL vs. DAL,L,21,5,7,0.714,0,0,,1,1,1.0,2,1,3,3,0,2,1,2,11,2,24.1,1,2015-16
22015,101123,Gerald Green,1610612748,MIA,Miami Heat,0021500678,2016-01-26,MIA @ BKN,W,16,3,6,0.5,0,1,0.0,0,0,,0,0,0,2,0,0,1,2,6,-2,8.0,1,2015-16
22015,201573,Jerryd Bayless,1610612749,MIL,Milwaukee Bucks,0021500681,2016-01-26,MIL vs. ORL,W,30,3,9,0.333,3,6,0.5,3,5,0.6,0,5,5,1,1,0,0,4,12,-2,22.5,1,2015-16
22015,202328,Greg Monroe,1610612749,MIL,Milwaukee Bucks,0021500681,2016-01-26,MIL vs. ORL,W,31,7,15,0.467,0,0,,7,8,0.875,5,6,11,2,0,0,2,2,21,-3,35.2,1,2015-16
22015,201961,Wayne Ellington,1610612751,BKN,Brooklyn Nets,0021500678,2016-01-26,BKN vs. MIA,L,30,2,7,0.286,2,4,0.5,2,2,1.0,0,1,1,2,2,0,0,2,8,-7,18.2,1,2015-16
22015,202388,Donald Sloan,1610612751,BKN,Brooklyn Nets,0021500678,2016-01-26,BKN vs. MIA,L,23,4,8,0.5,2,3,0.667,0,0,,0,2,2,2,0,0,3,2,10,-5,12.4,1,2015-16
22015,203499,Shane Larkin,1610612751,BKN,Brooklyn Nets,0021500678,2016-01-26,BKN vs. MIA,L,25,1,5,0.2,0,1,0.0,5,5,1.0,0,3,3,6,2,0,3,1,7,1,22.6,1,2015-16
22015,101181,Jose Calderon,1610612752,NYK,New York Knicks,0021500679,2016-01-26,NYK vs. OKC,L,21,3,5,0.6,0,0,,0,0,,0,0,0,6,1,0,1,2,6,1,17.0,1,2015-16
22015,204038,Langston Galloway,1610612752,NYK,New York Knicks,0021500679,2016-01-26,NYK vs. OKC,L,33,7,13,0.538,4,6,0.667,3,4,0.75,1,4,5,3,3,0,1,3,21,-7,39.5,1,2015-16
22015,201941,Jordan Hill,1610612754,IND,Indiana Pacers,0021500676,2016-01-26,IND vs. LAC,L,14,0,2,0.0,0,0,,0,0,,1,2,3,1,0,0,0,1,0,-3,5.1,1,2015-16
22015,202730,Lavoy Allen,1610612754,IND,Indiana Pacers,0021500676,2016-01-26,IND vs. LAC,L,27,1,4,0.25,0,0,,0,0,,0,5,5,2,1,0,1,0,2,10,13.0,1,2015-16
22015,203457,Nerlens Noel,1610612755,PHI,Philadelphia 76ers,0021500677,2016-01-26,PHI vs. PHX,W,30,5,7,0.714,0,0,,4,4,1.0,2,7,9,1,3,3,2,5,14,9,42.3,1,2015-16
22015,1626158,Richaun Holmes,1610612755,PHI,Philadelphia 76ers,0021500677,2016-01-26,PHI vs. PHX,W,20,2,7,0.286,0,1,0.0,2,4,0.5,2,4,6,1,0,2,0,4,6,3,20.7,1,2015-16
22015,203462,Archie Goodwin,1610612756,PHX,Phoenix Suns,0021500677,2016-01-26,PHX @ PHI,L,29,11,15,0.733,1,2,0.5,3,5,0.6,1,5,6,6,2,0,4,5,26,-8,44.2,1,2015-16
22015,1626164,Devin Booker,1610612756,PHX,Phoenix Suns,0021500677,2016-01-26,PHX @ PHI,L,36,5,15,0.333,1,3,0.333,1,2,0.5,0,4,4,7,0,0,0,5,12,-6,27.3,1,2015-16
22015,202329,Al-Farouq Aminu,1610612757,POR,Portland Trail Blazers,0021500682,2016-01-26,POR vs. SAC,W,24,2,8,0.25,1,6,0.167,2,2,1.0,1,3,4,1,1,0,3,2,7,5,13.3,1,2015-16
22015,203081,Damian Lillard,1610612757,POR,Portland Trail Blazers,0021500682,2016-01-26,POR vs. SAC,W,33,5,16,0.313,1,6,0.167,4,4,1.0,2,3,5,13,0,1,4,2,15,11,39.5,1,2015-16
22015,203468,CJ McCollum,1610612757,POR,Portland Trail Blazers,0021500682,2016-01-26,POR vs. SAC,W,29,7,16,0.438,1,4,0.25,3,4,0.75,0,1,1,5,0,0,1,3,18,12,25.7,1,2015-16
22015,203943,Noah Vonleh,1610612757,POR,Portland Trail Blazers,0021500682,2016-01-26,POR vs. SAC,W,23,5,7,0.714,0,0,,0,0,,2,5,7,0,0,2,0,2,10,0,24.4,1,2015-16
22015,204025,Tim Frazier,1610612757,POR,Portland Trail Blazers,0021500682,2016-01-26,POR vs. SAC,W,3,0,1,0.0,0,0,,0,0,,1,0,1,1,0,0,0,1,0,-5,2.7,1,2015-16
22015,101162,Marcin Gortat,1610612764,WAS,Washington Wizards,0021500680,2016-01-26,WAS @ TOR,L,32,3,8,0.375,0,0,,3,4,0.75,1,7,8,1,2,2,1,3,9,-4,31.1,1,2015-16
22015,204067,Jarell Eddie,1610612764,WAS,Washington Wizards,0021500680,2016-01-26,WAS @ TOR,L,3,1,3,0.333,0,2,0.0,0,0,,0,1,1,0,0,0,0,0,2,-2,3.2,1,2015-16
22015,101109,Raymond Felton,1610612742,DAL,Dallas Mavericks,0021500683,2016-01-26,DAL @ LAL,W,27,3,7,0.429,1,2,0.5,0,0,,0,2,2,2,1,0,0,2,7,-10,15.4,1,2015-16
22015,201601,Luc Mbah a Moute,1610612746,LAC,LA Clippers,0021500676,2016-01-26,LAC @ IND,W,24,0,1,0.0,0,1,0.0,1,2,0.5,0,1,1,0,0,0,2,0,1,-6,0.2,1,2015-16
22015,202332,Cole Aldrich,1610612746,LAC,LA Clippers,0021500676,2016-01-26,LAC @ IND,W,7,0,1,0.0,0,0,,0,2,0.0,0,2,2,0,0,0,0,1,0,6,2.4,1,2015-16
22015,2617,Udonis Haslem,1610612748,MIA,Miami Heat,0021500678,2016-01-26,MIA @ BKN,W,22,1,4,0.25,0,0,,0,0,,1,4,5,0,0,0,1,3,2,-9,7.0,1,2015-16
22015,1626170,Jerian Grant,1610612752,NYK,New York Knicks,0021500679,2016-01-26,NYK vs. OKC,L,21,3,5,0.6,0,1,0.0,1,1,1.0,1,1,2,6,2,0,2,0,7,-4,22.4,1,2015-16
22015,203932,Aaron Gordon,1610612753,ORL,Orlando Magic,0021500681,2016-01-26,ORL @ MIL,L,37,3,9,0.333,1,2,0.5,2,4,0.5,3,6,9,3,1,0,0,1,9,0,27.3,1,2015-16
22015,101133,Ian Mahinmi,1610612754,IND,Indiana Pacers,0021500676,2016-01-26,IND vs. LAC,L,29,4,7,0.571,0,0,,4,10,0.4,6,4,10,2,2,0,1,3,12,3,32.0,1,2015-16
22015,2199,Tyson Chandler,1610612756,PHX,Phoenix Suns,0021500677,2016-01-26,PHX @ PHI,L,19,1,2,0.5,0,0,,3,4,0.75,1,4,5,1,0,1,2,1,5,-12,13.5,1,2015-16
22015,201945,Gerald Henderson,1610612757,POR,Portland Trail Blazers,0021500682,2016-01-26,POR vs. SAC,W,21,7,12,0.583,1,2,0.5,0,0,,1,3,4,2,1,0,0,2,15,15,25.8,1,2015-16
22015,203086,Meyers Leonard,1610612757,POR,Portland Trail Blazers,0021500682,2016-01-26,POR vs. SAC,W,24,3,6,0.5,3,5,0.6,0,0,,0,7,7,3,1,0,2,5,9,16,22.9,1,2015-16
22015,203486,Mason Plumlee,1610612757,POR,Portland Trail Blazers,0021500682,2016-01-26,POR vs. SAC,W,23,5,5,1.0,0,0,,2,4,0.5,0,8,8,1,1,4,0,2,12,4,38.1,1,2015-16
22015,1626192,Pat Connaughton,1610612757,POR,Portland Trail Blazers,0021500682,2016-01-26,POR vs. SAC,W,3,0,2,0.0,0,1,0.0,0,0,,2,1,3,0,0,0,1,0,0,-5,2.6,1,2015-16
22015,202687,Bismack Biyombo,1610612761,TOR,Toronto Raptors,0021500680,2016-01-26,TOR vs. WAS,W,19,1,2,0.5,0,0,,3,4,0.75,0,6,6,1,1,1,0,2,5,19,19.7,1,2015-16
22015,201952,Jeff Teague,1610612737,ATL,Atlanta Hawks,0021500687,2016-01-27,ATL vs. LAC,L,31,7,10,0.7,2,2,1.0,0,0,,0,3,3,2,2,0,5,2,16,4,23.6,1,2015-16
22015,203118,Mike Scott,1610612737,ATL,Atlanta Hawks,0021500687,2016-01-27,ATL vs. LAC,L,15,0,2,0.0,0,1,0.0,1,2,0.5,1,4,5,1,0,0,0,1,1,-8,8.5,1,2015-16
22015,203501,Tim Hardaway Jr.,1610612737,ATL,Atlanta Hawks,0021500687,2016-01-27,ATL vs. LAC,L,9,0,1,0.0,0,1,0.0,0,0,,0,2,2,0,0,0,0,0,0,-11,2.4,1,2015-16
22015,202340,Avery Bradley,1610612738,BOS,Boston Celtics,0021500685,2016-01-27,BOS vs. DEN,W,39,11,20,0.55,5,13,0.385,0,0,,0,3,3,1,4,1,1,4,27,-4,46.1,1,2015-16
22015,203109,Jae Crowder,1610612738,BOS,Boston Celtics,0021500685,2016-01-27,BOS vs. DEN,W,32,4,13,0.308,1,6,0.167,4,4,1.0,0,4,4,3,2,2,0,2,13,9,34.3,1,2015-16
22015,2747,JR Smith,1610612739,CLE,Cleveland Cavaliers,0021500684,2016-01-27,CLE vs. PHX,W,23,7,11,0.636,4,6,0.667,0,0,,1,2,3,4,4,0,1,4,18,20,38.6,1,2015-16
22015,201567,Kevin Love,1610612739,CLE,Cleveland Cavaliers,0021500684,2016-01-27,CLE vs. PHX,W,28,8,17,0.471,3,8,0.375,2,2,1.0,3,8,11,4,2,2,1,2,21,12,51.2,1,2015-16
22015,202684,Tristan Thompson,1610612739,CLE,Cleveland Cavaliers,0021500684,2016-01-27,CLE vs. PHX,W,28,2,4,0.5,0,0,,1,2,0.5,2,3,5,0,0,1,1,1,5,12,13.0,1,2015-16
22015,203099,Jared Cunningham,1610612739,CLE,Cleveland Cavaliers,0021500684,2016-01-27,CLE vs. PHX,W,5,0,0,,0,0,,0,0,,0,0,0,0,0,0,0,0,0,-4,0.0,1,2015-16
22015,101114,Deron Williams,1610612742,DAL,Dallas Mavericks,0021500691,2016-01-27,DAL @ GSW,L,29,5,13,0.385,2,7,0.286,0,0,,0,2,2,3,1,0,1,3,12,-21,20.9,1,2015-16
22015,202379,Jeremy Evans,1610612742,DAL,Dallas Mavericks,0021500691,2016-01-27,DAL @ GSW,L,7,3,4,0.75,0,0,,2,3,0.667,1,1,2,0,0,0,0,1,8,-2,10.4,1,2015-16
22015,203939,Dwight Powell,1610612742,DAL,Dallas Mavericks,0021500691,2016-01-27,DAL @ GSW,L,25,4,5,0.8,0,0,,3,5,0.6,1,4,5,3,0,0,2,2,11,-8,19.5,1,2015-16
22015,101106,Andrew Bogut,1610612744,GSW,Golden State Warriors,0021500691,2016-01-27,GSW vs. DAL,W,18,2,5,0.4,0,0,,0,0,,1,8,9,3,0,0,1,1,4,13,18.3,1,2015-16
22015,201574,Jason Thompson,1610612744,GSW,Golden State Warriors,0021500691,2016-01-27,GSW vs. DAL,W,3,3,3,1.0,0,0,,0,0,,0,1,1,0,0,0,0,0,6,3,7.2,1,2015-16
22015,201575,Brandon Rush,1610612744,GSW,Golden State Warriors,0021500691,2016-01-27,GSW vs. DAL,W,23,2,5,0.4,1,4,0.25,0,0,,0,4,4,2,0,1,1,1,5,3,14.8,1,2015-16
22015,202691,Klay Thompson,1610612744,GSW,Golden State Warriors,0021500691,2016-01-27,GSW vs. DAL,W,32,14,20,0.7,7,12,0.583,10,10,1.0,0,5,5,1,0,2,1,1,45,14,57.5,1,2015-16
22015,203110,Draymond Green,1610612744,GSW,Golden State Warriors,0021500691,2016-01-27,GSW vs. DAL,W,24,4,4,1.0,2,2,1.0,0,0,,0,3,3,4,0,0,5,5,10,23,14.6,1,2015-16
22015,201935,James Harden,1610612745,HOU,Houston Rockets,0021500689,2016-01-27,HOU @ SAS,L,28,5,10,0.5,1,3,0.333,9,9,1.0,1,2,3,2,0,1,5,1,20,-23,24.6,1,2015-16
22015,201951,Ty Lawson,1610612745,HOU,Houston Rockets,0021500689,2016-01-27,HOU @ SAS,L,26,0,1,0.0,0,0,,2,4,0.5,1,1,2,2,2,1,0,0,2,-13,16.4,1,2015-16
22015,201977,Marcus Thornton,1610612745,HOU,Houston Rockets,0021500689,2016-01-27,HOU @ SAS,L,21,0,6,0.0,0,2,0.0,2,2,1.0,2,3,5,3,0,1,0,1,2,-10,15.5,1,2015-16
22015,1718,Paul Pierce,1610612746,LAC,LA Clippers,0021500687,2016-01-27,LAC @ ATL,W,15,2,7,0.286,1,4,0.25,0,0,,0,2,2,1,0,1,1,1,5,-6,10.9,1,2015-16
22015,201937,Ricky Rubio,1610612750,MIN,Minnesota Timberwolves,0021500688,2016-01-27,MIN vs. OKC,L,30,1,6,0.167,0,3,0.0,2,3,0.667,0,2,2,10,3,0,1,2,4,-2,29.4,1,2015-16
22015,202357,Nemanja Bjelica,1610612750,MIN,Minnesota Timberwolves,0021500688,2016-01-27,MIN vs. OKC,L,23,3,5,0.6,0,1,0.0,5,5,1.0,1,2,3,3,1,0,1,3,11,-2,21.1,1,2015-16
22015,203897,Zach LaVine,1610612750,MIN,Minnesota Timberwolves,0021500688,2016-01-27,MIN vs. OKC,L,29,14,17,0.824,5,8,0.625,2,5,0.4,0,2,2,1,1,0,0,5,35,-4,41.9,1,2015-16
22015,203952,Andrew Wiggins,1610612750,MIN,Minnesota Timberwolves,0021500688,2016-01-27,MIN vs. OKC,L,37,8,14,0.571,0,1,0.0,4,6,0.667,0,1,1,4,0,0,1,0,20,-2,26.2,1,2015-16
22015,1626157,Karl-Anthony Towns,1610612750,MIN,Minnesota Timberwolves,0021500688,2016-01-27,MIN vs. OKC,L,34,8,15,0.533,0,0,,3,3,1.0,2,11,13,5,0,3,2,1,19,-9,49.1,1,2015-16
22015,203496,Robert Covington,1610612755,PHI,Philadelphia 76ers,0021500686,2016-01-27,PHI @ DET,L,36,2,6,0.333,1,3,0.333,3,3,1.0,1,7,8,1,1,2,1,4,8,-18,27.1,1,2015-16
22015,1938,Manu Ginobili,1610612759,SAS,San Antonio Spurs,0021500689,2016-01-27,SAS vs. HOU,W,19,2,4,0.5,0,1,0.0,2,2,1.0,0,4,4,3,1,0,4,4,6,19,14.3,1,2015-16
22015,201980,Danny Green,1610612759,SAS,San Antonio Spurs,0021500689,2016-01-27,SAS vs. HOU,W,28,6,9,0.667,6,8,0.75,0,0,,1,5,6,3,3,1,0,2,18,12,41.7,1,2015-16
22015,203937,Kyle Anderson,1610612759,SAS,San Antonio Spurs,0021500689,2016-01-27,SAS vs. HOU,W,16,3,5,0.6,0,0,,1,2,0.5,0,3,3,1,0,0,1,2,7,10,11.1,1,2015-16
22015,201571,D.J. Augustin,1610612760,OKC,Oklahoma City Thunder,0021500688,2016-01-27,OKC @ MIN,W,6,1,2,0.5,0,0,,0,0,,0,2,2,0,0,0,1,1,2,3,3.4,1,2015-16
22015,201627,Anthony Morrow,1610612760,OKC,Oklahoma City Thunder,0021500688,2016-01-27,OKC @ MIN,W,13,4,6,0.667,2,4,0.5,0,0,,1,3,4,0,0,0,1,1,10,7,13.8,1,2015-16
22015,202324,Derrick Favors,1610612762,UTA,Utah Jazz,0021500690,2016-01-27,UTA vs. CHA,W,21,6,9,0.667,0,0,,0,2,0.0,1,2,3,2,1,0,0,1,12,20,21.6,1,2015-16
22015,202344,Trevor Booker,1610612762,UTA,Utah Jazz,0021500690,2016-01-27,UTA vs. CHA,W,20,4,5,0.8,0,0,,0,0,,2,3,5,2,2,3,0,0,8,27,32.0,1,2015-16
22015,203187,Chris Johnson,1610612762,UTA,Utah Jazz,0021500690,2016-01-27,UTA vs. CHA,W,19,3,6,0.5,1,3,0.333,3,4,0.75,1,4,5,3,3,0,1,1,10,16,28.5,1,2015-16
22015,201229,Anthony Tolliver,1610612765,DET,Detroit Pistons,0021500686,2016-01-27,DET vs. PHI,W,20,0,3,0.0,0,3,0.0,0,0,,0,3,3,0,0,0,1,2,0,9,2.6,1,2015-16
22015,202694,Marcus Morris Sr.,1610612765,DET,Detroit Pistons,0021500686,2016-01-27,DET vs. PHI,W,36,4,11,0.364,0,3,0.0,2,4,0.5,2,5,7,3,0,0,1,2,10,12,21.9,1,2015-16
22015,202704,Reggie Jackson,1610612765,DET,Detroit Pistons,0021500686,2016-01-27,DET vs. PHI,W,31,9,18,0.5,4,5,0.8,5,5,1.0,0,2,2,3,1,0,2,4,27,9,34.9,1,2015-16
22015,203484,Kentavious Caldwell-Pope,1610612765,DET,Detroit Pistons,0021500686,2016-01-27,DET vs. PHI,W,38,4,11,0.364,0,3,0.0,6,7,0.857,2,2,4,0,1,1,1,3,14,7,23.8,1,2015-16
22015,1626169,Stanley Johnson,1610612765,DET,Detroit Pistons,0021500686,2016-01-27,DET vs. PHI,W,32,8,16,0.5,1,4,0.25,1,2,0.5,2,1,3,3,1,0,1,3,18,16,28.1,1,2015-16
22015,201587,Nicolas Batum,1610612766,CHA,Charlotte Hornets,0021500690,2016-01-27,CHA @ UTA,L,30,2,9,0.222,1,5,0.2,1,2,0.5,0,10,10,2,0,0,2,2,6,-14,19.0,1,2015-16
22015,203798,PJ Hairston,1610612766,CHA,Charlotte Hornets,0021500690,2016-01-27,CHA @ UTA,L,28,1,5,0.2,0,2,0.0,2,2,1.0,0,3,3,0,0,0,1,2,4,-5,6.6,1,2015-16
22015,201168,Tiago Splitter,1610612737,ATL,Atlanta Hawks,0021500687,2016-01-27,ATL vs. LAC,L,12,1,3,0.333,0,0,,0,0,,1,2,3,0,0,0,0,0,2,-4,5.6,1,2015-16
22015,203471,Dennis Schröder,1610612737,ATL,Atlanta Hawks,0021500687,2016-01-27,ATL vs. LAC,L,17,3,9,0.333,1,2,0.5,0,0,,0,4,4,3,0,0,4,1,7,-6,12.3,1,2015-16
22015,201973,Jonas Jerebko,1610612738,BOS,Boston Celtics,0021500685,2016-01-27,BOS vs. DEN,W,12,2,3,0.667,0,0,,1,3,0.333,1,1,2,1,0,0,1,0,5,-3,7.9,1,2015-16
22015,201580,JaVale McGee,1610612742,DAL,Dallas Mavericks,0021500691,2016-01-27,DAL @ GSW,L,2,1,1,1.0,0,0,,0,0,,0,1,1,0,0,0,1,1,2,-3,2.2,1,2015-16
22015,202083,Wesley Matthews,1610612742,DAL,Dallas Mavericks,0021500691,2016-01-27,DAL @ GSW,L,33,4,12,0.333,1,5,0.2,0,0,,0,0,0,3,2,0,1,3,9,-18,18.5,1,2015-16
22015,202718,Chandler Parsons,1610612742,DAL,Dallas Mavericks,0021500691,2016-01-27,DAL @ GSW,L,35,8,13,0.615,4,6,0.667,3,3,1.0,0,7,7,1,1,0,1,3,23,-7,34.9,1,2015-16
22015,1626147,Justin Anderson,1610612742,DAL,Dallas Mavericks,0021500691,2016-01-27,DAL @ GSW,L,11,3,3,1.0,0,0,,0,0,,1,1,2,0,0,0,0,0,6,-1,8.4,1,2015-16
22015,2034,Mike Miller,1610612743,DEN,Denver Nuggets,0021500685,2016-01-27,DEN @ BOS,L,15,0,1,0.0,0,0,,0,0,,0,1,1,1,0,0,2,3,0,-4,0.7,1,2015-16
22015,201939,Stephen Curry,1610612744,GSW,Golden State Warriors,0021500691,2016-01-27,GSW vs. DAL,W,32,4,11,0.364,3,7,0.429,3,3,1.0,1,1,2,9,3,1,0,2,14,26,41.9,1,2015-16
22015,203546,Ian Clark,1610612744,GSW,Golden State Warriors,0021500691,2016-01-27,GSW vs. DAL,W,4,0,0,,0,0,,0,0,,0,0,0,1,0,0,0,2,0,4,1.5,1,2015-16
22015,1626172,Kevon Looney,1610612744,GSW,Golden State Warriors,0021500691,2016-01-27,GSW vs. DAL,W,6,1,1,1.0,0,0,,0,0,,0,2,2,0,0,0,0,1,2,-1,4.4,1,2015-16
22015,1891,Jason Terry,1610612745,HOU,Houston Rockets,0021500689,2016-01-27,HOU @ SAS,L,20,3,7,0.429,3,7,0.429,1,1,1.0,0,3,3,1,0,0,0,1,10,-7,15.1,1,2015-16
22015,2746,Josh Smith,1610612745,HOU,Houston Rockets,0021500689,2016-01-27,HOU @ SAS,L,25,4,11,0.364,1,6,0.167,2,4,0.5,1,6,7,2,1,1,3,4,11,-10,25.4,1,2015-16
22015,201147,Corey Brewer,1610612745,HOU,Houston Rockets,0021500689,2016-01-27,HOU @ SAS,L,14,3,6,0.5,1,3,0.333,1,2,0.5,0,1,1,0,0,0,2,4,8,-5,7.2,1,2015-16
22015,201976,Patrick Beverley,1610612745,HOU,Houston Rockets,0021500689,2016-01-27,HOU @ SAS,L,26,4,7,0.571,0,1,0.0,1,2,0.5,1,1,2,1,1,1,0,2,9,-22,18.9,1,2015-16
22015,101108,Chris Paul,1610612746,LAC,LA Clippers,0021500687,2016-01-27,LAC @ ATL,W,33,5,15,0.333,0,4,0.0,1,1,1.0,0,4,4,10,3,0,2,1,11,-7,37.8,1,2015-16
22015,202325,Wesley Johnson,1610612746,LAC,LA Clippers,0021500687,2016-01-27,LAC @ ATL,W,28,3,12,0.25,1,8,0.125,0,0,,0,6,6,0,6,1,2,2,7,15,33.2,1,2015-16
22015,202332,Cole Aldrich,1610612746,LAC,LA Clippers,0021500687,2016-01-27,LAC @ ATL,W,14,1,4,0.25,0,0,,1,2,0.5,2,2,4,1,0,2,1,2,3,11,14.3,1,2015-16
22015,203143,Pablo Prigioni,1610612746,LAC,LA Clippers,0021500687,2016-01-27,LAC @ ATL,W,15,0,1,0.0,0,1,0.0,0,0,,0,1,1,2,1,0,0,2,0,9,7.2,1,2015-16
22015,2419,Tayshaun Prince,1610612750,MIN,Minnesota Timberwolves,0021500688,2016-01-27,MIN vs. OKC,L,22,1,3,0.333,0,0,,0,0,,0,1,1,4,0,0,1,2,2,-2,8.2,1,2015-16
22015,203498,Shabazz Muhammad,1610612750,MIN,Minnesota Timberwolves,0021500688,2016-01-27,MIN vs. OKC,L,25,5,12,0.417,0,1,0.0,0,1,0.0,2,1,3,0,0,0,1,0,10,1,12.6,1,2015-16
22015,202397,Ish Smith,1610612755,PHI,Philadelphia 76ers,0021500686,2016-01-27,PHI @ DET,L,31,6,18,0.333,1,2,0.5,0,0,,1,2,3,6,0,1,6,0,13,-16,22.6,1,2015-16
22015,203138,Hollis Thompson,1610612755,PHI,Philadelphia 76ers,0021500686,2016-01-27,PHI @ DET,L,33,5,9,0.556,2,3,0.667,0,0,,2,3,5,0,1,0,2,3,12,-10,19.0,1,2015-16
22015,204456,T.J. McConnell,1610612755,PHI,Philadelphia 76ers,0021500686,2016-01-27,PHI @ DET,L,17,3,4,0.75,0,0,,0,0,,0,2,2,6,0,0,2,4,6,3,15.4,1,2015-16
22015,200782,P.J. Tucker,1610612756,PHX,Phoenix Suns,0021500684,2016-01-27,PHX @ CLE,L,35,4,8,0.5,3,5,0.6,2,2,1.0,4,3,7,2,1,0,1,4,13,-24,26.4,1,2015-16
22015,203928,Cory Jefferson,1610612756,PHX,Phoenix Suns,0021500684,2016-01-27,PHX @ CLE,L,5,2,2,1.0,0,0,,2,2,1.0,1,0,1,0,0,0,0,0,6,4,7.2,1,2015-16
22015,2561,David West,1610612759,SAS,San Antonio Spurs,0021500689,2016-01-27,SAS vs. HOU,W,15,2,2,1.0,0,0,,0,0,,0,2,2,2,0,0,2,1,4,12,7.4,1,2015-16
22015,201142,Kevin Durant,1610612760,OKC,Oklahoma City Thunder,0021500688,2016-01-27,OKC @ MIN,W,37,10,20,0.5,1,3,0.333,6,7,0.857,0,9,9,5,0,1,1,4,27,-1,47.3,1,2015-16
22015,201566,Russell Westbrook,1610612760,OKC,Oklahoma City Thunder,0021500688,2016-01-27,OKC @ MIN,W,37,7,13,0.538,3,4,0.75,7,7,1.0,2,6,8,15,0,0,4,3,24,1,52.1,1,2015-16
22015,202353,Tibor Pleiss,1610612762,UTA,Utah Jazz,0021500690,2016-01-27,UTA vs. CHA,W,3,0,0,,0,0,,0,0,,0,0,0,0,0,0,0,0,0,1,0.0,1,2015-16
22015,203475,Erick Green,1610612762,UTA,Utah Jazz,0021500690,2016-01-27,UTA vs. CHA,W,4,2,2,1.0,0,0,,0,0,,0,0,0,1,0,0,0,1,4,0,5.5,1,2015-16
22015,203481,Jeff Withey,1610612762,UTA,Utah Jazz,0021500690,2016-01-27,UTA vs. CHA,W,4,1,1,1.0,0,0,,0,0,,0,0,0,0,0,0,0,1,2,0,2.0,1,2015-16
22015,203504,Trey Burke,1610612762,UTA,Utah Jazz,0021500690,2016-01-27,UTA vs. CHA,W,19,4,10,0.4,3,7,0.429,0,0,,0,1,1,1,0,0,1,3,11,28,12.7,1,2015-16
22015,204060,Joe Ingles,1610612762,UTA,Utah Jazz,0021500690,2016-01-27,UTA vs. CHA,W,19,1,2,0.5,1,2,0.5,0,0,,1,3,4,2,1,0,0,0,3,15,13.8,1,2015-16
22015,101141,Ersan Ilyasova,1610612765,DET,Detroit Pistons,0021500686,2016-01-27,DET vs. PHI,W,20,1,6,0.167,0,2,0.0,1,2,0.5,4,4,8,0,1,0,1,2,3,-4,14.6,1,2015-16
22015,203382,Aron Baynes,1610612765,DET,Detroit Pistons,0021500686,2016-01-27,DET vs. PHI,W,12,4,6,0.667,0,0,,4,4,1.0,1,3,4,3,2,0,0,1,12,10,27.3,1,2015-16
22015,202689,Kemba Walker,1610612766,CHA,Charlotte Hornets,0021500690,2016-01-27,CHA @ UTA,L,30,7,11,0.636,1,3,0.333,0,1,0.0,2,3,5,1,1,0,4,0,15,-9,21.5,1,2015-16
22015,200757,Thabo Sefolosha,1610612737,ATL,Atlanta Hawks,0021500687,2016-01-27,ATL vs. LAC,L,24,1,6,0.167,0,2,0.0,0,0,,0,4,4,0,1,0,3,3,2,-7,6.8,1,2015-16
22015,200794,Paul Millsap,1610612737,ATL,Atlanta Hawks,0021500687,2016-01-27,ATL vs. LAC,L,34,6,14,0.429,1,2,0.5,1,3,0.333,4,8,12,4,1,2,2,2,14,5,41.4,1,2015-16
22015,201143,Al Horford,1610612737,ATL,Atlanta Hawks,0021500687,2016-01-27,ATL vs. LAC,L,36,6,13,0.462,1,5,0.2,2,5,0.4,2,6,8,6,1,0,2,2,15,4,34.6,1,2015-16
22015,203482,Kelly Olynyk,1610612738,BOS,Boston Celtics,0021500685,2016-01-27,BOS vs. DEN,W,17,6,14,0.429,2,3,0.667,3,3,1.0,1,6,7,3,0,0,0,3,17,12,29.9,1,2015-16
22015,203935,Marcus Smart,1610612738,BOS,Boston Celtics,0021500685,2016-01-27,BOS vs. DEN,W,28,0,5,0.0,0,2,0.0,4,4,1.0,0,2,2,3,3,0,0,2,4,11,19.9,1,2015-16
22015,2590,Mo Williams,1610612739,CLE,Cleveland Cavaliers,0021500684,2016-01-27,CLE vs. PHX,W,6,2,5,0.4,0,1,0.0,0,0,,0,1,1,0,0,0,0,0,4,-4,5.2,1,2015-16
22015,202389,Timofey Mozgov,1610612739,CLE,Cleveland Cavaliers,0021500684,2016-01-27,CLE vs. PHX,W,16,5,7,0.714,0,0,,0,0,,0,1,1,1,0,0,0,3,10,7,12.7,1,2015-16
22015,203098,John Jenkins,1610612742,DAL,Dallas Mavericks,0021500691,2016-01-27,DAL @ GSW,L,4,0,2,0.0,0,1,0.0,0,0,,0,0,0,0,0,0,0,0,0,-4,0.0,1,2015-16
22015,203115,Will Barton,1610612743,DEN,Denver Nuggets,0021500685,2016-01-27,DEN @ BOS,L,26,8,12,0.667,3,4,0.75,4,6,0.667,0,5,5,4,0,1,3,3,23,-7,35.0,1,2015-16
22015,2733,Shaun Livingston,1610612744,GSW,Golden State Warriors,0021500691,2016-01-27,GSW vs. DAL,W,16,4,5,0.8,0,0,,0,0,,1,1,2,2,1,0,0,2,8,-5,16.4,1,2015-16
22015,201601,Luc Mbah a Moute,1610612746,LAC,LA Clippers,0021500687,2016-01-27,LAC @ ATL,W,26,2,6,0.333,0,0,,1,2,0.5,3,2,5,1,2,0,2,1,5,-14,16.5,1,2015-16
22015,203085,Austin Rivers,1610612746,LAC,LA Clippers,0021500687,2016-01-27,LAC @ ATL,W,20,4,9,0.444,0,2,0.0,0,0,,0,4,4,1,2,0,0,1,8,8,20.3,1,2015-16
22015,201593,Nikola Pekovic,1610612750,MIN,Minnesota Timberwolves,0021500688,2016-01-27,MIN vs. OKC,L,12,0,5,0.0,0,0,,1,2,0.5,1,0,1,3,0,0,0,1,1,-1,6.7,1,2015-16
22015,203917,Nik Stauskas,1610612755,PHI,Philadelphia 76ers,0021500686,2016-01-27,PHI @ DET,L,26,1,5,0.2,0,3,0.0,2,2,1.0,0,2,2,2,0,1,2,5,4,-10,10.4,1,2015-16
22015,201603,Sonny Weems,1610612756,PHX,Phoenix Suns,0021500684,2016-01-27,PHX @ CLE,L,21,4,6,0.667,2,3,0.667,0,0,,0,2,2,1,1,0,4,1,10,-5,12.9,1,2015-16
22015,203933,T.J. Warren,1610612756,PHX,Phoenix Suns,0021500684,2016-01-27,PHX @ CLE,L,26,5,8,0.625,0,0,,1,2,0.5,0,3,3,2,1,0,0,3,11,-14,20.6,1,2015-16
22015,2446,Rasual Butler,1610612759,SAS,San Antonio Spurs,0021500689,2016-01-27,SAS vs. HOU,W,10,1,2,0.5,0,1,0.0,0,0,,0,1,1,2,0,1,0,0,2,7,9.2,1,2015-16
22015,2564,Boris Diaw,1610612759,SAS,San Antonio Spurs,0021500689,2016-01-27,SAS vs. HOU,W,19,0,3,0.0,0,2,0.0,0,0,,0,2,2,3,1,0,0,5,0,10,9.9,1,2015-16
22015,202695,Kawhi Leonard,1610612759,SAS,San Antonio Spurs,0021500689,2016-01-27,SAS vs. HOU,W,28,7,12,0.583,3,4,0.75,1,2,0.5,0,1,1,1,1,1,1,1,18,24,25.7,1,2015-16
22015,1626246,Boban Marjanovic,1610612759,SAS,San Antonio Spurs,0021500689,2016-01-27,SAS vs. HOU,W,17,5,9,0.556,0,0,,3,4,0.75,3,7,10,0,0,0,0,4,13,3,25.0,1,2015-16
22015,202683,Enes Freedom,1610612760,OKC,Oklahoma City Thunder,0021500688,2016-01-27,OKC @ MIN,W,23,10,16,0.625,0,1,0.0,3,3,1.0,7,3,10,0,0,2,2,1,23,1,39.0,1,2015-16
22015,1626166,Cameron Payne,1610612760,OKC,Oklahoma City Thunder,0021500688,2016-01-27,OKC @ MIN,W,5,0,1,0.0,0,1,0.0,0,0,,0,0,0,0,0,0,0,1,0,-1,0.0,1,2015-16
22015,203918,Rodney Hood,1610612762,UTA,Utah Jazz,0021500690,2016-01-27,UTA vs. CHA,W,31,8,16,0.5,4,9,0.444,4,4,1.0,0,4,4,4,1,0,1,1,24,14,36.8,1,2015-16
22015,1626168,Trey Lyles,1610612762,UTA,Utah Jazz,0021500690,2016-01-27,UTA vs. CHA,W,19,0,4,0.0,0,2,0.0,0,0,,0,3,3,0,0,0,1,2,0,-3,2.6,1,2015-16
22015,1626151,Aaron Harrison,1610612766,CHA,Charlotte Hornets,0021500690,2016-01-27,CHA @ UTA,L,5,0,1,0.0,0,0,,0,0,,0,0,0,0,1,0,1,1,0,-4,2.0,1,2015-16
22015,1626163,Frank Kaminsky,1610612766,CHA,Charlotte Hornets,0021500690,2016-01-27,CHA @ UTA,L,25,2,6,0.333,0,3,0.0,4,4,1.0,0,1,1,1,0,0,1,1,8,-29,9.7,1,2015-16
22015,2594,Kyle Korver,1610612737,ATL,Atlanta Hawks,0021500687,2016-01-27,ATL vs. LAC,L,32,4,6,0.667,4,4,1.0,2,2,1.0,0,3,3,3,0,1,1,2,14,3,24.1,1,2015-16
22015,203145,Kent Bazemore,1610612737,ATL,Atlanta Hawks,0021500687,2016-01-27,ATL vs. LAC,L,31,5,15,0.333,1,4,0.25,1,2,0.5,0,5,5,2,1,0,5,4,12,10,19.0,1,2015-16
22015,202738,Isaiah Thomas,1610612738,BOS,Boston Celtics,0021500685,2016-01-27,BOS vs. DEN,W,31,5,13,0.385,1,4,0.25,5,6,0.833,0,1,1,5,0,0,4,3,16,6,20.7,1,2015-16
22015,203092,Tyler Zeller,1610612738,BOS,Boston Celtics,0021500685,2016-01-27,BOS vs. DEN,W,4,0,2,0.0,0,0,,0,0,,0,1,1,0,0,0,1,1,0,2,0.2,1,2015-16
22015,203096,Jared Sullinger,1610612738,BOS,Boston Celtics,0021500685,2016-01-27,BOS vs. DEN,W,18,2,8,0.25,0,0,,2,2,1.0,4,7,11,1,1,1,0,4,6,-4,26.7,1,2015-16
22015,2544,LeBron James,1610612739,CLE,Cleveland Cavaliers,0021500684,2016-01-27,CLE vs. PHX,W,31,7,8,0.875,0,1,0.0,7,7,1.0,0,3,3,9,0,0,2,2,21,16,36.1,1,2015-16
22015,202681,Kyrie Irving,1610612739,CLE,Cleveland Cavaliers,0021500684,2016-01-27,CLE vs. PHX,W,22,4,11,0.364,0,3,0.0,0,0,,1,3,4,3,3,0,3,0,8,9,23.3,1,2015-16
22015,101111,Charlie Villanueva,1610612742,DAL,Dallas Mavericks,0021500691,2016-01-27,DAL @ GSW,L,20,3,9,0.333,2,6,0.333,0,0,,1,5,6,1,0,0,1,3,8,-10,15.7,1,2015-16
22015,1626257,Salah Mejri,1610612742,DAL,Dallas Mavericks,0021500691,2016-01-27,DAL @ GSW,L,14,1,2,0.5,0,0,,0,0,,1,2,3,0,0,0,1,1,2,-7,4.6,1,2015-16
22015,201589,Darrell Arthur,1610612743,DEN,Denver Nuggets,0021500685,2016-01-27,DEN @ BOS,L,10,0,3,0.0,0,2,0.0,0,0,,0,2,2,1,0,0,1,2,0,-5,2.9,1,2015-16
22015,203999,Nikola Jokić,1610612743,DEN,Denver Nuggets,0021500685,2016-01-27,DEN @ BOS,L,19,1,6,0.167,0,0,,1,2,0.5,3,4,7,4,1,1,3,2,3,-7,20.4,1,2015-16
22015,2571,Leandro Barbosa,1610612744,GSW,Golden State Warriors,0021500691,2016-01-27,GSW vs. DAL,W,22,2,3,0.667,0,0,,2,2,1.0,0,1,1,2,0,0,0,1,6,8,10.2,1,2015-16
22015,2730,Dwight Howard,1610612745,HOU,Houston Rockets,0021500689,2016-01-27,HOU @ SAS,L,23,3,5,0.6,0,0,,7,8,0.875,2,6,8,1,0,2,2,1,13,-12,28.1,1,2015-16
22015,203093,Terrence Jones,1610612745,HOU,Houston Rockets,0021500689,2016-01-27,HOU @ SAS,L,17,3,10,0.3,0,4,0.0,5,6,0.833,1,2,3,0,1,0,0,0,11,-11,17.6,1,2015-16
22015,203991,Clint Capela,1610612745,HOU,Houston Rockets,0021500689,2016-01-27,HOU @ SAS,L,14,1,4,0.25,0,0,,3,10,0.3,3,2,5,0,0,3,2,5,5,-18,18.0,1,2015-16
22015,203476,Gorgui Dieng,1610612750,MIN,Minnesota Timberwolves,0021500688,2016-01-27,MIN vs. OKC,L,27,10,13,0.769,0,0,,1,3,0.333,6,3,9,1,1,1,1,2,21,6,38.3,1,2015-16
22015,203477,Isaiah Canaan,1610612755,PHI,Philadelphia 76ers,0021500686,2016-01-27,PHI @ DET,L,23,2,8,0.25,2,5,0.4,1,1,1.0,0,2,2,3,0,0,0,1,7,-4,13.9,1,2015-16
22015,203924,Jerami Grant,1610612755,PHI,Philadelphia 76ers,0021500686,2016-01-27,PHI @ DET,L,30,8,13,0.615,1,3,0.333,4,7,0.571,2,6,8,2,3,1,2,4,21,-4,43.6,1,2015-16
22015,2199,Tyson Chandler,1610612756,PHX,Phoenix Suns,0021500684,2016-01-27,PHX @ CLE,L,34,3,5,0.6,0,0,,0,3,0.0,4,3,7,3,0,1,4,2,6,-23,17.9,1,2015-16
22015,202693,Markieff Morris,1610612756,PHX,Phoenix Suns,0021500684,2016-01-27,PHX @ CLE,L,26,5,11,0.455,1,2,0.5,2,2,1.0,0,5,5,3,1,1,4,0,13,4,25.5,1,2015-16
22015,203462,Archie Goodwin,1610612756,PHX,Phoenix Suns,0021500684,2016-01-27,PHX @ CLE,L,30,3,10,0.3,1,5,0.2,5,6,0.833,0,2,2,5,2,0,5,1,12,-5,22.9,1,2015-16
22015,203485,Lorenzo Brown,1610612756,PHX,Phoenix Suns,0021500684,2016-01-27,PHX @ CLE,L,2,1,2,0.5,0,1,0.0,0,0,,0,0,0,0,0,0,0,0,2,2,2.0,1,2015-16
22015,203492,Ray McCallum,1610612759,SAS,San Antonio Spurs,0021500689,2016-01-27,SAS vs. HOU,W,10,3,5,0.6,2,3,0.667,0,0,,1,2,3,3,0,0,0,0,8,7,16.1,1,2015-16
22015,201586,Serge Ibaka,1610612760,OKC,Oklahoma City Thunder,0021500688,2016-01-27,OKC @ MIN,W,25,2,7,0.286,0,0,,2,2,1.0,1,3,4,1,0,0,1,3,6,-5,11.3,1,2015-16
22015,202330,Gordon Hayward,1610612762,UTA,Utah Jazz,0021500690,2016-01-27,UTA vs. CHA,W,32,9,14,0.643,3,4,0.75,1,1,1.0,1,6,7,5,2,0,2,2,22,20,41.9,1,2015-16
22015,203497,Rudy Gobert,1610612762,UTA,Utah Jazz,0021500690,2016-01-27,UTA vs. CHA,W,30,2,5,0.4,0,0,,2,4,0.5,1,11,12,1,0,3,3,3,6,13,27.9,1,2015-16
22015,203526,Raul Neto,1610612762,UTA,Utah Jazz,0021500690,2016-01-27,UTA vs. CHA,W,20,0,7,0.0,0,4,0.0,0,0,,0,1,1,2,0,0,1,3,0,-6,3.2,1,2015-16
22015,201943,Brandon Jennings,1610612765,DET,Detroit Pistons,0021500686,2016-01-27,DET vs. PHI,W,17,0,4,0.0,0,1,0.0,1,2,0.5,1,1,2,3,1,0,1,1,1,4,9.9,1,2015-16
22015,101161,Amir Johnson,1610612738,BOS,Boston Celtics,0021500685,2016-01-27,BOS vs. DEN,W,30,4,7,0.571,0,0,,1,2,0.5,7,6,13,6,3,1,1,3,9,5,44.6,1,2015-16
22015,2210,Richard Jefferson,1610612739,CLE,Cleveland Cavaliers,0021500684,2016-01-27,CLE vs. PHX,W,23,4,4,1.0,2,2,1.0,4,5,0.8,0,0,0,3,0,0,0,2,14,15,18.5,1,2015-16
22015,2760,Anderson Varejao,1610612739,CLE,Cleveland Cavaliers,0021500684,2016-01-27,CLE vs. PHX,W,11,3,4,0.75,0,0,,0,0,,2,1,3,0,1,0,1,0,6,2,11.6,1,2015-16
22015,202697,Iman Shumpert,1610612739,CLE,Cleveland Cavaliers,0021500684,2016-01-27,CLE vs. PHX,W,27,2,4,0.5,1,2,0.5,0,0,,0,3,3,3,2,0,3,0,5,8,16.1,1,2015-16
22015,203521,Matthew Dellavedova,1610612739,CLE,Cleveland Cavaliers,0021500684,2016-01-27,CLE vs. PHX,W,19,1,6,0.167,1,5,0.2,0,0,,1,2,3,7,0,0,1,3,3,17,16.1,1,2015-16
22015,101109,Raymond Felton,1610612742,DAL,Dallas Mavericks,0021500691,2016-01-27,DAL @ GSW,L,35,5,12,0.417,2,5,0.4,0,1,0.0,2,1,3,4,0,0,1,1,12,-13,20.6,1,2015-16
22015,200751,Randy Foye,1610612743,DEN,Denver Nuggets,0021500685,2016-01-27,DEN @ BOS,L,22,2,9,0.222,1,4,0.25,2,2,1.0,0,2,2,1,0,1,1,2,7,-1,12.9,1,2015-16
22015,202702,Kenneth Faried,1610612743,DEN,Denver Nuggets,0021500685,2016-01-27,DEN @ BOS,L,28,7,13,0.538,0,0,,1,2,0.5,6,9,15,4,1,1,0,2,15,9,45.0,1,2015-16
22015,203914,Gary Harris,1610612743,DEN,Denver Nuggets,0021500685,2016-01-27,DEN @ BOS,L,33,4,7,0.571,1,4,0.25,6,6,1.0,0,7,7,0,2,0,2,1,15,-2,27.4,1,2015-16
22015,203930,Sean Kilpatrick,1610612743,DEN,Denver Nuggets,0021500685,2016-01-27,DEN @ BOS,L,15,1,2,0.5,0,1,0.0,0,0,,0,0,0,2,0,0,1,1,2,2,4.0,1,2015-16
22015,203994,Jusuf Nurkić,1610612743,DEN,Denver Nuggets,0021500685,2016-01-27,DEN @ BOS,L,12,1,5,0.2,0,0,,0,3,0.0,2,3,5,1,0,1,1,2,2,-13,11.5,1,2015-16
22015,1626144,Emmanuel Mudiay,1610612743,DEN,Denver Nuggets,0021500685,2016-01-27,DEN @ BOS,L,26,4,10,0.4,1,2,0.5,4,4,1.0,0,2,2,4,0,0,5,3,13,-7,16.4,1,2015-16
22015,2738,Andre Iguodala,1610612744,GSW,Golden State Warriors,0021500691,2016-01-27,GSW vs. DAL,W,23,2,6,0.333,0,1,0.0,2,4,0.5,1,3,4,6,0,0,0,1,6,7,19.8,1,2015-16
22015,201578,Marreese Speights,1610612744,GSW,Golden State Warriors,0021500691,2016-01-27,GSW vs. DAL,W,10,4,9,0.444,0,0,,0,0,,2,3,5,1,0,0,1,1,8,-4,14.5,1,2015-16
22015,203084,Harrison Barnes,1610612744,GSW,Golden State Warriors,0021500691,2016-01-27,GSW vs. DAL,W,28,5,9,0.556,1,3,0.333,2,2,1.0,1,1,2,2,1,0,0,0,13,9,21.4,1,2015-16
22015,2037,Jamal Crawford,1610612746,LAC,LA Clippers,0021500687,2016-01-27,LAC @ ATL,W,29,9,16,0.563,1,2,0.5,2,2,1.0,0,1,1,2,1,0,2,1,21,16,26.2,1,2015-16
22015,201599,DeAndre Jordan,1610612746,LAC,LA Clippers,0021500687,2016-01-27,LAC @ ATL,W,34,3,5,0.6,0,0,,7,12,0.583,4,15,19,0,0,1,1,1,13,-11,37.8,1,2015-16
22015,203457,Nerlens Noel,1610612755,PHI,Philadelphia 76ers,0021500686,2016-01-27,PHI @ DET,L,28,9,11,0.818,0,0,,2,4,0.5,3,4,7,4,1,1,1,5,20,-9,39.4,1,2015-16
22015,1626158,Richaun Holmes,1610612755,PHI,Philadelphia 76ers,0021500686,2016-01-27,PHI @ DET,L,16,3,8,0.375,0,0,,0,0,,0,1,1,0,0,1,0,1,6,3,10.2,1,2015-16
22015,1626164,Devin Booker,1610612756,PHX,Phoenix Suns,0021500684,2016-01-27,PHX @ CLE,L,34,4,9,0.444,1,4,0.25,7,8,0.875,2,1,3,5,0,0,2,4,16,-25,25.1,1,2015-16
22015,2225,Tony Parker,1610612759,SAS,San Antonio Spurs,0021500689,2016-01-27,SAS vs. HOU,W,23,7,13,0.538,0,0,,1,1,1.0,0,3,3,7,1,0,0,2,15,18,32.1,1,2015-16
22015,200746,LaMarcus Aldridge,1610612759,SAS,San Antonio Spurs,0021500689,2016-01-27,SAS vs. HOU,W,30,9,13,0.692,0,0,,7,7,1.0,6,4,10,5,0,0,2,4,25,25,42.5,1,2015-16
22015,201988,Patty Mills,1610612759,SAS,San Antonio Spurs,0021500689,2016-01-27,SAS vs. HOU,W,15,4,9,0.444,1,3,0.333,0,0,,0,3,3,4,0,0,2,1,9,6,16.6,1,2015-16
22015,202713,Kyle Singler,1610612760,OKC,Oklahoma City Thunder,0021500688,2016-01-27,OKC @ MIN,W,23,1,2,0.5,0,0,,0,0,,0,5,5,0,0,0,0,3,2,5,8.0,1,2015-16
22015,203079,Dion Waiters,1610612760,OKC,Oklahoma City Thunder,0021500688,2016-01-27,OKC @ MIN,W,35,6,14,0.429,4,7,0.571,0,0,,0,0,0,1,0,0,0,4,16,-4,17.5,1,2015-16
22015,203500,Steven Adams,1610612760,OKC,Oklahoma City Thunder,0021500688,2016-01-27,OKC @ MIN,W,20,4,7,0.571,0,0,,0,0,,1,1,2,0,0,0,1,3,8,0,9.4,1,2015-16
22015,203083,Andre Drummond,1610612765,DET,Detroit Pistons,0021500686,2016-01-27,DET vs. PHI,W,35,9,16,0.563,0,0,,7,12,0.583,9,9,18,0,2,1,2,1,25,2,53.6,1,2015-16
22015,101107,Marvin Williams,1610612766,CHA,Charlotte Hornets,0021500690,2016-01-27,CHA @ UTA,L,23,3,10,0.3,0,3,0.0,3,3,1.0,1,4,5,1,1,0,1,1,9,0,18.5,1,2015-16
22015,201150,Spencer Hawes,1610612766,CHA,Charlotte Hornets,0021500690,2016-01-27,CHA @ UTA,L,26,3,7,0.429,2,3,0.667,1,2,0.5,1,3,4,2,0,0,1,2,9,-6,15.8,1,2015-16
22015,201946,Tyler Hansbrough,1610612766,CHA,Charlotte Hornets,0021500690,2016-01-27,CHA @ UTA,L,22,0,0,,0,0,,0,0,,1,2,3,1,2,0,0,2,0,-23,11.1,1,2015-16
22015,202391,Jeremy Lin,1610612766,CHA,Charlotte Hornets,0021500690,2016-01-27,CHA @ UTA,L,17,2,8,0.25,0,2,0.0,0,0,,0,2,2,1,1,0,1,1,4,-23,9.9,1,2015-16
22015,203148,Brian Roberts,1610612766,CHA,Charlotte Hornets,0021500690,2016-01-27,CHA @ UTA,L,12,3,4,0.75,2,2,1.0,5,5,1.0,0,1,1,1,0,0,1,0,13,-10,14.7,1,2015-16
22015,203584,Troy Daniels,1610612766,CHA,Charlotte Hornets,0021500690,2016-01-27,CHA @ UTA,L,22,2,7,0.286,0,2,0.0,1,2,0.5,0,1,1,0,0,0,5,3,5,-22,1.2,1,2015-16
22015,202323,Evan Turner,1610612738,BOS,Boston Celtics,0021500685,2016-01-27,BOS vs. DEN,W,30,7,11,0.636,0,0,,0,0,,1,3,4,6,2,0,3,2,14,6,30.8,1,2015-16
22015,200826,J.J. Barea,1610612742,DAL,Dallas Mavericks,0021500691,2016-01-27,DAL @ GSW,L,25,7,11,0.636,0,1,0.0,0,0,,1,2,3,5,0,0,1,3,14,-6,24.1,1,2015-16
22015,201568,Danilo Gallinari,1610612743,DEN,Denver Nuggets,0021500685,2016-01-27,DEN @ BOS,L,32,8,16,0.5,1,4,0.25,6,7,0.857,3,4,7,1,0,1,1,1,23,-7,34.9,1,2015-16
22015,201581,JJ Hickson,1610612743,DEN,Denver Nuggets,0021500685,2016-01-27,DEN @ BOS,L,1,0,0,,0,0,,0,0,,0,0,0,0,0,0,0,0,0,2,0.0,1,2015-16
22015,2772,Trevor Ariza,1610612745,HOU,Houston Rockets,0021500689,2016-01-27,HOU @ SAS,L,27,2,6,0.333,2,4,0.5,2,4,0.5,0,1,1,2,2,1,1,3,8,-24,20.2,1,2015-16
22015,200755,JJ Redick,1610612746,LAC,LA Clippers,0021500687,2016-01-27,LAC @ ATL,W,26,4,10,0.4,2,6,0.333,2,2,1.0,0,0,0,0,1,0,0,2,12,-11,15.0,1,2015-16
22015,203458,Alex Len,1610612756,PHX,Phoenix Suns,0021500684,2016-01-27,PHX @ CLE,L,27,2,9,0.222,0,0,,0,0,,1,3,4,4,0,0,2,2,4,-24,12.8,1,2015-16
22015,203613,Jonathon Simmons,1610612759,SAS,San Antonio Spurs,0021500689,2016-01-27,SAS vs. HOU,W,12,1,4,0.25,0,1,0.0,3,3,1.0,1,0,1,0,0,0,1,2,5,2,5.2,1,2015-16
22015,2555,Nick Collison,1610612760,OKC,Oklahoma City Thunder,0021500688,2016-01-27,OKC @ MIN,W,16,3,3,1.0,0,0,,2,2,1.0,3,0,3,1,0,3,1,1,8,9,21.1,1,2015-16
22015,2594,Kyle Korver,1610612737,ATL,Atlanta Hawks,0021500692,2016-01-28,ATL @ IND,L,30,2,9,0.222,1,7,0.143,1,2,0.5,0,2,2,3,1,0,1,3,6,-8,14.9,1,2015-16
22015,202714,Shelvin Mack,1610612737,ATL,Atlanta Hawks,0021500692,2016-01-28,ATL @ IND,L,2,0,0,,0,0,,0,0,,0,0,0,0,0,0,1,0,0,-4,-1.0,1,2015-16
22015,201962,Toney Douglas,1610612740,NOP,New Orleans Pelicans,0021500696,2016-01-28,NOP vs. SAC,W,9,1,3,0.333,0,0,,0,0,,0,2,2,0,0,0,1,1,2,0,3.4,1,2015-16
22015,202708,Norris Cole,1610612740,NOP,New Orleans Pelicans,0021500696,2016-01-28,NOP vs. SAC,W,38,8,19,0.421,1,3,0.333,0,0,,0,7,7,10,1,0,3,2,17,11,40.4,1,2015-16
22015,201959,Taj Gibson,1610612741,CHI,Chicago Bulls,0021500697,2016-01-28,CHI @ LAL,W,36,4,10,0.4,0,0,,1,2,0.5,4,7,11,1,2,2,1,2,9,15,34.7,1,2015-16
22015,2034,Mike Miller,1610612743,DEN,Denver Nuggets,0021500693,2016-01-28,DEN @ WAS,W,0,0,0,,0,0,,0,0,,0,0,0,0,0,0,0,0,0,3,0.0,1,2015-16
22015,203914,Gary Harris,1610612743,DEN,Denver Nuggets,0021500693,2016-01-28,DEN @ WAS,W,29,2,6,0.333,1,2,0.5,0,0,,0,1,1,0,2,0,2,2,5,4,10.2,1,2015-16
22015,1626156,D'Angelo Russell,1610612747,LAL,Los Angeles Lakers,0021500697,2016-01-28,LAL vs. CHI,L,24,1,7,0.143,1,4,0.25,0,0,,0,4,4,4,1,0,3,1,3,-2,13.8,1,2015-16
22015,201573,Jerryd Bayless,1610612749,MIL,Milwaukee Bucks,0021500695,2016-01-28,MIL @ MEM,L,20,2,4,0.5,0,1,0.0,5,5,1.0,0,3,3,3,1,1,2,1,9,-14,21.1,1,2015-16
22015,202328,Greg Monroe,1610612749,MIL,Milwaukee Bucks,0021500695,2016-01-28,MIL @ MEM,L,25,8,13,0.615,0,0,,5,6,0.833,2,5,7,2,0,0,5,1,21,-15,27.4,1,2015-16
22015,203101,Miles Plumlee,1610612749,MIL,Milwaukee Bucks,0021500695,2016-01-28,MIL @ MEM,L,19,3,5,0.6,0,0,,0,0,,2,3,5,1,2,2,0,1,6,1,25.5,1,2015-16
22015,203142,Chris Copeland,1610612749,MIL,Milwaukee Bucks,0021500695,2016-01-28,MIL @ MEM,L,7,0,3,0.0,0,3,0.0,2,2,1.0,0,0,0,1,0,0,1,1,2,2,2.5,1,2015-16
22015,203898,Tyler Ennis,1610612749,MIL,Milwaukee Bucks,0021500695,2016-01-28,MIL @ MEM,L,5,1,3,0.333,0,1,0.0,2,2,1.0,0,1,1,0,0,0,0,1,4,5,5.2,1,2015-16
22015,101145,Monta Ellis,1610612754,IND,Indiana Pacers,0021500692,2016-01-28,IND vs. ATL,W,35,7,11,0.636,5,7,0.714,6,6,1.0,1,4,5,6,5,1,2,0,25,12,56.0,1,2015-16
22015,201978,Chase Budinger,1610612754,IND,Indiana Pacers,0021500692,2016-01-28,IND vs. ATL,W,1,0,0,,0,0,,0,0,,0,0,0,0,1,0,0,0,0,4,3.0,1,2015-16
22015,202331,Paul George,1610612754,IND,Indiana Pacers,0021500692,2016-01-28,IND vs. ATL,W,31,2,11,0.182,0,1,0.0,7,7,1.0,1,2,3,3,1,0,2,4,11,9,20.1,1,2015-16
22015,200765,Rajon Rondo,1610612758,SAC,Sacramento Kings,0021500696,2016-01-28,SAC @ NOP,L,38,7,10,0.7,1,2,0.5,2,4,0.5,1,5,6,15,1,0,3,4,17,-4,46.7,1,2015-16
22015,201954,Darren Collison,1610612758,SAC,Sacramento Kings,0021500696,2016-01-28,SAC @ NOP,L,26,4,10,0.4,0,2,0.0,0,0,,0,1,1,3,1,0,0,2,8,6,16.7,1,2015-16
22015,200768,Kyle Lowry,1610612761,TOR,Toronto Raptors,0021500694,2016-01-28,TOR vs. NYK,W,41,8,16,0.5,3,5,0.6,7,8,0.875,3,3,6,10,3,0,3,2,26,15,54.2,1,2015-16
22015,201942,DeMar DeRozan,1610612761,TOR,Toronto Raptors,0021500694,2016-01-28,TOR vs. NYK,W,36,9,18,0.5,1,3,0.333,7,8,0.875,0,1,1,4,1,2,3,4,26,3,39.2,1,2015-16
22015,2403,Nene,1610612764,WAS,Washington Wizards,0021500693,2016-01-28,WAS vs. DEN,L,29,6,9,0.667,0,0,,3,4,0.75,4,3,7,0,0,2,0,5,15,-4,29.4,1,2015-16
22015,201162,Jared Dudley,1610612764,WAS,Washington Wizards,0021500693,2016-01-28,WAS vs. DEN,L,26,4,8,0.5,1,3,0.333,3,4,0.75,1,3,4,4,4,0,2,5,12,1,32.8,1,2015-16
22015,203490,Otto Porter Jr.,1610612764,WAS,Washington Wizards,0021500693,2016-01-28,WAS vs. DEN,L,15,0,3,0.0,0,2,0.0,2,2,1.0,0,2,2,0,1,0,0,2,2,-10,7.4,1,2015-16
22015,200757,Thabo Sefolosha,1610612737,ATL,Atlanta Hawks,0021500692,2016-01-28,ATL @ IND,L,27,4,7,0.571,1,2,0.5,4,5,0.8,0,3,3,1,2,1,1,1,13,-11,26.1,1,2015-16
22015,200794,Paul Millsap,1610612737,ATL,Atlanta Hawks,0021500692,2016-01-28,ATL @ IND,L,13,1,4,0.25,0,1,0.0,2,2,1.0,0,5,5,0,1,0,2,0,4,3,11.0,1,2015-16
22015,201952,Jeff Teague,1610612737,ATL,Atlanta Hawks,0021500692,2016-01-28,ATL @ IND,L,31,7,12,0.583,2,2,1.0,4,4,1.0,0,1,1,5,1,0,3,5,20,-2,28.7,1,2015-16
22015,201583,Ryan Anderson,1610612740,NOP,New Orleans Pelicans,0021500696,2016-01-28,NOP vs. SAC,W,40,13,25,0.52,5,11,0.455,5,6,0.833,3,6,9,4,0,0,1,2,36,11,51.8,1,2015-16
22015,201600,Omer Asik,1610612740,NOP,New Orleans Pelicans,0021500696,2016-01-28,NOP vs. SAC,W,27,4,6,0.667,0,0,,0,0,,4,9,13,0,0,4,2,3,8,6,33.6,1,2015-16
22015,1626214,Bryce Dejean-Jones,1610612740,NOP,New Orleans Pelicans,0021500696,2016-01-28,NOP vs. SAC,W,35,5,12,0.417,3,6,0.5,1,6,0.167,1,1,2,2,2,1,1,2,14,-14,27.4,1,2015-16
22015,2200,Pau Gasol,1610612741,CHI,Chicago Bulls,0021500697,2016-01-28,CHI @ LAL,W,31,9,17,0.529,0,0,,3,3,1.0,1,11,12,7,1,1,3,3,21,26,48.9,1,2015-16
22015,203926,Doug McDermott,1610612741,CHI,Chicago Bulls,0021500697,2016-01-28,CHI @ LAL,W,24,6,15,0.4,3,6,0.5,0,0,,0,2,2,1,0,0,1,4,15,5,17.9,1,2015-16
22015,201568,Danilo Gallinari,1610612743,DEN,Denver Nuggets,0021500693,2016-01-28,DEN @ WAS,W,35,8,15,0.533,4,5,0.8,6,8,0.75,0,5,5,6,1,0,2,0,26,6,42.0,1,2015-16
22015,201579,Roy Hibbert,1610612747,LAL,Los Angeles Lakers,0021500697,2016-01-28,LAL vs. CHI,L,19,3,7,0.429,0,0,,0,0,,1,0,1,1,0,1,1,4,6,-12,10.7,1,2015-16
22015,203527,Ryan Kelly,1610612747,LAL,Los Angeles Lakers,0021500697,2016-01-28,LAL vs. CHI,L,5,2,2,1.0,0,0,,2,4,0.5,1,2,3,0,0,0,0,0,6,-2,9.6,1,2015-16
22015,203903,Jordan Clarkson,1610612747,LAL,Los Angeles Lakers,0021500697,2016-01-28,LAL vs. CHI,L,27,5,14,0.357,2,3,0.667,4,5,0.8,2,2,4,4,0,0,2,0,16,-29,24.8,1,2015-16
22015,203944,Julius Randle,1610612747,LAL,Los Angeles Lakers,0021500697,2016-01-28,LAL vs. CHI,L,27,4,8,0.5,0,0,,6,6,1.0,0,8,8,1,1,1,2,2,14,-18,29.1,1,2015-16
22015,1626204,Larry Nance Jr.,1610612747,LAL,Los Angeles Lakers,0021500697,2016-01-28,LAL vs. CHI,L,18,3,6,0.5,0,0,,1,2,0.5,3,2,5,1,0,0,1,2,7,-9,13.5,1,2015-16
22015,203114,Khris Middleton,1610612749,MIL,Milwaukee Bucks,0021500695,2016-01-28,MIL @ MEM,L,32,6,18,0.333,1,4,0.25,2,2,1.0,4,1,5,6,3,0,1,1,15,-10,38.0,1,2015-16
22015,201167,Arron Afflalo,1610612752,NYK,New York Knicks,0021500694,2016-01-28,NYK @ TOR,L,38,7,17,0.412,3,3,1.0,3,3,1.0,0,2,2,4,0,0,0,2,20,-4,28.4,1,2015-16
22015,202338,Kevin Seraphin,1610612752,NYK,New York Knicks,0021500694,2016-01-28,NYK @ TOR,L,15,2,4,0.5,0,0,,0,0,,0,1,1,1,0,0,1,3,4,-8,5.7,1,2015-16
22015,202682,Derrick Williams,1610612752,NYK,New York Knicks,0021500694,2016-01-28,NYK @ TOR,L,28,3,12,0.25,0,3,0.0,0,0,,1,4,5,2,1,0,0,0,6,-14,18.0,1,2015-16
22015,203124,Kyle O'Quinn,1610612752,NYK,New York Knicks,0021500694,2016-01-28,NYK @ TOR,L,19,4,13,0.308,0,1,0.0,0,0,,2,4,6,3,1,2,1,3,8,10,27.7,1,2015-16
22015,101133,Ian Mahinmi,1610612754,IND,Indiana Pacers,0021500692,2016-01-28,IND vs. ATL,W,30,1,4,0.25,0,0,,6,6,1.0,2,4,6,2,0,2,2,1,8,8,22.2,1,2015-16
22015,1626167,Myles Turner,1610612754,IND,Indiana Pacers,0021500692,2016-01-28,IND vs. ATL,W,26,9,17,0.529,0,0,,2,3,0.667,0,6,6,1,0,1,2,3,20,10,29.7,1,2015-16
22015,2449,Luis Scola,1610612761,TOR,Toronto Raptors,0021500694,2016-01-28,TOR vs. NYK,W,19,3,5,0.6,1,2,0.5,0,0,,1,3,4,1,1,0,0,0,7,-11,16.3,1,2015-16
22015,201949,James Johnson,1610612761,TOR,Toronto Raptors,0021500694,2016-01-28,TOR vs. NYK,W,16,0,3,0.0,0,1,0.0,1,4,0.25,1,0,1,1,1,4,1,3,1,-12,17.7,1,2015-16
22015,202335,Patrick Patterson,1610612761,TOR,Toronto Raptors,0021500694,2016-01-28,TOR vs. NYK,W,29,4,6,0.667,2,3,0.667,0,0,,0,5,5,0,0,0,2,3,10,21,14.0,1,2015-16
22015,202709,Cory Joseph,1610612761,TOR,Toronto Raptors,0021500694,2016-01-28,TOR vs. NYK,W,24,5,8,0.625,0,1,0.0,1,2,0.5,1,6,7,4,0,1,1,1,11,0,27.4,1,2015-16
22015,203082,Terrence Ross,1610612761,TOR,Toronto Raptors,0021500694,2016-01-28,TOR vs. NYK,W,22,2,9,0.222,1,5,0.2,1,2,0.5,1,4,5,1,1,2,0,0,6,23,22.5,1,2015-16
22015,1713,Vince Carter,1610612763,MEM,Memphis Grizzlies,0021500695,2016-01-28,MEM vs. MIL,W,9,1,2,0.5,0,1,0.0,1,1,1.0,1,0,1,0,0,0,0,0,3,3,4.2,1,2015-16
22015,2216,Zach Randolph,1610612763,MEM,Memphis Grizzlies,0021500695,2016-01-28,MEM vs. MIL,W,20,3,8,0.375,0,0,,2,2,1.0,1,2,3,0,1,0,1,1,8,7,13.6,1,2015-16
22015,201188,Marc Gasol,1610612763,MEM,Memphis Grizzlies,0021500695,2016-01-28,MEM vs. MIL,W,28,7,11,0.636,0,0,,1,2,0.5,1,7,8,4,4,0,1,2,15,17,41.6,1,2015-16
22015,201584,Courtney Lee,1610612763,MEM,Memphis Grizzlies,0021500695,2016-01-28,MEM vs. MIL,W,24,5,10,0.5,2,5,0.4,1,1,1.0,0,0,0,1,0,1,0,2,13,11,17.5,1,2015-16
22015,202066,Garrett Temple,1610612764,WAS,Washington Wizards,0021500693,2016-01-28,WAS vs. DEN,L,38,7,16,0.438,5,10,0.5,1,2,0.5,1,4,5,3,1,0,0,3,20,-3,33.5,1,2015-16
22015,201168,Tiago Splitter,1610612737,ATL,Atlanta Hawks,0021500692,2016-01-28,ATL @ IND,L,20,3,4,0.75,0,0,,2,2,1.0,3,1,4,3,2,0,1,3,8,-5,22.3,1,2015-16
22015,203118,Mike Scott,1610612737,ATL,Atlanta Hawks,0021500692,2016-01-28,ATL @ IND,L,17,3,11,0.273,1,6,0.167,1,1,1.0,1,1,2,0,0,0,0,0,8,-14,10.4,1,2015-16
22015,203471,Dennis Schröder,1610612737,ATL,Atlanta Hawks,0021500692,2016-01-28,ATL @ IND,L,14,2,8,0.25,0,2,0.0,1,1,1.0,0,1,1,2,0,0,0,2,5,-12,9.2,1,2015-16
22015,203501,Tim Hardaway Jr.,1610612737,ATL,Atlanta Hawks,0021500692,2016-01-28,ATL @ IND,L,17,1,4,0.25,1,3,0.333,0,0,,0,1,1,2,0,0,1,0,3,-18,6.2,1,2015-16
22015,203934,Lamar Patterson,1610612737,ATL,Atlanta Hawks,0021500692,2016-01-28,ATL @ IND,L,2,0,0,,0,0,,0,0,,0,0,0,0,0,0,0,0,0,-4,0.0,1,2015-16
22015,201582,Alexis Ajinca,1610612740,NOP,New Orleans Pelicans,0021500696,2016-01-28,NOP vs. SAC,W,14,1,4,0.25,0,0,,0,0,,1,5,6,1,1,1,3,3,2,4,13.7,1,2015-16
22015,201565,Derrick Rose,1610612741,CHI,Chicago Bulls,0021500697,2016-01-28,CHI @ LAL,W,29,7,12,0.583,0,2,0.0,2,2,1.0,0,7,7,5,1,0,1,2,16,15,33.9,1,2015-16
22015,202710,Jimmy Butler III,1610612741,CHI,Chicago Bulls,0021500697,2016-01-28,CHI @ LAL,W,31,11,17,0.647,1,2,0.5,3,3,1.0,1,4,5,10,4,0,0,1,26,31,59.0,1,2015-16
22015,202734,E'Twaun Moore,1610612741,CHI,Chicago Bulls,0021500697,2016-01-28,CHI @ LAL,W,36,3,9,0.333,0,3,0.0,2,2,1.0,2,0,2,1,2,1,1,0,8,7,19.9,1,2015-16
22015,1626245,Cristiano Felicio,1610612741,CHI,Chicago Bulls,0021500697,2016-01-28,CHI @ LAL,W,3,0,0,,0,0,,1,2,0.5,0,0,0,1,0,0,0,0,1,1,2.5,1,2015-16
22015,202702,Kenneth Faried,1610612743,DEN,Denver Nuggets,0021500693,2016-01-28,DEN @ WAS,W,27,2,3,0.667,0,0,,3,4,0.75,0,5,5,2,1,1,1,3,7,9,21.0,1,2015-16
22015,203115,Will Barton,1610612743,DEN,Denver Nuggets,0021500693,2016-01-28,DEN @ WAS,W,26,5,11,0.455,0,2,0.0,5,5,1.0,0,3,3,0,2,1,1,3,15,1,26.6,1,2015-16
22015,203994,Jusuf Nurkić,1610612743,DEN,Denver Nuggets,0021500693,2016-01-28,DEN @ WAS,W,16,3,7,0.429,0,0,,2,2,1.0,1,4,5,2,0,1,0,2,8,-2,20.0,1,2015-16
22015,977,Kobe Bryant,1610612747,LAL,Los Angeles Lakers,0021500697,2016-01-28,LAL vs. CHI,L,25,4,13,0.308,2,7,0.286,0,0,,0,4,4,3,2,0,2,2,10,-9,23.3,1,2015-16
22015,203948,Johnny O'Bryant III,1610612749,MIL,Milwaukee Bucks,0021500695,2016-01-28,MIL @ MEM,L,20,0,4,0.0,0,0,,0,0,,2,2,4,0,0,0,0,1,0,-18,4.8,1,2015-16
22015,201941,Jordan Hill,1610612754,IND,Indiana Pacers,0021500692,2016-01-28,IND vs. ATL,W,18,4,6,0.667,0,0,,0,0,,1,2,3,1,0,2,2,1,8,7,17.1,1,2015-16
22015,202730,Lavoy Allen,1610612754,IND,Indiana Pacers,0021500692,2016-01-28,IND vs. ATL,W,20,1,4,0.25,0,0,,2,4,0.5,5,7,12,0,1,2,1,1,4,5,26.4,1,2015-16
22015,201956,Omri Casspi,1610612758,SAC,Sacramento Kings,0021500696,2016-01-28,SAC @ NOP,L,29,3,9,0.333,2,5,0.4,0,0,,0,6,6,1,1,0,1,2,8,-11,18.7,1,2015-16
22015,203112,Quincy Acy,1610612758,SAC,Sacramento Kings,0021500696,2016-01-28,SAC @ NOP,L,19,1,3,0.333,1,2,0.5,0,0,,2,7,9,0,0,0,1,2,3,3,12.8,1,2015-16
22015,203463,Ben McLemore,1610612758,SAC,Sacramento Kings,0021500696,2016-01-28,SAC @ NOP,L,31,9,17,0.529,5,10,0.5,3,4,0.75,1,3,4,2,1,0,0,3,26,15,36.8,1,2015-16
22015,202687,Bismack Biyombo,1610612761,TOR,Toronto Raptors,0021500694,2016-01-28,TOR vs. NYK,W,20,2,3,0.667,0,0,,1,2,0.5,0,2,2,0,0,1,0,2,5,12,10.4,1,2015-16
22015,1626181,Norman Powell,1610612761,TOR,Toronto Raptors,0021500694,2016-01-28,TOR vs. NYK,W,4,0,1,0.0,0,0,,0,0,,0,1,1,0,0,0,0,0,0,1,1.2,1,2015-16
22015,2440,Matt Barnes,1610612763,MEM,Memphis Grizzlies,0021500695,2016-01-28,MEM vs. MIL,W,25,4,8,0.5,4,8,0.5,1,2,0.5,0,4,4,2,1,2,3,3,13,11,26.8,1,2015-16
22015,201145,Jeff Green,1610612763,MEM,Memphis Grizzlies,0021500695,2016-01-28,MEM vs. MIL,W,32,9,15,0.6,3,6,0.5,0,0,,1,4,5,1,0,0,2,3,21,11,26.5,1,2015-16
22015,201596,Mario Chalmers,1610612763,MEM,Memphis Grizzlies,0021500695,2016-01-28,MEM vs. MIL,W,27,1,4,0.25,1,2,0.5,4,4,1.0,1,3,4,10,0,0,2,4,7,10,24.8,1,2015-16
22015,203210,JaMychal Green,1610612763,MEM,Memphis Grizzlies,0021500695,2016-01-28,MEM vs. MIL,W,5,0,1,0.0,0,0,,0,0,,0,0,0,0,0,0,1,0,0,-5,-1.0,1,2015-16
22015,2400,Drew Gooden,1610612764,WAS,Washington Wizards,0021500693,2016-01-28,WAS vs. DEN,L,12,2,4,0.5,2,3,0.667,1,2,0.5,0,2,2,0,1,0,2,1,7,-1,10.4,1,2015-16
22015,201196,Ramon Sessions,1610612764,WAS,Washington Wizards,0021500693,2016-01-28,WAS vs. DEN,L,16,3,8,0.375,0,0,,5,5,1.0,0,3,3,2,1,0,1,0,11,1,19.6,1,2015-16
22015,201143,Al Horford,1610612737,ATL,Atlanta Hawks,0021500692,2016-01-28,ATL @ IND,L,34,6,12,0.5,0,2,0.0,2,2,1.0,1,3,4,4,1,3,1,3,14,-14,35.8,1,2015-16
22015,203488,Mike Muscala,1610612737,ATL,Atlanta Hawks,0021500692,2016-01-28,ATL @ IND,L,2,0,0,,0,0,,0,0,,0,0,0,0,0,0,1,0,0,-4,-1.0,1,2015-16
22015,2570,Kendrick Perkins,1610612740,NOP,New Orleans Pelicans,0021500696,2016-01-28,NOP vs. SAC,W,6,0,0,,0,0,,0,0,,0,0,0,0,0,0,2,1,0,1,-2.0,1,2015-16
22015,201950,Jrue Holiday,1610612740,NOP,New Orleans Pelicans,0021500696,2016-01-28,NOP vs. SAC,W,34,8,24,0.333,1,4,0.25,8,8,1.0,3,2,5,8,0,0,0,3,25,10,43.0,1,2015-16
22015,203503,Tony Snell,1610612741,CHI,Chicago Bulls,0021500697,2016-01-28,CHI @ LAL,W,5,3,3,1.0,0,0,,0,0,,0,1,1,0,0,0,1,1,6,2,6.2,1,2015-16
22015,1626171,Bobby Portis,1610612741,CHI,Chicago Bulls,0021500697,2016-01-28,CHI @ LAL,W,22,1,4,0.25,0,0,,2,2,1.0,4,3,7,1,2,0,0,2,4,1,19.9,1,2015-16
22015,2749,Jameer Nelson,1610612743,DEN,Denver Nuggets,0021500693,2016-01-28,DEN @ WAS,W,17,2,5,0.4,2,4,0.5,0,0,,0,1,1,4,0,0,2,3,6,0,11.2,1,2015-16
22015,1626273,Marcelo Huertas,1610612747,LAL,Los Angeles Lakers,0021500697,2016-01-28,LAL vs. CHI,L,5,0,2,0.0,0,1,0.0,0,0,,1,1,2,3,0,0,0,0,0,-2,6.9,1,2015-16
22015,203953,Jabari Parker,1610612749,MIL,Milwaukee Bucks,0021500695,2016-01-28,MIL @ MEM,L,29,2,5,0.4,0,0,,3,4,0.75,3,5,8,0,1,0,0,2,7,-12,19.6,1,2015-16
22015,204038,Langston Galloway,1610612752,NYK,New York Knicks,0021500694,2016-01-28,NYK @ TOR,L,31,6,10,0.6,0,3,0.0,0,0,,1,3,4,2,0,2,0,3,12,-10,25.8,1,2015-16
22015,101139,CJ Miles,1610612754,IND,Indiana Pacers,0021500692,2016-01-28,IND vs. ATL,W,23,4,9,0.444,1,3,0.333,0,0,,0,3,3,2,0,0,1,5,9,7,14.6,1,2015-16
22015,201588,George Hill,1610612754,IND,Indiana Pacers,0021500692,2016-01-28,IND vs. ATL,W,37,7,9,0.778,3,4,0.75,1,2,0.5,0,8,8,3,0,0,3,1,18,11,29.1,1,2015-16
22015,203524,Solomon Hill,1610612754,IND,Indiana Pacers,0021500692,2016-01-28,IND vs. ATL,W,1,0,0,,0,0,,0,0,,0,0,0,0,0,0,0,0,0,4,0.0,1,2015-16
22015,203922,Glenn Robinson III,1610612754,IND,Indiana Pacers,0021500692,2016-01-28,IND vs. ATL,W,10,2,3,0.667,0,0,,0,0,,0,1,1,1,0,0,0,0,4,7,6.7,1,2015-16
22015,203963,Shayne Whittington,1610612754,IND,Indiana Pacers,0021500692,2016-01-28,IND vs. ATL,W,1,1,1,1.0,0,0,,0,0,,0,1,1,0,1,0,0,0,2,4,6.2,1,2015-16
22015,201585,Kosta Koufos,1610612758,SAC,Sacramento Kings,0021500696,2016-01-28,SAC @ NOP,L,7,0,2,0.0,0,0,,0,0,,0,1,1,1,0,2,0,3,0,-1,8.7,1,2015-16
22015,202341,James Anderson,1610612758,SAC,Sacramento Kings,0021500696,2016-01-28,SAC @ NOP,L,15,2,4,0.5,1,3,0.333,0,0,,0,1,1,0,1,0,1,0,5,-12,8.2,1,2015-16
22015,1626161,Willie Cauley-Stein,1610612758,SAC,Sacramento Kings,0021500696,2016-01-28,SAC @ NOP,L,15,1,2,0.5,0,0,,4,4,1.0,0,1,1,1,0,1,0,2,6,-9,11.7,1,2015-16
22015,2754,Tony Allen,1610612763,MEM,Memphis Grizzlies,0021500695,2016-01-28,MEM vs. MIL,W,28,5,9,0.556,0,1,0.0,3,3,1.0,2,5,7,0,0,1,0,3,13,16,24.4,1,2015-16
22015,203145,Kent Bazemore,1610612737,ATL,Atlanta Hawks,0021500692,2016-01-28,ATL @ IND,L,30,4,12,0.333,1,3,0.333,2,2,1.0,0,9,9,0,1,0,2,5,11,-2,22.8,1,2015-16
22015,202087,Alonzo Gee,1610612740,NOP,New Orleans Pelicans,0021500696,2016-01-28,NOP vs. SAC,W,29,3,4,0.75,0,1,0.0,4,4,1.0,0,2,2,0,5,0,1,2,10,20,26.4,1,2015-16
22015,201166,Aaron Brooks,1610612741,CHI,Chicago Bulls,0021500697,2016-01-28,CHI @ LAL,W,18,2,7,0.286,2,4,0.5,0,0,,0,2,2,1,0,1,1,2,6,9,11.9,1,2015-16
22015,200751,Randy Foye,1610612743,DEN,Denver Nuggets,0021500693,2016-01-28,DEN @ WAS,W,13,1,2,0.5,0,1,0.0,0,0,,0,1,1,2,0,1,2,0,2,-2,7.2,1,2015-16
22015,203999,Nikola Jokić,1610612743,DEN,Denver Nuggets,0021500693,2016-01-28,DEN @ WAS,W,25,7,12,0.583,0,1,0.0,1,3,0.333,5,5,10,3,1,1,0,5,15,6,37.5,1,2015-16
22015,1626144,Emmanuel Mudiay,1610612743,DEN,Denver Nuggets,0021500693,2016-01-28,DEN @ WAS,W,31,7,14,0.5,1,2,0.5,5,6,0.833,0,4,4,4,2,0,4,4,20,3,32.8,1,2015-16
22015,101138,Brandon Bass,1610612747,LAL,Los Angeles Lakers,0021500697,2016-01-28,LAL vs. CHI,L,23,2,5,0.4,0,0,,2,2,1.0,1,3,4,3,0,2,0,1,6,-3,21.3,1,2015-16
22015,201156,Nick Young,1610612747,LAL,Los Angeles Lakers,0021500697,2016-01-28,LAL vs. CHI,L,29,5,10,0.5,3,6,0.5,1,2,0.5,2,1,3,0,0,0,2,2,14,-11,15.6,1,2015-16
22015,204028,Tarik Black,1610612747,LAL,Los Angeles Lakers,0021500697,2016-01-28,LAL vs. CHI,L,5,0,2,0.0,0,0,,2,2,1.0,0,0,0,0,1,0,0,2,2,-2,5.0,1,2015-16
22015,1626148,Anthony Brown,1610612747,LAL,Los Angeles Lakers,0021500697,2016-01-28,LAL vs. CHI,L,35,3,9,0.333,1,4,0.25,0,0,,0,3,3,1,1,0,1,1,7,-16,14.1,1,2015-16
22015,203507,Giannis Antetokounmpo,1610612749,MIL,Milwaukee Bucks,0021500695,2016-01-28,MIL @ MEM,L,35,2,10,0.2,0,0,,3,4,0.75,2,5,7,3,0,0,2,4,7,-19,17.9,1,2015-16
22015,200811,Lou Amundson,1610612752,NYK,New York Knicks,0021500694,2016-01-28,NYK @ TOR,L,9,1,2,0.5,0,0,,1,3,0.333,2,0,2,0,0,1,1,3,3,-5,7.4,1,2015-16
22015,202498,Lance Thomas,1610612752,NYK,New York Knicks,0021500694,2016-01-28,NYK @ TOR,L,25,3,6,0.5,0,0,,1,1,1.0,0,2,2,0,0,1,1,1,7,-4,11.4,1,2015-16
22015,1626170,Jerian Grant,1610612752,NYK,New York Knicks,0021500694,2016-01-28,NYK @ TOR,L,25,4,8,0.5,1,2,0.5,4,9,0.444,0,4,4,6,2,0,2,2,13,-4,30.8,1,2015-16
22015,1626202,Joe Young,1610612754,IND,Indiana Pacers,0021500692,2016-01-28,IND vs. ATL,W,8,0,3,0.0,0,0,,2,2,1.0,0,1,1,1,1,0,1,1,2,7,6.7,1,2015-16
22015,202685,Jonas Valančiūnas,1610612761,TOR,Toronto Raptors,0021500694,2016-01-28,TOR vs. NYK,W,28,4,16,0.25,0,0,,3,3,1.0,8,10,18,0,0,1,0,4,11,-2,35.6,1,2015-16
22015,201144,Mike Conley,1610612763,MEM,Memphis Grizzlies,0021500695,2016-01-28,MEM vs. MIL,W,24,1,8,0.125,0,5,0.0,3,3,1.0,0,1,1,9,1,0,1,1,5,17,21.7,1,2015-16
22015,202322,John Wall,1610612764,WAS,Washington Wizards,0021500693,2016-01-28,WAS vs. DEN,L,41,5,17,0.294,2,7,0.286,5,6,0.833,2,5,7,9,4,2,3,3,17,0,53.9,1,2015-16
22015,203078,Bradley Beal,1610612764,WAS,Washington Wizards,0021500693,2016-01-28,WAS vs. DEN,L,26,7,14,0.5,1,2,0.5,2,3,0.667,0,1,1,2,1,0,4,4,17,2,20.2,1,2015-16
22015,201967,Dante Cunningham,1610612740,NOP,New Orleans Pelicans,0021500696,2016-01-28,NOP vs. SAC,W,8,0,1,0.0,0,1,0.0,0,0,,0,1,1,0,0,0,0,1,0,-4,1.2,1,2015-16
22015,203946,Cameron Bairstow,1610612741,CHI,Chicago Bulls,0021500697,2016-01-28,CHI @ LAL,W,4,1,1,1.0,0,0,,0,0,,0,2,2,1,0,0,1,2,2,3,4.9,1,2015-16
22015,201589,Darrell Arthur,1610612743,DEN,Denver Nuggets,0021500693,2016-01-28,DEN @ WAS,W,21,4,6,0.667,1,1,1.0,4,5,0.8,1,3,4,2,0,0,1,3,13,-8,19.8,1,2015-16
22015,203487,Michael Carter-Williams,1610612749,MIL,Milwaukee Bucks,0021500695,2016-01-28,MIL @ MEM,L,27,4,7,0.571,0,2,0.0,2,2,1.0,1,5,6,1,0,0,3,2,10,-11,15.7,1,2015-16
22015,1626173,Rashad Vaughn,1610612749,MIL,Milwaukee Bucks,0021500695,2016-01-28,MIL @ MEM,L,21,1,7,0.143,0,5,0.0,0,0,,0,0,0,0,1,0,0,1,2,-9,5.0,1,2015-16
22015,2756,Sasha Vujacic,1610612752,NYK,New York Knicks,0021500694,2016-01-28,NYK @ TOR,L,24,5,10,0.5,3,6,0.5,0,2,0.0,2,4,6,2,2,0,1,0,13,-11,28.2,1,2015-16
22015,201577,Robin Lopez,1610612752,NYK,New York Knicks,0021500694,2016-01-28,NYK @ TOR,L,25,3,5,0.6,0,0,,1,2,0.5,4,4,8,0,0,2,2,2,7,0,20.6,1,2015-16
22015,201158,Marco Belinelli,1610612758,SAC,Sacramento Kings,0021500696,2016-01-28,SAC @ NOP,L,20,2,8,0.25,0,3,0.0,2,2,1.0,0,1,1,0,0,0,1,0,6,-24,6.2,1,2015-16
22015,202326,DeMarcus Cousins,1610612758,SAC,Sacramento Kings,0021500696,2016-01-28,SAC @ NOP,L,41,11,24,0.458,0,1,0.0,4,6,0.667,0,10,10,6,1,5,6,2,26,-8,59.0,1,2015-16
22015,200797,Ryan Hollins,1610612763,MEM,Memphis Grizzlies,0021500695,2016-01-28,MEM vs. MIL,W,18,2,4,0.5,0,0,,1,2,0.5,2,2,4,1,0,1,0,4,5,2,14.3,1,2015-16
22015,101162,Marcin Gortat,1610612764,WAS,Washington Wizards,0021500693,2016-01-28,WAS vs. DEN,L,29,5,8,0.625,0,0,,2,2,1.0,4,6,10,1,0,2,2,3,12,-4,29.5,1,2015-16
22015,1626162,Kelly Oubre Jr.,1610612764,WAS,Washington Wizards,0021500693,2016-01-28,WAS vs. DEN,L,7,0,1,0.0,0,1,0.0,0,0,,0,0,0,0,0,1,0,2,0,-2,3.0,1,2015-16
22015,202340,Avery Bradley,1610612738,BOS,Boston Celtics,0021500698,2016-01-29,BOS vs. ORL,W,33,3,9,0.333,0,4,0.0,0,0,,0,2,2,1,1,0,0,3,6,19,12.9,1,2015-16
22015,202684,Tristan Thompson,1610612739,CLE,Cleveland Cavaliers,0021500699,2016-01-29,CLE @ DET,W,31,3,5,0.6,0,0,,5,5,1.0,3,11,14,0,0,1,1,2,11,16,29.8,1,2015-16
22015,2772,Trevor Ariza,1610612745,HOU,Houston Rockets,0021500701,2016-01-29,HOU @ OKC,L,41,3,12,0.25,2,9,0.222,0,0,,1,5,6,5,5,1,1,2,8,-8,39.7,1,2015-16
22015,201977,Marcus Thornton,1610612745,HOU,Houston Rockets,0021500701,2016-01-29,HOU @ OKC,L,10,1,5,0.2,0,3,0.0,0,0,,3,1,4,2,1,0,0,0,2,4,12.8,1,2015-16
22015,200755,JJ Redick,1610612746,LAC,LA Clippers,0021500706,2016-01-29,LAC vs. LAL,W,22,2,10,0.2,1,6,0.167,2,3,0.667,0,1,1,2,1,0,0,2,7,-5,14.2,1,2015-16
22015,201601,Luc Mbah a Moute,1610612746,LAC,LA Clippers,0021500706,2016-01-29,LAC vs. LAL,W,18,0,2,0.0,0,0,,0,0,,0,2,2,0,1,1,0,2,0,-8,8.4,1,2015-16
22015,201965,Jeff Ayres,1610612746,LAC,LA Clippers,0021500706,2016-01-29,LAC vs. LAL,W,2,0,0,,0,0,,0,0,,0,0,0,0,0,2,0,0,0,-2,6.0,1,2015-16
22015,202362,Lance Stephenson,1610612746,LAC,LA Clippers,0021500706,2016-01-29,LAC vs. LAL,W,22,6,7,0.857,2,2,1.0,2,2,1.0,0,5,5,2,1,1,1,2,16,7,30.0,1,2015-16
22015,203903,Jordan Clarkson,1610612747,LAL,Los Angeles Lakers,0021500706,2016-01-29,LAL @ LAC,L,36,7,16,0.438,0,3,0.0,3,3,1.0,2,6,8,2,0,0,3,3,17,7,26.6,1,2015-16
22015,2405,Amar'e Stoudemire,1610612748,MIA,Miami Heat,0021500703,2016-01-29,MIA @ MIL,W,24,6,9,0.667,0,0,,0,0,,2,6,8,0,0,2,0,3,12,-2,27.6,1,2015-16
22015,2547,Chris Bosh,1610612748,MIA,Miami Heat,0021500703,2016-01-29,MIA @ MIL,W,35,5,11,0.455,2,5,0.4,8,9,0.889,1,5,6,5,1,1,2,2,20,2,38.7,1,2015-16
22015,1626159,Justise Winslow,1610612748,MIA,Miami Heat,0021500703,2016-01-29,MIA @ MIL,W,33,2,5,0.4,0,1,0.0,2,2,1.0,1,3,4,2,0,0,1,3,6,5,12.8,1,2015-16
22015,203487,Michael Carter-Williams,1610612749,MIL,Milwaukee Bucks,0021500703,2016-01-29,MIL vs. MIA,L,26,4,9,0.444,0,1,0.0,1,2,0.5,1,7,8,6,2,0,2,5,9,-2,31.6,1,2015-16
22015,201937,Ricky Rubio,1610612750,MIN,Minnesota Timberwolves,0021500704,2016-01-29,MIN @ UTA,L,30,0,6,0.0,0,2,0.0,3,4,0.75,0,2,2,8,2,0,1,2,3,5,22.4,1,2015-16
22015,203897,Zach LaVine,1610612750,MIN,Minnesota Timberwolves,0021500704,2016-01-29,MIN @ UTA,L,31,9,12,0.75,0,0,,1,2,0.5,0,1,1,3,0,0,3,4,19,-14,21.7,1,2015-16
22015,200745,Andrea Bargnani,1610612751,BKN,Brooklyn Nets,0021500702,2016-01-29,BKN @ DAL,L,11,1,4,0.25,0,0,,0,0,,1,3,4,0,0,0,1,2,2,-18,5.8,1,2015-16
22015,200811,Lou Amundson,1610612752,NYK,New York Knicks,0021500700,2016-01-29,NYK vs. PHX,W,6,0,0,,0,0,,0,0,,0,1,1,0,0,0,1,1,0,-7,0.2,1,2015-16
22015,203124,Kyle O'Quinn,1610612752,NYK,New York Knicks,0021500700,2016-01-29,NYK vs. PHX,W,15,2,5,0.4,0,1,0.0,0,0,,0,3,3,2,0,4,2,0,4,0,20.6,1,2015-16
22015,204001,Kristaps Porziņģis,1610612752,NYK,New York Knicks,0021500700,2016-01-29,NYK vs. PHX,W,24,3,8,0.375,0,1,0.0,1,2,0.5,2,5,7,3,2,1,0,2,7,19,28.9,1,2015-16
22015,202699,Tobias Harris,1610612753,ORL,Orlando Magic,0021500698,2016-01-29,ORL @ BOS,L,28,3,12,0.25,2,4,0.5,2,2,1.0,2,5,7,0,0,0,2,2,10,-9,16.4,1,2015-16
22015,203895,Jordan McRae,1610612756,PHX,Phoenix Suns,0021500700,2016-01-29,PHX @ NYK,L,25,4,9,0.444,1,2,0.5,3,4,0.75,0,2,2,4,1,0,2,2,12,2,21.4,1,2015-16
22015,202334,Ed Davis,1610612757,POR,Portland Trail Blazers,0021500705,2016-01-29,POR vs. CHA,W,19,1,1,1.0,0,0,,1,2,0.5,0,4,4,0,0,0,0,2,3,6,7.8,1,2015-16
22015,203459,Allen Crabbe,1610612757,POR,Portland Trail Blazers,0021500705,2016-01-29,POR vs. CHA,W,32,7,15,0.467,2,6,0.333,4,4,1.0,1,2,3,1,1,0,2,3,20,25,26.1,1,2015-16
22015,201627,Anthony Morrow,1610612760,OKC,Oklahoma City Thunder,0021500701,2016-01-29,OKC vs. HOU,W,10,2,5,0.4,2,4,0.5,0,0,,0,1,1,0,0,0,0,1,6,-3,7.2,1,2015-16
22015,202683,Enes Freedom,1610612760,OKC,Oklahoma City Thunder,0021500701,2016-01-29,OKC vs. HOU,W,26,9,16,0.563,0,0,,4,4,1.0,4,6,10,0,2,1,2,4,22,6,41.0,1,2015-16
22015,203504,Trey Burke,1610612762,UTA,Utah Jazz,0021500704,2016-01-29,UTA vs. MIN,W,19,4,11,0.364,4,10,0.4,0,0,,0,1,1,1,2,0,0,1,12,10,20.7,1,2015-16
22015,203918,Rodney Hood,1610612762,UTA,Utah Jazz,0021500704,2016-01-29,UTA vs. MIN,W,37,8,16,0.5,2,6,0.333,4,4,1.0,0,1,1,4,1,0,2,3,22,14,30.2,1,2015-16
22015,201202,Joel Anthony,1610612765,DET,Detroit Pistons,0021500699,2016-01-29,DET vs. CLE,L,2,0,0,,0,0,,0,0,,1,0,1,0,0,0,0,1,0,4,1.2,1,2015-16
22015,203382,Aron Baynes,1610612765,DET,Detroit Pistons,0021500699,2016-01-29,DET vs. CLE,L,11,2,2,1.0,0,0,,0,0,,1,4,5,0,0,0,1,3,4,9,9.0,1,2015-16
22015,203484,Kentavious Caldwell-Pope,1610612765,DET,Detroit Pistons,0021500699,2016-01-29,DET vs. CLE,L,35,7,15,0.467,2,4,0.5,3,3,1.0,3,4,7,2,1,1,0,2,19,-14,36.4,1,2015-16
22015,202689,Kemba Walker,1610612766,CHA,Charlotte Hornets,0021500705,2016-01-29,CHA @ POR,L,24,4,13,0.308,2,6,0.333,4,4,1.0,1,2,3,4,4,0,3,0,14,-3,32.6,1,2015-16
22015,101161,Amir Johnson,1610612738,BOS,Boston Celtics,0021500698,2016-01-29,BOS vs. ORL,W,21,2,3,0.667,0,0,,1,2,0.5,3,4,7,1,0,1,0,4,5,-4,17.9,1,2015-16
22015,203096,Jared Sullinger,1610612738,BOS,Boston Celtics,0021500698,2016-01-29,BOS vs. ORL,W,21,5,10,0.5,0,0,,1,1,1.0,1,10,11,1,0,2,1,1,11,-4,30.7,1,2015-16
22015,1626154,RJ Hunter,1610612738,BOS,Boston Celtics,0021500698,2016-01-29,BOS vs. ORL,W,3,0,1,0.0,0,1,0.0,0,0,,0,2,2,0,0,0,0,0,0,-3,2.4,1,2015-16
22015,2210,Richard Jefferson,1610612739,CLE,Cleveland Cavaliers,0021500699,2016-01-29,CLE @ DET,W,12,0,2,0.0,0,2,0.0,0,0,,0,0,0,0,1,0,0,4,0,-9,3.0,1,2015-16
22015,2544,LeBron James,1610612739,CLE,Cleveland Cavaliers,0021500699,2016-01-29,CLE @ DET,W,36,7,16,0.438,0,2,0.0,6,7,0.857,1,8,9,8,1,0,1,3,20,19,44.8,1,2015-16
22015,1717,Dirk Nowitzki,1610612742,DAL,Dallas Mavericks,0021500702,2016-01-29,DAL vs. BKN,W,29,6,13,0.462,0,2,0.0,0,0,,1,7,8,0,2,4,1,2,12,2,38.6,1,2015-16
22015,202083,Wesley Matthews,1610612742,DAL,Dallas Mavericks,0021500702,2016-01-29,DAL vs. BKN,W,34,1,4,0.25,0,2,0.0,0,0,,1,4,5,3,0,0,0,1,2,7,12.5,1,2015-16
22015,201935,James Harden,1610612745,HOU,Houston Rockets,0021500701,2016-01-29,HOU @ OKC,L,39,8,22,0.364,2,7,0.286,15,17,0.882,0,7,7,7,2,1,3,2,33,-6,57.9,1,2015-16
22015,201976,Patrick Beverley,1610612745,HOU,Houston Rockets,0021500701,2016-01-29,HOU @ OKC,L,29,3,12,0.25,2,7,0.286,1,2,0.5,3,2,5,3,4,1,1,3,9,-5,33.5,1,2015-16
22015,203093,Terrence Jones,1610612745,HOU,Houston Rockets,0021500701,2016-01-29,HOU @ OKC,L,14,1,3,0.333,0,2,0.0,2,2,1.0,0,2,2,0,0,0,1,0,4,-13,5.4,1,2015-16
22015,201599,DeAndre Jordan,1610612746,LAC,LA Clippers,0021500706,2016-01-29,LAC vs. LAL,W,32,2,3,0.667,0,0,,2,4,0.5,3,14,17,1,1,1,2,4,6,21,31.9,1,2015-16
22015,101138,Brandon Bass,1610612747,LAL,Los Angeles Lakers,0021500706,2016-01-29,LAL @ LAC,L,20,4,7,0.571,0,0,,0,0,,2,4,6,0,1,0,3,2,8,-14,15.2,1,2015-16
22015,201579,Roy Hibbert,1610612747,LAL,Los Angeles Lakers,0021500706,2016-01-29,LAL @ LAC,L,28,5,12,0.417,0,0,,2,4,0.5,2,3,5,2,1,2,1,3,12,2,29.0,1,2015-16
22015,2736,Luol Deng,1610612748,MIA,Miami Heat,0021500703,2016-01-29,MIA @ MIL,W,33,5,11,0.455,2,4,0.5,4,4,1.0,2,5,7,0,1,1,1,5,16,1,29.4,1,2015-16
22015,201609,Goran Dragic,1610612748,MIA,Miami Heat,0021500703,2016-01-29,MIA @ MIL,W,32,5,8,0.625,1,2,0.5,1,2,0.5,0,1,1,8,1,0,4,4,12,0,24.2,1,2015-16
22015,203898,Tyler Ennis,1610612749,MIL,Milwaukee Bucks,0021500703,2016-01-29,MIL vs. MIA,L,6,0,0,,0,0,,0,0,,0,2,2,1,0,0,2,2,0,0,1.9,1,2015-16
22015,203476,Gorgui Dieng,1610612750,MIN,Minnesota Timberwolves,0021500704,2016-01-29,MIN @ UTA,L,39,7,12,0.583,0,0,,6,9,0.667,7,8,15,2,2,0,0,2,20,0,47.0,1,2015-16
22015,2207,Joe Johnson,1610612751,BKN,Brooklyn Nets,0021500702,2016-01-29,BKN @ DAL,L,38,3,8,0.375,0,4,0.0,7,7,1.0,0,3,3,4,0,0,0,2,13,6,22.6,1,2015-16
22015,202498,Lance Thomas,1610612752,NYK,New York Knicks,0021500700,2016-01-29,NYK vs. PHX,W,19,3,4,0.75,0,0,,2,2,1.0,0,2,2,0,0,0,0,2,8,-2,10.4,1,2015-16
22015,101112,Channing Frye,1610612753,ORL,Orlando Magic,0021500698,2016-01-29,ORL @ BOS,L,10,1,1,1.0,0,0,,0,0,,0,2,2,0,1,1,2,0,2,-9,8.4,1,2015-16
22015,201160,Jason Smith,1610612753,ORL,Orlando Magic,0021500698,2016-01-29,ORL @ BOS,L,11,3,6,0.5,0,0,,0,0,,1,0,1,0,1,0,2,3,6,-11,8.2,1,2015-16
22015,203506,Victor Oladipo,1610612753,ORL,Orlando Magic,0021500698,2016-01-29,ORL @ BOS,L,28,2,6,0.333,0,2,0.0,7,9,0.778,1,2,3,2,1,0,0,0,11,-15,20.6,1,2015-16
22015,1626209,Mario Hezonja,1610612753,ORL,Orlando Magic,0021500698,2016-01-29,ORL @ BOS,L,21,1,2,0.5,0,0,,0,0,,0,1,1,1,1,1,2,2,2,-9,8.7,1,2015-16
22015,201603,Sonny Weems,1610612756,PHX,Phoenix Suns,0021500700,2016-01-29,PHX @ NYK,L,15,2,3,0.667,2,3,0.667,0,0,,0,0,0,2,0,0,1,0,6,-4,8.0,1,2015-16
22015,1626164,Devin Booker,1610612756,PHX,Phoenix Suns,0021500700,2016-01-29,PHX @ NYK,L,27,8,15,0.533,3,6,0.5,2,3,0.667,0,0,0,3,0,0,1,5,21,-16,24.5,1,2015-16
22015,202329,Al-Farouq Aminu,1610612757,POR,Portland Trail Blazers,0021500705,2016-01-29,POR vs. CHA,W,32,7,13,0.538,1,2,0.5,2,2,1.0,3,9,12,1,2,0,0,4,17,11,38.9,1,2015-16
22015,203486,Mason Plumlee,1610612757,POR,Portland Trail Blazers,0021500705,2016-01-29,POR vs. CHA,W,29,6,10,0.6,0,0,,1,1,1.0,6,6,12,5,2,2,3,4,13,12,43.9,1,2015-16
22015,201142,Kevin Durant,1610612760,OKC,Oklahoma City Thunder,0021500701,2016-01-29,OKC vs. HOU,W,40,11,18,0.611,2,5,0.4,9,9,1.0,1,11,12,3,1,1,4,3,33,10,53.9,1,2015-16
22015,202324,Derrick Favors,1610612762,UTA,Utah Jazz,0021500704,2016-01-29,UTA vs. MIN,W,35,9,16,0.563,0,0,,2,3,0.667,2,7,9,1,0,1,1,4,20,13,34.3,1,2015-16
22015,202330,Gordon Hayward,1610612762,UTA,Utah Jazz,0021500704,2016-01-29,UTA vs. MIN,W,35,4,9,0.444,1,4,0.25,3,3,1.0,1,4,5,2,0,0,2,3,12,-1,19.0,1,2015-16
22015,203481,Jeff Withey,1610612762,UTA,Utah Jazz,0021500704,2016-01-29,UTA vs. MIN,W,3,0,1,0.0,0,1,0.0,0,0,,0,0,0,1,0,0,0,1,0,2,1.5,1,2015-16
22015,203526,Raul Neto,1610612762,UTA,Utah Jazz,0021500704,2016-01-29,UTA vs. MIN,W,25,3,5,0.6,1,1,1.0,2,2,1.0,0,1,1,6,0,0,1,0,9,-1,18.2,1,2015-16
22015,204060,Joe Ingles,1610612762,UTA,Utah Jazz,0021500704,2016-01-29,UTA vs. MIN,W,15,1,2,0.5,1,2,0.5,0,0,,1,1,2,3,1,0,0,3,3,12,12.9,1,2015-16
22015,201229,Anthony Tolliver,1610612765,DET,Detroit Pistons,0021500699,2016-01-29,DET vs. CLE,L,21,2,5,0.4,2,5,0.4,2,2,1.0,1,3,4,3,0,0,0,1,8,-3,17.3,1,2015-16
22015,1626199,Darrun Hilliard,1610612765,DET,Detroit Pistons,0021500699,2016-01-29,DET vs. CLE,L,0,0,0,,0,0,,0,0,,0,0,0,0,0,0,0,0,0,2,0.0,1,2015-16
22015,101107,Marvin Williams,1610612766,CHA,Charlotte Hornets,0021500705,2016-01-29,CHA @ POR,L,34,8,14,0.571,4,7,0.571,0,3,0.0,3,6,9,0,1,1,1,1,20,4,35.8,1,2015-16
22015,201587,Nicolas Batum,1610612766,CHA,Charlotte Hornets,0021500705,2016-01-29,CHA @ POR,L,40,1,11,0.091,1,4,0.25,0,0,,1,3,4,8,1,1,6,2,3,-14,19.8,1,2015-16
22015,203077,Michael Kidd-Gilchrist,1610612766,CHA,Charlotte Hornets,0021500705,2016-01-29,CHA @ POR,L,34,5,8,0.625,0,0,,3,6,0.5,1,6,7,1,0,0,2,0,13,-2,20.9,1,2015-16
22015,203584,Troy Daniels,1610612766,CHA,Charlotte Hornets,0021500705,2016-01-29,CHA @ POR,L,8,2,2,1.0,1,1,1.0,0,0,,0,0,0,0,0,0,2,2,5,-4,3.0,1,2015-16
22015,203798,PJ Hairston,1610612766,CHA,Charlotte Hornets,0021500705,2016-01-29,CHA @ POR,L,14,0,2,0.0,0,1,0.0,0,0,,0,2,2,0,0,1,1,0,0,-16,4.4,1,2015-16
22015,203092,Tyler Zeller,1610612738,BOS,Boston Celtics,0021500698,2016-01-29,BOS vs. ORL,W,6,1,4,0.25,0,0,,0,0,,0,0,0,0,0,0,0,0,2,-7,2.0,1,2015-16
22015,203935,Marcus Smart,1610612738,BOS,Boston Celtics,0021500698,2016-01-29,BOS vs. ORL,W,28,5,9,0.556,3,5,0.6,3,5,0.6,1,1,2,4,3,1,2,3,16,24,34.4,1,2015-16
22015,201567,Kevin Love,1610612739,CLE,Cleveland Cavaliers,0021500699,2016-01-29,CLE @ DET,W,37,9,19,0.474,5,7,0.714,6,6,1.0,0,6,6,3,0,0,0,3,29,17,40.7,1,2015-16
22015,203099,Jared Cunningham,1610612739,CLE,Cleveland Cavaliers,0021500699,2016-01-29,CLE @ DET,W,2,0,0,,0,0,,0,0,,0,0,0,0,0,0,0,1,0,-7,0.0,1,2015-16
22015,203521,Matthew Dellavedova,1610612739,CLE,Cleveland Cavaliers,0021500699,2016-01-29,CLE @ DET,W,21,1,4,0.25,1,1,1.0,2,2,1.0,2,1,3,4,1,0,1,3,5,-9,16.6,1,2015-16
22015,101109,Raymond Felton,1610612742,DAL,Dallas Mavericks,0021500702,2016-01-29,DAL vs. BKN,W,25,4,7,0.571,0,0,,1,2,0.5,0,1,1,3,1,0,2,0,9,23,15.7,1,2015-16
22015,1626257,Salah Mejri,1610612742,DAL,Dallas Mavericks,0021500702,2016-01-29,DAL vs. BKN,W,9,2,3,0.667,0,0,,3,4,0.75,3,0,3,0,0,0,0,2,7,1,10.6,1,2015-16
22015,2730,Dwight Howard,1610612745,HOU,Houston Rockets,0021500701,2016-01-29,HOU @ OKC,L,21,2,6,0.333,0,0,,4,15,0.267,3,5,8,1,2,1,2,1,8,-8,26.1,1,2015-16
22015,2746,Josh Smith,1610612745,HOU,Houston Rockets,0021500701,2016-01-29,HOU @ OKC,L,15,4,9,0.444,2,4,0.5,0,0,,0,1,1,0,0,1,1,2,10,2,13.2,1,2015-16
22015,201147,Corey Brewer,1610612745,HOU,Houston Rockets,0021500701,2016-01-29,HOU @ OKC,L,30,7,15,0.467,0,5,0.0,3,4,0.75,0,2,2,1,0,1,1,2,17,-7,22.9,1,2015-16
22015,203991,Clint Capela,1610612745,HOU,Houston Rockets,0021500701,2016-01-29,HOU @ OKC,L,23,5,7,0.714,0,0,,2,3,0.667,0,3,3,0,0,1,0,5,12,8,18.6,1,2015-16
22015,203085,Austin Rivers,1610612746,LAC,LA Clippers,0021500706,2016-01-29,LAC vs. LAL,W,26,8,14,0.571,1,4,0.25,0,1,0.0,1,1,2,1,2,2,1,4,17,17,31.9,1,2015-16
22015,1626148,Anthony Brown,1610612747,LAL,Los Angeles Lakers,0021500706,2016-01-29,LAL @ LAC,L,34,1,5,0.2,1,3,0.333,2,2,1.0,0,4,4,3,0,1,0,3,5,-8,17.3,1,2015-16
22015,201177,Josh McRoberts,1610612748,MIA,Miami Heat,0021500703,2016-01-29,MIA @ MIL,W,16,1,3,0.333,0,0,,0,0,,0,1,1,2,1,1,2,3,2,8,10.2,1,2015-16
22015,203953,Jabari Parker,1610612749,MIL,Milwaukee Bucks,0021500703,2016-01-29,MIL vs. MIA,L,39,7,13,0.538,0,0,,3,3,1.0,3,2,5,1,1,1,4,2,17,-8,26.5,1,2015-16
22015,2419,Tayshaun Prince,1610612750,MIN,Minnesota Timberwolves,0021500704,2016-01-29,MIN @ UTA,L,26,0,3,0.0,0,1,0.0,0,0,,0,2,2,1,0,1,1,2,0,-8,5.9,1,2015-16
22015,203952,Andrew Wiggins,1610612750,MIN,Minnesota Timberwolves,0021500704,2016-01-29,MIN @ UTA,L,36,2,11,0.182,0,0,,1,2,0.5,0,0,0,0,2,0,0,2,5,0,11.0,1,2015-16
22015,201152,Thaddeus Young,1610612751,BKN,Brooklyn Nets,0021500702,2016-01-29,BKN @ DAL,L,41,4,13,0.308,0,0,,3,4,0.75,2,8,10,1,5,0,2,0,11,0,37.5,1,2015-16
22015,201961,Wayne Ellington,1610612751,BKN,Brooklyn Nets,0021500702,2016-01-29,BKN @ DAL,L,31,5,11,0.455,2,6,0.333,0,0,,1,5,6,0,1,0,0,2,12,-9,22.2,1,2015-16
22015,203508,Sergey Karasev,1610612751,BKN,Brooklyn Nets,0021500702,2016-01-29,BKN @ DAL,L,4,0,1,0.0,0,0,,0,0,,1,0,1,0,0,0,0,0,0,-10,1.2,1,2015-16
22015,203900,Markel Brown,1610612751,BKN,Brooklyn Nets,0021500702,2016-01-29,BKN @ DAL,L,1,0,0,,0,0,,0,0,,0,0,0,0,0,0,0,0,0,0,0.0,1,2015-16
22015,2546,Carmelo Anthony,1610612752,NYK,New York Knicks,0021500700,2016-01-29,NYK vs. PHX,W,30,5,14,0.357,2,3,0.667,7,7,1.0,1,9,10,8,4,0,2,2,19,33,53.0,1,2015-16
22015,2756,Sasha Vujacic,1610612752,NYK,New York Knicks,0021500700,2016-01-29,NYK vs. PHX,W,22,3,9,0.333,1,3,0.333,0,0,,0,2,2,1,2,0,1,4,7,-3,15.9,1,2015-16
22015,1626170,Jerian Grant,1610612752,NYK,New York Knicks,0021500700,2016-01-29,NYK vs. PHX,W,21,2,7,0.286,0,0,,0,0,,1,2,3,2,0,0,0,1,4,-7,10.6,1,2015-16
22015,202696,Nikola Vučević,1610612753,ORL,Orlando Magic,0021500698,2016-01-29,ORL @ BOS,L,30,4,11,0.364,0,0,,6,6,1.0,2,6,8,4,0,1,2,1,14,-14,30.6,1,2015-16
22015,203094,Andrew Nicholson,1610612753,ORL,Orlando Magic,0021500698,2016-01-29,ORL @ BOS,L,7,0,3,0.0,0,1,0.0,2,2,1.0,0,2,2,0,0,1,0,0,2,6,7.4,1,2015-16
22015,203473,Dewayne Dedmon,1610612753,ORL,Orlando Magic,0021500698,2016-01-29,ORL @ BOS,L,7,1,2,0.5,0,0,,0,0,,0,2,2,0,0,0,0,0,2,6,4.4,1,2015-16
22015,203894,Shabazz Napier,1610612753,ORL,Orlando Magic,0021500698,2016-01-29,ORL @ BOS,L,18,5,8,0.625,3,6,0.5,0,2,0.0,0,2,2,3,1,0,2,1,13,-8,20.9,1,2015-16
22015,203932,Aaron Gordon,1610612753,ORL,Orlando Magic,0021500698,2016-01-29,ORL @ BOS,L,26,3,9,0.333,2,4,0.5,4,4,1.0,3,6,9,2,1,0,2,2,12,-16,26.8,1,2015-16
22015,202720,Jon Leuer,1610612756,PHX,Phoenix Suns,0021500700,2016-01-29,PHX @ NYK,L,12,0,3,0.0,0,1,0.0,0,0,,0,4,4,0,0,0,0,0,0,2,4.8,1,2015-16
22015,203458,Alex Len,1610612756,PHX,Phoenix Suns,0021500700,2016-01-29,PHX @ NYK,L,17,3,5,0.6,0,0,,0,1,0.0,3,4,7,0,0,1,4,3,6,-13,13.4,1,2015-16
22015,203933,T.J. Warren,1610612756,PHX,Phoenix Suns,0021500700,2016-01-29,PHX @ NYK,L,20,5,9,0.556,1,2,0.5,1,2,0.5,1,1,2,1,0,0,0,1,12,-2,15.9,1,2015-16
22015,201566,Russell Westbrook,1610612760,OKC,Oklahoma City Thunder,0021500701,2016-01-29,OKC vs. HOU,W,37,9,21,0.429,1,2,0.5,7,10,0.7,1,9,10,14,1,1,8,3,26,6,57.0,1,2015-16
22015,201571,D.J. Augustin,1610612760,OKC,Oklahoma City Thunder,0021500701,2016-01-29,OKC vs. HOU,W,18,1,2,0.5,1,1,1.0,0,0,,0,5,5,5,0,0,0,3,3,7,16.5,1,2015-16
22015,203079,Dion Waiters,1610612760,OKC,Oklahoma City Thunder,0021500701,2016-01-29,OKC vs. HOU,W,32,6,9,0.667,2,4,0.5,2,2,1.0,1,1,2,0,1,0,1,4,16,6,20.4,1,2015-16
22015,203187,Chris Johnson,1610612762,UTA,Utah Jazz,0021500704,2016-01-29,UTA vs. MIN,W,13,0,0,,0,0,,0,0,,0,1,1,1,0,0,1,1,0,5,1.7,1,2015-16
22015,202694,Marcus Morris Sr.,1610612765,DET,Detroit Pistons,0021500699,2016-01-29,DET vs. CLE,L,30,4,10,0.4,1,4,0.25,5,5,1.0,0,2,2,2,1,0,1,4,14,-11,21.4,1,2015-16
22015,203083,Andre Drummond,1610612765,DET,Detroit Pistons,0021500699,2016-01-29,DET vs. CLE,L,35,9,14,0.643,0,0,,2,8,0.25,1,7,8,0,1,3,0,4,20,-21,41.6,1,2015-16
22015,202323,Evan Turner,1610612738,BOS,Boston Celtics,0021500698,2016-01-29,BOS vs. ORL,W,25,5,7,0.714,0,0,,5,5,1.0,0,2,2,8,2,0,3,1,15,25,32.4,1,2015-16
22015,202738,Isaiah Thomas,1610612738,BOS,Boston Celtics,0021500698,2016-01-29,BOS vs. ORL,W,27,5,14,0.357,0,3,0.0,4,4,1.0,0,0,0,8,0,0,4,3,14,4,22.0,1,2015-16
22015,203923,James Young,1610612738,BOS,Boston Celtics,0021500698,2016-01-29,BOS vs. ORL,W,6,0,2,0.0,0,0,,0,0,,0,2,2,0,1,0,0,0,0,-6,5.4,1,2015-16
22015,2592,James Jones,1610612739,CLE,Cleveland Cavaliers,0021500699,2016-01-29,CLE @ DET,W,2,0,0,,0,0,,0,0,,0,0,0,0,0,0,0,0,0,-7,0.0,1,2015-16
22015,202681,Kyrie Irving,1610612739,CLE,Cleveland Cavaliers,0021500699,2016-01-29,CLE @ DET,W,32,11,19,0.579,0,3,0.0,6,7,0.857,0,4,4,2,1,0,1,2,28,13,37.8,1,2015-16
22015,101114,Deron Williams,1610612742,DAL,Dallas Mavericks,0021500702,2016-01-29,DAL vs. BKN,W,32,3,14,0.214,1,5,0.2,1,1,1.0,0,2,2,6,1,0,1,3,8,3,21.4,1,2015-16
22015,200826,J.J. Barea,1610612742,DAL,Dallas Mavericks,0021500702,2016-01-29,DAL vs. BKN,W,25,5,10,0.5,3,3,1.0,0,2,0.0,0,3,3,3,1,0,1,3,13,5,23.1,1,2015-16
22015,203939,Dwight Powell,1610612742,DAL,Dallas Mavericks,0021500702,2016-01-29,DAL vs. BKN,W,1,0,0,,0,0,,0,0,,0,0,0,0,0,0,0,0,0,0,0.0,1,2015-16
22015,202332,Cole Aldrich,1610612746,LAC,LA Clippers,0021500706,2016-01-29,LAC vs. LAL,W,13,1,1,1.0,0,0,,4,6,0.667,0,4,4,1,0,1,0,2,6,-7,15.3,1,2015-16
22015,203143,Pablo Prigioni,1610612746,LAC,LA Clippers,0021500706,2016-01-29,LAC vs. LAL,W,17,0,1,0.0,0,1,0.0,0,0,,1,1,2,1,0,0,2,1,0,4,1.9,1,2015-16
22015,101150,Lou Williams,1610612747,LAL,Los Angeles Lakers,0021500706,2016-01-29,LAL @ LAC,L,35,2,6,0.333,0,0,,7,10,0.7,1,5,6,4,2,1,1,2,11,-13,32.2,1,2015-16
22015,201156,Nick Young,1610612747,LAL,Los Angeles Lakers,0021500706,2016-01-29,LAL @ LAC,L,14,1,4,0.25,1,3,0.333,2,2,1.0,0,2,2,2,0,0,0,1,5,-4,10.4,1,2015-16
22015,1626156,D'Angelo Russell,1610612747,LAL,Los Angeles Lakers,0021500706,2016-01-29,LAL @ LAC,L,25,3,10,0.3,2,3,0.667,0,0,,0,2,2,5,1,0,2,2,8,-18,18.9,1,2015-16
22015,1626204,Larry Nance Jr.,1610612747,LAL,Los Angeles Lakers,0021500706,2016-01-29,LAL @ LAC,L,13,2,2,1.0,0,0,,0,0,,0,1,1,0,0,0,1,2,4,-11,4.2,1,2015-16
22015,101123,Gerald Green,1610612748,MIA,Miami Heat,0021500703,2016-01-29,MIA @ MIL,W,20,4,10,0.4,1,4,0.25,1,2,0.5,1,1,2,1,3,1,0,1,10,1,25.9,1,2015-16
22015,1626173,Rashad Vaughn,1610612749,MIL,Milwaukee Bucks,0021500703,2016-01-29,MIL vs. MIA,L,11,3,4,0.75,2,3,0.667,0,0,,0,1,1,0,0,0,1,1,8,-7,8.2,1,2015-16
22015,201593,Nikola Pekovic,1610612750,MIN,Minnesota Timberwolves,0021500704,2016-01-29,MIN @ UTA,L,11,0,1,0.0,0,0,,0,0,,0,1,1,1,1,0,1,0,0,-13,4.7,1,2015-16
22015,1626157,Karl-Anthony Towns,1610612750,MIN,Minnesota Timberwolves,0021500704,2016-01-29,MIN @ UTA,L,36,13,17,0.765,1,2,0.5,5,5,1.0,5,7,12,1,1,1,5,1,32,0,48.9,1,2015-16
22015,201572,Brook Lopez,1610612751,BKN,Brooklyn Nets,0021500702,2016-01-29,BKN @ DAL,L,37,10,21,0.476,0,0,,8,11,0.727,4,8,12,3,2,2,2,4,28,3,56.9,1,2015-16
22015,202388,Donald Sloan,1610612751,BKN,Brooklyn Nets,0021500702,2016-01-29,BKN @ DAL,L,35,5,11,0.455,2,5,0.4,1,1,1.0,0,2,2,4,2,0,2,0,13,4,25.4,1,2015-16
22015,202711,Bojan Bogdanovic,1610612751,BKN,Brooklyn Nets,0021500702,2016-01-29,BKN @ DAL,L,19,0,4,0.0,0,3,0.0,0,0,,0,1,1,0,0,0,0,2,0,-24,1.2,1,2015-16
22015,201167,Arron Afflalo,1610612752,NYK,New York Knicks,0021500700,2016-01-29,NYK vs. PHX,W,29,6,13,0.462,2,6,0.333,3,3,1.0,0,1,1,3,1,0,1,2,17,17,24.7,1,2015-16
22015,2199,Tyson Chandler,1610612756,PHX,Phoenix Suns,0021500700,2016-01-29,PHX @ NYK,L,21,1,2,0.5,0,0,,0,0,,3,9,12,1,0,0,0,0,2,-25,17.9,1,2015-16
22015,202693,Markieff Morris,1610612756,PHX,Phoenix Suns,0021500700,2016-01-29,PHX @ NYK,L,29,3,9,0.333,0,3,0.0,0,0,,0,5,5,2,2,1,3,3,6,2,21.0,1,2015-16
22015,203468,CJ McCollum,1610612757,POR,Portland Trail Blazers,0021500705,2016-01-29,POR vs. CHA,W,34,7,16,0.438,1,3,0.333,2,2,1.0,1,4,5,5,0,0,1,1,17,9,29.5,1,2015-16
22015,203500,Steven Adams,1610612760,OKC,Oklahoma City Thunder,0021500701,2016-01-29,OKC vs. HOU,W,24,1,3,0.333,0,0,,3,4,0.75,2,8,10,0,1,2,0,2,5,2,26.0,1,2015-16
22015,202344,Trevor Booker,1610612762,UTA,Utah Jazz,0021500704,2016-01-29,UTA vs. MIN,W,23,5,7,0.714,1,1,1.0,0,0,,1,7,8,2,2,2,4,2,11,19,31.6,1,2015-16
22015,201150,Spencer Hawes,1610612766,CHA,Charlotte Hornets,0021500705,2016-01-29,CHA @ POR,L,25,2,6,0.333,1,3,0.333,0,0,,0,5,5,4,1,0,0,3,5,-17,20.0,1,2015-16
22015,203148,Brian Roberts,1610612766,CHA,Charlotte Hornets,0021500705,2016-01-29,CHA @ POR,L,24,6,15,0.4,1,4,0.25,4,5,0.8,1,1,2,0,0,0,1,2,17,-15,18.4,1,2015-16
22015,1626163,Frank Kaminsky,1610612766,CHA,Charlotte Hornets,0021500705,2016-01-29,CHA @ POR,L,14,1,4,0.25,0,3,0.0,0,0,,1,0,1,0,0,0,0,0,2,-22,3.2,1,2015-16
22015,201973,Jonas Jerebko,1610612738,BOS,Boston Celtics,0021500698,2016-01-29,BOS vs. ORL,W,22,4,4,1.0,3,3,1.0,2,2,1.0,2,8,10,0,0,0,1,1,13,16,24.0,1,2015-16
22015,203109,Jae Crowder,1610612738,BOS,Boston Celtics,0021500698,2016-01-29,BOS vs. ORL,W,27,6,11,0.545,3,6,0.5,0,0,,0,4,4,2,1,1,0,2,15,2,28.8,1,2015-16
22015,203482,Kelly Olynyk,1610612738,BOS,Boston Celtics,0021500698,2016-01-29,BOS vs. ORL,W,20,7,12,0.583,1,2,0.5,1,2,0.5,1,3,4,3,0,1,1,2,16,29,27.3,1,2015-16
22015,202697,Iman Shumpert,1610612739,CLE,Cleveland Cavaliers,0021500699,2016-01-29,CLE @ DET,W,15,1,2,0.5,1,2,0.5,0,0,,0,1,1,0,0,0,1,3,3,-1,3.2,1,2015-16
22015,2585,Zaza Pachulia,1610612742,DAL,Dallas Mavericks,0021500702,2016-01-29,DAL vs. BKN,W,32,6,10,0.6,0,0,,4,6,0.667,4,8,12,3,0,0,3,2,16,3,31.9,1,2015-16
22015,101111,Charlie Villanueva,1610612742,DAL,Dallas Mavericks,0021500702,2016-01-29,DAL vs. BKN,W,7,1,3,0.333,1,2,0.5,0,0,,0,2,2,0,0,0,0,0,3,8,5.4,1,2015-16
22015,202718,Chandler Parsons,1610612742,DAL,Dallas Mavericks,0021500702,2016-01-29,DAL vs. BKN,W,34,8,15,0.533,3,7,0.429,0,0,,1,9,10,3,0,0,3,4,19,3,32.5,1,2015-16
22015,201951,Ty Lawson,1610612745,HOU,Houston Rockets,0021500701,2016-01-29,HOU @ OKC,L,18,2,4,0.5,1,2,0.5,0,0,,1,1,2,4,0,0,0,4,5,-7,13.4,1,2015-16
22015,2037,Jamal Crawford,1610612746,LAC,LA Clippers,0021500706,2016-01-29,LAC vs. LAL,W,29,5,13,0.385,1,3,0.333,4,4,1.0,0,1,1,4,0,0,0,0,15,21,22.2,1,2015-16
22015,202325,Wesley Johnson,1610612746,LAC,LA Clippers,0021500706,2016-01-29,LAC vs. LAL,W,26,4,10,0.4,0,4,0.0,1,2,0.5,0,2,2,1,2,1,0,1,9,5,21.9,1,2015-16
22015,203912,C.J. Wilcox,1610612746,LAC,LA Clippers,0021500706,2016-01-29,LAC vs. LAL,W,2,1,2,0.5,0,0,,0,0,,0,1,1,0,0,0,0,0,2,-1,3.2,1,2015-16
22015,203944,Julius Randle,1610612747,LAL,Los Angeles Lakers,0021500706,2016-01-29,LAL @ LAC,L,35,9,16,0.563,1,1,1.0,4,4,1.0,4,10,14,1,1,0,6,3,23,-1,38.3,1,2015-16
22015,2548,Dwyane Wade,1610612748,MIA,Miami Heat,0021500703,2016-01-29,MIA @ MIL,W,32,7,13,0.538,0,0,,10,13,0.769,1,3,4,7,3,3,4,2,24,1,53.3,1,2015-16
22015,2757,Beno Udrih,1610612748,MIA,Miami Heat,0021500703,2016-01-29,MIA @ MIL,W,16,2,4,0.5,1,2,0.5,0,0,,0,1,1,2,2,0,3,0,5,4,12.2,1,2015-16
22015,201573,Jerryd Bayless,1610612749,MIL,Milwaukee Bucks,0021500703,2016-01-29,MIL vs. MIA,L,24,0,4,0.0,0,3,0.0,0,0,,0,1,1,3,1,0,0,2,0,-13,8.7,1,2015-16
22015,202328,Greg Monroe,1610612749,MIL,Milwaukee Bucks,0021500703,2016-01-29,MIL vs. MIA,L,34,7,14,0.5,0,0,,10,11,0.909,3,2,5,1,0,1,0,2,24,1,34.5,1,2015-16
22015,203114,Khris Middleton,1610612749,MIL,Milwaukee Bucks,0021500703,2016-01-29,MIL vs. MIA,L,39,2,13,0.154,0,3,0.0,5,5,1.0,2,5,7,0,2,0,4,2,9,8,19.4,1,2015-16
22015,203507,Giannis Antetokounmpo,1610612749,MIL,Milwaukee Bucks,0021500703,2016-01-29,MIL vs. MIA,L,46,11,17,0.647,0,2,0.0,6,7,0.857,0,4,4,6,3,2,6,4,28,6,50.8,1,2015-16
22015,202357,Nemanja Bjelica,1610612750,MIN,Minnesota Timberwolves,0021500704,2016-01-29,MIN @ UTA,L,10,0,3,0.0,0,1,0.0,0,0,,0,1,1,0,0,0,2,0,0,-13,-0.8,1,2015-16
22015,203498,Shabazz Muhammad,1610612750,MIN,Minnesota Timberwolves,0021500704,2016-01-29,MIN @ UTA,L,22,4,10,0.4,1,4,0.25,2,4,0.5,1,3,4,1,1,0,1,0,11,-22,19.3,1,2015-16
22015,203080,Thomas Robinson,1610612751,BKN,Brooklyn Nets,0021500702,2016-01-29,BKN @ DAL,L,4,0,0,,0,0,,0,0,,0,2,2,1,0,0,0,0,0,-2,3.9,1,2015-16
22015,203499,Shane Larkin,1610612751,BKN,Brooklyn Nets,0021500702,2016-01-29,BKN @ DAL,L,18,0,5,0.0,0,2,0.0,0,0,,1,2,3,0,0,0,3,2,0,-10,0.6,1,2015-16
22015,201577,Robin Lopez,1610612752,NYK,New York Knicks,0021500700,2016-01-29,NYK vs. PHX,W,24,5,8,0.625,0,0,,3,4,0.75,3,2,5,0,0,1,0,1,13,28,22.0,1,2015-16
22015,203648,Thanasis Antetokounmpo,1610612752,NYK,New York Knicks,0021500700,2016-01-29,NYK vs. PHX,W,2,1,1,1.0,0,0,,0,0,,0,0,0,0,0,0,0,1,2,-3,2.0,1,2015-16
22015,204038,Langston Galloway,1610612752,NYK,New York Knicks,0021500700,2016-01-29,NYK vs. PHX,W,28,4,9,0.444,2,5,0.4,1,2,0.5,1,6,7,5,3,1,0,2,11,24,38.9,1,2015-16
22015,200782,P.J. Tucker,1610612756,PHX,Phoenix Suns,0021500700,2016-01-29,PHX @ NYK,L,35,4,8,0.5,0,1,0.0,1,2,0.5,2,8,10,4,1,2,1,3,9,-25,35.0,1,2015-16
22015,203141,Mirza Teletovic,1610612756,PHX,Phoenix Suns,0021500700,2016-01-29,PHX @ NYK,L,17,2,7,0.286,0,5,0.0,0,0,,0,0,0,1,0,1,0,2,4,2,8.5,1,2015-16
22015,203462,Archie Goodwin,1610612756,PHX,Phoenix Suns,0021500700,2016-01-29,PHX @ NYK,L,23,3,15,0.2,0,3,0.0,0,0,,3,2,5,2,0,0,4,0,6,-13,11.0,1,2015-16
22015,201945,Gerald Henderson,1610612757,POR,Portland Trail Blazers,0021500705,2016-01-29,POR vs. CHA,W,22,1,6,0.167,0,0,,0,0,,0,2,2,2,2,1,0,1,2,3,16.4,1,2015-16
22015,203081,Damian Lillard,1610612757,POR,Portland Trail Blazers,0021500705,2016-01-29,POR vs. CHA,W,37,9,19,0.474,2,5,0.4,2,5,0.4,0,5,5,6,3,0,3,1,22,13,43.0,1,2015-16
22015,203086,Meyers Leonard,1610612757,POR,Portland Trail Blazers,0021500705,2016-01-29,POR vs. CHA,W,17,4,6,0.667,1,3,0.333,0,0,,0,2,2,4,0,0,1,3,9,9,16.4,1,2015-16
22015,203943,Noah Vonleh,1610612757,POR,Portland Trail Blazers,0021500705,2016-01-29,POR vs. CHA,W,19,3,6,0.5,0,1,0.0,0,0,,2,4,6,0,0,1,1,2,6,2,15.2,1,2015-16
22015,201586,Serge Ibaka,1610612760,OKC,Oklahoma City Thunder,0021500701,2016-01-29,OKC vs. HOU,W,26,1,7,0.143,0,2,0.0,0,0,,0,2,2,1,0,2,2,5,2,4,9.9,1,2015-16
22015,202713,Kyle Singler,1610612760,OKC,Oklahoma City Thunder,0021500701,2016-01-29,OKC vs. HOU,W,26,1,5,0.2,0,1,0.0,1,1,1.0,2,3,5,0,0,0,1,4,3,2,8.0,1,2015-16
22015,203497,Rudy Gobert,1610612762,UTA,Utah Jazz,0021500704,2016-01-29,UTA vs. MIN,W,31,6,8,0.75,0,0,,2,4,0.5,5,7,12,2,2,2,2,3,14,-1,41.4,1,2015-16
22015,1626168,Trey Lyles,1610612762,UTA,Utah Jazz,0021500704,2016-01-29,UTA vs. MIN,W,4,0,1,0.0,0,0,,0,0,,0,0,0,1,0,0,0,0,0,-7,1.5,1,2015-16
22015,201943,Brandon Jennings,1610612765,DET,Detroit Pistons,0021500699,2016-01-29,DET vs. CLE,L,16,0,2,0.0,0,2,0.0,0,0,,0,2,2,2,0,0,1,1,0,6,4.4,1,2015-16
22015,202704,Reggie Jackson,1610612765,DET,Detroit Pistons,0021500699,2016-01-29,DET vs. CLE,L,32,6,16,0.375,0,3,0.0,3,3,1.0,0,2,2,6,0,0,3,0,15,-14,23.4,1,2015-16
22015,1626169,Stanley Johnson,1610612765,DET,Detroit Pistons,0021500699,2016-01-29,DET vs. CLE,L,30,6,10,0.6,1,1,1.0,2,3,0.667,1,3,4,5,1,0,2,4,15,7,28.3,1,2015-16
22015,2747,JR Smith,1610612739,CLE,Cleveland Cavaliers,0021500699,2016-01-29,CLE @ DET,W,33,2,10,0.2,2,6,0.333,0,0,,0,2,2,2,0,0,1,2,6,14,10.4,1,2015-16
22015,202389,Timofey Mozgov,1610612739,CLE,Cleveland Cavaliers,0021500699,2016-01-29,CLE @ DET,W,19,5,6,0.833,0,0,,2,2,1.0,4,4,8,1,0,0,1,2,12,-6,22.1,1,2015-16
22015,1626147,Justin Anderson,1610612742,DAL,Dallas Mavericks,0021500702,2016-01-29,DAL vs. BKN,W,11,1,1,1.0,0,0,,0,0,,0,3,3,1,1,1,1,0,2,5,12.1,1,2015-16
22015,101108,Chris Paul,1610612746,LAC,LA Clippers,0021500706,2016-01-29,LAC vs. LAL,W,31,11,18,0.611,3,6,0.5,2,2,1.0,0,1,1,7,2,0,2,1,27,8,42.7,1,2015-16
22015,203101,Miles Plumlee,1610612749,MIL,Milwaukee Bucks,0021500703,2016-01-29,MIL vs. MIA,L,14,4,6,0.667,0,0,,0,0,,4,3,7,0,1,1,0,0,8,-5,22.4,1,2015-16
22015,202682,Derrick Williams,1610612752,NYK,New York Knicks,0021500700,2016-01-29,NYK vs. PHX,W,19,2,6,0.333,0,1,0.0,6,6,1.0,2,6,8,0,0,0,1,0,10,-9,18.6,1,2015-16
22015,203095,Evan Fournier,1610612753,ORL,Orlando Magic,0021500698,2016-01-29,ORL @ BOS,L,18,3,7,0.429,0,2,0.0,2,4,0.5,0,2,2,3,1,0,1,3,8,-15,16.9,1,2015-16
22015,203901,Elfrid Payton,1610612753,ORL,Orlando Magic,0021500698,2016-01-29,ORL @ BOS,L,29,6,11,0.545,0,0,,0,0,,0,2,2,1,2,0,0,3,12,-7,21.9,1,2015-16
22015,203951,Keith Appling,1610612753,ORL,Orlando Magic,0021500698,2016-01-29,ORL @ BOS,L,7,0,1,0.0,0,1,0.0,0,0,,0,0,0,1,0,0,1,1,0,6,0.5,1,2015-16
22015,101141,Ersan Ilyasova,1610612765,DET,Detroit Pistons,0021500699,2016-01-29,DET vs. CLE,L,27,4,10,0.4,1,4,0.25,2,2,1.0,1,3,4,0,1,0,1,4,11,-5,17.8,1,2015-16
22015,201946,Tyler Hansbrough,1610612766,CHA,Charlotte Hornets,0021500705,2016-01-29,CHA @ POR,L,23,2,5,0.4,0,0,,8,10,0.8,6,8,14,0,2,1,0,2,12,-1,37.8,1,2015-16
22015,2210,Richard Jefferson,1610612739,CLE,Cleveland Cavaliers,0021500713,2016-01-30,CLE vs. SAS,W,13,1,2,0.5,1,1,1.0,0,0,,0,3,3,1,0,0,0,2,3,2,8.1,1,2015-16
22015,2544,LeBron James,1610612739,CLE,Cleveland Cavaliers,0021500713,2016-01-30,CLE vs. SAS,W,34,10,17,0.588,0,2,0.0,9,11,0.818,1,4,5,7,2,2,2,2,29,14,55.5,1,2015-16
22015,202684,Tristan Thompson,1610612739,CLE,Cleveland Cavaliers,0021500713,2016-01-30,CLE vs. SAS,W,35,3,4,0.75,0,0,,4,4,1.0,2,5,7,1,0,1,1,1,10,15,21.9,1,2015-16
22015,202697,Iman Shumpert,1610612739,CLE,Cleveland Cavaliers,0021500713,2016-01-30,CLE vs. SAS,W,28,1,3,0.333,0,2,0.0,0,0,,0,5,5,2,0,0,0,2,2,9,11.0,1,2015-16
22015,202708,Norris Cole,1610612740,NOP,New Orleans Pelicans,0021500710,2016-01-30,NOP vs. BKN,W,30,6,14,0.429,0,2,0.0,0,0,,0,2,2,5,0,0,3,3,12,-6,18.9,1,2015-16
22015,201574,Jason Thompson,1610612744,GSW,Golden State Warriors,0021500707,2016-01-30,GSW @ PHI,W,11,1,1,1.0,0,0,,0,0,,0,1,1,1,0,0,1,4,2,3,3.7,1,2015-16
22015,2772,Trevor Ariza,1610612745,HOU,Houston Rockets,0021500711,2016-01-30,HOU vs. WAS,L,36,5,11,0.455,3,6,0.5,4,4,1.0,1,6,7,1,1,0,0,0,17,5,29.9,1,2015-16
22015,201147,Corey Brewer,1610612745,HOU,Houston Rockets,0021500711,2016-01-30,HOU vs. WAS,L,30,2,7,0.286,1,3,0.333,0,1,0.0,0,3,3,2,0,1,1,2,5,-5,13.6,1,2015-16
22015,203991,Clint Capela,1610612745,HOU,Houston Rockets,0021500711,2016-01-30,HOU vs. WAS,L,17,0,3,0.0,0,0,,1,8,0.125,2,2,4,0,1,2,2,4,1,-3,12.8,1,2015-16
22015,202711,Bojan Bogdanovic,1610612751,BKN,Brooklyn Nets,0021500710,2016-01-30,BKN @ NOP,L,20,1,3,0.333,1,2,0.5,0,0,,0,1,1,1,1,0,0,1,3,-4,8.7,1,2015-16
22015,101139,CJ Miles,1610612754,IND,Indiana Pacers,0021500709,2016-01-30,IND vs. DEN,W,14,1,4,0.25,0,2,0.0,0,0,,0,2,2,0,0,0,2,1,2,2,2.4,1,2015-16
22015,202397,Ish Smith,1610612755,PHI,Philadelphia 76ers,0021500707,2016-01-30,PHI vs. GSW,L,35,7,19,0.368,0,2,0.0,2,4,0.5,1,4,5,9,4,0,1,1,16,-4,46.5,1,2015-16
22015,203457,Nerlens Noel,1610612755,PHI,Philadelphia 76ers,0021500707,2016-01-30,PHI vs. GSW,L,27,3,8,0.375,0,0,,3,7,0.429,2,6,8,2,2,1,4,1,9,1,26.6,1,2015-16
22015,203477,Isaiah Canaan,1610612755,PHI,Philadelphia 76ers,0021500707,2016-01-30,PHI vs. GSW,L,30,5,11,0.455,5,9,0.556,3,3,1.0,1,3,4,2,4,0,0,0,18,16,37.8,1,2015-16
22015,201585,Kosta Koufos,1610612758,SAC,Sacramento Kings,0021500712,2016-01-30,SAC @ MEM,L,14,2,5,0.4,0,0,,0,0,,3,2,5,1,0,0,0,3,4,-11,11.5,1,2015-16
22015,201956,Omri Casspi,1610612758,SAC,Sacramento Kings,0021500712,2016-01-30,SAC @ MEM,L,27,6,12,0.5,2,7,0.286,3,3,1.0,2,5,7,1,0,0,1,3,17,1,25.9,1,2015-16
22015,202326,DeMarcus Cousins,1610612758,SAC,Sacramento Kings,0021500712,2016-01-30,SAC @ MEM,L,31,3,17,0.176,1,3,0.333,10,14,0.714,5,9,14,1,3,2,6,2,17,-3,44.3,1,2015-16
22015,1626246,Boban Marjanovic,1610612759,SAS,San Antonio Spurs,0021500713,2016-01-30,SAS @ CLE,L,10,0,1,0.0,0,0,,3,4,0.75,1,2,3,1,0,0,0,1,3,2,8.1,1,2015-16
22015,2449,Luis Scola,1610612761,TOR,Toronto Raptors,0021500708,2016-01-30,TOR vs. DET,W,23,4,9,0.444,1,3,0.333,1,2,0.5,1,0,1,2,2,0,3,2,10,-9,17.2,1,2015-16
22015,201942,DeMar DeRozan,1610612761,TOR,Toronto Raptors,0021500708,2016-01-30,TOR vs. DET,W,34,10,21,0.476,0,1,0.0,9,10,0.9,2,1,3,4,2,0,4,4,29,-6,40.6,1,2015-16
22015,202685,Jonas Valančiūnas,1610612761,TOR,Toronto Raptors,0021500708,2016-01-30,TOR vs. DET,W,27,2,4,0.5,0,0,,4,8,0.5,3,6,9,0,0,0,2,3,8,-10,16.8,1,2015-16
22015,200797,Ryan Hollins,1610612763,MEM,Memphis Grizzlies,0021500712,2016-01-30,MEM vs. SAC,W,10,0,0,,0,0,,3,4,0.75,0,3,3,0,0,2,1,3,3,-6,11.6,1,2015-16
22015,202390,Gary Neal,1610612764,WAS,Washington Wizards,0021500711,2016-01-30,WAS @ HOU,W,16,5,5,1.0,2,2,1.0,0,0,,0,1,1,0,0,0,0,0,12,-3,13.2,1,2015-16
22015,203078,Bradley Beal,1610612764,WAS,Washington Wizards,0021500711,2016-01-30,WAS @ HOU,W,30,4,9,0.444,1,5,0.2,2,2,1.0,0,3,3,4,0,0,2,2,11,-4,18.6,1,2015-16
22015,201229,Anthony Tolliver,1610612765,DET,Detroit Pistons,0021500708,2016-01-30,DET @ TOR,L,35,2,6,0.333,1,5,0.2,0,0,,1,1,2,0,0,0,1,3,5,5,6.4,1,2015-16
22015,1626169,Stanley Johnson,1610612765,DET,Detroit Pistons,0021500708,2016-01-30,DET @ TOR,L,28,4,13,0.308,0,2,0.0,4,4,1.0,0,4,4,1,1,0,1,5,12,-11,20.3,1,2015-16
22015,203521,Matthew Dellavedova,1610612739,CLE,Cleveland Cavaliers,0021500713,2016-01-30,CLE vs. SAS,W,24,6,10,0.6,3,5,0.6,0,0,,1,4,5,3,0,0,2,3,15,9,23.5,1,2015-16
22015,201583,Ryan Anderson,1610612740,NOP,New Orleans Pelicans,0021500710,2016-01-30,NOP vs. BKN,W,26,8,15,0.533,5,9,0.556,3,4,0.75,2,4,6,5,2,1,0,2,24,7,47.7,1,2015-16
22015,201950,Jrue Holiday,1610612740,NOP,New Orleans Pelicans,0021500710,2016-01-30,NOP vs. BKN,W,24,10,19,0.526,3,7,0.429,3,3,1.0,0,0,0,7,0,0,3,3,26,3,33.5,1,2015-16
22015,202087,Alonzo Gee,1610612740,NOP,New Orleans Pelicans,0021500710,2016-01-30,NOP vs. BKN,W,39,2,4,0.5,0,1,0.0,0,0,,0,2,2,2,2,0,0,1,4,3,15.4,1,2015-16
22015,203115,Will Barton,1610612743,DEN,Denver Nuggets,0021500709,2016-01-30,DEN @ IND,L,17,3,7,0.429,0,1,0.0,0,0,,0,2,2,1,0,0,3,2,6,-6,6.9,1,2015-16
22015,203914,Gary Harris,1610612743,DEN,Denver Nuggets,0021500709,2016-01-30,DEN @ IND,L,36,7,11,0.636,2,3,0.667,2,3,0.667,0,1,1,3,1,1,2,5,18,2,27.7,1,2015-16
22015,1626144,Emmanuel Mudiay,1610612743,DEN,Denver Nuggets,0021500709,2016-01-30,DEN @ IND,L,37,4,10,0.4,0,1,0.0,3,5,0.6,0,5,5,8,0,0,4,2,11,1,25.0,1,2015-16
22015,2571,Leandro Barbosa,1610612744,GSW,Golden State Warriors,0021500707,2016-01-30,GSW @ PHI,W,15,3,5,0.6,1,2,0.5,0,0,,0,3,3,3,0,0,0,1,7,-10,15.1,1,2015-16
22015,201572,Brook Lopez,1610612751,BKN,Brooklyn Nets,0021500710,2016-01-30,BKN @ NOP,L,37,13,23,0.565,0,0,,7,12,0.583,1,9,10,1,3,4,1,3,33,15,66.5,1,2015-16
22015,101145,Monta Ellis,1610612754,IND,Indiana Pacers,0021500709,2016-01-30,IND vs. DEN,W,41,13,28,0.464,4,8,0.5,2,3,0.667,2,7,9,6,3,0,4,1,32,6,56.8,1,2015-16
22015,203924,Jerami Grant,1610612755,PHI,Philadelphia 76ers,0021500707,2016-01-30,PHI vs. GSW,L,20,4,9,0.444,0,3,0.0,2,2,1.0,0,1,1,3,1,1,1,0,10,-19,20.7,1,2015-16
22015,1626143,Jahlil Okafor,1610612755,PHI,Philadelphia 76ers,0021500707,2016-01-30,PHI vs. GSW,L,21,6,7,0.857,0,0,,1,5,0.2,0,1,1,0,0,0,2,2,13,-4,12.2,1,2015-16
22015,201954,Darren Collison,1610612758,SAC,Sacramento Kings,0021500712,2016-01-30,SAC @ MEM,L,28,7,14,0.5,1,3,0.333,5,6,0.833,1,1,2,2,2,0,2,4,20,10,29.4,1,2015-16
22015,203112,Quincy Acy,1610612758,SAC,Sacramento Kings,0021500712,2016-01-30,SAC @ MEM,L,11,3,3,1.0,0,0,,0,0,,2,1,3,0,0,0,0,2,6,4,9.6,1,2015-16
22015,203613,Jonathon Simmons,1610612759,SAS,San Antonio Spurs,0021500713,2016-01-30,SAS @ CLE,L,18,4,5,0.8,0,0,,0,0,,0,2,2,2,0,1,0,3,8,2,16.4,1,2015-16
22015,201949,James Johnson,1610612761,TOR,Toronto Raptors,0021500708,2016-01-30,TOR vs. DET,W,21,4,5,0.8,1,1,1.0,2,2,1.0,2,5,7,0,2,0,0,2,11,4,25.4,1,2015-16
22015,2216,Zach Randolph,1610612763,MEM,Memphis Grizzlies,0021500712,2016-01-30,MEM vs. SAC,W,25,5,8,0.625,0,0,,0,0,,1,4,5,2,1,0,3,3,10,9,19.0,1,2015-16
22015,201584,Courtney Lee,1610612763,MEM,Memphis Grizzlies,0021500712,2016-01-30,MEM vs. SAC,W,34,5,5,1.0,3,3,1.0,5,6,0.833,0,1,1,1,2,0,2,1,18,12,24.7,1,2015-16
22015,201943,Brandon Jennings,1610612765,DET,Detroit Pistons,0021500708,2016-01-30,DET @ TOR,L,22,7,14,0.5,5,11,0.455,3,5,0.6,0,4,4,0,2,1,0,3,22,11,35.8,1,2015-16
22015,202694,Marcus Morris Sr.,1610612765,DET,Detroit Pistons,0021500708,2016-01-30,DET @ TOR,L,34,6,13,0.462,1,4,0.25,0,0,,1,2,3,2,2,1,2,0,13,-5,26.6,1,2015-16
22015,203083,Andre Drummond,1610612765,DET,Detroit Pistons,0021500708,2016-01-30,DET @ TOR,L,28,5,9,0.556,0,0,,1,9,0.111,3,9,12,1,0,2,1,6,11,-18,31.9,1,2015-16
22015,203382,Aron Baynes,1610612765,DET,Detroit Pistons,0021500708,2016-01-30,DET @ TOR,L,20,3,7,0.429,0,0,,5,6,0.833,3,4,7,2,1,2,1,4,11,14,30.4,1,2015-16
22015,201962,Toney Douglas,1610612740,NOP,New Orleans Pelicans,0021500710,2016-01-30,NOP vs. BKN,W,15,1,5,0.2,1,3,0.333,0,0,,0,0,0,1,1,0,0,0,3,4,7.5,1,2015-16
22015,200751,Randy Foye,1610612743,DEN,Denver Nuggets,0021500709,2016-01-30,DEN @ IND,L,12,1,3,0.333,0,2,0.0,0,0,,0,1,1,0,0,0,0,0,2,-6,3.2,1,2015-16
22015,201568,Danilo Gallinari,1610612743,DEN,Denver Nuggets,0021500709,2016-01-30,DEN @ IND,L,41,8,17,0.471,1,4,0.25,6,6,1.0,0,3,3,2,1,0,2,0,23,2,30.6,1,2015-16
22015,201575,Brandon Rush,1610612744,GSW,Golden State Warriors,0021500707,2016-01-30,GSW @ PHI,W,11,0,2,0.0,0,1,0.0,0,0,,0,3,3,1,0,1,0,0,0,-2,8.1,1,2015-16
22015,201939,Stephen Curry,1610612744,GSW,Golden State Warriors,0021500707,2016-01-30,GSW @ PHI,W,34,9,19,0.474,5,11,0.455,0,0,,2,3,5,6,1,2,8,3,23,17,39.0,1,2015-16
22015,203084,Harrison Barnes,1610612744,GSW,Golden State Warriors,0021500707,2016-01-30,GSW @ PHI,W,34,4,11,0.364,3,5,0.6,0,0,,2,4,6,2,2,0,0,0,11,9,27.2,1,2015-16
22015,201951,Ty Lawson,1610612745,HOU,Houston Rockets,0021500711,2016-01-30,HOU vs. WAS,L,19,2,4,0.5,1,2,0.5,2,2,1.0,0,1,1,1,0,0,0,2,7,5,9.7,1,2015-16
22015,201976,Patrick Beverley,1610612745,HOU,Houston Rockets,0021500711,2016-01-30,HOU vs. WAS,L,35,6,10,0.6,3,4,0.75,0,0,,0,3,3,5,2,0,0,4,15,-5,32.1,1,2015-16
22015,200745,Andrea Bargnani,1610612751,BKN,Brooklyn Nets,0021500710,2016-01-30,BKN @ NOP,L,10,0,0,,0,0,,0,0,,0,1,1,1,0,0,0,2,0,-9,2.7,1,2015-16
22015,203499,Shane Larkin,1610612751,BKN,Brooklyn Nets,0021500710,2016-01-30,BKN @ NOP,L,26,5,8,0.625,1,4,0.25,2,2,1.0,0,3,3,6,0,0,4,2,13,-1,21.6,1,2015-16
22015,1626202,Joe Young,1610612754,IND,Indiana Pacers,0021500709,2016-01-30,IND vs. DEN,W,13,3,6,0.5,1,3,0.333,0,0,,1,2,3,1,0,0,0,0,7,0,12.1,1,2015-16
22015,200765,Rajon Rondo,1610612758,SAC,Sacramento Kings,0021500712,2016-01-30,SAC @ MEM,L,32,6,14,0.429,1,2,0.5,2,2,1.0,0,6,6,8,2,0,7,6,15,-9,33.2,1,2015-16
22015,200746,LaMarcus Aldridge,1610612759,SAS,San Antonio Spurs,0021500713,2016-01-30,SAS @ CLE,L,26,7,11,0.636,0,0,,1,2,0.5,1,1,2,0,0,0,0,3,15,-9,17.4,1,2015-16
22015,201980,Danny Green,1610612759,SAS,San Antonio Spurs,0021500713,2016-01-30,SAS @ CLE,L,23,2,4,0.5,1,3,0.333,0,0,,2,1,3,1,0,0,0,1,5,-10,10.1,1,2015-16
22015,203937,Kyle Anderson,1610612759,SAS,San Antonio Spurs,0021500713,2016-01-30,SAS @ CLE,L,18,4,8,0.5,0,1,0.0,2,2,1.0,1,2,3,3,1,1,0,0,10,4,24.1,1,2015-16
22015,200768,Kyle Lowry,1610612761,TOR,Toronto Raptors,0021500708,2016-01-30,TOR vs. DET,W,40,4,15,0.267,1,5,0.2,9,12,0.75,1,7,8,0,3,0,2,4,18,-5,34.6,1,2015-16
22015,202335,Patrick Patterson,1610612761,TOR,Toronto Raptors,0021500708,2016-01-30,TOR vs. DET,W,25,1,3,0.333,0,1,0.0,0,0,,1,1,2,2,0,0,1,1,2,15,6.4,1,2015-16
22015,2754,Tony Allen,1610612763,MEM,Memphis Grizzlies,0021500712,2016-01-30,MEM vs. SAC,W,27,3,8,0.375,0,0,,6,6,1.0,0,5,5,0,2,0,0,3,12,3,24.0,1,2015-16
22015,201145,Jeff Green,1610612763,MEM,Memphis Grizzlies,0021500712,2016-01-30,MEM vs. SAC,W,27,11,16,0.688,3,5,0.6,4,4,1.0,0,2,2,1,3,0,1,2,29,-3,40.9,1,2015-16
22015,2403,Nene,1610612764,WAS,Washington Wizards,0021500711,2016-01-30,WAS @ HOU,W,19,4,4,1.0,0,0,,2,5,0.4,0,2,2,2,1,1,1,3,10,5,20.4,1,2015-16
22015,201162,Jared Dudley,1610612764,WAS,Washington Wizards,0021500711,2016-01-30,WAS @ HOU,W,37,5,8,0.625,2,5,0.4,4,5,0.8,0,5,5,4,1,0,1,4,16,2,30.0,1,2015-16
22015,202066,Garrett Temple,1610612764,WAS,Washington Wizards,0021500711,2016-01-30,WAS @ HOU,W,34,5,14,0.357,1,7,0.143,0,0,,0,4,4,4,1,0,0,6,11,3,24.8,1,2015-16
22015,201567,Kevin Love,1610612739,CLE,Cleveland Cavaliers,0021500713,2016-01-30,CLE vs. SAS,W,31,8,13,0.615,3,6,0.5,2,2,1.0,3,8,11,3,0,1,1,2,21,4,40.7,1,2015-16
22015,202681,Kyrie Irving,1610612739,CLE,Cleveland Cavaliers,0021500713,2016-01-30,CLE vs. SAS,W,36,9,17,0.529,0,2,0.0,3,4,0.75,1,0,1,6,2,0,1,2,21,13,36.2,1,2015-16
22015,203099,Jared Cunningham,1610612739,CLE,Cleveland Cavaliers,0021500713,2016-01-30,CLE vs. SAS,W,2,0,1,0.0,0,1,0.0,0,0,,0,0,0,0,0,0,0,0,0,-5,0.0,1,2015-16
22015,203076,Anthony Davis,1610612740,NOP,New Orleans Pelicans,0021500710,2016-01-30,NOP vs. BKN,W,40,9,22,0.409,1,2,0.5,1,2,0.5,6,10,16,3,0,2,1,2,20,-3,48.7,1,2015-16
22015,2749,Jameer Nelson,1610612743,DEN,Denver Nuggets,0021500709,2016-01-30,DEN @ IND,L,16,0,2,0.0,0,1,0.0,0,0,,0,3,3,3,0,0,0,1,0,-5,8.1,1,2015-16
22015,201589,Darrell Arthur,1610612743,DEN,Denver Nuggets,0021500709,2016-01-30,DEN @ IND,L,18,2,6,0.333,0,3,0.0,2,2,1.0,2,3,5,4,1,0,1,1,6,-13,20.0,1,2015-16
22015,203994,Jusuf Nurkić,1610612743,DEN,Denver Nuggets,0021500709,2016-01-30,DEN @ IND,L,17,2,6,0.333,0,1,0.0,3,4,0.75,0,2,2,1,1,2,1,2,7,-12,18.9,1,2015-16
22015,202691,Klay Thompson,1610612744,GSW,Golden State Warriors,0021500707,2016-01-30,GSW @ PHI,W,33,14,26,0.538,4,10,0.4,0,0,,0,2,2,3,0,0,5,1,32,22,33.9,1,2015-16
22015,203110,Draymond Green,1610612744,GSW,Golden State Warriors,0021500707,2016-01-30,GSW @ PHI,W,33,5,7,0.714,0,0,,0,1,0.0,1,12,13,9,2,1,7,3,10,17,41.1,1,2015-16
22015,1891,Jason Terry,1610612745,HOU,Houston Rockets,0021500711,2016-01-30,HOU vs. WAS,L,15,2,7,0.286,2,7,0.286,0,0,,1,0,1,1,0,0,1,2,6,4,7.7,1,2015-16
22015,2730,Dwight Howard,1610612745,HOU,Houston Rockets,0021500711,2016-01-30,HOU vs. WAS,L,29,7,11,0.636,0,0,,6,8,0.75,2,5,7,0,0,0,2,2,20,0,26.4,1,2015-16
22015,203093,Terrence Jones,1610612745,HOU,Houston Rockets,0021500711,2016-01-30,HOU vs. WAS,L,6,1,4,0.25,0,1,0.0,0,0,,0,0,0,0,0,0,0,0,2,-5,2.0,1,2015-16
22015,2207,Joe Johnson,1610612751,BKN,Brooklyn Nets,0021500710,2016-01-30,BKN @ NOP,L,35,4,10,0.4,2,6,0.333,0,0,,0,7,7,5,0,0,1,0,10,6,24.9,1,2015-16
22015,201152,Thaddeus Young,1610612751,BKN,Brooklyn Nets,0021500710,2016-01-30,BKN @ NOP,L,34,7,11,0.636,0,0,,2,2,1.0,2,6,8,4,1,0,2,1,16,1,32.6,1,2015-16
22015,201961,Wayne Ellington,1610612751,BKN,Brooklyn Nets,0021500710,2016-01-30,BKN @ NOP,L,33,6,13,0.462,5,8,0.625,1,2,0.5,1,2,3,1,0,0,1,1,18,4,22.1,1,2015-16
22015,202388,Donald Sloan,1610612751,BKN,Brooklyn Nets,0021500710,2016-01-30,BKN @ NOP,L,22,0,3,0.0,0,0,,2,2,1.0,2,1,3,3,0,0,0,0,2,-1,10.1,1,2015-16
22015,203080,Thomas Robinson,1610612751,BKN,Brooklyn Nets,0021500710,2016-01-30,BKN @ NOP,L,15,4,9,0.444,0,0,,0,1,0.0,4,4,8,1,1,1,1,2,8,-11,24.1,1,2015-16
22015,202730,Lavoy Allen,1610612754,IND,Indiana Pacers,0021500709,2016-01-30,IND vs. DEN,W,16,2,4,0.5,0,0,,0,0,,3,3,6,0,0,0,0,3,4,6,11.2,1,2015-16
22015,203922,Glenn Robinson III,1610612754,IND,Indiana Pacers,0021500709,2016-01-30,IND vs. DEN,W,7,2,5,0.4,0,1,0.0,0,0,,0,1,1,1,0,0,0,1,4,-2,6.7,1,2015-16
22015,204456,T.J. McConnell,1610612755,PHI,Philadelphia 76ers,0021500707,2016-01-30,PHI vs. GSW,L,21,3,6,0.5,0,1,0.0,0,0,,1,3,4,4,3,0,0,2,6,6,25.8,1,2015-16
22015,202341,James Anderson,1610612758,SAC,Sacramento Kings,0021500712,2016-01-30,SAC @ MEM,L,18,1,3,0.333,0,1,0.0,2,2,1.0,1,0,1,0,0,0,0,1,4,4,5.2,1,2015-16
22015,1938,Manu Ginobili,1610612759,SAS,San Antonio Spurs,0021500713,2016-01-30,SAS @ CLE,L,18,2,10,0.2,2,4,0.5,0,0,,0,2,2,1,1,0,0,3,6,-10,12.9,1,2015-16
22015,2564,Boris Diaw,1610612759,SAS,San Antonio Spurs,0021500713,2016-01-30,SAS @ CLE,L,16,3,5,0.6,0,0,,1,1,1.0,1,3,4,1,0,0,0,0,7,-11,13.3,1,2015-16
22015,2588,Matt Bonner,1610612759,SAS,San Antonio Spurs,0021500713,2016-01-30,SAS @ CLE,L,3,0,0,,0,0,,0,0,,0,0,0,0,0,0,0,0,0,3,0.0,1,2015-16
22015,201988,Patty Mills,1610612759,SAS,San Antonio Spurs,0021500713,2016-01-30,SAS @ CLE,L,21,2,6,0.333,0,3,0.0,0,0,,0,0,0,2,0,0,1,3,4,-7,6.0,1,2015-16
22015,1713,Vince Carter,1610612763,MEM,Memphis Grizzlies,0021500712,2016-01-30,MEM vs. SAC,W,14,5,8,0.625,2,4,0.5,1,1,1.0,0,1,1,0,0,0,0,1,13,-6,14.2,1,2015-16
22015,2440,Matt Barnes,1610612763,MEM,Memphis Grizzlies,0021500712,2016-01-30,MEM vs. SAC,W,22,0,7,0.0,0,4,0.0,0,0,,0,3,3,2,2,2,0,5,0,-1,18.6,1,2015-16
22015,101162,Marcin Gortat,1610612764,WAS,Washington Wizards,0021500711,2016-01-30,WAS @ HOU,W,27,4,4,1.0,0,0,,5,7,0.714,5,6,11,2,1,2,2,3,13,-1,36.2,1,2015-16
22015,201196,Ramon Sessions,1610612764,WAS,Washington Wizards,0021500711,2016-01-30,WAS @ HOU,W,18,5,8,0.625,2,2,1.0,5,6,0.833,0,3,3,1,1,0,1,3,17,6,24.1,1,2015-16
22015,1626162,Kelly Oubre Jr.,1610612764,WAS,Washington Wizards,0021500711,2016-01-30,WAS @ HOU,W,0,0,0,,0,0,,0,0,,0,0,0,0,0,0,0,0,0,-2,0.0,1,2015-16
22015,2747,JR Smith,1610612739,CLE,Cleveland Cavaliers,0021500713,2016-01-30,CLE vs. SAS,W,26,4,9,0.444,2,4,0.5,0,0,,1,2,3,1,0,0,1,3,10,10,14.1,1,2015-16
22015,202389,Timofey Mozgov,1610612739,CLE,Cleveland Cavaliers,0021500713,2016-01-30,CLE vs. SAS,W,11,3,6,0.5,0,0,,0,0,,1,2,3,0,0,0,1,4,6,-1,8.6,1,2015-16
22015,201600,Omer Asik,1610612740,NOP,New Orleans Pelicans,0021500710,2016-01-30,NOP vs. BKN,W,25,3,5,0.6,0,0,,0,0,,3,8,11,0,0,3,1,3,6,-3,27.2,1,2015-16
22015,201967,Dante Cunningham,1610612740,NOP,New Orleans Pelicans,0021500710,2016-01-30,NOP vs. BKN,W,5,1,2,0.5,0,0,,0,0,,1,1,2,0,0,0,0,1,2,3,4.4,1,2015-16
22015,202702,Kenneth Faried,1610612743,DEN,Denver Nuggets,0021500709,2016-01-30,DEN @ IND,L,35,6,10,0.6,0,0,,4,4,1.0,3,9,12,0,1,0,3,5,16,6,30.4,1,2015-16
22015,203999,Nikola Jokić,1610612743,DEN,Denver Nuggets,0021500709,2016-01-30,DEN @ IND,L,35,7,15,0.467,1,2,0.5,1,1,1.0,3,8,11,2,5,0,3,4,16,11,44.2,1,2015-16
22015,2733,Shaun Livingston,1610612744,GSW,Golden State Warriors,0021500707,2016-01-30,GSW @ PHI,W,16,2,4,0.5,0,0,,0,0,,0,1,1,4,0,0,1,0,4,-1,10.2,1,2015-16
22015,201578,Marreese Speights,1610612744,GSW,Golden State Warriors,0021500707,2016-01-30,GSW @ PHI,W,12,3,7,0.429,0,0,,0,0,,2,4,6,3,0,0,0,1,6,-7,17.7,1,2015-16
22015,203546,Ian Clark,1610612744,GSW,Golden State Warriors,0021500707,2016-01-30,GSW @ PHI,W,15,2,5,0.4,0,1,0.0,1,1,1.0,1,0,1,1,0,1,1,1,5,-4,9.7,1,2015-16
22015,2746,Josh Smith,1610612745,HOU,Houston Rockets,0021500711,2016-01-30,HOU vs. WAS,L,17,4,9,0.444,1,3,0.333,0,0,,3,1,4,3,0,0,2,2,9,1,16.3,1,2015-16
22015,201935,James Harden,1610612745,HOU,Houston Rockets,0021500711,2016-01-30,HOU vs. WAS,L,37,12,20,0.6,6,9,0.667,10,10,1.0,1,6,7,11,4,0,2,5,40,-2,74.9,1,2015-16
22015,203900,Markel Brown,1610612751,BKN,Brooklyn Nets,0021500710,2016-01-30,BKN @ NOP,L,8,0,4,0.0,0,0,,0,2,0.0,0,0,0,0,0,0,0,1,0,-10,0.0,1,2015-16
22015,201588,George Hill,1610612754,IND,Indiana Pacers,0021500709,2016-01-30,IND vs. DEN,W,45,3,10,0.3,1,5,0.2,2,2,1.0,1,2,3,4,1,0,0,3,9,4,21.6,1,2015-16
22015,203524,Solomon Hill,1610612754,IND,Indiana Pacers,0021500709,2016-01-30,IND vs. DEN,W,11,1,4,0.25,0,1,0.0,2,2,1.0,2,4,6,1,1,0,1,0,4,-2,14.7,1,2015-16
22015,1626167,Myles Turner,1610612754,IND,Indiana Pacers,0021500709,2016-01-30,IND vs. DEN,W,40,3,11,0.273,0,0,,2,5,0.4,2,7,9,3,0,4,1,4,8,-2,34.3,1,2015-16
22015,203138,Hollis Thompson,1610612755,PHI,Philadelphia 76ers,0021500707,2016-01-30,PHI vs. GSW,L,25,5,11,0.455,1,3,0.333,0,0,,1,1,2,2,1,1,0,0,11,3,22.4,1,2015-16
22015,203496,Robert Covington,1610612755,PHI,Philadelphia 76ers,0021500707,2016-01-30,PHI vs. GSW,L,36,5,11,0.455,2,7,0.286,0,0,,1,12,13,1,2,1,0,2,12,8,38.1,1,2015-16
22015,203917,Nik Stauskas,1610612755,PHI,Philadelphia 76ers,0021500707,2016-01-30,PHI vs. GSW,L,22,4,6,0.667,2,4,0.5,0,0,,0,0,0,0,1,0,2,0,10,-26,11.0,1,2015-16
22015,203960,JaKarr Sampson,1610612755,PHI,Philadelphia 76ers,0021500707,2016-01-30,PHI vs. GSW,L,4,0,4,0.0,0,0,,0,0,,1,1,2,0,0,0,0,0,0,4,2.4,1,2015-16
22015,203463,Ben McLemore,1610612758,SAC,Sacramento Kings,0021500712,2016-01-30,SAC @ MEM,L,26,3,9,0.333,2,5,0.4,3,4,0.75,0,1,1,0,1,0,2,2,11,-11,13.2,1,2015-16
22015,1626161,Willie Cauley-Stein,1610612758,SAC,Sacramento Kings,0021500712,2016-01-30,SAC @ MEM,L,16,1,3,0.333,0,0,,0,0,,2,3,5,0,1,0,0,3,2,-6,11.0,1,2015-16
22015,2225,Tony Parker,1610612759,SAS,San Antonio Spurs,0021500713,2016-01-30,SAS @ CLE,L,24,5,10,0.5,0,0,,3,4,0.75,0,4,4,6,0,0,3,1,13,-10,23.8,1,2015-16
22015,2446,Rasual Butler,1610612759,SAS,San Antonio Spurs,0021500713,2016-01-30,SAS @ CLE,L,3,0,0,,0,0,,0,0,,0,0,0,0,0,0,0,0,0,3,0.0,1,2015-16
22015,2561,David West,1610612759,SAS,San Antonio Spurs,0021500713,2016-01-30,SAS @ CLE,L,24,4,6,0.667,0,0,,0,0,,1,2,3,1,0,0,0,2,8,-13,13.1,1,2015-16
22015,202709,Cory Joseph,1610612761,TOR,Toronto Raptors,0021500708,2016-01-30,TOR vs. DET,W,28,6,11,0.545,0,0,,4,5,0.8,0,2,2,4,0,0,1,2,16,9,23.4,1,2015-16
22015,203082,Terrence Ross,1610612761,TOR,Toronto Raptors,0021500708,2016-01-30,TOR vs. DET,W,22,2,4,0.5,1,3,0.333,0,0,,0,0,0,0,0,0,0,0,5,8,5.0,1,2015-16
22015,201144,Mike Conley,1610612763,MEM,Memphis Grizzlies,0021500712,2016-01-30,MEM vs. SAC,W,30,3,6,0.5,0,0,,2,4,0.5,0,4,4,7,1,0,2,3,8,1,24.3,1,2015-16
22015,201188,Marc Gasol,1610612763,MEM,Memphis Grizzlies,0021500712,2016-01-30,MEM vs. SAC,W,34,7,14,0.5,0,0,,8,8,1.0,0,6,6,5,2,5,3,3,22,8,54.7,1,2015-16
22015,2400,Drew Gooden,1610612764,WAS,Washington Wizards,0021500711,2016-01-30,WAS @ HOU,W,11,2,3,0.667,1,1,1.0,0,0,,1,4,5,0,0,0,1,0,5,-1,10.0,1,2015-16
22015,202322,John Wall,1610612764,WAS,Washington Wizards,0021500711,2016-01-30,WAS @ HOU,W,36,7,22,0.318,1,5,0.2,4,5,0.8,0,8,8,13,1,2,4,4,19,-5,53.1,1,2015-16
22015,203490,Otto Porter Jr.,1610612764,WAS,Washington Wizards,0021500711,2016-01-30,WAS @ HOU,W,12,4,9,0.444,1,5,0.2,0,0,,1,2,3,0,0,0,0,0,9,5,12.6,1,2015-16
22015,202704,Reggie Jackson,1610612765,DET,Detroit Pistons,0021500708,2016-01-30,DET @ TOR,L,28,5,11,0.455,0,1,0.0,3,5,0.6,1,0,1,1,1,0,1,3,13,-19,17.7,1,2015-16
22015,203484,Kentavious Caldwell-Pope,1610612765,DET,Detroit Pistons,0021500708,2016-01-30,DET @ TOR,L,34,5,11,0.455,1,4,0.25,4,5,0.8,1,3,4,1,2,0,3,2,15,-8,24.3,1,2015-16
22015,1626199,Darrun Hilliard,1610612765,DET,Detroit Pistons,0021500708,2016-01-30,DET @ TOR,L,10,2,3,0.667,1,2,0.5,0,0,,0,2,2,1,1,0,1,3,5,11,10.9,1,2015-16
22015,1626214,Bryce Dejean-Jones,1610612740,NOP,New Orleans Pelicans,0021500710,2016-01-30,NOP vs. BKN,W,36,3,7,0.429,1,3,0.333,1,1,1.0,2,7,9,1,1,0,1,2,8,2,22.3,1,2015-16
22015,101106,Andrew Bogut,1610612744,GSW,Golden State Warriors,0021500707,2016-01-30,GSW @ PHI,W,26,4,8,0.5,0,0,,0,0,,4,12,16,4,0,2,0,4,8,16,39.2,1,2015-16
22015,201941,Jordan Hill,1610612754,IND,Indiana Pacers,0021500709,2016-01-30,IND vs. DEN,W,38,9,13,0.692,0,0,,2,2,1.0,2,5,7,3,1,6,3,4,20,6,50.9,1,2015-16
22015,202331,Paul George,1610612754,IND,Indiana Pacers,0021500709,2016-01-30,IND vs. DEN,W,39,7,15,0.467,3,7,0.429,2,2,1.0,1,2,3,7,0,0,4,5,19,2,29.1,1,2015-16
22015,200752,Rudy Gay,1610612758,SAC,Sacramento Kings,0021500712,2016-01-30,SAC @ MEM,L,38,6,12,0.5,2,3,0.667,7,7,1.0,2,5,7,3,1,1,1,1,21,1,38.9,1,2015-16
22015,202695,Kawhi Leonard,1610612759,SAS,San Antonio Spurs,0021500713,2016-01-30,SAS @ CLE,L,35,7,15,0.467,3,7,0.429,7,8,0.875,1,5,6,2,0,0,2,2,24,-14,32.2,1,2015-16
22015,202687,Bismack Biyombo,1610612761,TOR,Toronto Raptors,0021500708,2016-01-30,TOR vs. DET,W,21,3,6,0.5,0,0,,6,8,0.75,3,10,13,0,0,3,0,2,12,14,36.6,1,2015-16
22015,201596,Mario Chalmers,1610612763,MEM,Memphis Grizzlies,0021500712,2016-01-30,MEM vs. SAC,W,18,2,7,0.286,0,2,0.0,2,4,0.5,1,1,2,5,2,0,1,2,6,3,20.9,1,2015-16
22015,203488,Mike Muscala,1610612737,ATL,Atlanta Hawks,0021500715,2016-01-31,ATL @ MIA,L,2,0,0,,0,0,,2,2,1.0,0,0,0,0,0,0,0,0,2,-3,2.0,1,2015-16
22015,203501,Tim Hardaway Jr.,1610612737,ATL,Atlanta Hawks,0021500715,2016-01-31,ATL @ MIA,L,20,3,6,0.5,0,2,0.0,4,4,1.0,0,1,1,0,1,0,0,1,10,-7,14.2,1,2015-16
22015,203946,Cameron Bairstow,1610612741,CHI,Chicago Bulls,0021500714,2016-01-31,CHI @ LAC,L,4,0,1,0.0,0,0,,0,0,,0,2,2,0,0,0,0,0,0,-11,2.4,1,2015-16
22015,2585,Zaza Pachulia,1610612742,DAL,Dallas Mavericks,0021500717,2016-01-31,DAL vs. PHX,W,36,3,7,0.429,0,0,,3,4,0.75,4,11,15,2,1,0,3,3,9,11,30.0,1,2015-16
22015,203939,Dwight Powell,1610612742,DAL,Dallas Mavericks,0021500717,2016-01-31,DAL vs. PHX,W,12,2,2,1.0,0,0,,2,2,1.0,1,3,4,0,0,0,0,1,6,12,10.8,1,2015-16
22015,101106,Andrew Bogut,1610612744,GSW,Golden State Warriors,0021500718,2016-01-31,GSW @ NYK,W,14,0,1,0.0,0,0,,0,0,,1,11,12,4,0,0,3,4,0,0,17.4,1,2015-16
22015,203110,Draymond Green,1610612744,GSW,Golden State Warriors,0021500718,2016-01-31,GSW @ NYK,W,37,9,9,1.0,2,2,1.0,0,2,0.0,1,9,10,10,2,2,4,2,20,27,55.0,1,2015-16
22015,2037,Jamal Crawford,1610612746,LAC,LA Clippers,0021500714,2016-01-31,LAC vs. CHI,W,26,11,15,0.733,2,3,0.667,2,2,1.0,0,1,1,3,1,1,1,1,26,12,36.7,1,2015-16
22015,201599,DeAndre Jordan,1610612746,LAC,LA Clippers,0021500714,2016-01-31,LAC vs. CHI,W,36,6,7,0.857,0,0,,5,8,0.625,5,15,20,4,1,4,1,1,17,18,61.0,1,2015-16
22015,201601,Luc Mbah a Moute,1610612746,LAC,LA Clippers,0021500714,2016-01-31,LAC vs. CHI,W,25,2,6,0.333,1,2,0.5,0,0,,1,1,2,2,2,0,1,3,5,18,15.4,1,2015-16
22015,203143,Pablo Prigioni,1610612746,LAC,LA Clippers,0021500714,2016-01-31,LAC vs. CHI,W,12,1,1,1.0,1,1,1.0,0,0,,0,3,3,0,0,0,0,1,3,11,6.6,1,2015-16
22015,101138,Brandon Bass,1610612747,LAL,Los Angeles Lakers,0021500720,2016-01-31,LAL vs. CHA,L,20,0,4,0.0,0,0,,2,2,1.0,1,0,1,2,0,1,0,2,2,-9,9.2,1,2015-16
22015,2757,Beno Udrih,1610612748,MIA,Miami Heat,0021500715,2016-01-31,MIA vs. ATL,W,25,3,7,0.429,0,3,0.0,0,0,,1,0,1,2,1,0,4,3,6,1,9.2,1,2015-16
22015,201593,Nikola Pekovic,1610612750,MIN,Minnesota Timberwolves,0021500719,2016-01-31,MIN @ POR,L,6,0,1,0.0,0,0,,0,0,,1,2,3,0,0,0,0,1,0,-5,3.6,1,2015-16
22015,201937,Ricky Rubio,1610612750,MIN,Minnesota Timberwolves,0021500719,2016-01-31,MIN @ POR,L,29,6,7,0.857,1,1,1.0,2,5,0.4,0,4,4,9,3,0,0,4,15,9,42.3,1,2015-16
22015,202498,Lance Thomas,1610612752,NYK,New York Knicks,0021500718,2016-01-31,NYK vs. GSW,L,19,0,2,0.0,0,1,0.0,2,2,1.0,0,1,1,0,1,0,2,1,2,-6,4.2,1,2015-16
22015,1626170,Jerian Grant,1610612752,NYK,New York Knicks,0021500718,2016-01-31,NYK vs. GSW,L,17,1,4,0.25,0,1,0.0,1,1,1.0,0,1,1,2,0,0,0,2,3,-5,7.2,1,2015-16
22015,202699,Tobias Harris,1610612753,ORL,Orlando Magic,0021500716,2016-01-31,ORL vs. BOS,W,40,6,9,0.667,1,3,0.333,3,3,1.0,2,4,6,0,3,0,2,1,16,8,30.2,1,2015-16
22015,203095,Evan Fournier,1610612753,ORL,Orlando Magic,0021500716,2016-01-31,ORL vs. BOS,W,23,6,8,0.75,4,5,0.8,8,11,0.727,0,3,3,2,2,0,4,3,24,1,32.6,1,2015-16
22015,203901,Elfrid Payton,1610612753,ORL,Orlando Magic,0021500716,2016-01-31,ORL vs. BOS,W,15,3,5,0.6,1,2,0.5,2,2,1.0,2,2,4,1,0,0,3,4,9,-6,12.3,1,2015-16
22015,2199,Tyson Chandler,1610612756,PHX,Phoenix Suns,0021500717,2016-01-31,PHX @ DAL,L,33,6,8,0.75,0,0,,0,3,0.0,5,8,13,2,1,1,1,2,12,-17,35.6,1,2015-16
22015,203458,Alex Len,1610612756,PHX,Phoenix Suns,0021500717,2016-01-31,PHX @ DAL,L,15,2,2,1.0,0,0,,2,2,1.0,0,8,8,0,0,3,0,1,6,4,24.6,1,2015-16
22015,202334,Ed Davis,1610612757,POR,Portland Trail Blazers,0021500719,2016-01-31,POR vs. MIN,W,28,1,2,0.5,0,0,,6,7,0.857,1,3,4,2,1,0,0,1,8,10,18.8,1,2015-16
22015,203468,CJ McCollum,1610612757,POR,Portland Trail Blazers,0021500719,2016-01-31,POR vs. MIN,W,33,9,19,0.474,0,3,0.0,3,3,1.0,0,1,1,1,2,0,4,3,21,-14,25.7,1,2015-16
22015,203943,Noah Vonleh,1610612757,POR,Portland Trail Blazers,0021500719,2016-01-31,POR vs. MIN,W,16,1,4,0.25,0,1,0.0,0,0,,2,6,8,0,0,1,0,0,2,-11,14.6,1,2015-16
22015,201150,Spencer Hawes,1610612766,CHA,Charlotte Hornets,0021500720,2016-01-31,CHA @ LAL,W,28,2,8,0.25,0,3,0.0,0,0,,1,5,6,5,1,2,1,1,4,14,26.7,1,2015-16
22015,1626151,Aaron Harrison,1610612766,CHA,Charlotte Hornets,0021500720,2016-01-31,CHA @ LAL,W,3,0,2,0.0,0,0,,0,0,,0,0,0,0,1,0,0,1,0,-5,3.0,1,2015-16
22015,1626163,Frank Kaminsky,1610612766,CHA,Charlotte Hornets,0021500720,2016-01-31,CHA @ LAL,W,23,5,9,0.556,0,1,0.0,1,3,0.333,1,2,3,3,0,2,0,2,11,0,25.1,1,2015-16
22015,201168,Tiago Splitter,1610612737,ATL,Atlanta Hawks,0021500715,2016-01-31,ATL @ MIA,L,15,1,2,0.5,0,0,,3,4,0.75,0,5,5,0,1,0,0,1,5,8,14.0,1,2015-16
22015,203118,Mike Scott,1610612737,ATL,Atlanta Hawks,0021500715,2016-01-31,ATL @ MIA,L,6,0,0,,0,0,,0,0,,0,0,0,0,0,0,0,2,0,-7,0.0,1,2015-16
22015,203471,Dennis Schröder,1610612737,ATL,Atlanta Hawks,0021500715,2016-01-31,ATL @ MIA,L,21,4,12,0.333,1,4,0.25,2,2,1.0,1,2,3,3,0,0,2,2,11,1,17.1,1,2015-16
22015,202340,Avery Bradley,1610612738,BOS,Boston Celtics,0021500716,2016-01-31,BOS @ ORL,L,39,8,21,0.381,3,12,0.25,3,3,1.0,1,3,4,2,3,0,2,0,22,-2,36.8,1,2015-16
22015,203109,Jae Crowder,1610612738,BOS,Boston Celtics,0021500716,2016-01-31,BOS @ ORL,L,25,2,8,0.25,1,6,0.167,0,0,,0,3,3,1,1,0,0,0,5,-14,13.1,1,2015-16
22015,203482,Kelly Olynyk,1610612738,BOS,Boston Celtics,0021500716,2016-01-31,BOS @ ORL,L,25,3,9,0.333,0,5,0.0,3,4,0.75,1,2,3,3,0,0,1,0,9,5,16.1,1,2015-16
22015,201959,Taj Gibson,1610612741,CHI,Chicago Bulls,0021500714,2016-01-31,CHI @ LAC,L,30,3,8,0.375,0,0,,1,2,0.5,5,6,11,1,0,2,0,5,7,-1,27.7,1,2015-16
22015,202710,Jimmy Butler III,1610612741,CHI,Chicago Bulls,0021500714,2016-01-31,CHI @ LAC,L,37,8,22,0.364,2,4,0.5,5,7,0.714,1,0,1,0,1,0,0,0,23,-9,27.2,1,2015-16
22015,202083,Wesley Matthews,1610612742,DAL,Dallas Mavericks,0021500717,2016-01-31,DAL vs. PHX,W,34,2,12,0.167,1,8,0.125,2,2,1.0,1,3,4,1,1,0,0,3,7,4,16.3,1,2015-16
22015,201939,Stephen Curry,1610612744,GSW,Golden State Warriors,0021500718,2016-01-31,GSW @ NYK,W,32,5,17,0.294,3,11,0.273,0,0,,0,4,4,4,3,0,3,1,13,10,29.8,1,2015-16
22015,1718,Paul Pierce,1610612746,LAC,LA Clippers,0021500714,2016-01-31,LAC vs. CHI,W,16,0,6,0.0,0,5,0.0,0,0,,0,1,1,2,0,0,1,1,0,-3,3.2,1,2015-16
22015,202362,Lance Stephenson,1610612746,LAC,LA Clippers,0021500714,2016-01-31,LAC vs. CHI,W,9,1,3,0.333,0,1,0.0,0,0,,1,5,6,1,1,0,1,2,2,11,12.7,1,2015-16
22015,977,Kobe Bryant,1610612747,LAL,Los Angeles Lakers,0021500720,2016-01-31,LAL vs. CHA,L,23,8,18,0.444,4,8,0.5,3,3,1.0,1,7,8,3,2,0,0,1,23,1,43.1,1,2015-16
22015,1626156,D'Angelo Russell,1610612747,LAL,Los Angeles Lakers,0021500720,2016-01-31,LAL vs. CHA,L,30,3,5,0.6,0,2,0.0,4,5,0.8,0,6,6,1,0,1,5,3,10,-10,16.7,1,2015-16
22015,101123,Gerald Green,1610612748,MIA,Miami Heat,0021500715,2016-01-31,MIA vs. ATL,W,21,3,6,0.5,1,3,0.333,0,0,,0,4,4,1,1,0,2,2,7,-1,14.3,1,2015-16
22015,201609,Goran Dragic,1610612748,MIA,Miami Heat,0021500715,2016-01-31,MIA vs. ATL,W,23,4,10,0.4,0,3,0.0,1,2,0.5,0,2,2,4,1,0,1,5,9,17,19.4,1,2015-16
22015,203950,Jarnell Stokes,1610612748,MIA,Miami Heat,0021500715,2016-01-31,MIA vs. ATL,W,1,1,1,1.0,0,0,,0,0,,0,1,1,0,0,0,0,0,2,2,3.2,1,2015-16
22015,1889,Andre Miller,1610612750,MIN,Minnesota Timberwolves,0021500719,2016-01-31,MIN @ POR,L,12,3,3,1.0,0,0,,0,0,,1,1,2,1,0,0,4,2,6,-10,5.9,1,2015-16
22015,203476,Gorgui Dieng,1610612750,MIN,Minnesota Timberwolves,0021500719,2016-01-31,MIN @ POR,L,38,4,8,0.5,0,2,0.0,5,6,0.833,1,9,10,2,0,1,1,4,13,5,30.0,1,2015-16
22015,1626157,Karl-Anthony Towns,1610612750,MIN,Minnesota Timberwolves,0021500719,2016-01-31,MIN @ POR,L,39,9,18,0.5,1,2,0.5,2,4,0.5,6,7,13,2,2,3,3,0,21,5,51.6,1,2015-16
22015,2546,Carmelo Anthony,1610612752,NYK,New York Knicks,0021500718,2016-01-31,NYK vs. GSW,L,36,8,18,0.444,0,2,0.0,8,9,0.889,1,9,10,2,0,2,3,2,24,-14,42.0,1,2015-16
22015,203648,Thanasis Antetokounmpo,1610612752,NYK,New York Knicks,0021500718,2016-01-31,NYK vs. GSW,L,4,2,3,0.667,0,1,0.0,0,0,,0,1,1,0,0,0,0,1,4,-3,5.2,1,2015-16
22015,200782,P.J. Tucker,1610612756,PHX,Phoenix Suns,0021500717,2016-01-31,PHX @ DAL,L,42,1,5,0.2,0,2,0.0,0,0,,0,5,5,1,1,0,2,3,2,-15,10.5,1,2015-16
22015,203141,Mirza Teletovic,1610612756,PHX,Phoenix Suns,0021500717,2016-01-31,PHX @ DAL,L,21,3,11,0.273,2,6,0.333,6,6,1.0,1,0,1,0,0,1,2,4,14,-14,16.2,1,2015-16
22015,202329,Al-Farouq Aminu,1610612757,POR,Portland Trail Blazers,0021500719,2016-01-31,POR vs. MIN,W,31,2,6,0.333,1,2,0.5,1,2,0.5,2,4,6,2,1,2,1,2,6,-2,24.2,1,2015-16
22015,203486,Mason Plumlee,1610612757,POR,Portland Trail Blazers,0021500719,2016-01-31,POR vs. MIN,W,20,2,5,0.4,0,0,,2,2,1.0,1,2,3,1,0,1,0,2,6,-7,14.1,1,2015-16
22015,2594,Kyle Korver,1610612737,ATL,Atlanta Hawks,0021500715,2016-01-31,ATL @ MIA,L,24,0,6,0.0,0,2,0.0,0,1,0.0,0,3,3,0,2,0,1,1,0,-14,8.6,1,2015-16
22015,202714,Shelvin Mack,1610612737,ATL,Atlanta Hawks,0021500715,2016-01-31,ATL @ MIA,L,2,0,2,0.0,0,1,0.0,0,0,,0,0,0,0,0,0,0,0,0,-3,0.0,1,2015-16
22015,201973,Jonas Jerebko,1610612738,BOS,Boston Celtics,0021500716,2016-01-31,BOS @ ORL,L,19,2,4,0.5,2,4,0.5,2,4,0.5,1,4,5,1,1,0,0,6,8,10,18.5,1,2015-16
22015,202323,Evan Turner,1610612738,BOS,Boston Celtics,0021500716,2016-01-31,BOS @ ORL,L,27,4,7,0.571,0,0,,0,0,,0,2,2,5,0,1,2,3,8,-1,18.9,1,2015-16
22015,203096,Jared Sullinger,1610612738,BOS,Boston Celtics,0021500716,2016-01-31,BOS @ ORL,L,18,2,7,0.286,0,1,0.0,1,2,0.5,1,3,4,0,0,0,0,3,5,0,9.8,1,2015-16
22015,203935,Marcus Smart,1610612738,BOS,Boston Celtics,0021500716,2016-01-31,BOS @ ORL,L,28,8,16,0.5,5,9,0.556,5,5,1.0,2,3,5,0,2,0,0,1,26,-2,38.0,1,2015-16
22015,201565,Derrick Rose,1610612741,CHI,Chicago Bulls,0021500714,2016-01-31,CHI @ LAC,L,33,10,17,0.588,0,0,,0,0,,0,5,5,4,0,0,3,2,20,-14,29.0,1,2015-16
22015,203926,Doug McDermott,1610612741,CHI,Chicago Bulls,0021500714,2016-01-31,CHI @ LAC,L,21,2,7,0.286,2,4,0.5,0,0,,0,1,1,0,0,0,1,1,6,-19,6.2,1,2015-16
22015,1626171,Bobby Portis,1610612741,CHI,Chicago Bulls,0021500714,2016-01-31,CHI @ LAC,L,18,4,9,0.444,0,2,0.0,0,0,,2,4,6,1,0,0,0,0,8,-26,16.7,1,2015-16
22015,101111,Charlie Villanueva,1610612742,DAL,Dallas Mavericks,0021500717,2016-01-31,DAL vs. PHX,W,10,1,3,0.333,1,3,0.333,0,0,,3,1,4,0,1,0,1,2,3,-14,9.8,1,2015-16
22015,200826,J.J. Barea,1610612742,DAL,Dallas Mavericks,0021500717,2016-01-31,DAL vs. PHX,W,25,4,10,0.4,2,4,0.5,0,0,,0,1,1,1,0,0,2,2,10,-8,10.7,1,2015-16
22015,2738,Andre Iguodala,1610612744,GSW,Golden State Warriors,0021500718,2016-01-31,GSW @ NYK,W,23,2,2,1.0,1,1,1.0,3,6,0.5,0,4,4,4,0,0,2,2,8,6,16.8,1,2015-16
22015,203546,Ian Clark,1610612744,GSW,Golden State Warriors,0021500718,2016-01-31,GSW @ NYK,W,4,0,2,0.0,0,2,0.0,4,4,1.0,0,0,0,0,0,0,0,0,4,3,4.0,1,2015-16
22015,200755,JJ Redick,1610612746,LAC,LA Clippers,0021500714,2016-01-31,LAC vs. CHI,W,27,7,11,0.636,4,4,1.0,3,4,0.75,0,4,4,1,1,0,0,2,21,15,30.3,1,2015-16
22015,203085,Austin Rivers,1610612746,LAC,LA Clippers,0021500714,2016-01-31,LAC vs. CHI,W,21,5,7,0.714,5,6,0.833,1,2,0.5,0,1,1,1,0,0,3,1,16,12,15.7,1,2015-16
22015,203527,Ryan Kelly,1610612747,LAL,Los Angeles Lakers,0021500720,2016-01-31,LAL vs. CHA,L,17,3,9,0.333,0,3,0.0,0,2,0.0,0,6,6,0,3,1,2,3,6,-15,23.2,1,2015-16
22015,2548,Dwyane Wade,1610612748,MIA,Miami Heat,0021500715,2016-01-31,MIA vs. ATL,W,29,5,12,0.417,0,0,,7,8,0.875,0,4,4,8,2,1,3,1,17,12,39.8,1,2015-16
22015,2736,Luol Deng,1610612748,MIA,Miami Heat,0021500715,2016-01-31,MIA vs. ATL,W,32,7,14,0.5,2,5,0.4,1,2,0.5,2,2,4,3,2,0,1,1,17,11,31.3,1,2015-16
22015,1626196,Josh Richardson,1610612748,MIA,Miami Heat,0021500715,2016-01-31,MIA vs. ATL,W,1,0,0,,0,0,,0,0,,0,0,0,0,0,0,0,0,0,2,0.0,1,2015-16
22015,202357,Nemanja Bjelica,1610612750,MIN,Minnesota Timberwolves,0021500719,2016-01-31,MIN @ POR,L,12,1,2,0.5,0,0,,0,0,,1,2,3,1,1,0,1,3,2,-12,9.1,1,2015-16
22015,201577,Robin Lopez,1610612752,NYK,New York Knicks,0021500718,2016-01-31,NYK vs. GSW,L,18,3,5,0.6,0,0,,0,0,,2,3,5,2,0,2,0,0,6,-3,21.0,1,2015-16
22015,204001,Kristaps Porziņģis,1610612752,NYK,New York Knicks,0021500718,2016-01-31,NYK vs. GSW,L,20,3,8,0.375,2,2,1.0,6,8,0.75,3,3,6,1,1,0,2,3,14,-18,23.7,1,2015-16
22015,202696,Nikola Vučević,1610612753,ORL,Orlando Magic,0021500716,2016-01-31,ORL vs. BOS,W,35,6,17,0.353,0,0,,4,8,0.5,3,10,13,7,0,3,0,2,16,12,51.1,1,2015-16
22015,203462,Archie Goodwin,1610612756,PHX,Phoenix Suns,0021500717,2016-01-31,PHX @ DAL,L,36,1,11,0.091,0,3,0.0,1,2,0.5,2,2,4,0,1,0,3,3,3,-16,7.8,1,2015-16
22015,203895,Jordan McRae,1610612756,PHX,Phoenix Suns,0021500717,2016-01-31,PHX @ DAL,L,13,1,3,0.333,0,2,0.0,2,2,1.0,1,0,1,1,0,0,3,0,4,8,3.7,1,2015-16
22015,203086,Meyers Leonard,1610612757,POR,Portland Trail Blazers,0021500719,2016-01-31,POR vs. MIN,W,32,5,11,0.455,3,7,0.429,0,0,,1,5,6,1,0,1,3,4,13,16,21.7,1,2015-16
22015,203584,Troy Daniels,1610612766,CHA,Charlotte Hornets,0021500720,2016-01-31,CHA @ LAL,W,14,4,10,0.4,1,4,0.25,0,0,,0,5,5,1,0,0,1,0,9,5,15.5,1,2015-16
22015,200757,Thabo Sefolosha,1610612737,ATL,Atlanta Hawks,0021500715,2016-01-31,ATL @ MIA,L,19,1,2,0.5,0,0,,0,0,,0,0,0,0,0,0,0,0,2,-4,2.0,1,2015-16
22015,203934,Lamar Patterson,1610612737,ATL,Atlanta Hawks,0021500715,2016-01-31,ATL @ MIA,L,2,0,2,0.0,0,1,0.0,0,0,,0,0,0,0,0,0,0,0,0,-3,0.0,1,2015-16
22015,202738,Isaiah Thomas,1610612738,BOS,Boston Celtics,0021500716,2016-01-31,BOS @ ORL,L,32,7,16,0.438,5,9,0.556,4,5,0.8,1,3,4,4,2,0,3,6,23,-14,36.8,1,2015-16
22015,203923,James Young,1610612738,BOS,Boston Celtics,0021500716,2016-01-31,BOS @ ORL,L,0,0,0,,0,0,,0,0,,0,0,0,0,0,0,0,0,0,0,0.0,1,2015-16
22015,2200,Pau Gasol,1610612741,CHI,Chicago Bulls,0021500714,2016-01-31,CHI @ LAC,L,29,7,10,0.7,0,0,,1,1,1.0,3,11,14,5,0,0,4,1,15,-6,35.3,1,2015-16
22015,2550,Kirk Hinrich,1610612741,CHI,Chicago Bulls,0021500714,2016-01-31,CHI @ LAC,L,11,0,2,0.0,0,0,,0,0,,0,1,1,0,0,0,0,3,0,-8,1.2,1,2015-16
22015,201166,Aaron Brooks,1610612741,CHI,Chicago Bulls,0021500714,2016-01-31,CHI @ LAC,L,17,1,5,0.2,0,2,0.0,0,0,,0,0,0,3,1,0,1,2,2,-20,8.5,1,2015-16
22015,203503,Tony Snell,1610612741,CHI,Chicago Bulls,0021500714,2016-01-31,CHI @ LAC,L,10,1,5,0.2,0,1,0.0,0,0,,0,0,0,0,0,1,0,1,2,-14,5.0,1,2015-16
22015,101109,Raymond Felton,1610612742,DAL,Dallas Mavericks,0021500717,2016-01-31,DAL vs. PHX,W,36,2,8,0.25,0,0,,6,6,1.0,2,4,6,6,3,0,0,1,10,17,35.2,1,2015-16
22015,201580,JaVale McGee,1610612742,DAL,Dallas Mavericks,0021500717,2016-01-31,DAL vs. PHX,W,8,2,2,1.0,0,0,,0,0,,1,1,2,0,0,1,1,3,4,5,8.4,1,2015-16
22015,1626147,Justin Anderson,1610612742,DAL,Dallas Mavericks,0021500717,2016-01-31,DAL vs. PHX,W,4,0,0,,0,0,,0,0,,0,1,1,0,0,0,1,0,0,1,0.2,1,2015-16
22015,201574,Jason Thompson,1610612744,GSW,Golden State Warriors,0021500718,2016-01-31,GSW @ NYK,W,3,0,0,,0,0,,1,2,0.5,0,0,0,0,0,1,0,0,1,2,4.0,1,2015-16
22015,203084,Harrison Barnes,1610612744,GSW,Golden State Warriors,0021500718,2016-01-31,GSW @ NYK,W,31,3,8,0.375,1,2,0.5,0,0,,1,2,3,1,0,0,1,3,7,17,11.1,1,2015-16
22015,101108,Chris Paul,1610612746,LAC,LA Clippers,0021500714,2016-01-31,LAC vs. CHI,W,33,8,16,0.5,1,4,0.25,2,2,1.0,0,1,1,7,2,0,1,0,19,16,35.7,1,2015-16
22015,201965,Jeff Ayres,1610612746,LAC,LA Clippers,0021500714,2016-01-31,LAC vs. CHI,W,3,0,0,,0,0,,0,0,,0,1,1,1,0,1,0,0,0,6,5.7,1,2015-16
22015,202325,Wesley Johnson,1610612746,LAC,LA Clippers,0021500714,2016-01-31,LAC vs. CHI,W,20,4,8,0.5,3,5,0.6,0,1,0.0,0,2,2,1,0,0,0,2,11,10,14.9,1,2015-16
22015,202332,Cole Aldrich,1610612746,LAC,LA Clippers,0021500714,2016-01-31,LAC vs. CHI,W,10,0,1,0.0,0,0,,0,0,,0,4,4,3,0,0,2,1,0,3,7.3,1,2015-16
22015,101150,Lou Williams,1610612747,LAL,Los Angeles Lakers,0021500720,2016-01-31,LAL vs. CHA,L,29,1,10,0.1,1,6,0.167,8,8,1.0,0,2,2,2,1,1,3,0,11,-23,19.4,1,2015-16
22015,201156,Nick Young,1610612747,LAL,Los Angeles Lakers,0021500720,2016-01-31,LAL vs. CHA,L,25,0,6,0.0,0,5,0.0,2,2,1.0,0,3,3,1,0,0,0,1,2,-20,7.1,1,2015-16
22015,203135,Robert Sacre,1610612747,LAL,Los Angeles Lakers,0021500720,2016-01-31,LAL vs. CHA,L,7,1,1,1.0,0,0,,0,0,,0,2,2,0,0,1,0,0,2,3,7.4,1,2015-16
22015,2547,Chris Bosh,1610612748,MIA,Miami Heat,0021500715,2016-01-31,MIA vs. ATL,W,33,6,14,0.429,2,4,0.5,4,4,1.0,0,7,7,2,0,0,1,4,18,16,28.4,1,2015-16
22015,203498,Shabazz Muhammad,1610612750,MIN,Minnesota Timberwolves,0021500719,2016-01-31,MIN @ POR,L,13,0,3,0.0,0,2,0.0,0,0,,0,0,0,0,0,0,2,3,0,-1,-2.0,1,2015-16
22015,200811,Lou Amundson,1610612752,NYK,New York Knicks,0021500718,2016-01-31,NYK vs. GSW,L,6,1,5,0.2,0,0,,0,0,,1,0,1,2,0,0,1,3,2,-2,5.2,1,2015-16
22015,201160,Jason Smith,1610612753,ORL,Orlando Magic,0021500716,2016-01-31,ORL vs. BOS,W,20,2,4,0.5,0,0,,0,0,,1,0,1,4,0,0,0,2,4,-9,11.2,1,2015-16
22015,203473,Dewayne Dedmon,1610612753,ORL,Orlando Magic,0021500716,2016-01-31,ORL vs. BOS,W,8,1,2,0.5,0,0,,1,2,0.5,0,3,3,1,0,1,1,2,3,-8,10.1,1,2015-16
22015,203932,Aaron Gordon,1610612753,ORL,Orlando Magic,0021500716,2016-01-31,ORL vs. BOS,W,39,8,11,0.727,0,2,0.0,3,9,0.333,3,11,14,5,0,2,0,4,19,7,49.3,1,2015-16
22015,201603,Sonny Weems,1610612756,PHX,Phoenix Suns,0021500717,2016-01-31,PHX @ DAL,L,13,2,6,0.333,1,2,0.5,0,0,,0,1,1,1,0,0,1,0,5,-12,6.7,1,2015-16
22015,202693,Markieff Morris,1610612756,PHX,Phoenix Suns,0021500717,2016-01-31,PHX @ DAL,L,26,5,13,0.385,0,2,0.0,3,4,0.75,2,2,4,4,4,0,3,1,13,3,32.8,1,2015-16
22015,203459,Allen Crabbe,1610612757,POR,Portland Trail Blazers,0021500719,2016-01-31,POR vs. MIN,W,23,4,7,0.571,0,2,0.0,0,0,,0,3,3,0,1,0,3,4,8,6,11.6,1,2015-16
22015,203148,Brian Roberts,1610612766,CHA,Charlotte Hornets,0021500720,2016-01-31,CHA @ LAL,W,24,3,11,0.273,0,2,0.0,2,2,1.0,0,3,3,2,0,0,0,2,8,6,14.6,1,2015-16
22015,201143,Al Horford,1610612737,ATL,Atlanta Hawks,0021500715,2016-01-31,ATL @ MIA,L,34,6,10,0.6,3,3,1.0,2,2,1.0,0,4,4,2,1,2,3,5,17,-26,30.8,1,2015-16
22015,201952,Jeff Teague,1610612737,ATL,Atlanta Hawks,0021500715,2016-01-31,ATL @ MIA,L,26,3,11,0.273,0,5,0.0,9,9,1.0,0,0,0,6,2,1,2,6,15,-14,31.0,1,2015-16
22015,203145,Kent Bazemore,1610612737,ATL,Atlanta Hawks,0021500715,2016-01-31,ATL @ MIA,L,33,4,6,0.667,0,2,0.0,0,2,0.0,0,10,10,1,1,0,5,0,8,-9,19.5,1,2015-16
22015,101161,Amir Johnson,1610612738,BOS,Boston Celtics,0021500716,2016-01-31,BOS @ ORL,L,27,3,5,0.6,0,0,,2,2,1.0,6,5,11,1,0,1,2,3,8,-7,23.7,1,2015-16
22015,101114,Deron Williams,1610612742,DAL,Dallas Mavericks,0021500717,2016-01-31,DAL vs. PHX,W,36,10,19,0.526,2,6,0.333,5,5,1.0,1,2,3,4,1,0,4,2,27,20,35.6,1,2015-16
22015,202718,Chandler Parsons,1610612742,DAL,Dallas Mavericks,0021500717,2016-01-31,DAL vs. PHX,W,36,5,14,0.357,2,8,0.25,3,4,0.75,0,2,2,1,2,0,2,2,15,20,22.9,1,2015-16
22015,1626257,Salah Mejri,1610612742,DAL,Dallas Mavericks,0021500717,2016-01-31,DAL vs. PHX,W,4,0,1,0.0,0,0,,0,0,,0,0,0,0,0,0,0,0,0,-3,0.0,1,2015-16
22015,2571,Leandro Barbosa,1610612744,GSW,Golden State Warriors,0021500718,2016-01-31,GSW @ NYK,W,20,2,4,0.5,1,1,1.0,3,4,0.75,0,2,2,1,0,0,1,0,8,3,10.9,1,2015-16
22015,2733,Shaun Livingston,1610612744,GSW,Golden State Warriors,0021500718,2016-01-31,GSW @ NYK,W,16,4,4,1.0,1,1,1.0,2,2,1.0,0,0,0,3,2,0,1,1,11,11,20.5,1,2015-16
22015,201575,Brandon Rush,1610612744,GSW,Golden State Warriors,0021500718,2016-01-31,GSW @ NYK,W,15,1,3,0.333,1,1,1.0,0,0,,0,3,3,0,0,2,0,1,3,1,12.6,1,2015-16
22015,201578,Marreese Speights,1610612744,GSW,Golden State Warriors,0021500718,2016-01-31,GSW @ NYK,W,11,2,5,0.4,1,2,0.5,2,2,1.0,0,5,5,2,0,0,0,2,7,1,16.0,1,2015-16
22015,202691,Klay Thompson,1610612744,GSW,Golden State Warriors,0021500718,2016-01-31,GSW @ NYK,W,32,14,18,0.778,5,6,0.833,1,1,1.0,0,1,1,2,1,0,3,5,34,24,38.2,1,2015-16
22015,203912,C.J. Wilcox,1610612746,LAC,LA Clippers,0021500714,2016-01-31,LAC vs. CHI,W,3,0,3,0.0,0,1,0.0,0,0,,0,0,0,0,0,0,0,0,0,6,0.0,1,2015-16
22015,201579,Roy Hibbert,1610612747,LAL,Los Angeles Lakers,0021500720,2016-01-31,LAL vs. CHA,L,21,0,4,0.0,0,0,,0,0,,1,1,2,0,0,3,1,2,0,-13,10.4,1,2015-16
22015,203903,Jordan Clarkson,1610612747,LAL,Los Angeles Lakers,0021500720,2016-01-31,LAL vs. CHA,L,30,5,10,0.5,2,3,0.667,1,1,1.0,0,0,0,1,0,0,1,3,13,-10,13.5,1,2015-16
22015,2617,Udonis Haslem,1610612748,MIA,Miami Heat,0021500715,2016-01-31,MIA vs. ATL,W,1,0,0,,0,0,,0,0,,0,1,1,0,0,0,0,0,0,2,1.2,1,2015-16
22015,201177,Josh McRoberts,1610612748,MIA,Miami Heat,0021500715,2016-01-31,MIA vs. ATL,W,18,1,3,0.333,0,1,0.0,4,4,1.0,0,2,2,1,0,0,2,2,6,0,7.9,1,2015-16
22015,1626159,Justise Winslow,1610612748,MIA,Miami Heat,0021500715,2016-01-31,MIA vs. ATL,W,33,4,6,0.667,0,1,0.0,2,2,1.0,2,7,9,0,0,2,2,4,10,12,24.8,1,2015-16
22015,203897,Zach LaVine,1610612750,MIN,Minnesota Timberwolves,0021500719,2016-01-31,MIN @ POR,L,25,6,14,0.429,1,4,0.25,1,1,1.0,0,2,2,2,1,0,1,6,14,-11,21.4,1,2015-16
22015,203952,Andrew Wiggins,1610612750,MIN,Minnesota Timberwolves,0021500719,2016-01-31,MIN @ POR,L,34,3,18,0.167,0,4,0.0,9,12,0.75,5,4,9,2,0,0,3,0,15,11,25.8,1,2015-16
22015,2756,Sasha Vujacic,1610612752,NYK,New York Knicks,0021500718,2016-01-31,NYK vs. GSW,L,19,4,5,0.8,1,1,1.0,2,2,1.0,0,2,2,2,0,0,0,2,11,-9,16.4,1,2015-16
22015,201167,Arron Afflalo,1610612752,NYK,New York Knicks,0021500718,2016-01-31,NYK vs. GSW,L,38,2,12,0.167,1,3,0.333,0,0,,1,1,2,2,1,0,2,1,5,-13,11.4,1,2015-16
22015,203124,Kyle O'Quinn,1610612752,NYK,New York Knicks,0021500718,2016-01-31,NYK vs. GSW,L,8,2,3,0.667,0,0,,0,0,,1,2,3,0,0,0,1,1,4,-3,6.6,1,2015-16
22015,203506,Victor Oladipo,1610612753,ORL,Orlando Magic,0021500716,2016-01-31,ORL vs. BOS,W,28,5,13,0.385,1,6,0.167,0,0,,1,2,3,4,2,0,3,3,11,0,23.6,1,2015-16
22015,1626209,Mario Hezonja,1610612753,ORL,Orlando Magic,0021500716,2016-01-31,ORL vs. BOS,W,33,7,13,0.538,3,6,0.5,0,0,,0,3,3,3,0,0,2,3,17,20,23.1,1,2015-16
22015,203081,Damian Lillard,1610612757,POR,Portland Trail Blazers,0021500719,2016-01-31,POR vs. MIN,W,32,5,14,0.357,1,7,0.143,10,12,0.833,1,3,4,8,1,0,2,4,21,-2,38.8,1,2015-16
22015,101107,Marvin Williams,1610612766,CHA,Charlotte Hornets,0021500720,2016-01-31,CHA @ LAL,W,25,7,13,0.538,4,8,0.5,1,2,0.5,4,8,12,2,1,3,2,1,19,19,46.4,1,2015-16
22015,201946,Tyler Hansbrough,1610612766,CHA,Charlotte Hornets,0021500720,2016-01-31,CHA @ LAL,W,20,1,4,0.25,0,0,,2,5,0.4,1,2,3,0,2,1,0,3,4,5,16.6,1,2015-16
22015,202689,Kemba Walker,1610612766,CHA,Charlotte Hornets,0021500720,2016-01-31,CHA @ LAL,W,33,3,14,0.214,2,7,0.286,4,5,0.8,0,7,7,6,0,0,3,0,12,20,26.4,1,2015-16
22015,203077,Michael Kidd-Gilchrist,1610612766,CHA,Charlotte Hornets,0021500720,2016-01-31,CHA @ LAL,W,28,6,7,0.857,2,2,1.0,5,8,0.625,4,8,12,3,1,0,1,2,19,24,39.9,1,2015-16
22015,203798,PJ Hairston,1610612766,CHA,Charlotte Hornets,0021500720,2016-01-31,CHA @ LAL,W,20,3,8,0.375,3,6,0.5,0,0,,1,2,3,1,2,0,1,2,9,-5,19.1,1,2015-16
22015,200794,Paul Millsap,1610612737,ATL,Atlanta Hawks,0021500715,2016-01-31,ATL @ MIA,L,36,5,11,0.455,1,2,0.5,6,6,1.0,1,4,5,1,2,0,4,5,17,-9,26.5,1,2015-16
22015,202734,E'Twaun Moore,1610612741,CHI,Chicago Bulls,0021500714,2016-01-31,CHI @ LAC,L,30,4,7,0.571,1,2,0.5,1,1,1.0,0,1,1,5,0,1,0,5,10,-7,21.7,1,2015-16
22015,203944,Julius Randle,1610612747,LAL,Los Angeles Lakers,0021500720,2016-01-31,LAL vs. CHA,L,31,5,10,0.5,0,0,,0,0,,1,10,11,2,0,0,2,4,10,-4,24.2,1,2015-16
22015,1626273,Marcelo Huertas,1610612747,LAL,Los Angeles Lakers,0021500720,2016-01-31,LAL vs. CHA,L,7,1,3,0.333,1,2,0.5,0,0,,0,1,1,1,0,0,1,1,3,5,4.7,1,2015-16
22015,2405,Amar'e Stoudemire,1610612748,MIA,Miami Heat,0021500715,2016-01-31,MIA vs. ATL,W,21,5,8,0.625,0,0,,3,4,0.75,5,7,12,0,3,1,2,1,13,16,37.4,1,2015-16
22015,2419,Tayshaun Prince,1610612750,MIN,Minnesota Timberwolves,0021500719,2016-01-31,MIN @ POR,L,30,3,6,0.5,1,1,1.0,0,0,,0,3,3,1,3,0,1,0,7,-6,20.1,1,2015-16
22015,202682,Derrick Williams,1610612752,NYK,New York Knicks,0021500718,2016-01-31,NYK vs. GSW,L,24,4,12,0.333,1,3,0.333,2,2,1.0,3,3,6,1,0,0,0,2,11,-14,19.7,1,2015-16
22015,204038,Langston Galloway,1610612752,NYK,New York Knicks,0021500718,2016-01-31,NYK vs. GSW,L,32,3,13,0.231,1,4,0.25,2,2,1.0,0,3,3,5,3,0,0,2,9,-15,29.1,1,2015-16
22015,1626164,Devin Booker,1610612756,PHX,Phoenix Suns,0021500717,2016-01-31,PHX @ DAL,L,41,6,15,0.4,2,6,0.333,5,5,1.0,0,7,7,4,0,1,4,6,19,-6,32.4,1,2015-16
22015,201945,Gerald Henderson,1610612757,POR,Portland Trail Blazers,0021500719,2016-01-31,POR vs. MIN,W,25,3,8,0.375,1,5,0.2,4,4,1.0,0,2,2,1,1,0,0,1,11,19,17.9,1,2015-16
22015,202391,Jeremy Lin,1610612766,CHA,Charlotte Hornets,0021500720,2016-01-31,CHA @ LAL,W,22,2,10,0.2,1,3,0.333,1,1,1.0,2,3,5,5,0,0,1,2,6,12,18.5,1,2015-16
22015,203118,Mike Scott,1610612737,ATL,Atlanta Hawks,0021500723,2016-02-01,ATL vs. DAL,W,13,1,3,0.333,1,2,0.5,0,0,,0,1,1,1,0,0,0,1,3,2,5.7,1,2015-16
22015,203488,Mike Muscala,1610612737,ATL,Atlanta Hawks,0021500723,2016-02-01,ATL vs. DAL,W,17,3,4,0.75,0,1,0.0,0,0,,2,2,4,2,0,2,0,6,6,11,19.8,1,2015-16
22015,202681,Kyrie Irving,1610612739,CLE,Cleveland Cavaliers,0021500721,2016-02-01,CLE @ IND,W,41,10,20,0.5,1,4,0.25,4,4,1.0,0,3,3,7,0,0,3,2,25,-3,36.1,1,2015-16
22015,203521,Matthew Dellavedova,1610612739,CLE,Cleveland Cavaliers,0021500721,2016-02-01,CLE @ IND,W,12,0,4,0.0,0,1,0.0,0,0,,0,1,1,4,2,0,4,2,0,10,9.2,1,2015-16
22015,203076,Anthony Davis,1610612740,NOP,New Orleans Pelicans,0021500724,2016-02-01,NOP vs. MEM,L,37,10,20,0.5,1,2,0.5,2,3,0.667,3,6,9,3,1,1,1,1,23,-28,43.3,1,2015-16
22015,202734,E'Twaun Moore,1610612741,CHI,Chicago Bulls,0021500728,2016-02-01,CHI @ UTA,L,27,4,12,0.333,0,3,0.0,0,0,,0,2,2,0,0,2,1,2,8,-17,15.4,1,2015-16
22015,203926,Doug McDermott,1610612741,CHI,Chicago Bulls,0021500728,2016-02-01,CHI @ UTA,L,19,3,6,0.5,1,3,0.333,0,0,,0,2,2,0,0,0,2,2,7,2,7.4,1,2015-16
22015,1626171,Bobby Portis,1610612741,CHI,Chicago Bulls,0021500728,2016-02-01,CHI @ UTA,L,21,3,7,0.429,0,1,0.0,2,3,0.667,1,4,5,0,0,0,0,0,8,-12,14.0,1,2015-16
22015,101111,Charlie Villanueva,1610612742,DAL,Dallas Mavericks,0021500723,2016-02-01,DAL @ ATL,L,10,0,1,0.0,0,1,0.0,0,0,,0,0,0,0,0,0,0,0,0,-1,0.0,1,2015-16
22015,1626147,Justin Anderson,1610612742,DAL,Dallas Mavericks,0021500723,2016-02-01,DAL @ ATL,L,8,0,1,0.0,0,1,0.0,2,2,1.0,0,2,2,1,0,1,0,2,2,-4,8.9,1,2015-16
22015,201568,Danilo Gallinari,1610612743,DEN,Denver Nuggets,0021500727,2016-02-01,DEN vs. TOR,W,29,4,7,0.571,1,2,0.5,4,5,0.8,0,4,4,4,1,0,4,1,13,12,22.8,1,2015-16
22015,203914,Gary Harris,1610612743,DEN,Denver Nuggets,0021500727,2016-02-01,DEN vs. TOR,W,20,3,6,0.5,2,3,0.667,1,1,1.0,0,2,2,1,0,0,0,4,9,6,12.9,1,2015-16
22015,202328,Greg Monroe,1610612749,MIL,Milwaukee Bucks,0021500729,2016-02-01,MIL @ SAC,L,35,11,16,0.688,0,0,,2,3,0.667,5,7,12,3,1,1,1,1,24,-5,47.9,1,2015-16
22015,203114,Khris Middleton,1610612749,MIL,Milwaukee Bucks,0021500729,2016-02-01,MIL @ SAC,L,34,6,17,0.353,2,7,0.286,0,1,0.0,0,0,0,2,3,0,3,3,14,-1,23.0,1,2015-16
22015,203487,Michael Carter-Williams,1610612749,MIL,Milwaukee Bucks,0021500729,2016-02-01,MIL @ SAC,L,34,6,8,0.75,1,1,1.0,5,6,0.833,0,5,5,13,1,1,3,4,18,-1,46.5,1,2015-16
22015,203507,Giannis Antetokounmpo,1610612749,MIL,Milwaukee Bucks,0021500729,2016-02-01,MIL @ SAC,L,35,6,12,0.5,0,1,0.0,5,7,0.714,0,5,5,1,2,0,2,4,17,-12,28.5,1,2015-16
22015,203901,Elfrid Payton,1610612753,ORL,Orlando Magic,0021500726,2016-02-01,ORL @ SAS,L,32,3,12,0.25,0,1,0.0,0,1,0.0,3,2,5,8,1,1,1,2,6,-3,29.0,1,2015-16
22015,1626209,Mario Hezonja,1610612753,ORL,Orlando Magic,0021500726,2016-02-01,ORL @ SAS,L,29,2,8,0.25,0,2,0.0,0,0,,0,2,2,1,2,1,2,2,4,-9,14.9,1,2015-16
22015,1626167,Myles Turner,1610612754,IND,Indiana Pacers,0021500721,2016-02-01,IND vs. CLE,L,36,7,16,0.438,0,0,,0,0,,6,4,10,0,1,4,0,5,14,-3,41.0,1,2015-16
22015,201158,Marco Belinelli,1610612758,SAC,Sacramento Kings,0021500729,2016-02-01,SAC vs. MIL,W,36,5,15,0.333,2,9,0.222,6,7,0.857,1,2,3,6,1,0,2,3,18,10,31.6,1,2015-16
22015,201954,Darren Collison,1610612758,SAC,Sacramento Kings,0021500729,2016-02-01,SAC vs. MIL,W,22,5,11,0.455,1,4,0.25,3,4,0.75,0,3,3,0,0,0,2,3,14,-4,15.6,1,2015-16
22015,1626161,Willie Cauley-Stein,1610612758,SAC,Sacramento Kings,0021500729,2016-02-01,SAC vs. MIL,W,29,2,4,0.5,0,0,,0,0,,4,6,10,0,0,2,3,1,4,8,19.0,1,2015-16
22015,1626246,Boban Marjanovic,1610612759,SAS,San Antonio Spurs,0021500726,2016-02-01,SAS vs. ORL,W,3,0,0,,0,0,,2,2,1.0,0,0,0,0,0,1,0,0,2,1,5.0,1,2015-16
22015,201566,Russell Westbrook,1610612760,OKC,Oklahoma City Thunder,0021500725,2016-02-01,OKC vs. WAS,W,36,8,13,0.615,0,3,0.0,1,1,1.0,1,12,13,11,1,0,5,2,17,14,47.1,1,2015-16
22015,202335,Patrick Patterson,1610612761,TOR,Toronto Raptors,0021500727,2016-02-01,TOR @ DEN,L,23,1,6,0.167,1,5,0.2,0,0,,0,3,3,2,0,0,1,2,3,-16,8.6,1,2015-16
22015,202709,Cory Joseph,1610612761,TOR,Toronto Raptors,0021500727,2016-02-01,TOR @ DEN,L,28,2,8,0.25,1,2,0.5,2,2,1.0,1,1,2,2,2,0,1,0,7,-6,17.4,1,2015-16
22015,203512,Lucas Nogueira,1610612761,TOR,Toronto Raptors,0021500727,2016-02-01,TOR @ DEN,L,14,1,2,0.5,0,0,,2,2,1.0,1,0,1,0,2,1,1,3,4,-3,13.2,1,2015-16
22015,1626181,Norman Powell,1610612761,TOR,Toronto Raptors,0021500727,2016-02-01,TOR @ DEN,L,13,0,5,0.0,0,2,0.0,2,2,1.0,0,2,2,1,1,1,0,0,2,1,11.9,1,2015-16
22015,202330,Gordon Hayward,1610612762,UTA,Utah Jazz,0021500728,2016-02-01,UTA vs. CHI,W,44,9,20,0.45,1,6,0.167,8,10,0.8,3,9,12,7,1,0,3,3,27,3,51.9,1,2015-16
22015,201144,Mike Conley,1610612763,MEM,Memphis Grizzlies,0021500724,2016-02-01,MEM @ NOP,W,28,5,7,0.714,1,2,0.5,6,6,1.0,0,4,4,10,1,1,1,1,17,23,41.8,1,2015-16
22015,201188,Marc Gasol,1610612763,MEM,Memphis Grizzlies,0021500724,2016-02-01,MEM @ NOP,W,32,7,12,0.583,0,0,,0,2,0.0,0,3,3,7,0,2,2,3,14,21,32.1,1,2015-16
22015,2403,Nene,1610612764,WAS,Washington Wizards,0021500725,2016-02-01,WAS @ OKC,L,17,2,6,0.333,0,0,,1,1,1.0,0,2,2,0,0,0,2,2,5,-2,5.4,1,2015-16
22015,1626199,Darrun Hilliard,1610612765,DET,Detroit Pistons,0021500722,2016-02-01,DET @ BKN,W,5,0,0,,0,0,,1,2,0.5,0,1,1,0,0,0,0,0,1,-6,2.2,1,2015-16
22015,202714,Shelvin Mack,1610612737,ATL,Atlanta Hawks,0021500723,2016-02-01,ATL vs. DAL,W,4,2,4,0.5,0,1,0.0,0,0,,0,2,2,0,0,0,1,0,4,-2,5.4,1,2015-16
22015,203145,Kent Bazemore,1610612737,ATL,Atlanta Hawks,0021500723,2016-02-01,ATL vs. DAL,W,27,2,10,0.2,0,7,0.0,0,0,,0,9,9,3,0,0,2,2,4,-2,17.3,1,2015-16
22015,2747,JR Smith,1610612739,CLE,Cleveland Cavaliers,0021500721,2016-02-01,CLE @ IND,W,42,7,14,0.5,4,7,0.571,1,2,0.5,0,3,3,0,2,0,2,2,19,7,26.6,1,2015-16
22015,201582,Alexis Ajinca,1610612740,NOP,New Orleans Pelicans,0021500724,2016-02-01,NOP vs. MEM,L,9,1,1,1.0,0,0,,1,2,0.5,1,4,5,1,0,0,0,1,3,9,10.5,1,2015-16
22015,1626214,Bryce Dejean-Jones,1610612740,NOP,New Orleans Pelicans,0021500724,2016-02-01,NOP vs. MEM,L,24,3,7,0.429,1,3,0.333,2,2,1.0,3,2,5,1,2,0,0,0,9,-4,22.5,1,2015-16
22015,203503,Tony Snell,1610612741,CHI,Chicago Bulls,0021500728,2016-02-01,CHI @ UTA,L,7,1,1,1.0,1,1,1.0,0,0,,0,1,1,0,0,0,0,1,3,-1,4.2,1,2015-16
22015,101114,Deron Williams,1610612742,DAL,Dallas Mavericks,0021500723,2016-02-01,DAL @ ATL,L,8,0,5,0.0,0,1,0.0,0,0,,0,0,0,0,1,0,0,0,0,-5,3.0,1,2015-16
22015,200826,J.J. Barea,1610612742,DAL,Dallas Mavericks,0021500723,2016-02-01,DAL @ ATL,L,31,5,12,0.417,2,5,0.4,3,3,1.0,0,0,0,4,0,0,2,3,15,-7,19.0,1,2015-16
22015,202379,Jeremy Evans,1610612742,DAL,Dallas Mavericks,0021500723,2016-02-01,DAL @ ATL,L,3,0,1,0.0,0,1,0.0,0,0,,0,1,1,0,0,0,0,0,0,-4,1.2,1,2015-16
22015,203939,Dwight Powell,1610612742,DAL,Dallas Mavericks,0021500723,2016-02-01,DAL @ ATL,L,7,0,1,0.0,0,0,,2,2,1.0,0,2,2,0,0,0,1,2,2,-1,3.4,1,2015-16
22015,200751,Randy Foye,1610612743,DEN,Denver Nuggets,0021500727,2016-02-01,DEN vs. TOR,W,24,6,7,0.857,4,5,0.8,0,0,,0,5,5,3,1,2,3,4,16,10,32.5,1,2015-16
22015,201589,Darrell Arthur,1610612743,DEN,Denver Nuggets,0021500727,2016-02-01,DEN vs. TOR,W,18,0,2,0.0,0,2,0.0,0,0,,0,2,2,1,0,0,1,2,0,10,2.9,1,2015-16
22015,202702,Kenneth Faried,1610612743,DEN,Denver Nuggets,0021500727,2016-02-01,DEN vs. TOR,W,24,5,6,0.833,0,0,,3,3,1.0,0,7,7,2,1,0,2,1,13,13,25.4,1,2015-16
22015,203930,Sean Kilpatrick,1610612743,DEN,Denver Nuggets,0021500727,2016-02-01,DEN vs. TOR,W,17,1,3,0.333,0,2,0.0,0,0,,0,1,1,0,0,0,2,1,2,3,1.2,1,2015-16
22015,203994,Jusuf Nurkić,1610612743,DEN,Denver Nuggets,0021500727,2016-02-01,DEN vs. TOR,W,15,2,10,0.2,0,0,,0,0,,3,4,7,1,1,0,1,3,4,11,15.9,1,2015-16
22015,201152,Thaddeus Young,1610612751,BKN,Brooklyn Nets,0021500722,2016-02-01,BKN vs. DET,L,25,3,7,0.429,0,0,,2,2,1.0,0,5,5,0,0,1,1,3,8,-9,16.0,1,2015-16
22015,201572,Brook Lopez,1610612751,BKN,Brooklyn Nets,0021500722,2016-02-01,BKN vs. DET,L,36,13,19,0.684,0,1,0.0,1,1,1.0,1,4,5,2,1,2,0,2,27,-8,45.0,1,2015-16
22015,203900,Markel Brown,1610612751,BKN,Brooklyn Nets,0021500722,2016-02-01,BKN vs. DET,L,18,2,3,0.667,1,1,1.0,4,4,1.0,1,0,1,1,1,1,2,0,9,7,15.7,1,2015-16
22015,101112,Channing Frye,1610612753,ORL,Orlando Magic,0021500726,2016-02-01,ORL @ SAS,L,17,3,7,0.429,1,4,0.25,0,0,,1,5,6,0,0,0,1,3,7,-10,13.2,1,2015-16
22015,203094,Andrew Nicholson,1610612753,ORL,Orlando Magic,0021500726,2016-02-01,ORL @ SAS,L,3,0,0,,0,0,,0,0,,0,0,0,0,0,0,0,0,0,-1,0.0,1,2015-16
22015,203473,Dewayne Dedmon,1610612753,ORL,Orlando Magic,0021500726,2016-02-01,ORL @ SAS,L,3,1,2,0.5,0,0,,0,0,,0,0,0,0,0,0,0,1,2,-1,2.0,1,2015-16
22015,203894,Shabazz Napier,1610612753,ORL,Orlando Magic,0021500726,2016-02-01,ORL @ SAS,L,3,1,1,1.0,1,1,1.0,0,0,,0,1,1,0,0,0,0,0,3,-1,4.2,1,2015-16
22015,101145,Monta Ellis,1610612754,IND,Indiana Pacers,0021500721,2016-02-01,IND vs. CLE,L,41,5,18,0.278,1,8,0.125,3,4,0.75,0,2,2,5,2,0,6,4,14,-7,23.9,1,2015-16
22015,201588,George Hill,1610612754,IND,Indiana Pacers,0021500721,2016-02-01,IND vs. CLE,L,39,9,16,0.563,4,8,0.5,1,1,1.0,1,4,5,4,2,0,0,2,23,-8,41.0,1,2015-16
22015,203524,Solomon Hill,1610612754,IND,Indiana Pacers,0021500721,2016-02-01,IND vs. CLE,L,20,3,7,0.429,1,2,0.5,3,4,0.75,2,4,6,1,1,0,1,3,10,1,20.7,1,2015-16
22015,203922,Glenn Robinson III,1610612754,IND,Indiana Pacers,0021500721,2016-02-01,IND vs. CLE,L,7,1,2,0.5,0,0,,0,0,,0,0,0,1,1,0,0,0,2,1,6.5,1,2015-16
22015,2225,Tony Parker,1610612759,SAS,San Antonio Spurs,0021500726,2016-02-01,SAS vs. ORL,W,25,1,4,0.25,0,0,,1,2,0.5,1,2,3,6,0,0,3,1,3,0,12.6,1,2015-16
22015,2564,Boris Diaw,1610612759,SAS,San Antonio Spurs,0021500726,2016-02-01,SAS vs. ORL,W,17,1,1,1.0,0,0,,0,0,,2,4,6,2,1,0,0,0,2,1,15.2,1,2015-16
22015,200746,LaMarcus Aldridge,1610612759,SAS,San Antonio Spurs,0021500726,2016-02-01,SAS vs. ORL,W,32,9,13,0.692,0,0,,10,12,0.833,1,3,4,0,0,5,1,1,28,11,46.8,1,2015-16
22015,202695,Kawhi Leonard,1610612759,SAS,San Antonio Spurs,0021500726,2016-02-01,SAS vs. ORL,W,26,4,11,0.364,2,7,0.286,0,0,,0,5,5,2,1,2,2,1,10,3,26.0,1,2015-16
22015,203492,Ray McCallum,1610612759,SAS,San Antonio Spurs,0021500726,2016-02-01,SAS vs. ORL,W,11,0,1,0.0,0,1,0.0,0,0,,0,0,0,1,0,1,0,0,0,12,4.5,1,2015-16
22015,2555,Nick Collison,1610612760,OKC,Oklahoma City Thunder,0021500725,2016-02-01,OKC vs. WAS,W,11,2,5,0.4,0,0,,0,0,,2,0,2,0,1,1,1,1,4,-2,11.4,1,2015-16
22015,201142,Kevin Durant,1610612760,OKC,Oklahoma City Thunder,0021500725,2016-02-01,OKC vs. WAS,W,36,9,18,0.5,2,7,0.286,8,9,0.889,3,6,9,4,0,0,7,3,28,13,37.8,1,2015-16
22015,203500,Steven Adams,1610612760,OKC,Oklahoma City Thunder,0021500725,2016-02-01,OKC vs. WAS,W,31,4,5,0.8,0,0,,2,6,0.333,1,2,3,1,1,1,0,1,10,18,21.1,1,2015-16
22015,203956,Mitch McGary,1610612760,OKC,Oklahoma City Thunder,0021500725,2016-02-01,OKC vs. WAS,W,1,0,0,,0,0,,0,0,,0,0,0,0,0,0,0,0,0,2,0.0,1,2015-16
22015,202687,Bismack Biyombo,1610612761,TOR,Toronto Raptors,0021500727,2016-02-01,TOR @ DEN,L,15,0,1,0.0,0,0,,3,6,0.5,1,4,5,1,0,1,2,3,3,3,11.5,1,2015-16
22015,203526,Raul Neto,1610612762,UTA,Utah Jazz,0021500728,2016-02-01,UTA vs. CHI,W,32,6,8,0.75,2,2,1.0,0,2,0.0,0,3,3,2,1,0,2,2,14,18,21.6,1,2015-16
22015,201145,Jeff Green,1610612763,MEM,Memphis Grizzlies,0021500724,2016-02-01,MEM @ NOP,W,34,8,13,0.615,3,4,0.75,5,5,1.0,0,7,7,1,1,0,0,2,24,16,36.9,1,2015-16
22015,203210,JaMychal Green,1610612763,MEM,Memphis Grizzlies,0021500724,2016-02-01,MEM @ NOP,W,9,1,2,0.5,0,0,,0,0,,0,1,1,2,0,0,2,2,2,3,4.2,1,2015-16
22015,2400,Drew Gooden,1610612764,WAS,Washington Wizards,0021500725,2016-02-01,WAS @ OKC,L,15,0,3,0.0,0,2,0.0,0,0,,0,3,3,1,1,0,1,0,0,0,7.1,1,2015-16
22015,202066,Garrett Temple,1610612764,WAS,Washington Wizards,0021500725,2016-02-01,WAS @ OKC,L,37,4,9,0.444,1,4,0.25,0,0,,0,3,3,2,1,0,1,3,9,-11,17.6,1,2015-16
22015,202322,John Wall,1610612764,WAS,Washington Wizards,0021500725,2016-02-01,WAS @ OKC,L,41,7,17,0.412,0,4,0.0,3,4,0.75,0,4,4,8,2,3,6,1,17,-15,42.8,1,2015-16
22015,101141,Ersan Ilyasova,1610612765,DET,Detroit Pistons,0021500722,2016-02-01,DET @ BKN,W,31,5,12,0.417,1,5,0.2,5,5,1.0,3,3,6,0,2,1,0,0,16,16,32.2,1,2015-16
22015,203382,Aron Baynes,1610612765,DET,Detroit Pistons,0021500722,2016-02-01,DET @ BKN,W,11,1,4,0.25,0,0,,0,1,0.0,2,2,4,1,1,1,2,3,2,-6,12.3,1,2015-16
22015,201952,Jeff Teague,1610612737,ATL,Atlanta Hawks,0021500723,2016-02-01,ATL vs. DAL,W,28,12,15,0.8,5,6,0.833,3,3,1.0,0,5,5,8,1,0,2,2,32,6,51.0,1,2015-16
22015,203934,Lamar Patterson,1610612737,ATL,Atlanta Hawks,0021500723,2016-02-01,ATL vs. DAL,W,3,0,0,,0,0,,0,0,,0,0,0,0,0,0,1,2,0,-2,-1.0,1,2015-16
22015,204002,Edy Tavares,1610612737,ATL,Atlanta Hawks,0021500723,2016-02-01,ATL vs. DAL,W,3,0,0,,0,0,,0,0,,0,1,1,0,0,0,0,1,0,-2,1.2,1,2015-16
22015,2544,LeBron James,1610612739,CLE,Cleveland Cavaliers,0021500721,2016-02-01,CLE @ IND,W,44,9,22,0.409,0,5,0.0,6,10,0.6,2,10,12,6,2,1,1,2,24,-1,55.4,1,2015-16
22015,201962,Toney Douglas,1610612740,NOP,New Orleans Pelicans,0021500724,2016-02-01,NOP vs. MEM,L,12,2,6,0.333,2,5,0.4,0,0,,0,1,1,1,2,0,0,3,6,-5,14.7,1,2015-16
22015,201967,Dante Cunningham,1610612740,NOP,New Orleans Pelicans,0021500724,2016-02-01,NOP vs. MEM,L,18,1,3,0.333,0,1,0.0,2,2,1.0,1,1,2,1,0,1,0,1,4,-16,10.9,1,2015-16
22015,202087,Alonzo Gee,1610612740,NOP,New Orleans Pelicans,0021500724,2016-02-01,NOP vs. MEM,L,25,3,6,0.5,2,4,0.5,0,0,,0,0,0,1,1,0,1,1,8,1,11.5,1,2015-16
22015,202708,Norris Cole,1610612740,NOP,New Orleans Pelicans,0021500724,2016-02-01,NOP vs. MEM,L,38,9,15,0.6,3,3,1.0,2,2,1.0,1,2,3,6,1,0,1,3,23,-9,37.6,1,2015-16
22015,201565,Derrick Rose,1610612741,CHI,Chicago Bulls,0021500728,2016-02-01,CHI @ UTA,L,37,6,21,0.286,1,4,0.25,1,2,0.5,1,2,3,4,1,1,3,3,14,-14,26.6,1,2015-16
22015,101109,Raymond Felton,1610612742,DAL,Dallas Mavericks,0021500723,2016-02-01,DAL @ ATL,L,25,5,11,0.455,1,4,0.25,2,2,1.0,0,1,1,2,1,0,0,1,13,-12,20.2,1,2015-16
22015,201580,JaVale McGee,1610612742,DAL,Dallas Mavericks,0021500723,2016-02-01,DAL @ ATL,L,10,2,3,0.667,0,1,0.0,2,4,0.5,2,0,2,0,1,1,0,1,6,-5,14.4,1,2015-16
22015,202718,Chandler Parsons,1610612742,DAL,Dallas Mavericks,0021500723,2016-02-01,DAL @ ATL,L,32,7,14,0.5,1,2,0.5,4,5,0.8,2,9,11,2,0,0,2,1,19,-11,33.2,1,2015-16
22015,203530,Joffrey Lauvergne,1610612743,DEN,Denver Nuggets,0021500727,2016-02-01,DEN vs. TOR,W,3,2,2,1.0,0,0,,0,0,,0,0,0,0,0,0,0,0,4,-4,4.0,1,2015-16
22015,203999,Nikola Jokić,1610612743,DEN,Denver Nuggets,0021500727,2016-02-01,DEN vs. TOR,W,30,12,18,0.667,1,3,0.333,2,4,0.5,3,11,14,4,0,1,2,3,27,12,50.8,1,2015-16
22015,201573,Jerryd Bayless,1610612749,MIL,Milwaukee Bucks,0021500729,2016-02-01,MIL @ SAC,L,27,2,9,0.222,2,6,0.333,0,0,,0,4,4,5,1,0,2,3,6,-4,19.3,1,2015-16
22015,203953,Jabari Parker,1610612749,MIL,Milwaukee Bucks,0021500729,2016-02-01,MIL @ SAC,L,37,8,13,0.615,0,0,,0,0,,3,4,7,2,2,0,2,5,16,-2,31.4,1,2015-16
22015,2207,Joe Johnson,1610612751,BKN,Brooklyn Nets,0021500722,2016-02-01,BKN vs. DET,L,25,1,8,0.125,0,4,0.0,1,2,0.5,0,3,3,5,0,0,3,1,3,-6,11.1,1,2015-16
22015,201961,Wayne Ellington,1610612751,BKN,Brooklyn Nets,0021500722,2016-02-01,BKN vs. DET,L,28,4,11,0.364,3,5,0.6,0,0,,0,3,3,1,0,0,0,1,11,-10,16.1,1,2015-16
22015,202696,Nikola Vučević,1610612753,ORL,Orlando Magic,0021500726,2016-02-01,ORL @ SAS,L,31,9,20,0.45,0,0,,2,2,1.0,5,5,10,3,1,1,0,4,20,-5,42.5,1,2015-16
22015,203095,Evan Fournier,1610612753,ORL,Orlando Magic,0021500726,2016-02-01,ORL @ SAS,L,18,2,5,0.4,1,2,0.5,0,0,,1,0,1,0,0,0,3,1,5,-10,3.2,1,2015-16
22015,203932,Aaron Gordon,1610612753,ORL,Orlando Magic,0021500726,2016-02-01,ORL @ SAS,L,31,6,12,0.5,0,0,,0,0,,6,10,16,0,0,1,2,1,12,-5,32.2,1,2015-16
22015,1626202,Joe Young,1610612754,IND,Indiana Pacers,0021500721,2016-02-01,IND vs. CLE,L,8,2,3,0.667,0,0,,0,0,,0,2,2,0,0,0,0,0,4,-1,6.4,1,2015-16
22015,201585,Kosta Koufos,1610612758,SAC,Sacramento Kings,0021500729,2016-02-01,SAC vs. MIL,W,30,3,9,0.333,0,0,,1,2,0.5,5,6,11,0,1,1,2,5,7,10,24.2,1,2015-16
22015,201956,Omri Casspi,1610612758,SAC,Sacramento Kings,0021500729,2016-02-01,SAC vs. MIL,W,25,3,9,0.333,1,4,0.25,6,7,0.857,0,5,5,1,0,0,0,1,13,-1,20.5,1,2015-16
22015,201988,Patty Mills,1610612759,SAS,San Antonio Spurs,0021500726,2016-02-01,SAS vs. ORL,W,21,9,13,0.692,3,4,0.75,1,1,1.0,0,4,4,5,1,0,1,1,22,14,36.3,1,2015-16
22015,201627,Anthony Morrow,1610612760,OKC,Oklahoma City Thunder,0021500725,2016-02-01,OKC vs. WAS,W,9,0,3,0.0,0,1,0.0,0,0,,0,0,0,1,0,0,0,0,0,0,1.5,1,2015-16
22015,200768,Kyle Lowry,1610612761,TOR,Toronto Raptors,0021500727,2016-02-01,TOR @ DEN,L,32,3,12,0.25,1,6,0.167,3,8,0.375,1,1,2,2,3,0,2,2,10,-20,22.4,1,2015-16
22015,201949,James Johnson,1610612761,TOR,Toronto Raptors,0021500727,2016-02-01,TOR @ DEN,L,10,1,2,0.5,1,1,1.0,0,0,,0,2,2,1,0,1,2,2,3,-7,7.9,1,2015-16
22015,1626153,Delon Wright,1610612761,TOR,Toronto Raptors,0021500727,2016-02-01,TOR @ DEN,L,6,2,2,1.0,2,2,1.0,0,0,,0,0,0,0,1,0,0,0,6,4,9.0,1,2015-16
22015,202324,Derrick Favors,1610612762,UTA,Utah Jazz,0021500728,2016-02-01,UTA vs. CHI,W,38,4,14,0.286,0,0,,5,8,0.625,0,8,8,0,0,4,2,3,13,8,32.6,1,2015-16
22015,202344,Trevor Booker,1610612762,UTA,Utah Jazz,0021500728,2016-02-01,UTA vs. CHI,W,13,0,1,0.0,0,0,,0,0,,0,2,2,1,0,0,1,2,0,3,2.9,1,2015-16
22015,203497,Rudy Gobert,1610612762,UTA,Utah Jazz,0021500728,2016-02-01,UTA vs. CHI,W,43,6,10,0.6,0,0,,4,8,0.5,3,9,12,2,1,0,1,3,16,7,35.4,1,2015-16
22015,2216,Zach Randolph,1610612763,MEM,Memphis Grizzlies,0021500724,2016-02-01,MEM @ NOP,W,33,10,15,0.667,0,1,0.0,2,3,0.667,2,10,12,1,0,0,3,1,22,18,34.9,1,2015-16
22015,201596,Mario Chalmers,1610612763,MEM,Memphis Grizzlies,0021500724,2016-02-01,MEM @ NOP,W,21,3,5,0.6,1,2,0.5,2,2,1.0,0,3,3,4,2,0,4,2,9,-9,20.6,1,2015-16
22015,201162,Jared Dudley,1610612764,WAS,Washington Wizards,0021500725,2016-02-01,WAS @ OKC,L,31,2,6,0.333,1,3,0.333,3,3,1.0,1,3,4,6,1,0,1,1,8,-12,23.8,1,2015-16
22015,203078,Bradley Beal,1610612764,WAS,Washington Wizards,0021500725,2016-02-01,WAS @ OKC,L,26,7,15,0.467,3,7,0.429,1,1,1.0,0,3,3,1,0,0,0,3,18,-7,23.1,1,2015-16
22015,201229,Anthony Tolliver,1610612765,DET,Detroit Pistons,0021500722,2016-02-01,DET @ BKN,W,16,1,3,0.333,0,2,0.0,0,0,,1,3,4,1,0,0,0,1,2,-12,8.3,1,2015-16
22015,1626169,Stanley Johnson,1610612765,DET,Detroit Pistons,0021500722,2016-02-01,DET @ BKN,W,21,5,11,0.455,3,6,0.5,0,0,,0,1,1,1,1,0,3,2,13,-12,15.7,1,2015-16
22015,200757,Thabo Sefolosha,1610612737,ATL,Atlanta Hawks,0021500723,2016-02-01,ATL vs. DAL,W,17,3,5,0.6,0,1,0.0,0,0,,0,4,4,3,0,0,0,1,6,17,15.3,1,2015-16
22015,200794,Paul Millsap,1610612737,ATL,Atlanta Hawks,0021500723,2016-02-01,ATL vs. DAL,W,34,3,10,0.3,0,3,0.0,2,4,0.5,2,10,12,2,0,2,3,3,8,11,28.4,1,2015-16
22015,201143,Al Horford,1610612737,ATL,Atlanta Hawks,0021500723,2016-02-01,ATL vs. DAL,W,28,4,8,0.5,2,2,1.0,0,0,,0,4,4,2,0,1,3,3,10,5,17.8,1,2015-16
22015,203471,Dennis Schröder,1610612737,ATL,Atlanta Hawks,0021500723,2016-02-01,ATL vs. DAL,W,16,4,6,0.667,1,2,0.5,5,7,0.714,1,2,3,3,1,0,2,2,14,11,23.1,1,2015-16
22015,203501,Tim Hardaway Jr.,1610612737,ATL,Atlanta Hawks,0021500723,2016-02-01,ATL vs. DAL,W,22,3,7,0.429,1,3,0.333,2,2,1.0,0,3,3,2,0,0,1,1,9,-1,14.6,1,2015-16
22015,201567,Kevin Love,1610612739,CLE,Cleveland Cavaliers,0021500721,2016-02-01,CLE @ IND,W,42,7,15,0.467,2,5,0.4,3,4,0.75,0,8,8,2,2,2,2,4,19,1,41.6,1,2015-16
22015,201583,Ryan Anderson,1610612740,NOP,New Orleans Pelicans,0021500724,2016-02-01,NOP vs. MEM,L,29,3,9,0.333,1,4,0.25,2,4,0.5,1,2,3,1,1,0,4,0,9,-13,13.1,1,2015-16
22015,201950,Jrue Holiday,1610612740,NOP,New Orleans Pelicans,0021500724,2016-02-01,NOP vs. MEM,L,27,1,14,0.071,0,4,0.0,2,4,0.5,0,1,1,4,0,2,2,2,4,-12,15.2,1,2015-16
22015,2200,Pau Gasol,1610612741,CHI,Chicago Bulls,0021500728,2016-02-01,CHI @ UTA,L,40,8,13,0.615,0,0,,3,4,0.75,0,8,8,3,1,1,2,6,19,8,37.1,1,2015-16
22015,2585,Zaza Pachulia,1610612742,DAL,Dallas Mavericks,0021500723,2016-02-01,DAL @ ATL,L,28,1,4,0.25,0,0,,2,8,0.25,5,8,13,0,0,0,0,2,4,-9,19.6,1,2015-16
22015,2034,Mike Miller,1610612743,DEN,Denver Nuggets,0021500727,2016-02-01,DEN vs. TOR,W,2,0,0,,0,0,,0,0,,0,0,0,1,0,0,0,2,0,-4,1.5,1,2015-16
22015,203115,Will Barton,1610612743,DEN,Denver Nuggets,0021500727,2016-02-01,DEN vs. TOR,W,33,8,16,0.5,2,3,0.667,2,2,1.0,1,6,7,3,0,1,3,3,20,17,32.9,1,2015-16
22015,1626173,Rashad Vaughn,1610612749,MIL,Milwaukee Bucks,0021500729,2016-02-01,MIL @ SAC,L,18,3,6,0.5,3,5,0.6,0,0,,0,1,1,1,1,1,0,3,9,-4,17.7,1,2015-16
22015,202388,Donald Sloan,1610612751,BKN,Brooklyn Nets,0021500722,2016-02-01,BKN vs. DET,L,26,2,4,0.5,1,1,1.0,0,0,,0,5,5,4,1,0,2,2,5,-13,18.0,1,2015-16
22015,203080,Thomas Robinson,1610612751,BKN,Brooklyn Nets,0021500722,2016-02-01,BKN vs. DET,L,10,1,4,0.25,0,0,,1,2,0.5,1,3,4,0,1,0,0,3,3,2,10.8,1,2015-16
22015,203499,Shane Larkin,1610612751,BKN,Brooklyn Nets,0021500722,2016-02-01,BKN vs. DET,L,22,4,5,0.8,0,0,,0,0,,2,4,6,14,1,0,3,1,8,8,36.2,1,2015-16
22015,203951,Keith Appling,1610612753,ORL,Orlando Magic,0021500726,2016-02-01,ORL @ SAS,L,3,0,0,,0,0,,0,0,,0,0,0,0,0,0,0,0,0,-1,0.0,1,2015-16
22015,200752,Rudy Gay,1610612758,SAC,Sacramento Kings,0021500729,2016-02-01,SAC vs. MIL,W,38,13,20,0.65,1,3,0.333,5,6,0.833,1,8,9,6,2,0,1,2,32,7,56.8,1,2015-16
22015,202341,James Anderson,1610612758,SAC,Sacramento Kings,0021500729,2016-02-01,SAC vs. MIL,W,9,0,1,0.0,0,1,0.0,0,0,,0,2,2,0,0,0,0,0,0,4,2.4,1,2015-16
22015,201980,Danny Green,1610612759,SAS,San Antonio Spurs,0021500726,2016-02-01,SAS vs. ORL,W,25,3,9,0.333,2,7,0.286,0,0,,0,6,6,2,1,0,2,5,8,13,19.2,1,2015-16
22015,201586,Serge Ibaka,1610612760,OKC,Oklahoma City Thunder,0021500725,2016-02-01,OKC vs. WAS,W,33,8,12,0.667,2,3,0.667,1,2,0.5,3,7,10,3,0,2,1,2,19,17,40.5,1,2015-16
22015,202683,Enes Freedom,1610612760,OKC,Oklahoma City Thunder,0021500725,2016-02-01,OKC vs. WAS,W,17,4,7,0.571,0,0,,6,6,1.0,1,4,5,0,0,0,3,1,14,-2,17.0,1,2015-16
22015,202713,Kyle Singler,1610612760,OKC,Oklahoma City Thunder,0021500725,2016-02-01,OKC vs. WAS,W,16,2,2,1.0,0,0,,2,2,1.0,1,1,2,0,1,0,0,3,6,-1,11.4,1,2015-16
22015,1626166,Cameron Payne,1610612760,OKC,Oklahoma City Thunder,0021500725,2016-02-01,OKC vs. WAS,W,13,3,7,0.429,1,3,0.333,1,1,1.0,1,2,3,2,2,0,0,2,8,4,20.6,1,2015-16
22015,201942,DeMar DeRozan,1610612761,TOR,Toronto Raptors,0021500727,2016-02-01,TOR @ DEN,L,28,7,14,0.5,0,0,,10,11,0.909,0,1,1,4,1,0,0,1,24,-13,34.2,1,2015-16
22015,203461,Anthony Bennett,1610612761,TOR,Toronto Raptors,0021500727,2016-02-01,TOR @ DEN,L,8,1,3,0.333,0,1,0.0,2,2,1.0,1,2,3,0,1,0,0,0,4,8,10.6,1,2015-16
22015,204060,Joe Ingles,1610612762,UTA,Utah Jazz,0021500728,2016-02-01,UTA vs. CHI,W,19,1,1,1.0,0,0,,0,0,,0,0,0,2,2,0,1,1,2,15,10.0,1,2015-16
22015,1626168,Trey Lyles,1610612762,UTA,Utah Jazz,0021500728,2016-02-01,UTA vs. CHI,W,12,1,1,1.0,0,0,,0,0,,0,3,3,1,0,0,0,2,2,-2,7.1,1,2015-16
22015,201971,DeJuan Blair,1610612764,WAS,Washington Wizards,0021500725,2016-02-01,WAS @ OKC,L,6,0,1,0.0,0,0,,0,0,,0,0,0,1,0,0,0,2,0,0,1.5,1,2015-16
22015,202390,Gary Neal,1610612764,WAS,Washington Wizards,0021500725,2016-02-01,WAS @ OKC,L,5,0,1,0.0,0,0,,0,0,,0,1,1,0,0,0,0,1,0,-1,1.2,1,2015-16
22015,203490,Otto Porter Jr.,1610612764,WAS,Washington Wizards,0021500725,2016-02-01,WAS @ OKC,L,21,6,9,0.667,1,3,0.333,0,0,,0,0,0,0,1,0,0,2,13,-8,16.0,1,2015-16
22015,204067,Jarell Eddie,1610612764,WAS,Washington Wizards,0021500725,2016-02-01,WAS @ OKC,L,1,0,1,0.0,0,1,0.0,0,0,,0,0,0,0,0,0,0,0,0,-2,0.0,1,2015-16
22015,1626162,Kelly Oubre Jr.,1610612764,WAS,Washington Wizards,0021500725,2016-02-01,WAS @ OKC,L,2,1,1,1.0,0,0,,0,0,,0,0,0,0,0,0,0,1,2,-4,2.0,1,2015-16
22015,201943,Brandon Jennings,1610612765,DET,Detroit Pistons,0021500722,2016-02-01,DET @ BKN,W,17,1,4,0.25,1,4,0.25,0,0,,0,1,1,5,0,0,0,0,3,-1,11.7,1,2015-16
22015,203484,Kentavious Caldwell-Pope,1610612765,DET,Detroit Pistons,0021500722,2016-02-01,DET @ BKN,W,39,7,18,0.389,1,4,0.25,1,1,1.0,1,4,5,0,0,1,0,2,16,13,25.0,1,2015-16
22015,2594,Kyle Korver,1610612737,ATL,Atlanta Hawks,0021500723,2016-02-01,ATL vs. DAL,W,28,5,8,0.625,4,7,0.571,2,3,0.667,0,2,2,3,0,1,0,1,16,21,25.9,1,2015-16
22015,2210,Richard Jefferson,1610612739,CLE,Cleveland Cavaliers,0021500721,2016-02-01,CLE @ IND,W,9,0,0,,0,0,,0,0,,0,0,0,1,0,0,0,1,0,6,1.5,1,2015-16
22015,202389,Timofey Mozgov,1610612739,CLE,Cleveland Cavaliers,0021500721,2016-02-01,CLE @ IND,W,12,3,4,0.75,0,0,,0,0,,0,2,2,0,0,0,0,3,6,-2,8.4,1,2015-16
22015,202684,Tristan Thompson,1610612739,CLE,Cleveland Cavaliers,0021500721,2016-02-01,CLE @ IND,W,41,7,7,1.0,0,0,,0,1,0.0,7,5,12,0,0,0,3,3,14,5,25.4,1,2015-16
22015,2550,Kirk Hinrich,1610612741,CHI,Chicago Bulls,0021500728,2016-02-01,CHI @ UTA,L,15,1,3,0.333,0,1,0.0,0,0,,1,2,3,0,0,0,1,2,2,5,4.6,1,2015-16
22015,202710,Jimmy Butler III,1610612741,CHI,Chicago Bulls,0021500728,2016-02-01,CHI @ UTA,L,47,10,17,0.588,2,5,0.4,4,7,0.571,0,7,7,6,0,0,3,3,26,-4,40.4,1,2015-16
22015,1717,Dirk Nowitzki,1610612742,DAL,Dallas Mavericks,0021500723,2016-02-01,DAL @ ATL,L,31,4,11,0.364,0,1,0.0,10,11,0.909,1,2,3,1,2,0,0,2,18,-5,29.1,1,2015-16
22015,202083,Wesley Matthews,1610612742,DAL,Dallas Mavericks,0021500723,2016-02-01,DAL @ ATL,L,35,4,14,0.286,3,9,0.333,0,0,,0,1,1,3,0,0,1,2,11,-14,15.7,1,2015-16
22015,1626144,Emmanuel Mudiay,1610612743,DEN,Denver Nuggets,0021500727,2016-02-01,DEN vs. TOR,W,24,2,6,0.333,0,2,0.0,0,0,,0,0,0,8,2,1,1,1,4,9,24.0,1,2015-16
22015,203101,Miles Plumlee,1610612749,MIL,Milwaukee Bucks,0021500729,2016-02-01,MIL @ SAC,L,13,0,1,0.0,0,0,,0,0,,2,1,3,0,0,2,2,3,0,-2,7.6,1,2015-16
22015,202711,Bojan Bogdanovic,1610612751,BKN,Brooklyn Nets,0021500722,2016-02-01,BKN vs. DET,L,25,3,9,0.333,2,4,0.5,0,0,,2,1,3,0,0,0,0,2,8,-2,11.6,1,2015-16
22015,203506,Victor Oladipo,1610612753,ORL,Orlando Magic,0021500726,2016-02-01,ORL @ SAS,L,35,6,16,0.375,1,4,0.25,6,6,1.0,0,3,3,7,5,0,4,3,19,-11,44.1,1,2015-16
22015,101139,CJ Miles,1610612754,IND,Indiana Pacers,0021500721,2016-02-01,IND vs. CLE,L,11,1,5,0.2,1,4,0.25,0,0,,0,1,1,1,1,0,1,2,3,2,7.7,1,2015-16
22015,201941,Jordan Hill,1610612754,IND,Indiana Pacers,0021500721,2016-02-01,IND vs. CLE,L,36,8,13,0.615,0,0,,1,1,1.0,3,3,6,4,1,1,2,1,17,-4,34.2,1,2015-16
22015,202331,Paul George,1610612754,IND,Indiana Pacers,0021500721,2016-02-01,IND vs. CLE,L,40,3,15,0.2,1,5,0.2,4,4,1.0,1,4,5,8,2,0,5,4,11,-8,30.0,1,2015-16
22015,202730,Lavoy Allen,1610612754,IND,Indiana Pacers,0021500721,2016-02-01,IND vs. CLE,L,27,4,6,0.667,0,0,,0,0,,4,3,7,0,0,2,1,2,8,2,21.4,1,2015-16
22015,200765,Rajon Rondo,1610612758,SAC,Sacramento Kings,0021500729,2016-02-01,SAC vs. MIL,W,35,6,10,0.6,4,4,1.0,3,4,0.75,0,2,2,7,3,0,6,0,19,4,34.9,1,2015-16
22015,203112,Quincy Acy,1610612758,SAC,Sacramento Kings,0021500729,2016-02-01,SAC vs. MIL,W,17,2,7,0.286,0,1,0.0,0,0,,7,1,8,1,0,0,0,2,4,-3,15.1,1,2015-16
22015,2561,David West,1610612759,SAS,San Antonio Spurs,0021500726,2016-02-01,SAS vs. ORL,W,17,3,5,0.6,0,0,,0,0,,0,3,3,1,0,0,2,4,6,4,9.1,1,2015-16
22015,203613,Jonathon Simmons,1610612759,SAS,San Antonio Spurs,0021500726,2016-02-01,SAS vs. ORL,W,16,2,5,0.4,0,0,,0,0,,0,1,1,1,0,0,1,1,4,2,5.7,1,2015-16
22015,203079,Dion Waiters,1610612760,OKC,Oklahoma City Thunder,0021500725,2016-02-01,OKC vs. WAS,W,37,3,11,0.273,2,5,0.4,0,0,,1,5,6,3,3,1,1,1,8,17,30.7,1,2015-16
22015,2449,Luis Scola,1610612761,TOR,Toronto Raptors,0021500727,2016-02-01,TOR @ DEN,L,17,2,5,0.4,1,1,1.0,0,0,,0,2,2,0,1,1,0,2,5,-11,13.4,1,2015-16
22015,202685,Jonas Valančiūnas,1610612761,TOR,Toronto Raptors,0021500727,2016-02-01,TOR @ DEN,L,19,4,8,0.5,0,0,,2,4,0.5,4,4,8,0,0,1,1,1,10,-19,21.6,1,2015-16
22015,203082,Terrence Ross,1610612761,TOR,Toronto Raptors,0021500727,2016-02-01,TOR @ DEN,L,27,5,10,0.5,1,5,0.2,1,2,0.5,0,4,4,0,1,0,2,1,12,-16,17.8,1,2015-16
22015,203187,Chris Johnson,1610612762,UTA,Utah Jazz,0021500728,2016-02-01,UTA vs. CHI,W,13,0,3,0.0,0,1,0.0,2,2,1.0,1,2,3,0,0,0,1,1,2,2,4.6,1,2015-16
22015,203918,Rodney Hood,1610612762,UTA,Utah Jazz,0021500728,2016-02-01,UTA vs. CHI,W,33,7,16,0.438,2,3,0.667,3,3,1.0,1,4,5,3,0,0,3,6,19,0,26.5,1,2015-16
22015,1713,Vince Carter,1610612763,MEM,Memphis Grizzlies,0021500724,2016-02-01,MEM @ NOP,W,19,5,6,0.833,3,4,0.75,0,0,,0,2,2,1,0,0,1,1,13,6,15.9,1,2015-16
22015,2754,Tony Allen,1610612763,MEM,Memphis Grizzlies,0021500724,2016-02-01,MEM @ NOP,W,32,1,5,0.2,0,0,,0,0,,0,7,7,1,0,0,0,6,2,2,11.9,1,2015-16
22015,200797,Ryan Hollins,1610612763,MEM,Memphis Grizzlies,0021500724,2016-02-01,MEM @ NOP,W,5,0,0,,0,0,,0,0,,0,0,0,0,0,0,0,2,0,-9,0.0,1,2015-16
22015,201584,Courtney Lee,1610612763,MEM,Memphis Grizzlies,0021500724,2016-02-01,MEM @ NOP,W,28,3,6,0.5,1,3,0.333,0,0,,1,0,1,0,0,2,1,1,7,4,13.2,1,2015-16
22015,101162,Marcin Gortat,1610612764,WAS,Washington Wizards,0021500725,2016-02-01,WAS @ OKC,L,25,8,12,0.667,0,0,,1,4,0.25,1,5,6,0,1,0,1,2,17,-14,26.2,1,2015-16
22015,201196,Ramon Sessions,1610612764,WAS,Washington Wizards,0021500725,2016-02-01,WAS @ OKC,L,12,3,5,0.6,1,2,0.5,2,2,1.0,0,1,1,1,1,0,1,0,9,-4,13.7,1,2015-16
22015,202704,Reggie Jackson,1610612765,DET,Detroit Pistons,0021500722,2016-02-01,DET @ BKN,W,31,8,20,0.4,3,6,0.5,0,0,,2,1,3,6,0,0,1,1,19,6,30.6,1,2015-16
22015,203083,Andre Drummond,1610612765,DET,Detroit Pistons,0021500722,2016-02-01,DET @ BKN,W,37,10,15,0.667,0,0,,1,3,0.333,7,11,18,1,1,1,2,3,21,11,48.1,1,2015-16
22015,202697,Iman Shumpert,1610612739,CLE,Cleveland Cavaliers,0021500721,2016-02-01,CLE @ IND,W,22,1,2,0.5,0,0,,2,2,1.0,1,3,4,2,0,0,1,0,4,2,10.8,1,2015-16
22015,201600,Omer Asik,1610612740,NOP,New Orleans Pelicans,0021500724,2016-02-01,NOP vs. MEM,L,20,3,7,0.429,0,0,,0,2,0.0,4,4,8,0,0,0,0,2,6,2,15.6,1,2015-16
22015,201166,Aaron Brooks,1610612741,CHI,Chicago Bulls,0021500728,2016-02-01,CHI @ UTA,L,8,1,4,0.25,0,2,0.0,0,0,,0,0,0,2,1,0,0,1,2,4,8.0,1,2015-16
22015,201959,Taj Gibson,1610612741,CHI,Chicago Bulls,0021500728,2016-02-01,CHI @ UTA,L,45,2,6,0.333,0,1,0.0,3,4,0.75,5,6,11,4,1,3,2,5,7,-16,36.2,1,2015-16
22015,203098,John Jenkins,1610612742,DAL,Dallas Mavericks,0021500723,2016-02-01,DAL @ ATL,L,11,3,7,0.429,0,0,,1,1,1.0,0,1,1,1,0,0,0,2,7,3,9.7,1,2015-16
22015,203948,Johnny O'Bryant III,1610612749,MIL,Milwaukee Bucks,0021500729,2016-02-01,MIL @ SAC,L,6,0,2,0.0,0,0,,0,0,,0,0,0,0,0,0,0,1,0,-4,0.0,1,2015-16
22015,200745,Andrea Bargnani,1610612751,BKN,Brooklyn Nets,0021500722,2016-02-01,BKN vs. DET,L,25,7,12,0.583,0,0,,4,4,1.0,0,4,4,1,0,0,0,0,18,6,24.3,1,2015-16
22015,201160,Jason Smith,1610612753,ORL,Orlando Magic,0021500726,2016-02-01,ORL @ SAS,L,11,1,4,0.25,0,0,,1,2,0.5,2,1,3,0,0,2,0,0,3,-8,12.6,1,2015-16
22015,202699,Tobias Harris,1610612753,ORL,Orlando Magic,0021500726,2016-02-01,ORL @ SAS,L,25,5,9,0.556,1,3,0.333,0,0,,1,3,4,0,0,0,3,2,11,-10,12.8,1,2015-16
22015,1938,Manu Ginobili,1610612759,SAS,San Antonio Spurs,0021500726,2016-02-01,SAS vs. ORL,W,17,4,8,0.5,1,4,0.25,4,4,1.0,1,1,2,2,2,0,0,0,13,0,24.4,1,2015-16
22015,2446,Rasual Butler,1610612759,SAS,San Antonio Spurs,0021500726,2016-02-01,SAS vs. ORL,W,8,0,1,0.0,0,0,,0,0,,0,4,4,0,0,1,0,0,0,0,7.8,1,2015-16
22015,203937,Kyle Anderson,1610612759,SAS,San Antonio Spurs,0021500726,2016-02-01,SAS vs. ORL,W,22,4,7,0.571,1,1,1.0,0,0,,0,4,4,5,0,0,1,0,9,14,20.3,1,2015-16
22015,203504,Trey Burke,1610612762,UTA,Utah Jazz,0021500728,2016-02-01,UTA vs. CHI,W,19,4,11,0.364,2,6,0.333,0,0,,2,0,2,1,0,0,0,0,10,-9,13.9,1,2015-16
22015,202694,Marcus Morris Sr.,1610612765,DET,Detroit Pistons,0021500722,2016-02-01,DET @ BKN,W,32,4,11,0.364,1,3,0.333,3,4,0.75,3,3,6,3,0,0,1,3,12,16,22.7,1,2015-16
22015,202323,Evan Turner,1610612738,BOS,Boston Celtics,0021500730,2016-02-02,BOS @ NYK,W,29,6,13,0.462,0,0,,2,2,1.0,2,8,10,4,3,0,2,1,14,8,39.0,1,2015-16
22015,2772,Trevor Ariza,1610612745,HOU,Houston Rockets,0021500731,2016-02-02,HOU vs. MIA,W,33,4,10,0.4,1,4,0.25,0,0,,1,3,4,3,1,1,1,0,9,13,23.3,1,2015-16
22015,201147,Corey Brewer,1610612745,HOU,Houston Rockets,0021500731,2016-02-02,HOU vs. MIA,W,33,4,10,0.4,2,5,0.4,0,0,,0,4,4,1,2,2,1,4,10,-5,27.3,1,2015-16
22015,203944,Julius Randle,1610612747,LAL,Los Angeles Lakers,0021500734,2016-02-02,LAL vs. MIN,W,32,7,14,0.5,0,0,,1,2,0.5,3,9,12,2,0,0,1,3,15,9,31.4,1,2015-16
22015,2548,Dwyane Wade,1610612748,MIA,Miami Heat,0021500731,2016-02-02,MIA @ HOU,L,29,6,18,0.333,0,0,,4,6,0.667,3,1,4,4,1,1,3,0,16,-11,29.8,1,2015-16
22015,2617,Udonis Haslem,1610612748,MIA,Miami Heat,0021500731,2016-02-02,MIA @ HOU,L,3,0,1,0.0,0,1,0.0,0,0,,0,1,1,0,0,0,0,2,0,4,1.2,1,2015-16
22015,2736,Luol Deng,1610612748,MIA,Miami Heat,0021500731,2016-02-02,MIA @ HOU,L,29,7,13,0.538,2,4,0.5,1,2,0.5,2,6,8,3,1,0,3,2,17,-11,31.1,1,2015-16
22015,2757,Beno Udrih,1610612748,MIA,Miami Heat,0021500731,2016-02-02,MIA @ HOU,L,25,2,5,0.4,0,2,0.0,0,0,,0,4,4,5,0,0,1,2,4,-14,15.3,1,2015-16
22015,201609,Goran Dragic,1610612748,MIA,Miami Heat,0021500731,2016-02-02,MIA @ HOU,L,33,6,12,0.5,1,3,0.333,1,3,0.333,0,4,4,6,0,0,2,0,14,7,25.8,1,2015-16
22015,203950,Jarnell Stokes,1610612748,MIA,Miami Heat,0021500731,2016-02-02,MIA @ HOU,L,3,0,0,,0,0,,0,0,,0,0,0,1,0,0,0,0,0,4,1.5,1,2015-16
22015,1626196,Josh Richardson,1610612748,MIA,Miami Heat,0021500731,2016-02-02,MIA @ HOU,L,3,0,1,0.0,0,1,0.0,0,0,,0,1,1,0,0,0,0,1,0,4,1.2,1,2015-16
22015,203114,Khris Middleton,1610612749,MIL,Milwaukee Bucks,0021500733,2016-02-02,MIL @ POR,L,39,7,22,0.318,2,5,0.4,5,8,0.625,3,5,8,3,3,0,3,3,21,-16,41.1,1,2015-16
22015,203142,Chris Copeland,1610612749,MIL,Milwaukee Bucks,0021500733,2016-02-02,MIL @ POR,L,3,0,0,,0,0,,0,0,,0,0,0,0,0,0,0,1,0,3,0.0,1,2015-16
22015,202357,Nemanja Bjelica,1610612750,MIN,Minnesota Timberwolves,0021500734,2016-02-02,MIN @ LAL,L,6,0,0,,0,0,,0,0,,0,1,1,1,1,0,0,0,0,2,5.7,1,2015-16
22015,204014,Damjan Rudez,1610612750,MIN,Minnesota Timberwolves,0021500734,2016-02-02,MIN @ LAL,L,14,2,4,0.5,0,2,0.0,2,2,1.0,2,0,2,0,0,0,0,1,6,6,8.4,1,2015-16
22015,2756,Sasha Vujacic,1610612752,NYK,New York Knicks,0021500730,2016-02-02,NYK vs. BOS,L,18,4,9,0.444,2,4,0.5,3,3,1.0,0,3,3,1,1,0,2,0,13,-7,19.1,1,2015-16
22015,204001,Kristaps Porziņģis,1610612752,NYK,New York Knicks,0021500730,2016-02-02,NYK vs. BOS,L,27,4,11,0.364,0,2,0.0,2,2,1.0,2,3,5,0,1,1,3,3,10,-4,19.0,1,2015-16
22015,1626170,Jerian Grant,1610612752,NYK,New York Knicks,0021500730,2016-02-02,NYK vs. BOS,L,7,0,1,0.0,0,0,,0,0,,0,0,0,0,0,0,0,1,0,-17,0.0,1,2015-16
22015,203462,Archie Goodwin,1610612756,PHX,Phoenix Suns,0021500732,2016-02-02,PHX vs. TOR,L,45,7,12,0.583,2,2,1.0,2,2,1.0,1,1,2,12,0,1,4,3,18,-1,37.4,1,2015-16
22015,203895,Jordan McRae,1610612756,PHX,Phoenix Suns,0021500732,2016-02-02,PHX vs. TOR,L,2,0,1,0.0,0,1,0.0,2,2,1.0,0,0,0,0,0,0,0,0,2,-2,2.0,1,2015-16
22015,2549,Chris Kaman,1610612757,POR,Portland Trail Blazers,0021500733,2016-02-02,POR vs. MIL,W,2,0,1,0.0,0,0,,0,0,,0,0,0,0,0,0,0,0,0,-3,0.0,1,2015-16
22015,203081,Damian Lillard,1610612757,POR,Portland Trail Blazers,0021500733,2016-02-02,POR vs. MIL,W,34,6,15,0.4,0,6,0.0,2,2,1.0,1,4,5,12,0,0,3,0,14,12,35.0,1,2015-16
22015,200768,Kyle Lowry,1610612761,TOR,Toronto Raptors,0021500732,2016-02-02,TOR @ PHX,W,42,8,15,0.533,5,10,0.5,5,5,1.0,1,2,3,4,2,0,1,1,26,3,40.6,1,2015-16
22015,202709,Cory Joseph,1610612761,TOR,Toronto Raptors,0021500732,2016-02-02,TOR @ PHX,W,27,3,9,0.333,0,1,0.0,4,6,0.667,0,1,1,4,0,0,2,2,10,22,15.2,1,2015-16
22015,1626181,Norman Powell,1610612761,TOR,Toronto Raptors,0021500732,2016-02-02,TOR @ PHX,W,15,0,3,0.0,0,0,,0,0,,0,1,1,1,2,0,1,2,0,-1,7.7,1,2015-16
22015,201973,Jonas Jerebko,1610612738,BOS,Boston Celtics,0021500730,2016-02-02,BOS @ NYK,W,7,0,1,0.0,0,1,0.0,0,0,,0,0,0,0,0,0,0,0,0,2,0.0,1,2015-16
22015,203096,Jared Sullinger,1610612738,BOS,Boston Celtics,0021500730,2016-02-02,BOS @ NYK,W,17,2,6,0.333,0,0,,0,0,,0,2,2,1,1,0,2,3,4,-3,8.9,1,2015-16
22015,203909,KJ McDaniels,1610612745,HOU,Houston Rockets,0021500731,2016-02-02,HOU vs. MIA,W,3,0,1,0.0,0,0,,3,4,0.75,0,0,0,0,0,0,0,0,3,-4,3.0,1,2015-16
22015,201156,Nick Young,1610612747,LAL,Los Angeles Lakers,0021500734,2016-02-02,LAL vs. MIN,W,14,1,4,0.25,0,2,0.0,0,0,,0,0,0,0,1,0,1,2,2,-1,4.0,1,2015-16
22015,201177,Josh McRoberts,1610612748,MIA,Miami Heat,0021500731,2016-02-02,MIA @ HOU,L,3,0,1,0.0,0,0,,0,0,,0,0,0,0,0,0,0,1,0,-5,0.0,1,2015-16
22015,202328,Greg Monroe,1610612749,MIL,Milwaukee Bucks,0021500733,2016-02-02,MIL @ POR,L,30,7,15,0.467,0,0,,3,5,0.6,2,6,8,3,0,0,1,3,17,-18,30.1,1,2015-16
22015,203487,Michael Carter-Williams,1610612749,MIL,Milwaukee Bucks,0021500733,2016-02-02,MIL @ POR,L,26,1,4,0.25,0,1,0.0,0,0,,3,3,6,2,0,0,2,2,2,-9,10.2,1,2015-16
22015,1889,Andre Miller,1610612750,MIN,Minnesota Timberwolves,0021500734,2016-02-02,MIN @ LAL,L,6,1,2,0.5,0,0,,0,0,,0,2,2,0,0,0,2,0,2,-1,2.4,1,2015-16
22015,2419,Tayshaun Prince,1610612750,MIN,Minnesota Timberwolves,0021500734,2016-02-02,MIN @ LAL,L,18,3,4,0.75,0,0,,0,0,,0,1,1,3,0,0,1,2,6,-1,10.7,1,2015-16
22015,202338,Kevin Seraphin,1610612752,NYK,New York Knicks,0021500730,2016-02-02,NYK vs. BOS,L,4,1,2,0.5,0,0,,0,0,,0,0,0,0,0,0,1,0,2,-10,1.0,1,2015-16
22015,2199,Tyson Chandler,1610612756,PHX,Phoenix Suns,0021500732,2016-02-02,PHX vs. TOR,L,18,0,0,,0,0,,0,0,,1,4,5,1,0,1,1,5,0,6,9.5,1,2015-16
22015,203459,Allen Crabbe,1610612757,POR,Portland Trail Blazers,0021500733,2016-02-02,POR vs. MIL,W,25,4,7,0.571,1,3,0.333,2,2,1.0,0,3,3,0,0,1,0,2,11,3,17.6,1,2015-16
22015,203486,Mason Plumlee,1610612757,POR,Portland Trail Blazers,0021500733,2016-02-02,POR vs. MIL,W,20,1,5,0.2,0,0,,1,2,0.5,3,5,8,1,1,3,0,5,3,-1,26.1,1,2015-16
22015,204025,Tim Frazier,1610612757,POR,Portland Trail Blazers,0021500733,2016-02-02,POR vs. MIL,W,2,0,0,,0,0,,0,0,,0,0,0,0,0,0,0,0,0,-3,0.0,1,2015-16
22015,202340,Avery Bradley,1610612738,BOS,Boston Celtics,0021500730,2016-02-02,BOS @ NYK,W,30,3,13,0.231,0,3,0.0,0,0,,1,2,3,4,0,1,1,4,6,4,17.6,1,2015-16
22015,202738,Isaiah Thomas,1610612738,BOS,Boston Celtics,0021500730,2016-02-02,BOS @ NYK,W,37,7,18,0.389,1,5,0.2,5,5,1.0,0,5,5,8,1,0,2,1,20,8,39.0,1,2015-16
22015,203092,Tyler Zeller,1610612738,BOS,Boston Celtics,0021500730,2016-02-02,BOS @ NYK,W,27,8,13,0.615,0,0,,0,0,,7,3,10,0,1,0,2,3,16,11,29.0,1,2015-16
22015,203482,Kelly Olynyk,1610612738,BOS,Boston Celtics,0021500730,2016-02-02,BOS @ NYK,W,22,5,8,0.625,1,3,0.333,2,2,1.0,2,3,5,1,0,1,1,3,13,7,22.5,1,2015-16
22015,1891,Jason Terry,1610612745,HOU,Houston Rockets,0021500731,2016-02-02,HOU vs. MIA,W,12,0,1,0.0,0,1,0.0,0,0,,1,0,1,1,0,0,1,0,0,8,1.7,1,2015-16
22015,201935,James Harden,1610612745,HOU,Houston Rockets,0021500731,2016-02-02,HOU vs. MIA,W,35,10,19,0.526,3,8,0.375,3,4,0.75,0,4,4,14,2,1,3,2,26,12,57.8,1,2015-16
22015,201951,Ty Lawson,1610612745,HOU,Houston Rockets,0021500731,2016-02-02,HOU vs. MIA,W,22,2,3,0.667,0,1,0.0,1,2,0.5,0,2,2,4,0,0,2,0,5,12,11.4,1,2015-16
22015,201976,Patrick Beverley,1610612745,HOU,Houston Rockets,0021500731,2016-02-02,HOU vs. MIA,W,29,5,7,0.714,3,4,0.75,1,2,0.5,1,2,3,2,0,1,0,3,14,4,23.6,1,2015-16
22015,201579,Roy Hibbert,1610612747,LAL,Los Angeles Lakers,0021500734,2016-02-02,LAL vs. MIN,W,16,1,1,1.0,0,0,,0,0,,1,0,1,1,0,0,0,4,2,-9,4.7,1,2015-16
22015,203903,Jordan Clarkson,1610612747,LAL,Los Angeles Lakers,0021500734,2016-02-02,LAL vs. MIN,W,35,8,13,0.615,0,2,0.0,0,2,0.0,0,3,3,2,2,0,1,1,16,-2,27.6,1,2015-16
22015,204028,Tarik Black,1610612747,LAL,Los Angeles Lakers,0021500734,2016-02-02,LAL vs. MIN,W,20,1,2,0.5,0,0,,0,0,,0,4,4,2,1,2,1,5,2,4,17.8,1,2015-16
22015,101123,Gerald Green,1610612748,MIA,Miami Heat,0021500731,2016-02-02,MIA @ HOU,L,25,4,6,0.667,1,3,0.333,4,4,1.0,0,4,4,3,0,1,1,1,13,-14,24.3,1,2015-16
22015,1626159,Justise Winslow,1610612748,MIA,Miami Heat,0021500731,2016-02-02,MIA @ HOU,L,32,4,5,0.8,1,1,1.0,2,2,1.0,1,7,8,2,3,0,4,4,11,-15,28.6,1,2015-16
22015,203898,Tyler Ennis,1610612749,MIL,Milwaukee Bucks,0021500733,2016-02-02,MIL @ POR,L,3,0,0,,0,0,,0,0,,0,2,2,2,0,0,0,0,0,3,5.4,1,2015-16
22015,203948,Johnny O'Bryant III,1610612749,MIL,Milwaukee Bucks,0021500733,2016-02-02,MIL @ POR,L,3,1,2,0.5,0,0,,0,0,,0,0,0,2,0,0,0,1,2,3,5.0,1,2015-16
22015,203953,Jabari Parker,1610612749,MIL,Milwaukee Bucks,0021500733,2016-02-02,MIL @ POR,L,32,3,7,0.429,0,1,0.0,0,0,,0,1,1,1,1,1,2,3,6,-17,12.7,1,2015-16
22015,203476,Gorgui Dieng,1610612750,MIN,Minnesota Timberwolves,0021500734,2016-02-02,MIN @ LAL,L,37,6,9,0.667,0,2,0.0,7,9,0.778,1,5,6,5,1,0,2,3,19,-4,34.7,1,2015-16
22015,203940,Adreian Payne,1610612750,MIN,Minnesota Timberwolves,0021500734,2016-02-02,MIN @ LAL,L,7,1,1,1.0,0,0,,0,0,,0,1,1,1,0,0,1,0,2,-10,3.7,1,2015-16
22015,2546,Carmelo Anthony,1610612752,NYK,New York Knicks,0021500730,2016-02-02,NYK vs. BOS,L,35,4,16,0.25,1,5,0.2,7,10,0.7,1,13,14,4,0,0,3,6,16,-3,35.8,1,2015-16
22015,202498,Lance Thomas,1610612752,NYK,New York Knicks,0021500730,2016-02-02,NYK vs. BOS,L,25,2,4,0.5,1,1,1.0,1,2,0.5,0,2,2,0,0,0,1,1,6,-8,7.4,1,2015-16
22015,202682,Derrick Williams,1610612752,NYK,New York Knicks,0021500730,2016-02-02,NYK vs. BOS,L,11,3,7,0.429,0,2,0.0,0,0,,1,1,2,1,0,0,0,1,6,-2,9.9,1,2015-16
22015,201603,Sonny Weems,1610612756,PHX,Phoenix Suns,0021500732,2016-02-02,PHX vs. TOR,L,12,1,4,0.25,0,0,,0,0,,0,1,1,0,0,0,0,2,2,-14,3.2,1,2015-16
22015,203458,Alex Len,1610612756,PHX,Phoenix Suns,0021500732,2016-02-02,PHX vs. TOR,L,16,1,5,0.2,0,0,,0,0,,2,2,4,0,0,0,2,3,2,-21,4.8,1,2015-16
22015,203086,Meyers Leonard,1610612757,POR,Portland Trail Blazers,0021500733,2016-02-02,POR vs. MIL,W,27,3,8,0.375,3,7,0.429,0,0,,0,5,5,2,0,0,3,3,9,6,15.0,1,2015-16
22015,201942,DeMar DeRozan,1610612761,TOR,Toronto Raptors,0021500732,2016-02-02,TOR @ PHX,W,34,8,16,0.5,1,5,0.2,5,9,0.556,0,2,2,3,1,1,3,3,22,-6,31.9,1,2015-16
22015,202687,Bismack Biyombo,1610612761,TOR,Toronto Raptors,0021500732,2016-02-02,TOR @ PHX,W,29,2,3,0.667,0,0,,3,3,1.0,1,11,12,1,0,1,1,5,7,17,24.9,1,2015-16
22015,203082,Terrence Ross,1610612761,TOR,Toronto Raptors,0021500732,2016-02-02,TOR @ PHX,W,27,6,11,0.545,2,5,0.4,2,2,1.0,1,2,3,1,1,0,0,3,16,3,24.1,1,2015-16
22015,203109,Jae Crowder,1610612738,BOS,Boston Celtics,0021500730,2016-02-02,BOS @ NYK,W,28,6,10,0.6,1,4,0.25,3,4,0.75,0,5,5,0,1,0,0,4,16,1,25.0,1,2015-16
22015,2746,Josh Smith,1610612745,HOU,Houston Rockets,0021500731,2016-02-02,HOU vs. MIA,W,21,8,13,0.615,3,5,0.6,0,0,,0,4,4,1,2,1,3,5,19,1,31.3,1,2015-16
22015,201977,Marcus Thornton,1610612745,HOU,Houston Rockets,0021500731,2016-02-02,HOU vs. MIA,W,23,7,11,0.636,4,7,0.571,0,0,,0,5,5,3,1,0,0,1,18,12,31.5,1,2015-16
22015,977,Kobe Bryant,1610612747,LAL,Los Angeles Lakers,0021500734,2016-02-02,LAL vs. MIN,W,33,10,21,0.476,7,11,0.636,11,12,0.917,2,3,5,5,2,0,2,3,38,6,55.5,1,2015-16
22015,101138,Brandon Bass,1610612747,LAL,Los Angeles Lakers,0021500734,2016-02-02,LAL vs. MIN,W,27,2,3,0.667,0,0,,2,3,0.667,1,2,3,4,1,0,1,3,6,4,17.6,1,2015-16
22015,101150,Lou Williams,1610612747,LAL,Los Angeles Lakers,0021500734,2016-02-02,LAL vs. MIN,W,34,4,10,0.4,3,6,0.5,9,10,0.9,0,0,0,4,1,0,0,1,20,4,29.0,1,2015-16
22015,2547,Chris Bosh,1610612748,MIA,Miami Heat,0021500731,2016-02-02,MIA @ HOU,L,30,3,11,0.273,1,2,0.5,6,8,0.75,1,6,7,1,0,1,0,2,13,-9,25.9,1,2015-16
22015,201573,Jerryd Bayless,1610612749,MIL,Milwaukee Bucks,0021500733,2016-02-02,MIL @ POR,L,30,6,9,0.667,2,3,0.667,2,2,1.0,0,1,1,5,0,1,2,2,16,-5,25.7,1,2015-16
22015,203507,Giannis Antetokounmpo,1610612749,MIL,Milwaukee Bucks,0021500733,2016-02-02,MIL @ POR,L,39,7,15,0.467,1,2,0.5,4,9,0.444,1,7,8,5,2,1,2,1,19,-12,43.1,1,2015-16
22015,1626173,Rashad Vaughn,1610612749,MIL,Milwaukee Bucks,0021500733,2016-02-02,MIL @ POR,L,18,2,4,0.5,0,2,0.0,0,0,,0,3,3,0,1,0,1,1,4,2,9.6,1,2015-16
22015,203498,Shabazz Muhammad,1610612750,MIN,Minnesota Timberwolves,0021500734,2016-02-02,MIN @ LAL,L,23,4,9,0.444,0,2,0.0,4,4,1.0,0,3,3,1,2,0,1,1,12,2,22.1,1,2015-16
22015,1626157,Karl-Anthony Towns,1610612750,MIN,Minnesota Timberwolves,0021500734,2016-02-02,MIN @ LAL,L,32,6,9,0.667,1,2,0.5,1,2,0.5,2,8,10,2,0,2,1,3,14,-2,34.0,1,2015-16
22015,201577,Robin Lopez,1610612752,NYK,New York Knicks,0021500730,2016-02-02,NYK vs. BOS,L,37,6,12,0.5,0,0,,5,6,0.833,11,2,13,2,0,3,2,1,17,9,42.6,1,2015-16
22015,200782,P.J. Tucker,1610612756,PHX,Phoenix Suns,0021500732,2016-02-02,PHX vs. TOR,L,39,4,9,0.444,1,4,0.25,1,2,0.5,3,3,6,2,2,0,1,2,10,1,25.2,1,2015-16
22015,202720,Jon Leuer,1610612756,PHX,Phoenix Suns,0021500732,2016-02-02,PHX vs. TOR,L,4,0,1,0.0,0,0,,0,0,,0,2,2,0,0,0,0,0,0,-7,2.4,1,2015-16
22015,1626164,Devin Booker,1610612756,PHX,Phoenix Suns,0021500732,2016-02-02,PHX vs. TOR,L,37,9,19,0.474,6,14,0.429,3,4,0.75,0,5,5,0,2,0,4,4,27,3,35.0,1,2015-16
22015,203468,CJ McCollum,1610612757,POR,Portland Trail Blazers,0021500733,2016-02-02,POR vs. MIL,W,34,10,18,0.556,3,6,0.5,7,9,0.778,1,3,4,6,2,2,4,5,30,15,51.8,1,2015-16
22015,203943,Noah Vonleh,1610612757,POR,Portland Trail Blazers,0021500733,2016-02-02,POR vs. MIL,W,16,0,1,0.0,0,0,,0,0,,0,3,3,0,0,0,0,3,0,-3,3.6,1,2015-16
22015,2449,Luis Scola,1610612761,TOR,Toronto Raptors,0021500732,2016-02-02,TOR @ PHX,W,19,2,3,0.667,1,2,0.5,2,2,1.0,0,1,1,1,1,1,3,2,7,-8,12.7,1,2015-16
22015,202685,Jonas Valančiūnas,1610612761,TOR,Toronto Raptors,0021500732,2016-02-02,TOR @ PHX,W,19,5,8,0.625,0,0,,4,5,0.8,3,3,6,0,0,0,0,2,14,-10,21.2,1,2015-16
22015,101161,Amir Johnson,1610612738,BOS,Boston Celtics,0021500730,2016-02-02,BOS @ NYK,W,15,2,3,0.667,0,0,,0,2,0.0,0,4,4,0,0,0,0,2,4,-2,8.8,1,2015-16
22015,203101,Miles Plumlee,1610612749,MIL,Milwaukee Bucks,0021500733,2016-02-02,MIL @ POR,L,18,4,8,0.5,0,0,,0,0,,3,3,6,0,0,1,0,1,8,6,18.2,1,2015-16
22015,201937,Ricky Rubio,1610612750,MIN,Minnesota Timberwolves,0021500734,2016-02-02,MIN @ LAL,L,29,4,10,0.4,0,2,0.0,2,2,1.0,0,2,2,15,1,0,2,1,10,-9,35.9,1,2015-16
22015,203897,Zach LaVine,1610612750,MIN,Minnesota Timberwolves,0021500734,2016-02-02,MIN @ LAL,L,26,6,12,0.5,2,5,0.4,0,0,,0,1,1,7,0,0,4,4,14,0,21.7,1,2015-16
22015,204038,Langston Galloway,1610612752,NYK,New York Knicks,0021500730,2016-02-02,NYK vs. BOS,L,34,0,4,0.0,0,1,0.0,1,1,1.0,1,8,9,2,0,0,0,3,1,5,14.8,1,2015-16
22015,202693,Markieff Morris,1610612756,PHX,Phoenix Suns,0021500732,2016-02-02,PHX vs. TOR,L,41,13,20,0.65,1,3,0.333,3,5,0.6,1,10,11,6,1,2,4,5,30,9,57.2,1,2015-16
22015,203141,Mirza Teletovic,1610612756,PHX,Phoenix Suns,0021500732,2016-02-02,PHX vs. TOR,L,24,2,8,0.25,2,7,0.286,0,0,,0,2,2,2,0,0,0,2,6,-9,11.4,1,2015-16
22015,201945,Gerald Henderson,1610612757,POR,Portland Trail Blazers,0021500733,2016-02-02,POR vs. MIL,W,22,6,11,0.545,1,2,0.5,1,2,0.5,1,8,9,0,0,1,0,1,14,13,27.8,1,2015-16
22015,202329,Al-Farouq Aminu,1610612757,POR,Portland Trail Blazers,0021500733,2016-02-02,POR vs. MIL,W,31,5,11,0.455,3,7,0.429,3,5,0.6,0,5,5,1,3,0,4,3,16,9,28.5,1,2015-16
22015,203090,Maurice Harkless,1610612757,POR,Portland Trail Blazers,0021500733,2016-02-02,POR vs. MIL,W,2,0,1,0.0,0,0,,2,2,1.0,0,0,0,0,0,0,0,0,2,-3,2.0,1,2015-16
22015,202335,Patrick Patterson,1610612761,TOR,Toronto Raptors,0021500732,2016-02-02,TOR @ PHX,W,29,1,6,0.167,0,4,0.0,0,0,,2,4,6,0,2,0,1,2,2,15,14.2,1,2015-16
22015,203935,Marcus Smart,1610612738,BOS,Boston Celtics,0021500730,2016-02-02,BOS @ NYK,W,29,1,5,0.2,0,3,0.0,2,2,1.0,0,1,1,2,2,0,0,3,4,4,14.2,1,2015-16
22015,203093,Terrence Jones,1610612745,HOU,Houston Rockets,0021500731,2016-02-02,HOU vs. MIA,W,29,4,9,0.444,0,0,,3,4,0.75,0,7,7,1,1,0,0,4,11,12,23.9,1,2015-16
22015,1626156,D'Angelo Russell,1610612747,LAL,Los Angeles Lakers,0021500734,2016-02-02,LAL vs. MIN,W,28,6,12,0.5,2,5,0.4,4,6,0.667,0,3,3,3,1,0,2,2,18,5,27.1,1,2015-16
22015,2405,Amar'e Stoudemire,1610612748,MIA,Miami Heat,0021500731,2016-02-02,MIA @ HOU,L,24,6,12,0.5,0,0,,2,2,1.0,6,4,10,1,0,0,3,3,14,-5,24.5,1,2015-16
22015,203952,Andrew Wiggins,1610612750,MIN,Minnesota Timberwolves,0021500734,2016-02-02,MIN @ LAL,L,41,13,20,0.65,1,2,0.5,3,6,0.5,3,1,4,1,1,2,1,6,30,-3,44.3,1,2015-16
22015,201167,Arron Afflalo,1610612752,NYK,New York Knicks,0021500730,2016-02-02,NYK vs. BOS,L,40,7,16,0.438,2,5,0.4,2,4,0.5,0,2,2,3,1,0,4,0,18,-3,23.9,1,2015-16
22015,202334,Ed Davis,1610612757,POR,Portland Trail Blazers,0021500733,2016-02-02,POR vs. MIL,W,23,4,7,0.571,0,0,,0,1,0.0,4,3,7,2,0,0,1,1,8,18,18.4,1,2015-16
22015,1626192,Pat Connaughton,1610612757,POR,Portland Trail Blazers,0021500733,2016-02-02,POR vs. MIL,W,2,0,0,,0,0,,0,0,,0,0,0,1,0,0,0,0,0,-3,1.5,1,2015-16
22015,2594,Kyle Korver,1610612737,ATL,Atlanta Hawks,0021500736,2016-02-03,ATL @ PHI,W,19,2,3,0.667,1,2,0.5,0,0,,0,0,0,3,0,0,3,2,5,2,6.5,1,2015-16
22015,200757,Thabo Sefolosha,1610612737,ATL,Atlanta Hawks,0021500736,2016-02-03,ATL @ PHI,W,21,5,7,0.714,1,1,1.0,1,2,0.5,2,4,6,2,2,1,2,1,12,27,29.2,1,2015-16
22015,201973,Jonas Jerebko,1610612738,BOS,Boston Celtics,0021500737,2016-02-03,BOS vs. DET,W,13,2,5,0.4,0,1,0.0,0,0,,1,4,5,0,0,0,1,2,4,2,9.0,1,2015-16
22015,203482,Kelly Olynyk,1610612738,BOS,Boston Celtics,0021500737,2016-02-03,BOS vs. DET,W,19,3,10,0.3,0,4,0.0,0,0,,1,6,7,1,0,0,0,3,6,7,15.9,1,2015-16
22015,203935,Marcus Smart,1610612738,BOS,Boston Celtics,0021500737,2016-02-03,BOS vs. DET,W,28,4,10,0.4,4,7,0.571,0,0,,0,4,4,1,1,0,1,1,12,9,20.3,1,2015-16
22015,202708,Norris Cole,1610612740,NOP,New Orleans Pelicans,0021500742,2016-02-03,NOP @ SAS,L,34,7,17,0.412,0,1,0.0,0,0,,0,4,4,9,1,0,2,3,14,-8,33.3,1,2015-16
22015,1626214,Bryce Dejean-Jones,1610612740,NOP,New Orleans Pelicans,0021500742,2016-02-03,NOP @ SAS,L,23,3,7,0.429,2,5,0.4,0,0,,0,3,3,1,1,0,3,3,8,7,13.1,1,2015-16
22015,2200,Pau Gasol,1610612741,CHI,Chicago Bulls,0021500744,2016-02-03,CHI @ SAC,W,36,6,16,0.375,2,2,1.0,2,2,1.0,2,11,13,4,2,0,6,3,16,10,37.6,1,2015-16
22015,201959,Taj Gibson,1610612741,CHI,Chicago Bulls,0021500744,2016-02-03,CHI @ SAC,W,34,5,9,0.556,0,0,,2,3,0.667,2,6,8,2,1,0,2,5,12,3,25.6,1,2015-16
22015,1626171,Bobby Portis,1610612741,CHI,Chicago Bulls,0021500744,2016-02-03,CHI @ SAC,W,21,4,8,0.5,0,1,0.0,0,0,,1,2,3,1,0,0,1,2,8,-4,12.1,1,2015-16
22015,200826,J.J. Barea,1610612742,DAL,Dallas Mavericks,0021500741,2016-02-03,DAL vs. MIA,L,35,4,12,0.333,3,6,0.5,0,0,,0,3,3,4,0,0,1,0,11,6,19.6,1,2015-16
22015,203530,Joffrey Lauvergne,1610612743,DEN,Denver Nuggets,0021500743,2016-02-03,DEN @ UTA,L,19,0,4,0.0,0,2,0.0,0,0,,1,3,4,0,1,0,1,1,0,-4,6.8,1,2015-16
22015,1626144,Emmanuel Mudiay,1610612743,DEN,Denver Nuggets,0021500743,2016-02-03,DEN @ UTA,L,33,3,10,0.3,0,0,,3,6,0.5,0,1,1,6,2,0,3,1,9,0,22.2,1,2015-16
22015,2571,Leandro Barbosa,1610612744,GSW,Golden State Warriors,0021500739,2016-02-03,GSW @ WAS,W,15,1,5,0.2,0,1,0.0,2,2,1.0,1,0,1,2,0,0,0,2,4,-3,8.2,1,2015-16
22015,2738,Andre Iguodala,1610612744,GSW,Golden State Warriors,0021500739,2016-02-03,GSW @ WAS,W,29,3,7,0.429,2,4,0.5,1,4,0.25,2,4,6,3,1,0,1,4,9,18,22.7,1,2015-16
22015,101106,Andrew Bogut,1610612744,GSW,Golden State Warriors,0021500739,2016-02-03,GSW @ WAS,W,19,1,2,0.5,0,0,,0,4,0.0,2,4,6,7,0,0,0,4,2,10,19.7,1,2015-16
22015,201939,Stephen Curry,1610612744,GSW,Golden State Warriors,0021500739,2016-02-03,GSW @ WAS,W,36,19,28,0.679,11,15,0.733,2,3,0.667,1,6,7,2,3,0,7,3,51,20,64.4,1,2015-16
22015,203084,Harrison Barnes,1610612744,GSW,Golden State Warriors,0021500739,2016-02-03,GSW @ WAS,W,35,5,11,0.455,1,4,0.25,1,1,1.0,0,3,3,1,1,0,2,2,12,-1,18.1,1,2015-16
22015,203110,Draymond Green,1610612744,GSW,Golden State Warriors,0021500739,2016-02-03,GSW @ WAS,W,34,3,5,0.6,0,1,0.0,6,9,0.667,1,9,10,12,1,5,4,5,12,19,56.0,1,2015-16
22015,201599,DeAndre Jordan,1610612746,LAC,LA Clippers,0021500745,2016-02-03,LAC vs. MIN,L,36,7,8,0.875,0,0,,4,10,0.4,3,12,15,0,2,3,1,1,18,-8,50.0,1,2015-16
22015,202362,Lance Stephenson,1610612746,LAC,LA Clippers,0021500745,2016-02-03,LAC vs. MIN,L,12,2,3,0.667,0,1,0.0,0,0,,0,2,2,0,0,0,1,1,4,-6,5.4,1,2015-16
22015,202355,Hassan Whiteside,1610612748,MIA,Miami Heat,0021500741,2016-02-03,MIA @ DAL,W,17,5,5,1.0,0,0,,0,0,,3,6,9,1,1,5,1,5,10,7,39.3,1,2015-16
22015,2419,Tayshaun Prince,1610612750,MIN,Minnesota Timberwolves,0021500745,2016-02-03,MIN @ LAC,W,31,3,7,0.429,0,0,,2,2,1.0,4,2,6,1,0,0,0,2,8,19,16.7,1,2015-16
22015,201937,Ricky Rubio,1610612750,MIN,Minnesota Timberwolves,0021500745,2016-02-03,MIN @ LAC,W,30,1,6,0.167,0,1,0.0,6,7,0.857,0,5,5,7,5,0,2,4,8,12,37.5,1,2015-16
22015,203897,Zach LaVine,1610612750,MIN,Minnesota Timberwolves,0021500745,2016-02-03,MIN @ LAC,W,34,7,14,0.5,2,4,0.5,1,3,0.333,0,4,4,3,1,0,1,4,17,-4,28.3,1,2015-16
22015,1626157,Karl-Anthony Towns,1610612750,MIN,Minnesota Timberwolves,0021500745,2016-02-03,MIN @ LAC,W,31,7,16,0.438,1,3,0.333,2,2,1.0,3,9,12,2,0,1,1,4,17,1,36.4,1,2015-16
22015,2207,Joe Johnson,1610612751,BKN,Brooklyn Nets,0021500738,2016-02-03,BKN vs. IND,L,36,7,12,0.583,4,5,0.8,2,2,1.0,0,4,4,9,2,0,3,4,20,-3,41.3,1,2015-16
22015,201152,Thaddeus Young,1610612751,BKN,Brooklyn Nets,0021500738,2016-02-03,BKN vs. IND,L,35,6,12,0.5,0,0,,4,6,0.667,3,11,14,1,0,0,4,1,16,-10,30.3,1,2015-16
22015,202711,Bojan Bogdanovic,1610612751,BKN,Brooklyn Nets,0021500738,2016-02-03,BKN vs. IND,L,20,3,9,0.333,1,3,0.333,0,1,0.0,0,1,1,1,0,0,1,2,7,-5,8.7,1,2015-16
22015,203095,Evan Fournier,1610612753,ORL,Orlando Magic,0021500740,2016-02-03,ORL @ OKC,L,19,2,4,0.5,1,3,0.333,2,2,1.0,0,1,1,2,0,0,3,1,7,-9,8.2,1,2015-16
22015,201588,George Hill,1610612754,IND,Indiana Pacers,0021500738,2016-02-03,IND @ BKN,W,26,4,8,0.5,2,2,1.0,3,3,1.0,2,2,4,2,3,0,2,0,13,6,27.8,1,2015-16
22015,203963,Shayne Whittington,1610612754,IND,Indiana Pacers,0021500738,2016-02-03,IND @ BKN,W,2,0,1,0.0,0,0,,0,0,,1,0,1,0,0,0,0,1,0,-1,1.2,1,2015-16
22015,1626167,Myles Turner,1610612754,IND,Indiana Pacers,0021500738,2016-02-03,IND @ BKN,W,31,4,11,0.364,0,0,,1,2,0.5,1,6,7,0,0,3,2,2,9,-1,24.4,1,2015-16
22015,203088,Kendall Marshall,1610612755,PHI,Philadelphia 76ers,0021500736,2016-02-03,PHI vs. ATL,L,8,0,3,0.0,0,2,0.0,0,0,,0,0,0,3,0,0,1,1,0,-7,3.5,1,2015-16
22015,203477,Isaiah Canaan,1610612755,PHI,Philadelphia 76ers,0021500736,2016-02-03,PHI vs. ATL,L,20,4,10,0.4,3,6,0.5,0,0,,0,2,2,1,0,0,1,2,11,-27,13.9,1,2015-16
22015,203496,Robert Covington,1610612755,PHI,Philadelphia 76ers,0021500736,2016-02-03,PHI vs. ATL,L,21,3,9,0.333,0,4,0.0,0,1,0.0,1,5,6,0,1,1,4,1,6,-15,15.2,1,2015-16
22015,203917,Nik Stauskas,1610612755,PHI,Philadelphia 76ers,0021500736,2016-02-03,PHI vs. ATL,L,30,5,7,0.714,2,3,0.667,5,5,1.0,0,4,4,2,0,0,1,1,17,-15,23.8,1,2015-16
22015,1626158,Richaun Holmes,1610612755,PHI,Philadelphia 76ers,0021500736,2016-02-03,PHI vs. ATL,L,8,2,4,0.5,0,1,0.0,1,2,0.5,0,2,2,0,0,1,0,0,5,-7,10.4,1,2015-16
22015,200765,Rajon Rondo,1610612758,SAC,Sacramento Kings,0021500744,2016-02-03,SAC vs. CHI,L,31,3,9,0.333,0,1,0.0,0,0,,1,1,2,9,3,0,4,3,6,-7,26.9,1,2015-16
22015,202326,DeMarcus Cousins,1610612758,SAC,Sacramento Kings,0021500744,2016-02-03,SAC vs. CHI,L,37,12,25,0.48,0,3,0.0,6,11,0.545,3,8,11,4,3,2,6,2,30,1,58.2,1,2015-16
22015,2225,Tony Parker,1610612759,SAS,San Antonio Spurs,0021500742,2016-02-03,SAS vs. NOP,W,30,1,2,0.5,0,0,,0,0,,0,2,2,8,0,0,3,2,2,2,13.4,1,2015-16
22015,2561,David West,1610612759,SAS,San Antonio Spurs,0021500742,2016-02-03,SAS vs. NOP,W,27,6,10,0.6,0,0,,2,2,1.0,1,4,5,5,0,2,0,1,14,0,33.5,1,2015-16
22015,202713,Kyle Singler,1610612760,OKC,Oklahoma City Thunder,0021500740,2016-02-03,OKC vs. ORL,W,14,2,4,0.5,1,3,0.333,0,0,,0,0,0,0,2,0,0,2,5,-4,11.0,1,2015-16
22015,204060,Joe Ingles,1610612762,UTA,Utah Jazz,0021500743,2016-02-03,UTA vs. DEN,W,10,0,0,,0,0,,0,0,,0,1,1,1,0,0,1,0,0,6,1.7,1,2015-16
22015,101162,Marcin Gortat,1610612764,WAS,Washington Wizards,0021500739,2016-02-03,WAS vs. GSW,L,28,4,8,0.5,0,0,,1,2,0.5,1,7,8,0,2,1,3,2,9,1,24.6,1,2015-16
22015,101107,Marvin Williams,1610612766,CHA,Charlotte Hornets,0021500735,2016-02-03,CHA vs. CLE,W,24,5,7,0.714,3,5,0.6,3,3,1.0,0,4,4,0,1,0,0,0,16,-3,23.8,1,2015-16
22015,203148,Brian Roberts,1610612766,CHA,Charlotte Hornets,0021500735,2016-02-03,CHA vs. CLE,W,16,2,4,0.5,0,1,0.0,4,4,1.0,1,0,1,3,0,0,0,2,8,6,13.7,1,2015-16
22015,203934,Lamar Patterson,1610612737,ATL,Atlanta Hawks,0021500736,2016-02-03,ATL @ PHI,W,10,2,4,0.5,1,2,0.5,0,0,,0,1,1,1,1,0,2,0,5,11,8.7,1,2015-16
22015,204002,Edy Tavares,1610612737,ATL,Atlanta Hawks,0021500736,2016-02-03,ATL @ PHI,W,8,2,3,0.667,0,0,,0,0,,1,3,4,0,0,1,1,2,4,9,10.8,1,2015-16
22015,101161,Amir Johnson,1610612738,BOS,Boston Celtics,0021500737,2016-02-03,BOS vs. DET,W,21,2,4,0.5,0,0,,0,0,,1,3,4,2,0,1,1,1,4,8,13.8,1,2015-16
22015,202738,Isaiah Thomas,1610612738,BOS,Boston Celtics,0021500737,2016-02-03,BOS vs. DET,W,33,7,17,0.412,2,4,0.5,1,2,0.5,1,4,5,7,1,0,2,3,17,14,34.5,1,2015-16
22015,203092,Tyler Zeller,1610612738,BOS,Boston Celtics,0021500737,2016-02-03,BOS vs. DET,W,14,2,4,0.5,0,0,,2,2,1.0,1,4,5,4,1,3,0,2,6,-3,30.0,1,2015-16
22015,2747,JR Smith,1610612739,CLE,Cleveland Cavaliers,0021500735,2016-02-03,CLE @ CHA,L,37,5,14,0.357,4,9,0.444,0,0,,0,3,3,0,4,1,0,5,14,-8,32.6,1,2015-16
22015,202681,Kyrie Irving,1610612739,CLE,Cleveland Cavaliers,0021500735,2016-02-03,CLE @ CHA,L,37,10,17,0.588,1,4,0.25,5,5,1.0,0,1,1,5,1,0,1,4,26,-4,36.7,1,2015-16
22015,202684,Tristan Thompson,1610612739,CLE,Cleveland Cavaliers,0021500735,2016-02-03,CLE @ CHA,L,34,2,4,0.5,0,0,,0,0,,2,2,4,0,0,0,0,2,4,-6,8.8,1,2015-16
22015,202697,Iman Shumpert,1610612739,CLE,Cleveland Cavaliers,0021500735,2016-02-03,CLE @ CHA,L,22,1,4,0.25,1,2,0.5,1,2,0.5,0,1,1,2,1,0,3,2,4,-1,8.2,1,2015-16
22015,201962,Toney Douglas,1610612740,NOP,New Orleans Pelicans,0021500742,2016-02-03,NOP @ SAS,L,22,1,6,0.167,1,4,0.25,0,0,,1,1,2,1,3,0,0,3,3,-16,15.9,1,2015-16
22015,2550,Kirk Hinrich,1610612741,CHI,Chicago Bulls,0021500744,2016-02-03,CHI @ SAC,W,19,1,2,0.5,1,1,1.0,0,0,,1,3,4,5,0,0,0,3,3,-5,15.3,1,2015-16
22015,201166,Aaron Brooks,1610612741,CHI,Chicago Bulls,0021500744,2016-02-03,CHI @ SAC,W,11,1,6,0.167,1,3,0.333,0,0,,0,1,1,1,0,0,0,1,3,-2,5.7,1,2015-16
22015,203503,Tony Snell,1610612741,CHI,Chicago Bulls,0021500744,2016-02-03,CHI @ SAC,W,21,4,6,0.667,1,2,0.5,0,0,,1,6,7,0,1,0,0,0,9,9,20.4,1,2015-16
22015,203926,Doug McDermott,1610612741,CHI,Chicago Bulls,0021500744,2016-02-03,CHI @ SAC,W,25,4,10,0.4,2,6,0.333,1,2,0.5,0,2,2,0,0,0,0,1,11,0,13.4,1,2015-16
22015,1717,Dirk Nowitzki,1610612742,DAL,Dallas Mavericks,0021500741,2016-02-03,DAL vs. MIA,L,35,10,21,0.476,2,2,1.0,6,7,0.857,0,4,4,1,0,3,0,2,28,10,43.3,1,2015-16
22015,1626147,Justin Anderson,1610612742,DAL,Dallas Mavericks,0021500741,2016-02-03,DAL vs. MIA,L,22,2,7,0.286,1,2,0.5,0,0,,0,7,7,0,1,2,0,3,5,-3,22.4,1,2015-16
22015,202702,Kenneth Faried,1610612743,DEN,Denver Nuggets,0021500743,2016-02-03,DEN @ UTA,L,27,5,8,0.625,0,0,,4,5,0.8,2,3,5,0,0,1,2,3,14,-3,21.0,1,2015-16
22015,203994,Jusuf Nurkić,1610612743,DEN,Denver Nuggets,0021500743,2016-02-03,DEN @ UTA,L,15,1,3,0.333,0,0,,3,4,0.75,1,4,5,1,0,0,2,1,5,1,10.5,1,2015-16
22015,201578,Marreese Speights,1610612744,GSW,Golden State Warriors,0021500739,2016-02-03,GSW @ WAS,W,12,4,9,0.444,0,2,0.0,0,0,,3,3,6,0,0,0,0,0,8,-8,15.2,1,2015-16
22015,2405,Amar'e Stoudemire,1610612748,MIA,Miami Heat,0021500741,2016-02-03,MIA @ DAL,W,17,2,4,0.5,0,0,,2,2,1.0,1,4,5,1,0,4,0,2,6,1,25.5,1,2015-16
22015,2548,Dwyane Wade,1610612748,MIA,Miami Heat,0021500741,2016-02-03,MIA @ DAL,W,28,6,19,0.316,0,1,0.0,6,8,0.75,4,4,8,4,1,0,1,0,18,-4,35.6,1,2015-16
22015,2757,Beno Udrih,1610612748,MIA,Miami Heat,0021500741,2016-02-03,MIA @ DAL,W,15,4,7,0.571,0,1,0.0,0,0,,0,3,3,2,0,0,2,1,8,2,12.6,1,2015-16
22015,201177,Josh McRoberts,1610612748,MIA,Miami Heat,0021500741,2016-02-03,MIA @ DAL,W,10,1,3,0.333,0,1,0.0,0,0,,0,3,3,0,0,0,0,0,2,4,5.6,1,2015-16
22015,1626159,Justise Winslow,1610612748,MIA,Miami Heat,0021500741,2016-02-03,MIA @ DAL,W,30,2,6,0.333,0,1,0.0,0,0,,0,6,6,0,1,1,0,3,4,6,17.2,1,2015-16
22015,1889,Andre Miller,1610612750,MIN,Minnesota Timberwolves,0021500745,2016-02-03,MIN @ LAC,W,14,1,2,0.5,0,1,0.0,1,1,1.0,0,0,0,7,0,0,2,2,3,-6,11.5,1,2015-16
22015,203476,Gorgui Dieng,1610612750,MIN,Minnesota Timberwolves,0021500745,2016-02-03,MIN @ LAC,W,31,4,6,0.667,0,0,,4,5,0.8,1,9,10,0,0,0,5,3,12,6,19.0,1,2015-16
22015,201961,Wayne Ellington,1610612751,BKN,Brooklyn Nets,0021500738,2016-02-03,BKN vs. IND,L,33,6,12,0.5,2,8,0.25,2,2,1.0,0,2,2,0,1,0,3,2,16,-16,18.4,1,2015-16
22015,203900,Markel Brown,1610612751,BKN,Brooklyn Nets,0021500738,2016-02-03,BKN vs. IND,L,7,1,3,0.333,0,1,0.0,0,0,,1,1,2,0,0,0,0,2,2,-4,4.4,1,2015-16
22015,201171,Carl Landry,1610612755,PHI,Philadelphia 76ers,0021500736,2016-02-03,PHI vs. ATL,L,15,3,7,0.429,0,1,0.0,0,0,,0,2,2,1,0,2,0,1,6,-18,15.9,1,2015-16
22015,203138,Hollis Thompson,1610612755,PHI,Philadelphia 76ers,0021500736,2016-02-03,PHI vs. ATL,L,20,2,7,0.286,1,4,0.25,2,2,1.0,0,2,2,0,0,0,3,1,7,-17,6.4,1,2015-16
22015,203960,JaKarr Sampson,1610612755,PHI,Philadelphia 76ers,0021500736,2016-02-03,PHI vs. ATL,L,8,2,4,0.5,0,1,0.0,1,1,1.0,0,0,0,0,0,0,0,0,5,-7,5.0,1,2015-16
22015,1938,Manu Ginobili,1610612759,SAS,San Antonio Spurs,0021500742,2016-02-03,SAS vs. NOP,W,22,2,8,0.25,2,3,0.667,0,0,,0,3,3,4,1,0,4,1,6,12,14.6,1,2015-16
22015,201627,Anthony Morrow,1610612760,OKC,Oklahoma City Thunder,0021500740,2016-02-03,OKC vs. ORL,W,10,2,8,0.25,1,4,0.25,0,0,,0,0,0,0,0,0,0,0,5,1,5.0,1,2015-16
22015,202330,Gordon Hayward,1610612762,UTA,Utah Jazz,0021500743,2016-02-03,UTA vs. DEN,W,38,5,12,0.417,0,4,0.0,6,6,1.0,0,2,2,5,0,0,1,5,16,6,24.9,1,2015-16
22015,203475,Erick Green,1610612762,UTA,Utah Jazz,0021500743,2016-02-03,UTA vs. DEN,W,3,0,1,0.0,0,1,0.0,0,0,,1,0,1,0,0,0,0,0,0,3,1.2,1,2015-16
22015,203918,Rodney Hood,1610612762,UTA,Utah Jazz,0021500743,2016-02-03,UTA vs. DEN,W,34,3,12,0.25,1,6,0.167,1,2,0.5,0,1,1,1,0,1,3,3,8,-3,10.7,1,2015-16
22015,201162,Jared Dudley,1610612764,WAS,Washington Wizards,0021500739,2016-02-03,WAS vs. GSW,L,18,1,4,0.25,1,2,0.5,2,2,1.0,0,3,3,4,1,0,0,3,5,-11,17.6,1,2015-16
22015,201229,Anthony Tolliver,1610612765,DET,Detroit Pistons,0021500737,2016-02-03,DET @ BOS,L,18,1,4,0.25,1,4,0.25,0,0,,1,3,4,0,0,0,2,2,3,-8,5.8,1,2015-16
22015,201943,Brandon Jennings,1610612765,DET,Detroit Pistons,0021500737,2016-02-03,DET @ BOS,L,20,2,8,0.25,0,3,0.0,1,2,0.5,0,2,2,3,0,1,0,2,5,-14,14.9,1,2015-16
22015,202391,Jeremy Lin,1610612766,CHA,Charlotte Hornets,0021500735,2016-02-03,CHA vs. CLE,W,32,7,13,0.538,2,4,0.5,8,11,0.727,1,4,5,8,0,0,5,0,24,3,37.0,1,2015-16
22015,203798,PJ Hairston,1610612766,CHA,Charlotte Hornets,0021500735,2016-02-03,CHA vs. CLE,W,11,1,3,0.333,1,3,0.333,0,0,,0,0,0,1,0,0,1,1,3,2,3.5,1,2015-16
22015,201143,Al Horford,1610612737,ATL,Atlanta Hawks,0021500736,2016-02-03,ATL @ PHI,W,22,3,4,0.75,0,0,,1,2,0.5,2,4,6,4,1,2,0,1,7,13,29.2,1,2015-16
22015,203471,Dennis Schröder,1610612737,ATL,Atlanta Hawks,0021500736,2016-02-03,ATL @ PHI,W,17,4,10,0.4,0,0,,4,5,0.8,0,5,5,2,1,0,2,1,12,22,22.0,1,2015-16
22015,203488,Mike Muscala,1610612737,ATL,Atlanta Hawks,0021500736,2016-02-03,ATL @ PHI,W,20,4,5,0.8,0,0,,4,7,0.571,0,2,2,1,1,0,1,1,12,19,17.9,1,2015-16
22015,203501,Tim Hardaway Jr.,1610612737,ATL,Atlanta Hawks,0021500736,2016-02-03,ATL @ PHI,W,26,5,8,0.625,1,3,0.333,2,2,1.0,2,5,7,4,1,0,0,1,13,23,30.4,1,2015-16
22015,2210,Richard Jefferson,1610612739,CLE,Cleveland Cavaliers,0021500735,2016-02-03,CLE @ CHA,L,9,1,1,1.0,1,1,1.0,0,0,,0,1,1,1,0,0,0,1,3,0,5.7,1,2015-16
22015,201582,Alexis Ajinca,1610612740,NOP,New Orleans Pelicans,0021500742,2016-02-03,NOP @ SAS,L,6,2,2,1.0,0,0,,0,0,,0,1,1,0,0,0,1,2,4,-2,4.2,1,2015-16
22015,201583,Ryan Anderson,1610612740,NOP,New Orleans Pelicans,0021500742,2016-02-03,NOP @ SAS,L,31,4,9,0.444,0,2,0.0,2,2,1.0,2,8,10,0,0,0,1,2,10,-17,21.0,1,2015-16
22015,201950,Jrue Holiday,1610612740,NOP,New Orleans Pelicans,0021500742,2016-02-03,NOP @ SAS,L,30,8,18,0.444,0,4,0.0,4,4,1.0,2,2,4,5,2,0,3,3,20,-19,35.3,1,2015-16
22015,2585,Zaza Pachulia,1610612742,DAL,Dallas Mavericks,0021500741,2016-02-03,DAL vs. MIA,L,39,4,7,0.571,0,0,,2,5,0.4,4,11,15,4,1,0,1,1,10,6,36.0,1,2015-16
22015,200751,Randy Foye,1610612743,DEN,Denver Nuggets,0021500743,2016-02-03,DEN @ UTA,L,15,0,3,0.0,0,1,0.0,0,0,,0,2,2,0,1,0,0,2,0,-4,5.4,1,2015-16
22015,201568,Danilo Gallinari,1610612743,DEN,Denver Nuggets,0021500743,2016-02-03,DEN @ UTA,L,37,5,16,0.313,2,7,0.286,12,14,0.857,0,2,2,0,1,0,2,3,24,-6,27.4,1,2015-16
22015,202691,Klay Thompson,1610612744,GSW,Golden State Warriors,0021500739,2016-02-03,GSW @ WAS,W,33,8,19,0.421,6,13,0.462,2,2,1.0,0,4,4,0,1,0,1,1,24,16,30.8,1,2015-16
22015,101108,Chris Paul,1610612746,LAC,LA Clippers,0021500745,2016-02-03,LAC vs. MIN,L,36,6,14,0.429,4,9,0.444,6,6,1.0,2,2,4,8,2,0,2,2,22,-9,42.8,1,2015-16
22015,202332,Cole Aldrich,1610612746,LAC,LA Clippers,0021500745,2016-02-03,LAC vs. MIN,L,12,1,1,1.0,0,0,,2,2,1.0,2,0,2,0,1,1,0,4,4,2,12.4,1,2015-16
22015,101123,Gerald Green,1610612748,MIA,Miami Heat,0021500741,2016-02-03,MIA @ DAL,W,26,0,2,0.0,0,1,0.0,3,5,0.6,0,7,7,1,0,0,0,2,3,7,12.9,1,2015-16
22015,203498,Shabazz Muhammad,1610612750,MIN,Minnesota Timberwolves,0021500745,2016-02-03,MIN @ LAC,W,12,1,2,0.5,0,1,0.0,2,2,1.0,0,1,1,0,0,0,0,0,4,-8,5.2,1,2015-16
22015,204014,Damjan Rudez,1610612750,MIN,Minnesota Timberwolves,0021500745,2016-02-03,MIN @ LAC,W,18,3,3,1.0,2,2,1.0,0,0,,0,0,0,1,0,0,1,2,8,-3,8.5,1,2015-16
22015,200745,Andrea Bargnani,1610612751,BKN,Brooklyn Nets,0021500738,2016-02-03,BKN vs. IND,L,12,1,2,0.5,0,0,,0,0,,0,2,2,1,0,0,0,1,2,-7,5.9,1,2015-16
22015,203499,Shane Larkin,1610612751,BKN,Brooklyn Nets,0021500738,2016-02-03,BKN vs. IND,L,16,1,4,0.25,0,1,0.0,1,2,0.5,0,1,1,2,0,0,1,0,3,-10,6.2,1,2015-16
22015,203508,Sergey Karasev,1610612751,BKN,Brooklyn Nets,0021500738,2016-02-03,BKN vs. IND,L,2,0,0,,0,0,,0,0,,0,0,0,0,0,0,0,0,0,1,0.0,1,2015-16
22015,203932,Aaron Gordon,1610612753,ORL,Orlando Magic,0021500740,2016-02-03,ORL @ OKC,L,26,1,10,0.1,0,2,0.0,0,0,,3,3,6,1,0,0,0,0,2,-3,10.7,1,2015-16
22015,203457,Nerlens Noel,1610612755,PHI,Philadelphia 76ers,0021500736,2016-02-03,PHI vs. ATL,L,22,5,5,1.0,0,0,,0,1,0.0,2,5,7,5,2,1,2,4,10,-6,32.9,1,2015-16
22015,1626143,Jahlil Okafor,1610612755,PHI,Philadelphia 76ers,0021500736,2016-02-03,PHI vs. ATL,L,25,5,10,0.5,0,0,,0,0,,3,2,5,3,1,1,5,3,10,-15,21.5,1,2015-16
22015,200752,Rudy Gay,1610612758,SAC,Sacramento Kings,0021500744,2016-02-03,SAC vs. CHI,L,31,5,13,0.385,0,2,0.0,2,2,1.0,3,3,6,1,1,1,1,6,12,-1,25.7,1,2015-16
22015,201954,Darren Collison,1610612758,SAC,Sacramento Kings,0021500744,2016-02-03,SAC vs. CHI,L,30,8,11,0.727,0,2,0.0,3,4,0.75,0,2,2,2,0,0,0,0,19,1,24.4,1,2015-16
22015,201956,Omri Casspi,1610612758,SAC,Sacramento Kings,0021500744,2016-02-03,SAC vs. CHI,L,24,4,7,0.571,2,3,0.667,0,0,,0,6,6,1,1,1,0,0,10,-7,24.7,1,2015-16
22015,201566,Russell Westbrook,1610612760,OKC,Oklahoma City Thunder,0021500740,2016-02-03,OKC vs. ORL,W,38,10,18,0.556,0,1,0.0,4,4,1.0,7,12,19,14,2,0,2,1,24,10,71.8,1,2015-16
22015,1626166,Cameron Payne,1610612760,OKC,Oklahoma City Thunder,0021500740,2016-02-03,OKC vs. ORL,W,14,3,5,0.6,0,2,0.0,3,4,0.75,0,1,1,3,0,0,0,1,9,-4,14.7,1,2015-16
22015,202704,Reggie Jackson,1610612765,DET,Detroit Pistons,0021500737,2016-02-03,DET @ BOS,L,33,5,9,0.556,3,6,0.5,4,4,1.0,0,1,1,7,0,1,3,4,17,8,28.7,1,2015-16
22015,203382,Aron Baynes,1610612765,DET,Detroit Pistons,0021500737,2016-02-03,DET @ BOS,L,15,0,3,0.0,0,0,,4,6,0.667,2,3,5,0,2,1,0,1,4,-2,19.0,1,2015-16
22015,1626199,Darrun Hilliard,1610612765,DET,Detroit Pistons,0021500737,2016-02-03,DET @ BOS,L,12,2,3,0.667,0,1,0.0,0,0,,1,2,3,1,0,0,0,0,4,4,9.1,1,2015-16
22015,201150,Spencer Hawes,1610612766,CHA,Charlotte Hornets,0021500735,2016-02-03,CHA vs. CLE,W,20,3,5,0.6,0,2,0.0,0,0,,0,4,4,4,2,1,3,2,6,3,22.8,1,2015-16
22015,203087,Jeremy Lamb,1610612766,CHA,Charlotte Hornets,0021500735,2016-02-03,CHA vs. CLE,W,17,3,10,0.3,1,3,0.333,0,0,,2,2,4,2,1,0,0,2,7,4,17.8,1,2015-16
22015,203469,Cody Zeller,1610612766,CHA,Charlotte Hornets,0021500735,2016-02-03,CHA vs. CLE,W,28,3,7,0.429,0,0,,0,0,,2,5,7,2,0,1,0,3,6,6,20.4,1,2015-16
22015,200794,Paul Millsap,1610612737,ATL,Atlanta Hawks,0021500736,2016-02-03,ATL @ PHI,W,25,3,11,0.273,1,2,0.5,3,4,0.75,0,4,4,3,1,2,2,0,10,18,26.3,1,2015-16
22015,203145,Kent Bazemore,1610612737,ATL,Atlanta Hawks,0021500736,2016-02-03,ATL @ PHI,W,19,4,7,0.571,2,4,0.5,2,2,1.0,0,3,3,2,1,1,2,0,12,11,22.6,1,2015-16
22015,2544,LeBron James,1610612739,CLE,Cleveland Cavaliers,0021500735,2016-02-03,CLE @ CHA,L,39,10,21,0.476,0,3,0.0,3,5,0.6,0,6,6,6,1,2,1,1,23,-9,47.2,1,2015-16
22015,201567,Kevin Love,1610612739,CLE,Cleveland Cavaliers,0021500735,2016-02-03,CLE @ CHA,L,36,4,12,0.333,2,7,0.286,2,2,1.0,1,11,12,1,2,2,1,1,12,0,38.9,1,2015-16
22015,202389,Timofey Mozgov,1610612739,CLE,Cleveland Cavaliers,0021500735,2016-02-03,CLE @ CHA,L,7,2,2,1.0,0,0,,0,0,,0,0,0,0,0,0,0,1,4,-5,4.0,1,2015-16
22015,201967,Dante Cunningham,1610612740,NOP,New Orleans Pelicans,0021500742,2016-02-03,NOP @ SAS,L,20,2,3,0.667,0,1,0.0,0,0,,0,0,0,1,0,0,0,2,4,0,5.5,1,2015-16
22015,202087,Alonzo Gee,1610612740,NOP,New Orleans Pelicans,0021500742,2016-02-03,NOP @ SAS,L,18,0,2,0.0,0,1,0.0,0,0,,0,0,0,0,1,0,1,3,0,-8,2.0,1,2015-16
22015,201565,Derrick Rose,1610612741,CHI,Chicago Bulls,0021500744,2016-02-03,CHI @ SAC,W,35,6,15,0.4,0,1,0.0,9,10,0.9,2,4,6,9,2,0,7,1,21,7,40.7,1,2015-16
22015,202734,E'Twaun Moore,1610612741,CHI,Chicago Bulls,0021500744,2016-02-03,CHI @ SAC,W,38,9,16,0.563,4,5,0.8,2,4,0.5,1,4,5,4,2,0,1,5,24,7,41.0,1,2015-16
22015,202083,Wesley Matthews,1610612742,DAL,Dallas Mavericks,0021500741,2016-02-03,DAL vs. MIA,L,37,4,10,0.4,1,5,0.2,0,0,,1,2,3,2,2,0,0,2,9,-6,21.6,1,2015-16
22015,203115,Will Barton,1610612743,DEN,Denver Nuggets,0021500743,2016-02-03,DEN @ UTA,L,23,5,8,0.625,0,1,0.0,0,0,,1,9,10,0,2,1,3,0,10,-1,28.0,1,2015-16
22015,203999,Nikola Jokić,1610612743,DEN,Denver Nuggets,0021500743,2016-02-03,DEN @ UTA,L,29,3,9,0.333,1,2,0.5,1,2,0.5,3,3,6,4,2,0,0,5,8,-3,27.2,1,2015-16
22015,2733,Shaun Livingston,1610612744,GSW,Golden State Warriors,0021500739,2016-02-03,GSW @ WAS,W,15,4,5,0.8,0,0,,1,2,0.5,0,2,2,5,2,0,3,2,9,-6,21.9,1,2015-16
22015,201575,Brandon Rush,1610612744,GSW,Golden State Warriors,0021500739,2016-02-03,GSW @ WAS,W,13,1,2,0.5,0,1,0.0,1,2,0.5,1,3,4,3,1,0,0,1,3,0,15.3,1,2015-16
22015,1718,Paul Pierce,1610612746,LAC,LA Clippers,0021500745,2016-02-03,LAC vs. MIN,L,17,1,5,0.2,1,3,0.333,0,0,,0,2,2,5,0,0,3,2,3,-4,9.9,1,2015-16
22015,202325,Wesley Johnson,1610612746,LAC,LA Clippers,0021500745,2016-02-03,LAC vs. MIN,L,27,4,9,0.444,3,8,0.375,1,2,0.5,1,2,3,1,3,2,0,6,12,3,32.1,1,2015-16
22015,2736,Luol Deng,1610612748,MIA,Miami Heat,0021500741,2016-02-03,MIA @ DAL,W,32,4,9,0.444,1,2,0.5,6,7,0.857,2,3,5,1,0,1,1,2,15,0,24.5,1,2015-16
22015,203952,Andrew Wiggins,1610612750,MIN,Minnesota Timberwolves,0021500745,2016-02-03,MIN @ LAC,W,37,12,21,0.571,3,5,0.6,4,4,1.0,2,2,4,3,0,2,3,3,31,13,43.3,1,2015-16
22015,201572,Brook Lopez,1610612751,BKN,Brooklyn Nets,0021500738,2016-02-03,BKN vs. IND,L,38,6,12,0.5,0,1,0.0,9,14,0.643,3,4,7,3,1,1,3,3,21,-1,36.9,1,2015-16
22015,202388,Donald Sloan,1610612751,BKN,Brooklyn Nets,0021500738,2016-02-03,BKN vs. IND,L,32,4,12,0.333,0,4,0.0,3,4,0.75,0,3,3,7,1,0,1,2,11,-4,27.1,1,2015-16
22015,203080,Thomas Robinson,1610612751,BKN,Brooklyn Nets,0021500738,2016-02-03,BKN vs. IND,L,10,1,3,0.333,0,0,,0,0,,2,2,4,1,0,1,0,3,2,-11,11.3,1,2015-16
22015,101112,Channing Frye,1610612753,ORL,Orlando Magic,0021500740,2016-02-03,ORL @ OKC,L,17,1,3,0.333,0,1,0.0,0,0,,1,5,6,2,0,0,0,2,2,1,12.2,1,2015-16
22015,201160,Jason Smith,1610612753,ORL,Orlando Magic,0021500740,2016-02-03,ORL @ OKC,L,18,6,7,0.857,1,1,1.0,0,0,,2,1,3,0,2,2,1,2,13,1,27.6,1,2015-16
22015,203506,Victor Oladipo,1610612753,ORL,Orlando Magic,0021500740,2016-02-03,ORL @ OKC,L,41,13,20,0.65,3,6,0.5,8,8,1.0,1,6,7,4,1,1,0,4,37,-4,57.4,1,2015-16
22015,1626209,Mario Hezonja,1610612753,ORL,Orlando Magic,0021500740,2016-02-03,ORL @ OKC,L,20,6,10,0.6,4,6,0.667,0,0,,1,0,1,4,0,0,2,1,16,5,21.2,1,2015-16
22015,101139,CJ Miles,1610612754,IND,Indiana Pacers,0021500738,2016-02-03,IND @ BKN,W,22,10,15,0.667,4,7,0.571,3,3,1.0,0,2,2,1,0,0,0,1,27,14,30.9,1,2015-16
22015,1626202,Joe Young,1610612754,IND,Indiana Pacers,0021500738,2016-02-03,IND @ BKN,W,17,3,6,0.5,2,5,0.4,0,0,,1,2,3,2,1,0,1,1,8,7,16.6,1,2015-16
22015,204456,T.J. McConnell,1610612755,PHI,Philadelphia 76ers,0021500736,2016-02-03,PHI vs. ATL,L,17,1,5,0.2,0,1,0.0,0,0,,0,1,1,3,1,0,2,2,2,-17,8.7,1,2015-16
22015,201158,Marco Belinelli,1610612758,SAC,Sacramento Kings,0021500744,2016-02-03,SAC vs. CHI,L,36,7,14,0.5,3,7,0.429,1,2,0.5,0,4,4,0,3,0,4,3,18,0,27.8,1,2015-16
22015,201585,Kosta Koufos,1610612758,SAC,Sacramento Kings,0021500744,2016-02-03,SAC vs. CHI,L,15,0,1,0.0,0,0,,0,0,,0,5,5,1,0,2,0,1,0,-3,13.5,1,2015-16
22015,203463,Ben McLemore,1610612758,SAC,Sacramento Kings,0021500744,2016-02-03,SAC vs. CHI,L,18,2,4,0.5,1,2,0.5,0,0,,0,4,4,3,1,0,1,1,5,3,16.3,1,2015-16
22015,201980,Danny Green,1610612759,SAS,San Antonio Spurs,0021500742,2016-02-03,SAS vs. NOP,W,39,6,12,0.5,4,8,0.5,0,0,,0,7,7,1,1,1,1,3,16,9,30.9,1,2015-16
22015,203937,Kyle Anderson,1610612759,SAS,San Antonio Spurs,0021500742,2016-02-03,SAS vs. NOP,W,18,0,3,0.0,0,0,,0,0,,1,1,2,3,0,0,2,1,0,4,4.9,1,2015-16
22015,201142,Kevin Durant,1610612760,OKC,Oklahoma City Thunder,0021500740,2016-02-03,OKC vs. ORL,W,37,12,25,0.48,6,12,0.5,7,8,0.875,0,5,5,5,2,3,4,1,37,2,61.5,1,2015-16
22015,201586,Serge Ibaka,1610612760,OKC,Oklahoma City Thunder,0021500740,2016-02-03,OKC vs. ORL,W,36,4,11,0.364,0,2,0.0,1,1,1.0,4,3,7,1,0,6,1,3,9,6,35.9,1,2015-16
22015,203500,Steven Adams,1610612760,OKC,Oklahoma City Thunder,0021500740,2016-02-03,OKC vs. ORL,W,36,3,7,0.429,0,0,,1,2,0.5,3,6,9,0,0,0,3,4,7,15,14.8,1,2015-16
22015,202324,Derrick Favors,1610612762,UTA,Utah Jazz,0021500743,2016-02-03,UTA vs. DEN,W,35,7,14,0.5,0,0,,2,4,0.5,3,8,11,0,0,6,3,2,16,2,44.2,1,2015-16
22015,202344,Trevor Booker,1610612762,UTA,Utah Jazz,0021500743,2016-02-03,UTA vs. DEN,W,21,4,5,0.8,0,0,,0,1,0.0,1,2,3,0,1,2,0,1,8,1,20.6,1,2015-16
22015,1626168,Trey Lyles,1610612762,UTA,Utah Jazz,0021500743,2016-02-03,UTA vs. DEN,W,10,3,4,0.75,0,0,,1,1,1.0,0,3,3,0,0,0,0,2,7,5,10.6,1,2015-16
22015,2400,Drew Gooden,1610612764,WAS,Washington Wizards,0021500739,2016-02-03,WAS vs. GSW,L,6,0,3,0.0,0,1,0.0,0,0,,0,1,1,1,1,1,0,0,0,2,8.7,1,2015-16
22015,201196,Ramon Sessions,1610612764,WAS,Washington Wizards,0021500739,2016-02-03,WAS vs. GSW,L,22,5,6,0.833,1,1,1.0,1,2,0.5,0,4,4,2,1,0,3,1,12,-5,19.8,1,2015-16
22015,202066,Garrett Temple,1610612764,WAS,Washington Wizards,0021500739,2016-02-03,WAS vs. GSW,L,33,2,9,0.222,1,5,0.2,3,3,1.0,1,2,3,4,2,0,0,3,8,-21,23.6,1,2015-16
22015,202390,Gary Neal,1610612764,WAS,Washington Wizards,0021500739,2016-02-03,WAS vs. GSW,L,18,3,6,0.5,1,2,0.5,0,0,,0,5,5,1,0,0,1,2,7,2,13.5,1,2015-16
22015,203078,Bradley Beal,1610612764,WAS,Washington Wizards,0021500739,2016-02-03,WAS vs. GSW,L,29,8,17,0.471,1,7,0.143,1,1,1.0,0,1,1,2,2,1,0,3,18,-10,31.2,1,2015-16
22015,202694,Marcus Morris Sr.,1610612765,DET,Detroit Pistons,0021500737,2016-02-03,DET @ BOS,L,36,4,17,0.235,2,6,0.333,5,6,0.833,2,5,7,4,0,0,2,2,15,-4,27.4,1,2015-16
22015,203083,Andre Drummond,1610612765,DET,Detroit Pistons,0021500737,2016-02-03,DET @ BOS,L,33,6,11,0.545,0,0,,4,6,0.667,1,12,13,0,0,2,1,2,16,-5,36.6,1,2015-16
22015,1626169,Stanley Johnson,1610612765,DET,Detroit Pistons,0021500737,2016-02-03,DET @ BOS,L,30,4,13,0.308,3,10,0.3,0,0,,1,8,9,2,0,0,3,3,11,-1,21.8,1,2015-16
22015,203077,Michael Kidd-Gilchrist,1610612766,CHA,Charlotte Hornets,0021500735,2016-02-03,CHA vs. CLE,W,37,5,14,0.357,0,1,0.0,1,2,0.5,2,11,13,0,0,0,1,2,11,7,25.6,1,2015-16
22015,201952,Jeff Teague,1610612737,ATL,Atlanta Hawks,0021500736,2016-02-03,ATL @ PHI,W,23,4,12,0.333,2,4,0.5,0,0,,0,3,3,3,3,0,1,0,10,9,26.1,1,2015-16
22015,202714,Shelvin Mack,1610612737,ATL,Atlanta Hawks,0021500736,2016-02-03,ATL @ PHI,W,9,4,8,0.5,0,1,0.0,1,1,1.0,0,2,2,2,0,0,0,1,9,9,14.4,1,2015-16
22015,203118,Mike Scott,1610612737,ATL,Atlanta Hawks,0021500736,2016-02-03,ATL @ PHI,W,20,6,10,0.6,1,1,1.0,0,0,,4,5,9,1,1,0,2,2,13,17,26.3,1,2015-16
22015,203096,Jared Sullinger,1610612738,BOS,Boston Celtics,0021500737,2016-02-03,BOS vs. DET,W,18,6,11,0.545,0,0,,0,0,,0,3,3,5,1,1,2,3,12,9,27.1,1,2015-16
22015,203109,Jae Crowder,1610612738,BOS,Boston Celtics,0021500737,2016-02-03,BOS vs. DET,W,31,5,12,0.417,0,3,0.0,2,3,0.667,0,6,6,0,4,0,0,5,12,0,31.2,1,2015-16
22015,2590,Mo Williams,1610612739,CLE,Cleveland Cavaliers,0021500735,2016-02-03,CLE @ CHA,L,11,2,7,0.286,1,2,0.5,0,0,,0,0,0,1,0,0,1,2,5,-5,5.5,1,2015-16
22015,201600,Omer Asik,1610612740,NOP,New Orleans Pelicans,0021500742,2016-02-03,NOP @ SAS,L,20,3,4,0.75,0,0,,0,1,0.0,3,8,11,0,0,0,1,1,6,10,18.2,1,2015-16
22015,201580,JaVale McGee,1610612742,DAL,Dallas Mavericks,0021500741,2016-02-03,DAL vs. MIA,L,9,2,5,0.4,0,0,,0,0,,3,2,5,0,0,0,1,1,4,-8,9.0,1,2015-16
22015,203914,Gary Harris,1610612743,DEN,Denver Nuggets,0021500743,2016-02-03,DEN @ UTA,L,42,4,9,0.444,1,5,0.2,2,2,1.0,1,5,6,0,3,0,1,3,11,0,26.2,1,2015-16
22015,2037,Jamal Crawford,1610612746,LAC,LA Clippers,0021500745,2016-02-03,LAC vs. MIN,L,28,5,15,0.333,1,4,0.25,10,10,1.0,2,2,4,3,1,0,0,1,21,7,33.3,1,2015-16
22015,201601,Luc Mbah a Moute,1610612746,LAC,LA Clippers,0021500745,2016-02-03,LAC vs. MIN,L,20,3,4,0.75,1,1,1.0,0,2,0.0,1,0,1,0,0,0,2,1,7,-13,6.2,1,2015-16
22015,203085,Austin Rivers,1610612746,LAC,LA Clippers,0021500745,2016-02-03,LAC vs. MIN,L,7,2,4,0.5,0,1,0.0,0,0,,0,0,0,0,0,0,1,1,4,4,3.0,1,2015-16
22015,203143,Pablo Prigioni,1610612746,LAC,LA Clippers,0021500745,2016-02-03,LAC vs. MIN,L,12,1,3,0.333,0,1,0.0,0,0,,0,0,0,2,1,0,1,2,2,3,7.0,1,2015-16
22015,2547,Chris Bosh,1610612748,MIA,Miami Heat,0021500741,2016-02-03,MIA @ DAL,W,32,10,23,0.435,0,6,0.0,0,1,0.0,1,3,4,1,0,0,1,3,20,-10,25.3,1,2015-16
22015,202696,Nikola Vučević,1610612753,ORL,Orlando Magic,0021500740,2016-02-03,ORL @ OKC,L,36,8,16,0.5,0,0,,0,0,,1,2,3,3,0,2,2,3,16,-8,28.1,1,2015-16
22015,202699,Tobias Harris,1610612753,ORL,Orlando Magic,0021500740,2016-02-03,ORL @ OKC,L,34,7,14,0.5,1,4,0.25,0,2,0.0,2,5,7,3,0,0,0,1,15,8,27.9,1,2015-16
22015,203901,Elfrid Payton,1610612753,ORL,Orlando Magic,0021500740,2016-02-03,ORL @ OKC,L,29,3,11,0.273,0,0,,0,0,,1,4,5,6,0,0,1,4,6,-6,20.0,1,2015-16
22015,101145,Monta Ellis,1610612754,IND,Indiana Pacers,0021500738,2016-02-03,IND @ BKN,W,31,5,7,0.714,1,3,0.333,0,0,,0,6,6,5,1,0,5,2,11,-2,23.7,1,2015-16
22015,201941,Jordan Hill,1610612754,IND,Indiana Pacers,0021500738,2016-02-03,IND @ BKN,W,19,3,3,1.0,0,0,,0,0,,1,3,4,2,0,0,0,4,6,5,13.8,1,2015-16
22015,202730,Lavoy Allen,1610612754,IND,Indiana Pacers,0021500738,2016-02-03,IND @ BKN,W,25,6,12,0.5,0,0,,0,1,0.0,2,6,8,1,0,1,0,4,12,6,26.1,1,2015-16
22015,203524,Solomon Hill,1610612754,IND,Indiana Pacers,0021500738,2016-02-03,IND @ BKN,W,21,2,4,0.5,1,2,0.5,2,2,1.0,1,4,5,2,0,0,1,1,7,18,15.0,1,2015-16
22015,203922,Glenn Robinson III,1610612754,IND,Indiana Pacers,0021500738,2016-02-03,IND @ BKN,W,14,1,3,0.333,0,1,0.0,2,2,1.0,0,0,0,2,1,0,0,1,4,13,10.0,1,2015-16
22015,202397,Ish Smith,1610612755,PHI,Philadelphia 76ers,0021500736,2016-02-03,PHI vs. ATL,L,26,3,9,0.333,0,2,0.0,1,2,0.5,0,3,3,7,1,0,2,0,7,-18,22.1,1,2015-16
22015,203924,Jerami Grant,1610612755,PHI,Philadelphia 76ers,0021500736,2016-02-03,PHI vs. ATL,L,22,0,4,0.0,0,2,0.0,0,0,,0,4,4,2,1,4,2,4,0,-21,20.8,1,2015-16
22015,1626161,Willie Cauley-Stein,1610612758,SAC,Sacramento Kings,0021500744,2016-02-03,SAC vs. CHI,L,18,1,4,0.25,0,0,,0,0,,2,3,5,0,0,2,0,3,2,-12,14.0,1,2015-16
22015,2446,Rasual Butler,1610612759,SAS,San Antonio Spurs,0021500742,2016-02-03,SAS vs. NOP,W,1,1,1,1.0,0,0,,0,0,,0,1,1,0,1,0,0,0,2,2,6.2,1,2015-16
22015,2564,Boris Diaw,1610612759,SAS,San Antonio Spurs,0021500742,2016-02-03,SAS vs. NOP,W,8,0,2,0.0,0,0,,0,0,,0,2,2,2,0,0,0,0,0,9,5.4,1,2015-16
22015,200746,LaMarcus Aldridge,1610612759,SAS,San Antonio Spurs,0021500742,2016-02-03,SAS vs. NOP,W,34,12,20,0.6,0,0,,12,12,1.0,2,4,6,1,1,3,2,3,36,2,54.7,1,2015-16
22015,201988,Patty Mills,1610612759,SAS,San Antonio Spurs,0021500742,2016-02-03,SAS vs. NOP,W,24,3,6,0.5,2,2,1.0,0,0,,0,3,3,4,1,0,0,1,8,18,20.6,1,2015-16
22015,203492,Ray McCallum,1610612759,SAS,San Antonio Spurs,0021500742,2016-02-03,SAS vs. NOP,W,1,0,0,,0,0,,0,0,,0,0,0,0,0,0,0,0,0,2,0.0,1,2015-16
22015,203613,Jonathon Simmons,1610612759,SAS,San Antonio Spurs,0021500742,2016-02-03,SAS vs. NOP,W,1,0,0,,0,0,,0,0,,0,0,0,1,0,0,0,0,0,2,1.5,1,2015-16
22015,2555,Nick Collison,1610612760,OKC,Oklahoma City Thunder,0021500740,2016-02-03,OKC vs. ORL,W,5,0,1,0.0,0,0,,0,0,,0,0,0,0,0,0,1,1,0,0,-1.0,1,2015-16
22015,202683,Enes Freedom,1610612760,OKC,Oklahoma City Thunder,0021500740,2016-02-03,OKC vs. ORL,W,16,6,8,0.75,1,1,1.0,0,0,,5,2,7,0,0,1,1,2,13,-9,23.4,1,2015-16
22015,203079,Dion Waiters,1610612760,OKC,Oklahoma City Thunder,0021500740,2016-02-03,OKC vs. ORL,W,34,2,6,0.333,0,2,0.0,4,6,0.667,0,2,2,2,1,0,1,2,8,-2,15.4,1,2015-16
22015,203187,Chris Johnson,1610612762,UTA,Utah Jazz,0021500743,2016-02-03,UTA vs. DEN,W,17,2,5,0.4,2,5,0.4,0,0,,2,1,3,0,1,0,3,1,6,-5,9.6,1,2015-16
22015,203497,Rudy Gobert,1610612762,UTA,Utah Jazz,0021500743,2016-02-03,UTA vs. DEN,W,30,5,8,0.625,0,0,,2,4,0.5,1,4,5,1,1,1,0,2,12,-2,25.5,1,2015-16
22015,203504,Trey Burke,1610612762,UTA,Utah Jazz,0021500743,2016-02-03,UTA vs. DEN,W,16,1,4,0.25,0,2,0.0,0,0,,0,4,4,2,1,0,1,0,2,4,11.8,1,2015-16
22015,2403,Nene,1610612764,WAS,Washington Wizards,0021500739,2016-02-03,WAS vs. GSW,L,19,3,7,0.429,0,0,,6,10,0.6,1,6,7,0,1,1,1,2,12,-13,25.4,1,2015-16
22015,202322,John Wall,1610612764,WAS,Washington Wizards,0021500739,2016-02-03,WAS vs. GSW,L,35,17,25,0.68,3,3,1.0,4,6,0.667,1,2,3,10,2,0,3,4,41,-2,62.6,1,2015-16
22015,203490,Otto Porter Jr.,1610612764,WAS,Washington Wizards,0021500739,2016-02-03,WAS vs. GSW,L,32,3,6,0.5,0,2,0.0,3,4,0.75,0,3,3,2,4,0,1,2,9,-6,26.6,1,2015-16
22015,204067,Jarell Eddie,1610612764,WAS,Washington Wizards,0021500739,2016-02-03,WAS vs. GSW,L,1,0,0,,0,0,,0,0,,0,0,0,0,0,0,1,0,0,-2,-1.0,1,2015-16
22015,101141,Ersan Ilyasova,1610612765,DET,Detroit Pistons,0021500737,2016-02-03,DET @ BOS,L,26,6,11,0.545,2,3,0.667,2,4,0.5,0,2,2,0,0,0,3,1,16,-1,15.4,1,2015-16
22015,201587,Nicolas Batum,1610612766,CHA,Charlotte Hornets,0021500735,2016-02-03,CHA vs. CLE,W,31,3,8,0.375,1,6,0.167,3,3,1.0,0,5,5,5,0,1,4,1,10,5,22.5,1,2015-16
22015,202323,Evan Turner,1610612738,BOS,Boston Celtics,0021500737,2016-02-03,BOS vs. DET,W,26,4,8,0.5,0,0,,6,6,1.0,0,6,6,5,0,2,2,3,14,-3,32.7,1,2015-16
22015,202340,Avery Bradley,1610612738,BOS,Boston Celtics,0021500737,2016-02-03,BOS vs. DET,W,36,7,15,0.467,1,2,0.5,0,0,,1,3,4,3,0,0,1,1,15,-8,23.3,1,2015-16
22015,2760,Anderson Varejao,1610612739,CLE,Cleveland Cavaliers,0021500735,2016-02-03,CLE @ CHA,L,7,1,1,1.0,0,0,,0,0,,0,0,0,0,0,0,0,0,2,-7,2.0,1,2015-16
22015,203076,Anthony Davis,1610612740,NOP,New Orleans Pelicans,0021500742,2016-02-03,NOP @ SAS,L,37,11,22,0.5,0,1,0.0,6,7,0.857,3,7,10,4,4,4,4,1,28,-12,66.0,1,2015-16
22015,101109,Raymond Felton,1610612742,DAL,Dallas Mavericks,0021500741,2016-02-03,DAL vs. MIA,L,30,4,12,0.333,0,2,0.0,3,4,0.75,0,2,2,4,0,0,0,3,11,-3,19.4,1,2015-16
22015,202718,Chandler Parsons,1610612742,DAL,Dallas Mavericks,0021500741,2016-02-03,DAL vs. MIA,L,32,4,13,0.308,1,3,0.333,3,3,1.0,0,7,7,3,0,0,1,4,12,-17,23.9,1,2015-16
22015,200755,JJ Redick,1610612746,LAC,LA Clippers,0021500745,2016-02-03,LAC vs. MIN,L,33,1,9,0.111,1,4,0.25,2,2,1.0,0,2,2,1,0,0,2,1,5,-9,6.9,1,2015-16
22015,201609,Goran Dragic,1610612748,MIA,Miami Heat,0021500741,2016-02-03,MIA @ DAL,W,33,3,10,0.3,1,2,0.5,0,0,,0,4,4,7,0,0,1,2,7,2,21.3,1,2015-16
22015,202331,Paul George,1610612754,IND,Indiana Pacers,0021500738,2016-02-03,IND @ BKN,W,33,6,18,0.333,2,4,0.5,3,4,0.75,1,3,4,6,5,1,4,3,17,5,44.8,1,2015-16
22015,202695,Kawhi Leonard,1610612759,SAS,San Antonio Spurs,0021500742,2016-02-03,SAS vs. NOP,W,36,11,17,0.647,1,2,0.5,3,4,0.75,0,5,5,1,1,2,2,1,26,3,40.5,1,2015-16
22015,203526,Raul Neto,1610612762,UTA,Utah Jazz,0021500743,2016-02-03,UTA vs. DEN,W,27,3,9,0.333,2,4,0.5,2,2,1.0,0,4,4,4,0,0,2,3,10,3,18.8,1,2015-16
22015,203484,Kentavious Caldwell-Pope,1610612765,DET,Detroit Pistons,0021500737,2016-02-03,DET @ BOS,L,16,2,6,0.333,0,1,0.0,0,0,,1,1,2,1,1,0,2,1,4,-12,8.9,1,2015-16
22015,1626163,Frank Kaminsky,1610612766,CHA,Charlotte Hornets,0021500735,2016-02-03,CHA vs. CLE,W,24,7,8,0.875,1,2,0.5,0,0,,3,3,6,1,0,0,0,1,15,12,23.7,1,2015-16
22015,201583,Ryan Anderson,1610612740,NOP,New Orleans Pelicans,0021500747,2016-02-04,NOP vs. LAL,L,33,7,14,0.5,2,7,0.286,1,2,0.5,0,4,4,0,0,0,0,2,17,5,21.8,1,2015-16
22015,203076,Anthony Davis,1610612740,NOP,New Orleans Pelicans,0021500747,2016-02-04,NOP vs. LAL,L,39,16,25,0.64,0,2,0.0,7,12,0.583,2,9,11,0,1,1,1,3,39,4,57.2,1,2015-16
22015,2772,Trevor Ariza,1610612745,HOU,Houston Rockets,0021500749,2016-02-04,HOU @ PHX,W,37,7,15,0.467,3,8,0.375,5,8,0.625,1,2,3,2,4,0,3,1,22,3,37.6,1,2015-16
22015,201951,Ty Lawson,1610612745,HOU,Houston Rockets,0021500749,2016-02-04,HOU @ PHX,W,22,4,9,0.444,4,6,0.667,0,0,,0,2,2,4,0,0,2,2,12,-3,18.4,1,2015-16
22015,201977,Marcus Thornton,1610612745,HOU,Houston Rockets,0021500749,2016-02-04,HOU @ PHX,W,8,1,8,0.125,0,5,0.0,2,2,1.0,1,0,1,0,0,0,0,0,4,1,5.2,1,2015-16
22015,203991,Clint Capela,1610612745,HOU,Houston Rockets,0021500749,2016-02-04,HOU @ PHX,W,15,5,5,1.0,0,0,,0,2,0.0,2,2,4,0,0,2,1,4,10,4,19.8,1,2015-16
22015,203944,Julius Randle,1610612747,LAL,Los Angeles Lakers,0021500747,2016-02-04,LAL @ NOP,W,32,5,10,0.5,0,0,,1,2,0.5,0,8,8,3,0,0,1,5,11,3,24.1,1,2015-16
22015,1626156,D'Angelo Russell,1610612747,LAL,Los Angeles Lakers,0021500747,2016-02-04,LAL @ NOP,W,29,6,12,0.5,0,2,0.0,1,2,0.5,0,3,3,3,0,0,2,4,13,-3,19.1,1,2015-16
22015,101181,Jose Calderon,1610612752,NYK,New York Knicks,0021500746,2016-02-04,NYK @ DET,L,13,0,3,0.0,0,1,0.0,0,0,,0,0,0,3,1,0,1,1,0,-17,6.5,1,2015-16
22015,201167,Arron Afflalo,1610612752,NYK,New York Knicks,0021500746,2016-02-04,NYK @ DET,L,43,8,15,0.533,1,5,0.2,7,8,0.875,0,3,3,3,2,0,2,3,24,1,36.1,1,2015-16
22015,201577,Robin Lopez,1610612752,NYK,New York Knicks,0021500746,2016-02-04,NYK @ DET,L,35,11,14,0.786,0,0,,4,4,1.0,6,10,16,2,1,0,2,4,26,8,49.2,1,2015-16
22015,202498,Lance Thomas,1610612752,NYK,New York Knicks,0021500746,2016-02-04,NYK @ DET,L,31,2,6,0.333,1,2,0.5,4,4,1.0,0,1,1,1,0,0,0,4,9,9,11.7,1,2015-16
22015,202682,Derrick Williams,1610612752,NYK,New York Knicks,0021500746,2016-02-04,NYK @ DET,L,6,1,3,0.333,0,1,0.0,1,2,0.5,0,1,1,0,0,0,0,0,3,-6,4.2,1,2015-16
22015,1626170,Jerian Grant,1610612752,NYK,New York Knicks,0021500746,2016-02-04,NYK @ DET,L,0,0,0,,0,0,,0,0,,0,0,0,0,0,0,0,0,0,-4,0.0,1,2015-16
22015,2199,Tyson Chandler,1610612756,PHX,Phoenix Suns,0021500749,2016-02-04,PHX vs. HOU,L,21,1,2,0.5,0,0,,2,2,1.0,2,8,10,1,0,0,0,3,4,-4,17.5,1,2015-16
22015,201603,Sonny Weems,1610612756,PHX,Phoenix Suns,0021500749,2016-02-04,PHX vs. HOU,L,18,0,5,0.0,0,1,0.0,0,0,,0,2,2,3,1,0,2,1,0,4,7.9,1,2015-16
22015,1626164,Devin Booker,1610612756,PHX,Phoenix Suns,0021500749,2016-02-04,PHX vs. HOU,L,41,3,12,0.25,2,5,0.4,9,10,0.9,0,3,3,4,1,0,5,2,17,-5,24.6,1,2015-16
22015,203081,Damian Lillard,1610612757,POR,Portland Trail Blazers,0021500748,2016-02-04,POR vs. TOR,L,36,8,20,0.4,2,7,0.286,9,10,0.9,1,4,5,11,1,1,3,1,27,-4,52.5,1,2015-16
22015,203086,Meyers Leonard,1610612757,POR,Portland Trail Blazers,0021500748,2016-02-04,POR vs. TOR,L,24,4,11,0.364,1,5,0.2,0,0,,1,4,5,3,0,0,1,2,9,-4,18.5,1,2015-16
22015,203468,CJ McCollum,1610612757,POR,Portland Trail Blazers,0021500748,2016-02-04,POR vs. TOR,L,33,8,18,0.444,4,6,0.667,1,2,0.5,0,6,6,2,1,0,5,3,21,1,29.2,1,2015-16
22015,203486,Mason Plumlee,1610612757,POR,Portland Trail Blazers,0021500748,2016-02-04,POR vs. TOR,L,20,3,5,0.6,0,0,,0,4,0.0,2,2,4,0,0,2,0,4,6,4,16.8,1,2015-16
22015,202335,Patrick Patterson,1610612761,TOR,Toronto Raptors,0021500748,2016-02-04,TOR @ POR,W,28,2,3,0.667,2,2,1.0,0,0,,2,2,4,3,3,0,0,1,6,19,24.3,1,2015-16
22015,202709,Cory Joseph,1610612761,TOR,Toronto Raptors,0021500748,2016-02-04,TOR @ POR,W,26,5,11,0.455,0,1,0.0,2,2,1.0,0,3,3,3,1,0,3,1,12,6,20.1,1,2015-16
22015,203082,Terrence Ross,1610612761,TOR,Toronto Raptors,0021500748,2016-02-04,TOR @ POR,W,30,5,10,0.5,0,2,0.0,2,3,0.667,0,3,3,1,0,0,1,3,12,11,16.1,1,2015-16
22015,201943,Brandon Jennings,1610612765,DET,Detroit Pistons,0021500746,2016-02-04,DET vs. NYK,W,16,4,6,0.667,1,2,0.5,2,2,1.0,0,3,3,2,0,0,2,0,11,16,15.6,1,2015-16
22015,203382,Aron Baynes,1610612765,DET,Detroit Pistons,0021500746,2016-02-04,DET vs. NYK,W,16,3,7,0.429,0,0,,0,0,,0,1,1,0,0,1,0,2,6,13,10.2,1,2015-16
22015,201582,Alexis Ajinca,1610612740,NOP,New Orleans Pelicans,0021500747,2016-02-04,NOP vs. LAL,L,9,0,2,0.0,0,0,,1,2,0.5,0,3,3,0,0,1,0,2,1,-7,7.6,1,2015-16
22015,201950,Jrue Holiday,1610612740,NOP,New Orleans Pelicans,0021500747,2016-02-04,NOP vs. LAL,L,34,9,20,0.45,1,6,0.167,0,0,,0,0,0,9,1,1,2,1,19,13,36.5,1,2015-16
22015,101138,Brandon Bass,1610612747,LAL,Los Angeles Lakers,0021500747,2016-02-04,LAL @ NOP,W,25,2,6,0.333,0,0,,1,2,0.5,1,4,5,1,0,0,2,2,5,-7,10.5,1,2015-16
22015,101150,Lou Williams,1610612747,LAL,Los Angeles Lakers,0021500747,2016-02-04,LAL @ NOP,W,32,3,7,0.429,0,2,0.0,2,4,0.5,0,1,1,1,0,0,5,2,8,-8,5.7,1,2015-16
22015,201156,Nick Young,1610612747,LAL,Los Angeles Lakers,0021500747,2016-02-04,LAL @ NOP,W,16,2,3,0.667,1,2,0.5,6,6,1.0,0,4,4,1,1,0,1,1,11,-13,19.3,1,2015-16
22015,204001,Kristaps Porziņģis,1610612752,NYK,New York Knicks,0021500746,2016-02-04,NYK @ DET,L,24,2,9,0.222,1,4,0.25,0,0,,0,4,4,0,0,0,0,0,5,-6,9.8,1,2015-16
22015,204038,Langston Galloway,1610612752,NYK,New York Knicks,0021500746,2016-02-04,NYK @ DET,L,36,7,9,0.778,2,2,1.0,1,2,0.5,1,4,5,2,1,0,1,6,17,8,28.0,1,2015-16
22015,202693,Markieff Morris,1610612756,PHX,Phoenix Suns,0021500749,2016-02-04,PHX vs. HOU,L,29,4,12,0.333,1,2,0.5,5,5,1.0,3,2,5,2,0,1,5,3,14,-16,21.0,1,2015-16
22015,203090,Maurice Harkless,1610612757,POR,Portland Trail Blazers,0021500748,2016-02-04,POR vs. TOR,L,16,1,1,1.0,0,0,,0,0,,0,1,1,1,1,2,2,2,2,-2,11.7,1,2015-16
22015,2449,Luis Scola,1610612761,TOR,Toronto Raptors,0021500748,2016-02-04,TOR @ POR,W,22,2,5,0.4,2,3,0.667,0,0,,0,5,5,3,0,1,0,3,6,-8,19.5,1,2015-16
22015,200768,Kyle Lowry,1610612761,TOR,Toronto Raptors,0021500748,2016-02-04,TOR @ POR,W,40,10,19,0.526,7,10,0.7,3,5,0.6,0,6,6,8,2,2,7,2,30,-2,54.2,1,2015-16
22015,202687,Bismack Biyombo,1610612761,TOR,Toronto Raptors,0021500748,2016-02-04,TOR @ POR,W,21,0,1,0.0,0,0,,1,2,0.5,2,5,7,0,0,1,1,4,1,3,11.4,1,2015-16
22015,1626181,Norman Powell,1610612761,TOR,Toronto Raptors,0021500748,2016-02-04,TOR @ POR,W,13,0,1,0.0,0,0,,0,0,,0,1,1,1,0,0,0,2,0,2,2.7,1,2015-16
22015,1626169,Stanley Johnson,1610612765,DET,Detroit Pistons,0021500746,2016-02-04,DET vs. NYK,W,44,7,12,0.583,1,2,0.5,7,8,0.875,0,9,9,5,2,1,2,3,22,11,47.3,1,2015-16
22015,201967,Dante Cunningham,1610612740,NOP,New Orleans Pelicans,0021500747,2016-02-04,NOP vs. LAL,L,32,0,1,0.0,0,0,,1,2,0.5,3,2,5,2,0,1,0,3,1,26,13.0,1,2015-16
22015,1626214,Bryce Dejean-Jones,1610612740,NOP,New Orleans Pelicans,0021500747,2016-02-04,NOP vs. LAL,L,43,6,10,0.6,1,3,0.333,4,8,0.5,1,8,9,1,2,0,1,1,17,4,34.3,1,2015-16
22015,201976,Patrick Beverley,1610612745,HOU,Houston Rockets,0021500749,2016-02-04,HOU @ PHX,W,26,2,5,0.4,1,2,0.5,1,2,0.5,4,1,5,6,2,1,1,3,6,9,29.0,1,2015-16
22015,201579,Roy Hibbert,1610612747,LAL,Los Angeles Lakers,0021500747,2016-02-04,LAL @ NOP,W,24,1,3,0.333,0,0,,0,0,,2,6,8,1,1,0,0,3,2,11,16.1,1,2015-16
22015,2756,Sasha Vujacic,1610612752,NYK,New York Knicks,0021500746,2016-02-04,NYK @ DET,L,11,1,6,0.167,0,2,0.0,0,0,,1,1,2,1,1,0,0,5,2,-12,8.9,1,2015-16
22015,200782,P.J. Tucker,1610612756,PHX,Phoenix Suns,0021500749,2016-02-04,PHX vs. HOU,L,31,4,10,0.4,2,6,0.333,3,3,1.0,1,8,9,2,5,0,4,5,13,-12,37.8,1,2015-16
22015,203141,Mirza Teletovic,1610612756,PHX,Phoenix Suns,0021500749,2016-02-04,PHX vs. HOU,L,19,5,12,0.417,3,8,0.375,2,2,1.0,2,2,4,0,0,0,0,4,15,10,19.8,1,2015-16
22015,201945,Gerald Henderson,1610612757,POR,Portland Trail Blazers,0021500748,2016-02-04,POR vs. TOR,L,24,4,6,0.667,1,1,1.0,1,1,1.0,0,5,5,3,1,1,0,3,10,-9,26.5,1,2015-16
22015,202334,Ed Davis,1610612757,POR,Portland Trail Blazers,0021500748,2016-02-04,POR vs. TOR,L,21,2,3,0.667,0,0,,0,0,,4,3,7,0,1,0,1,1,4,-18,14.4,1,2015-16
22015,203459,Allen Crabbe,1610612757,POR,Portland Trail Blazers,0021500748,2016-02-04,POR vs. TOR,L,34,5,9,0.556,1,3,0.333,6,6,1.0,2,1,3,1,2,0,2,4,17,-7,26.1,1,2015-16
22015,201942,DeMar DeRozan,1610612761,TOR,Toronto Raptors,0021500748,2016-02-04,TOR @ POR,W,35,11,25,0.44,1,1,1.0,6,9,0.667,2,3,5,4,1,0,1,0,29,4,43.0,1,2015-16
22015,101141,Ersan Ilyasova,1610612765,DET,Detroit Pistons,0021500746,2016-02-04,DET vs. NYK,W,31,4,9,0.444,2,5,0.4,2,2,1.0,0,5,5,1,1,0,3,2,12,-7,19.5,1,2015-16
22015,201600,Omer Asik,1610612740,NOP,New Orleans Pelicans,0021500747,2016-02-04,NOP vs. LAL,L,15,0,0,,0,0,,0,0,,1,7,8,0,0,0,0,2,0,-8,9.6,1,2015-16
22015,201962,Toney Douglas,1610612740,NOP,New Orleans Pelicans,0021500747,2016-02-04,NOP vs. LAL,L,6,0,3,0.0,0,1,0.0,0,0,,0,0,0,1,1,0,0,1,0,-8,4.5,1,2015-16
22015,202087,Alonzo Gee,1610612740,NOP,New Orleans Pelicans,0021500747,2016-02-04,NOP vs. LAL,L,16,0,0,,0,0,,0,0,,0,0,0,1,1,0,2,3,0,-29,2.5,1,2015-16
22015,201935,James Harden,1610612745,HOU,Houston Rockets,0021500749,2016-02-04,HOU @ PHX,W,36,4,19,0.211,2,9,0.222,7,7,1.0,2,7,9,6,2,0,4,2,17,14,38.8,1,2015-16
22015,204028,Tarik Black,1610612747,LAL,Los Angeles Lakers,0021500747,2016-02-04,LAL @ NOP,W,16,2,2,1.0,0,0,,0,0,,1,1,2,0,0,0,0,1,4,-1,6.4,1,2015-16
22015,2546,Carmelo Anthony,1610612752,NYK,New York Knicks,0021500746,2016-02-04,NYK @ DET,L,40,4,18,0.222,1,5,0.2,10,14,0.714,0,11,11,8,1,0,3,2,19,-3,44.2,1,2015-16
22015,203124,Kyle O'Quinn,1610612752,NYK,New York Knicks,0021500746,2016-02-04,NYK @ DET,L,2,0,1,0.0,0,0,,0,0,,0,0,0,0,0,0,0,0,0,-8,0.0,1,2015-16
22015,203462,Archie Goodwin,1610612756,PHX,Phoenix Suns,0021500749,2016-02-04,PHX vs. HOU,L,38,7,14,0.5,2,5,0.4,6,6,1.0,1,0,1,7,0,0,6,2,22,-9,27.7,1,2015-16
22015,202694,Marcus Morris Sr.,1610612765,DET,Detroit Pistons,0021500746,2016-02-04,DET vs. NYK,W,39,5,12,0.417,1,2,0.5,2,2,1.0,0,4,4,4,1,0,0,2,13,-6,26.8,1,2015-16
22015,203083,Andre Drummond,1610612765,DET,Detroit Pistons,0021500746,2016-02-04,DET vs. NYK,W,32,7,12,0.583,0,0,,3,9,0.333,3,10,13,0,1,1,4,4,17,-5,34.6,1,2015-16
22015,202708,Norris Cole,1610612740,NOP,New Orleans Pelicans,0021500747,2016-02-04,NOP vs. LAL,L,13,1,10,0.1,0,1,0.0,0,0,,0,0,0,2,2,0,1,3,2,-15,10.0,1,2015-16
22015,1891,Jason Terry,1610612745,HOU,Houston Rockets,0021500749,2016-02-04,HOU @ PHX,W,17,2,5,0.4,1,4,0.25,0,0,,2,4,6,1,1,0,0,2,5,3,16.7,1,2015-16
22015,2730,Dwight Howard,1610612745,HOU,Houston Rockets,0021500749,2016-02-04,HOU @ PHX,W,33,2,4,0.5,0,0,,1,4,0.25,5,11,16,1,2,1,3,4,5,5,31.7,1,2015-16
22015,2746,Josh Smith,1610612745,HOU,Houston Rockets,0021500749,2016-02-04,HOU @ PHX,W,21,1,4,0.25,1,3,0.333,3,4,0.75,1,2,3,3,1,1,0,2,6,0,20.1,1,2015-16
22015,201147,Corey Brewer,1610612745,HOU,Houston Rockets,0021500749,2016-02-04,HOU @ PHX,W,25,9,12,0.75,3,5,0.6,3,3,1.0,0,0,0,1,4,0,2,3,24,-6,35.5,1,2015-16
22015,977,Kobe Bryant,1610612747,LAL,Los Angeles Lakers,0021500747,2016-02-04,LAL @ NOP,W,32,10,24,0.417,4,11,0.364,3,4,0.75,3,9,12,2,2,0,1,0,27,16,49.4,1,2015-16
22015,203903,Jordan Clarkson,1610612747,LAL,Los Angeles Lakers,0021500747,2016-02-04,LAL @ NOP,W,35,8,14,0.571,2,3,0.667,0,0,,2,3,5,2,0,0,4,4,18,17,23.0,1,2015-16
22015,203458,Alex Len,1610612756,PHX,Phoenix Suns,0021500749,2016-02-04,PHX vs. HOU,L,27,5,11,0.455,0,0,,2,3,0.667,9,9,18,2,1,0,2,5,12,-2,37.6,1,2015-16
22015,203895,Jordan McRae,1610612756,PHX,Phoenix Suns,0021500749,2016-02-04,PHX vs. HOU,L,15,3,5,0.6,1,2,0.5,1,1,1.0,0,2,2,1,1,0,0,1,8,4,14.9,1,2015-16
22015,202329,Al-Farouq Aminu,1610612757,POR,Portland Trail Blazers,0021500748,2016-02-04,POR vs. TOR,L,32,3,8,0.375,1,3,0.333,0,0,,0,4,4,0,1,0,0,0,7,4,14.8,1,2015-16
22015,202685,Jonas Valančiūnas,1610612761,TOR,Toronto Raptors,0021500748,2016-02-04,TOR @ POR,W,25,5,10,0.5,0,0,,4,4,1.0,6,5,11,0,0,2,1,2,14,0,32.2,1,2015-16
22015,201229,Anthony Tolliver,1610612765,DET,Detroit Pistons,0021500746,2016-02-04,DET vs. NYK,W,15,1,1,1.0,1,1,1.0,0,0,,1,4,5,0,0,0,0,5,3,8,9.0,1,2015-16
22015,1626199,Darrun Hilliard,1610612765,DET,Detroit Pistons,0021500746,2016-02-04,DET vs. NYK,W,15,3,4,0.75,0,0,,0,0,,0,1,1,0,0,0,1,2,6,6,6.2,1,2015-16
22015,202704,Reggie Jackson,1610612765,DET,Detroit Pistons,0021500746,2016-02-04,DET vs. NYK,W,32,6,16,0.375,3,5,0.6,6,10,0.6,0,1,1,5,2,0,1,2,21,-6,34.7,1,2015-16
22015,201952,Jeff Teague,1610612737,ATL,Atlanta Hawks,0021500750,2016-02-05,ATL vs. IND,W,30,5,9,0.556,0,2,0.0,6,7,0.857,1,4,5,4,1,0,4,1,16,0,27.0,1,2015-16
22015,202738,Isaiah Thomas,1610612738,BOS,Boston Celtics,0021500755,2016-02-05,BOS @ CLE,W,36,5,19,0.263,1,2,0.5,11,11,1.0,1,3,4,4,1,0,4,2,22,3,31.8,1,2015-16
22015,203109,Jae Crowder,1610612738,BOS,Boston Celtics,0021500755,2016-02-05,BOS @ CLE,W,32,1,9,0.111,1,5,0.2,0,0,,2,5,7,2,0,0,0,5,3,-2,14.4,1,2015-16
22015,2550,Kirk Hinrich,1610612741,CHI,Chicago Bulls,0021500757,2016-02-05,CHI @ DEN,L,16,0,3,0.0,0,1,0.0,0,0,,1,3,4,0,0,0,2,2,0,-17,2.8,1,2015-16
22015,201565,Derrick Rose,1610612741,CHI,Chicago Bulls,0021500757,2016-02-05,CHI @ DEN,L,35,13,27,0.481,0,3,0.0,4,6,0.667,2,7,9,8,1,0,2,1,30,-7,53.8,1,2015-16
22015,1626245,Cristiano Felicio,1610612741,CHI,Chicago Bulls,0021500757,2016-02-05,CHI @ DEN,L,4,0,0,,0,0,,0,0,,0,0,0,1,0,0,0,2,0,-1,1.5,1,2015-16
22015,101114,Deron Williams,1610612742,DAL,Dallas Mavericks,0021500759,2016-02-05,DAL vs. SAS,L,27,3,9,0.333,0,3,0.0,2,2,1.0,0,3,3,3,0,0,1,1,8,-18,15.1,1,2015-16
22015,200826,J.J. Barea,1610612742,DAL,Dallas Mavericks,0021500759,2016-02-05,DAL vs. SAS,L,17,1,5,0.2,0,3,0.0,3,4,0.75,0,0,0,1,0,0,0,4,5,-13,6.5,1,2015-16
22015,202083,Wesley Matthews,1610612742,DAL,Dallas Mavericks,0021500759,2016-02-05,DAL vs. SAS,L,23,2,5,0.4,0,0,,0,0,,0,1,1,2,0,1,1,2,4,-22,10.2,1,2015-16
22015,202379,Jeremy Evans,1610612742,DAL,Dallas Mavericks,0021500759,2016-02-05,DAL vs. SAS,L,7,1,1,1.0,0,0,,0,0,,0,0,0,0,0,0,0,0,2,-2,2.0,1,2015-16
22015,203939,Dwight Powell,1610612742,DAL,Dallas Mavericks,0021500759,2016-02-05,DAL vs. SAS,L,13,1,3,0.333,0,2,0.0,6,8,0.75,1,3,4,1,1,0,0,1,8,9,17.3,1,2015-16
22015,201599,DeAndre Jordan,1610612746,LAC,LA Clippers,0021500752,2016-02-05,LAC @ ORL,W,37,4,7,0.571,0,0,,4,6,0.667,4,14,18,1,1,3,3,1,12,16,44.1,1,2015-16
22015,2547,Chris Bosh,1610612748,MIA,Miami Heat,0021500751,2016-02-05,MIA @ CHA,W,35,9,20,0.45,0,2,0.0,2,3,0.667,1,5,6,2,0,0,0,1,20,11,30.2,1,2015-16
22015,2548,Dwyane Wade,1610612748,MIA,Miami Heat,0021500751,2016-02-05,MIA @ CHA,W,30,11,20,0.55,0,0,,0,0,,1,2,3,5,2,0,3,2,22,-7,36.1,1,2015-16
22015,203507,Giannis Antetokounmpo,1610612749,MIL,Milwaukee Bucks,0021500758,2016-02-05,MIL @ UTA,L,33,4,8,0.5,1,2,0.5,5,8,0.625,1,5,6,0,1,1,3,3,14,-7,24.2,1,2015-16
22015,203898,Tyler Ennis,1610612749,MIL,Milwaukee Bucks,0021500758,2016-02-05,MIL @ UTA,L,8,0,0,,0,0,,0,0,,0,1,1,1,2,0,0,0,0,7,8.7,1,2015-16
22015,2756,Sasha Vujacic,1610612752,NYK,New York Knicks,0021500756,2016-02-05,NYK vs. MEM,L,16,2,5,0.4,2,5,0.4,4,4,1.0,1,3,4,1,0,0,1,3,10,-7,15.3,1,2015-16
22015,202682,Derrick Williams,1610612752,NYK,New York Knicks,0021500756,2016-02-05,NYK vs. MEM,L,16,1,4,0.25,0,0,,0,0,,1,1,2,0,0,0,0,1,2,-1,4.4,1,2015-16
22015,203506,Victor Oladipo,1610612753,ORL,Orlando Magic,0021500752,2016-02-05,ORL vs. LAC,L,36,5,12,0.417,1,4,0.25,7,8,0.875,1,2,3,3,1,0,4,5,18,-18,25.1,1,2015-16
22015,203894,Shabazz Napier,1610612753,ORL,Orlando Magic,0021500752,2016-02-05,ORL vs. LAC,L,10,1,4,0.25,0,2,0.0,0,0,,0,0,0,4,0,0,1,1,2,-1,7.0,1,2015-16
22015,203932,Aaron Gordon,1610612753,ORL,Orlando Magic,0021500752,2016-02-05,ORL vs. LAC,L,29,3,6,0.5,0,1,0.0,0,1,0.0,2,1,3,1,1,1,0,0,6,-11,17.1,1,2015-16
22015,1626209,Mario Hezonja,1610612753,ORL,Orlando Magic,0021500752,2016-02-05,ORL vs. LAC,L,22,3,6,0.5,1,3,0.333,2,2,1.0,1,4,5,0,0,0,0,2,9,-5,15.0,1,2015-16
22015,1626202,Joe Young,1610612754,IND,Indiana Pacers,0021500750,2016-02-05,IND @ ATL,L,8,0,2,0.0,0,1,0.0,0,0,,0,1,1,2,0,0,0,0,0,-2,4.2,1,2015-16
22015,201956,Omri Casspi,1610612758,SAC,Sacramento Kings,0021500754,2016-02-05,SAC @ BKN,L,28,3,10,0.3,1,7,0.143,0,0,,0,4,4,0,3,0,0,0,7,-18,20.8,1,2015-16
22015,203463,Ben McLemore,1610612758,SAC,Sacramento Kings,0021500754,2016-02-05,SAC @ BKN,L,12,0,4,0.0,0,1,0.0,5,5,1.0,0,0,0,2,1,0,0,3,5,6,11.0,1,2015-16
22015,202695,Kawhi Leonard,1610612759,SAS,San Antonio Spurs,0021500759,2016-02-05,SAS @ DAL,W,27,9,16,0.563,2,4,0.5,3,3,1.0,1,1,2,1,0,0,2,0,23,24,24.9,1,2015-16
22015,202330,Gordon Hayward,1610612762,UTA,Utah Jazz,0021500758,2016-02-05,UTA vs. MIL,W,38,6,14,0.429,3,8,0.375,3,3,1.0,0,5,5,2,0,0,6,3,18,6,21.0,1,2015-16
22015,200797,Ryan Hollins,1610612763,MEM,Memphis Grizzlies,0021500756,2016-02-05,MEM @ NYK,W,17,2,2,1.0,0,0,,4,4,1.0,1,1,2,1,0,1,1,1,8,2,13.9,1,2015-16
22015,201188,Marc Gasol,1610612763,MEM,Memphis Grizzlies,0021500756,2016-02-05,MEM @ NYK,W,31,5,11,0.455,0,0,,0,0,,0,7,7,1,1,1,3,2,10,4,22.9,1,2015-16
22015,201584,Courtney Lee,1610612763,MEM,Memphis Grizzlies,0021500756,2016-02-05,MEM @ NYK,W,22,1,6,0.167,1,3,0.333,0,0,,0,0,0,2,0,0,0,1,3,-3,6.0,1,2015-16
22015,2400,Drew Gooden,1610612764,WAS,Washington Wizards,0021500753,2016-02-05,WAS vs. PHI,W,13,2,5,0.4,0,1,0.0,0,0,,0,1,1,0,0,0,0,2,4,-4,5.2,1,2015-16
22015,201162,Jared Dudley,1610612764,WAS,Washington Wizards,0021500753,2016-02-05,WAS vs. PHI,W,34,5,7,0.714,2,3,0.667,1,2,0.5,0,4,4,4,1,1,3,0,13,16,26.8,1,2015-16
22015,203077,Michael Kidd-Gilchrist,1610612766,CHA,Charlotte Hornets,0021500751,2016-02-05,CHA vs. MIA,L,30,4,7,0.571,0,0,,1,1,1.0,0,3,3,1,0,1,0,2,9,3,17.1,1,2015-16
22015,203469,Cody Zeller,1610612766,CHA,Charlotte Hornets,0021500751,2016-02-05,CHA vs. MIA,L,25,2,7,0.286,0,0,,2,3,0.667,1,7,8,0,1,1,1,3,6,14,20.6,1,2015-16
22015,200794,Paul Millsap,1610612737,ATL,Atlanta Hawks,0021500750,2016-02-05,ATL vs. IND,W,33,10,14,0.714,3,6,0.5,1,5,0.2,1,1,2,0,2,4,2,1,24,-3,42.4,1,2015-16
22015,201143,Al Horford,1610612737,ATL,Atlanta Hawks,0021500750,2016-02-05,ATL vs. IND,W,34,8,16,0.5,1,4,0.25,4,4,1.0,0,7,7,6,1,0,2,1,21,23,39.4,1,2015-16
22015,203471,Dennis Schröder,1610612737,ATL,Atlanta Hawks,0021500750,2016-02-05,ATL vs. IND,W,19,4,9,0.444,1,2,0.5,0,0,,0,2,2,7,1,0,2,3,9,6,22.9,1,2015-16
22015,101161,Amir Johnson,1610612738,BOS,Boston Celtics,0021500755,2016-02-05,BOS @ CLE,W,14,3,3,1.0,0,0,,0,0,,2,4,6,1,0,0,0,4,6,-11,14.7,1,2015-16
22015,202323,Evan Turner,1610612738,BOS,Boston Celtics,0021500755,2016-02-05,BOS @ CLE,W,32,8,16,0.5,0,1,0.0,3,4,0.75,0,12,12,6,0,1,1,2,19,11,44.4,1,2015-16
22015,201166,Aaron Brooks,1610612741,CHI,Chicago Bulls,0021500757,2016-02-05,CHI @ DEN,L,18,2,4,0.5,0,1,0.0,2,2,1.0,1,0,1,4,0,2,2,3,6,9,17.2,1,2015-16
22015,202734,E'Twaun Moore,1610612741,CHI,Chicago Bulls,0021500757,2016-02-05,CHI @ DEN,L,31,3,7,0.429,2,2,1.0,0,0,,0,3,3,0,0,1,2,4,8,4,12.6,1,2015-16
22015,202718,Chandler Parsons,1610612742,DAL,Dallas Mavericks,0021500759,2016-02-05,DAL vs. SAS,L,26,3,9,0.333,0,1,0.0,0,0,,0,1,1,1,2,1,2,1,6,-25,15.7,1,2015-16
22015,201581,JJ Hickson,1610612743,DEN,Denver Nuggets,0021500757,2016-02-05,DEN vs. CHI,W,1,0,0,,0,0,,0,0,,0,0,0,0,0,0,0,0,0,-1,0.0,1,2015-16
22015,202702,Kenneth Faried,1610612743,DEN,Denver Nuggets,0021500757,2016-02-05,DEN vs. CHI,W,26,4,5,0.8,0,0,,3,9,0.333,3,8,11,3,0,0,3,3,11,11,25.7,1,2015-16
22015,203530,Joffrey Lauvergne,1610612743,DEN,Denver Nuggets,0021500757,2016-02-05,DEN vs. CHI,W,14,1,6,0.167,0,1,0.0,1,2,0.5,1,2,3,0,0,0,0,4,3,0,6.6,1,2015-16
22015,1626144,Emmanuel Mudiay,1610612743,DEN,Denver Nuggets,0021500757,2016-02-05,DEN vs. CHI,W,39,8,18,0.444,1,2,0.5,5,11,0.455,0,0,0,5,2,2,2,1,22,4,39.5,1,2015-16
22015,1718,Paul Pierce,1610612746,LAC,LA Clippers,0021500752,2016-02-05,LAC @ ORL,W,20,4,6,0.667,2,4,0.5,2,2,1.0,0,3,3,1,1,0,0,2,12,14,20.1,1,2015-16
22015,101108,Chris Paul,1610612746,LAC,LA Clippers,0021500752,2016-02-05,LAC @ ORL,W,36,8,15,0.533,1,4,0.25,4,5,0.8,0,4,4,6,4,0,6,3,21,26,40.8,1,2015-16
22015,203143,Pablo Prigioni,1610612746,LAC,LA Clippers,0021500752,2016-02-05,LAC @ ORL,W,11,1,2,0.5,0,1,0.0,0,0,,2,1,3,2,0,0,2,1,2,-12,6.6,1,2015-16
22015,2405,Amar'e Stoudemire,1610612748,MIA,Miami Heat,0021500751,2016-02-05,MIA @ CHA,W,16,2,5,0.4,0,0,,3,6,0.5,0,5,5,0,0,2,0,1,7,-10,19.0,1,2015-16
22015,101123,Gerald Green,1610612748,MIA,Miami Heat,0021500751,2016-02-05,MIA @ CHA,W,24,3,11,0.273,0,4,0.0,1,1,1.0,0,3,3,0,0,0,1,3,7,18,9.6,1,2015-16
22015,203948,Johnny O'Bryant III,1610612749,MIL,Milwaukee Bucks,0021500758,2016-02-05,MIL @ UTA,L,15,1,5,0.2,0,0,,0,0,,0,3,3,0,0,0,1,0,2,1,4.6,1,2015-16
22015,2207,Joe Johnson,1610612751,BKN,Brooklyn Nets,0021500754,2016-02-05,BKN vs. SAC,W,37,11,16,0.688,5,7,0.714,0,0,,1,5,6,11,2,1,6,0,27,13,53.7,1,2015-16
22015,202711,Bojan Bogdanovic,1610612751,BKN,Brooklyn Nets,0021500754,2016-02-05,BKN vs. SAC,W,27,8,10,0.8,7,9,0.778,0,0,,1,3,4,1,0,0,2,4,23,14,27.3,1,2015-16
22015,203900,Markel Brown,1610612751,BKN,Brooklyn Nets,0021500754,2016-02-05,BKN vs. SAC,W,5,1,1,1.0,0,0,,1,1,1.0,0,0,0,1,0,0,1,3,3,-6,3.5,1,2015-16
22015,101181,Jose Calderon,1610612752,NYK,New York Knicks,0021500756,2016-02-05,NYK vs. MEM,L,35,7,14,0.5,3,7,0.429,1,1,1.0,0,8,8,5,1,0,4,2,18,-5,34.1,1,2015-16
22015,202338,Kevin Seraphin,1610612752,NYK,New York Knicks,0021500756,2016-02-05,NYK vs. MEM,L,3,1,3,0.333,0,0,,0,0,,1,0,1,0,0,0,1,1,2,-3,2.2,1,2015-16
22015,204001,Kristaps Porziņģis,1610612752,NYK,New York Knicks,0021500756,2016-02-05,NYK vs. MEM,L,38,6,12,0.5,3,5,0.6,2,2,1.0,3,7,10,0,0,6,3,4,17,10,44.0,1,2015-16
22015,202699,Tobias Harris,1610612753,ORL,Orlando Magic,0021500752,2016-02-05,ORL vs. LAC,L,28,4,9,0.444,0,2,0.0,5,5,1.0,2,6,8,0,0,0,1,1,13,-2,21.6,1,2015-16
22015,203473,Dewayne Dedmon,1610612753,ORL,Orlando Magic,0021500752,2016-02-05,ORL vs. LAC,L,2,0,0,,0,0,,2,2,1.0,0,0,0,0,0,0,0,0,2,0,2.0,1,2015-16
22015,203901,Elfrid Payton,1610612753,ORL,Orlando Magic,0021500752,2016-02-05,ORL vs. LAC,L,30,2,7,0.286,0,1,0.0,2,4,0.5,0,1,1,2,0,0,3,4,6,-11,7.2,1,2015-16
22015,202730,Lavoy Allen,1610612754,IND,Indiana Pacers,0021500750,2016-02-05,IND @ ATL,L,30,6,10,0.6,0,0,,1,1,1.0,6,8,14,2,0,1,3,2,13,5,32.8,1,2015-16
22015,203524,Solomon Hill,1610612754,IND,Indiana Pacers,0021500750,2016-02-05,IND @ ATL,L,15,1,7,0.143,0,3,0.0,2,2,1.0,2,0,2,0,1,0,1,2,4,-13,8.4,1,2015-16
22015,1626143,Jahlil Okafor,1610612755,PHI,Philadelphia 76ers,0021500753,2016-02-05,PHI @ WAS,L,21,4,11,0.364,0,0,,1,1,1.0,2,2,4,0,0,0,1,5,9,-27,12.8,1,2015-16
22015,200765,Rajon Rondo,1610612758,SAC,Sacramento Kings,0021500754,2016-02-05,SAC @ BKN,L,35,7,15,0.467,1,4,0.25,0,0,,0,1,1,15,3,0,2,3,15,-13,45.7,1,2015-16
22015,201585,Kosta Koufos,1610612758,SAC,Sacramento Kings,0021500754,2016-02-05,SAC @ BKN,L,12,2,3,0.667,0,0,,0,0,,2,1,3,0,1,0,0,1,4,-14,10.6,1,2015-16
22015,201954,Darren Collison,1610612758,SAC,Sacramento Kings,0021500754,2016-02-05,SAC @ BKN,L,25,7,9,0.778,2,3,0.667,9,9,1.0,1,2,3,1,2,0,2,2,25,6,34.1,1,2015-16
22015,203112,Quincy Acy,1610612758,SAC,Sacramento Kings,0021500754,2016-02-05,SAC @ BKN,L,6,0,0,,0,0,,0,0,,0,0,0,0,0,1,0,0,0,-4,3.0,1,2015-16
22015,1626161,Willie Cauley-Stein,1610612758,SAC,Sacramento Kings,0021500754,2016-02-05,SAC @ BKN,L,29,7,8,0.875,0,0,,2,2,1.0,2,4,6,0,1,1,2,3,16,6,27.2,1,2015-16
22015,2446,Rasual Butler,1610612759,SAS,San Antonio Spurs,0021500759,2016-02-05,SAS @ DAL,W,15,2,4,0.5,1,2,0.5,0,0,,0,1,1,0,1,0,1,2,5,-6,8.2,1,2015-16
22015,2564,Boris Diaw,1610612759,SAS,San Antonio Spurs,0021500759,2016-02-05,SAS @ DAL,W,19,2,4,0.5,1,1,1.0,0,0,,1,4,5,4,0,0,0,3,5,12,17.0,1,2015-16
22015,202344,Trevor Booker,1610612762,UTA,Utah Jazz,0021500758,2016-02-05,UTA vs. MIL,W,13,0,3,0.0,0,0,,0,0,,2,0,2,1,2,0,1,0,0,1,8.9,1,2015-16
22015,203475,Erick Green,1610612762,UTA,Utah Jazz,0021500758,2016-02-05,UTA vs. MIL,W,3,0,0,,0,0,,0,0,,0,0,0,0,0,0,0,0,0,3,0.0,1,2015-16
22015,203504,Trey Burke,1610612762,UTA,Utah Jazz,0021500758,2016-02-05,UTA vs. MIL,W,3,0,2,0.0,0,2,0.0,0,0,,0,1,1,1,0,0,0,0,0,-1,2.7,1,2015-16
22015,201971,DeJuan Blair,1610612764,WAS,Washington Wizards,0021500753,2016-02-05,WAS vs. PHI,W,6,0,1,0.0,0,0,,0,2,0.0,0,3,3,0,0,0,0,1,0,-8,3.6,1,2015-16
22015,203490,Otto Porter Jr.,1610612764,WAS,Washington Wizards,0021500753,2016-02-05,WAS vs. PHI,W,25,2,8,0.25,1,5,0.2,0,0,,2,2,4,1,1,1,1,1,5,4,16.3,1,2015-16
22015,101107,Marvin Williams,1610612766,CHA,Charlotte Hornets,0021500751,2016-02-05,CHA vs. MIA,L,32,12,17,0.706,2,4,0.5,1,1,1.0,0,4,4,2,0,1,0,2,27,3,37.8,1,2015-16
22015,2594,Kyle Korver,1610612737,ATL,Atlanta Hawks,0021500750,2016-02-05,ATL vs. IND,W,27,2,7,0.286,2,6,0.333,0,0,,0,5,5,1,1,0,2,5,6,10,14.5,1,2015-16
22015,2544,LeBron James,1610612739,CLE,Cleveland Cavaliers,0021500755,2016-02-05,CLE vs. BOS,L,38,9,23,0.391,0,5,0.0,12,17,0.706,3,4,7,4,2,1,6,2,30,-7,47.4,1,2015-16
22015,2590,Mo Williams,1610612739,CLE,Cleveland Cavaliers,0021500755,2016-02-05,CLE vs. BOS,L,6,2,3,0.667,0,0,,0,0,,0,0,0,0,0,0,1,1,4,-3,3.0,1,2015-16
22015,202389,Timofey Mozgov,1610612739,CLE,Cleveland Cavaliers,0021500755,2016-02-05,CLE vs. BOS,L,18,3,6,0.5,0,0,,0,3,0.0,1,5,6,3,0,0,0,2,6,8,17.7,1,2015-16
22015,202681,Kyrie Irving,1610612739,CLE,Cleveland Cavaliers,0021500755,2016-02-05,CLE vs. BOS,L,37,7,15,0.467,0,2,0.0,5,6,0.833,0,3,3,6,0,0,2,3,19,-4,29.6,1,2015-16
22015,1626171,Bobby Portis,1610612741,CHI,Chicago Bulls,0021500757,2016-02-05,CHI @ DEN,L,27,4,12,0.333,0,0,,0,2,0.0,4,3,7,2,2,0,0,5,8,-13,25.4,1,2015-16
22015,1717,Dirk Nowitzki,1610612742,DAL,Dallas Mavericks,0021500759,2016-02-05,DAL vs. SAS,L,24,4,8,0.5,0,0,,2,2,1.0,0,8,8,0,1,0,2,2,10,-34,20.6,1,2015-16
22015,201580,JaVale McGee,1610612742,DAL,Dallas Mavericks,0021500759,2016-02-05,DAL vs. SAS,L,8,4,5,0.8,0,0,,0,0,,2,2,4,0,0,0,1,1,8,-1,11.8,1,2015-16
22015,1626257,Salah Mejri,1610612742,DAL,Dallas Mavericks,0021500759,2016-02-05,DAL vs. SAS,L,14,1,3,0.333,0,0,,1,2,0.5,0,3,3,0,1,0,0,2,3,-18,9.6,1,2015-16
22015,203994,Jusuf Nurkić,1610612743,DEN,Denver Nuggets,0021500757,2016-02-05,DEN vs. CHI,W,12,0,4,0.0,0,0,,2,2,1.0,1,5,6,1,0,2,2,3,2,-2,14.7,1,2015-16
22015,203999,Nikola Jokić,1610612743,DEN,Denver Nuggets,0021500757,2016-02-05,DEN vs. CHI,W,26,6,14,0.429,2,2,1.0,2,2,1.0,4,8,12,3,0,2,1,6,16,5,39.9,1,2015-16
22015,201601,Luc Mbah a Moute,1610612746,LAC,LA Clippers,0021500752,2016-02-05,LAC @ ORL,W,16,0,0,,0,0,,0,0,,0,4,4,0,0,0,1,0,0,6,3.8,1,2015-16
22015,201965,Jeff Ayres,1610612746,LAC,LA Clippers,0021500752,2016-02-05,LAC @ ORL,W,2,0,0,,0,0,,0,0,,0,0,0,0,0,0,1,1,0,-2,-1.0,1,2015-16
22015,202332,Cole Aldrich,1610612746,LAC,LA Clippers,0021500752,2016-02-05,LAC @ ORL,W,8,1,3,0.333,0,0,,0,0,,0,2,2,0,1,0,2,5,2,-2,5.4,1,2015-16
22015,2736,Luol Deng,1610612748,MIA,Miami Heat,0021500751,2016-02-05,MIA @ CHA,W,28,3,8,0.375,0,1,0.0,2,3,0.667,0,1,1,0,1,0,1,0,8,-2,11.2,1,2015-16
22015,203101,Miles Plumlee,1610612749,MIL,Milwaukee Bucks,0021500758,2016-02-05,MIL @ UTA,L,14,3,4,0.75,0,0,,0,0,,2,1,3,0,1,3,0,1,6,8,21.6,1,2015-16
22015,200745,Andrea Bargnani,1610612751,BKN,Brooklyn Nets,0021500754,2016-02-05,BKN vs. SAC,W,10,2,5,0.4,0,0,,0,0,,1,0,1,0,0,1,0,0,4,-3,8.2,1,2015-16
22015,203124,Kyle O'Quinn,1610612752,NYK,New York Knicks,0021500756,2016-02-05,NYK vs. MEM,L,10,2,6,0.333,0,1,0.0,0,0,,1,2,3,0,0,0,0,2,4,2,7.6,1,2015-16
22015,1626170,Jerian Grant,1610612752,NYK,New York Knicks,0021500756,2016-02-05,NYK vs. MEM,L,18,1,4,0.25,0,2,0.0,3,4,0.75,1,0,1,4,1,0,1,2,5,4,14.2,1,2015-16
22015,201160,Jason Smith,1610612753,ORL,Orlando Magic,0021500752,2016-02-05,ORL vs. LAC,L,17,4,7,0.571,0,0,,0,0,,1,2,3,1,1,0,3,0,8,1,13.1,1,2015-16
22015,202696,Nikola Vučević,1610612753,ORL,Orlando Magic,0021500752,2016-02-05,ORL vs. LAC,L,29,6,16,0.375,0,1,0.0,1,2,0.5,3,6,9,4,2,0,4,3,13,-13,31.8,1,2015-16
22015,101139,CJ Miles,1610612754,IND,Indiana Pacers,0021500750,2016-02-05,IND @ ATL,L,19,5,12,0.417,2,6,0.333,1,2,0.5,0,4,4,1,0,1,3,0,13,-6,19.3,1,2015-16
22015,101145,Monta Ellis,1610612754,IND,Indiana Pacers,0021500750,2016-02-05,IND @ ATL,L,35,4,13,0.308,3,7,0.429,0,0,,0,3,3,1,3,1,4,2,11,3,24.1,1,2015-16
22015,201588,George Hill,1610612754,IND,Indiana Pacers,0021500750,2016-02-05,IND @ ATL,L,35,3,8,0.375,1,2,0.5,0,0,,1,2,3,8,0,0,1,3,7,-7,21.6,1,2015-16
22015,202331,Paul George,1610612754,IND,Indiana Pacers,0021500750,2016-02-05,IND @ ATL,L,38,11,21,0.524,7,12,0.583,2,2,1.0,2,7,9,6,0,0,1,3,31,8,49.8,1,2015-16
22015,201171,Carl Landry,1610612755,PHI,Philadelphia 76ers,0021500753,2016-02-05,PHI @ WAS,L,2,1,1,1.0,0,0,,0,0,,0,1,1,0,0,0,0,0,2,-4,3.2,1,2015-16
22015,203138,Hollis Thompson,1610612755,PHI,Philadelphia 76ers,0021500753,2016-02-05,PHI @ WAS,L,29,3,8,0.375,0,5,0.0,1,1,1.0,0,2,2,1,0,0,0,0,7,4,10.9,1,2015-16
22015,203457,Nerlens Noel,1610612755,PHI,Philadelphia 76ers,0021500753,2016-02-05,PHI @ WAS,L,33,3,8,0.375,0,0,,3,4,0.75,1,7,8,3,1,4,2,3,9,2,36.1,1,2015-16
22015,203496,Robert Covington,1610612755,PHI,Philadelphia 76ers,0021500753,2016-02-05,PHI @ WAS,L,19,0,5,0.0,0,4,0.0,0,0,,1,3,4,0,0,1,1,1,0,-19,6.8,1,2015-16
22015,202326,DeMarcus Cousins,1610612758,SAC,Sacramento Kings,0021500754,2016-02-05,SAC @ BKN,L,40,9,18,0.5,4,4,1.0,2,3,0.667,0,10,10,10,2,0,3,2,24,-3,54.0,1,2015-16
22015,2588,Matt Bonner,1610612759,SAS,San Antonio Spurs,0021500759,2016-02-05,SAS @ DAL,W,4,2,2,1.0,1,1,1.0,2,2,1.0,0,1,1,1,0,0,0,1,7,3,9.7,1,2015-16
22015,201980,Danny Green,1610612759,SAS,San Antonio Spurs,0021500759,2016-02-05,SAS @ DAL,W,27,3,8,0.375,2,5,0.4,0,0,,0,4,4,1,0,0,1,1,8,20,13.3,1,2015-16
22015,201988,Patty Mills,1610612759,SAS,San Antonio Spurs,0021500759,2016-02-05,SAS @ DAL,W,15,6,8,0.75,2,2,1.0,2,3,0.667,0,4,4,0,0,0,0,2,16,15,20.8,1,2015-16
22015,203492,Ray McCallum,1610612759,SAS,San Antonio Spurs,0021500759,2016-02-05,SAS @ DAL,W,9,2,4,0.5,1,1,1.0,0,0,,1,1,2,2,0,0,0,1,5,1,10.4,1,2015-16
22015,203613,Jonathon Simmons,1610612759,SAS,San Antonio Spurs,0021500759,2016-02-05,SAS @ DAL,W,23,2,4,0.5,1,2,0.5,3,4,0.75,0,0,0,2,1,1,1,3,8,11,16.0,1,2015-16
22015,202324,Derrick Favors,1610612762,UTA,Utah Jazz,0021500758,2016-02-05,UTA vs. MIL,W,32,4,15,0.267,0,0,,3,6,0.5,5,10,15,1,2,5,2,3,11,2,49.5,1,2015-16
22015,203497,Rudy Gobert,1610612762,UTA,Utah Jazz,0021500758,2016-02-05,UTA vs. MIL,W,38,6,7,0.857,0,0,,3,4,0.75,4,4,8,1,5,3,0,1,15,6,50.1,1,2015-16
22015,201596,Mario Chalmers,1610612763,MEM,Memphis Grizzlies,0021500756,2016-02-05,MEM @ NYK,W,17,3,6,0.5,0,1,0.0,2,2,1.0,0,3,3,0,2,1,0,3,8,-1,20.6,1,2015-16
22015,201196,Ramon Sessions,1610612764,WAS,Washington Wizards,0021500753,2016-02-05,WAS vs. PHI,W,15,1,4,0.25,0,2,0.0,2,2,1.0,1,2,3,3,0,0,2,1,4,-13,10.1,1,2015-16
22015,202322,John Wall,1610612764,WAS,Washington Wizards,0021500753,2016-02-05,WAS vs. PHI,W,33,7,13,0.538,3,5,0.6,1,2,0.5,0,13,13,10,2,1,3,1,18,25,54.6,1,2015-16
22015,203078,Bradley Beal,1610612764,WAS,Washington Wizards,0021500753,2016-02-05,WAS vs. PHI,W,32,10,16,0.625,0,2,0.0,2,2,1.0,2,1,3,2,1,0,1,0,22,17,30.6,1,2015-16
22015,204067,Jarell Eddie,1610612764,WAS,Washington Wizards,0021500753,2016-02-05,WAS vs. PHI,W,1,0,1,0.0,0,1,0.0,0,0,,0,0,0,0,0,0,0,0,0,-2,0.0,1,2015-16
22015,202391,Jeremy Lin,1610612766,CHA,Charlotte Hornets,0021500751,2016-02-05,CHA vs. MIA,L,16,1,6,0.167,0,0,,4,5,0.8,0,2,2,3,0,1,0,2,6,-14,15.9,1,2015-16
22015,203118,Mike Scott,1610612737,ATL,Atlanta Hawks,0021500750,2016-02-05,ATL vs. IND,W,16,2,3,0.667,0,0,,0,0,,0,3,3,2,1,1,1,1,4,7,15.6,1,2015-16
22015,203501,Tim Hardaway Jr.,1610612737,ATL,Atlanta Hawks,0021500750,2016-02-05,ATL vs. IND,W,13,1,3,0.333,1,2,0.5,0,0,,0,1,1,1,0,0,0,0,3,3,5.7,1,2015-16
22015,202340,Avery Bradley,1610612738,BOS,Boston Celtics,0021500755,2016-02-05,BOS @ CLE,W,36,5,12,0.417,4,8,0.5,0,0,,0,3,3,1,0,1,2,3,14,-5,20.1,1,2015-16
22015,203092,Tyler Zeller,1610612738,BOS,Boston Celtics,0021500755,2016-02-05,BOS @ CLE,W,20,8,10,0.8,0,0,,0,0,,1,3,4,1,0,0,3,3,16,5,19.3,1,2015-16
22015,203096,Jared Sullinger,1610612738,BOS,Boston Celtics,0021500755,2016-02-05,BOS @ CLE,W,24,5,11,0.455,0,1,0.0,2,5,0.4,5,2,7,3,1,3,2,3,12,-1,34.9,1,2015-16
22015,2210,Richard Jefferson,1610612739,CLE,Cleveland Cavaliers,0021500755,2016-02-05,CLE vs. BOS,L,19,3,6,0.5,0,2,0.0,1,3,0.333,2,3,5,2,0,0,1,4,7,-4,15.0,1,2015-16
22015,202684,Tristan Thompson,1610612739,CLE,Cleveland Cavaliers,0021500755,2016-02-05,CLE vs. BOS,L,32,1,3,0.333,0,0,,1,2,0.5,4,6,10,0,1,2,0,3,3,-4,24.0,1,2015-16
22015,202697,Iman Shumpert,1610612739,CLE,Cleveland Cavaliers,0021500755,2016-02-05,CLE vs. BOS,L,35,1,6,0.167,1,5,0.2,1,2,0.5,3,5,8,3,5,1,1,4,4,5,35.1,1,2015-16
22015,202710,Jimmy Butler III,1610612741,CHI,Chicago Bulls,0021500757,2016-02-05,CHI @ DEN,L,18,6,9,0.667,0,0,,7,9,0.778,0,2,2,5,2,0,1,0,19,-1,33.9,1,2015-16
22015,203503,Tony Snell,1610612741,CHI,Chicago Bulls,0021500757,2016-02-05,CHI @ DEN,L,19,1,3,0.333,0,0,,0,0,,0,1,1,0,0,1,0,4,2,9,6.2,1,2015-16
22015,203946,Cameron Bairstow,1610612741,CHI,Chicago Bulls,0021500757,2016-02-05,CHI @ DEN,L,10,1,4,0.25,0,1,0.0,2,2,1.0,0,4,4,1,0,0,0,5,4,5,10.3,1,2015-16
22015,200751,Randy Foye,1610612743,DEN,Denver Nuggets,0021500757,2016-02-05,DEN vs. CHI,W,23,3,5,0.6,0,2,0.0,0,0,,0,2,2,6,2,0,0,1,6,17,23.4,1,2015-16
22015,201568,Danilo Gallinari,1610612743,DEN,Denver Nuggets,0021500757,2016-02-05,DEN vs. CHI,W,35,7,12,0.583,1,3,0.333,18,18,1.0,0,3,3,2,1,1,1,3,33,-3,44.6,1,2015-16
22015,203115,Will Barton,1610612743,DEN,Denver Nuggets,0021500757,2016-02-05,DEN vs. CHI,W,30,7,16,0.438,2,5,0.4,0,0,,2,3,5,1,0,1,1,3,16,9,25.5,1,2015-16
22015,2037,Jamal Crawford,1610612746,LAC,LA Clippers,0021500752,2016-02-05,LAC @ ORL,W,35,8,14,0.571,0,4,0.0,4,4,1.0,0,1,1,2,3,1,4,4,20,9,32.2,1,2015-16
22015,202325,Wesley Johnson,1610612746,LAC,LA Clippers,0021500752,2016-02-05,LAC @ ORL,W,27,2,6,0.333,1,5,0.2,0,0,,0,5,5,0,1,4,1,1,5,0,25.0,1,2015-16
22015,202362,Lance Stephenson,1610612746,LAC,LA Clippers,0021500752,2016-02-05,LAC @ ORL,W,19,6,6,1.0,0,0,,1,1,1.0,0,1,1,3,1,0,1,3,13,6,20.7,1,2015-16
22015,201609,Goran Dragic,1610612748,MIA,Miami Heat,0021500751,2016-02-05,MIA @ CHA,W,32,5,10,0.5,0,2,0.0,2,2,1.0,1,7,8,9,2,0,0,3,12,7,41.1,1,2015-16
22015,202355,Hassan Whiteside,1610612748,MIA,Miami Heat,0021500751,2016-02-05,MIA @ CHA,W,27,4,8,0.5,0,0,,2,3,0.667,3,7,10,0,0,10,2,4,10,8,50.0,1,2015-16
22015,1626159,Justise Winslow,1610612748,MIA,Miami Heat,0021500751,2016-02-05,MIA @ CHA,W,33,4,6,0.667,0,0,,0,0,,2,8,10,2,2,0,0,2,8,-5,29.0,1,2015-16
22015,201573,Jerryd Bayless,1610612749,MIL,Milwaukee Bucks,0021500758,2016-02-05,MIL @ UTA,L,25,5,8,0.625,5,6,0.833,0,1,0.0,0,3,3,2,1,0,1,1,15,-1,23.6,1,2015-16
22015,202328,Greg Monroe,1610612749,MIL,Milwaukee Bucks,0021500758,2016-02-05,MIL @ UTA,L,33,5,9,0.556,0,0,,4,6,0.667,2,7,9,0,1,1,2,1,14,-11,28.8,1,2015-16
22015,203953,Jabari Parker,1610612749,MIL,Milwaukee Bucks,0021500758,2016-02-05,MIL @ UTA,L,33,1,6,0.167,0,0,,0,0,,1,3,4,0,0,1,1,4,2,-2,8.8,1,2015-16
22015,1626173,Rashad Vaughn,1610612749,MIL,Milwaukee Bucks,0021500758,2016-02-05,MIL @ UTA,L,10,0,1,0.0,0,0,,0,0,,0,0,0,0,0,0,0,1,0,2,0.0,1,2015-16
22015,201572,Brook Lopez,1610612751,BKN,Brooklyn Nets,0021500754,2016-02-05,BKN vs. SAC,W,41,11,21,0.524,0,0,,4,4,1.0,7,5,12,3,0,1,3,3,26,6,44.9,1,2015-16
22015,203499,Shane Larkin,1610612751,BKN,Brooklyn Nets,0021500754,2016-02-05,BKN vs. SAC,W,17,1,3,0.333,1,1,1.0,0,0,,0,1,1,2,1,0,3,4,3,7,7.2,1,2015-16
22015,201167,Arron Afflalo,1610612752,NYK,New York Knicks,0021500756,2016-02-05,NYK vs. MEM,L,41,4,15,0.267,2,7,0.286,4,4,1.0,0,5,5,2,0,0,1,3,14,-6,22.0,1,2015-16
22015,203094,Andrew Nicholson,1610612753,ORL,Orlando Magic,0021500752,2016-02-05,ORL vs. LAC,L,2,0,0,,0,0,,0,0,,0,1,1,0,0,0,0,0,0,0,1.2,1,2015-16
22015,201941,Jordan Hill,1610612754,IND,Indiana Pacers,0021500750,2016-02-05,IND @ ATL,L,28,1,5,0.2,0,0,,1,2,0.5,3,5,8,3,1,0,5,2,3,-1,15.1,1,2015-16
22015,1626167,Myles Turner,1610612754,IND,Indiana Pacers,0021500750,2016-02-05,IND @ ATL,L,23,6,11,0.545,0,0,,0,0,,4,3,7,0,1,1,1,4,12,-3,25.4,1,2015-16
22015,203477,Isaiah Canaan,1610612755,PHI,Philadelphia 76ers,0021500753,2016-02-05,PHI @ WAS,L,32,5,12,0.417,4,8,0.5,4,4,1.0,0,3,3,3,1,0,3,1,18,15,26.1,1,2015-16
22015,203917,Nik Stauskas,1610612755,PHI,Philadelphia 76ers,0021500753,2016-02-05,PHI @ WAS,L,28,3,6,0.5,3,5,0.6,0,0,,0,4,4,2,1,0,3,3,9,-14,16.8,1,2015-16
22015,202341,James Anderson,1610612758,SAC,Sacramento Kings,0021500754,2016-02-05,SAC @ BKN,L,15,4,8,0.5,0,2,0.0,0,0,,0,3,3,0,0,1,1,2,8,-3,13.6,1,2015-16
22015,2561,David West,1610612759,SAS,San Antonio Spurs,0021500759,2016-02-05,SAS @ DAL,W,10,1,3,0.333,0,0,,2,2,1.0,0,1,1,1,0,0,1,4,4,4,5.7,1,2015-16
22015,1626246,Boban Marjanovic,1610612759,SAS,San Antonio Spurs,0021500759,2016-02-05,SAS @ DAL,W,17,2,3,0.667,0,0,,3,4,0.75,2,5,7,1,0,1,2,2,7,7,17.9,1,2015-16
22015,203187,Chris Johnson,1610612762,UTA,Utah Jazz,0021500758,2016-02-05,UTA vs. MIL,W,10,0,2,0.0,0,1,0.0,3,4,0.75,1,2,3,1,0,0,0,4,3,-10,8.1,1,2015-16
22015,203918,Rodney Hood,1610612762,UTA,Utah Jazz,0021500758,2016-02-05,UTA vs. MIL,W,41,9,18,0.5,3,9,0.333,2,2,1.0,0,3,3,1,2,0,1,4,23,8,33.1,1,2015-16
22015,204060,Joe Ingles,1610612762,UTA,Utah Jazz,0021500758,2016-02-05,UTA vs. MIL,W,16,1,3,0.333,0,2,0.0,1,2,0.5,0,1,1,1,3,0,1,0,3,-6,13.7,1,2015-16
22015,1626168,Trey Lyles,1610612762,UTA,Utah Jazz,0021500758,2016-02-05,UTA vs. MIL,W,12,1,5,0.2,1,2,0.5,0,0,,0,4,4,0,0,0,2,1,3,-3,5.8,1,2015-16
22015,2754,Tony Allen,1610612763,MEM,Memphis Grizzlies,0021500756,2016-02-05,MEM @ NYK,W,19,2,4,0.5,1,1,1.0,2,4,0.5,0,3,3,0,0,1,0,0,7,1,13.6,1,2015-16
22015,201145,Jeff Green,1610612763,MEM,Memphis Grizzlies,0021500756,2016-02-05,MEM @ NYK,W,29,5,11,0.455,0,1,0.0,6,6,1.0,1,4,5,2,1,0,0,2,16,7,28.0,1,2015-16
22015,201587,Nicolas Batum,1610612766,CHA,Charlotte Hornets,0021500751,2016-02-05,CHA vs. MIA,L,39,7,12,0.583,4,7,0.571,3,3,1.0,1,5,6,7,0,3,4,1,21,5,43.7,1,2015-16
22015,1626163,Frank Kaminsky,1610612766,CHA,Charlotte Hornets,0021500751,2016-02-05,CHA vs. MIA,L,16,0,2,0.0,0,1,0.0,0,0,,0,3,3,3,0,0,2,2,0,-6,6.1,1,2015-16
22015,200757,Thabo Sefolosha,1610612737,ATL,Atlanta Hawks,0021500750,2016-02-05,ATL vs. IND,W,23,0,2,0.0,0,0,,0,0,,1,4,5,0,0,0,0,0,0,-21,6.0,1,2015-16
22015,203488,Mike Muscala,1610612737,ATL,Atlanta Hawks,0021500750,2016-02-05,ATL vs. IND,W,13,2,2,1.0,0,0,,0,0,,0,1,1,0,0,0,0,1,4,-15,5.2,1,2015-16
22015,203935,Marcus Smart,1610612738,BOS,Boston Celtics,0021500755,2016-02-05,BOS @ CLE,W,21,3,7,0.429,1,3,0.333,1,1,1.0,0,1,1,3,2,0,1,2,8,4,18.7,1,2015-16
22015,201567,Kevin Love,1610612739,CLE,Cleveland Cavaliers,0021500755,2016-02-05,CLE vs. BOS,L,22,4,10,0.4,2,6,0.333,0,0,,1,4,5,2,0,1,0,0,10,-2,22.0,1,2015-16
22015,201959,Taj Gibson,1610612741,CHI,Chicago Bulls,0021500757,2016-02-05,CHI @ DEN,L,36,7,13,0.538,0,0,,4,6,0.667,2,5,7,0,0,3,0,2,18,-11,35.4,1,2015-16
22015,203926,Doug McDermott,1610612741,CHI,Chicago Bulls,0021500757,2016-02-05,CHI @ DEN,L,25,6,11,0.545,3,4,0.75,0,0,,1,1,2,0,0,0,1,3,15,-2,16.4,1,2015-16
22015,2585,Zaza Pachulia,1610612742,DAL,Dallas Mavericks,0021500759,2016-02-05,DAL vs. SAS,L,19,1,4,0.25,0,0,,2,4,0.5,1,1,2,2,0,0,2,2,4,-12,7.4,1,2015-16
22015,101109,Raymond Felton,1610612742,DAL,Dallas Mavericks,0021500759,2016-02-05,DAL vs. SAS,L,21,3,4,0.75,0,1,0.0,0,0,,0,1,1,4,2,0,2,4,6,-6,17.2,1,2015-16
22015,1626147,Justin Anderson,1610612742,DAL,Dallas Mavericks,0021500759,2016-02-05,DAL vs. SAS,L,18,4,7,0.571,2,3,0.667,3,3,1.0,1,2,3,0,0,0,1,1,13,3,15.6,1,2015-16
22015,203914,Gary Harris,1610612743,DEN,Denver Nuggets,0021500757,2016-02-05,DEN vs. CHI,W,35,3,7,0.429,0,3,0.0,0,0,,2,4,6,1,0,0,0,0,6,-15,14.7,1,2015-16
22015,200755,JJ Redick,1610612746,LAC,LA Clippers,0021500752,2016-02-05,LAC @ ORL,W,27,6,14,0.429,4,9,0.444,4,5,0.8,0,3,3,0,1,0,1,2,20,9,25.6,1,2015-16
22015,203912,C.J. Wilcox,1610612746,LAC,LA Clippers,0021500752,2016-02-05,LAC @ ORL,W,2,0,1,0.0,0,0,,0,0,,0,0,0,0,0,0,0,0,0,0,0.0,1,2015-16
22015,203114,Khris Middleton,1610612749,MIL,Milwaukee Bucks,0021500758,2016-02-05,MIL @ UTA,L,40,6,16,0.375,1,4,0.25,5,5,1.0,0,6,6,2,3,0,9,3,18,-4,28.2,1,2015-16
22015,203487,Michael Carter-Williams,1610612749,MIL,Milwaukee Bucks,0021500758,2016-02-05,MIL @ UTA,L,29,5,14,0.357,0,2,0.0,0,1,0.0,1,5,6,4,3,1,3,3,10,-8,32.2,1,2015-16
22015,201152,Thaddeus Young,1610612751,BKN,Brooklyn Nets,0021500754,2016-02-05,BKN vs. SAC,W,39,6,10,0.6,0,0,,2,2,1.0,1,13,14,7,2,0,3,1,14,14,44.3,1,2015-16
22015,201961,Wayne Ellington,1610612751,BKN,Brooklyn Nets,0021500754,2016-02-05,BKN vs. SAC,W,26,2,10,0.2,1,6,0.167,5,5,1.0,0,2,2,3,0,0,0,1,10,-3,16.9,1,2015-16
22015,202388,Donald Sloan,1610612751,BKN,Brooklyn Nets,0021500754,2016-02-05,BKN vs. SAC,W,31,6,10,0.6,4,5,0.8,1,1,1.0,0,4,4,1,0,0,3,2,17,2,20.3,1,2015-16
22015,203080,Thomas Robinson,1610612751,BKN,Brooklyn Nets,0021500754,2016-02-05,BKN vs. SAC,W,6,0,0,,0,0,,1,2,0.5,0,2,2,0,0,1,0,2,1,1,6.4,1,2015-16
22015,201577,Robin Lopez,1610612752,NYK,New York Knicks,0021500756,2016-02-05,NYK vs. MEM,L,30,4,7,0.571,0,0,,1,2,0.5,5,5,10,0,0,0,3,3,9,-15,18.0,1,2015-16
22015,204038,Langston Galloway,1610612752,NYK,New York Knicks,0021500756,2016-02-05,NYK vs. MEM,L,33,2,10,0.2,0,2,0.0,0,0,,1,2,3,3,0,0,0,2,4,-9,12.1,1,2015-16
22015,203922,Glenn Robinson III,1610612754,IND,Indiana Pacers,0021500750,2016-02-05,IND @ ATL,L,10,1,2,0.5,0,0,,0,0,,1,1,2,0,0,0,0,0,2,-14,4.4,1,2015-16
22015,202397,Ish Smith,1610612755,PHI,Philadelphia 76ers,0021500753,2016-02-05,PHI @ WAS,L,32,11,25,0.44,0,2,0.0,0,0,,0,5,5,5,3,1,2,1,22,-20,45.5,1,2015-16
22015,203924,Jerami Grant,1610612755,PHI,Philadelphia 76ers,0021500753,2016-02-05,PHI @ WAS,L,27,3,5,0.6,1,1,1.0,2,4,0.5,2,3,5,5,0,2,2,3,9,-2,26.5,1,2015-16
22015,204456,T.J. McConnell,1610612755,PHI,Philadelphia 76ers,0021500753,2016-02-05,PHI @ WAS,L,18,4,6,0.667,1,1,1.0,0,0,,0,2,2,4,1,0,1,1,9,5,19.4,1,2015-16
22015,200752,Rudy Gay,1610612758,SAC,Sacramento Kings,0021500754,2016-02-05,SAC @ BKN,L,4,1,2,0.5,0,1,0.0,0,0,,0,1,1,1,0,0,1,2,2,-2,3.7,1,2015-16
22015,201158,Marco Belinelli,1610612758,SAC,Sacramento Kings,0021500754,2016-02-05,SAC @ BKN,L,35,5,12,0.417,0,4,0.0,3,3,1.0,0,0,0,1,2,0,0,1,13,-6,20.5,1,2015-16
22015,2225,Tony Parker,1610612759,SAS,San Antonio Spurs,0021500759,2016-02-05,SAS @ DAL,W,25,4,8,0.5,1,2,0.5,0,0,,0,2,2,2,0,0,3,1,9,14,11.4,1,2015-16
22015,200746,LaMarcus Aldridge,1610612759,SAS,San Antonio Spurs,0021500759,2016-02-05,SAS @ DAL,W,28,5,11,0.455,0,1,0.0,4,4,1.0,3,7,10,2,2,2,1,1,14,21,40.0,1,2015-16
22015,203937,Kyle Anderson,1610612759,SAS,San Antonio Spurs,0021500759,2016-02-05,SAS @ DAL,W,23,1,5,0.2,0,1,0.0,3,3,1.0,0,3,3,2,2,0,1,2,5,4,16.6,1,2015-16
22015,203526,Raul Neto,1610612762,UTA,Utah Jazz,0021500758,2016-02-05,UTA vs. MIL,W,33,3,8,0.375,1,3,0.333,1,2,0.5,0,3,3,4,1,0,2,2,8,9,18.6,1,2015-16
22015,2216,Zach Randolph,1610612763,MEM,Memphis Grizzlies,0021500756,2016-02-05,MEM @ NYK,W,29,5,10,0.5,0,1,0.0,0,0,,1,3,4,1,1,0,1,3,10,0,18.3,1,2015-16
22015,2440,Matt Barnes,1610612763,MEM,Memphis Grizzlies,0021500756,2016-02-05,MEM @ NYK,W,21,4,9,0.444,2,5,0.4,2,2,1.0,0,7,7,1,1,1,2,3,12,7,25.9,1,2015-16
22015,101162,Marcin Gortat,1610612764,WAS,Washington Wizards,0021500753,2016-02-05,WAS vs. PHI,W,34,10,16,0.625,0,0,,1,2,0.5,4,9,13,3,0,1,2,5,21,26,42.1,1,2015-16
22015,202066,Garrett Temple,1610612764,WAS,Washington Wizards,0021500753,2016-02-05,WAS vs. PHI,W,30,2,3,0.667,0,1,0.0,4,6,0.667,0,0,0,1,0,0,1,3,8,8,8.5,1,2015-16
22015,202390,Gary Neal,1610612764,WAS,Washington Wizards,0021500753,2016-02-05,WAS vs. PHI,W,16,5,10,0.5,0,2,0.0,1,2,0.5,0,2,2,2,2,0,0,1,11,-7,22.4,1,2015-16
22015,1626162,Kelly Oubre Jr.,1610612764,WAS,Washington Wizards,0021500753,2016-02-05,WAS vs. PHI,W,1,0,0,,0,0,,0,0,,0,0,0,0,0,0,0,0,0,-2,0.0,1,2015-16
22015,201150,Spencer Hawes,1610612766,CHA,Charlotte Hornets,0021500751,2016-02-05,CHA vs. MIA,L,23,1,5,0.2,0,3,0.0,0,0,,1,5,6,1,1,2,2,1,2,-17,17.7,1,2015-16
22015,202689,Kemba Walker,1610612766,CHA,Charlotte Hornets,0021500751,2016-02-05,CHA vs. MIA,L,36,7,18,0.389,4,8,0.5,2,2,1.0,0,5,5,6,2,0,2,1,20,5,39.0,1,2015-16
22015,203087,Jeremy Lamb,1610612766,CHA,Charlotte Hornets,0021500751,2016-02-05,CHA vs. MIA,L,9,2,6,0.333,0,2,0.0,0,0,,0,2,2,0,1,1,0,0,4,-8,12.4,1,2015-16
22015,203798,PJ Hairston,1610612766,CHA,Charlotte Hornets,0021500751,2016-02-05,CHA vs. MIA,L,13,0,1,0.0,0,1,0.0,0,0,,0,2,2,0,0,0,1,2,0,0,1.4,1,2015-16
22015,203145,Kent Bazemore,1610612737,ATL,Atlanta Hawks,0021500750,2016-02-05,ATL vs. IND,W,32,5,11,0.455,2,5,0.4,3,4,0.75,0,1,1,8,3,0,2,3,15,20,35.2,1,2015-16
22015,201973,Jonas Jerebko,1610612738,BOS,Boston Celtics,0021500755,2016-02-05,BOS @ CLE,W,13,0,0,,0,0,,2,2,1.0,0,5,5,0,1,0,1,2,2,4,10.0,1,2015-16
22015,203482,Kelly Olynyk,1610612738,BOS,Boston Celtics,0021500755,2016-02-05,BOS @ CLE,W,12,0,1,0.0,0,0,,2,2,1.0,0,0,0,0,1,0,1,1,2,-3,4.0,1,2015-16
22015,2747,JR Smith,1610612739,CLE,Cleveland Cavaliers,0021500755,2016-02-05,CLE vs. BOS,L,33,7,15,0.467,5,10,0.5,1,2,0.5,1,2,3,1,0,1,3,6,20,6,25.1,1,2015-16
22015,101111,Charlie Villanueva,1610612742,DAL,Dallas Mavericks,0021500759,2016-02-05,DAL vs. SAS,L,23,5,10,0.5,1,2,0.5,2,2,1.0,0,6,6,3,0,0,3,2,13,9,21.7,1,2015-16
22015,2757,Beno Udrih,1610612748,MIA,Miami Heat,0021500751,2016-02-05,MIA @ CHA,W,15,2,6,0.333,0,0,,0,0,,0,2,2,2,0,0,1,0,4,-5,8.4,1,2015-16
22015,203095,Evan Fournier,1610612753,ORL,Orlando Magic,0021500752,2016-02-05,ORL vs. LAC,L,32,6,13,0.462,2,5,0.4,2,4,0.5,1,5,6,4,1,0,2,3,16,-10,30.2,1,2015-16
22015,203951,Keith Appling,1610612753,ORL,Orlando Magic,0021500752,2016-02-05,ORL vs. LAC,L,2,0,1,0.0,0,1,0.0,0,0,,0,0,0,0,0,0,0,1,0,0,0.0,1,2015-16
22015,1713,Vince Carter,1610612763,MEM,Memphis Grizzlies,0021500756,2016-02-05,MEM @ NYK,W,23,4,8,0.5,0,3,0.0,1,2,0.5,1,3,4,0,1,0,1,2,9,6,15.8,1,2015-16
22015,201144,Mike Conley,1610612763,MEM,Memphis Grizzlies,0021500756,2016-02-05,MEM @ NYK,W,31,2,9,0.222,0,3,0.0,4,4,1.0,0,2,2,9,1,0,1,1,8,7,25.9,1,2015-16
22015,2590,Mo Williams,1610612739,CLE,Cleveland Cavaliers,0021500763,2016-02-06,CLE vs. NOP,W,16,3,7,0.429,1,2,0.5,0,0,,0,1,1,1,0,0,2,1,7,-3,7.7,1,2015-16
22015,202697,Iman Shumpert,1610612739,CLE,Cleveland Cavaliers,0021500763,2016-02-06,CLE vs. NOP,W,23,2,7,0.286,1,6,0.167,0,0,,0,4,4,1,0,2,2,1,5,11,15.3,1,2015-16
22015,201600,Omer Asik,1610612740,NOP,New Orleans Pelicans,0021500763,2016-02-06,NOP @ CLE,L,29,3,4,0.75,0,0,,0,0,,4,8,12,2,0,0,0,2,6,-7,23.4,1,2015-16
22015,201967,Dante Cunningham,1610612740,NOP,New Orleans Pelicans,0021500763,2016-02-06,NOP @ CLE,L,31,2,6,0.333,2,5,0.4,0,0,,0,3,3,2,1,0,0,4,6,-6,15.6,1,2015-16
22015,202708,Norris Cole,1610612740,NOP,New Orleans Pelicans,0021500763,2016-02-06,NOP @ CLE,L,34,10,19,0.526,2,4,0.5,4,4,1.0,0,2,2,5,1,0,5,2,26,-6,33.9,1,2015-16
22015,1626214,Bryce Dejean-Jones,1610612740,NOP,New Orleans Pelicans,0021500763,2016-02-06,NOP @ CLE,L,20,0,2,0.0,0,2,0.0,1,2,0.5,0,1,1,2,0,0,0,0,1,0,5.2,1,2015-16
22015,203503,Tony Snell,1610612741,CHI,Chicago Bulls,0021500766,2016-02-06,CHI @ MIN,L,10,1,1,1.0,0,0,,0,0,,0,0,0,0,0,0,1,1,2,-10,1.0,1,2015-16
22015,101114,Deron Williams,1610612742,DAL,Dallas Mavericks,0021500765,2016-02-06,DAL @ MEM,W,38,8,20,0.4,2,8,0.25,4,6,0.667,1,1,2,11,1,0,0,3,22,1,43.9,1,2015-16
22015,200826,J.J. Barea,1610612742,DAL,Dallas Mavericks,0021500765,2016-02-06,DAL @ MEM,W,17,1,5,0.2,1,3,0.333,1,1,1.0,0,0,0,3,0,0,0,3,4,5,8.5,1,2015-16
22015,2571,Leandro Barbosa,1610612744,GSW,Golden State Warriors,0021500769,2016-02-06,GSW vs. OKC,W,14,4,6,0.667,1,3,0.333,0,1,0.0,1,5,6,1,1,0,0,0,9,6,20.7,1,2015-16
22015,2738,Andre Iguodala,1610612744,GSW,Golden State Warriors,0021500769,2016-02-06,GSW vs. OKC,W,29,4,6,0.667,0,0,,0,0,,0,2,2,2,2,1,2,2,8,14,20.4,1,2015-16
22015,202691,Klay Thompson,1610612744,GSW,Golden State Warriors,0021500769,2016-02-06,GSW vs. OKC,W,34,8,15,0.533,1,6,0.167,1,1,1.0,0,4,4,0,0,0,2,3,18,2,20.8,1,2015-16
22015,201147,Corey Brewer,1610612745,HOU,Houston Rockets,0021500760,2016-02-06,HOU vs. POR,L,28,3,11,0.273,1,5,0.2,1,1,1.0,0,1,1,5,0,0,2,2,8,-16,14.7,1,2015-16
22015,201976,Patrick Beverley,1610612745,HOU,Houston Rockets,0021500760,2016-02-06,HOU vs. POR,L,28,2,10,0.2,0,7,0.0,0,1,0.0,0,1,1,0,0,1,2,3,4,-15,6.2,1,2015-16
22015,1626149,Montrezl Harrell,1610612745,HOU,Houston Rockets,0021500760,2016-02-06,HOU vs. POR,L,15,2,4,0.5,0,0,,1,2,0.5,3,2,5,1,0,0,2,2,5,8,10.5,1,2015-16
22015,101138,Brandon Bass,1610612747,LAL,Los Angeles Lakers,0021500767,2016-02-06,LAL @ SAS,L,26,1,5,0.2,0,0,,2,2,1.0,1,3,4,0,1,1,0,1,4,2,14.8,1,2015-16
22015,201579,Roy Hibbert,1610612747,LAL,Los Angeles Lakers,0021500767,2016-02-06,LAL @ SAS,L,8,1,1,1.0,0,0,,0,0,,1,1,2,0,0,0,0,1,2,-7,4.4,1,2015-16
22015,1626156,D'Angelo Russell,1610612747,LAL,Los Angeles Lakers,0021500767,2016-02-06,LAL @ SAS,L,23,3,7,0.429,2,4,0.5,4,4,1.0,0,2,2,2,1,0,1,3,12,-2,19.4,1,2015-16
22015,202711,Bojan Bogdanovic,1610612751,BKN,Brooklyn Nets,0021500764,2016-02-06,BKN @ PHI,L,23,3,8,0.375,0,3,0.0,3,3,1.0,0,3,3,1,0,0,3,1,9,-3,11.1,1,2015-16
22015,203922,Glenn Robinson III,1610612754,IND,Indiana Pacers,0021500762,2016-02-06,IND vs. DET,W,8,0,0,,0,0,,2,2,1.0,0,0,0,1,0,0,0,0,2,4,3.5,1,2015-16
22015,203477,Isaiah Canaan,1610612755,PHI,Philadelphia 76ers,0021500764,2016-02-06,PHI vs. BKN,W,24,2,9,0.222,2,6,0.333,0,0,,1,2,3,3,1,0,0,2,6,7,17.1,1,2015-16
22015,203917,Nik Stauskas,1610612755,PHI,Philadelphia 76ers,0021500764,2016-02-06,PHI vs. BKN,W,20,1,6,0.167,0,4,0.0,2,3,0.667,0,0,0,1,0,0,1,0,4,-4,4.5,1,2015-16
22015,203924,Jerami Grant,1610612755,PHI,Philadelphia 76ers,0021500764,2016-02-06,PHI vs. BKN,W,24,3,5,0.6,1,2,0.5,2,2,1.0,1,6,7,1,1,1,1,2,9,5,23.9,1,2015-16
22015,202329,Al-Farouq Aminu,1610612757,POR,Portland Trail Blazers,0021500760,2016-02-06,POR @ HOU,W,30,4,13,0.308,3,9,0.333,0,2,0.0,3,4,7,2,3,1,2,1,11,18,32.4,1,2015-16
22015,201980,Danny Green,1610612759,SAS,San Antonio Spurs,0021500767,2016-02-06,SAS vs. LAL,W,29,4,8,0.5,3,6,0.5,0,0,,1,4,5,2,1,2,2,1,11,11,27.0,1,2015-16
22015,202324,Derrick Favors,1610612762,UTA,Utah Jazz,0021500768,2016-02-06,UTA @ PHX,W,30,4,10,0.4,0,1,0.0,3,4,0.75,2,5,7,1,1,0,1,5,11,11,22.9,1,2015-16
22015,202344,Trevor Booker,1610612762,UTA,Utah Jazz,0021500768,2016-02-06,UTA @ PHX,W,26,4,6,0.667,0,1,0.0,0,0,,1,5,6,1,1,0,2,3,8,4,17.7,1,2015-16
22015,203526,Raul Neto,1610612762,UTA,Utah Jazz,0021500768,2016-02-06,UTA @ PHX,W,37,6,12,0.5,1,2,0.5,0,0,,1,1,2,4,1,0,2,3,13,12,22.4,1,2015-16
22015,203918,Rodney Hood,1610612762,UTA,Utah Jazz,0021500768,2016-02-06,UTA @ PHX,W,35,9,19,0.474,3,7,0.429,4,5,0.8,1,3,4,1,1,0,1,3,25,9,33.3,1,2015-16
22015,1713,Vince Carter,1610612763,MEM,Memphis Grizzlies,0021500765,2016-02-06,MEM vs. DAL,L,14,0,2,0.0,0,2,0.0,0,0,,0,2,2,0,0,0,0,0,0,-10,2.4,1,2015-16
22015,2216,Zach Randolph,1610612763,MEM,Memphis Grizzlies,0021500765,2016-02-06,MEM vs. DAL,L,36,9,21,0.429,0,1,0.0,2,4,0.5,5,9,14,2,1,0,3,5,20,7,39.8,1,2015-16
22015,201188,Marc Gasol,1610612763,MEM,Memphis Grizzlies,0021500765,2016-02-06,MEM vs. DAL,L,37,9,15,0.6,0,0,,4,6,0.667,0,6,6,2,0,1,2,3,22,-10,33.2,1,2015-16
22015,201596,Mario Chalmers,1610612763,MEM,Memphis Grizzlies,0021500765,2016-02-06,MEM vs. DAL,L,19,5,7,0.714,0,1,0.0,2,4,0.5,0,2,2,4,0,0,1,2,12,-6,19.4,1,2015-16
22015,2400,Drew Gooden,1610612764,WAS,Washington Wizards,0021500761,2016-02-06,WAS @ CHA,L,13,3,4,0.75,0,0,,0,0,,3,4,7,2,0,1,0,5,6,9,20.4,1,2015-16
22015,202066,Garrett Temple,1610612764,WAS,Washington Wizards,0021500761,2016-02-06,WAS @ CHA,L,25,1,4,0.25,0,2,0.0,0,0,,1,2,3,1,1,0,2,5,2,-10,8.1,1,2015-16
22015,1626162,Kelly Oubre Jr.,1610612764,WAS,Washington Wizards,0021500761,2016-02-06,WAS @ CHA,L,4,0,0,,0,0,,0,0,,0,0,0,0,0,0,1,0,0,0,-1.0,1,2015-16
22015,201229,Anthony Tolliver,1610612765,DET,Detroit Pistons,0021500762,2016-02-06,DET @ IND,L,30,5,9,0.556,5,9,0.556,2,4,0.5,1,3,4,1,3,0,1,0,17,10,31.3,1,2015-16
22015,203083,Andre Drummond,1610612765,DET,Detroit Pistons,0021500762,2016-02-06,DET @ IND,L,37,4,7,0.571,0,0,,2,8,0.25,3,10,13,1,1,2,6,3,10,-6,30.1,1,2015-16
22015,202689,Kemba Walker,1610612766,CHA,Charlotte Hornets,0021500761,2016-02-06,CHA vs. WAS,W,35,8,20,0.4,4,10,0.4,3,4,0.75,0,5,5,5,1,0,1,2,23,12,38.5,1,2015-16
22015,203087,Jeremy Lamb,1610612766,CHA,Charlotte Hornets,0021500761,2016-02-06,CHA vs. WAS,W,14,1,6,0.167,0,0,,1,1,1.0,0,1,1,3,1,0,0,1,3,-9,11.7,1,2015-16
22015,1626163,Frank Kaminsky,1610612766,CHA,Charlotte Hornets,0021500761,2016-02-06,CHA vs. WAS,W,20,2,5,0.4,1,1,1.0,0,0,,0,3,3,1,0,2,2,2,5,5,14.1,1,2015-16
22015,2760,Anderson Varejao,1610612739,CLE,Cleveland Cavaliers,0021500763,2016-02-06,CLE vs. NOP,W,27,1,4,0.25,0,0,,0,0,,1,9,10,3,2,2,1,4,2,8,29.5,1,2015-16
22015,201962,Toney Douglas,1610612740,NOP,New Orleans Pelicans,0021500763,2016-02-06,NOP @ CLE,L,14,0,3,0.0,0,1,0.0,0,0,,0,0,0,1,0,0,0,2,0,-9,1.5,1,2015-16
22015,2399,Mike Dunleavy,1610612741,CHI,Chicago Bulls,0021500766,2016-02-06,CHI @ MIN,L,14,2,4,0.5,1,1,1.0,0,0,,0,0,0,0,0,0,1,2,5,-1,4.0,1,2015-16
22015,2550,Kirk Hinrich,1610612741,CHI,Chicago Bulls,0021500766,2016-02-06,CHI @ MIN,L,17,3,6,0.5,2,3,0.667,0,0,,0,3,3,3,0,0,0,0,8,6,16.1,1,2015-16
22015,201959,Taj Gibson,1610612741,CHI,Chicago Bulls,0021500766,2016-02-06,CHI @ MIN,L,32,3,6,0.5,0,0,,1,2,0.5,4,2,6,3,1,1,3,3,7,6,21.7,1,2015-16
22015,2746,Josh Smith,1610612745,HOU,Houston Rockets,0021500760,2016-02-06,HOU vs. POR,L,9,0,4,0.0,0,3,0.0,0,0,,1,1,2,1,0,0,1,1,0,-2,2.9,1,2015-16
22015,203991,Clint Capela,1610612745,HOU,Houston Rockets,0021500760,2016-02-06,HOU vs. POR,L,14,0,0,,0,0,,0,0,,2,4,6,0,0,2,0,3,0,2,13.2,1,2015-16
22015,977,Kobe Bryant,1610612747,LAL,Los Angeles Lakers,0021500767,2016-02-06,LAL @ SAS,L,33,9,28,0.321,4,14,0.286,3,3,1.0,1,1,2,4,0,1,2,4,25,-2,34.4,1,2015-16
22015,101150,Lou Williams,1610612747,LAL,Los Angeles Lakers,0021500767,2016-02-06,LAL @ SAS,L,37,3,9,0.333,2,7,0.286,6,6,1.0,1,2,3,4,0,0,1,3,14,-8,22.6,1,2015-16
22015,203903,Jordan Clarkson,1610612747,LAL,Los Angeles Lakers,0021500767,2016-02-06,LAL @ SAS,L,36,9,14,0.643,1,2,0.5,2,2,1.0,2,4,6,4,1,0,1,3,21,2,36.2,1,2015-16
22015,1626157,Karl-Anthony Towns,1610612750,MIN,Minnesota Timberwolves,0021500766,2016-02-06,MIN vs. CHI,W,41,12,19,0.632,0,2,0.0,2,2,1.0,6,11,17,1,0,3,2,3,26,5,54.9,1,2015-16
22015,2207,Joe Johnson,1610612751,BKN,Brooklyn Nets,0021500764,2016-02-06,BKN @ PHI,L,29,2,8,0.25,1,4,0.25,4,4,1.0,0,0,0,3,0,0,1,1,9,-6,12.5,1,2015-16
22015,200745,Andrea Bargnani,1610612751,BKN,Brooklyn Nets,0021500764,2016-02-06,BKN @ PHI,L,9,1,5,0.2,0,0,,0,0,,1,1,2,2,0,0,0,2,2,2,7.4,1,2015-16
22015,203080,Thomas Robinson,1610612751,BKN,Brooklyn Nets,0021500764,2016-02-06,BKN @ PHI,L,14,1,5,0.2,0,0,,1,2,0.5,3,2,5,1,1,2,2,2,3,-2,17.5,1,2015-16
22015,1626167,Myles Turner,1610612754,IND,Indiana Pacers,0021500762,2016-02-06,IND vs. DET,W,32,8,13,0.615,0,0,,0,0,,0,4,4,3,0,1,1,2,16,4,27.3,1,2015-16
22015,1626202,Joe Young,1610612754,IND,Indiana Pacers,0021500762,2016-02-06,IND vs. DET,W,13,3,3,1.0,2,2,1.0,0,0,,0,0,0,0,0,0,1,2,8,0,7.0,1,2015-16
22015,203496,Robert Covington,1610612755,PHI,Philadelphia 76ers,0021500764,2016-02-06,PHI vs. BKN,W,26,2,8,0.25,2,6,0.333,3,4,0.75,2,6,8,1,2,0,0,5,9,9,26.1,1,2015-16
22015,204456,T.J. McConnell,1610612755,PHI,Philadelphia 76ers,0021500764,2016-02-06,PHI vs. BKN,W,28,7,10,0.7,2,2,1.0,1,2,0.5,0,2,2,6,2,0,2,0,17,6,32.4,1,2015-16
22015,200782,P.J. Tucker,1610612756,PHX,Phoenix Suns,0021500768,2016-02-06,PHX vs. UTA,L,38,0,3,0.0,0,2,0.0,0,0,,0,1,1,4,0,0,2,2,0,6,5.2,1,2015-16
22015,201603,Sonny Weems,1610612756,PHX,Phoenix Suns,0021500768,2016-02-06,PHX vs. UTA,L,6,0,1,0.0,0,1,0.0,0,0,,0,1,1,0,0,0,0,0,0,-11,1.2,1,2015-16
22015,202693,Markieff Morris,1610612756,PHX,Phoenix Suns,0021500768,2016-02-06,PHX vs. UTA,L,36,6,22,0.273,2,4,0.5,3,4,0.75,4,3,7,8,1,2,1,5,17,1,45.4,1,2015-16
22015,203895,Jordan McRae,1610612756,PHX,Phoenix Suns,0021500768,2016-02-06,PHX vs. UTA,L,10,1,3,0.333,0,2,0.0,1,2,0.5,0,1,1,1,0,0,0,1,3,-10,5.7,1,2015-16
22015,203081,Damian Lillard,1610612757,POR,Portland Trail Blazers,0021500760,2016-02-06,POR @ HOU,W,36,7,20,0.35,3,9,0.333,4,4,1.0,1,3,4,10,1,0,4,2,21,8,39.8,1,2015-16
22015,200746,LaMarcus Aldridge,1610612759,SAS,San Antonio Spurs,0021500767,2016-02-06,SAS vs. LAL,W,34,11,18,0.611,0,0,,4,5,0.8,3,6,9,2,0,0,1,2,26,2,38.8,1,2015-16
22015,203613,Jonathon Simmons,1610612759,SAS,San Antonio Spurs,0021500767,2016-02-06,SAS vs. LAL,W,24,3,10,0.3,1,3,0.333,2,2,1.0,2,1,3,2,0,0,0,2,9,-6,15.6,1,2015-16
22015,201586,Serge Ibaka,1610612760,OKC,Oklahoma City Thunder,0021500769,2016-02-06,OKC @ GSW,L,36,3,5,0.6,1,3,0.333,1,2,0.5,1,2,3,0,0,0,0,3,8,-5,11.6,1,2015-16
22015,201627,Anthony Morrow,1610612760,OKC,Oklahoma City Thunder,0021500769,2016-02-06,OKC @ GSW,L,13,0,3,0.0,0,2,0.0,0,0,,0,0,0,1,1,0,0,1,0,-5,4.5,1,2015-16
22015,203079,Dion Waiters,1610612760,OKC,Oklahoma City Thunder,0021500769,2016-02-06,OKC @ GSW,L,37,1,5,0.2,0,0,,2,3,0.667,0,4,4,1,3,0,0,2,4,1,19.3,1,2015-16
22015,202330,Gordon Hayward,1610612762,UTA,Utah Jazz,0021500768,2016-02-06,UTA @ PHX,W,38,7,16,0.438,1,2,0.5,7,8,0.875,1,5,6,3,1,2,2,4,22,17,40.7,1,2015-16
22015,201145,Jeff Green,1610612763,MEM,Memphis Grizzlies,0021500765,2016-02-06,MEM vs. DAL,L,35,4,14,0.286,0,4,0.0,1,2,0.5,1,4,5,3,0,1,0,1,9,4,22.5,1,2015-16
22015,201584,Courtney Lee,1610612763,MEM,Memphis Grizzlies,0021500765,2016-02-06,MEM vs. DAL,L,28,4,6,0.667,2,3,0.667,0,1,0.0,0,1,1,4,1,1,0,3,10,7,23.2,1,2015-16
22015,201162,Jared Dudley,1610612764,WAS,Washington Wizards,0021500761,2016-02-06,WAS @ CHA,L,26,4,8,0.5,2,4,0.5,0,0,,0,0,0,1,2,1,2,0,10,-17,18.5,1,2015-16
22015,203078,Bradley Beal,1610612764,WAS,Washington Wizards,0021500761,2016-02-06,WAS @ CHA,L,20,8,13,0.615,3,4,0.75,3,4,0.75,0,2,2,3,0,0,1,4,22,13,27.9,1,2015-16
22015,203490,Otto Porter Jr.,1610612764,WAS,Washington Wizards,0021500761,2016-02-06,WAS @ CHA,L,39,7,14,0.5,2,5,0.4,4,6,0.667,2,6,8,0,4,1,1,1,20,3,43.6,1,2015-16
22015,2544,LeBron James,1610612739,CLE,Cleveland Cavaliers,0021500763,2016-02-06,CLE vs. NOP,W,37,11,20,0.55,2,5,0.4,3,3,1.0,0,3,3,8,1,0,2,2,27,8,43.6,1,2015-16
22015,202681,Kyrie Irving,1610612739,CLE,Cleveland Cavaliers,0021500763,2016-02-06,CLE vs. NOP,W,37,11,21,0.524,3,9,0.333,4,4,1.0,0,4,4,3,2,0,3,1,29,19,41.3,1,2015-16
22015,201166,Aaron Brooks,1610612741,CHI,Chicago Bulls,0021500766,2016-02-06,CHI @ MIN,L,9,0,2,0.0,0,0,,0,0,,0,1,1,1,1,0,2,1,0,-6,3.7,1,2015-16
22015,1717,Dirk Nowitzki,1610612742,DAL,Dallas Mavericks,0021500765,2016-02-06,DAL @ MEM,W,37,6,17,0.353,1,6,0.167,5,6,0.833,2,5,7,2,0,1,1,4,18,7,31.4,1,2015-16
22015,101109,Raymond Felton,1610612742,DAL,Dallas Mavericks,0021500765,2016-02-06,DAL @ MEM,W,32,5,12,0.417,3,7,0.429,3,5,0.6,0,7,7,1,1,0,0,2,16,-9,28.9,1,2015-16
22015,202083,Wesley Matthews,1610612742,DAL,Dallas Mavericks,0021500765,2016-02-06,DAL @ MEM,W,30,2,5,0.4,2,3,0.667,2,4,0.5,0,0,0,2,0,0,0,1,8,0,11.0,1,2015-16
22015,2733,Shaun Livingston,1610612744,GSW,Golden State Warriors,0021500769,2016-02-06,GSW vs. OKC,W,15,4,7,0.571,0,0,,2,3,0.667,0,1,1,2,1,0,0,1,10,4,17.2,1,2015-16
22015,201578,Marreese Speights,1610612744,GSW,Golden State Warriors,0021500769,2016-02-06,GSW vs. OKC,W,17,6,10,0.6,1,1,1.0,2,2,1.0,1,1,2,2,0,1,1,2,15,20,22.4,1,2015-16
22015,2730,Dwight Howard,1610612745,HOU,Houston Rockets,0021500760,2016-02-06,HOU vs. POR,L,41,6,10,0.6,0,1,0.0,5,8,0.625,3,11,14,2,4,0,2,3,17,-19,46.8,1,2015-16
22015,2772,Trevor Ariza,1610612745,HOU,Houston Rockets,0021500760,2016-02-06,HOU vs. POR,L,34,2,8,0.25,1,4,0.25,0,0,,3,2,5,0,4,0,2,2,5,-16,21.0,1,2015-16
22015,203944,Julius Randle,1610612747,LAL,Los Angeles Lakers,0021500767,2016-02-06,LAL @ SAS,L,31,5,12,0.417,0,0,,5,6,0.833,3,13,16,4,2,0,3,4,15,-4,43.2,1,2015-16
22015,2419,Tayshaun Prince,1610612750,MIN,Minnesota Timberwolves,0021500766,2016-02-06,MIN vs. CHI,W,12,1,2,0.5,0,0,,0,0,,0,0,0,0,0,0,0,1,2,7,2.0,1,2015-16
22015,201937,Ricky Rubio,1610612750,MIN,Minnesota Timberwolves,0021500766,2016-02-06,MIN vs. CHI,W,32,4,6,0.667,0,0,,6,6,1.0,0,5,5,6,3,0,3,3,14,9,35.0,1,2015-16
22015,203498,Shabazz Muhammad,1610612750,MIN,Minnesota Timberwolves,0021500766,2016-02-06,MIN vs. CHI,W,15,3,8,0.375,0,1,0.0,2,2,1.0,2,2,4,3,1,0,0,1,8,-2,20.3,1,2015-16
22015,201572,Brook Lopez,1610612751,BKN,Brooklyn Nets,0021500764,2016-02-06,BKN @ PHI,L,34,5,11,0.455,0,0,,7,7,1.0,3,2,5,0,0,1,2,3,17,-2,24.0,1,2015-16
22015,203499,Shane Larkin,1610612751,BKN,Brooklyn Nets,0021500764,2016-02-06,BKN @ PHI,L,26,3,7,0.429,0,1,0.0,0,0,,1,3,4,2,1,1,1,1,6,-7,18.8,1,2015-16
22015,203900,Markel Brown,1610612751,BKN,Brooklyn Nets,0021500764,2016-02-06,BKN @ PHI,L,20,5,5,1.0,3,3,1.0,2,2,1.0,0,1,1,3,1,0,0,1,15,6,23.7,1,2015-16
22015,101139,CJ Miles,1610612754,IND,Indiana Pacers,0021500762,2016-02-06,IND vs. DET,W,20,4,10,0.4,1,3,0.333,1,2,0.5,0,2,2,2,0,0,2,3,10,-13,13.4,1,2015-16
22015,201941,Jordan Hill,1610612754,IND,Indiana Pacers,0021500762,2016-02-06,IND vs. DET,W,27,6,10,0.6,0,0,,0,0,,5,3,8,3,4,0,3,2,12,7,35.1,1,2015-16
22015,202331,Paul George,1610612754,IND,Indiana Pacers,0021500762,2016-02-06,IND vs. DET,W,30,7,13,0.538,2,2,1.0,14,15,0.933,0,8,8,3,1,0,3,4,30,17,44.1,1,2015-16
22015,203524,Solomon Hill,1610612754,IND,Indiana Pacers,0021500762,2016-02-06,IND vs. DET,W,7,0,0,,0,0,,0,0,,1,0,1,2,0,0,2,2,0,1,2.2,1,2015-16
22015,203088,Kendall Marshall,1610612755,PHI,Philadelphia 76ers,0021500764,2016-02-06,PHI vs. BKN,W,20,2,5,0.4,0,0,,0,0,,0,0,0,3,1,0,5,3,4,-1,6.5,1,2015-16
22015,203138,Hollis Thompson,1610612755,PHI,Philadelphia 76ers,0021500764,2016-02-06,PHI vs. BKN,W,29,4,9,0.444,3,7,0.429,3,5,0.6,0,1,1,0,0,1,0,2,14,-3,18.2,1,2015-16
22015,203457,Nerlens Noel,1610612755,PHI,Philadelphia 76ers,0021500764,2016-02-06,PHI vs. BKN,W,32,8,11,0.727,0,0,,2,2,1.0,2,2,4,2,4,3,3,5,18,-3,43.8,1,2015-16
22015,1626143,Jahlil Okafor,1610612755,PHI,Philadelphia 76ers,0021500764,2016-02-06,PHI vs. BKN,W,33,9,16,0.563,0,0,,4,4,1.0,7,10,17,0,1,3,1,2,22,13,53.4,1,2015-16
22015,203111,Orlando Johnson,1610612756,PHX,Phoenix Suns,0021500768,2016-02-06,PHX vs. UTA,L,19,2,5,0.4,1,1,1.0,2,2,1.0,0,1,1,0,1,0,0,2,7,-3,11.2,1,2015-16
22015,203462,Archie Goodwin,1610612756,PHX,Phoenix Suns,0021500768,2016-02-06,PHX vs. UTA,L,37,4,10,0.4,1,4,0.25,5,6,0.833,0,6,6,3,0,1,4,1,14,3,24.7,1,2015-16
22015,203468,CJ McCollum,1610612757,POR,Portland Trail Blazers,0021500760,2016-02-06,POR @ HOU,W,40,6,13,0.462,2,6,0.333,2,3,0.667,2,5,7,2,4,1,5,2,16,25,37.4,1,2015-16
22015,2561,David West,1610612759,SAS,San Antonio Spurs,0021500767,2016-02-06,SAS vs. LAL,W,30,3,6,0.5,0,0,,0,0,,2,6,8,5,0,3,0,4,6,12,32.1,1,2015-16
22015,1626246,Boban Marjanovic,1610612759,SAS,San Antonio Spurs,0021500767,2016-02-06,SAS vs. LAL,W,9,1,1,1.0,0,0,,1,1,1.0,2,3,5,1,1,0,1,2,3,-7,12.5,1,2015-16
22015,202713,Kyle Singler,1610612760,OKC,Oklahoma City Thunder,0021500769,2016-02-06,OKC @ GSW,L,11,0,1,0.0,0,1,0.0,0,2,0.0,0,1,1,0,0,0,1,0,0,-8,0.2,1,2015-16
22015,203497,Rudy Gobert,1610612762,UTA,Utah Jazz,0021500768,2016-02-06,UTA @ PHX,W,35,2,7,0.286,0,0,,9,12,0.75,2,11,13,2,1,4,0,2,13,9,46.6,1,2015-16
22015,1626168,Trey Lyles,1610612762,UTA,Utah Jazz,0021500768,2016-02-06,UTA @ PHX,W,5,0,0,,0,0,,0,0,,0,2,2,0,0,0,0,1,0,-6,2.4,1,2015-16
22015,2754,Tony Allen,1610612763,MEM,Memphis Grizzlies,0021500765,2016-02-06,MEM vs. DAL,L,17,0,0,,0,0,,0,0,,1,3,4,0,1,0,1,1,0,-12,6.8,1,2015-16
22015,200797,Ryan Hollins,1610612763,MEM,Memphis Grizzlies,0021500765,2016-02-06,MEM vs. DAL,L,9,1,1,1.0,0,0,,2,2,1.0,0,2,2,0,0,0,0,2,4,-5,6.4,1,2015-16
22015,201144,Mike Conley,1610612763,MEM,Memphis Grizzlies,0021500765,2016-02-06,MEM vs. DAL,L,34,6,12,0.5,2,5,0.4,2,4,0.5,0,4,4,7,0,0,2,3,16,2,29.3,1,2015-16
22015,101162,Marcin Gortat,1610612764,WAS,Washington Wizards,0021500761,2016-02-06,WAS @ CHA,L,35,4,9,0.444,0,0,,3,4,0.75,1,12,13,2,0,1,0,2,11,-13,32.6,1,2015-16
22015,202390,Gary Neal,1610612764,WAS,Washington Wizards,0021500761,2016-02-06,WAS @ CHA,L,15,1,7,0.143,0,3,0.0,0,0,,0,0,0,0,0,0,0,0,2,4,2.0,1,2015-16
22015,202389,Timofey Mozgov,1610612739,CLE,Cleveland Cavaliers,0021500763,2016-02-06,CLE vs. NOP,W,22,3,5,0.6,0,0,,0,0,,2,4,6,1,0,2,1,2,6,7,19.7,1,2015-16
22015,201583,Ryan Anderson,1610612740,NOP,New Orleans Pelicans,0021500763,2016-02-06,NOP @ CLE,L,27,2,11,0.182,0,5,0.0,2,2,1.0,1,3,4,2,0,0,1,0,6,-14,12.8,1,2015-16
22015,201950,Jrue Holiday,1610612740,NOP,New Orleans Pelicans,0021500763,2016-02-06,NOP @ CLE,L,28,5,18,0.278,1,4,0.25,1,2,0.5,2,3,5,4,2,0,0,1,12,-15,30.0,1,2015-16
22015,202087,Alonzo Gee,1610612740,NOP,New Orleans Pelicans,0021500763,2016-02-06,NOP @ CLE,L,17,1,4,0.25,0,2,0.0,1,2,0.5,2,2,4,0,1,0,0,2,3,-9,10.8,1,2015-16
22015,2200,Pau Gasol,1610612741,CHI,Chicago Bulls,0021500766,2016-02-06,CHI @ MIN,L,34,8,16,0.5,2,4,0.5,7,7,1.0,1,7,8,3,1,2,1,1,25,-8,47.1,1,2015-16
22015,2585,Zaza Pachulia,1610612742,DAL,Dallas Mavericks,0021500765,2016-02-06,DAL @ MEM,W,31,1,5,0.2,0,0,,2,3,0.667,2,4,6,2,2,0,1,5,4,1,19.2,1,2015-16
22015,101111,Charlie Villanueva,1610612742,DAL,Dallas Mavericks,0021500765,2016-02-06,DAL @ MEM,W,0,0,0,,0,0,,0,0,,0,0,0,0,0,0,0,0,0,0,0.0,1,2015-16
22015,202718,Chandler Parsons,1610612742,DAL,Dallas Mavericks,0021500765,2016-02-06,DAL @ MEM,W,41,10,15,0.667,5,8,0.625,1,2,0.5,1,7,8,4,1,0,1,0,26,2,43.6,1,2015-16
22015,1626147,Justin Anderson,1610612742,DAL,Dallas Mavericks,0021500765,2016-02-06,DAL @ MEM,W,13,2,5,0.4,1,3,0.333,1,2,0.5,0,4,4,0,0,0,0,1,6,6,10.8,1,2015-16
22015,101106,Andrew Bogut,1610612744,GSW,Golden State Warriors,0021500769,2016-02-06,GSW vs. OKC,W,20,1,3,0.333,0,0,,0,0,,2,4,6,1,0,2,1,4,2,-11,15.7,1,2015-16
22015,201935,James Harden,1610612745,HOU,Houston Rockets,0021500760,2016-02-06,HOU vs. POR,L,36,7,18,0.389,4,9,0.444,15,18,0.833,0,8,8,3,3,1,10,2,33,-15,49.1,1,2015-16
22015,201951,Ty Lawson,1610612745,HOU,Houston Rockets,0021500760,2016-02-06,HOU vs. POR,L,17,1,4,0.25,0,2,0.0,0,0,,0,0,0,0,1,0,2,1,2,-5,3.0,1,2015-16
22015,1889,Andre Miller,1610612750,MIN,Minnesota Timberwolves,0021500766,2016-02-06,MIN vs. CHI,W,16,2,4,0.5,0,1,0.0,0,0,,0,1,1,2,0,0,0,1,4,-2,8.2,1,2015-16
22015,203476,Gorgui Dieng,1610612750,MIN,Minnesota Timberwolves,0021500766,2016-02-06,MIN vs. CHI,W,41,10,13,0.769,0,1,0.0,4,4,1.0,5,8,13,7,0,1,1,4,24,10,52.1,1,2015-16
22015,203897,Zach LaVine,1610612750,MIN,Minnesota Timberwolves,0021500766,2016-02-06,MIN vs. CHI,W,36,5,16,0.313,1,4,0.25,2,2,1.0,0,1,1,3,2,0,1,0,13,0,23.7,1,2015-16
22015,203952,Andrew Wiggins,1610612750,MIN,Minnesota Timberwolves,0021500766,2016-02-06,MIN vs. CHI,W,33,8,17,0.471,0,1,0.0,5,6,0.833,1,1,2,2,0,0,1,0,21,9,25.4,1,2015-16
22015,201588,George Hill,1610612754,IND,Indiana Pacers,0021500762,2016-02-06,IND vs. DET,W,33,7,14,0.5,1,3,0.333,2,2,1.0,0,4,4,2,0,0,0,3,17,10,24.8,1,2015-16
22015,203141,Mirza Teletovic,1610612756,PHX,Phoenix Suns,0021500768,2016-02-06,PHX vs. UTA,L,20,5,9,0.556,3,5,0.6,2,4,0.5,0,2,2,0,0,1,1,1,15,-1,19.4,1,2015-16
22015,203458,Alex Len,1610612756,PHX,Phoenix Suns,0021500768,2016-02-06,PHX vs. UTA,L,15,2,6,0.333,0,0,,1,2,0.5,2,1,3,2,0,1,0,2,5,-13,14.6,1,2015-16
22015,1626164,Devin Booker,1610612756,PHX,Phoenix Suns,0021500768,2016-02-06,PHX vs. UTA,L,34,6,14,0.429,2,5,0.4,4,4,1.0,0,3,3,1,1,0,1,5,18,-12,25.1,1,2015-16
22015,201945,Gerald Henderson,1610612757,POR,Portland Trail Blazers,0021500760,2016-02-06,POR @ HOU,W,27,5,8,0.625,1,3,0.333,5,5,1.0,1,3,4,1,2,1,1,2,16,-1,30.3,1,2015-16
22015,204025,Tim Frazier,1610612757,POR,Portland Trail Blazers,0021500760,2016-02-06,POR @ HOU,W,15,1,2,0.5,0,0,,0,2,0.0,1,1,2,1,0,0,1,1,2,11,4.9,1,2015-16
22015,2225,Tony Parker,1610612759,SAS,San Antonio Spurs,0021500767,2016-02-06,SAS vs. LAL,W,26,7,13,0.538,0,0,,0,0,,0,2,2,4,1,0,3,2,14,10,22.4,1,2015-16
22015,201988,Patty Mills,1610612759,SAS,San Antonio Spurs,0021500767,2016-02-06,SAS vs. LAL,W,22,5,15,0.333,3,11,0.273,0,0,,0,3,3,4,0,0,1,2,13,-6,21.6,1,2015-16
22015,203937,Kyle Anderson,1610612759,SAS,San Antonio Spurs,0021500767,2016-02-06,SAS vs. LAL,W,9,0,1,0.0,0,0,,0,0,,0,2,2,1,0,0,1,0,0,1,2.9,1,2015-16
22015,201142,Kevin Durant,1610612760,OKC,Oklahoma City Thunder,0021500769,2016-02-06,OKC @ GSW,L,40,12,25,0.48,3,9,0.333,13,13,1.0,2,12,14,5,1,2,5,1,40,-3,68.3,1,2015-16
22015,204060,Joe Ingles,1610612762,UTA,Utah Jazz,0021500768,2016-02-06,UTA @ PHX,W,13,2,5,0.4,0,2,0.0,2,2,1.0,1,1,2,0,0,0,0,1,6,-6,8.4,1,2015-16
22015,2440,Matt Barnes,1610612763,MEM,Memphis Grizzlies,0021500765,2016-02-06,MEM vs. DAL,L,36,6,10,0.6,5,7,0.714,0,0,,0,11,11,5,0,1,2,4,17,3,38.7,1,2015-16
22015,202322,John Wall,1610612764,WAS,Washington Wizards,0021500761,2016-02-06,WAS @ CHA,L,40,7,17,0.412,2,4,0.5,7,8,0.875,0,6,6,10,2,0,2,3,23,-16,49.2,1,2015-16
22015,101141,Ersan Ilyasova,1610612765,DET,Detroit Pistons,0021500762,2016-02-06,DET @ IND,L,18,1,8,0.125,1,5,0.2,1,2,0.5,0,0,0,0,0,0,1,2,4,-18,3.0,1,2015-16
22015,202694,Marcus Morris Sr.,1610612765,DET,Detroit Pistons,0021500762,2016-02-06,DET @ IND,L,34,6,11,0.545,1,6,0.167,3,6,0.5,1,1,2,4,1,0,0,5,16,-20,27.4,1,2015-16
22015,202704,Reggie Jackson,1610612765,DET,Detroit Pistons,0021500762,2016-02-06,DET @ IND,L,32,10,15,0.667,3,4,0.75,3,4,0.75,0,3,3,2,0,0,1,3,26,-6,31.6,1,2015-16
22015,203382,Aron Baynes,1610612765,DET,Detroit Pistons,0021500762,2016-02-06,DET @ IND,L,11,1,5,0.2,0,0,,2,2,1.0,4,1,5,0,0,1,1,1,4,0,12.0,1,2015-16
22015,203493,Reggie Bullock Jr.,1610612765,DET,Detroit Pistons,0021500762,2016-02-06,DET @ IND,L,3,0,0,,0,0,,0,0,,0,0,0,0,0,0,0,0,0,0,0.0,1,2015-16
22015,202391,Jeremy Lin,1610612766,CHA,Charlotte Hornets,0021500761,2016-02-06,CHA vs. WAS,W,23,3,5,0.6,1,1,1.0,0,0,,0,0,0,1,0,0,2,3,7,4,6.5,1,2015-16
22015,203469,Cody Zeller,1610612766,CHA,Charlotte Hornets,0021500761,2016-02-06,CHA vs. WAS,W,30,3,6,0.5,0,0,,2,2,1.0,2,7,9,1,3,0,1,3,8,21,28.3,1,2015-16
22015,2210,Richard Jefferson,1610612739,CLE,Cleveland Cavaliers,0021500763,2016-02-06,CLE vs. NOP,W,10,1,4,0.25,1,3,0.333,0,0,,0,2,2,0,0,0,0,1,3,5,5.4,1,2015-16
22015,2747,JR Smith,1610612739,CLE,Cleveland Cavaliers,0021500763,2016-02-06,CLE vs. NOP,W,33,7,18,0.389,6,16,0.375,0,0,,0,4,4,3,1,0,0,1,20,20,32.3,1,2015-16
22015,202684,Tristan Thompson,1610612739,CLE,Cleveland Cavaliers,0021500763,2016-02-06,CLE vs. NOP,W,33,0,4,0.0,0,0,,0,0,,7,8,15,1,0,0,1,4,0,0,18.5,1,2015-16
22015,203099,Jared Cunningham,1610612739,CLE,Cleveland Cavaliers,0021500763,2016-02-06,CLE vs. NOP,W,1,0,0,,0,0,,0,0,,0,0,0,0,0,0,0,0,0,0,0.0,1,2015-16
22015,203076,Anthony Davis,1610612740,NOP,New Orleans Pelicans,0021500763,2016-02-06,NOP @ CLE,L,40,11,20,0.55,0,0,,2,4,0.5,4,7,11,0,0,2,2,3,24,-9,41.2,1,2015-16
22015,201565,Derrick Rose,1610612741,CHI,Chicago Bulls,0021500766,2016-02-06,CHI @ MIN,L,33,6,20,0.3,0,3,0.0,6,7,0.857,3,2,5,10,1,0,3,3,18,-3,39.0,1,2015-16
22015,203926,Doug McDermott,1610612741,CHI,Chicago Bulls,0021500766,2016-02-06,CHI @ MIN,L,26,3,8,0.375,0,3,0.0,2,2,1.0,0,3,3,0,0,0,0,1,8,0,11.6,1,2015-16
22015,1626171,Bobby Portis,1610612741,CHI,Chicago Bulls,0021500766,2016-02-06,CHI @ MIN,L,28,7,9,0.778,0,0,,1,1,1.0,1,2,3,0,1,1,0,3,15,-8,24.6,1,2015-16
22015,201580,JaVale McGee,1610612742,DAL,Dallas Mavericks,0021500765,2016-02-06,DAL @ MEM,W,7,0,1,0.0,0,0,,0,0,,0,1,1,1,0,0,0,0,0,-1,2.7,1,2015-16
22015,201939,Stephen Curry,1610612744,GSW,Golden State Warriors,0021500769,2016-02-06,GSW vs. OKC,W,38,10,26,0.385,1,9,0.111,5,5,1.0,1,5,6,10,3,0,3,2,26,3,54.2,1,2015-16
22015,203084,Harrison Barnes,1610612744,GSW,Golden State Warriors,0021500769,2016-02-06,GSW vs. OKC,W,36,8,14,0.571,3,6,0.5,0,2,0.0,2,2,4,0,0,0,0,4,19,-7,23.8,1,2015-16
22015,203110,Draymond Green,1610612744,GSW,Golden State Warriors,0021500769,2016-02-06,GSW vs. OKC,W,36,3,9,0.333,0,0,,3,6,0.5,6,9,15,6,0,0,1,5,9,9,35.0,1,2015-16
22015,1891,Jason Terry,1610612745,HOU,Houston Rockets,0021500760,2016-02-06,HOU vs. POR,L,4,0,1,0.0,0,0,,0,0,,0,0,0,1,0,0,0,2,0,-11,1.5,1,2015-16
22015,201977,Marcus Thornton,1610612745,HOU,Houston Rockets,0021500760,2016-02-06,HOU vs. POR,L,15,2,7,0.286,1,5,0.2,0,0,,0,1,1,0,1,0,0,0,5,4,9.2,1,2015-16
22015,203135,Robert Sacre,1610612747,LAL,Los Angeles Lakers,0021500767,2016-02-06,LAL @ SAS,L,13,0,2,0.0,0,0,,2,2,1.0,1,1,2,0,0,1,0,1,2,1,7.4,1,2015-16
22015,204028,Tarik Black,1610612747,LAL,Los Angeles Lakers,0021500767,2016-02-06,LAL @ SAS,L,17,2,4,0.5,0,0,,0,2,0.0,3,5,8,0,0,0,0,2,4,1,13.6,1,2015-16
22015,204014,Damjan Rudez,1610612750,MIN,Minnesota Timberwolves,0021500766,2016-02-06,MIN vs. CHI,W,14,0,2,0.0,0,2,0.0,0,0,,0,2,2,0,1,0,1,2,0,-1,4.4,1,2015-16
22015,201961,Wayne Ellington,1610612751,BKN,Brooklyn Nets,0021500764,2016-02-06,BKN @ PHI,L,24,4,9,0.444,1,4,0.25,2,2,1.0,0,2,2,0,0,0,1,2,11,-7,12.4,1,2015-16
22015,202388,Donald Sloan,1610612751,BKN,Brooklyn Nets,0021500764,2016-02-06,BKN @ PHI,L,22,1,3,0.333,0,0,,2,2,1.0,0,4,4,4,1,0,4,3,4,1,13.8,1,2015-16
22015,101133,Ian Mahinmi,1610612754,IND,Indiana Pacers,0021500762,2016-02-06,IND vs. DET,W,20,1,2,0.5,0,0,,2,4,0.5,1,2,3,0,0,0,1,5,4,1,6.6,1,2015-16
22015,202730,Lavoy Allen,1610612754,IND,Indiana Pacers,0021500762,2016-02-06,IND vs. DET,W,16,2,4,0.5,0,0,,1,2,0.5,1,5,6,0,0,0,1,1,5,6,11.2,1,2015-16
22015,2199,Tyson Chandler,1610612756,PHX,Phoenix Suns,0021500768,2016-02-06,PHX vs. UTA,L,25,4,7,0.571,0,0,,2,2,1.0,6,8,14,0,0,1,1,4,10,-5,28.8,1,2015-16
22015,202334,Ed Davis,1610612757,POR,Portland Trail Blazers,0021500760,2016-02-06,POR @ HOU,W,22,1,6,0.167,0,0,,1,1,1.0,3,6,9,0,1,0,0,2,3,6,16.8,1,2015-16
22015,203086,Meyers Leonard,1610612757,POR,Portland Trail Blazers,0021500760,2016-02-06,POR @ HOU,W,15,1,4,0.25,0,3,0.0,1,2,0.5,4,3,7,3,1,0,4,3,3,8,14.9,1,2015-16
22015,203090,Maurice Harkless,1610612757,POR,Portland Trail Blazers,0021500760,2016-02-06,POR @ HOU,W,30,6,13,0.462,2,5,0.4,0,2,0.0,4,2,6,1,2,1,0,5,14,2,31.7,1,2015-16
22015,203486,Mason Plumlee,1610612757,POR,Portland Trail Blazers,0021500760,2016-02-06,POR @ HOU,W,24,4,8,0.5,0,0,,2,2,1.0,1,7,8,1,1,2,4,3,10,8,26.1,1,2015-16
22015,2564,Boris Diaw,1610612759,SAS,San Antonio Spurs,0021500767,2016-02-06,SAS vs. LAL,W,23,1,3,0.333,1,1,1.0,1,2,0.5,0,1,1,3,0,1,0,1,4,1,12.7,1,2015-16
22015,202683,Enes Freedom,1610612760,OKC,Oklahoma City Thunder,0021500769,2016-02-06,OKC @ GSW,L,20,7,10,0.7,0,0,,0,1,0.0,4,11,15,1,0,0,1,2,14,0,32.5,1,2015-16
22015,1626166,Cameron Payne,1610612760,OKC,Oklahoma City Thunder,0021500769,2016-02-06,OKC @ GSW,L,12,1,7,0.143,1,3,0.333,0,0,,0,2,2,1,1,1,1,2,3,-2,11.9,1,2015-16
22015,203187,Chris Johnson,1610612762,UTA,Utah Jazz,0021500768,2016-02-06,UTA @ PHX,W,11,0,1,0.0,0,1,0.0,0,0,,0,0,0,1,1,1,1,3,0,1,6.5,1,2015-16
22015,201196,Ramon Sessions,1610612764,WAS,Washington Wizards,0021500761,2016-02-06,WAS @ CHA,L,23,3,10,0.3,0,3,0.0,2,2,1.0,1,4,5,3,0,1,2,1,8,7,19.5,1,2015-16
22015,201943,Brandon Jennings,1610612765,DET,Detroit Pistons,0021500762,2016-02-06,DET @ IND,L,16,2,5,0.4,0,2,0.0,0,0,,0,0,0,2,1,0,1,2,4,-2,9.0,1,2015-16
22015,101107,Marvin Williams,1610612766,CHA,Charlotte Hornets,0021500761,2016-02-06,CHA vs. WAS,W,29,5,6,0.833,2,3,0.667,1,2,0.5,2,8,10,1,0,0,0,2,13,-1,26.5,1,2015-16
22015,201150,Spencer Hawes,1610612766,CHA,Charlotte Hornets,0021500761,2016-02-06,CHA vs. WAS,W,18,4,6,0.667,1,1,1.0,5,6,0.833,2,2,4,0,0,2,1,3,14,-17,23.8,1,2015-16
22015,201587,Nicolas Batum,1610612766,CHA,Charlotte Hornets,0021500761,2016-02-06,CHA vs. WAS,W,44,9,20,0.45,3,9,0.333,5,6,0.833,1,10,11,9,1,1,6,2,26,-1,52.7,1,2015-16
22015,203077,Michael Kidd-Gilchrist,1610612766,CHA,Charlotte Hornets,0021500761,2016-02-06,CHA vs. WAS,W,27,3,7,0.429,0,2,0.0,3,4,0.75,0,0,0,2,1,0,2,3,9,6,13.0,1,2015-16
22015,202734,E'Twaun Moore,1610612741,CHI,Chicago Bulls,0021500766,2016-02-06,CHI @ MIN,L,38,7,13,0.538,3,6,0.5,0,0,,0,2,2,7,0,0,0,2,17,-11,29.9,1,2015-16
22015,203939,Dwight Powell,1610612742,DAL,Dallas Mavericks,0021500765,2016-02-06,DAL @ MEM,W,14,3,3,1.0,0,0,,4,4,1.0,3,2,5,0,1,0,1,2,10,8,18.0,1,2015-16
22015,1626257,Salah Mejri,1610612742,DAL,Dallas Mavericks,0021500765,2016-02-06,DAL @ MEM,W,4,0,0,,0,0,,0,0,,0,2,2,0,0,0,1,0,0,0,1.4,1,2015-16
22015,201575,Brandon Rush,1610612744,GSW,Golden State Warriors,0021500769,2016-02-06,GSW vs. OKC,W,1,0,1,0.0,0,1,0.0,0,0,,0,0,0,0,0,0,0,0,0,0,0.0,1,2015-16
22015,201156,Nick Young,1610612747,LAL,Los Angeles Lakers,0021500767,2016-02-06,LAL @ SAS,L,16,1,4,0.25,1,3,0.333,0,0,,0,1,1,1,0,0,0,0,3,-3,5.7,1,2015-16
22015,201152,Thaddeus Young,1610612751,BKN,Brooklyn Nets,0021500764,2016-02-06,BKN @ PHI,L,39,10,15,0.667,0,0,,2,4,0.5,1,9,10,3,1,1,5,1,22,-7,39.5,1,2015-16
22015,101145,Monta Ellis,1610612754,IND,Indiana Pacers,0021500762,2016-02-06,IND vs. DET,W,33,3,7,0.429,0,1,0.0,2,2,1.0,0,5,5,5,2,0,2,1,8,3,25.5,1,2015-16
22015,203960,JaKarr Sampson,1610612755,PHI,Philadelphia 76ers,0021500764,2016-02-06,PHI vs. BKN,W,3,0,2,0.0,0,2,0.0,0,0,,0,0,0,0,0,0,1,0,0,-4,-1.0,1,2015-16
22015,202695,Kawhi Leonard,1610612759,SAS,San Antonio Spurs,0021500767,2016-02-06,SAS vs. LAL,W,34,4,13,0.308,0,3,0.0,12,15,0.8,5,8,13,3,1,0,1,3,20,2,42.1,1,2015-16
22015,201566,Russell Westbrook,1610612760,OKC,Oklahoma City Thunder,0021500769,2016-02-06,OKC @ GSW,L,37,8,22,0.364,2,4,0.5,9,9,1.0,2,1,3,12,3,0,3,4,27,-5,54.6,1,2015-16
22015,203500,Steven Adams,1610612760,OKC,Oklahoma City Thunder,0021500769,2016-02-06,OKC @ GSW,L,33,4,7,0.571,0,0,,4,7,0.571,3,5,8,1,1,2,4,3,12,-13,28.1,1,2015-16
22015,203475,Erick Green,1610612762,UTA,Utah Jazz,0021500768,2016-02-06,UTA @ PHX,W,9,0,2,0.0,0,0,,0,0,,1,1,2,1,0,0,0,1,0,-6,3.9,1,2015-16
22015,1626169,Stanley Johnson,1610612765,DET,Detroit Pistons,0021500762,2016-02-06,DET @ IND,L,38,6,13,0.462,0,3,0.0,2,2,1.0,2,8,10,3,1,0,2,6,14,-8,31.5,1,2015-16
22015,1626199,Darrun Hilliard,1610612765,DET,Detroit Pistons,0021500762,2016-02-06,DET @ IND,L,21,3,6,0.5,2,4,0.5,1,3,0.333,0,1,1,1,0,0,1,4,9,10,10.7,1,2015-16
22015,101161,Amir Johnson,1610612738,BOS,Boston Celtics,0021500773,2016-02-07,BOS vs. SAC,W,19,4,6,0.667,0,0,,0,0,,5,4,9,4,2,0,2,2,8,13,28.8,1,2015-16
22015,203109,Jae Crowder,1610612738,BOS,Boston Celtics,0021500773,2016-02-07,BOS vs. SAC,W,31,3,7,0.429,0,2,0.0,0,0,,0,4,4,3,2,0,3,1,6,11,18.3,1,2015-16
22015,203482,Kelly Olynyk,1610612738,BOS,Boston Celtics,0021500773,2016-02-07,BOS vs. SAC,W,17,4,6,0.667,2,4,0.5,0,0,,1,3,4,0,0,0,2,0,10,-12,12.8,1,2015-16
22015,200751,Randy Foye,1610612743,DEN,Denver Nuggets,0021500770,2016-02-07,DEN @ NYK,W,17,1,2,0.5,0,1,0.0,0,0,,0,2,2,1,1,0,1,2,2,8,7.9,1,2015-16
22015,201568,Danilo Gallinari,1610612743,DEN,Denver Nuggets,0021500770,2016-02-07,DEN @ NYK,W,37,4,13,0.308,2,7,0.286,9,10,0.9,0,4,4,1,1,0,0,3,19,4,28.3,1,2015-16
22015,101108,Chris Paul,1610612746,LAC,LA Clippers,0021500772,2016-02-07,LAC @ MIA,W,34,8,23,0.348,2,6,0.333,4,4,1.0,0,2,2,7,1,0,1,2,22,7,36.9,1,2015-16
22015,200755,JJ Redick,1610612746,LAC,LA Clippers,0021500772,2016-02-07,LAC @ MIA,W,32,5,11,0.455,1,2,0.5,3,3,1.0,0,1,1,1,2,0,2,3,14,7,20.7,1,2015-16
22015,202332,Cole Aldrich,1610612746,LAC,LA Clippers,0021500772,2016-02-07,LAC @ MIA,W,13,2,3,0.667,0,0,,1,5,0.2,3,8,11,1,0,2,1,2,5,2,24.7,1,2015-16
22015,2405,Amar'e Stoudemire,1610612748,MIA,Miami Heat,0021500772,2016-02-07,MIA vs. LAC,L,16,1,2,0.5,0,0,,0,0,,1,7,8,1,0,0,1,1,2,-1,12.1,1,2015-16
22015,2547,Chris Bosh,1610612748,MIA,Miami Heat,0021500772,2016-02-07,MIA vs. LAC,L,32,5,17,0.294,3,5,0.6,4,7,0.571,1,4,5,2,0,0,2,4,17,-10,24.0,1,2015-16
22015,2736,Luol Deng,1610612748,MIA,Miami Heat,0021500772,2016-02-07,MIA vs. LAC,L,40,5,9,0.556,1,2,0.5,4,5,0.8,4,4,8,1,0,0,0,3,15,-5,26.1,1,2015-16
22015,2546,Carmelo Anthony,1610612752,NYK,New York Knicks,0021500770,2016-02-07,NYK vs. DEN,L,35,7,19,0.368,0,3,0.0,7,8,0.875,1,5,6,7,0,0,3,4,21,-12,35.7,1,2015-16
22015,201577,Robin Lopez,1610612752,NYK,New York Knicks,0021500770,2016-02-07,NYK vs. DEN,L,30,2,7,0.286,0,0,,1,2,0.5,2,3,5,0,0,3,0,4,5,-2,20.0,1,2015-16
22015,203506,Victor Oladipo,1610612753,ORL,Orlando Magic,0021500771,2016-02-07,ORL vs. ATL,W,44,9,13,0.692,1,3,0.333,0,0,,1,4,5,3,1,1,3,0,19,6,32.5,1,2015-16
22015,201158,Marco Belinelli,1610612758,SAC,Sacramento Kings,0021500773,2016-02-07,SAC @ BOS,L,38,7,17,0.412,2,8,0.25,0,0,,0,4,4,2,1,0,1,3,16,-11,25.8,1,2015-16
22015,201585,Kosta Koufos,1610612758,SAC,Sacramento Kings,0021500773,2016-02-07,SAC @ BOS,L,21,3,4,0.75,0,0,,3,4,0.75,1,2,3,2,3,1,0,1,9,6,27.6,1,2015-16
22015,202326,DeMarcus Cousins,1610612758,SAC,Sacramento Kings,0021500773,2016-02-07,SAC @ BOS,L,36,11,25,0.44,3,6,0.5,6,8,0.75,0,7,7,6,0,0,5,4,31,-14,43.4,1,2015-16
22015,1626161,Willie Cauley-Stein,1610612758,SAC,Sacramento Kings,0021500773,2016-02-07,SAC @ BOS,L,23,7,9,0.778,0,0,,1,1,1.0,3,1,4,0,1,1,1,4,15,-15,24.8,1,2015-16
22015,203488,Mike Muscala,1610612737,ATL,Atlanta Hawks,0021500771,2016-02-07,ATL @ ORL,L,11,0,2,0.0,0,1,0.0,0,0,,2,2,4,1,0,0,1,2,0,-10,5.3,1,2015-16
22015,203501,Tim Hardaway Jr.,1610612737,ATL,Atlanta Hawks,0021500771,2016-02-07,ATL @ ORL,L,11,0,1,0.0,0,0,,0,0,,0,0,0,1,0,0,0,0,0,0,1.5,1,2015-16
22015,201973,Jonas Jerebko,1610612738,BOS,Boston Celtics,0021500773,2016-02-07,BOS vs. SAC,W,10,0,0,,0,0,,0,0,,1,2,3,0,0,1,2,1,0,-7,4.6,1,2015-16
22015,202340,Avery Bradley,1610612738,BOS,Boston Celtics,0021500773,2016-02-07,BOS vs. SAC,W,34,9,16,0.563,6,7,0.857,1,2,0.5,1,2,3,3,0,0,1,0,25,16,32.1,1,2015-16
22015,203935,Marcus Smart,1610612738,BOS,Boston Celtics,0021500773,2016-02-07,BOS vs. SAC,W,29,3,9,0.333,2,6,0.333,0,0,,0,5,5,4,0,0,2,3,8,1,18.0,1,2015-16
22015,201601,Luc Mbah a Moute,1610612746,LAC,LA Clippers,0021500772,2016-02-07,LAC @ MIA,W,20,0,1,0.0,0,0,,2,2,1.0,0,3,3,0,1,0,0,1,2,3,8.6,1,2015-16
22015,202355,Hassan Whiteside,1610612748,MIA,Miami Heat,0021500772,2016-02-07,MIA vs. LAC,L,17,3,5,0.6,0,0,,4,6,0.667,2,8,10,0,0,0,0,2,10,-5,22.0,1,2015-16
22015,200811,Lou Amundson,1610612752,NYK,New York Knicks,0021500770,2016-02-07,NYK vs. DEN,L,2,1,1,1.0,0,0,,0,2,0.0,1,0,1,0,0,0,0,0,2,-5,3.2,1,2015-16
22015,203124,Kyle O'Quinn,1610612752,NYK,New York Knicks,0021500770,2016-02-07,NYK vs. DEN,L,4,1,3,0.333,0,0,,0,0,,1,1,2,0,0,1,1,0,2,-1,6.4,1,2015-16
22015,204038,Langston Galloway,1610612752,NYK,New York Knicks,0021500770,2016-02-07,NYK vs. DEN,L,21,2,6,0.333,2,5,0.4,0,0,,1,2,3,0,0,0,1,2,6,-7,8.6,1,2015-16
22015,101112,Channing Frye,1610612753,ORL,Orlando Magic,0021500771,2016-02-07,ORL vs. ATL,W,14,2,5,0.4,1,3,0.333,0,0,,1,2,3,0,0,1,0,1,5,-8,11.6,1,2015-16
22015,203095,Evan Fournier,1610612753,ORL,Orlando Magic,0021500771,2016-02-07,ORL vs. ATL,W,43,7,14,0.5,3,5,0.6,4,4,1.0,0,5,5,1,2,0,3,2,21,10,31.5,1,2015-16
22015,2594,Kyle Korver,1610612737,ATL,Atlanta Hawks,0021500771,2016-02-07,ATL @ ORL,L,35,4,10,0.4,2,5,0.4,0,0,,1,5,6,2,2,1,2,2,10,-4,27.2,1,2015-16
22015,201952,Jeff Teague,1610612737,ATL,Atlanta Hawks,0021500771,2016-02-07,ATL @ ORL,L,35,10,18,0.556,3,6,0.5,1,1,1.0,0,1,1,5,1,0,5,1,24,-4,30.7,1,2015-16
22015,202323,Evan Turner,1610612738,BOS,Boston Celtics,0021500773,2016-02-07,BOS vs. SAC,W,27,4,8,0.5,0,0,,3,3,1.0,0,4,4,9,0,1,4,2,11,-4,28.3,1,2015-16
22015,203096,Jared Sullinger,1610612738,BOS,Boston Celtics,0021500773,2016-02-07,BOS vs. SAC,W,23,10,13,0.769,1,1,1.0,0,0,,2,4,6,1,3,0,3,3,21,10,35.7,1,2015-16
22015,202702,Kenneth Faried,1610612743,DEN,Denver Nuggets,0021500770,2016-02-07,DEN @ NYK,W,26,7,10,0.7,0,0,,0,0,,3,3,6,0,0,1,1,1,14,-8,23.2,1,2015-16
22015,203115,Will Barton,1610612743,DEN,Denver Nuggets,0021500770,2016-02-07,DEN @ NYK,W,29,7,12,0.583,0,1,0.0,5,6,0.833,0,11,11,5,1,1,0,2,19,11,45.7,1,2015-16
22015,203530,Joffrey Lauvergne,1610612743,DEN,Denver Nuggets,0021500770,2016-02-07,DEN @ NYK,W,29,5,11,0.455,0,3,0.0,2,2,1.0,4,6,10,1,0,1,3,5,12,12,25.5,1,2015-16
22015,202325,Wesley Johnson,1610612746,LAC,LA Clippers,0021500772,2016-02-07,LAC @ MIA,W,18,4,5,0.8,2,3,0.667,0,0,,1,6,7,0,2,0,0,5,10,3,24.4,1,2015-16
22015,203143,Pablo Prigioni,1610612746,LAC,LA Clippers,0021500772,2016-02-07,LAC @ MIA,W,14,1,3,0.333,0,2,0.0,0,0,,1,0,1,2,1,0,0,2,2,0,9.2,1,2015-16
22015,2756,Sasha Vujacic,1610612752,NYK,New York Knicks,0021500770,2016-02-07,NYK vs. DEN,L,10,1,4,0.25,1,3,0.333,0,0,,0,1,1,0,0,0,0,1,3,5,4.2,1,2015-16
22015,201167,Arron Afflalo,1610612752,NYK,New York Knicks,0021500770,2016-02-07,NYK vs. DEN,L,40,6,8,0.75,1,1,1.0,2,2,1.0,0,6,6,3,1,0,0,4,15,-8,29.7,1,2015-16
22015,202338,Kevin Seraphin,1610612752,NYK,New York Knicks,0021500770,2016-02-07,NYK vs. DEN,L,10,1,2,0.5,0,0,,0,0,,1,1,2,1,0,0,0,1,2,-4,5.9,1,2015-16
22015,202682,Derrick Williams,1610612752,NYK,New York Knicks,0021500770,2016-02-07,NYK vs. DEN,L,13,1,4,0.25,0,2,0.0,4,6,0.667,0,3,3,0,0,0,1,0,6,-1,8.6,1,2015-16
22015,1626170,Jerian Grant,1610612752,NYK,New York Knicks,0021500770,2016-02-07,NYK vs. DEN,L,11,1,1,1.0,0,0,,0,0,,0,0,0,3,1,0,1,1,2,-1,8.5,1,2015-16
22015,202696,Nikola Vučević,1610612753,ORL,Orlando Magic,0021500771,2016-02-07,ORL vs. ATL,W,35,11,19,0.579,0,0,,0,0,,1,8,9,2,2,0,6,2,22,14,35.8,1,2015-16
22015,203894,Shabazz Napier,1610612753,ORL,Orlando Magic,0021500771,2016-02-07,ORL vs. ATL,W,10,0,2,0.0,0,1,0.0,0,0,,0,1,1,0,1,0,0,1,0,-5,4.2,1,2015-16
22015,1626209,Mario Hezonja,1610612753,ORL,Orlando Magic,0021500771,2016-02-07,ORL vs. ATL,W,14,0,5,0.0,0,5,0.0,0,0,,0,1,1,2,0,1,3,1,0,-11,4.2,1,2015-16
22015,202341,James Anderson,1610612758,SAC,Sacramento Kings,0021500773,2016-02-07,SAC @ BOS,L,18,1,2,0.5,0,0,,0,0,,0,2,2,0,0,2,1,0,2,-14,9.4,1,2015-16
22015,203112,Quincy Acy,1610612758,SAC,Sacramento Kings,0021500773,2016-02-07,SAC @ BOS,L,3,0,0,,0,0,,0,0,,1,0,1,0,0,0,0,0,0,-2,1.2,1,2015-16
22015,200757,Thabo Sefolosha,1610612737,ATL,Atlanta Hawks,0021500771,2016-02-07,ATL @ ORL,L,18,2,5,0.4,2,3,0.667,0,2,0.0,0,4,4,1,0,1,1,0,6,-4,14.3,1,2015-16
22015,200794,Paul Millsap,1610612737,ATL,Atlanta Hawks,0021500771,2016-02-07,ATL @ ORL,L,34,5,14,0.357,1,2,0.5,3,4,0.75,4,5,9,2,2,2,0,3,14,-7,39.8,1,2015-16
22015,203118,Mike Scott,1610612737,ATL,Atlanta Hawks,0021500771,2016-02-07,ATL @ ORL,L,15,0,2,0.0,0,0,,0,0,,3,5,8,2,0,1,1,0,0,9,14.6,1,2015-16
22015,203471,Dennis Schröder,1610612737,ATL,Atlanta Hawks,0021500771,2016-02-07,ATL @ ORL,L,13,1,7,0.143,1,2,0.5,3,4,0.75,0,4,4,1,0,0,2,1,6,2,10.3,1,2015-16
22015,202738,Isaiah Thomas,1610612738,BOS,Boston Celtics,0021500773,2016-02-07,BOS vs. SAC,W,28,8,18,0.444,2,4,0.5,4,5,0.8,2,2,4,9,2,1,1,4,22,11,48.3,1,2015-16
22015,2034,Mike Miller,1610612743,DEN,Denver Nuggets,0021500770,2016-02-07,DEN @ NYK,W,5,0,0,,0,0,,0,0,,0,0,0,0,0,0,0,1,0,-1,0.0,1,2015-16
22015,1718,Paul Pierce,1610612746,LAC,LA Clippers,0021500772,2016-02-07,LAC @ MIA,W,22,3,7,0.429,1,4,0.25,0,0,,0,4,4,0,0,0,0,2,7,4,11.8,1,2015-16
22015,2037,Jamal Crawford,1610612746,LAC,LA Clippers,0021500772,2016-02-07,LAC @ MIA,W,34,7,19,0.368,2,7,0.286,4,5,0.8,0,1,1,2,0,0,1,1,20,8,23.2,1,2015-16
22015,201599,DeAndre Jordan,1610612746,LAC,LA Clippers,0021500772,2016-02-07,LAC @ MIA,W,35,3,4,0.75,0,0,,3,14,0.214,2,9,11,3,0,3,0,3,9,5,35.7,1,2015-16
22015,2757,Beno Udrih,1610612748,MIA,Miami Heat,0021500772,2016-02-07,MIA vs. LAC,L,13,2,4,0.5,0,0,,2,2,1.0,1,0,1,2,0,0,1,1,6,2,9.2,1,2015-16
22015,101123,Gerald Green,1610612748,MIA,Miami Heat,0021500772,2016-02-07,MIA vs. LAC,L,29,3,8,0.375,0,3,0.0,1,2,0.5,1,2,3,0,1,0,1,1,7,-7,12.6,1,2015-16
22015,201609,Goran Dragic,1610612748,MIA,Miami Heat,0021500772,2016-02-07,MIA vs. LAC,L,35,7,13,0.538,3,5,0.6,0,0,,1,4,5,5,0,0,4,3,17,-9,26.5,1,2015-16
22015,101181,Jose Calderon,1610612752,NYK,New York Knicks,0021500770,2016-02-07,NYK vs. DEN,L,30,4,6,0.667,3,5,0.6,0,0,,0,4,4,3,0,0,1,5,11,4,19.3,1,2015-16
22015,201160,Jason Smith,1610612753,ORL,Orlando Magic,0021500771,2016-02-07,ORL vs. ATL,W,13,2,6,0.333,0,1,0.0,2,2,1.0,0,2,2,0,0,2,0,1,6,-12,14.4,1,2015-16
22015,203901,Elfrid Payton,1610612753,ORL,Orlando Magic,0021500771,2016-02-07,ORL vs. ATL,W,33,5,10,0.5,2,4,0.5,0,0,,0,4,4,12,1,1,3,3,12,6,37.8,1,2015-16
22015,200765,Rajon Rondo,1610612758,SAC,Sacramento Kings,0021500773,2016-02-07,SAC @ BOS,L,39,5,10,0.5,1,1,1.0,3,4,0.75,1,4,5,15,6,0,4,3,14,-7,56.5,1,2015-16
22015,201956,Omri Casspi,1610612758,SAC,Sacramento Kings,0021500773,2016-02-07,SAC @ BOS,L,29,6,16,0.375,1,6,0.167,0,0,,0,4,4,3,1,0,1,2,13,0,24.3,1,2015-16
22015,201143,Al Horford,1610612737,ATL,Atlanta Hawks,0021500771,2016-02-07,ATL @ ORL,L,35,5,14,0.357,1,3,0.333,0,0,,2,4,6,6,0,2,0,1,11,1,33.2,1,2015-16
22015,203145,Kent Bazemore,1610612737,ATL,Atlanta Hawks,0021500771,2016-02-07,ATL @ ORL,L,33,8,18,0.444,3,6,0.5,4,4,1.0,6,2,8,1,2,0,4,3,23,7,36.1,1,2015-16
22015,203092,Tyler Zeller,1610612738,BOS,Boston Celtics,0021500773,2016-02-07,BOS vs. SAC,W,22,6,8,0.75,0,0,,5,5,1.0,0,7,7,1,0,2,4,3,17,6,28.9,1,2015-16
22015,203914,Gary Harris,1610612743,DEN,Denver Nuggets,0021500770,2016-02-07,DEN @ NYK,W,40,2,9,0.222,0,2,0.0,0,0,,1,3,4,3,1,0,0,1,4,2,16.3,1,2015-16
22015,203994,Jusuf Nurkić,1610612743,DEN,Denver Nuggets,0021500770,2016-02-07,DEN @ NYK,W,7,1,2,0.5,0,0,,1,2,0.5,0,1,1,0,1,0,1,1,3,7,6.2,1,2015-16
22015,1626144,Emmanuel Mudiay,1610612743,DEN,Denver Nuggets,0021500770,2016-02-07,DEN @ NYK,W,32,6,18,0.333,2,6,0.333,1,4,0.25,0,4,4,9,0,0,0,0,15,-6,33.3,1,2015-16
22015,202362,Lance Stephenson,1610612746,LAC,LA Clippers,0021500772,2016-02-07,LAC @ MIA,W,18,4,5,0.8,1,1,1.0,0,0,,0,1,1,1,1,0,1,4,9,-4,13.7,1,2015-16
22015,2548,Dwyane Wade,1610612748,MIA,Miami Heat,0021500772,2016-02-07,MIA vs. LAC,L,32,7,20,0.35,0,0,,3,5,0.6,1,2,3,3,1,0,4,3,17,-2,24.1,1,2015-16
22015,1626159,Justise Winslow,1610612748,MIA,Miami Heat,0021500772,2016-02-07,MIA vs. LAC,L,27,0,5,0.0,0,2,0.0,2,2,1.0,1,9,10,0,0,0,0,3,2,2,14.0,1,2015-16
22015,203932,Aaron Gordon,1610612753,ORL,Orlando Magic,0021500771,2016-02-07,ORL vs. ATL,W,34,3,11,0.273,0,3,0.0,5,6,0.833,5,8,13,4,2,4,0,2,11,10,50.6,1,2015-16
22015,201954,Darren Collison,1610612758,SAC,Sacramento Kings,0021500773,2016-02-07,SAC @ BOS,L,28,6,11,0.545,2,4,0.5,2,2,1.0,1,1,2,4,2,0,1,0,16,16,29.4,1,2015-16
22015,203999,Nikola Jokić,1610612743,DEN,Denver Nuggets,0021500770,2016-02-07,DEN @ NYK,W,19,4,9,0.444,1,1,1.0,4,4,1.0,3,3,6,0,1,0,1,3,13,-4,22.2,1,2015-16
22015,204001,Kristaps Porziņģis,1610612752,NYK,New York Knicks,0021500770,2016-02-07,NYK vs. DEN,L,35,10,23,0.435,1,3,0.333,0,0,,3,10,13,2,0,2,2,2,21,7,43.6,1,2015-16
22015,203552,Seth Curry,1610612758,SAC,Sacramento Kings,0021500773,2016-02-07,SAC @ BOS,L,4,1,1,1.0,1,1,1.0,0,0,,0,0,0,0,1,1,0,1,3,-4,9.0,1,2015-16
22015,203488,Mike Muscala,1610612737,ATL,Atlanta Hawks,0021500780,2016-02-08,ATL vs. ORL,L,14,1,2,0.5,0,0,,2,2,1.0,2,0,2,3,0,0,0,1,4,1,10.9,1,2015-16
22015,201619,Sasha Kaun,1610612739,CLE,Cleveland Cavaliers,0021500775,2016-02-08,CLE vs. SAC,W,3,0,0,,0,0,,1,2,0.5,0,1,1,0,0,0,0,1,1,-4,2.2,1,2015-16
22015,203099,Jared Cunningham,1610612739,CLE,Cleveland Cavaliers,0021500775,2016-02-08,CLE vs. SAC,W,3,0,1,0.0,0,1,0.0,0,0,,0,0,0,0,1,0,2,0,0,-4,1.0,1,2015-16
22015,201600,Omer Asik,1610612740,NOP,New Orleans Pelicans,0021500782,2016-02-08,NOP @ MIN,W,17,2,3,0.667,0,0,,0,2,0.0,4,4,8,0,0,0,0,1,4,-1,13.6,1,2015-16
22015,201962,Toney Douglas,1610612740,NOP,New Orleans Pelicans,0021500782,2016-02-08,NOP @ MIN,W,16,1,5,0.2,1,4,0.25,1,2,0.5,0,2,2,2,0,0,0,1,4,-3,9.4,1,2015-16
22015,202337,Luke Babbitt,1610612740,NOP,New Orleans Pelicans,0021500782,2016-02-08,NOP @ MIN,W,15,3,6,0.5,2,4,0.5,0,0,,0,0,0,0,0,0,0,1,8,10,8.0,1,2015-16
22015,2200,Pau Gasol,1610612741,CHI,Chicago Bulls,0021500774,2016-02-08,CHI @ CHA,L,33,8,13,0.615,3,5,0.6,3,3,1.0,2,8,10,7,2,3,1,0,22,-22,58.5,1,2015-16
22015,2034,Mike Miller,1610612743,DEN,Denver Nuggets,0021500778,2016-02-08,DEN @ BKN,L,6,0,2,0.0,0,1,0.0,0,0,,0,1,1,0,0,0,1,2,0,-10,0.2,1,2015-16
22015,200751,Randy Foye,1610612743,DEN,Denver Nuggets,0021500778,2016-02-08,DEN @ BKN,L,31,4,11,0.364,3,7,0.429,0,0,,0,3,3,2,0,0,1,3,11,-2,16.6,1,2015-16
22015,200755,JJ Redick,1610612746,LAC,LA Clippers,0021500777,2016-02-08,LAC @ PHI,W,39,7,18,0.389,3,8,0.375,6,7,0.857,0,2,2,2,0,0,3,4,23,2,25.4,1,2015-16
22015,203135,Robert Sacre,1610612747,LAL,Los Angeles Lakers,0021500776,2016-02-08,LAL @ IND,L,15,0,2,0.0,0,0,,0,0,,0,0,0,0,0,0,1,4,0,-15,-1.0,1,2015-16
22015,203903,Jordan Clarkson,1610612747,LAL,Los Angeles Lakers,0021500776,2016-02-08,LAL @ IND,L,33,4,12,0.333,0,2,0.0,2,2,1.0,1,2,3,2,2,0,1,6,10,-3,21.6,1,2015-16
22015,203900,Markel Brown,1610612751,BKN,Brooklyn Nets,0021500778,2016-02-08,BKN vs. DEN,W,24,6,10,0.6,2,4,0.5,5,6,0.833,1,3,4,2,0,0,2,1,19,0,24.8,1,2015-16
22015,1626191,Chris McCullough,1610612751,BKN,Brooklyn Nets,0021500778,2016-02-08,BKN vs. DEN,W,11,1,3,0.333,0,0,,0,0,,1,1,2,0,1,1,1,3,2,-2,9.4,1,2015-16
22015,203095,Evan Fournier,1610612753,ORL,Orlando Magic,0021500780,2016-02-08,ORL @ ATL,W,42,6,11,0.545,3,7,0.429,1,1,1.0,0,3,3,4,3,0,2,4,16,-1,32.6,1,2015-16
22015,203901,Elfrid Payton,1610612753,ORL,Orlando Magic,0021500780,2016-02-08,ORL @ ATL,W,41,8,15,0.533,2,4,0.5,2,4,0.5,0,4,4,7,3,1,2,2,20,8,45.3,1,2015-16
22015,1626209,Mario Hezonja,1610612753,ORL,Orlando Magic,0021500780,2016-02-08,ORL @ ATL,W,32,6,14,0.429,2,8,0.25,0,0,,0,9,9,3,0,0,3,2,14,21,26.3,1,2015-16
22015,101139,CJ Miles,1610612754,IND,Indiana Pacers,0021500776,2016-02-08,IND vs. LAL,W,16,1,7,0.143,0,4,0.0,1,2,0.5,1,3,4,0,0,0,0,2,3,-11,7.8,1,2015-16
22015,201588,George Hill,1610612754,IND,Indiana Pacers,0021500776,2016-02-08,IND vs. LAL,W,35,5,11,0.455,2,6,0.333,3,4,0.75,0,1,1,6,3,0,2,1,15,6,32.2,1,2015-16
22015,201941,Jordan Hill,1610612754,IND,Indiana Pacers,0021500776,2016-02-08,IND vs. LAL,W,21,4,8,0.5,0,0,,1,2,0.5,2,7,9,1,0,1,1,2,9,-11,23.3,1,2015-16
22015,1626202,Joe Young,1610612754,IND,Indiana Pacers,0021500776,2016-02-08,IND vs. LAL,W,13,1,6,0.167,0,2,0.0,0,0,,0,0,0,0,0,0,1,1,2,-4,1.0,1,2015-16
22015,203924,Jerami Grant,1610612755,PHI,Philadelphia 76ers,0021500777,2016-02-08,PHI vs. LAC,L,33,6,7,0.857,0,1,0.0,5,7,0.714,4,7,11,2,0,1,1,5,17,-7,35.2,1,2015-16
22015,204456,T.J. McConnell,1610612755,PHI,Philadelphia 76ers,0021500777,2016-02-08,PHI vs. LAC,L,20,2,9,0.222,0,1,0.0,0,0,,1,2,3,4,0,0,3,2,4,-18,10.6,1,2015-16
22015,200782,P.J. Tucker,1610612756,PHX,Phoenix Suns,0021500783,2016-02-08,PHX vs. OKC,L,46,7,10,0.7,0,1,0.0,2,2,1.0,3,2,5,2,5,0,2,6,16,-11,38.0,1,2015-16
22015,201603,Sonny Weems,1610612756,PHX,Phoenix Suns,0021500783,2016-02-08,PHX vs. OKC,L,20,0,2,0.0,0,0,,0,0,,0,2,2,3,0,0,1,4,0,-13,5.9,1,2015-16
22015,202693,Markieff Morris,1610612756,PHX,Phoenix Suns,0021500783,2016-02-08,PHX vs. OKC,L,32,7,14,0.5,0,1,0.0,9,13,0.692,2,5,7,3,2,1,6,3,23,-10,38.9,1,2015-16
22015,201945,Gerald Henderson,1610612757,POR,Portland Trail Blazers,0021500781,2016-02-08,POR @ MEM,W,35,7,12,0.583,2,3,0.667,0,0,,1,2,3,1,1,0,1,2,16,13,23.1,1,2015-16
22015,202329,Al-Farouq Aminu,1610612757,POR,Portland Trail Blazers,0021500781,2016-02-08,POR @ MEM,W,40,2,5,0.4,0,1,0.0,0,0,,1,4,5,3,0,0,0,0,4,0,14.5,1,2015-16
22015,203468,CJ McCollum,1610612757,POR,Portland Trail Blazers,0021500781,2016-02-08,POR @ MEM,W,38,10,24,0.417,1,5,0.2,0,0,,1,2,3,6,3,1,2,5,21,-3,43.6,1,2015-16
22015,200752,Rudy Gay,1610612758,SAC,Sacramento Kings,0021500775,2016-02-08,SAC @ CLE,L,27,6,12,0.5,4,6,0.667,0,0,,1,6,7,0,1,0,3,5,16,-12,24.4,1,2015-16
22015,202326,DeMarcus Cousins,1610612758,SAC,Sacramento Kings,0021500775,2016-02-08,SAC @ CLE,L,29,5,14,0.357,0,1,0.0,4,6,0.667,0,8,8,3,0,1,2,4,14,-17,29.1,1,2015-16
22015,201586,Serge Ibaka,1610612760,OKC,Oklahoma City Thunder,0021500783,2016-02-08,OKC @ PHX,W,27,4,9,0.444,0,3,0.0,0,0,,1,4,5,0,0,2,0,5,8,4,20.0,1,2015-16
22015,203500,Steven Adams,1610612760,OKC,Oklahoma City Thunder,0021500783,2016-02-08,OKC @ PHX,W,25,2,3,0.667,0,0,,2,6,0.333,2,2,4,2,1,0,0,5,6,-9,16.8,1,2015-16
22015,2449,Luis Scola,1610612761,TOR,Toronto Raptors,0021500779,2016-02-08,TOR @ DET,W,20,1,3,0.333,1,1,1.0,0,0,,0,2,2,1,0,1,1,2,3,-2,8.9,1,2015-16
22015,202335,Patrick Patterson,1610612761,TOR,Toronto Raptors,0021500779,2016-02-08,TOR @ DET,W,26,3,4,0.75,3,4,0.75,0,0,,0,0,0,0,1,0,2,2,9,23,10.0,1,2015-16
22015,202709,Cory Joseph,1610612761,TOR,Toronto Raptors,0021500779,2016-02-08,TOR @ DET,W,24,7,9,0.778,1,2,0.5,0,0,,0,4,4,3,0,0,1,0,15,24,23.3,1,2015-16
22015,2216,Zach Randolph,1610612763,MEM,Memphis Grizzlies,0021500781,2016-02-08,MEM vs. POR,L,40,12,19,0.632,0,0,,2,2,1.0,1,8,9,4,0,0,1,2,26,-4,41.8,1,2015-16
22015,201584,Courtney Lee,1610612763,MEM,Memphis Grizzlies,0021500781,2016-02-08,MEM vs. POR,L,25,1,4,0.25,1,2,0.5,0,0,,0,2,2,1,0,0,4,1,3,-3,2.9,1,2015-16
22015,203210,JaMychal Green,1610612763,MEM,Memphis Grizzlies,0021500781,2016-02-08,MEM vs. POR,L,13,1,1,1.0,0,0,,0,0,,0,2,2,0,1,0,0,2,2,2,7.4,1,2015-16
22015,101141,Ersan Ilyasova,1610612765,DET,Detroit Pistons,0021500779,2016-02-08,DET vs. TOR,L,28,7,12,0.583,2,5,0.4,1,2,0.5,1,5,6,0,0,0,1,2,17,-4,23.2,1,2015-16
22015,101107,Marvin Williams,1610612766,CHA,Charlotte Hornets,0021500774,2016-02-08,CHA vs. CHI,W,30,3,7,0.429,3,6,0.5,0,0,,1,4,5,0,1,2,0,1,9,18,24.0,1,2015-16
22015,202391,Jeremy Lin,1610612766,CHA,Charlotte Hornets,0021500774,2016-02-08,CHA vs. CHI,W,18,1,7,0.143,0,4,0.0,0,0,,0,3,3,2,0,1,1,1,2,1,10.6,1,2015-16
22015,203077,Michael Kidd-Gilchrist,1610612766,CHA,Charlotte Hornets,0021500774,2016-02-08,CHA vs. CHI,W,30,7,14,0.5,1,2,0.5,5,6,0.833,3,4,7,0,0,2,0,0,20,16,34.4,1,2015-16
22015,200794,Paul Millsap,1610612737,ATL,Atlanta Hawks,0021500780,2016-02-08,ATL vs. ORL,L,42,8,18,0.444,3,5,0.6,3,6,0.5,3,10,13,6,4,1,6,6,22,0,55.6,1,2015-16
22015,203471,Dennis Schröder,1610612737,ATL,Atlanta Hawks,0021500780,2016-02-08,ATL vs. ORL,L,19,3,9,0.333,0,2,0.0,0,1,0.0,0,1,1,6,0,0,1,1,6,-13,15.2,1,2015-16
22015,2544,LeBron James,1610612739,CLE,Cleveland Cavaliers,0021500775,2016-02-08,CLE vs. SAC,W,31,8,16,0.5,1,2,0.5,4,5,0.8,1,9,10,10,2,1,4,1,21,16,53.0,1,2015-16
22015,2590,Mo Williams,1610612739,CLE,Cleveland Cavaliers,0021500775,2016-02-08,CLE vs. SAC,W,16,3,7,0.429,0,1,0.0,2,2,1.0,0,0,0,0,0,0,0,2,8,-1,8.0,1,2015-16
22015,202684,Tristan Thompson,1610612739,CLE,Cleveland Cavaliers,0021500775,2016-02-08,CLE vs. SAC,W,22,1,2,0.5,0,0,,0,0,,3,7,10,0,1,1,1,3,2,8,19.0,1,2015-16
22015,202697,Iman Shumpert,1610612739,CLE,Cleveland Cavaliers,0021500775,2016-02-08,CLE vs. SAC,W,25,3,7,0.429,0,0,,0,1,0.0,2,9,11,1,0,0,2,4,6,7,18.7,1,2015-16
22015,202087,Alonzo Gee,1610612740,NOP,New Orleans Pelicans,0021500782,2016-02-08,NOP @ MIN,W,13,1,1,1.0,0,0,,0,0,,0,0,0,1,0,1,0,6,2,0,6.5,1,2015-16
22015,201166,Aaron Brooks,1610612741,CHI,Chicago Bulls,0021500774,2016-02-08,CHI @ CHA,L,20,2,12,0.167,0,1,0.0,0,0,,0,1,1,4,0,1,0,4,4,-3,14.2,1,2015-16
22015,201959,Taj Gibson,1610612741,CHI,Chicago Bulls,0021500774,2016-02-08,CHI @ CHA,L,22,5,10,0.5,0,0,,1,2,0.5,2,5,7,0,0,0,1,2,11,-9,18.4,1,2015-16
22015,203115,Will Barton,1610612743,DEN,Denver Nuggets,0021500778,2016-02-08,DEN @ BKN,L,21,4,7,0.571,1,4,0.25,0,0,,0,3,3,3,0,1,1,1,9,-4,19.1,1,2015-16
22015,203530,Joffrey Lauvergne,1610612743,DEN,Denver Nuggets,0021500778,2016-02-08,DEN @ BKN,L,5,2,2,1.0,0,0,,0,0,,1,0,1,0,0,0,1,1,4,-10,4.2,1,2015-16
22015,203914,Gary Harris,1610612743,DEN,Denver Nuggets,0021500778,2016-02-08,DEN @ BKN,L,40,8,12,0.667,1,4,0.25,0,0,,0,3,3,1,3,0,1,1,17,9,30.1,1,2015-16
22015,203999,Nikola Jokić,1610612743,DEN,Denver Nuggets,0021500778,2016-02-08,DEN @ BKN,L,14,1,5,0.2,0,1,0.0,0,0,,1,2,3,0,1,0,1,2,2,-10,7.6,1,2015-16
22015,2037,Jamal Crawford,1610612746,LAC,LA Clippers,0021500777,2016-02-08,LAC @ PHI,W,39,9,21,0.429,1,3,0.333,4,5,0.8,0,3,3,3,2,0,1,1,23,11,36.1,1,2015-16
22015,201599,DeAndre Jordan,1610612746,LAC,LA Clippers,0021500777,2016-02-08,LAC @ PHI,W,43,5,10,0.5,0,0,,2,7,0.286,8,13,21,1,0,3,2,4,12,12,45.7,1,2015-16
22015,202332,Cole Aldrich,1610612746,LAC,LA Clippers,0021500777,2016-02-08,LAC @ PHI,W,10,4,5,0.8,0,0,,2,2,1.0,2,1,3,0,1,0,0,1,10,-6,16.6,1,2015-16
22015,977,Kobe Bryant,1610612747,LAL,Los Angeles Lakers,0021500776,2016-02-08,LAL @ IND,L,33,6,25,0.24,4,14,0.286,3,4,0.75,1,4,5,0,0,0,0,0,19,-6,25.0,1,2015-16
22015,1626148,Anthony Brown,1610612747,LAL,Los Angeles Lakers,0021500776,2016-02-08,LAL @ IND,L,4,1,2,0.5,1,2,0.5,0,0,,0,1,1,0,0,0,0,0,3,2,4.2,1,2015-16
22015,1889,Andre Miller,1610612750,MIN,Minnesota Timberwolves,0021500782,2016-02-08,MIN vs. NOP,L,5,1,1,1.0,0,0,,0,0,,0,0,0,0,0,0,0,0,2,-8,2.0,1,2015-16
22015,203476,Gorgui Dieng,1610612750,MIN,Minnesota Timberwolves,0021500782,2016-02-08,MIN vs. NOP,L,31,5,10,0.5,1,2,0.5,1,3,0.333,5,7,12,4,0,1,1,5,12,3,34.4,1,2015-16
22015,203498,Shabazz Muhammad,1610612750,MIN,Minnesota Timberwolves,0021500782,2016-02-08,MIN vs. NOP,L,25,4,13,0.308,0,2,0.0,6,7,0.857,4,5,9,1,0,0,0,2,14,-13,26.3,1,2015-16
22015,204014,Damjan Rudez,1610612750,MIN,Minnesota Timberwolves,0021500782,2016-02-08,MIN vs. NOP,L,9,0,1,0.0,0,1,0.0,0,0,,0,0,0,0,0,0,1,1,0,-20,-1.0,1,2015-16
22015,201152,Thaddeus Young,1610612751,BKN,Brooklyn Nets,0021500778,2016-02-08,BKN vs. DEN,W,37,9,15,0.6,0,0,,2,2,1.0,0,7,7,2,1,3,3,2,20,3,40.4,1,2015-16
22015,203080,Thomas Robinson,1610612751,BKN,Brooklyn Nets,0021500778,2016-02-08,BKN vs. DEN,W,17,1,5,0.2,0,0,,0,0,,4,7,11,1,1,1,1,0,2,-2,21.7,1,2015-16
22015,202696,Nikola Vučević,1610612753,ORL,Orlando Magic,0021500780,2016-02-08,ORL @ ATL,W,43,11,16,0.688,0,0,,6,8,0.75,4,9,13,6,0,1,1,4,28,2,54.6,1,2015-16
22015,203473,Dewayne Dedmon,1610612753,ORL,Orlando Magic,0021500780,2016-02-08,ORL @ ATL,W,6,0,0,,0,0,,2,2,1.0,0,1,1,0,0,0,0,2,2,-1,3.2,1,2015-16
22015,101145,Monta Ellis,1610612754,IND,Indiana Pacers,0021500776,2016-02-08,IND vs. LAL,W,33,3,9,0.333,0,5,0.0,2,2,1.0,0,4,4,2,3,0,2,1,8,2,22.8,1,2015-16
22015,203457,Nerlens Noel,1610612755,PHI,Philadelphia 76ers,0021500777,2016-02-08,PHI vs. LAC,L,34,2,4,0.5,0,0,,4,4,1.0,1,8,9,4,4,1,3,3,8,7,36.8,1,2015-16
22015,203895,Jordan McRae,1610612756,PHX,Phoenix Suns,0021500783,2016-02-08,PHX vs. OKC,L,3,0,0,,0,0,,0,0,,0,0,0,0,0,0,0,0,0,0,0.0,1,2015-16
22015,202334,Ed Davis,1610612757,POR,Portland Trail Blazers,0021500781,2016-02-08,POR @ MEM,W,26,2,4,0.5,0,0,,3,4,0.75,2,6,8,3,1,3,1,4,7,4,32.1,1,2015-16
22015,203090,Maurice Harkless,1610612757,POR,Portland Trail Blazers,0021500781,2016-02-08,POR @ MEM,W,23,5,7,0.714,1,3,0.333,0,3,0.0,0,2,2,2,0,0,1,1,11,0,15.4,1,2015-16
22015,200779,Steve Novak,1610612760,OKC,Oklahoma City Thunder,0021500783,2016-02-08,OKC @ PHX,W,1,0,0,,0,0,,0,0,,0,0,0,0,0,0,0,0,0,2,0.0,1,2015-16
22015,202713,Kyle Singler,1610612760,OKC,Oklahoma City Thunder,0021500783,2016-02-08,OKC @ PHX,W,19,2,4,0.5,1,2,0.5,2,2,1.0,3,1,4,2,1,0,1,3,7,8,16.8,1,2015-16
22015,203079,Dion Waiters,1610612760,OKC,Oklahoma City Thunder,0021500783,2016-02-08,OKC @ PHX,W,41,5,11,0.455,2,6,0.333,3,5,0.6,0,1,1,4,3,1,2,2,15,22,32.2,1,2015-16
22015,203082,Terrence Ross,1610612761,TOR,Toronto Raptors,0021500779,2016-02-08,TOR @ DET,W,29,7,13,0.538,4,6,0.667,0,0,,0,4,4,2,2,0,0,3,18,4,31.8,1,2015-16
22015,203512,Lucas Nogueira,1610612761,TOR,Toronto Raptors,0021500779,2016-02-08,TOR @ DET,W,2,0,1,0.0,0,0,,0,0,,1,0,1,0,0,0,0,1,0,-7,1.2,1,2015-16
22015,1626153,Delon Wright,1610612761,TOR,Toronto Raptors,0021500779,2016-02-08,TOR @ DET,W,2,0,0,,0,0,,0,0,,0,1,1,0,0,0,0,0,0,-7,1.2,1,2015-16
22015,1626181,Norman Powell,1610612761,TOR,Toronto Raptors,0021500779,2016-02-08,TOR @ DET,W,16,0,1,0.0,0,1,0.0,1,2,0.5,0,2,2,0,1,0,2,4,1,5,4.4,1,2015-16
22015,2440,Matt Barnes,1610612763,MEM,Memphis Grizzlies,0021500781,2016-02-08,MEM vs. POR,L,28,2,6,0.333,1,5,0.2,0,0,,0,2,2,2,1,1,2,6,5,-6,14.4,1,2015-16
22015,201150,Spencer Hawes,1610612766,CHA,Charlotte Hornets,0021500774,2016-02-08,CHA vs. CHI,W,28,5,9,0.556,1,3,0.333,2,2,1.0,1,7,8,0,0,1,2,6,13,4,23.6,1,2015-16
22015,2594,Kyle Korver,1610612737,ATL,Atlanta Hawks,0021500780,2016-02-08,ATL vs. ORL,L,36,6,8,0.75,4,6,0.667,0,0,,0,3,3,4,2,0,1,2,16,14,30.6,1,2015-16
22015,201143,Al Horford,1610612737,ATL,Atlanta Hawks,0021500780,2016-02-08,ATL vs. ORL,L,39,12,18,0.667,1,4,0.25,2,2,1.0,0,6,6,3,0,2,0,5,27,-8,44.7,1,2015-16
22015,203145,Kent Bazemore,1610612737,ATL,Atlanta Hawks,0021500780,2016-02-08,ATL vs. ORL,L,41,2,8,0.25,1,4,0.25,0,0,,1,12,13,4,1,0,1,2,5,0,28.6,1,2015-16
22015,2760,Anderson Varejao,1610612739,CLE,Cleveland Cavaliers,0021500775,2016-02-08,CLE vs. SAC,W,9,1,2,0.5,0,0,,1,2,0.5,1,1,2,0,1,0,0,1,3,5,8.4,1,2015-16
22015,202389,Timofey Mozgov,1610612739,CLE,Cleveland Cavaliers,0021500775,2016-02-08,CLE vs. SAC,W,21,2,4,0.5,0,0,,0,0,,0,2,2,0,0,2,0,3,4,11,12.4,1,2015-16
22015,201582,Alexis Ajinca,1610612740,NOP,New Orleans Pelicans,0021500782,2016-02-08,NOP @ MIN,W,17,0,4,0.0,0,0,,0,0,,1,4,5,0,0,1,0,2,0,0,9.0,1,2015-16
22015,201950,Jrue Holiday,1610612740,NOP,New Orleans Pelicans,0021500782,2016-02-08,NOP @ MIN,W,28,11,23,0.478,3,7,0.429,2,2,1.0,1,5,6,9,3,0,1,0,27,26,55.7,1,2015-16
22015,201967,Dante Cunningham,1610612740,NOP,New Orleans Pelicans,0021500782,2016-02-08,NOP @ MIN,W,29,4,5,0.8,0,1,0.0,0,0,,1,1,2,1,1,0,0,4,8,7,14.9,1,2015-16
22015,202708,Norris Cole,1610612740,NOP,New Orleans Pelicans,0021500782,2016-02-08,NOP @ MIN,W,32,4,9,0.444,0,1,0.0,2,2,1.0,0,3,3,6,0,0,1,3,10,8,21.6,1,2015-16
22015,1626214,Bryce Dejean-Jones,1610612740,NOP,New Orleans Pelicans,0021500782,2016-02-08,NOP @ MIN,W,12,0,4,0.0,0,1,0.0,0,0,,1,3,4,2,0,0,1,3,0,-6,6.8,1,2015-16
22015,2550,Kirk Hinrich,1610612741,CHI,Chicago Bulls,0021500774,2016-02-08,CHI @ CHA,L,26,1,8,0.125,1,5,0.2,0,0,,0,2,2,5,1,0,2,3,3,-15,13.9,1,2015-16
22015,202734,E'Twaun Moore,1610612741,CHI,Chicago Bulls,0021500774,2016-02-08,CHI @ CHA,L,32,5,10,0.5,2,4,0.5,0,0,,0,3,3,2,2,1,2,3,12,-23,25.6,1,2015-16
22015,1626245,Cristiano Felicio,1610612741,CHI,Chicago Bulls,0021500774,2016-02-08,CHI @ CHA,L,2,0,0,,0,0,,0,0,,0,0,0,0,0,0,0,0,0,1,0.0,1,2015-16
22015,203994,Jusuf Nurkić,1610612743,DEN,Denver Nuggets,0021500778,2016-02-08,DEN @ BKN,L,17,3,9,0.333,0,0,,2,2,1.0,2,4,6,1,2,0,1,2,8,9,21.7,1,2015-16
22015,1626144,Emmanuel Mudiay,1610612743,DEN,Denver Nuggets,0021500778,2016-02-08,DEN @ BKN,L,35,3,10,0.3,0,1,0.0,1,2,0.5,1,5,6,8,2,0,4,1,7,-4,28.2,1,2015-16
22015,201601,Luc Mbah a Moute,1610612746,LAC,LA Clippers,0021500777,2016-02-08,LAC @ PHI,W,23,1,3,0.333,0,0,,0,0,,1,2,3,1,3,0,0,1,2,-7,16.1,1,2015-16
22015,101150,Lou Williams,1610612747,LAL,Los Angeles Lakers,0021500776,2016-02-08,LAL @ IND,L,26,3,11,0.273,1,5,0.2,6,6,1.0,1,2,3,1,2,0,4,0,13,-17,20.1,1,2015-16
22015,201156,Nick Young,1610612747,LAL,Los Angeles Lakers,0021500776,2016-02-08,LAL @ IND,L,15,1,7,0.143,0,5,0.0,0,0,,1,3,4,0,0,0,0,2,2,3,6.8,1,2015-16
22015,1626156,D'Angelo Russell,1610612747,LAL,Los Angeles Lakers,0021500776,2016-02-08,LAL @ IND,L,32,6,18,0.333,1,5,0.2,3,4,0.75,1,4,5,5,4,1,1,0,16,14,43.5,1,2015-16
22015,203952,Andrew Wiggins,1610612750,MIN,Minnesota Timberwolves,0021500782,2016-02-08,MIN vs. NOP,L,31,5,14,0.357,0,2,0.0,5,5,1.0,0,0,0,2,0,2,3,2,15,-17,21.0,1,2015-16
22015,201961,Wayne Ellington,1610612751,BKN,Brooklyn Nets,0021500778,2016-02-08,BKN vs. DEN,W,19,1,4,0.25,1,2,0.5,0,0,,0,2,2,2,0,0,0,0,3,-7,8.4,1,2015-16
22015,202388,Donald Sloan,1610612751,BKN,Brooklyn Nets,0021500778,2016-02-08,BKN vs. DEN,W,26,4,8,0.5,2,4,0.5,0,0,,0,3,3,2,0,0,0,1,10,-1,16.6,1,2015-16
22015,202711,Bojan Bogdanovic,1610612751,BKN,Brooklyn Nets,0021500778,2016-02-08,BKN vs. DEN,W,23,5,8,0.625,1,2,0.5,1,1,1.0,0,0,0,2,0,0,0,0,12,6,15.0,1,2015-16
22015,101112,Channing Frye,1610612753,ORL,Orlando Magic,0021500780,2016-02-08,ORL @ ATL,W,5,0,2,0.0,0,2,0.0,0,0,,0,0,0,0,0,0,0,1,0,-10,0.0,1,2015-16
22015,1626164,Devin Booker,1610612756,PHX,Phoenix Suns,0021500783,2016-02-08,PHX vs. OKC,L,29,1,8,0.125,0,3,0.0,4,4,1.0,0,3,3,4,0,1,3,6,6,-10,15.6,1,2015-16
22015,203081,Damian Lillard,1610612757,POR,Portland Trail Blazers,0021500781,2016-02-08,POR @ MEM,W,43,9,22,0.409,5,13,0.385,10,12,0.833,0,4,4,5,1,1,4,5,33,10,47.3,1,2015-16
22015,203486,Mason Plumlee,1610612757,POR,Portland Trail Blazers,0021500781,2016-02-08,POR @ MEM,W,24,2,4,0.5,0,0,,0,0,,1,5,6,2,0,0,2,3,4,-1,12.2,1,2015-16
22015,204025,Tim Frazier,1610612757,POR,Portland Trail Blazers,0021500781,2016-02-08,POR @ MEM,W,2,0,1,0.0,0,1,0.0,0,0,,0,0,0,0,0,0,0,0,0,-1,0.0,1,2015-16
22015,200765,Rajon Rondo,1610612758,SAC,Sacramento Kings,0021500775,2016-02-08,SAC @ CLE,L,33,1,8,0.125,1,4,0.25,4,8,0.5,1,7,8,16,3,0,6,1,7,-17,43.6,1,2015-16
22015,201158,Marco Belinelli,1610612758,SAC,Sacramento Kings,0021500775,2016-02-08,SAC @ CLE,L,26,3,8,0.375,1,3,0.333,1,1,1.0,0,0,0,1,0,0,0,1,8,-18,9.5,1,2015-16
22015,201956,Omri Casspi,1610612758,SAC,Sacramento Kings,0021500775,2016-02-08,SAC @ CLE,L,29,5,12,0.417,2,5,0.4,4,4,1.0,0,6,6,1,3,0,1,1,16,-8,32.7,1,2015-16
22015,203112,Quincy Acy,1610612758,SAC,Sacramento Kings,0021500775,2016-02-08,SAC @ CLE,L,5,1,2,0.5,0,0,,1,1,1.0,1,0,1,0,1,0,0,0,3,-2,7.2,1,2015-16
22015,2555,Nick Collison,1610612760,OKC,Oklahoma City Thunder,0021500783,2016-02-08,OKC @ PHX,W,4,0,0,,0,0,,0,0,,0,0,0,0,0,0,1,2,0,-2,-1.0,1,2015-16
22015,201627,Anthony Morrow,1610612760,OKC,Oklahoma City Thunder,0021500783,2016-02-08,OKC @ PHX,W,3,1,2,0.5,1,2,0.5,0,0,,0,0,0,0,0,0,0,0,3,-4,3.0,1,2015-16
22015,202685,Jonas Valančiūnas,1610612761,TOR,Toronto Raptors,0021500779,2016-02-08,TOR @ DET,W,25,7,9,0.778,0,0,,1,2,0.5,0,8,8,3,3,1,1,3,15,13,40.1,1,2015-16
22015,200797,Ryan Hollins,1610612763,MEM,Memphis Grizzlies,0021500781,2016-02-08,MEM vs. POR,L,6,0,1,0.0,0,0,,0,0,,0,2,2,1,0,0,0,1,0,2,3.9,1,2015-16
22015,202694,Marcus Morris Sr.,1610612765,DET,Detroit Pistons,0021500779,2016-02-08,DET vs. TOR,L,37,5,7,0.714,2,4,0.5,2,4,0.5,1,4,5,6,3,1,3,2,14,-12,38.0,1,2015-16
22015,202704,Reggie Jackson,1610612765,DET,Detroit Pistons,0021500779,2016-02-08,DET vs. TOR,L,29,6,14,0.429,0,3,0.0,1,1,1.0,0,1,1,5,0,0,6,5,13,-7,15.7,1,2015-16
22015,1626169,Stanley Johnson,1610612765,DET,Detroit Pistons,0021500779,2016-02-08,DET vs. TOR,L,34,2,9,0.222,1,4,0.25,0,0,,1,4,5,3,0,0,1,3,5,-12,14.5,1,2015-16
22015,201587,Nicolas Batum,1610612766,CHA,Charlotte Hornets,0021500774,2016-02-08,CHA vs. CHI,W,44,8,13,0.615,3,6,0.5,0,0,,0,13,13,8,2,0,4,1,19,11,48.6,1,2015-16
22015,202689,Kemba Walker,1610612766,CHA,Charlotte Hornets,0021500774,2016-02-08,CHA vs. CHI,W,36,8,19,0.421,4,9,0.444,10,13,0.769,3,4,7,8,3,0,2,1,30,22,57.4,1,2015-16
22015,203469,Cody Zeller,1610612766,CHA,Charlotte Hornets,0021500774,2016-02-08,CHA vs. CHI,W,20,2,3,0.667,1,1,1.0,0,2,0.0,2,6,8,1,0,2,3,6,5,13,19.1,1,2015-16
22015,1626163,Frank Kaminsky,1610612766,CHA,Charlotte Hornets,0021500774,2016-02-08,CHA vs. CHI,W,19,0,3,0.0,0,2,0.0,5,6,0.833,0,4,4,0,0,0,1,2,5,-1,8.8,1,2015-16
22015,2210,Richard Jefferson,1610612739,CLE,Cleveland Cavaliers,0021500775,2016-02-08,CLE vs. SAC,W,17,4,6,0.667,2,4,0.5,0,0,,1,3,4,0,1,0,1,1,10,4,16.8,1,2015-16
22015,2747,JR Smith,1610612739,CLE,Cleveland Cavaliers,0021500775,2016-02-08,CLE vs. SAC,W,31,8,18,0.444,6,13,0.462,0,0,,1,3,4,2,1,0,0,2,22,23,32.8,1,2015-16
22015,201583,Ryan Anderson,1610612740,NOP,New Orleans Pelicans,0021500782,2016-02-08,NOP @ MIN,W,31,9,17,0.529,3,4,0.75,5,6,0.833,1,2,3,0,1,1,1,2,26,14,34.6,1,2015-16
22015,203076,Anthony Davis,1610612740,NOP,New Orleans Pelicans,0021500782,2016-02-08,NOP @ MIN,W,31,12,20,0.6,1,2,0.5,2,6,0.333,0,8,8,1,2,0,0,2,27,15,44.1,1,2015-16
22015,1626171,Bobby Portis,1610612741,CHI,Chicago Bulls,0021500774,2016-02-08,CHI @ CHA,L,20,2,7,0.286,1,1,1.0,1,2,0.5,3,3,6,1,0,1,0,5,6,-7,17.7,1,2015-16
22015,204028,Tarik Black,1610612747,LAL,Los Angeles Lakers,0021500776,2016-02-08,LAL @ IND,L,15,0,1,0.0,0,0,,0,0,,0,5,5,0,0,1,0,3,0,4,9.0,1,2015-16
22015,203897,Zach LaVine,1610612750,MIN,Minnesota Timberwolves,0021500782,2016-02-08,MIN vs. NOP,L,28,4,10,0.4,1,2,0.5,3,4,0.75,0,2,2,2,0,3,0,2,12,-5,26.4,1,2015-16
22015,203940,Adreian Payne,1610612750,MIN,Minnesota Timberwolves,0021500782,2016-02-08,MIN vs. NOP,L,11,1,2,0.5,0,1,0.0,0,0,,0,3,3,1,0,0,1,3,2,1,6.1,1,2015-16
22015,1626157,Karl-Anthony Towns,1610612750,MIN,Minnesota Timberwolves,0021500782,2016-02-08,MIN vs. NOP,L,29,6,10,0.6,0,0,,7,8,0.875,1,11,12,1,0,1,3,3,19,-14,34.9,1,2015-16
22015,2207,Joe Johnson,1610612751,BKN,Brooklyn Nets,0021500778,2016-02-08,BKN vs. DEN,W,30,5,10,0.5,2,5,0.4,0,0,,0,3,3,8,2,0,2,0,12,3,31.6,1,2015-16
22015,203506,Victor Oladipo,1610612753,ORL,Orlando Magic,0021500780,2016-02-08,ORL @ ATL,W,30,3,12,0.25,1,5,0.2,2,4,0.5,0,4,4,8,1,1,2,2,9,-6,29.8,1,2015-16
22015,203932,Aaron Gordon,1610612753,ORL,Orlando Magic,0021500780,2016-02-08,ORL @ ATL,W,28,4,8,0.5,1,1,1.0,3,3,1.0,2,8,10,3,1,1,1,4,12,10,33.5,1,2015-16
22015,202730,Lavoy Allen,1610612754,IND,Indiana Pacers,0021500776,2016-02-08,IND vs. LAL,W,18,0,0,,0,0,,2,2,1.0,0,2,2,0,0,1,0,1,2,-14,7.4,1,2015-16
22015,203922,Glenn Robinson III,1610612754,IND,Indiana Pacers,0021500776,2016-02-08,IND vs. LAL,W,13,2,7,0.286,0,0,,0,0,,2,4,6,0,1,0,0,2,4,2,14.2,1,2015-16
22015,1626167,Myles Turner,1610612754,IND,Indiana Pacers,0021500776,2016-02-08,IND vs. LAL,W,30,6,8,0.75,0,0,,2,4,0.5,1,12,13,1,0,0,3,4,14,18,28.1,1,2015-16
22015,202397,Ish Smith,1610612755,PHI,Philadelphia 76ers,0021500777,2016-02-08,PHI vs. LAC,L,33,7,24,0.292,1,3,0.333,1,1,1.0,1,8,9,5,2,0,2,4,16,9,38.3,1,2015-16
22015,203138,Hollis Thompson,1610612755,PHI,Philadelphia 76ers,0021500777,2016-02-08,PHI vs. LAC,L,35,5,9,0.556,4,6,0.667,2,2,1.0,0,1,1,1,0,0,3,1,16,-10,15.7,1,2015-16
22015,203477,Isaiah Canaan,1610612755,PHI,Philadelphia 76ers,0021500777,2016-02-08,PHI vs. LAC,L,25,0,6,0.0,0,5,0.0,1,2,0.5,0,4,4,2,0,0,2,5,1,-11,6.8,1,2015-16
22015,1626143,Jahlil Okafor,1610612755,PHI,Philadelphia 76ers,0021500777,2016-02-08,PHI vs. LAC,L,30,7,18,0.389,0,0,,0,0,,3,6,9,1,1,3,3,3,14,-14,35.3,1,2015-16
22015,203462,Archie Goodwin,1610612756,PHX,Phoenix Suns,0021500783,2016-02-08,PHX vs. OKC,L,42,6,14,0.429,0,2,0.0,8,10,0.8,1,3,4,7,0,0,2,4,20,-7,33.3,1,2015-16
22015,201954,Darren Collison,1610612758,SAC,Sacramento Kings,0021500775,2016-02-08,SAC @ CLE,L,21,3,7,0.429,1,2,0.5,4,4,1.0,0,0,0,4,0,0,0,2,11,-5,17.0,1,2015-16
22015,202341,James Anderson,1610612758,SAC,Sacramento Kings,0021500775,2016-02-08,SAC @ CLE,L,17,2,3,0.667,0,1,0.0,0,0,,0,3,3,1,1,2,3,5,4,-2,15.1,1,2015-16
22015,201566,Russell Westbrook,1610612760,OKC,Oklahoma City Thunder,0021500783,2016-02-08,OKC @ PHX,W,36,8,19,0.421,2,5,0.4,11,12,0.917,3,5,8,8,2,0,6,4,29,1,50.6,1,2015-16
22015,1626166,Cameron Payne,1610612760,OKC,Oklahoma City Thunder,0021500783,2016-02-08,OKC @ PHX,W,21,4,7,0.571,3,4,0.75,0,0,,1,3,4,4,0,0,1,1,11,9,20.8,1,2015-16
22015,200768,Kyle Lowry,1610612761,TOR,Toronto Raptors,0021500779,2016-02-08,TOR @ DET,W,38,9,14,0.643,2,5,0.4,5,5,1.0,0,3,3,7,2,0,2,1,25,18,43.1,1,2015-16
22015,202687,Bismack Biyombo,1610612761,TOR,Toronto Raptors,0021500779,2016-02-08,TOR @ DET,W,21,0,0,,0,0,,0,0,,0,4,4,0,1,0,2,3,0,8,5.8,1,2015-16
22015,203461,Anthony Bennett,1610612761,TOR,Toronto Raptors,0021500779,2016-02-08,TOR @ DET,W,2,0,1,0.0,0,0,,0,0,,0,0,0,0,0,0,0,0,0,-7,0.0,1,2015-16
22015,1713,Vince Carter,1610612763,MEM,Memphis Grizzlies,0021500781,2016-02-08,MEM vs. POR,L,9,0,2,0.0,0,1,0.0,0,0,,0,1,1,1,0,0,0,0,0,-2,2.7,1,2015-16
22015,201144,Mike Conley,1610612763,MEM,Memphis Grizzlies,0021500781,2016-02-08,MEM vs. POR,L,33,10,17,0.588,2,3,0.667,5,6,0.833,0,3,3,3,1,0,4,5,27,-8,34.1,1,2015-16
22015,201229,Anthony Tolliver,1610612765,DET,Detroit Pistons,0021500779,2016-02-08,DET vs. TOR,L,20,2,6,0.333,1,5,0.2,0,0,,0,3,3,0,0,0,0,0,5,-10,8.6,1,2015-16
22015,203382,Aron Baynes,1610612765,DET,Detroit Pistons,0021500779,2016-02-08,DET vs. TOR,L,18,4,7,0.571,0,0,,2,2,1.0,5,1,6,3,0,1,2,1,10,-11,22.7,1,2015-16
22015,1626199,Darrun Hilliard,1610612765,DET,Detroit Pistons,0021500779,2016-02-08,DET vs. TOR,L,25,6,12,0.5,1,4,0.25,0,0,,0,0,0,1,2,0,0,2,13,-4,20.5,1,2015-16
22015,200757,Thabo Sefolosha,1610612737,ATL,Atlanta Hawks,0021500780,2016-02-08,ATL vs. ORL,L,23,1,1,1.0,0,0,,0,0,,0,5,5,0,1,0,2,0,2,-21,9.0,1,2015-16
22015,201952,Jeff Teague,1610612737,ATL,Atlanta Hawks,0021500780,2016-02-08,ATL vs. ORL,L,34,7,18,0.389,3,5,0.6,4,7,0.571,1,2,3,5,1,0,3,2,21,9,32.1,1,2015-16
22015,203501,Tim Hardaway Jr.,1610612737,ATL,Atlanta Hawks,0021500780,2016-02-08,ATL vs. ORL,L,6,1,4,0.25,0,2,0.0,0,0,,0,0,0,0,0,1,0,0,2,-10,5.0,1,2015-16
22015,201567,Kevin Love,1610612739,CLE,Cleveland Cavaliers,0021500775,2016-02-08,CLE vs. SAC,W,28,2,10,0.2,2,6,0.333,5,6,0.833,1,5,6,2,0,0,2,2,11,13,19.2,1,2015-16
22015,202681,Kyrie Irving,1610612739,CLE,Cleveland Cavaliers,0021500775,2016-02-08,CLE vs. SAC,W,35,13,21,0.619,5,8,0.625,1,1,1.0,2,1,3,12,0,1,2,5,32,22,54.6,1,2015-16
22015,2399,Mike Dunleavy,1610612741,CHI,Chicago Bulls,0021500774,2016-02-08,CHI @ CHA,L,16,3,7,0.429,2,3,0.667,0,0,,0,1,1,2,0,0,1,0,8,-3,11.2,1,2015-16
22015,203503,Tony Snell,1610612741,CHI,Chicago Bulls,0021500774,2016-02-08,CHI @ CHA,L,19,1,4,0.25,0,2,0.0,3,4,0.75,1,5,6,2,0,0,0,0,5,7,15.2,1,2015-16
22015,203946,Cameron Bairstow,1610612741,CHI,Chicago Bulls,0021500774,2016-02-08,CHI @ CHA,L,19,2,8,0.25,0,1,0.0,2,2,1.0,0,2,2,2,0,2,0,2,6,3,17.4,1,2015-16
22015,201568,Danilo Gallinari,1610612743,DEN,Denver Nuggets,0021500778,2016-02-08,DEN @ BKN,L,41,7,16,0.438,4,7,0.571,6,7,0.857,1,2,3,7,2,0,1,1,24,9,43.1,1,2015-16
22015,101108,Chris Paul,1610612746,LAC,LA Clippers,0021500777,2016-02-08,LAC @ PHI,W,40,5,18,0.278,0,3,0.0,9,10,0.9,1,5,6,7,4,0,3,3,19,10,45.7,1,2015-16
22015,202362,Lance Stephenson,1610612746,LAC,LA Clippers,0021500777,2016-02-08,LAC @ PHI,W,16,1,5,0.2,0,0,,0,0,,0,3,3,1,0,0,2,1,2,-4,5.1,1,2015-16
22015,203143,Pablo Prigioni,1610612746,LAC,LA Clippers,0021500777,2016-02-08,LAC @ PHI,W,13,0,2,0.0,0,1,0.0,0,0,,0,2,2,4,0,0,0,3,0,-4,8.4,1,2015-16
22015,101138,Brandon Bass,1610612747,LAL,Los Angeles Lakers,0021500776,2016-02-08,LAL @ IND,L,32,3,6,0.5,0,0,,3,4,0.75,5,1,6,2,2,0,0,6,9,13,25.2,1,2015-16
22015,2419,Tayshaun Prince,1610612750,MIN,Minnesota Timberwolves,0021500782,2016-02-08,MIN vs. NOP,L,19,1,2,0.5,0,0,,0,0,,0,0,0,0,0,2,0,1,2,-6,8.0,1,2015-16
22015,201937,Ricky Rubio,1610612750,MIN,Minnesota Timberwolves,0021500782,2016-02-08,MIN vs. NOP,L,27,3,7,0.429,0,1,0.0,5,7,0.714,0,5,5,7,0,0,3,2,11,-13,24.5,1,2015-16
22015,202357,Nemanja Bjelica,1610612750,MIN,Minnesota Timberwolves,0021500782,2016-02-08,MIN vs. NOP,L,12,5,6,0.833,0,0,,0,0,,1,3,4,1,0,0,0,2,10,11,16.3,1,2015-16
22015,201572,Brook Lopez,1610612751,BKN,Brooklyn Nets,0021500778,2016-02-08,BKN vs. DEN,W,31,6,11,0.545,0,0,,4,6,0.667,2,2,4,0,0,1,3,2,16,3,20.8,1,2015-16
22015,201160,Jason Smith,1610612753,ORL,Orlando Magic,0021500780,2016-02-08,ORL @ ATL,W,22,7,11,0.636,0,0,,0,0,,0,0,0,1,2,4,1,0,14,13,32.5,1,2015-16
22015,101133,Ian Mahinmi,1610612754,IND,Indiana Pacers,0021500776,2016-02-08,IND vs. LAL,W,27,3,4,0.75,0,0,,5,8,0.625,1,4,5,1,0,1,2,4,11,13,19.5,1,2015-16
22015,202331,Paul George,1610612754,IND,Indiana Pacers,0021500776,2016-02-08,IND vs. LAL,W,35,6,18,0.333,2,10,0.2,7,9,0.778,1,8,9,2,1,2,5,3,21,9,38.8,1,2015-16
22015,2199,Tyson Chandler,1610612756,PHX,Phoenix Suns,0021500783,2016-02-08,PHX vs. OKC,L,25,5,6,0.833,0,0,,1,2,0.5,1,6,7,0,0,1,1,1,11,-7,21.4,1,2015-16
22015,203141,Mirza Teletovic,1610612756,PHX,Phoenix Suns,0021500783,2016-02-08,PHX vs. OKC,L,20,6,12,0.5,1,4,0.25,4,4,1.0,0,0,0,1,0,0,2,2,17,-13,16.5,1,2015-16
22015,203458,Alex Len,1610612756,PHX,Phoenix Suns,0021500783,2016-02-08,PHX vs. OKC,L,23,5,7,0.714,0,0,,3,4,0.75,2,6,8,2,2,1,0,4,13,-9,34.6,1,2015-16
22015,203086,Meyers Leonard,1610612757,POR,Portland Trail Blazers,0021500781,2016-02-08,POR @ MEM,W,13,1,2,0.5,1,2,0.5,0,0,,0,2,2,0,0,0,1,2,3,-1,4.4,1,2015-16
22015,203459,Allen Crabbe,1610612757,POR,Portland Trail Blazers,0021500781,2016-02-08,POR @ MEM,W,21,6,8,0.75,0,1,0.0,1,1,1.0,2,2,4,0,3,1,1,1,13,9,28.8,1,2015-16
22015,201585,Kosta Koufos,1610612758,SAC,Sacramento Kings,0021500775,2016-02-08,SAC @ CLE,L,19,4,5,0.8,0,0,,0,1,0.0,3,4,7,1,1,1,0,2,8,0,23.9,1,2015-16
22015,203552,Seth Curry,1610612758,SAC,Sacramento Kings,0021500775,2016-02-08,SAC @ CLE,L,5,0,2,0.0,0,1,0.0,0,2,0.0,0,0,0,0,1,0,0,0,0,-2,3.0,1,2015-16
22015,1626161,Willie Cauley-Stein,1610612758,SAC,Sacramento Kings,0021500775,2016-02-08,SAC @ CLE,L,30,6,9,0.667,0,0,,1,2,0.5,2,2,4,1,0,0,2,2,13,-17,17.3,1,2015-16
22015,202683,Enes Freedom,1610612760,OKC,Oklahoma City Thunder,0021500783,2016-02-08,OKC @ PHX,W,24,5,9,0.556,1,2,0.5,0,0,,2,4,6,0,0,0,2,5,11,29,16.2,1,2015-16
22015,201942,DeMar DeRozan,1610612761,TOR,Toronto Raptors,0021500779,2016-02-08,TOR @ DET,W,33,5,14,0.357,0,1,0.0,7,8,0.875,1,6,7,6,1,0,4,3,17,5,33.4,1,2015-16
22015,203998,Bruno Caboclo,1610612761,TOR,Toronto Raptors,0021500779,2016-02-08,TOR @ DET,W,2,0,1,0.0,0,0,,0,0,,0,0,0,0,0,0,0,0,0,-7,0.0,1,2015-16
22015,2754,Tony Allen,1610612763,MEM,Memphis Grizzlies,0021500781,2016-02-08,MEM vs. POR,L,39,3,4,0.75,1,1,1.0,1,4,0.25,1,6,7,0,1,0,0,3,8,-5,19.4,1,2015-16
22015,201145,Jeff Green,1610612763,MEM,Memphis Grizzlies,0021500781,2016-02-08,MEM vs. POR,L,39,5,14,0.357,1,4,0.25,1,2,0.5,2,4,6,1,0,2,2,1,12,-6,24.7,1,2015-16
22015,201188,Marc Gasol,1610612763,MEM,Memphis Grizzlies,0021500781,2016-02-08,MEM vs. POR,L,11,4,6,0.667,0,0,,3,3,1.0,0,3,3,2,0,0,0,0,11,2,17.6,1,2015-16
22015,201596,Mario Chalmers,1610612763,MEM,Memphis Grizzlies,0021500781,2016-02-08,MEM vs. POR,L,23,5,12,0.417,1,3,0.333,1,2,0.5,1,1,2,3,1,0,2,3,12,-2,19.9,1,2015-16
22015,201943,Brandon Jennings,1610612765,DET,Detroit Pistons,0021500779,2016-02-08,DET vs. TOR,L,19,0,3,0.0,0,2,0.0,0,0,,0,0,0,2,1,0,1,0,0,-7,5.0,1,2015-16
22015,203083,Andre Drummond,1610612765,DET,Detroit Pistons,0021500779,2016-02-08,DET vs. TOR,L,30,4,10,0.4,1,1,1.0,3,8,0.375,3,10,13,2,1,0,2,3,12,-3,31.6,1,2015-16
22015,203087,Jeremy Lamb,1610612766,CHA,Charlotte Hornets,0021500774,2016-02-08,CHA vs. CHI,W,16,1,5,0.2,1,3,0.333,2,2,1.0,0,1,1,1,0,0,0,1,5,1,7.7,1,2015-16
22015,203118,Mike Scott,1610612737,ATL,Atlanta Hawks,0021500780,2016-02-08,ATL vs. ORL,L,11,2,6,0.333,0,1,0.0,1,2,0.5,1,0,1,0,0,0,0,1,5,-7,6.2,1,2015-16
22015,203926,Doug McDermott,1610612741,CHI,Chicago Bulls,0021500774,2016-02-08,CHI @ CHA,L,32,6,11,0.545,1,3,0.333,1,1,1.0,0,3,3,0,0,0,0,3,14,-14,17.6,1,2015-16
22015,202702,Kenneth Faried,1610612743,DEN,Denver Nuggets,0021500778,2016-02-08,DEN @ BKN,L,29,10,16,0.625,0,0,,2,2,1.0,6,7,13,2,0,1,0,2,22,8,43.6,1,2015-16
22015,202325,Wesley Johnson,1610612746,LAC,LA Clippers,0021500777,2016-02-08,LAC @ PHI,W,42,3,13,0.231,1,7,0.143,0,0,,2,7,9,2,2,1,1,4,7,16,28.8,1,2015-16
22015,203944,Julius Randle,1610612747,LAL,Los Angeles Lakers,0021500776,2016-02-08,LAL @ IND,L,34,5,9,0.556,1,2,0.5,4,6,0.667,4,15,19,3,0,0,5,3,15,-5,37.3,1,2015-16
22015,1626145,Tyus Jones,1610612750,MIN,Minnesota Timberwolves,0021500782,2016-02-08,MIN vs. NOP,L,12,1,5,0.2,0,1,0.0,1,1,1.0,0,3,3,5,0,0,0,0,3,11,14.1,1,2015-16
22015,203499,Shane Larkin,1610612751,BKN,Brooklyn Nets,0021500778,2016-02-08,BKN vs. DEN,W,22,4,7,0.571,1,2,0.5,0,0,,0,3,3,4,1,0,3,2,9,2,18.6,1,2015-16
22015,203894,Shabazz Napier,1610612753,ORL,Orlando Magic,0021500780,2016-02-08,ORL @ ATL,W,13,1,4,0.25,0,2,0.0,0,0,,0,3,3,5,1,0,1,1,2,-1,15.1,1,2015-16
22015,203496,Robert Covington,1610612755,PHI,Philadelphia 76ers,0021500777,2016-02-08,PHI vs. LAC,L,34,3,9,0.333,0,6,0.0,5,5,1.0,1,6,7,1,0,0,3,4,11,1,17.9,1,2015-16
22015,203917,Nik Stauskas,1610612755,PHI,Philadelphia 76ers,0021500777,2016-02-08,PHI vs. LAC,L,21,2,4,0.5,1,3,0.333,0,0,,0,1,1,0,0,0,0,4,5,13,6.2,1,2015-16
22015,201142,Kevin Durant,1610612760,OKC,Oklahoma City Thunder,0021500783,2016-02-08,OKC @ PHX,W,38,11,21,0.524,5,9,0.556,5,5,1.0,2,4,6,3,1,2,1,2,32,20,51.7,1,2015-16
22015,101161,Amir Johnson,1610612738,BOS,Boston Celtics,0021500786,2016-02-09,BOS @ MIL,L,27,2,6,0.333,0,0,,2,2,1.0,2,2,4,2,2,1,3,4,6,19,19.8,1,2015-16
22015,203109,Jae Crowder,1610612738,BOS,Boston Celtics,0021500786,2016-02-09,BOS @ MIL,L,32,7,12,0.583,3,6,0.5,1,1,1.0,0,5,5,2,2,0,0,1,18,15,33.0,1,2015-16
22015,202083,Wesley Matthews,1610612742,DAL,Dallas Mavericks,0021500787,2016-02-09,DAL vs. UTA,L,42,5,9,0.556,2,5,0.4,4,4,1.0,1,1,2,3,0,0,1,4,16,-4,21.9,1,2015-16
22015,202718,Chandler Parsons,1610612742,DAL,Dallas Mavericks,0021500787,2016-02-09,DAL vs. UTA,L,36,8,16,0.5,3,8,0.375,5,7,0.714,0,1,1,0,1,1,3,5,24,-4,28.2,1,2015-16
22015,201578,Marreese Speights,1610612744,GSW,Golden State Warriors,0021500788,2016-02-09,GSW vs. HOU,W,12,5,9,0.556,1,2,0.5,4,5,0.8,0,4,4,0,0,0,2,4,15,-1,17.8,1,2015-16
22015,201935,James Harden,1610612745,HOU,Houston Rockets,0021500788,2016-02-09,HOU @ GSW,L,40,10,21,0.476,6,10,0.6,11,13,0.846,0,5,5,5,3,1,1,2,37,-3,61.5,1,2015-16
22015,1626149,Montrezl Harrell,1610612745,HOU,Houston Rockets,0021500788,2016-02-09,HOU @ GSW,L,1,0,0,,0,0,,0,0,,0,0,0,0,0,0,0,0,0,-5,0.0,1,2015-16
22015,202682,Derrick Williams,1610612752,NYK,New York Knicks,0021500785,2016-02-09,NYK vs. WAS,L,9,2,2,1.0,0,0,,2,2,1.0,0,2,2,0,0,0,0,0,6,-1,8.4,1,2015-16
22015,2561,David West,1610612759,SAS,San Antonio Spurs,0021500784,2016-02-09,SAS @ MIA,W,23,2,4,0.5,0,0,,2,2,1.0,1,2,3,3,0,1,1,4,6,13,16.1,1,2015-16
22015,2564,Boris Diaw,1610612759,SAS,San Antonio Spurs,0021500784,2016-02-09,SAS @ MIA,W,25,4,8,0.5,1,2,0.5,0,2,0.0,2,3,5,2,0,0,2,4,9,7,16.0,1,2015-16
22015,202324,Derrick Favors,1610612762,UTA,Utah Jazz,0021500787,2016-02-09,UTA @ DAL,W,35,7,14,0.5,0,0,,2,4,0.5,3,5,8,6,1,0,2,3,16,3,35.6,1,2015-16
22015,203918,Rodney Hood,1610612762,UTA,Utah Jazz,0021500787,2016-02-09,UTA @ DAL,W,43,12,26,0.462,2,8,0.25,3,4,0.75,0,5,5,5,0,0,0,1,29,-7,42.5,1,2015-16
22015,2403,Nene,1610612764,WAS,Washington Wizards,0021500785,2016-02-09,WAS @ NYK,W,17,1,5,0.2,0,0,,2,2,1.0,1,1,2,0,0,1,1,2,4,1,8.4,1,2015-16
22015,203490,Otto Porter Jr.,1610612764,WAS,Washington Wizards,0021500785,2016-02-09,WAS @ NYK,W,28,5,6,0.833,3,3,1.0,0,0,,0,2,2,2,1,0,0,3,13,-6,21.4,1,2015-16
22015,1626162,Kelly Oubre Jr.,1610612764,WAS,Washington Wizards,0021500785,2016-02-09,WAS @ NYK,W,7,0,0,,0,0,,0,0,,0,1,1,0,0,0,0,1,0,-3,1.2,1,2015-16
22015,203092,Tyler Zeller,1610612738,BOS,Boston Celtics,0021500786,2016-02-09,BOS @ MIL,L,10,1,4,0.25,0,0,,2,2,1.0,1,1,2,1,0,0,0,1,4,-22,7.9,1,2015-16
22015,2585,Zaza Pachulia,1610612742,DAL,Dallas Mavericks,0021500787,2016-02-09,DAL vs. UTA,L,41,1,4,0.25,0,0,,5,6,0.833,4,7,11,5,0,0,2,1,7,2,25.7,1,2015-16
22015,101106,Andrew Bogut,1610612744,GSW,Golden State Warriors,0021500788,2016-02-09,GSW vs. HOU,W,29,5,10,0.5,0,0,,3,4,0.75,5,6,11,1,3,6,2,4,13,13,52.7,1,2015-16
22015,201575,Brandon Rush,1610612744,GSW,Golden State Warriors,0021500788,2016-02-09,GSW vs. HOU,W,3,0,0,,0,0,,0,0,,0,1,1,0,0,0,0,3,0,-7,1.2,1,2015-16
22015,201939,Stephen Curry,1610612744,GSW,Golden State Warriors,0021500788,2016-02-09,GSW vs. HOU,W,38,12,24,0.5,7,16,0.438,4,4,1.0,1,4,5,9,1,0,1,2,35,3,56.5,1,2015-16
22015,202691,Klay Thompson,1610612744,GSW,Golden State Warriors,0021500788,2016-02-09,GSW vs. HOU,W,35,5,19,0.263,0,7,0.0,3,4,0.75,0,2,2,3,0,0,2,2,13,4,17.9,1,2015-16
22015,203084,Harrison Barnes,1610612744,GSW,Golden State Warriors,0021500788,2016-02-09,GSW vs. HOU,W,32,8,12,0.667,2,4,0.5,1,1,1.0,3,4,7,2,0,0,1,1,19,20,29.4,1,2015-16
22015,2746,Josh Smith,1610612745,HOU,Houston Rockets,0021500788,2016-02-09,HOU @ GSW,L,9,1,5,0.2,1,2,0.5,0,0,,0,0,0,3,0,0,0,0,3,-10,7.5,1,2015-16
22015,2772,Trevor Ariza,1610612745,HOU,Houston Rockets,0021500788,2016-02-09,HOU @ GSW,L,40,7,13,0.538,4,7,0.571,1,2,0.5,3,4,7,0,2,0,1,3,19,-4,32.4,1,2015-16
22015,2547,Chris Bosh,1610612748,MIA,Miami Heat,0021500784,2016-02-09,MIA vs. SAS,L,35,6,12,0.5,0,2,0.0,6,6,1.0,0,5,5,2,1,0,7,3,18,-14,23.0,1,2015-16
22015,203487,Michael Carter-Williams,1610612749,MIL,Milwaukee Bucks,0021500786,2016-02-09,MIL vs. BOS,W,26,6,8,0.75,0,1,0.0,4,6,0.667,1,5,6,5,1,0,2,5,16,7,31.7,1,2015-16
22015,204038,Langston Galloway,1610612752,NYK,New York Knicks,0021500785,2016-02-09,NYK vs. WAS,L,29,6,11,0.545,2,5,0.4,0,0,,0,5,5,5,2,0,2,5,14,7,31.5,1,2015-16
22015,203187,Chris Johnson,1610612762,UTA,Utah Jazz,0021500787,2016-02-09,UTA @ DAL,W,21,1,2,0.5,1,2,0.5,2,2,1.0,3,4,7,1,0,1,0,1,5,2,17.9,1,2015-16
22015,203475,Erick Green,1610612762,UTA,Utah Jazz,0021500787,2016-02-09,UTA @ DAL,W,12,2,5,0.4,0,2,0.0,0,0,,0,1,1,0,0,0,0,2,4,0,5.2,1,2015-16
22015,2400,Drew Gooden,1610612764,WAS,Washington Wizards,0021500785,2016-02-09,WAS @ NYK,W,7,0,2,0.0,0,1,0.0,0,0,,0,1,1,0,0,0,0,1,0,-7,1.2,1,2015-16
22015,202340,Avery Bradley,1610612738,BOS,Boston Celtics,0021500786,2016-02-09,BOS @ MIL,L,38,7,12,0.583,4,9,0.444,0,0,,0,4,4,4,2,0,3,2,18,22,31.8,1,2015-16
22015,202738,Isaiah Thomas,1610612738,BOS,Boston Celtics,0021500786,2016-02-09,BOS @ MIL,L,31,4,9,0.444,0,2,0.0,7,7,1.0,0,0,0,2,2,0,4,3,15,-8,20.0,1,2015-16
22015,203096,Jared Sullinger,1610612738,BOS,Boston Celtics,0021500786,2016-02-09,BOS @ MIL,L,20,2,8,0.25,0,2,0.0,0,0,,3,8,11,5,0,0,2,3,4,3,22.7,1,2015-16
22015,203935,Marcus Smart,1610612738,BOS,Boston Celtics,0021500786,2016-02-09,BOS @ MIL,L,21,3,8,0.375,1,5,0.2,5,6,0.833,1,3,4,2,2,0,2,2,12,-25,23.8,1,2015-16
22015,2738,Andre Iguodala,1610612744,GSW,Golden State Warriors,0021500788,2016-02-09,GSW vs. HOU,W,31,4,8,0.5,2,4,0.5,2,2,1.0,1,5,6,6,0,0,1,0,12,16,27.2,1,2015-16
22015,201147,Corey Brewer,1610612745,HOU,Houston Rockets,0021500788,2016-02-09,HOU @ GSW,L,28,3,9,0.333,1,5,0.2,2,2,1.0,1,4,5,2,0,0,1,3,9,-19,17.0,1,2015-16
22015,201976,Patrick Beverley,1610612745,HOU,Houston Rockets,0021500788,2016-02-09,HOU @ GSW,L,32,2,7,0.286,0,2,0.0,3,4,0.75,2,2,4,7,2,0,2,3,7,9,26.3,1,2015-16
22015,203991,Clint Capela,1610612745,HOU,Houston Rockets,0021500788,2016-02-09,HOU @ GSW,L,13,2,4,0.5,0,0,,0,0,,3,3,6,1,0,1,1,2,4,-9,14.7,1,2015-16
22015,2736,Luol Deng,1610612748,MIA,Miami Heat,0021500784,2016-02-09,MIA vs. SAS,L,26,3,7,0.429,2,5,0.4,3,5,0.6,0,2,2,0,1,0,0,0,11,-15,16.4,1,2015-16
22015,2757,Beno Udrih,1610612748,MIA,Miami Heat,0021500784,2016-02-09,MIA vs. SAS,L,19,5,7,0.714,0,0,,3,3,1.0,1,0,1,3,0,0,1,1,13,-6,17.7,1,2015-16
22015,202328,Greg Monroe,1610612749,MIL,Milwaukee Bucks,0021500786,2016-02-09,MIL vs. BOS,W,30,13,21,0.619,0,0,,3,6,0.5,6,6,12,3,1,2,3,1,29,9,53.9,1,2015-16
22015,203953,Jabari Parker,1610612749,MIL,Milwaukee Bucks,0021500786,2016-02-09,MIL vs. BOS,W,27,5,12,0.417,0,0,,0,1,0.0,1,2,3,2,1,0,1,0,10,-2,18.6,1,2015-16
22015,1626173,Rashad Vaughn,1610612749,MIL,Milwaukee Bucks,0021500786,2016-02-09,MIL vs. BOS,W,14,1,2,0.5,1,2,0.5,0,0,,0,2,2,0,0,0,0,0,3,10,5.4,1,2015-16
22015,2756,Sasha Vujacic,1610612752,NYK,New York Knicks,0021500785,2016-02-09,NYK vs. WAS,L,14,0,3,0.0,0,2,0.0,0,0,,2,4,6,2,1,0,0,1,0,10,13.2,1,2015-16
22015,101181,Jose Calderon,1610612752,NYK,New York Knicks,0021500785,2016-02-09,NYK vs. WAS,L,28,0,4,0.0,0,3,0.0,0,0,,0,3,3,6,1,0,1,1,0,-8,14.6,1,2015-16
22015,201167,Arron Afflalo,1610612752,NYK,New York Knicks,0021500785,2016-02-09,NYK vs. WAS,L,38,5,7,0.714,1,2,0.5,0,0,,0,2,2,0,0,0,1,3,11,-12,12.4,1,2015-16
22015,202498,Lance Thomas,1610612752,NYK,New York Knicks,0021500785,2016-02-09,NYK vs. WAS,L,11,1,5,0.2,0,2,0.0,0,2,0.0,0,0,0,0,0,0,0,1,2,-3,2.0,1,2015-16
22015,201980,Danny Green,1610612759,SAS,San Antonio Spurs,0021500784,2016-02-09,SAS @ MIA,W,31,6,10,0.6,2,4,0.5,1,2,0.5,2,5,7,3,3,1,1,2,15,21,38.9,1,2015-16
22015,202330,Gordon Hayward,1610612762,UTA,Utah Jazz,0021500787,2016-02-09,UTA @ DAL,W,45,8,20,0.4,0,6,0.0,4,5,0.8,0,5,5,4,1,0,1,4,20,5,34.0,1,2015-16
22015,1626168,Trey Lyles,1610612762,UTA,Utah Jazz,0021500787,2016-02-09,UTA @ DAL,W,14,4,7,0.571,0,2,0.0,3,4,0.75,1,2,3,2,0,0,1,1,11,14,16.6,1,2015-16
22015,203078,Bradley Beal,1610612764,WAS,Washington Wizards,0021500785,2016-02-09,WAS @ NYK,W,32,8,14,0.571,5,8,0.625,5,9,0.556,0,3,3,2,4,1,2,0,26,16,45.6,1,2015-16
22015,201973,Jonas Jerebko,1610612738,BOS,Boston Celtics,0021500786,2016-02-09,BOS @ MIL,L,15,6,8,0.75,1,1,1.0,0,0,,1,4,5,0,0,0,0,3,13,-1,19.0,1,2015-16
22015,101109,Raymond Felton,1610612742,DAL,Dallas Mavericks,0021500787,2016-02-09,DAL vs. UTA,L,28,5,9,0.556,1,2,0.5,6,6,1.0,1,6,7,5,1,0,0,2,17,-3,35.9,1,2015-16
22015,101114,Deron Williams,1610612742,DAL,Dallas Mavericks,0021500787,2016-02-09,DAL vs. UTA,L,42,5,12,0.417,2,3,0.667,11,13,0.846,0,2,2,5,1,0,3,3,23,2,32.9,1,2015-16
22015,200826,J.J. Barea,1610612742,DAL,Dallas Mavericks,0021500787,2016-02-09,DAL vs. UTA,L,15,2,5,0.4,1,2,0.5,0,0,,0,1,1,6,0,0,0,1,5,-9,15.2,1,2015-16
22015,1626147,Justin Anderson,1610612742,DAL,Dallas Mavericks,0021500787,2016-02-09,DAL vs. UTA,L,10,1,3,0.333,1,3,0.333,0,0,,0,1,1,0,1,0,0,1,3,-4,7.2,1,2015-16
22015,2571,Leandro Barbosa,1610612744,GSW,Golden State Warriors,0021500788,2016-02-09,GSW vs. HOU,W,13,2,7,0.286,0,1,0.0,0,0,,2,0,2,0,0,0,0,1,4,9,6.4,1,2015-16
22015,201977,Marcus Thornton,1610612745,HOU,Houston Rockets,0021500788,2016-02-09,HOU @ GSW,L,25,5,12,0.417,1,5,0.2,4,4,1.0,0,1,1,3,1,1,2,4,15,2,24.7,1,2015-16
22015,2405,Amar'e Stoudemire,1610612748,MIA,Miami Heat,0021500784,2016-02-09,MIA vs. SAS,L,13,1,3,0.333,0,0,,0,0,,0,8,8,2,0,2,0,3,2,0,20.6,1,2015-16
22015,201609,Goran Dragic,1610612748,MIA,Miami Heat,0021500784,2016-02-09,MIA vs. SAS,L,31,5,9,0.556,0,0,,0,2,0.0,0,1,1,6,1,0,4,2,10,-16,19.2,1,2015-16
22015,203950,Jarnell Stokes,1610612748,MIA,Miami Heat,0021500784,2016-02-09,MIA vs. SAS,L,3,0,0,,0,0,,1,2,0.5,0,0,0,0,1,0,0,1,1,4,4.0,1,2015-16
22015,1626159,Justise Winslow,1610612748,MIA,Miami Heat,0021500784,2016-02-09,MIA vs. SAS,L,24,1,2,0.5,0,1,0.0,0,0,,0,0,0,1,0,0,2,2,2,-9,1.5,1,2015-16
22015,201564,O.J. Mayo,1610612749,MIL,Milwaukee Bucks,0021500786,2016-02-09,MIL vs. BOS,W,18,0,2,0.0,0,2,0.0,0,0,,0,1,1,6,0,0,1,4,0,-2,9.2,1,2015-16
22015,203507,Giannis Antetokounmpo,1610612749,MIL,Milwaukee Bucks,0021500786,2016-02-09,MIL vs. BOS,W,37,6,12,0.5,0,1,0.0,2,2,1.0,1,2,3,2,2,3,0,2,14,0,35.6,1,2015-16
22015,2546,Carmelo Anthony,1610612752,NYK,New York Knicks,0021500785,2016-02-09,NYK vs. WAS,L,39,12,22,0.545,3,6,0.5,6,6,1.0,1,12,13,2,2,0,4,3,33,-2,53.6,1,2015-16
22015,202338,Kevin Seraphin,1610612752,NYK,New York Knicks,0021500785,2016-02-09,NYK vs. WAS,L,15,4,6,0.667,0,0,,0,0,,0,2,2,3,0,1,3,3,8,8,14.9,1,2015-16
22015,204001,Kristaps Porziņģis,1610612752,NYK,New York Knicks,0021500785,2016-02-09,NYK vs. WAS,L,30,8,14,0.571,2,6,0.333,2,2,1.0,2,3,5,3,0,3,3,2,20,-2,36.5,1,2015-16
22015,2225,Tony Parker,1610612759,SAS,San Antonio Spurs,0021500784,2016-02-09,SAS @ MIA,W,28,3,10,0.3,0,0,,1,1,1.0,0,2,2,5,2,0,0,0,7,20,22.9,1,2015-16
22015,2446,Rasual Butler,1610612759,SAS,San Antonio Spurs,0021500784,2016-02-09,SAS @ MIA,W,11,1,3,0.333,0,2,0.0,0,0,,0,0,0,2,0,0,0,0,2,-7,5.0,1,2015-16
22015,200746,LaMarcus Aldridge,1610612759,SAS,San Antonio Spurs,0021500784,2016-02-09,SAS @ MIA,W,32,10,16,0.625,0,0,,8,8,1.0,0,4,4,4,0,1,0,1,28,14,41.8,1,2015-16
22015,1626246,Boban Marjanovic,1610612759,SAS,San Antonio Spurs,0021500784,2016-02-09,SAS @ MIA,W,13,3,5,0.6,0,0,,5,7,0.714,2,4,6,0,1,0,1,1,11,-4,20.2,1,2015-16
22015,202344,Trevor Booker,1610612762,UTA,Utah Jazz,0021500787,2016-02-09,UTA @ DAL,W,19,4,4,1.0,0,0,,0,0,,3,1,4,0,0,0,1,3,8,3,11.8,1,2015-16
22015,203526,Raul Neto,1610612762,UTA,Utah Jazz,0021500787,2016-02-09,UTA @ DAL,W,19,3,4,0.75,1,2,0.5,1,2,0.5,0,0,0,2,1,0,1,6,8,7,13.0,1,2015-16
22015,201196,Ramon Sessions,1610612764,WAS,Washington Wizards,0021500785,2016-02-09,WAS @ NYK,W,12,2,5,0.4,0,1,0.0,3,6,0.5,0,2,2,1,0,0,1,0,7,-11,9.9,1,2015-16
22015,202323,Evan Turner,1610612738,BOS,Boston Celtics,0021500786,2016-02-09,BOS @ MIL,L,30,2,8,0.25,0,0,,2,2,1.0,3,3,6,10,0,1,4,1,6,-11,27.2,1,2015-16
22015,203482,Kelly Olynyk,1610612738,BOS,Boston Celtics,0021500786,2016-02-09,BOS @ MIL,L,16,5,9,0.556,1,4,0.25,4,4,1.0,2,1,3,0,1,0,0,3,15,3,21.6,1,2015-16
22015,1717,Dirk Nowitzki,1610612742,DAL,Dallas Mavericks,0021500787,2016-02-09,DAL vs. UTA,L,40,6,14,0.429,1,6,0.167,4,4,1.0,0,9,9,0,1,0,1,4,17,14,29.8,1,2015-16
22015,203939,Dwight Powell,1610612742,DAL,Dallas Mavericks,0021500787,2016-02-09,DAL vs. UTA,L,12,3,3,1.0,0,0,,1,1,1.0,0,2,2,0,0,0,1,0,7,-4,8.4,1,2015-16
22015,2733,Shaun Livingston,1610612744,GSW,Golden State Warriors,0021500788,2016-02-09,GSW vs. HOU,W,16,1,2,0.5,0,0,,2,2,1.0,0,2,2,2,1,0,1,4,4,6,11.4,1,2015-16
22015,2730,Dwight Howard,1610612745,HOU,Houston Rockets,0021500788,2016-02-09,HOU @ GSW,L,34,7,12,0.583,0,0,,2,10,0.2,4,11,15,2,0,1,4,5,16,-4,36.0,1,2015-16
22015,201951,Ty Lawson,1610612745,HOU,Houston Rockets,0021500788,2016-02-09,HOU @ GSW,L,16,0,4,0.0,0,2,0.0,0,0,,0,0,0,1,0,0,0,0,0,-22,1.5,1,2015-16
22015,2548,Dwyane Wade,1610612748,MIA,Miami Heat,0021500784,2016-02-09,MIA vs. SAS,L,31,9,12,0.75,0,0,,2,3,0.667,0,0,0,5,1,0,2,2,20,-14,28.5,1,2015-16
22015,101123,Gerald Green,1610612748,MIA,Miami Heat,0021500784,2016-02-09,MIA vs. SAS,L,23,3,7,0.429,2,4,0.5,0,0,,0,5,5,0,0,0,0,0,8,-8,14.0,1,2015-16
22015,201177,Josh McRoberts,1610612748,MIA,Miami Heat,0021500784,2016-02-09,MIA vs. SAS,L,11,1,2,0.5,0,0,,0,0,,0,3,3,2,2,1,0,2,2,-2,17.6,1,2015-16
22015,202355,Hassan Whiteside,1610612748,MIA,Miami Heat,0021500784,2016-02-09,MIA vs. SAS,L,25,6,9,0.667,0,0,,2,3,0.667,0,6,6,0,0,2,1,4,14,-10,26.2,1,2015-16
22015,201573,Jerryd Bayless,1610612749,MIL,Milwaukee Bucks,0021500786,2016-02-09,MIL vs. BOS,W,32,5,9,0.556,4,6,0.667,0,0,,0,1,1,2,0,0,3,5,14,-4,15.2,1,2015-16
22015,203101,Miles Plumlee,1610612749,MIL,Milwaukee Bucks,0021500786,2016-02-09,MIL vs. BOS,W,18,3,6,0.5,0,0,,0,0,,1,4,5,0,0,1,1,0,6,-8,14.0,1,2015-16
22015,203114,Khris Middleton,1610612749,MIL,Milwaukee Bucks,0021500786,2016-02-09,MIL vs. BOS,W,38,6,16,0.375,2,7,0.286,6,8,0.75,1,4,5,5,0,0,3,3,20,-5,30.5,1,2015-16
22015,201577,Robin Lopez,1610612752,NYK,New York Knicks,0021500785,2016-02-09,NYK vs. WAS,L,27,6,9,0.667,0,0,,2,2,1.0,2,6,8,1,0,1,1,1,14,-12,27.1,1,2015-16
22015,201988,Patty Mills,1610612759,SAS,San Antonio Spurs,0021500784,2016-02-09,SAS @ MIA,W,16,2,6,0.333,2,5,0.4,2,3,0.667,1,2,3,1,1,0,0,1,8,0,16.1,1,2015-16
22015,203492,Ray McCallum,1610612759,SAS,San Antonio Spurs,0021500784,2016-02-09,SAS @ MIA,W,5,0,1,0.0,0,0,,0,0,,0,0,0,0,0,0,0,0,0,-2,0.0,1,2015-16
22015,203613,Jonathon Simmons,1610612759,SAS,San Antonio Spurs,0021500784,2016-02-09,SAS @ MIA,W,23,5,9,0.556,0,0,,0,1,0.0,1,3,4,1,0,0,2,3,10,5,14.3,1,2015-16
22015,203497,Rudy Gobert,1610612762,UTA,Utah Jazz,0021500787,2016-02-09,UTA @ DAL,W,37,5,6,0.833,0,0,,4,6,0.667,3,7,10,3,0,1,2,3,14,-16,31.5,1,2015-16
22015,101162,Marcin Gortat,1610612764,WAS,Washington Wizards,0021500785,2016-02-09,WAS @ NYK,W,28,6,9,0.667,0,0,,2,2,1.0,1,9,10,1,0,2,2,4,14,6,31.5,1,2015-16
22015,201162,Jared Dudley,1610612764,WAS,Washington Wizards,0021500785,2016-02-09,WAS @ NYK,W,31,5,8,0.625,4,5,0.8,0,0,,0,3,3,2,2,0,2,2,14,3,24.6,1,2015-16
22015,202066,Garrett Temple,1610612764,WAS,Washington Wizards,0021500785,2016-02-09,WAS @ NYK,W,32,2,4,0.5,1,2,0.5,0,0,,0,1,1,1,0,0,1,4,5,5,6.7,1,2015-16
22015,202322,John Wall,1610612764,WAS,Washington Wizards,0021500785,2016-02-09,WAS @ NYK,W,43,10,24,0.417,3,5,0.6,5,6,0.833,0,5,5,17,1,0,1,1,28,8,61.5,1,2015-16
22015,203110,Draymond Green,1610612744,GSW,Golden State Warriors,0021500788,2016-02-09,GSW vs. HOU,W,32,2,3,0.667,0,0,,4,4,1.0,2,7,9,5,0,0,2,5,8,2,24.3,1,2015-16
22015,202695,Kawhi Leonard,1610612759,SAS,San Antonio Spurs,0021500784,2016-02-09,SAS @ MIA,W,33,11,17,0.647,1,1,1.0,0,0,,2,7,9,4,3,1,3,1,23,23,48.8,1,2015-16
22015,204060,Joe Ingles,1610612762,UTA,Utah Jazz,0021500787,2016-02-09,UTA @ DAL,W,18,2,4,0.5,2,4,0.5,0,0,,0,1,1,0,0,0,2,1,6,-1,5.2,1,2015-16
22015,2743,Kris Humphries,1610612764,WAS,Washington Wizards,0021500785,2016-02-09,WAS @ NYK,W,4,0,1,0.0,0,1,0.0,0,0,,0,2,2,0,0,0,0,0,0,3,2.4,1,2015-16
22015,2594,Kyle Korver,1610612737,ATL,Atlanta Hawks,0021500796,2016-02-10,ATL @ CHI,W,30,3,6,0.5,2,3,0.667,2,2,1.0,0,4,4,3,2,1,0,1,10,11,28.3,1,2015-16
22015,201143,Al Horford,1610612737,ATL,Atlanta Hawks,0021500796,2016-02-10,ATL @ CHI,W,29,7,11,0.636,2,4,0.5,0,0,,1,3,4,2,0,2,1,1,16,16,28.8,1,2015-16
22015,202714,Shelvin Mack,1610612737,ATL,Atlanta Hawks,0021500796,2016-02-10,ATL @ CHI,W,2,0,1,0.0,0,1,0.0,0,0,,0,0,0,1,1,0,0,0,0,2,4.5,1,2015-16
22015,202323,Evan Turner,1610612738,BOS,Boston Celtics,0021500792,2016-02-10,BOS vs. LAC,W,31,6,14,0.429,0,0,,2,4,0.5,1,5,6,6,0,0,0,2,14,0,30.2,1,2015-16
22015,2544,LeBron James,1610612739,CLE,Cleveland Cavaliers,0021500795,2016-02-10,CLE vs. LAL,W,37,12,22,0.545,3,6,0.5,2,5,0.4,1,6,7,11,1,0,1,1,29,16,55.9,1,2015-16
22015,202684,Tristan Thompson,1610612739,CLE,Cleveland Cavaliers,0021500795,2016-02-10,CLE vs. LAL,W,34,6,6,1.0,0,0,,3,3,1.0,7,6,13,4,0,1,0,2,15,18,39.6,1,2015-16
22015,201565,Derrick Rose,1610612741,CHI,Chicago Bulls,0021500796,2016-02-10,CHI vs. ATL,L,29,6,18,0.333,2,2,1.0,0,0,,2,3,5,3,1,0,2,2,14,-14,25.5,1,2015-16
22015,201959,Taj Gibson,1610612741,CHI,Chicago Bulls,0021500796,2016-02-10,CHI vs. ATL,L,22,2,3,0.667,0,0,,0,0,,1,2,3,1,0,2,0,2,4,-1,15.1,1,2015-16
22015,203946,Cameron Bairstow,1610612741,CHI,Chicago Bulls,0021500796,2016-02-10,CHI vs. ATL,L,14,0,4,0.0,0,0,,0,0,,0,3,3,1,1,0,0,1,0,-13,8.1,1,2015-16
22015,1626144,Emmanuel Mudiay,1610612743,DEN,Denver Nuggets,0021500794,2016-02-10,DEN @ DET,W,34,6,12,0.5,1,3,0.333,1,3,0.333,0,4,4,6,2,1,2,1,14,15,34.8,1,2015-16
22015,2571,Leandro Barbosa,1610612744,GSW,Golden State Warriors,0021500799,2016-02-10,GSW @ PHX,W,15,5,9,0.556,0,1,0.0,2,2,1.0,0,1,1,0,0,1,0,4,12,-8,16.2,1,2015-16
22015,2730,Dwight Howard,1610612745,HOU,Houston Rockets,0021500800,2016-02-10,HOU @ POR,L,35,13,17,0.765,0,0,,2,7,0.286,4,9,13,2,0,1,3,1,28,-24,46.6,1,2015-16
22015,201977,Marcus Thornton,1610612745,HOU,Houston Rockets,0021500800,2016-02-10,HOU @ POR,L,14,2,6,0.333,1,4,0.25,1,2,0.5,0,1,1,1,0,0,3,5,6,7,5.7,1,2015-16
22015,203991,Clint Capela,1610612745,HOU,Houston Rockets,0021500800,2016-02-10,HOU @ POR,L,17,0,1,0.0,0,0,,1,6,0.167,2,8,10,0,0,0,0,2,1,1,13.0,1,2015-16
22015,1626149,Montrezl Harrell,1610612745,HOU,Houston Rockets,0021500800,2016-02-10,HOU @ POR,L,6,1,1,1.0,0,0,,0,1,0.0,0,1,1,0,1,1,0,0,2,8,9.2,1,2015-16
22015,202325,Wesley Johnson,1610612746,LAC,LA Clippers,0021500792,2016-02-10,LAC @ BOS,L,22,2,5,0.4,1,3,0.333,2,2,1.0,0,3,3,1,1,4,1,4,7,9,26.1,1,2015-16
22015,203944,Julius Randle,1610612747,LAL,Los Angeles Lakers,0021500795,2016-02-10,LAL @ CLE,L,27,2,7,0.286,0,0,,3,4,0.75,1,7,8,0,0,0,1,3,7,-25,15.6,1,2015-16
22015,203952,Andrew Wiggins,1610612750,MIN,Minnesota Timberwolves,0021500797,2016-02-10,MIN vs. TOR,W,37,8,18,0.444,0,2,0.0,10,13,0.769,1,2,3,0,2,1,1,5,26,15,37.6,1,2015-16
22015,203901,Elfrid Payton,1610612753,ORL,Orlando Magic,0021500790,2016-02-10,ORL vs. SAS,L,42,5,11,0.455,0,1,0.0,3,4,0.75,1,5,6,7,2,0,2,3,13,-4,34.7,1,2015-16
22015,101145,Monta Ellis,1610612754,IND,Indiana Pacers,0021500789,2016-02-10,IND vs. CHA,L,37,5,9,0.556,0,2,0.0,0,0,,0,1,1,4,1,0,0,3,10,-12,20.2,1,2015-16
22015,201978,Chase Budinger,1610612754,IND,Indiana Pacers,0021500789,2016-02-10,IND vs. CHA,L,8,2,3,0.667,0,0,,0,0,,2,0,2,0,1,0,0,1,4,-4,9.4,1,2015-16
22015,203524,Solomon Hill,1610612754,IND,Indiana Pacers,0021500789,2016-02-10,IND vs. CHA,L,16,2,4,0.5,0,0,,0,0,,0,1,1,1,1,0,0,0,4,-2,9.7,1,2015-16
22015,201171,Carl Landry,1610612755,PHI,Philadelphia 76ers,0021500791,2016-02-10,PHI vs. SAC,L,6,1,3,0.333,0,0,,0,0,,2,1,3,1,0,0,1,1,2,14,6.1,1,2015-16
22015,203477,Isaiah Canaan,1610612755,PHI,Philadelphia 76ers,0021500791,2016-02-10,PHI vs. SAC,L,16,2,7,0.286,2,6,0.333,0,0,,0,0,0,0,0,0,0,4,6,-5,6.0,1,2015-16
22015,203917,Nik Stauskas,1610612755,PHI,Philadelphia 76ers,0021500791,2016-02-10,PHI vs. SAC,L,31,6,10,0.6,4,5,0.8,0,0,,0,2,2,3,1,0,0,0,16,1,25.9,1,2015-16
22015,2199,Tyson Chandler,1610612756,PHX,Phoenix Suns,0021500799,2016-02-10,PHX vs. GSW,L,27,5,6,0.833,0,0,,3,5,0.6,2,8,10,1,1,0,1,1,13,-3,28.5,1,2015-16
22015,202693,Markieff Morris,1610612756,PHX,Phoenix Suns,0021500799,2016-02-10,PHX vs. GSW,L,36,9,19,0.474,0,2,0.0,1,2,0.5,0,8,8,4,1,1,1,4,19,-7,39.6,1,2015-16
22015,201945,Gerald Henderson,1610612757,POR,Portland Trail Blazers,0021500800,2016-02-10,POR vs. HOU,W,32,3,10,0.3,0,3,0.0,7,10,0.7,1,3,4,0,1,0,1,1,13,17,19.8,1,2015-16
22015,200752,Rudy Gay,1610612758,SAC,Sacramento Kings,0021500791,2016-02-10,SAC @ PHI,W,41,9,20,0.45,2,6,0.333,2,2,1.0,2,2,4,1,1,3,4,3,22,15,36.3,1,2015-16
22015,202341,James Anderson,1610612758,SAC,Sacramento Kings,0021500791,2016-02-10,SAC @ PHI,W,5,0,1,0.0,0,1,0.0,0,0,,0,1,1,0,1,0,0,0,0,-2,4.2,1,2015-16
22015,1495,Tim Duncan,1610612759,SAS,San Antonio Spurs,0021500790,2016-02-10,SAS @ ORL,W,18,2,9,0.222,0,0,,1,1,1.0,2,5,7,5,0,3,1,1,5,4,28.9,1,2015-16
22015,201980,Danny Green,1610612759,SAS,San Antonio Spurs,0021500790,2016-02-10,SAS @ ORL,W,35,4,11,0.364,2,8,0.25,2,2,1.0,1,4,5,2,0,1,2,1,12,7,22.0,1,2015-16
22015,203613,Jonathon Simmons,1610612759,SAS,San Antonio Spurs,0021500790,2016-02-10,SAS @ ORL,W,16,0,4,0.0,0,1,0.0,0,0,,0,0,0,0,0,0,1,3,0,-4,-1.0,1,2015-16
22015,202685,Jonas Valančiūnas,1610612761,TOR,Toronto Raptors,0021500797,2016-02-10,TOR @ MIN,L,24,4,4,1.0,0,0,,4,4,1.0,2,5,7,2,1,1,2,3,12,-9,27.4,1,2015-16
22015,203082,Terrence Ross,1610612761,TOR,Toronto Raptors,0021500797,2016-02-10,TOR @ MIN,L,27,4,10,0.4,3,7,0.429,0,0,,0,3,3,2,0,0,1,5,11,9,16.6,1,2015-16
22015,203512,Lucas Nogueira,1610612761,TOR,Toronto Raptors,0021500797,2016-02-10,TOR @ MIN,L,4,1,2,0.5,0,0,,0,0,,0,1,1,0,0,0,0,0,2,-1,3.2,1,2015-16
22015,1626153,Delon Wright,1610612761,TOR,Toronto Raptors,0021500797,2016-02-10,TOR @ MIN,L,3,0,1,0.0,0,0,,0,0,,0,0,0,0,0,0,0,1,0,-3,0.0,1,2015-16
22015,1626181,Norman Powell,1610612761,TOR,Toronto Raptors,0021500797,2016-02-10,TOR @ MIN,L,12,4,6,0.667,0,2,0.0,0,0,,0,2,2,0,0,0,0,2,8,-11,10.4,1,2015-16
22015,1626168,Trey Lyles,1610612762,UTA,Utah Jazz,0021500798,2016-02-10,UTA @ NOP,L,3,0,3,0.0,0,1,0.0,0,0,,0,0,0,0,0,0,0,1,0,-3,0.0,1,2015-16
22015,1713,Vince Carter,1610612763,MEM,Memphis Grizzlies,0021500793,2016-02-10,MEM @ BKN,W,21,4,9,0.444,1,4,0.25,2,2,1.0,1,2,3,2,1,0,2,0,11,0,18.6,1,2015-16
22015,200797,Ryan Hollins,1610612763,MEM,Memphis Grizzlies,0021500793,2016-02-10,MEM @ BKN,W,25,3,6,0.5,0,0,,0,0,,3,1,4,1,0,0,2,4,6,-1,10.3,1,2015-16
22015,201229,Anthony Tolliver,1610612765,DET,Detroit Pistons,0021500794,2016-02-10,DET vs. DEN,L,35,2,7,0.286,2,6,0.333,0,0,,1,6,7,1,2,1,1,2,6,-15,23.9,1,2015-16
22015,202391,Jeremy Lin,1610612766,CHA,Charlotte Hornets,0021500789,2016-02-10,CHA @ IND,W,28,5,9,0.556,2,2,1.0,2,2,1.0,1,4,5,4,3,2,2,1,14,8,39.0,1,2015-16
22015,203798,PJ Hairston,1610612766,CHA,Charlotte Hornets,0021500789,2016-02-10,CHA @ IND,W,2,0,0,,0,0,,0,0,,0,0,0,0,0,0,0,0,0,0,0.0,1,2015-16
22015,203145,Kent Bazemore,1610612737,ATL,Atlanta Hawks,0021500796,2016-02-10,ATL @ CHI,W,26,1,6,0.167,0,2,0.0,0,0,,0,6,6,0,2,1,3,0,2,5,15.2,1,2015-16
22015,203471,Dennis Schröder,1610612737,ATL,Atlanta Hawks,0021500796,2016-02-10,ATL @ CHI,W,18,6,10,0.6,3,5,0.6,3,4,0.75,0,2,2,4,1,0,1,1,18,12,28.4,1,2015-16
22015,201973,Jonas Jerebko,1610612738,BOS,Boston Celtics,0021500792,2016-02-10,BOS vs. LAC,W,21,1,5,0.2,1,4,0.25,2,2,1.0,1,5,6,0,0,0,0,4,5,6,12.2,1,2015-16
22015,201567,Kevin Love,1610612739,CLE,Cleveland Cavaliers,0021500795,2016-02-10,CLE vs. LAL,W,20,2,9,0.222,2,5,0.4,2,2,1.0,0,6,6,3,1,0,0,2,8,16,22.7,1,2015-16
22015,2550,Kirk Hinrich,1610612741,CHI,Chicago Bulls,0021500796,2016-02-10,CHI vs. ATL,L,10,1,1,1.0,0,0,,0,0,,0,0,0,2,0,0,1,1,2,-7,4.0,1,2015-16
22015,201166,Aaron Brooks,1610612741,CHI,Chicago Bulls,0021500796,2016-02-10,CHI vs. ATL,L,13,4,7,0.571,1,2,0.5,0,0,,0,2,2,0,1,0,2,3,9,-7,12.4,1,2015-16
22015,202734,E'Twaun Moore,1610612741,CHI,Chicago Bulls,0021500796,2016-02-10,CHI vs. ATL,L,29,4,10,0.4,0,1,0.0,0,2,0.0,2,4,6,5,2,0,4,2,8,-10,24.7,1,2015-16
22015,203926,Doug McDermott,1610612741,CHI,Chicago Bulls,0021500796,2016-02-10,CHI vs. ATL,L,37,6,12,0.5,2,5,0.4,3,3,1.0,0,3,3,1,1,0,3,1,17,-29,22.1,1,2015-16
22015,1626245,Cristiano Felicio,1610612741,CHI,Chicago Bulls,0021500796,2016-02-10,CHI vs. ATL,L,4,0,0,,0,0,,0,0,,0,0,0,1,0,0,1,0,0,-4,0.5,1,2015-16
22015,200751,Randy Foye,1610612743,DEN,Denver Nuggets,0021500794,2016-02-10,DEN @ DET,W,21,2,4,0.5,2,3,0.667,0,0,,0,2,2,2,0,0,0,2,6,6,11.4,1,2015-16
22015,203994,Jusuf Nurkić,1610612743,DEN,Denver Nuggets,0021500794,2016-02-10,DEN @ DET,W,24,8,12,0.667,0,1,0.0,0,0,,3,8,11,2,1,1,3,3,16,2,35.2,1,2015-16
22015,101106,Andrew Bogut,1610612744,GSW,Golden State Warriors,0021500799,2016-02-10,GSW @ PHX,W,23,2,2,1.0,0,0,,0,0,,0,9,9,2,2,3,0,2,4,14,32.8,1,2015-16
22015,202691,Klay Thompson,1610612744,GSW,Golden State Warriors,0021500799,2016-02-10,GSW @ PHX,W,33,8,20,0.4,5,13,0.385,3,3,1.0,0,3,3,1,5,0,2,2,24,15,42.1,1,2015-16
22015,1626172,Kevon Looney,1610612744,GSW,Golden State Warriors,0021500799,2016-02-10,GSW @ PHX,W,2,1,2,0.5,1,1,1.0,0,0,,0,0,0,0,0,0,0,0,3,-7,3.0,1,2015-16
22015,1891,Jason Terry,1610612745,HOU,Houston Rockets,0021500800,2016-02-10,HOU @ POR,L,17,3,8,0.375,2,5,0.4,0,0,,0,0,0,0,0,0,0,0,8,4,8.0,1,2015-16
22015,201951,Ty Lawson,1610612745,HOU,Houston Rockets,0021500800,2016-02-10,HOU @ POR,L,9,0,0,,0,0,,0,0,,0,1,1,0,0,0,0,1,0,-3,1.2,1,2015-16
22015,2037,Jamal Crawford,1610612746,LAC,LA Clippers,0021500792,2016-02-10,LAC @ BOS,L,38,4,17,0.235,2,8,0.25,8,10,0.8,0,5,5,4,0,0,2,3,18,4,28.0,1,2015-16
22015,201601,Luc Mbah a Moute,1610612746,LAC,LA Clippers,0021500792,2016-02-10,LAC @ BOS,L,16,1,3,0.333,0,0,,0,0,,0,1,1,1,0,0,0,2,2,-15,4.7,1,2015-16
22015,201965,Jeff Ayres,1610612746,LAC,LA Clippers,0021500792,2016-02-10,LAC @ BOS,L,2,2,2,1.0,0,0,,0,0,,1,0,1,0,0,0,0,1,4,-3,5.2,1,2015-16
22015,201579,Roy Hibbert,1610612747,LAL,Los Angeles Lakers,0021500795,2016-02-10,LAL @ CLE,L,17,4,6,0.667,0,0,,1,2,0.5,2,1,3,0,0,0,1,2,9,-17,11.6,1,2015-16
22015,1626156,D'Angelo Russell,1610612747,LAL,Los Angeles Lakers,0021500795,2016-02-10,LAL @ CLE,L,28,5,11,0.455,3,5,0.6,2,2,1.0,1,1,2,3,2,0,4,2,15,11,23.9,1,2015-16
22015,203476,Gorgui Dieng,1610612750,MIN,Minnesota Timberwolves,0021500797,2016-02-10,MIN vs. TOR,W,41,4,7,0.571,0,0,,6,9,0.667,3,7,10,6,2,1,2,2,14,11,42.0,1,2015-16
22015,203498,Shabazz Muhammad,1610612750,MIN,Minnesota Timberwolves,0021500797,2016-02-10,MIN vs. TOR,W,21,1,6,0.167,0,1,0.0,6,6,1.0,1,2,3,0,0,0,0,3,8,-4,11.6,1,2015-16
22015,203897,Zach LaVine,1610612750,MIN,Minnesota Timberwolves,0021500797,2016-02-10,MIN vs. TOR,W,38,4,13,0.308,1,4,0.25,4,6,0.667,1,3,4,5,0,1,1,3,13,-1,27.3,1,2015-16
22015,202711,Bojan Bogdanovic,1610612751,BKN,Brooklyn Nets,0021500793,2016-02-10,BKN vs. MEM,L,16,3,6,0.5,3,4,0.75,2,2,1.0,2,0,2,0,0,0,2,0,11,-24,11.4,1,2015-16
22015,203900,Markel Brown,1610612751,BKN,Brooklyn Nets,0021500793,2016-02-10,BKN vs. MEM,L,24,3,7,0.429,3,5,0.6,1,2,0.5,0,0,0,2,0,0,1,2,10,-13,12.0,1,2015-16
22015,203473,Dewayne Dedmon,1610612753,ORL,Orlando Magic,0021500790,2016-02-10,ORL vs. SAS,L,11,1,5,0.2,0,0,,0,0,,6,3,9,2,0,1,1,0,2,-3,17.8,1,2015-16
22015,203506,Victor Oladipo,1610612753,ORL,Orlando Magic,0021500790,2016-02-10,ORL vs. SAS,L,40,6,14,0.429,2,4,0.5,0,0,,0,3,3,1,2,0,4,1,14,-1,21.1,1,2015-16
22015,101133,Ian Mahinmi,1610612754,IND,Indiana Pacers,0021500789,2016-02-10,IND vs. CHA,L,26,4,8,0.5,0,0,,0,0,,2,6,8,3,1,0,1,0,8,-4,24.1,1,2015-16
22015,101139,CJ Miles,1610612754,IND,Indiana Pacers,0021500789,2016-02-10,IND vs. CHA,L,15,3,11,0.273,0,3,0.0,1,2,0.5,1,1,2,1,2,1,1,1,7,-17,18.9,1,2015-16
22015,203138,Hollis Thompson,1610612755,PHI,Philadelphia 76ers,0021500791,2016-02-10,PHI vs. SAC,L,23,3,11,0.273,1,7,0.143,0,0,,3,5,8,0,0,0,0,0,7,-10,16.6,1,2015-16
22015,203496,Robert Covington,1610612755,PHI,Philadelphia 76ers,0021500791,2016-02-10,PHI vs. SAC,L,32,9,16,0.563,7,11,0.636,4,6,0.667,2,3,5,1,6,0,7,5,29,-5,47.5,1,2015-16
22015,1626143,Jahlil Okafor,1610612755,PHI,Philadelphia 76ers,0021500791,2016-02-10,PHI vs. SAC,L,39,11,18,0.611,0,0,,4,5,0.8,3,7,10,5,0,2,6,5,26,-10,45.5,1,2015-16
22015,1626164,Devin Booker,1610612756,PHX,Phoenix Suns,0021500799,2016-02-10,PHX vs. GSW,L,42,5,11,0.455,1,4,0.25,4,6,0.667,0,7,7,10,2,0,7,2,15,-7,37.4,1,2015-16
22015,204025,Tim Frazier,1610612757,POR,Portland Trail Blazers,0021500800,2016-02-10,POR vs. HOU,W,1,0,0,,0,0,,0,0,,0,0,0,0,0,0,0,0,0,-3,0.0,1,2015-16
22015,201954,Darren Collison,1610612758,SAC,Sacramento Kings,0021500791,2016-02-10,SAC @ PHI,W,32,9,12,0.75,2,2,1.0,5,6,0.833,0,3,3,3,0,0,1,1,25,10,32.1,1,2015-16
22015,201956,Omri Casspi,1610612758,SAC,Sacramento Kings,0021500791,2016-02-10,SAC @ PHI,W,20,1,3,0.333,0,0,,0,0,,1,4,5,2,0,0,0,2,2,-10,11.0,1,2015-16
22015,202326,DeMarcus Cousins,1610612758,SAC,Sacramento Kings,0021500791,2016-02-10,SAC @ PHI,W,36,8,18,0.444,0,2,0.0,12,17,0.706,4,8,12,5,2,0,4,5,28,11,51.9,1,2015-16
22015,1626161,Willie Cauley-Stein,1610612758,SAC,Sacramento Kings,0021500791,2016-02-10,SAC @ PHI,W,17,1,3,0.333,0,0,,1,2,0.5,2,1,3,1,0,0,0,0,3,-14,8.1,1,2015-16
22015,2446,Rasual Butler,1610612759,SAS,San Antonio Spurs,0021500790,2016-02-10,SAS @ ORL,W,6,0,0,,0,0,,0,0,,0,1,1,0,0,1,0,0,0,8,4.2,1,2015-16
22015,2561,David West,1610612759,SAS,San Antonio Spurs,0021500790,2016-02-10,SAS @ ORL,W,12,2,4,0.5,0,0,,0,0,,1,1,2,0,0,1,2,1,4,-4,7.4,1,2015-16
22015,202695,Kawhi Leonard,1610612759,SAS,San Antonio Spurs,0021500790,2016-02-10,SAS @ ORL,W,33,12,19,0.632,3,3,1.0,2,2,1.0,1,6,7,2,2,1,2,2,29,6,47.4,1,2015-16
22015,1626246,Boban Marjanovic,1610612759,SAS,San Antonio Spurs,0021500790,2016-02-10,SAS @ ORL,W,3,0,0,,0,0,,0,0,,0,0,0,0,0,0,0,0,0,1,0.0,1,2015-16
22015,201942,DeMar DeRozan,1610612761,TOR,Toronto Raptors,0021500797,2016-02-10,TOR @ MIN,L,37,11,19,0.579,3,3,1.0,10,13,0.769,1,2,3,4,0,1,1,5,35,-9,46.6,1,2015-16
22015,202687,Bismack Biyombo,1610612761,TOR,Toronto Raptors,0021500797,2016-02-10,TOR @ MIN,L,20,2,2,1.0,0,0,,2,2,1.0,2,4,6,0,1,6,0,3,6,5,34.2,1,2015-16
22015,203187,Chris Johnson,1610612762,UTA,Utah Jazz,0021500798,2016-02-10,UTA @ NOP,L,22,1,2,0.5,1,2,0.5,0,0,,0,4,4,2,0,1,0,3,3,-5,13.8,1,2015-16
22015,203475,Erick Green,1610612762,UTA,Utah Jazz,0021500798,2016-02-10,UTA @ NOP,L,4,1,2,0.5,1,1,1.0,2,2,1.0,1,0,1,0,1,0,0,0,5,-2,9.2,1,2015-16
22015,203497,Rudy Gobert,1610612762,UTA,Utah Jazz,0021500798,2016-02-10,UTA @ NOP,L,33,3,4,0.75,0,0,,6,8,0.75,2,12,14,1,0,2,3,4,12,1,33.3,1,2015-16
22015,2216,Zach Randolph,1610612763,MEM,Memphis Grizzlies,0021500793,2016-02-10,MEM @ BKN,W,27,6,12,0.5,1,1,1.0,2,2,1.0,1,2,3,6,3,1,1,2,15,18,38.6,1,2015-16
22015,201596,Mario Chalmers,1610612763,MEM,Memphis Grizzlies,0021500793,2016-02-10,MEM @ BKN,W,25,5,7,0.714,0,0,,0,0,,0,6,6,3,1,1,2,1,10,6,25.7,1,2015-16
22015,201943,Brandon Jennings,1610612765,DET,Detroit Pistons,0021500794,2016-02-10,DET vs. DEN,L,29,6,12,0.5,4,8,0.5,0,0,,0,3,3,1,0,0,2,2,16,-11,19.1,1,2015-16
22015,203382,Aron Baynes,1610612765,DET,Detroit Pistons,0021500794,2016-02-10,DET vs. DEN,L,19,5,7,0.714,0,1,0.0,0,0,,0,7,7,0,0,2,1,1,10,3,23.4,1,2015-16
22015,201150,Spencer Hawes,1610612766,CHA,Charlotte Hornets,0021500789,2016-02-10,CHA @ IND,W,23,1,4,0.25,1,2,0.5,3,4,0.75,1,3,4,2,0,1,2,2,6,13,14.8,1,2015-16
22015,203469,Cody Zeller,1610612766,CHA,Charlotte Hornets,0021500789,2016-02-10,CHA @ IND,W,23,4,7,0.571,0,0,,3,3,1.0,2,9,11,3,0,0,1,2,11,9,27.7,1,2015-16
22015,203584,Troy Daniels,1610612766,CHA,Charlotte Hornets,0021500789,2016-02-10,CHA @ IND,W,2,1,1,1.0,0,0,,0,0,,0,0,0,1,0,0,0,0,2,0,3.5,1,2015-16
22015,1626163,Frank Kaminsky,1610612766,CHA,Charlotte Hornets,0021500789,2016-02-10,CHA @ IND,W,30,4,11,0.364,2,7,0.286,0,0,,1,7,8,2,0,1,2,3,10,20,23.6,1,2015-16
22015,200757,Thabo Sefolosha,1610612737,ATL,Atlanta Hawks,0021500796,2016-02-10,ATL @ CHI,W,19,4,6,0.667,1,2,0.5,1,1,1.0,1,1,2,1,1,1,0,1,10,14,19.9,1,2015-16
22015,201952,Jeff Teague,1610612737,ATL,Atlanta Hawks,0021500796,2016-02-10,ATL @ CHI,W,28,7,16,0.438,1,3,0.333,2,2,1.0,0,6,6,8,3,0,3,1,17,9,42.2,1,2015-16
22015,203118,Mike Scott,1610612737,ATL,Atlanta Hawks,0021500796,2016-02-10,ATL @ CHI,W,20,3,9,0.333,2,4,0.5,2,2,1.0,3,2,5,2,2,0,0,0,10,13,25.0,1,2015-16
22015,203934,Lamar Patterson,1610612737,ATL,Atlanta Hawks,0021500796,2016-02-10,ATL @ CHI,W,2,0,1,0.0,0,1,0.0,0,0,,0,0,0,1,1,0,0,0,0,2,4.5,1,2015-16
22015,203935,Marcus Smart,1610612738,BOS,Boston Celtics,0021500792,2016-02-10,BOS vs. LAC,W,32,4,8,0.5,3,5,0.6,6,7,0.857,1,3,4,4,1,1,3,6,17,-7,30.8,1,2015-16
22015,202389,Timofey Mozgov,1610612739,CLE,Cleveland Cavaliers,0021500795,2016-02-10,CLE vs. LAL,W,19,3,3,1.0,0,0,,0,2,0.0,1,4,5,0,1,0,0,1,6,-11,15.0,1,2015-16
22015,201962,Toney Douglas,1610612740,NOP,New Orleans Pelicans,0021500798,2016-02-10,NOP vs. UTA,W,22,3,6,0.5,2,3,0.667,0,0,,0,1,1,2,2,0,0,1,8,9,18.2,1,2015-16
22015,202087,Alonzo Gee,1610612740,NOP,New Orleans Pelicans,0021500798,2016-02-10,NOP vs. UTA,W,20,2,2,1.0,1,1,1.0,0,0,,0,1,1,0,1,0,1,2,5,8,8.2,1,2015-16
22015,2399,Mike Dunleavy,1610612741,CHI,Chicago Bulls,0021500796,2016-02-10,CHI vs. ATL,L,11,0,3,0.0,0,1,0.0,2,2,1.0,0,1,1,1,1,0,0,4,2,6,7.7,1,2015-16
22015,203503,Tony Snell,1610612741,CHI,Chicago Bulls,0021500796,2016-02-10,CHI vs. ATL,L,17,1,1,1.0,0,0,,0,0,,0,2,2,0,0,0,1,0,2,-7,3.4,1,2015-16
22015,203999,Nikola Jokić,1610612743,DEN,Denver Nuggets,0021500794,2016-02-10,DEN @ DET,W,25,2,7,0.286,0,1,0.0,1,1,1.0,0,6,6,2,1,0,1,0,5,5,17.2,1,2015-16
22015,2746,Josh Smith,1610612745,HOU,Houston Rockets,0021500800,2016-02-10,HOU @ POR,L,6,0,3,0.0,0,3,0.0,0,0,,0,1,1,0,0,1,1,0,0,-10,3.2,1,2015-16
22015,201147,Corey Brewer,1610612745,HOU,Houston Rockets,0021500800,2016-02-10,HOU @ POR,L,23,3,6,0.5,2,4,0.5,1,2,0.5,0,0,0,1,1,0,0,1,9,-1,13.5,1,2015-16
22015,1718,Paul Pierce,1610612746,LAC,LA Clippers,0021500792,2016-02-10,LAC @ BOS,L,22,2,6,0.333,2,4,0.5,0,0,,0,3,3,1,0,1,2,2,6,-8,12.1,1,2015-16
22015,101108,Chris Paul,1610612746,LAC,LA Clippers,0021500792,2016-02-10,LAC @ BOS,L,48,13,21,0.619,3,8,0.375,6,9,0.667,0,5,5,13,3,1,2,5,35,1,70.5,1,2015-16
22015,203143,Pablo Prigioni,1610612746,LAC,LA Clippers,0021500792,2016-02-10,LAC @ BOS,L,5,0,0,,0,0,,0,0,,2,0,2,0,0,0,0,0,0,-6,2.4,1,2015-16
22015,1897,Metta World Peace,1610612747,LAL,Los Angeles Lakers,0021500795,2016-02-10,LAL @ CLE,L,15,1,8,0.125,0,5,0.0,0,2,0.0,1,2,3,0,0,0,0,3,2,10,5.6,1,2015-16
22015,203903,Jordan Clarkson,1610612747,LAL,Los Angeles Lakers,0021500795,2016-02-10,LAL @ CLE,L,36,8,15,0.533,3,5,0.6,3,3,1.0,1,5,6,7,1,0,2,1,22,-11,40.7,1,2015-16
22015,2207,Joe Johnson,1610612751,BKN,Brooklyn Nets,0021500793,2016-02-10,BKN vs. MEM,L,23,0,3,0.0,0,1,0.0,0,0,,0,2,2,1,0,0,4,1,0,-1,-0.1,1,2015-16
22015,201961,Wayne Ellington,1610612751,BKN,Brooklyn Nets,0021500793,2016-02-10,BKN vs. MEM,L,25,6,8,0.75,4,5,0.8,2,3,0.667,0,2,2,1,0,0,1,0,18,-8,20.9,1,2015-16
22015,202397,Ish Smith,1610612755,PHI,Philadelphia 76ers,0021500791,2016-02-10,PHI vs. SAC,L,31,2,6,0.333,0,1,0.0,1,2,0.5,0,3,3,10,0,0,1,2,5,1,22.6,1,2015-16
22015,203141,Mirza Teletovic,1610612756,PHX,Phoenix Suns,0021500799,2016-02-10,PHX vs. GSW,L,20,4,11,0.364,2,4,0.5,4,4,1.0,0,4,4,0,1,1,0,3,14,2,24.8,1,2015-16
22015,203081,Damian Lillard,1610612757,POR,Portland Trail Blazers,0021500800,2016-02-10,POR vs. HOU,W,35,9,22,0.409,4,11,0.364,9,11,0.818,1,2,3,9,3,0,4,3,31,28,53.1,1,2015-16
22015,203459,Allen Crabbe,1610612757,POR,Portland Trail Blazers,0021500800,2016-02-10,POR vs. HOU,W,30,2,6,0.333,0,2,0.0,1,1,1.0,0,0,0,3,2,0,0,3,5,10,15.5,1,2015-16
22015,1626192,Pat Connaughton,1610612757,POR,Portland Trail Blazers,0021500800,2016-02-10,POR vs. HOU,W,1,0,1,0.0,0,1,0.0,0,0,,0,0,0,0,0,0,0,0,0,-3,0.0,1,2015-16
22015,201158,Marco Belinelli,1610612758,SAC,Sacramento Kings,0021500791,2016-02-10,SAC @ PHI,W,23,3,9,0.333,0,4,0.0,0,0,,0,2,2,1,0,0,1,0,6,-3,8.9,1,2015-16
22015,2564,Boris Diaw,1610612759,SAS,San Antonio Spurs,0021500790,2016-02-10,SAS @ ORL,W,18,2,7,0.286,0,1,0.0,0,0,,0,3,3,2,0,0,1,0,4,-16,9.6,1,2015-16
22015,2449,Luis Scola,1610612761,TOR,Toronto Raptors,0021500797,2016-02-10,TOR @ MIN,L,18,2,9,0.222,1,4,0.25,3,4,0.75,2,1,3,0,0,0,0,3,8,-16,11.6,1,2015-16
22015,202709,Cory Joseph,1610612761,TOR,Toronto Raptors,0021500797,2016-02-10,TOR @ MIN,L,27,4,11,0.364,0,3,0.0,0,1,0.0,2,3,5,4,0,0,0,5,8,5,20.0,1,2015-16
22015,202324,Derrick Favors,1610612762,UTA,Utah Jazz,0021500798,2016-02-10,UTA @ NOP,L,39,11,15,0.733,0,0,,7,10,0.7,1,5,6,2,1,0,5,3,29,-3,37.2,1,2015-16
22015,203918,Rodney Hood,1610612762,UTA,Utah Jazz,0021500798,2016-02-10,UTA @ NOP,L,35,5,12,0.417,2,5,0.4,3,3,1.0,1,5,6,3,0,0,3,1,15,-1,23.7,1,2015-16
22015,204060,Joe Ingles,1610612762,UTA,Utah Jazz,0021500798,2016-02-10,UTA @ NOP,L,11,0,1,0.0,0,1,0.0,0,0,,0,0,0,1,0,0,1,2,0,-9,0.5,1,2015-16
22015,2581,Steve Blake,1610612765,DET,Detroit Pistons,0021500794,2016-02-10,DET vs. DEN,L,19,2,3,0.667,2,3,0.667,0,0,,0,0,0,0,0,0,1,3,6,0,5.0,1,2015-16
22015,203083,Andre Drummond,1610612765,DET,Detroit Pistons,0021500794,2016-02-10,DET vs. DEN,L,39,7,22,0.318,0,1,0.0,1,1,1.0,5,12,17,2,3,5,1,3,15,-8,61.4,1,2015-16
22015,203077,Michael Kidd-Gilchrist,1610612766,CHA,Charlotte Hornets,0021500789,2016-02-10,CHA @ IND,W,19,3,4,0.75,0,0,,2,2,1.0,2,1,3,2,1,0,2,0,8,4,15.6,1,2015-16
22015,203488,Mike Muscala,1610612737,ATL,Atlanta Hawks,0021500796,2016-02-10,ATL @ CHI,W,18,5,7,0.714,1,2,0.5,0,0,,3,3,6,1,0,1,0,4,11,3,22.7,1,2015-16
22015,101161,Amir Johnson,1610612738,BOS,Boston Celtics,0021500792,2016-02-10,BOS vs. LAC,W,13,0,2,0.0,0,0,,0,0,,0,0,0,1,0,0,2,0,0,2,-0.5,1,2015-16
22015,202738,Isaiah Thomas,1610612738,BOS,Boston Celtics,0021500792,2016-02-10,BOS vs. LAC,W,40,12,21,0.571,1,5,0.2,11,12,0.917,0,4,4,11,1,0,2,3,36,7,58.3,1,2015-16
22015,203109,Jae Crowder,1610612738,BOS,Boston Celtics,0021500792,2016-02-10,BOS vs. LAC,W,38,5,11,0.455,3,8,0.375,6,7,0.857,1,7,8,3,1,1,0,6,19,-7,39.1,1,2015-16
22015,2210,Richard Jefferson,1610612739,CLE,Cleveland Cavaliers,0021500795,2016-02-10,CLE vs. LAL,W,15,2,3,0.667,2,3,0.667,0,0,,0,1,1,0,0,0,0,0,6,-5,7.2,1,2015-16
22015,2590,Mo Williams,1610612739,CLE,Cleveland Cavaliers,0021500795,2016-02-10,CLE vs. LAL,W,9,0,4,0.0,0,2,0.0,0,0,,0,0,0,0,0,0,0,0,0,1,0.0,1,2015-16
22015,202681,Kyrie Irving,1610612739,CLE,Cleveland Cavaliers,0021500795,2016-02-10,CLE vs. LAL,W,36,15,24,0.625,3,6,0.5,2,4,0.5,1,2,3,7,2,0,1,5,35,7,54.1,1,2015-16
22015,1626171,Bobby Portis,1610612741,CHI,Chicago Bulls,0021500796,2016-02-10,CHI vs. ATL,L,24,5,11,0.455,0,1,0.0,2,2,1.0,4,6,10,1,0,1,2,0,12,-17,26.5,1,2015-16
22015,203115,Will Barton,1610612743,DEN,Denver Nuggets,0021500794,2016-02-10,DEN @ DET,W,22,7,12,0.583,1,3,0.333,5,6,0.833,1,4,5,2,2,1,1,0,20,7,37.0,1,2015-16
22015,2738,Andre Iguodala,1610612744,GSW,Golden State Warriors,0021500799,2016-02-10,GSW @ PHX,W,21,1,5,0.2,0,2,0.0,0,0,,0,2,2,3,0,0,1,0,2,4,7.9,1,2015-16
22015,201574,Jason Thompson,1610612744,GSW,Golden State Warriors,0021500799,2016-02-10,GSW @ PHX,W,3,0,0,,0,0,,0,0,,0,0,0,1,0,0,0,2,0,-8,1.5,1,2015-16
22015,201575,Brandon Rush,1610612744,GSW,Golden State Warriors,0021500799,2016-02-10,GSW @ PHX,W,16,0,1,0.0,0,0,,5,6,0.833,0,5,5,1,0,0,0,1,5,-10,12.5,1,2015-16
22015,201578,Marreese Speights,1610612744,GSW,Golden State Warriors,0021500799,2016-02-10,GSW @ PHX,W,17,4,10,0.4,0,2,0.0,1,1,1.0,2,3,5,0,2,1,1,1,9,6,23.0,1,2015-16
22015,203546,Ian Clark,1610612744,GSW,Golden State Warriors,0021500799,2016-02-10,GSW @ PHX,W,4,1,3,0.333,0,2,0.0,0,0,,0,1,1,1,0,0,0,0,2,-7,4.7,1,2015-16
22015,201935,James Harden,1610612745,HOU,Houston Rockets,0021500800,2016-02-10,HOU @ POR,L,42,10,20,0.5,3,8,0.375,11,14,0.786,2,7,9,11,2,0,8,4,34,-9,59.3,1,2015-16
22015,201976,Patrick Beverley,1610612745,HOU,Houston Rockets,0021500800,2016-02-10,HOU @ POR,L,32,3,7,0.429,1,4,0.25,0,0,,0,1,1,4,0,0,2,5,7,-22,12.2,1,2015-16
22015,204028,Tarik Black,1610612747,LAL,Los Angeles Lakers,0021500795,2016-02-10,LAL @ CLE,L,18,2,3,0.667,0,0,,0,0,,2,3,5,0,1,1,0,4,4,17,16.0,1,2015-16
22015,1889,Andre Miller,1610612750,MIN,Minnesota Timberwolves,0021500797,2016-02-10,MIN vs. TOR,W,11,0,0,,0,0,,0,0,,0,2,2,1,0,0,0,0,0,7,3.9,1,2015-16
22015,201937,Ricky Rubio,1610612750,MIN,Minnesota Timberwolves,0021500797,2016-02-10,MIN vs. TOR,W,37,5,9,0.556,3,6,0.5,6,6,1.0,1,7,8,8,1,0,2,3,19,-2,41.6,1,2015-16
22015,202357,Nemanja Bjelica,1610612750,MIN,Minnesota Timberwolves,0021500797,2016-02-10,MIN vs. TOR,W,12,0,0,,0,0,,0,0,,1,1,2,1,0,0,1,1,0,-13,2.9,1,2015-16
22015,203940,Adreian Payne,1610612750,MIN,Minnesota Timberwolves,0021500797,2016-02-10,MIN vs. TOR,W,8,1,4,0.25,0,1,0.0,0,0,,0,2,2,0,0,0,0,0,2,1,4.4,1,2015-16
22015,201152,Thaddeus Young,1610612751,BKN,Brooklyn Nets,0021500793,2016-02-10,BKN vs. MEM,L,25,5,11,0.455,0,0,,0,0,,2,7,9,2,0,0,0,2,10,-1,23.8,1,2015-16
22015,202388,Donald Sloan,1610612751,BKN,Brooklyn Nets,0021500793,2016-02-10,BKN vs. MEM,L,24,2,4,0.5,0,2,0.0,0,0,,0,2,2,8,1,0,0,2,4,-3,21.4,1,2015-16
22015,203508,Sergey Karasev,1610612751,BKN,Brooklyn Nets,0021500793,2016-02-10,BKN vs. MEM,L,12,0,1,0.0,0,1,0.0,0,0,,0,0,0,1,0,0,0,0,0,7,1.5,1,2015-16
22015,202696,Nikola Vučević,1610612753,ORL,Orlando Magic,0021500790,2016-02-10,ORL vs. SAS,L,37,9,22,0.409,0,0,,2,2,1.0,4,9,13,5,1,2,3,4,20,1,49.1,1,2015-16
22015,203095,Evan Fournier,1610612753,ORL,Orlando Magic,0021500790,2016-02-10,ORL vs. SAS,L,42,10,20,0.5,3,5,0.6,5,5,1.0,0,2,2,5,0,0,1,3,28,-4,36.9,1,2015-16
22015,203932,Aaron Gordon,1610612753,ORL,Orlando Magic,0021500790,2016-02-10,ORL vs. SAS,L,30,1,6,0.167,0,3,0.0,2,3,0.667,1,13,14,3,1,2,1,1,4,3,33.3,1,2015-16
22015,1626209,Mario Hezonja,1610612753,ORL,Orlando Magic,0021500790,2016-02-10,ORL vs. SAS,L,15,4,6,0.667,2,4,0.5,2,2,1.0,0,0,0,1,1,0,2,4,12,1,14.5,1,2015-16
22015,203922,Glenn Robinson III,1610612754,IND,Indiana Pacers,0021500789,2016-02-10,IND vs. CHA,L,15,2,7,0.286,1,2,0.5,0,0,,0,1,1,0,0,1,1,1,5,-17,8.2,1,2015-16
22015,200782,P.J. Tucker,1610612756,PHX,Phoenix Suns,0021500799,2016-02-10,PHX vs. GSW,L,46,3,11,0.273,2,4,0.5,0,0,,1,3,4,4,0,0,3,2,8,-7,15.8,1,2015-16
22015,203111,Orlando Johnson,1610612756,PHX,Phoenix Suns,0021500799,2016-02-10,PHX vs. GSW,L,28,3,12,0.25,0,4,0.0,3,4,0.75,3,5,8,0,1,3,1,3,9,1,29.6,1,2015-16
22015,202334,Ed Davis,1610612757,POR,Portland Trail Blazers,0021500800,2016-02-10,POR vs. HOU,W,21,0,1,0.0,0,0,,1,2,0.5,3,10,13,1,0,1,2,5,1,-1,19.1,1,2015-16
22015,203090,Maurice Harkless,1610612757,POR,Portland Trail Blazers,0021500800,2016-02-10,POR vs. HOU,W,28,8,11,0.727,1,2,0.5,2,4,0.5,5,8,13,1,2,0,0,3,19,12,42.1,1,2015-16
22015,200765,Rajon Rondo,1610612758,SAC,Sacramento Kings,0021500791,2016-02-10,SAC @ PHI,W,36,7,13,0.538,0,0,,0,0,,2,6,8,15,3,0,2,0,14,0,53.1,1,2015-16
22015,203112,Quincy Acy,1610612758,SAC,Sacramento Kings,0021500791,2016-02-10,SAC @ PHI,W,15,2,3,0.667,0,1,0.0,2,2,1.0,3,1,4,0,0,2,1,3,6,13,15.8,1,2015-16
22015,201988,Patty Mills,1610612759,SAS,San Antonio Spurs,0021500790,2016-02-10,SAS @ ORL,W,31,7,11,0.636,3,5,0.6,0,1,0.0,4,2,6,7,2,1,1,2,17,2,42.7,1,2015-16
22015,203492,Ray McCallum,1610612759,SAS,San Antonio Spurs,0021500790,2016-02-10,SAS @ ORL,W,17,1,4,0.25,0,1,0.0,2,2,1.0,0,5,5,1,0,0,1,1,4,0,10.5,1,2015-16
22015,202335,Patrick Patterson,1610612761,TOR,Toronto Raptors,0021500797,2016-02-10,TOR @ MIN,L,30,3,7,0.429,2,5,0.4,0,0,,0,6,6,0,0,1,1,2,8,11,17.2,1,2015-16
22015,202330,Gordon Hayward,1610612762,UTA,Utah Jazz,0021500798,2016-02-10,UTA @ NOP,L,40,7,18,0.389,2,9,0.222,5,7,0.714,0,4,4,4,2,0,3,1,21,2,34.8,1,2015-16
22015,203526,Raul Neto,1610612762,UTA,Utah Jazz,0021500798,2016-02-10,UTA @ NOP,L,33,4,9,0.444,1,2,0.5,0,0,,0,2,2,3,2,0,1,3,9,4,20.9,1,2015-16
22015,201144,Mike Conley,1610612763,MEM,Memphis Grizzlies,0021500793,2016-02-10,MEM @ BKN,W,29,7,13,0.538,3,4,0.75,3,3,1.0,1,3,4,5,1,0,1,0,20,17,34.3,1,2015-16
22015,201145,Jeff Green,1610612763,MEM,Memphis Grizzlies,0021500793,2016-02-10,MEM @ BKN,W,29,7,14,0.5,3,7,0.429,1,1,1.0,2,2,4,2,2,0,0,1,18,10,31.8,1,2015-16
22015,201584,Courtney Lee,1610612763,MEM,Memphis Grizzlies,0021500793,2016-02-10,MEM @ BKN,W,29,5,10,0.5,0,2,0.0,0,2,0.0,0,0,0,4,3,0,1,3,10,19,24.0,1,2015-16
22015,101107,Marvin Williams,1610612766,CHA,Charlotte Hornets,0021500789,2016-02-10,CHA @ IND,W,18,3,7,0.429,2,4,0.5,0,0,,0,0,0,1,0,1,0,2,8,2,12.5,1,2015-16
22015,201587,Nicolas Batum,1610612766,CHA,Charlotte Hornets,0021500789,2016-02-10,CHA @ IND,W,38,4,12,0.333,3,7,0.429,0,0,,1,5,6,5,0,2,1,1,11,25,30.7,1,2015-16
22015,203087,Jeremy Lamb,1610612766,CHA,Charlotte Hornets,0021500789,2016-02-10,CHA @ IND,W,14,7,8,0.875,2,3,0.667,0,0,,0,1,1,0,0,0,0,1,16,15,17.2,1,2015-16
22015,200794,Paul Millsap,1610612737,ATL,Atlanta Hawks,0021500796,2016-02-10,ATL @ CHI,W,27,6,12,0.5,1,3,0.333,2,2,1.0,2,2,4,2,2,1,3,3,15,12,28.8,1,2015-16
22015,203200,Justin Holiday,1610612737,ATL,Atlanta Hawks,0021500796,2016-02-10,ATL @ CHI,W,2,1,2,0.5,0,1,0.0,0,0,,1,0,1,0,0,0,0,0,2,2,3.2,1,2015-16
22015,203501,Tim Hardaway Jr.,1610612737,ATL,Atlanta Hawks,0021500796,2016-02-10,ATL @ CHI,W,19,0,3,0.0,0,2,0.0,2,2,1.0,0,6,6,0,1,0,1,2,2,14,11.2,1,2015-16
22015,203482,Kelly Olynyk,1610612738,BOS,Boston Celtics,0021500792,2016-02-10,BOS vs. LAC,W,11,1,4,0.25,1,3,0.333,4,4,1.0,0,2,2,2,0,0,0,3,7,13,12.4,1,2015-16
22015,2747,JR Smith,1610612739,CLE,Cleveland Cavaliers,0021500795,2016-02-10,CLE vs. LAL,W,33,3,9,0.333,3,7,0.429,0,0,,0,1,1,1,0,0,0,1,9,14,11.7,1,2015-16
22015,2760,Anderson Varejao,1610612739,CLE,Cleveland Cavaliers,0021500795,2016-02-10,CLE vs. LAL,W,19,3,8,0.375,0,0,,2,2,1.0,3,3,6,0,0,0,2,4,8,-5,13.2,1,2015-16
22015,202697,Iman Shumpert,1610612739,CLE,Cleveland Cavaliers,0021500795,2016-02-10,CLE vs. LAL,W,18,2,6,0.333,0,2,0.0,0,0,,0,4,4,0,1,0,2,4,4,-4,9.8,1,2015-16
22015,201582,Alexis Ajinca,1610612740,NOP,New Orleans Pelicans,0021500798,2016-02-10,NOP vs. UTA,W,21,3,6,0.5,0,0,,2,3,0.667,2,9,11,0,0,0,0,5,8,13,21.2,1,2015-16
22015,201583,Ryan Anderson,1610612740,NOP,New Orleans Pelicans,0021500798,2016-02-10,NOP vs. UTA,W,24,3,10,0.3,0,4,0.0,1,1,1.0,0,3,3,1,0,0,0,2,7,16,12.1,1,2015-16
22015,201950,Jrue Holiday,1610612740,NOP,New Orleans Pelicans,0021500798,2016-02-10,NOP vs. UTA,W,31,9,19,0.474,0,3,0.0,3,4,0.75,2,4,6,9,2,1,5,3,21,13,45.7,1,2015-16
22015,202708,Norris Cole,1610612740,NOP,New Orleans Pelicans,0021500798,2016-02-10,NOP vs. UTA,W,24,4,10,0.4,1,1,1.0,2,2,1.0,0,2,2,4,2,0,2,0,11,-7,23.4,1,2015-16
22015,203076,Anthony Davis,1610612740,NOP,New Orleans Pelicans,0021500798,2016-02-10,NOP vs. UTA,W,34,7,15,0.467,1,1,1.0,4,6,0.667,2,2,4,5,0,1,0,5,19,-10,34.3,1,2015-16
22015,1626214,Bryce Dejean-Jones,1610612740,NOP,New Orleans Pelicans,0021500798,2016-02-10,NOP vs. UTA,W,19,3,5,0.6,1,1,1.0,2,2,1.0,0,2,2,2,1,0,0,0,9,-8,17.4,1,2015-16
22015,2200,Pau Gasol,1610612741,CHI,Chicago Bulls,0021500796,2016-02-10,CHI vs. ATL,L,30,9,16,0.563,0,2,0.0,2,3,0.667,2,8,10,5,0,0,2,1,20,-12,37.5,1,2015-16
22015,202702,Kenneth Faried,1610612743,DEN,Denver Nuggets,0021500794,2016-02-10,DEN @ DET,W,18,6,9,0.667,0,0,,0,1,0.0,2,4,6,1,0,0,2,4,12,-1,18.7,1,2015-16
22015,203914,Gary Harris,1610612743,DEN,Denver Nuggets,0021500794,2016-02-10,DEN @ DET,W,36,4,11,0.364,1,3,0.333,2,2,1.0,0,2,2,4,2,0,1,1,11,0,24.4,1,2015-16
22015,2733,Shaun Livingston,1610612744,GSW,Golden State Warriors,0021500799,2016-02-10,GSW @ PHX,W,17,2,4,0.5,0,0,,4,5,0.8,0,3,3,2,1,0,2,2,8,4,15.6,1,2015-16
22015,201939,Stephen Curry,1610612744,GSW,Golden State Warriors,0021500799,2016-02-10,GSW @ PHX,W,30,9,17,0.529,5,10,0.5,3,4,0.75,5,4,9,9,1,1,2,1,26,12,54.3,1,2015-16
22015,203084,Harrison Barnes,1610612744,GSW,Golden State Warriors,0021500799,2016-02-10,GSW @ PHX,W,31,3,11,0.273,2,7,0.286,0,0,,1,5,6,1,0,1,2,4,8,9,17.7,1,2015-16
22015,203110,Draymond Green,1610612744,GSW,Golden State Warriors,0021500799,2016-02-10,GSW @ PHX,W,28,1,5,0.2,1,2,0.5,6,8,0.75,0,6,6,3,1,0,3,3,9,16,20.7,1,2015-16
22015,2772,Trevor Ariza,1610612745,HOU,Houston Rockets,0021500800,2016-02-10,HOU @ POR,L,40,2,8,0.25,2,6,0.333,2,2,1.0,0,3,3,4,2,0,3,3,8,-16,20.6,1,2015-16
22015,200755,JJ Redick,1610612746,LAC,LA Clippers,0021500792,2016-02-10,LAC @ BOS,L,38,9,14,0.643,2,5,0.4,7,8,0.875,0,3,3,0,0,0,1,1,27,-3,29.6,1,2015-16
22015,201599,DeAndre Jordan,1610612746,LAC,LA Clippers,0021500792,2016-02-10,LAC @ BOS,L,42,6,11,0.545,0,0,,9,17,0.529,4,12,16,3,1,2,3,4,21,-8,50.7,1,2015-16
22015,202362,Lance Stephenson,1610612746,LAC,LA Clippers,0021500792,2016-02-10,LAC @ BOS,L,24,4,5,0.8,2,2,1.0,2,4,0.5,1,3,4,0,1,0,1,3,12,2,18.8,1,2015-16
22015,977,Kobe Bryant,1610612747,LAL,Los Angeles Lakers,0021500795,2016-02-10,LAL @ CLE,L,33,5,16,0.313,3,7,0.429,4,4,1.0,0,6,6,3,1,0,3,2,17,-19,28.7,1,2015-16
22015,101138,Brandon Bass,1610612747,LAL,Los Angeles Lakers,0021500795,2016-02-10,LAL @ CLE,L,31,2,5,0.4,0,0,,3,3,1.0,2,5,7,1,0,1,0,2,7,8,19.9,1,2015-16
22015,101150,Lou Williams,1610612747,LAL,Los Angeles Lakers,0021500795,2016-02-10,LAL @ CLE,L,36,9,15,0.6,4,6,0.667,6,7,0.857,1,3,4,2,0,1,0,0,28,-19,38.8,1,2015-16
22015,1626157,Karl-Anthony Towns,1610612750,MIN,Minnesota Timberwolves,0021500797,2016-02-10,MIN vs. TOR,W,35,12,19,0.632,0,0,,11,13,0.846,4,7,11,1,0,3,0,4,35,11,58.7,1,2015-16
22015,201572,Brook Lopez,1610612751,BKN,Brooklyn Nets,0021500793,2016-02-10,BKN vs. MEM,L,30,8,14,0.571,0,0,,4,4,1.0,1,3,4,4,2,0,5,0,20,-13,31.8,1,2015-16
22015,203080,Thomas Robinson,1610612751,BKN,Brooklyn Nets,0021500793,2016-02-10,BKN vs. MEM,L,24,3,7,0.429,0,0,,2,6,0.333,3,6,9,0,1,2,3,1,8,-18,24.8,1,2015-16
22015,203499,Shane Larkin,1610612751,BKN,Brooklyn Nets,0021500793,2016-02-10,BKN vs. MEM,L,24,1,5,0.2,0,1,0.0,2,2,1.0,0,4,4,6,0,0,2,1,4,-16,15.8,1,2015-16
22015,1626191,Chris McCullough,1610612751,BKN,Brooklyn Nets,0021500793,2016-02-10,BKN vs. MEM,L,14,2,5,0.4,1,3,0.333,0,0,,0,1,1,0,0,0,2,3,5,-5,4.2,1,2015-16
22015,203894,Shabazz Napier,1610612753,ORL,Orlando Magic,0021500790,2016-02-10,ORL vs. SAS,L,6,0,2,0.0,0,1,0.0,0,0,,0,0,0,1,0,0,0,0,0,2,1.5,1,2015-16
22015,201588,George Hill,1610612754,IND,Indiana Pacers,0021500789,2016-02-10,IND vs. CHA,L,32,5,12,0.417,1,5,0.2,1,2,0.5,0,2,2,2,1,1,2,2,12,-3,21.4,1,2015-16
22015,201941,Jordan Hill,1610612754,IND,Indiana Pacers,0021500789,2016-02-10,IND vs. CHA,L,8,2,3,0.667,0,0,,1,1,1.0,0,3,3,0,0,0,0,0,5,-11,8.6,1,2015-16
22015,202331,Paul George,1610612754,IND,Indiana Pacers,0021500789,2016-02-10,IND vs. CHA,L,33,8,18,0.444,2,5,0.4,4,4,1.0,2,6,8,6,0,1,4,3,22,-5,39.6,1,2015-16
22015,1626167,Myles Turner,1610612754,IND,Indiana Pacers,0021500789,2016-02-10,IND vs. CHA,L,23,4,11,0.364,0,0,,2,2,1.0,3,2,5,0,0,0,1,1,10,-18,15.0,1,2015-16
22015,1626202,Joe Young,1610612754,IND,Indiana Pacers,0021500789,2016-02-10,IND vs. CHA,L,9,0,3,0.0,0,1,0.0,1,2,0.5,0,0,0,2,0,0,1,1,1,-9,3.0,1,2015-16
22015,204456,T.J. McConnell,1610612755,PHI,Philadelphia 76ers,0021500791,2016-02-10,PHI vs. SAC,L,17,2,5,0.4,0,1,0.0,0,0,,4,1,5,3,1,0,1,1,4,-7,16.5,1,2015-16
22015,1626158,Richaun Holmes,1610612755,PHI,Philadelphia 76ers,0021500791,2016-02-10,PHI vs. SAC,L,15,4,7,0.571,0,1,0.0,0,2,0.0,2,0,2,0,1,4,2,3,8,-10,23.4,1,2015-16
22015,203458,Alex Len,1610612756,PHX,Phoenix Suns,0021500799,2016-02-10,PHX vs. GSW,L,14,3,7,0.429,0,0,,0,0,,3,4,7,0,1,1,3,3,6,-8,17.4,1,2015-16
22015,203462,Archie Goodwin,1610612756,PHX,Phoenix Suns,0021500799,2016-02-10,PHX vs. GSW,L,28,9,16,0.563,1,3,0.333,1,1,1.0,1,1,2,2,0,0,2,5,20,-11,23.4,1,2015-16
22015,202329,Al-Farouq Aminu,1610612757,POR,Portland Trail Blazers,0021500800,2016-02-10,POR vs. HOU,W,25,4,9,0.444,1,3,0.333,2,2,1.0,2,1,3,5,1,0,2,4,11,13,23.1,1,2015-16
22015,203468,CJ McCollum,1610612757,POR,Portland Trail Blazers,0021500800,2016-02-10,POR vs. HOU,W,27,6,16,0.375,2,5,0.4,0,0,,0,1,1,2,1,0,1,0,14,-16,20.2,1,2015-16
22015,203486,Mason Plumlee,1610612757,POR,Portland Trail Blazers,0021500800,2016-02-10,POR vs. HOU,W,16,3,4,0.75,0,0,,2,2,1.0,3,1,4,0,1,0,3,4,8,9,12.8,1,2015-16
22015,200746,LaMarcus Aldridge,1610612759,SAS,San Antonio Spurs,0021500790,2016-02-10,SAS @ ORL,W,33,8,16,0.5,0,0,,5,5,1.0,2,5,7,2,0,2,1,2,21,5,37.4,1,2015-16
22015,203937,Kyle Anderson,1610612759,SAS,San Antonio Spurs,0021500790,2016-02-10,SAS @ ORL,W,18,0,4,0.0,0,1,0.0,2,2,1.0,0,1,1,3,2,1,1,1,2,1,15.7,1,2015-16
22015,200768,Kyle Lowry,1610612761,TOR,Toronto Raptors,0021500797,2016-02-10,TOR @ MIN,L,39,4,15,0.267,1,7,0.143,5,8,0.625,2,2,4,7,1,1,1,5,14,-6,34.3,1,2015-16
22015,2440,Matt Barnes,1610612763,MEM,Memphis Grizzlies,0021500793,2016-02-10,MEM @ BKN,W,14,0,3,0.0,0,1,0.0,0,0,,0,1,1,0,1,0,0,1,0,3,4.2,1,2015-16
22015,203210,JaMychal Green,1610612763,MEM,Memphis Grizzlies,0021500793,2016-02-10,MEM @ BKN,W,21,5,6,0.833,1,1,1.0,2,2,1.0,0,4,4,1,1,0,0,5,13,11,22.3,1,2015-16
22015,202694,Marcus Morris Sr.,1610612765,DET,Detroit Pistons,0021500794,2016-02-10,DET vs. DEN,L,35,8,15,0.533,1,2,0.5,2,2,1.0,0,2,2,6,0,0,2,2,19,-8,28.4,1,2015-16
22015,1626169,Stanley Johnson,1610612765,DET,Detroit Pistons,0021500794,2016-02-10,DET vs. DEN,L,37,5,16,0.313,0,4,0.0,1,1,1.0,1,4,5,5,0,0,4,5,11,-17,20.5,1,2015-16
22015,1626199,Darrun Hilliard,1610612765,DET,Detroit Pistons,0021500794,2016-02-10,DET vs. DEN,L,27,3,6,0.5,1,2,0.5,2,3,0.667,0,1,1,6,0,0,2,1,9,1,17.2,1,2015-16
22015,201946,Tyler Hansbrough,1610612766,CHA,Charlotte Hornets,0021500789,2016-02-10,CHA @ IND,W,2,1,1,1.0,0,0,,0,0,,0,0,0,0,0,0,0,0,2,0,2.0,1,2015-16
22015,202689,Kemba Walker,1610612766,CHA,Charlotte Hornets,0021500789,2016-02-10,CHA @ IND,W,40,10,21,0.476,0,3,0.0,5,7,0.714,2,5,7,3,2,1,3,0,25,14,43.9,1,2015-16
22015,202340,Avery Bradley,1610612738,BOS,Boston Celtics,0021500792,2016-02-10,BOS vs. LAC,W,44,7,14,0.5,3,6,0.5,1,1,1.0,0,1,1,0,1,0,2,4,18,7,20.2,1,2015-16
22015,203092,Tyler Zeller,1610612738,BOS,Boston Celtics,0021500792,2016-02-10,BOS vs. LAC,W,6,1,1,1.0,0,0,,0,0,,0,1,1,0,0,0,1,0,2,-9,2.2,1,2015-16
22015,203096,Jared Sullinger,1610612738,BOS,Boston Celtics,0021500792,2016-02-10,BOS vs. LAC,W,30,10,15,0.667,1,2,0.5,0,0,,4,7,11,7,1,0,0,5,21,13,47.7,1,2015-16
22015,203099,Jared Cunningham,1610612739,CLE,Cleveland Cavaliers,0021500795,2016-02-10,CLE vs. LAL,W,1,0,0,,0,0,,0,0,,0,0,0,0,0,0,0,0,0,-2,0.0,1,2015-16
22015,201600,Omer Asik,1610612740,NOP,New Orleans Pelicans,0021500798,2016-02-10,NOP vs. UTA,W,17,2,3,0.667,0,0,,0,3,0.0,3,5,8,0,1,0,1,1,4,-9,15.6,1,2015-16
22015,201967,Dante Cunningham,1610612740,NOP,New Orleans Pelicans,0021500798,2016-02-10,NOP vs. UTA,W,29,3,6,0.5,2,5,0.4,0,0,,0,2,2,0,0,1,0,2,8,-5,13.4,1,2015-16
22015,201568,Danilo Gallinari,1610612743,DEN,Denver Nuggets,0021500794,2016-02-10,DEN @ DET,W,39,3,14,0.214,1,5,0.2,8,9,0.889,1,6,7,4,2,0,2,2,15,15,33.4,1,2015-16
22015,203530,Joffrey Lauvergne,1610612743,DEN,Denver Nuggets,0021500794,2016-02-10,DEN @ DET,W,21,1,2,0.5,0,0,,2,2,1.0,1,3,4,2,0,0,0,0,4,6,11.8,1,2015-16
22015,202332,Cole Aldrich,1610612746,LAC,LA Clippers,0021500792,2016-02-10,LAC @ BOS,L,8,1,1,1.0,0,0,,0,0,,1,0,1,2,1,1,2,4,2,2,10.2,1,2015-16
22015,203094,Andrew Nicholson,1610612753,ORL,Orlando Magic,0021500790,2016-02-10,ORL vs. SAS,L,18,1,5,0.2,1,2,0.5,0,0,,1,2,3,1,0,2,1,2,3,-5,13.1,1,2015-16
22015,202730,Lavoy Allen,1610612754,IND,Indiana Pacers,0021500789,2016-02-10,IND vs. CHA,L,17,3,3,1.0,0,0,,1,2,0.5,2,4,6,0,0,0,0,1,7,-8,14.2,1,2015-16
22015,203924,Jerami Grant,1610612755,PHI,Philadelphia 76ers,0021500791,2016-02-10,PHI vs. SAC,L,29,2,8,0.25,1,3,0.333,2,2,1.0,2,4,6,6,0,4,1,0,7,11,34.2,1,2015-16
22015,203086,Meyers Leonard,1610612757,POR,Portland Trail Blazers,0021500800,2016-02-10,POR vs. HOU,W,23,6,9,0.667,0,1,0.0,2,2,1.0,1,7,8,0,0,1,0,4,14,-1,26.6,1,2015-16
22015,201585,Kosta Koufos,1610612758,SAC,Sacramento Kings,0021500791,2016-02-10,SAC @ PHI,W,15,4,5,0.8,0,0,,0,0,,1,1,2,1,0,1,0,2,8,0,14.9,1,2015-16
22015,202344,Trevor Booker,1610612762,UTA,Utah Jazz,0021500798,2016-02-10,UTA @ NOP,L,20,1,4,0.25,0,0,,0,0,,3,4,7,3,0,0,1,3,2,-4,13.9,1,2015-16
22015,2754,Tony Allen,1610612763,MEM,Memphis Grizzlies,0021500793,2016-02-10,MEM @ BKN,W,20,3,6,0.5,0,0,,0,0,,2,4,6,2,2,0,1,1,6,12,21.2,1,2015-16
22015,203148,Brian Roberts,1610612766,CHA,Charlotte Hornets,0021500789,2016-02-10,CHA @ IND,W,2,2,2,1.0,0,0,,0,1,0.0,0,0,0,1,0,0,0,1,4,0,5.5,1,2015-16
22015,201967,Dante Cunningham,1610612740,NOP,New Orleans Pelicans,0021500802,2016-02-11,NOP @ OKC,L,27,2,4,0.5,0,1,0.0,2,2,1.0,1,1,2,1,1,0,0,2,6,-11,12.9,1,2015-16
22015,201573,Jerryd Bayless,1610612749,MIL,Milwaukee Bucks,0021500801,2016-02-11,MIL vs. WAS,W,21,3,10,0.3,1,4,0.25,0,0,,1,7,8,2,0,1,0,1,7,13,22.6,1,2015-16
22015,203101,Miles Plumlee,1610612749,MIL,Milwaukee Bucks,0021500801,2016-02-11,MIL vs. WAS,W,15,2,2,1.0,0,0,,0,1,0.0,1,5,6,1,0,1,2,2,4,-2,13.7,1,2015-16
22015,203114,Khris Middleton,1610612749,MIL,Milwaukee Bucks,0021500801,2016-02-11,MIL vs. WAS,W,40,9,17,0.529,1,3,0.333,8,9,0.889,2,4,6,9,5,0,2,2,27,-8,60.7,1,2015-16
22015,203487,Michael Carter-Williams,1610612749,MIL,Milwaukee Bucks,0021500801,2016-02-11,MIL vs. WAS,W,20,1,5,0.2,0,1,0.0,3,4,0.75,1,4,5,3,1,0,4,3,5,9,14.5,1,2015-16
22015,2555,Nick Collison,1610612760,OKC,Oklahoma City Thunder,0021500802,2016-02-11,OKC vs. NOP,W,13,1,1,1.0,0,0,,0,0,,1,2,3,0,0,0,1,3,2,5,4.6,1,2015-16
22015,201586,Serge Ibaka,1610612760,OKC,Oklahoma City Thunder,0021500802,2016-02-11,OKC vs. NOP,W,30,7,15,0.467,1,3,0.333,3,3,1.0,1,6,7,3,1,3,1,3,18,14,41.9,1,2015-16
22015,203079,Dion Waiters,1610612760,OKC,Oklahoma City Thunder,0021500802,2016-02-11,OKC vs. NOP,W,20,2,6,0.333,0,2,0.0,2,2,1.0,0,2,2,0,0,0,1,0,6,11,7.4,1,2015-16
22015,203500,Steven Adams,1610612760,OKC,Oklahoma City Thunder,0021500802,2016-02-11,OKC vs. NOP,W,20,2,2,1.0,0,0,,4,4,1.0,3,3,6,0,0,2,2,4,8,5,19.2,1,2015-16
22015,1626166,Cameron Payne,1610612760,OKC,Oklahoma City Thunder,0021500802,2016-02-11,OKC vs. NOP,W,25,2,7,0.286,0,3,0.0,0,0,,1,1,2,8,0,0,3,2,4,10,15.4,1,2015-16
22015,201962,Toney Douglas,1610612740,NOP,New Orleans Pelicans,0021500802,2016-02-11,NOP @ OKC,L,25,4,9,0.444,1,4,0.25,1,2,0.5,0,2,2,1,2,0,0,2,10,-21,19.9,1,2015-16
22015,201564,O.J. Mayo,1610612749,MIL,Milwaukee Bucks,0021500801,2016-02-11,MIL vs. WAS,W,20,1,4,0.25,0,1,0.0,0,0,,0,1,1,1,1,1,3,4,2,-3,7.7,1,2015-16
22015,201142,Kevin Durant,1610612760,OKC,Oklahoma City Thunder,0021500802,2016-02-11,OKC vs. NOP,W,30,10,17,0.588,3,8,0.375,0,0,,0,3,3,6,1,0,4,0,23,14,34.6,1,2015-16
22015,201566,Russell Westbrook,1610612760,OKC,Oklahoma City Thunder,0021500802,2016-02-11,OKC vs. NOP,W,28,8,14,0.571,2,5,0.4,5,6,0.833,1,8,9,10,0,0,2,2,23,19,46.8,1,2015-16
22015,2400,Drew Gooden,1610612764,WAS,Washington Wizards,0021500801,2016-02-11,WAS @ MIL,L,2,0,1,0.0,0,1,0.0,0,0,,0,0,0,0,0,0,0,1,0,-3,0.0,1,2015-16
22015,201971,DeJuan Blair,1610612764,WAS,Washington Wizards,0021500801,2016-02-11,WAS @ MIL,L,1,0,0,,0,0,,0,0,,0,0,0,0,0,0,0,2,0,0,0.0,1,2015-16
22015,1626162,Kelly Oubre Jr.,1610612764,WAS,Washington Wizards,0021500801,2016-02-11,WAS @ MIL,L,8,1,3,0.333,0,1,0.0,0,0,,1,0,1,0,0,0,0,2,2,-4,3.2,1,2015-16
22015,201583,Ryan Anderson,1610612740,NOP,New Orleans Pelicans,0021500802,2016-02-11,NOP @ OKC,L,21,2,12,0.167,0,2,0.0,0,0,,3,2,5,0,0,0,0,1,4,-23,10.0,1,2015-16
22015,202087,Alonzo Gee,1610612740,NOP,New Orleans Pelicans,0021500802,2016-02-11,NOP @ OKC,L,33,2,5,0.4,0,1,0.0,0,0,,0,1,1,1,1,0,0,1,4,-19,9.7,1,2015-16
22015,202708,Norris Cole,1610612740,NOP,New Orleans Pelicans,0021500802,2016-02-11,NOP @ OKC,L,27,5,13,0.385,1,3,0.333,4,4,1.0,0,5,5,6,0,0,1,1,15,-10,29.0,1,2015-16
22015,203076,Anthony Davis,1610612740,NOP,New Orleans Pelicans,0021500802,2016-02-11,NOP @ OKC,L,31,8,14,0.571,0,1,0.0,7,12,0.583,0,3,3,2,2,0,1,3,23,-13,34.6,1,2015-16
22015,202328,Greg Monroe,1610612749,MIL,Milwaukee Bucks,0021500801,2016-02-11,MIL vs. WAS,W,33,5,13,0.385,0,0,,2,4,0.5,3,6,9,1,2,0,1,4,12,9,29.3,1,2015-16
22015,202713,Kyle Singler,1610612760,OKC,Oklahoma City Thunder,0021500802,2016-02-11,OKC vs. NOP,W,22,2,4,0.5,2,3,0.667,0,0,,0,2,2,0,1,1,1,0,6,17,13.4,1,2015-16
22015,201196,Ramon Sessions,1610612764,WAS,Washington Wizards,0021500801,2016-02-11,WAS @ MIL,L,11,1,4,0.25,0,2,0.0,3,6,0.5,0,0,0,2,2,0,0,0,5,-9,14.0,1,2015-16
22015,202322,John Wall,1610612764,WAS,Washington Wizards,0021500801,2016-02-11,WAS @ MIL,L,42,5,19,0.263,3,12,0.25,2,2,1.0,0,4,4,10,2,2,7,0,15,-5,39.8,1,2015-16
22015,203953,Jabari Parker,1610612749,MIL,Milwaukee Bucks,0021500801,2016-02-11,MIL vs. WAS,W,41,7,11,0.636,0,0,,3,6,0.5,3,6,9,4,1,0,4,1,17,5,32.8,1,2015-16
22015,1626173,Rashad Vaughn,1610612749,MIL,Milwaukee Bucks,0021500801,2016-02-11,MIL vs. WAS,W,14,2,4,0.5,1,3,0.333,3,3,1.0,0,1,1,0,0,0,0,1,8,16,9.2,1,2015-16
22015,202683,Enes Freedom,1610612760,OKC,Oklahoma City Thunder,0021500802,2016-02-11,OKC vs. NOP,W,27,3,6,0.5,0,1,0.0,5,8,0.625,2,10,12,1,0,1,1,3,11,21,28.9,1,2015-16
22015,203956,Mitch McGary,1610612760,OKC,Oklahoma City Thunder,0021500802,2016-02-11,OKC vs. NOP,W,4,2,3,0.667,0,0,,0,0,,0,2,2,0,1,0,0,1,4,4,9.4,1,2015-16
22015,101162,Marcin Gortat,1610612764,WAS,Washington Wizards,0021500801,2016-02-11,WAS @ MIL,L,23,7,13,0.538,0,1,0.0,0,0,,3,7,10,1,1,0,3,3,14,11,27.5,1,2015-16
22015,201582,Alexis Ajinca,1610612740,NOP,New Orleans Pelicans,0021500802,2016-02-11,NOP @ OKC,L,17,2,6,0.333,0,0,,1,2,0.5,1,2,3,0,1,2,1,3,5,-11,16.6,1,2015-16
22015,201600,Omer Asik,1610612740,NOP,New Orleans Pelicans,0021500802,2016-02-11,NOP @ OKC,L,18,1,1,1.0,0,0,,0,0,,0,4,4,0,0,0,0,2,2,-6,6.8,1,2015-16
22015,202337,Luke Babbitt,1610612740,NOP,New Orleans Pelicans,0021500802,2016-02-11,NOP @ OKC,L,9,1,4,0.25,0,0,,1,2,0.5,2,0,2,0,1,0,0,1,3,1,8.4,1,2015-16
22015,203507,Giannis Antetokounmpo,1610612749,MIL,Milwaukee Bucks,0021500801,2016-02-11,MIL vs. WAS,W,37,6,16,0.375,1,2,0.5,4,5,0.8,4,9,13,3,0,1,2,1,17,-4,38.1,1,2015-16
22015,200779,Steve Novak,1610612760,OKC,Oklahoma City Thunder,0021500802,2016-02-11,OKC vs. NOP,W,2,2,3,0.667,2,3,0.667,0,0,,0,1,1,0,0,0,1,0,6,3,6.2,1,2015-16
22015,201627,Anthony Morrow,1610612760,OKC,Oklahoma City Thunder,0021500802,2016-02-11,OKC vs. NOP,W,19,4,8,0.5,2,4,0.5,0,0,,0,1,1,0,0,0,1,2,10,7,10.2,1,2015-16
22015,2403,Nene,1610612764,WAS,Washington Wizards,0021500801,2016-02-11,WAS @ MIL,L,23,4,8,0.5,0,0,,6,6,1.0,1,5,6,2,0,0,0,5,14,-18,24.2,1,2015-16
22015,201162,Jared Dudley,1610612764,WAS,Washington Wizards,0021500801,2016-02-11,WAS @ MIL,L,39,3,8,0.375,0,3,0.0,0,0,,1,6,7,3,0,2,1,5,6,0,23.9,1,2015-16
22015,203490,Otto Porter Jr.,1610612764,WAS,Washington Wizards,0021500801,2016-02-11,WAS @ MIL,L,38,6,15,0.4,1,5,0.2,1,2,0.5,2,2,4,2,1,1,1,3,14,6,26.8,1,2015-16
22015,201950,Jrue Holiday,1610612740,NOP,New Orleans Pelicans,0021500802,2016-02-11,NOP @ OKC,L,32,11,20,0.55,1,4,0.25,0,0,,0,4,4,6,5,0,4,1,23,-17,47.8,1,2015-16
22015,202066,Garrett Temple,1610612764,WAS,Washington Wizards,0021500801,2016-02-11,WAS @ MIL,L,16,1,2,0.5,0,1,0.0,1,3,0.333,1,2,3,0,2,0,0,1,3,-9,12.6,1,2015-16
22015,203078,Bradley Beal,1610612764,WAS,Washington Wizards,0021500801,2016-02-11,WAS @ MIL,L,37,6,15,0.4,2,6,0.333,5,5,1.0,0,3,3,5,0,1,2,2,19,-4,31.1,1,2015-16
22015,202389,Timofey Mozgov,1610612739,CLE,Cleveland Cavaliers,0021500803,2016-02-18,CLE vs. CHI,W,26,5,8,0.625,0,0,,1,1,1.0,4,3,7,0,0,4,0,2,11,-3,31.4,1,2015-16
22015,202734,E'Twaun Moore,1610612741,CHI,Chicago Bulls,0021500803,2016-02-18,CHI @ CLE,L,22,2,7,0.286,0,2,0.0,1,2,0.5,0,1,1,0,0,1,1,1,5,-11,8.2,1,2015-16
22015,1626171,Bobby Portis,1610612741,CHI,Chicago Bulls,0021500803,2016-02-18,CHI @ CLE,L,26,6,16,0.375,1,1,1.0,0,0,,7,3,10,1,0,0,2,3,13,-1,24.5,1,2015-16
22015,1626245,Cristiano Felicio,1610612741,CHI,Chicago Bulls,0021500803,2016-02-18,CHI @ CLE,L,4,0,1,0.0,0,1,0.0,1,2,0.5,1,3,4,1,1,0,0,0,1,4,10.3,1,2015-16
22015,101108,Chris Paul,1610612746,LAC,LA Clippers,0021500804,2016-02-18,LAC vs. SAS,W,37,9,18,0.5,3,7,0.429,7,7,1.0,0,5,5,12,1,1,2,2,28,25,56.0,1,2015-16
22015,203912,C.J. Wilcox,1610612746,LAC,LA Clippers,0021500804,2016-02-18,LAC vs. SAS,W,9,0,0,,0,0,,2,3,0.667,0,0,0,1,0,0,0,2,2,-3,3.5,1,2015-16
22015,2225,Tony Parker,1610612759,SAS,San Antonio Spurs,0021500804,2016-02-18,SAS @ LAC,L,28,6,13,0.462,1,3,0.333,1,2,0.5,0,1,1,4,1,0,2,4,14,-17,22.2,1,2015-16
22015,202344,Trevor Booker,1610612762,UTA,Utah Jazz,0021500654,2016-02-18,UTA @ WAS,L,22,3,4,0.75,0,0,,1,2,0.5,2,6,8,0,1,0,1,2,7,-3,18.6,1,2015-16
22015,203526,Raul Neto,1610612762,UTA,Utah Jazz,0021500654,2016-02-18,UTA @ WAS,L,21,1,5,0.2,0,0,,0,0,,0,0,0,4,0,0,4,3,2,-17,4.0,1,2015-16
22015,203918,Rodney Hood,1610612762,UTA,Utah Jazz,0021500654,2016-02-18,UTA @ WAS,L,34,6,12,0.5,3,5,0.6,3,4,0.75,0,3,3,5,2,0,5,2,18,-26,30.1,1,2015-16
22015,1626168,Trey Lyles,1610612762,UTA,Utah Jazz,0021500654,2016-02-18,UTA @ WAS,L,15,1,4,0.25,0,1,0.0,2,2,1.0,1,7,8,0,0,0,1,0,4,0,12.6,1,2015-16
22015,2403,Nene,1610612764,WAS,Washington Wizards,0021500654,2016-02-18,WAS vs. UTA,W,25,7,11,0.636,0,0,,2,2,1.0,1,4,5,4,1,0,1,4,16,11,30.0,1,2015-16
22015,201162,Jared Dudley,1610612764,WAS,Washington Wizards,0021500654,2016-02-18,WAS vs. UTA,W,36,1,6,0.167,1,3,0.333,1,2,0.5,1,1,2,5,0,2,1,2,4,9,18.9,1,2015-16
22015,202066,Garrett Temple,1610612764,WAS,Washington Wizards,0021500654,2016-02-18,WAS vs. UTA,W,29,1,7,0.143,1,3,0.333,1,4,0.25,0,1,1,1,4,0,4,4,4,11,14.7,1,2015-16
22015,202322,John Wall,1610612764,WAS,Washington Wizards,0021500654,2016-02-18,WAS vs. UTA,W,34,7,17,0.412,2,4,0.5,1,2,0.5,0,6,6,11,4,0,2,1,17,18,50.7,1,2015-16
22015,204067,Jarell Eddie,1610612764,WAS,Washington Wizards,0021500654,2016-02-18,WAS vs. UTA,W,2,0,0,,0,0,,0,0,,0,0,0,0,0,0,0,0,0,-3,0.0,1,2015-16
22015,2544,LeBron James,1610612739,CLE,Cleveland Cavaliers,0021500803,2016-02-18,CLE vs. CHI,W,35,11,19,0.579,0,2,0.0,3,3,1.0,2,7,9,9,0,1,2,3,25,13,50.3,1,2015-16
22015,201567,Kevin Love,1610612739,CLE,Cleveland Cavaliers,0021500803,2016-02-18,CLE vs. CHI,W,30,5,10,0.5,2,6,0.333,3,4,0.75,1,13,14,2,0,1,0,2,15,15,37.8,1,2015-16
22015,201619,Sasha Kaun,1610612739,CLE,Cleveland Cavaliers,0021500803,2016-02-18,CLE vs. CHI,W,3,0,0,,0,0,,0,0,,0,0,0,0,0,0,0,1,0,-7,0.0,1,2015-16
22015,202684,Tristan Thompson,1610612739,CLE,Cleveland Cavaliers,0021500803,2016-02-18,CLE vs. CHI,W,31,8,10,0.8,0,0,,0,1,0.0,1,9,10,0,3,2,0,3,16,14,43.0,1,2015-16
22015,2200,Pau Gasol,1610612741,CHI,Chicago Bulls,0021500803,2016-02-18,CHI @ CLE,L,31,6,13,0.462,0,1,0.0,2,4,0.5,3,6,9,4,0,1,1,3,14,-14,32.8,1,2015-16
22015,201565,Derrick Rose,1610612741,CHI,Chicago Bulls,0021500803,2016-02-18,CHI @ CLE,L,30,11,19,0.579,2,3,0.667,4,4,1.0,0,7,7,2,1,0,3,0,28,-15,39.4,1,2015-16
22015,203926,Doug McDermott,1610612741,CHI,Chicago Bulls,0021500803,2016-02-18,CHI @ CLE,L,24,1,6,0.167,1,5,0.2,0,0,,0,1,1,0,1,1,1,3,3,-1,9.2,1,2015-16
22015,1495,Tim Duncan,1610612759,SAS,San Antonio Spurs,0021500804,2016-02-18,SAS @ LAC,L,20,1,6,0.167,0,0,,0,0,,0,6,6,1,1,0,3,2,2,-18,10.7,1,2015-16
22015,201980,Danny Green,1610612759,SAS,San Antonio Spurs,0021500804,2016-02-18,SAS @ LAC,L,28,2,9,0.222,0,4,0.0,0,0,,1,4,5,3,1,0,0,0,4,-20,17.5,1,2015-16
22015,203492,Ray McCallum,1610612759,SAS,San Antonio Spurs,0021500804,2016-02-18,SAS @ LAC,L,8,1,2,0.5,0,0,,1,2,0.5,0,0,0,1,1,0,0,0,3,-7,7.5,1,2015-16
22015,204060,Joe Ingles,1610612762,UTA,Utah Jazz,0021500654,2016-02-18,UTA @ WAS,L,15,1,5,0.2,0,2,0.0,0,0,,0,2,2,0,0,0,0,0,2,0,4.4,1,2015-16
22015,2400,Drew Gooden,1610612764,WAS,Washington Wizards,0021500654,2016-02-18,WAS vs. UTA,W,6,1,1,1.0,0,0,,0,1,0.0,0,1,1,0,0,0,0,1,2,-5,3.2,1,2015-16
22015,101162,Marcin Gortat,1610612764,WAS,Washington Wizards,0021500654,2016-02-18,WAS vs. UTA,W,30,9,12,0.75,0,0,,4,5,0.8,4,6,10,0,2,5,1,3,22,13,54.0,1,2015-16
22015,201196,Ramon Sessions,1610612764,WAS,Washington Wizards,0021500654,2016-02-18,WAS vs. UTA,W,22,5,9,0.556,0,1,0.0,3,4,0.75,0,5,5,0,0,0,1,0,13,5,18.0,1,2015-16
22015,202697,Iman Shumpert,1610612739,CLE,Cleveland Cavaliers,0021500803,2016-02-18,CLE vs. CHI,W,26,2,6,0.333,1,2,0.5,0,0,,1,6,7,1,2,0,2,3,5,3,18.9,1,2015-16
22015,203078,Bradley Beal,1610612764,WAS,Washington Wizards,0021500654,2016-02-18,WAS vs. UTA,W,24,7,14,0.5,2,4,0.5,0,0,,0,3,3,3,0,1,1,0,16,2,26.1,1,2015-16
22015,203490,Otto Porter Jr.,1610612764,WAS,Washington Wizards,0021500654,2016-02-18,WAS vs. UTA,W,32,4,8,0.5,1,3,0.333,0,1,0.0,0,3,3,1,3,2,0,4,9,12,29.1,1,2015-16
22015,2210,Richard Jefferson,1610612739,CLE,Cleveland Cavaliers,0021500803,2016-02-18,CLE vs. CHI,W,14,2,4,0.5,1,3,0.333,0,0,,0,1,1,0,1,0,1,2,5,-1,8.2,1,2015-16
22015,201959,Taj Gibson,1610612741,CHI,Chicago Bulls,0021500803,2016-02-18,CHI @ CLE,L,32,3,7,0.429,0,0,,1,4,0.25,3,5,8,1,0,0,0,3,7,-17,18.1,1,2015-16
22015,203503,Tony Snell,1610612741,CHI,Chicago Bulls,0021500803,2016-02-18,CHI @ CLE,L,33,4,9,0.444,1,2,0.5,0,0,,1,6,7,2,0,1,1,1,9,6,22.4,1,2015-16
22015,2037,Jamal Crawford,1610612746,LAC,LA Clippers,0021500804,2016-02-18,LAC vs. SAS,W,30,7,15,0.467,3,6,0.5,2,2,1.0,2,0,2,6,0,0,7,1,19,6,23.4,1,2015-16
22015,202325,Wesley Johnson,1610612746,LAC,LA Clippers,0021500804,2016-02-18,LAC vs. SAS,W,32,2,6,0.333,1,4,0.25,0,0,,1,5,6,0,2,1,2,0,5,2,19.2,1,2015-16
22015,1626183,Branden Dawson,1610612746,LAC,LA Clippers,0021500804,2016-02-18,LAC vs. SAS,W,1,0,0,,0,0,,0,0,,0,0,0,0,0,0,0,0,0,1,0.0,1,2015-16
22015,2446,Rasual Butler,1610612759,SAS,San Antonio Spurs,0021500804,2016-02-18,SAS @ LAC,L,20,4,7,0.571,0,2,0.0,0,0,,0,1,1,0,0,1,0,0,8,-12,12.2,1,2015-16
22015,2564,Boris Diaw,1610612759,SAS,San Antonio Spurs,0021500804,2016-02-18,SAS @ LAC,L,11,2,5,0.4,1,1,1.0,0,0,,1,1,2,1,1,0,1,0,5,-5,10.9,1,2015-16
22015,203937,Kyle Anderson,1610612759,SAS,San Antonio Spurs,0021500804,2016-02-18,SAS @ LAC,L,28,4,6,0.667,0,0,,0,0,,0,3,3,1,2,0,3,4,8,-13,16.1,1,2015-16
22015,1626246,Boban Marjanovic,1610612759,SAS,San Antonio Spurs,0021500804,2016-02-18,SAS @ LAC,L,9,2,2,1.0,0,0,,2,2,1.0,1,2,3,1,0,0,0,0,6,12,11.1,1,2015-16
22015,203497,Rudy Gobert,1610612762,UTA,Utah Jazz,0021500654,2016-02-18,UTA @ WAS,L,30,5,9,0.556,0,0,,6,9,0.667,6,6,12,2,1,2,2,3,16,-12,40.4,1,2015-16
22015,2747,JR Smith,1610612739,CLE,Cleveland Cavaliers,0021500803,2016-02-18,CLE vs. CHI,W,29,1,9,0.111,1,5,0.2,0,0,,0,2,2,4,0,0,1,1,3,10,10.4,1,2015-16
22015,202681,Kyrie Irving,1610612739,CLE,Cleveland Cavaliers,0021500803,2016-02-18,CLE vs. CHI,W,31,6,18,0.333,1,3,0.333,6,6,1.0,1,0,1,4,2,0,2,3,19,13,30.2,1,2015-16
22015,203521,Matthew Dellavedova,1610612739,CLE,Cleveland Cavaliers,0021500803,2016-02-18,CLE vs. CHI,W,17,2,7,0.286,1,3,0.333,2,2,1.0,1,0,1,1,0,0,2,2,7,-2,7.7,1,2015-16
22015,2399,Mike Dunleavy,1610612741,CHI,Chicago Bulls,0021500803,2016-02-18,CHI @ CLE,L,17,2,9,0.222,1,3,0.333,0,0,,0,1,1,0,0,0,1,3,5,-14,5.2,1,2015-16
22015,201166,Aaron Brooks,1610612741,CHI,Chicago Bulls,0021500803,2016-02-18,CHI @ CLE,L,18,2,5,0.4,2,3,0.667,2,4,0.5,0,1,1,1,1,0,2,2,8,4,11.7,1,2015-16
22015,203946,Cameron Bairstow,1610612741,CHI,Chicago Bulls,0021500803,2016-02-18,CHI @ CLE,L,4,0,1,0.0,0,0,,2,2,1.0,0,0,0,0,0,0,1,0,2,4,1.0,1,2015-16
22015,1718,Paul Pierce,1610612746,LAC,LA Clippers,0021500804,2016-02-18,LAC vs. SAS,W,23,4,9,0.444,2,5,0.4,2,2,1.0,0,4,4,1,0,0,1,2,12,8,17.3,1,2015-16
22015,200755,JJ Redick,1610612746,LAC,LA Clippers,0021500804,2016-02-18,LAC vs. SAS,W,32,7,13,0.538,2,2,1.0,1,2,0.5,0,1,1,0,1,0,1,3,17,23,20.2,1,2015-16
22015,201599,DeAndre Jordan,1610612746,LAC,LA Clippers,0021500804,2016-02-18,LAC vs. SAS,W,37,4,6,0.667,0,0,,1,2,0.5,2,15,17,1,3,2,3,3,9,28,42.9,1,2015-16
22015,201601,Luc Mbah a Moute,1610612746,LAC,LA Clippers,0021500804,2016-02-18,LAC vs. SAS,W,18,2,6,0.333,1,1,1.0,0,0,,1,1,2,0,1,0,1,4,5,15,9.4,1,2015-16
22015,202332,Cole Aldrich,1610612746,LAC,LA Clippers,0021500804,2016-02-18,LAC vs. SAS,W,20,4,5,0.8,0,0,,0,2,0.0,2,6,8,2,0,3,1,3,8,-10,28.6,1,2015-16
22015,2561,David West,1610612759,SAS,San Antonio Spurs,0021500804,2016-02-18,SAS @ LAC,L,18,4,6,0.667,1,1,1.0,3,3,1.0,0,4,4,4,1,0,2,0,12,9,23.8,1,2015-16
22015,200746,LaMarcus Aldridge,1610612759,SAS,San Antonio Spurs,0021500804,2016-02-18,SAS @ LAC,L,25,3,12,0.25,0,1,0.0,4,4,1.0,2,1,3,1,0,0,0,0,10,-23,15.1,1,2015-16
22015,201988,Patty Mills,1610612759,SAS,San Antonio Spurs,0021500804,2016-02-18,SAS @ LAC,L,25,4,10,0.4,1,4,0.25,0,0,,0,1,1,2,1,0,0,2,9,5,16.2,1,2015-16
22015,203613,Jonathon Simmons,1610612759,SAS,San Antonio Spurs,0021500804,2016-02-18,SAS @ LAC,L,18,2,5,0.4,0,1,0.0,1,2,0.5,0,4,4,0,2,1,4,4,5,-6,14.8,1,2015-16
22015,202330,Gordon Hayward,1610612762,UTA,Utah Jazz,0021500654,2016-02-18,UTA @ WAS,L,33,7,15,0.467,1,3,0.333,4,4,1.0,0,5,5,1,2,1,2,2,19,-14,33.5,1,2015-16
22015,203481,Jeff Withey,1610612762,UTA,Utah Jazz,0021500654,2016-02-18,UTA @ WAS,L,8,1,3,0.333,0,1,0.0,2,2,1.0,1,0,1,0,0,1,1,2,4,7,7.2,1,2015-16
22015,1626162,Kelly Oubre Jr.,1610612764,WAS,Washington Wizards,0021500654,2016-02-18,WAS vs. UTA,W,2,0,1,0.0,0,0,,0,0,,0,0,0,0,0,0,0,1,0,-3,0.0,1,2015-16
22015,202324,Derrick Favors,1610612762,UTA,Utah Jazz,0021500654,2016-02-18,UTA @ WAS,L,22,4,9,0.444,0,0,,3,4,0.75,2,3,5,1,0,2,4,4,11,-20,20.5,1,2015-16
22015,203187,Chris Johnson,1610612762,UTA,Utah Jazz,0021500654,2016-02-18,UTA @ WAS,L,19,1,3,0.333,0,1,0.0,2,2,1.0,0,3,3,0,2,0,1,2,4,7,12.6,1,2015-16
22015,203504,Trey Burke,1610612762,UTA,Utah Jazz,0021500654,2016-02-18,UTA @ WAS,L,22,1,8,0.125,0,2,0.0,0,0,,0,1,1,7,1,0,2,1,2,8,14.7,1,2015-16
22015,203471,Dennis Schröder,1610612737,ATL,Atlanta Hawks,0021500808,2016-02-19,ATL vs. MIA,L,21,6,10,0.6,2,3,0.667,2,2,1.0,1,2,3,6,1,1,5,1,16,4,29.6,1,2015-16
22015,203501,Tim Hardaway Jr.,1610612737,ATL,Atlanta Hawks,0021500808,2016-02-19,ATL vs. MIA,L,12,0,1,0.0,0,1,0.0,0,0,,0,2,2,0,0,0,0,0,0,-9,2.4,1,2015-16
22015,201973,Jonas Jerebko,1610612738,BOS,Boston Celtics,0021500817,2016-02-19,BOS @ UTA,L,16,1,5,0.2,0,2,0.0,2,2,1.0,0,2,2,0,0,0,0,3,4,0,6.4,1,2015-16
22015,202323,Evan Turner,1610612738,BOS,Boston Celtics,0021500817,2016-02-19,BOS @ UTA,L,25,3,6,0.5,1,1,1.0,3,6,0.5,0,1,1,1,0,0,0,4,10,-4,12.7,1,2015-16
22015,203092,Tyler Zeller,1610612738,BOS,Boston Celtics,0021500817,2016-02-19,BOS @ UTA,L,18,1,3,0.333,0,0,,2,4,0.5,3,3,6,0,0,0,1,4,4,-7,10.2,1,2015-16
22015,203923,James Young,1610612738,BOS,Boston Celtics,0021500817,2016-02-19,BOS @ UTA,L,3,0,0,,0,0,,0,0,,0,0,0,0,0,0,0,1,0,0,0.0,1,2015-16
22015,1626154,RJ Hunter,1610612738,BOS,Boston Celtics,0021500817,2016-02-19,BOS @ UTA,L,3,0,2,0.0,0,1,0.0,0,0,,0,0,0,0,0,0,0,0,0,0,0.0,1,2015-16
22015,201582,Alexis Ajinca,1610612740,NOP,New Orleans Pelicans,0021500811,2016-02-19,NOP vs. PHI,W,10,1,2,0.5,0,0,,2,2,1.0,0,2,2,0,0,1,0,0,4,9,9.4,1,2015-16
22015,2399,Mike Dunleavy,1610612741,CHI,Chicago Bulls,0021500809,2016-02-19,CHI vs. TOR,W,23,2,5,0.4,1,2,0.5,0,0,,1,2,3,1,0,1,1,3,5,4,12.1,1,2015-16
22015,101114,Deron Williams,1610612742,DAL,Dallas Mavericks,0021500805,2016-02-19,DAL @ ORL,L,42,9,18,0.5,5,9,0.556,2,3,0.667,0,4,4,7,1,1,4,1,25,0,42.3,1,2015-16
22015,200826,J.J. Barea,1610612742,DAL,Dallas Mavericks,0021500805,2016-02-19,DAL @ ORL,L,22,5,10,0.5,2,3,0.667,3,4,0.75,0,2,2,2,0,0,1,1,15,3,19.4,1,2015-16
22015,202083,Wesley Matthews,1610612742,DAL,Dallas Mavericks,0021500805,2016-02-19,DAL @ ORL,L,37,2,10,0.2,1,7,0.143,0,0,,0,3,3,2,0,0,1,2,5,-9,10.6,1,2015-16
22015,1626147,Justin Anderson,1610612742,DAL,Dallas Mavericks,0021500805,2016-02-19,DAL @ ORL,L,2,0,2,0.0,0,1,0.0,0,0,,0,0,0,0,0,1,0,0,0,0,3.0,1,2015-16
22015,203115,Will Barton,1610612743,DEN,Denver Nuggets,0021500816,2016-02-19,DEN @ SAC,L,31,7,13,0.538,1,5,0.2,2,3,0.667,1,8,9,3,1,0,3,5,17,0,32.3,1,2015-16
22015,203994,Jusuf Nurkić,1610612743,DEN,Denver Nuggets,0021500816,2016-02-19,DEN @ SAC,L,14,2,6,0.333,0,0,,0,0,,2,3,5,2,0,2,0,5,4,-4,19.0,1,2015-16
22015,2571,Leandro Barbosa,1610612744,GSW,Golden State Warriors,0021500815,2016-02-19,GSW @ POR,L,20,1,7,0.143,0,2,0.0,3,4,0.75,0,1,1,1,1,0,0,0,5,-31,10.7,1,2015-16
22015,201575,Brandon Rush,1610612744,GSW,Golden State Warriors,0021500815,2016-02-19,GSW @ POR,L,18,0,6,0.0,0,5,0.0,1,2,0.5,0,2,2,1,1,0,0,0,1,-13,7.9,1,2015-16
22015,202691,Klay Thompson,1610612744,GSW,Golden State Warriors,0021500815,2016-02-19,GSW @ POR,L,28,8,16,0.5,2,5,0.4,5,6,0.833,0,3,3,1,1,0,1,1,23,2,30.1,1,2015-16
22015,201935,James Harden,1610612745,HOU,Houston Rockets,0021500814,2016-02-19,HOU @ PHX,W,33,6,16,0.375,1,9,0.111,14,17,0.824,1,9,10,7,3,1,2,5,27,33,59.5,1,2015-16
22015,201976,Patrick Beverley,1610612745,HOU,Houston Rockets,0021500814,2016-02-19,HOU @ PHX,W,28,7,10,0.7,2,3,0.667,2,5,0.4,2,4,6,2,2,1,0,4,18,39,37.2,1,2015-16
22015,203944,Julius Randle,1610612747,LAL,Los Angeles Lakers,0021500818,2016-02-19,LAL vs. SAS,L,31,5,10,0.5,1,1,1.0,0,1,0.0,5,10,15,0,0,0,1,3,11,-5,28.0,1,2015-16
22015,202328,Greg Monroe,1610612749,MIL,Milwaukee Bucks,0021500813,2016-02-19,MIL vs. CHA,L,30,0,2,0.0,0,0,,4,4,1.0,1,5,6,2,1,3,4,3,4,-12,22.2,1,2015-16
22015,203498,Shabazz Muhammad,1610612750,MIN,Minnesota Timberwolves,0021500810,2016-02-19,MIN @ MEM,L,23,5,11,0.455,2,4,0.5,0,0,,2,1,3,1,0,0,0,0,12,-2,17.1,1,2015-16
22015,201152,Thaddeus Young,1610612751,BKN,Brooklyn Nets,0021500807,2016-02-19,BKN vs. NYK,W,38,6,16,0.375,0,0,,1,2,0.5,1,8,9,5,2,0,0,5,13,16,37.3,1,2015-16
22015,203080,Thomas Robinson,1610612751,BKN,Brooklyn Nets,0021500807,2016-02-19,BKN vs. NYK,W,13,2,4,0.5,0,0,,0,0,,1,3,4,2,2,1,0,1,4,-8,20.8,1,2015-16
22015,1626209,Mario Hezonja,1610612753,ORL,Orlando Magic,0021500805,2016-02-19,ORL vs. DAL,W,16,1,3,0.333,0,2,0.0,0,0,,0,5,5,1,0,0,0,0,2,9,9.5,1,2015-16
22015,202730,Lavoy Allen,1610612754,IND,Indiana Pacers,0021500812,2016-02-19,IND @ OKC,W,12,1,1,1.0,0,0,,0,2,0.0,1,2,3,0,0,0,0,1,2,0,5.6,1,2015-16
22015,203088,Kendall Marshall,1610612755,PHI,Philadelphia 76ers,0021500811,2016-02-19,PHI @ NOP,L,11,3,3,1.0,2,2,1.0,1,2,0.5,0,0,0,3,1,0,0,2,9,3,16.5,1,2015-16
22015,203138,Hollis Thompson,1610612755,PHI,Philadelphia 76ers,0021500811,2016-02-19,PHI @ NOP,L,27,1,5,0.2,0,1,0.0,0,0,,0,4,4,0,1,0,1,3,2,-9,8.8,1,2015-16
22015,1626158,Richaun Holmes,1610612755,PHI,Philadelphia 76ers,0021500811,2016-02-19,PHI @ NOP,L,3,0,1,0.0,0,1,0.0,0,0,,0,0,0,0,0,0,0,0,0,-6,0.0,1,2015-16
22015,2743,Kris Humphries,1610612756,PHX,Phoenix Suns,0021500814,2016-02-19,PHX vs. HOU,L,27,5,13,0.385,2,5,0.4,6,6,1.0,4,8,12,2,1,2,0,5,18,2,44.4,1,2015-16
22015,203141,Mirza Teletovic,1610612756,PHX,Phoenix Suns,0021500814,2016-02-19,PHX vs. HOU,L,34,7,12,0.583,3,7,0.429,8,9,0.889,1,7,8,2,0,0,3,5,25,-24,34.6,1,2015-16
22015,201945,Gerald Henderson,1610612757,POR,Portland Trail Blazers,0021500815,2016-02-19,POR vs. GSW,W,25,4,11,0.364,0,3,0.0,4,6,0.667,0,4,4,2,2,1,1,0,12,12,27.8,1,2015-16
22015,203090,Maurice Harkless,1610612757,POR,Portland Trail Blazers,0021500815,2016-02-19,POR vs. GSW,W,25,5,6,0.833,1,1,1.0,0,0,,2,6,8,2,1,1,1,2,11,9,28.6,1,2015-16
22015,203486,Mason Plumlee,1610612757,POR,Portland Trail Blazers,0021500815,2016-02-19,POR vs. GSW,W,20,5,7,0.714,0,0,,2,4,0.5,1,4,5,5,0,0,1,1,12,30,24.5,1,2015-16
22015,203943,Noah Vonleh,1610612757,POR,Portland Trail Blazers,0021500815,2016-02-19,POR vs. GSW,W,22,3,6,0.5,1,2,0.5,2,2,1.0,0,4,4,0,0,0,0,3,9,25,13.8,1,2015-16
22015,201954,Darren Collison,1610612758,SAC,Sacramento Kings,0021500816,2016-02-19,SAC vs. DEN,W,33,7,15,0.467,1,5,0.2,2,2,1.0,0,2,2,2,2,0,1,2,17,6,27.4,1,2015-16
22015,203552,Seth Curry,1610612758,SAC,Sacramento Kings,0021500816,2016-02-19,SAC vs. DEN,W,1,1,1,1.0,0,0,,0,0,,0,1,1,0,0,0,0,0,2,2,3.2,1,2015-16
22015,1626246,Boban Marjanovic,1610612759,SAS,San Antonio Spurs,0021500818,2016-02-19,SAS @ LAL,W,1,0,0,,0,0,,0,0,,0,0,0,0,0,0,0,0,0,-4,0.0,1,2015-16
22015,202713,Kyle Singler,1610612760,OKC,Oklahoma City Thunder,0021500812,2016-02-19,OKC vs. IND,L,13,1,4,0.25,0,2,0.0,0,0,,1,3,4,2,1,0,0,1,2,11,12.8,1,2015-16
22015,203481,Jeff Withey,1610612762,UTA,Utah Jazz,0021500817,2016-02-19,UTA vs. BOS,W,2,0,1,0.0,0,0,,0,0,,0,0,0,0,0,0,0,0,0,0,0.0,1,2015-16
22015,203798,PJ Hairston,1610612763,MEM,Memphis Grizzlies,0021500810,2016-02-19,MEM vs. MIN,W,7,1,3,0.333,0,2,0.0,0,0,,0,0,0,0,0,0,1,1,2,-6,1.0,1,2015-16
22015,2400,Drew Gooden,1610612764,WAS,Washington Wizards,0021500806,2016-02-19,WAS vs. DET,W,2,0,1,0.0,0,0,,0,0,,1,1,2,0,0,0,1,0,0,-4,1.4,1,2015-16
22015,201229,Anthony Tolliver,1610612765,DET,Detroit Pistons,0021500806,2016-02-19,DET @ WAS,L,18,2,6,0.333,2,5,0.4,0,0,,1,2,3,0,0,0,1,3,6,-4,8.6,1,2015-16
22015,1626199,Darrun Hilliard,1610612765,DET,Detroit Pistons,0021500806,2016-02-19,DET @ WAS,L,2,1,1,1.0,0,0,,1,2,0.5,0,0,0,0,0,0,0,0,3,4,3.0,1,2015-16
22015,2744,Al Jefferson,1610612766,CHA,Charlotte Hornets,0021500813,2016-02-19,CHA @ MIL,W,23,3,7,0.429,0,0,,0,0,,0,5,5,1,1,1,2,2,6,9,17.5,1,2015-16
22015,202689,Kemba Walker,1610612766,CHA,Charlotte Hornets,0021500813,2016-02-19,CHA @ MIL,W,40,8,16,0.5,4,9,0.444,5,7,0.714,0,6,6,4,2,0,3,1,25,0,41.2,1,2015-16
22015,1626163,Frank Kaminsky,1610612766,CHA,Charlotte Hornets,0021500813,2016-02-19,CHA @ MIL,W,24,2,6,0.333,0,1,0.0,0,0,,2,3,5,0,0,0,2,2,4,-10,8.0,1,2015-16
22015,203118,Mike Scott,1610612737,ATL,Atlanta Hawks,0021500808,2016-02-19,ATL vs. MIA,L,25,5,9,0.556,3,5,0.6,0,0,,2,4,6,2,0,0,2,3,13,7,21.2,1,2015-16
22015,203145,Kent Bazemore,1610612737,ATL,Atlanta Hawks,0021500808,2016-02-19,ATL vs. MIA,L,23,3,9,0.333,1,3,0.333,0,0,,0,4,4,1,2,0,4,1,7,-10,15.3,1,2015-16
22015,203096,Jared Sullinger,1610612738,BOS,Boston Celtics,0021500817,2016-02-19,BOS @ UTA,L,29,4,13,0.308,0,2,0.0,1,2,0.5,2,9,11,2,2,1,2,1,9,-10,32.2,1,2015-16
22015,201950,Jrue Holiday,1610612740,NOP,New Orleans Pelicans,0021500811,2016-02-19,NOP vs. PHI,W,33,8,17,0.471,1,4,0.25,7,8,0.875,0,3,3,12,4,0,4,1,24,22,53.6,1,2015-16
22015,202087,Alonzo Gee,1610612740,NOP,New Orleans Pelicans,0021500811,2016-02-19,NOP vs. PHI,W,17,1,2,0.5,0,0,,0,0,,0,2,2,1,3,0,0,2,2,11,14.9,1,2015-16
22015,2200,Pau Gasol,1610612741,CHI,Chicago Bulls,0021500809,2016-02-19,CHI vs. TOR,W,32,6,16,0.375,0,0,,6,7,0.857,0,11,11,9,0,1,1,3,18,4,46.7,1,2015-16
22015,202734,E'Twaun Moore,1610612741,CHI,Chicago Bulls,0021500809,2016-02-19,CHI vs. TOR,W,35,3,6,0.5,1,2,0.5,2,2,1.0,2,5,7,6,1,0,0,3,9,15,29.4,1,2015-16
22015,101109,Raymond Felton,1610612742,DAL,Dallas Mavericks,0021500805,2016-02-19,DAL @ ORL,L,26,1,5,0.2,0,1,0.0,0,0,,0,4,4,5,0,0,2,1,2,-10,12.3,1,2015-16
22015,101111,Charlie Villanueva,1610612742,DAL,Dallas Mavericks,0021500805,2016-02-19,DAL @ ORL,L,12,4,8,0.5,3,6,0.5,0,0,,0,3,3,0,0,0,1,0,11,-1,13.6,1,2015-16
22015,203530,Joffrey Lauvergne,1610612743,DEN,Denver Nuggets,0021500816,2016-02-19,DEN @ SAC,L,25,10,14,0.714,1,1,1.0,1,2,0.5,2,5,7,1,0,1,1,2,22,3,33.9,1,2015-16
22015,1626144,Emmanuel Mudiay,1610612743,DEN,Denver Nuggets,0021500816,2016-02-19,DEN @ SAC,L,30,4,14,0.286,0,3,0.0,0,0,,0,2,2,4,3,0,5,2,8,-6,20.4,1,2015-16
22015,2738,Andre Iguodala,1610612744,GSW,Golden State Warriors,0021500815,2016-02-19,GSW @ POR,L,23,1,6,0.167,0,3,0.0,0,1,0.0,0,2,2,4,1,1,4,3,2,-20,12.4,1,2015-16
22015,1891,Jason Terry,1610612745,HOU,Houston Rockets,0021500814,2016-02-19,HOU @ PHX,W,11,0,3,0.0,0,1,0.0,0,0,,0,3,3,2,0,0,2,1,0,-8,4.6,1,2015-16
22015,2746,Josh Smith,1610612745,HOU,Houston Rockets,0021500814,2016-02-19,HOU @ PHX,W,23,1,7,0.143,0,3,0.0,1,4,0.25,2,1,3,0,0,0,2,2,3,18,4.6,1,2015-16
22015,201951,Ty Lawson,1610612745,HOU,Houston Rockets,0021500814,2016-02-19,HOU @ PHX,W,20,0,4,0.0,0,0,,1,2,0.5,0,4,4,2,1,0,2,1,1,-23,9.8,1,2015-16
22015,201609,Goran Dragic,1610612748,MIA,Miami Heat,0021500808,2016-02-19,MIA @ ATL,W,33,6,14,0.429,1,4,0.25,4,5,0.8,0,5,5,10,4,0,4,2,17,3,46.0,1,2015-16
22015,201564,O.J. Mayo,1610612749,MIL,Milwaukee Bucks,0021500813,2016-02-19,MIL vs. CHA,L,29,2,5,0.4,2,4,0.5,0,0,,2,1,3,2,0,1,3,3,6,0,12.6,1,2015-16
22015,203507,Giannis Antetokounmpo,1610612749,MIL,Milwaukee Bucks,0021500813,2016-02-19,MIL vs. CHA,L,39,7,17,0.412,0,1,0.0,4,6,0.667,2,10,12,4,1,1,2,2,18,1,42.4,1,2015-16
22015,2755,Kevin Martin,1610612750,MIN,Minnesota Timberwolves,0021500810,2016-02-19,MIN @ MEM,L,13,3,5,0.6,2,3,0.667,4,4,1.0,0,2,2,1,0,0,4,4,12,-1,11.9,1,2015-16
22015,201937,Ricky Rubio,1610612750,MIN,Minnesota Timberwolves,0021500810,2016-02-19,MIN @ MEM,L,34,0,5,0.0,0,3,0.0,5,5,1.0,0,2,2,9,0,1,3,2,5,-2,20.9,1,2015-16
22015,203897,Zach LaVine,1610612750,MIN,Minnesota Timberwolves,0021500810,2016-02-19,MIN @ MEM,L,26,8,13,0.615,4,6,0.667,2,2,1.0,0,2,2,0,1,0,4,5,22,1,23.4,1,2015-16
22015,204014,Damjan Rudez,1610612750,MIN,Minnesota Timberwolves,0021500810,2016-02-19,MIN @ MEM,L,7,1,3,0.333,1,3,0.333,0,0,,0,1,1,2,0,1,0,2,3,0,10.2,1,2015-16
22015,201577,Robin Lopez,1610612752,NYK,New York Knicks,0021500807,2016-02-19,NYK @ BKN,L,31,4,9,0.444,0,1,0.0,2,2,1.0,3,4,7,0,0,0,0,1,10,-13,18.4,1,2015-16
22015,204038,Langston Galloway,1610612752,NYK,New York Knicks,0021500807,2016-02-19,NYK @ BKN,L,26,4,8,0.5,1,4,0.25,0,1,0.0,0,5,5,4,1,0,0,3,9,6,24.0,1,2015-16
22015,1626202,Joe Young,1610612754,IND,Indiana Pacers,0021500812,2016-02-19,IND @ OKC,W,10,2,6,0.333,0,2,0.0,0,0,,0,2,2,0,1,0,0,0,4,-1,9.4,1,2015-16
22015,202397,Ish Smith,1610612755,PHI,Philadelphia 76ers,0021500811,2016-02-19,PHI @ NOP,L,31,5,9,0.556,0,3,0.0,2,4,0.5,0,3,3,7,4,0,3,2,12,0,35.1,1,2015-16
22015,203917,Nik Stauskas,1610612755,PHI,Philadelphia 76ers,0021500811,2016-02-19,PHI @ NOP,L,25,4,7,0.571,3,6,0.5,0,0,,0,2,2,1,1,0,2,4,11,-1,15.9,1,2015-16
22015,204456,T.J. McConnell,1610612755,PHI,Philadelphia 76ers,0021500811,2016-02-19,PHI @ NOP,L,7,1,2,0.5,0,0,,0,0,,0,1,1,1,0,0,2,0,2,-10,2.7,1,2015-16
22015,203895,Jordan McRae,1610612756,PHX,Phoenix Suns,0021500814,2016-02-19,PHX vs. HOU,L,15,2,5,0.4,1,2,0.5,3,4,0.75,1,1,2,3,1,0,1,3,8,11,16.9,1,2015-16
22015,203081,Damian Lillard,1610612757,POR,Portland Trail Blazers,0021500815,2016-02-19,POR vs. GSW,W,31,18,28,0.643,9,12,0.75,6,7,0.857,0,0,0,7,6,0,0,3,51,26,79.5,1,2015-16
22015,1626192,Pat Connaughton,1610612757,POR,Portland Trail Blazers,0021500815,2016-02-19,POR vs. GSW,W,4,0,1,0.0,0,1,0.0,0,0,,0,0,0,0,0,0,0,1,0,-4,0.0,1,2015-16
22015,200752,Rudy Gay,1610612758,SAC,Sacramento Kings,0021500816,2016-02-19,SAC vs. DEN,W,40,7,16,0.438,4,5,0.8,6,8,0.75,0,3,3,1,3,0,4,4,24,11,34.1,1,2015-16
22015,1495,Tim Duncan,1610612759,SAS,San Antonio Spurs,0021500818,2016-02-19,SAS @ LAL,W,28,4,9,0.444,0,0,,4,5,0.8,5,8,13,1,0,3,0,1,12,6,38.1,1,2015-16
22015,203937,Kyle Anderson,1610612759,SAS,San Antonio Spurs,0021500818,2016-02-19,SAS @ LAL,W,29,7,14,0.5,0,1,0.0,0,0,,0,3,3,3,2,0,0,3,14,1,28.1,1,2015-16
22015,201142,Kevin Durant,1610612760,OKC,Oklahoma City Thunder,0021500812,2016-02-19,OKC vs. IND,L,38,13,26,0.5,2,9,0.222,3,3,1.0,0,8,8,3,0,1,5,4,31,-7,43.1,1,2015-16
22015,201586,Serge Ibaka,1610612760,OKC,Oklahoma City Thunder,0021500812,2016-02-19,OKC vs. IND,L,35,6,13,0.462,0,2,0.0,0,1,0.0,3,8,11,1,0,0,2,3,12,-1,24.7,1,2015-16
22015,202683,Enes Freedom,1610612760,OKC,Oklahoma City Thunder,0021500812,2016-02-19,OKC vs. IND,L,20,5,15,0.333,1,1,1.0,2,2,1.0,4,6,10,0,0,0,0,0,13,-1,25.0,1,2015-16
22015,203079,Dion Waiters,1610612760,OKC,Oklahoma City Thunder,0021500812,2016-02-19,OKC vs. IND,L,32,0,6,0.0,0,2,0.0,0,0,,0,2,2,2,2,0,0,2,0,-11,11.4,1,2015-16
22015,2449,Luis Scola,1610612761,TOR,Toronto Raptors,0021500809,2016-02-19,TOR @ CHI,L,15,1,4,0.25,0,2,0.0,0,0,,0,5,5,0,0,1,0,2,2,-5,11.0,1,2015-16
22015,200768,Kyle Lowry,1610612761,TOR,Toronto Raptors,0021500809,2016-02-19,TOR @ CHI,L,37,9,18,0.5,2,7,0.286,7,8,0.875,1,2,3,8,1,1,1,3,27,-8,47.6,1,2015-16
22015,202709,Cory Joseph,1610612761,TOR,Toronto Raptors,0021500809,2016-02-19,TOR @ CHI,L,28,5,10,0.5,0,1,0.0,1,1,1.0,1,4,5,5,1,0,1,0,11,-7,26.5,1,2015-16
22015,203082,Terrence Ross,1610612761,TOR,Toronto Raptors,0021500809,2016-02-19,TOR @ CHI,L,24,1,6,0.167,0,1,0.0,0,0,,0,4,4,0,1,0,0,1,2,-16,9.8,1,2015-16
22015,203461,Anthony Bennett,1610612761,TOR,Toronto Raptors,0021500809,2016-02-19,TOR @ CHI,L,5,1,2,0.5,0,0,,0,0,,0,1,1,0,1,0,0,0,2,-5,6.2,1,2015-16
22015,1713,Vince Carter,1610612763,MEM,Memphis Grizzlies,0021500810,2016-02-19,MEM vs. MIN,W,26,5,10,0.5,3,8,0.375,2,2,1.0,1,3,4,0,2,0,1,4,15,9,24.8,1,2015-16
22015,2440,Matt Barnes,1610612763,MEM,Memphis Grizzlies,0021500810,2016-02-19,MEM vs. MIN,W,33,2,10,0.2,1,4,0.25,6,6,1.0,0,5,5,2,2,1,1,3,11,9,28.0,1,2015-16
22015,201148,Brandan Wright,1610612763,MEM,Memphis Grizzlies,0021500810,2016-02-19,MEM vs. MIN,W,17,3,4,0.75,0,0,,0,0,,1,1,2,0,1,0,0,1,6,-8,11.4,1,2015-16
22015,202693,Markieff Morris,1610612764,WAS,Washington Wizards,0021500806,2016-02-19,WAS vs. DET,W,22,2,8,0.25,0,2,0.0,2,2,1.0,0,2,2,0,0,0,2,3,6,-2,6.4,1,2015-16
22015,203078,Bradley Beal,1610612764,WAS,Washington Wizards,0021500806,2016-02-19,WAS vs. DET,W,26,7,10,0.7,2,4,0.5,1,3,0.333,0,1,1,3,1,0,1,3,17,6,24.7,1,2015-16
22015,204067,Jarell Eddie,1610612764,WAS,Washington Wizards,0021500806,2016-02-19,WAS vs. DET,W,2,0,0,,0,0,,0,0,,0,0,0,0,0,0,0,0,0,-4,0.0,1,2015-16
22015,202699,Tobias Harris,1610612765,DET,Detroit Pistons,0021500806,2016-02-19,DET @ WAS,L,30,9,12,0.75,1,2,0.5,2,2,1.0,1,3,4,0,0,0,2,2,21,-6,23.8,1,2015-16
22015,203484,Kentavious Caldwell-Pope,1610612765,DET,Detroit Pistons,0021500806,2016-02-19,DET @ WAS,L,32,1,11,0.091,0,5,0.0,2,2,1.0,0,3,3,0,0,0,0,1,4,-11,7.6,1,2015-16
22015,201946,Tyler Hansbrough,1610612766,CHA,Charlotte Hornets,0021500813,2016-02-19,CHA @ MIL,W,9,0,1,0.0,0,0,,0,0,,0,0,0,0,0,0,0,2,0,-2,0.0,1,2015-16
22015,200757,Thabo Sefolosha,1610612737,ATL,Atlanta Hawks,0021500808,2016-02-19,ATL vs. MIA,L,22,2,5,0.4,0,2,0.0,0,0,,0,5,5,2,1,0,0,0,4,-2,16.0,1,2015-16
22015,201143,Al Horford,1610612737,ATL,Atlanta Hawks,0021500808,2016-02-19,ATL vs. MIA,L,38,4,11,0.364,1,3,0.333,5,5,1.0,1,4,5,3,1,2,1,2,14,-3,32.5,1,2015-16
22015,201952,Jeff Teague,1610612737,ATL,Atlanta Hawks,0021500808,2016-02-19,ATL vs. MIA,L,29,9,14,0.643,3,7,0.429,2,2,1.0,0,2,2,7,1,0,2,6,23,-3,36.9,1,2015-16
22015,203488,Mike Muscala,1610612737,ATL,Atlanta Hawks,0021500808,2016-02-19,ATL vs. MIA,L,7,1,1,1.0,0,0,,2,2,1.0,1,0,1,0,0,0,2,2,4,-8,3.2,1,2015-16
22015,202340,Avery Bradley,1610612738,BOS,Boston Celtics,0021500817,2016-02-19,BOS @ UTA,L,34,5,12,0.417,2,6,0.333,0,0,,1,3,4,2,1,0,2,2,12,-17,20.8,1,2015-16
22015,202738,Isaiah Thomas,1610612738,BOS,Boston Celtics,0021500817,2016-02-19,BOS @ UTA,L,32,7,19,0.368,2,6,0.333,9,10,0.9,1,1,2,6,1,0,0,2,25,-20,39.4,1,2015-16
22015,203109,Jae Crowder,1610612738,BOS,Boston Celtics,0021500817,2016-02-19,BOS @ UTA,L,35,6,11,0.545,1,3,0.333,4,4,1.0,0,4,4,2,0,0,0,6,17,-15,24.8,1,2015-16
22015,1626175,Jordan Mickey,1610612738,BOS,Boston Celtics,0021500817,2016-02-19,BOS @ UTA,L,3,1,1,1.0,0,0,,0,0,,0,0,0,0,0,2,0,0,2,0,8.0,1,2015-16
22015,201583,Ryan Anderson,1610612740,NOP,New Orleans Pelicans,0021500811,2016-02-19,NOP vs. PHI,W,28,9,15,0.6,4,6,0.667,4,4,1.0,0,4,4,1,1,0,2,2,26,17,33.3,1,2015-16
22015,203076,Anthony Davis,1610612740,NOP,New Orleans Pelicans,0021500811,2016-02-19,NOP vs. PHI,W,38,9,22,0.409,0,2,0.0,16,20,0.8,2,5,7,1,2,2,2,3,34,-2,53.9,1,2015-16
22015,201565,Derrick Rose,1610612741,CHI,Chicago Bulls,0021500809,2016-02-19,CHI vs. TOR,W,35,12,20,0.6,1,2,0.5,1,2,0.5,2,1,3,6,0,0,4,1,26,4,34.6,1,2015-16
22015,1717,Dirk Nowitzki,1610612742,DAL,Dallas Mavericks,0021500805,2016-02-19,DAL @ ORL,L,39,4,16,0.25,2,7,0.286,1,3,0.333,0,3,3,1,1,1,1,2,11,-7,21.1,1,2015-16
22015,202718,Chandler Parsons,1610612742,DAL,Dallas Mavericks,0021500805,2016-02-19,DAL @ ORL,L,36,9,11,0.818,6,7,0.857,0,0,,0,4,4,4,2,3,4,0,24,-3,45.8,1,2015-16
22015,203939,Dwight Powell,1610612742,DAL,Dallas Mavericks,0021500805,2016-02-19,DAL @ ORL,L,4,0,0,,0,0,,0,0,,1,0,1,0,1,0,0,2,0,-4,4.2,1,2015-16
22015,1626257,Salah Mejri,1610612742,DAL,Dallas Mavericks,0021500805,2016-02-19,DAL @ ORL,L,5,0,0,,0,0,,0,0,,1,1,2,0,0,0,0,1,0,-5,2.4,1,2015-16
22015,203914,Gary Harris,1610612743,DEN,Denver Nuggets,0021500816,2016-02-19,DEN @ SAC,L,40,6,11,0.545,1,5,0.2,1,2,0.5,1,3,4,5,1,0,1,2,14,-5,28.3,1,2015-16
22015,203999,Nikola Jokić,1610612743,DEN,Denver Nuggets,0021500816,2016-02-19,DEN @ SAC,L,4,0,0,,0,0,,0,0,,0,1,1,0,0,0,1,4,0,-3,0.2,1,2015-16
22015,201147,Corey Brewer,1610612745,HOU,Houston Rockets,0021500814,2016-02-19,HOU @ PHX,W,21,0,2,0.0,0,0,,2,2,1.0,3,0,3,2,1,0,1,2,2,-20,10.6,1,2015-16
22015,101138,Brandon Bass,1610612747,LAL,Los Angeles Lakers,0021500818,2016-02-19,LAL vs. SAS,L,26,4,4,1.0,0,0,,2,2,1.0,0,1,1,1,2,2,2,3,10,-3,22.7,1,2015-16
22015,101150,Lou Williams,1610612747,LAL,Los Angeles Lakers,0021500818,2016-02-19,LAL vs. SAS,L,36,7,12,0.583,3,4,0.75,4,5,0.8,0,1,1,1,0,0,2,1,21,-2,21.7,1,2015-16
22015,203903,Jordan Clarkson,1610612747,LAL,Los Angeles Lakers,0021500818,2016-02-19,LAL vs. SAS,L,34,6,11,0.545,4,5,0.8,4,4,1.0,2,1,3,6,2,0,2,3,20,-7,36.6,1,2015-16
22015,2405,Amar'e Stoudemire,1610612748,MIA,Miami Heat,0021500808,2016-02-19,MIA @ ATL,W,19,2,6,0.333,0,0,,2,4,0.5,2,4,6,1,0,0,1,0,6,1,13.7,1,2015-16
22015,101123,Gerald Green,1610612748,MIA,Miami Heat,0021500808,2016-02-19,MIA @ ATL,W,37,6,13,0.462,1,3,0.333,1,3,0.333,1,4,5,2,2,1,3,2,14,-4,29.0,1,2015-16
22015,203101,Miles Plumlee,1610612749,MIL,Milwaukee Bucks,0021500813,2016-02-19,MIL vs. CHA,L,18,3,5,0.6,0,0,,0,0,,2,3,5,1,1,3,0,3,6,9,25.5,1,2015-16
22015,1626173,Rashad Vaughn,1610612749,MIL,Milwaukee Bucks,0021500813,2016-02-19,MIL vs. CHA,L,15,2,9,0.222,0,6,0.0,0,0,,0,0,0,1,0,0,0,0,4,-1,5.5,1,2015-16
22015,1626145,Tyus Jones,1610612750,MIN,Minnesota Timberwolves,0021500810,2016-02-19,MIN @ MEM,L,14,1,3,0.333,1,1,1.0,2,2,1.0,0,0,0,2,0,0,1,1,5,-3,7.0,1,2015-16
22015,1626157,Karl-Anthony Towns,1610612750,MIN,Minnesota Timberwolves,0021500810,2016-02-19,MIN @ MEM,L,35,4,15,0.267,1,4,0.25,2,2,1.0,5,10,15,3,1,2,3,4,11,0,39.5,1,2015-16
22015,2207,Joe Johnson,1610612751,BKN,Brooklyn Nets,0021500807,2016-02-19,BKN vs. NYK,W,38,4,9,0.444,1,4,0.25,3,4,0.75,1,5,6,6,0,0,3,3,12,19,25.2,1,2015-16
22015,202388,Donald Sloan,1610612751,BKN,Brooklyn Nets,0021500807,2016-02-19,BKN vs. NYK,W,30,5,8,0.625,2,2,1.0,2,2,1.0,1,9,10,4,2,1,1,1,14,6,40.0,1,2015-16
22015,202711,Bojan Bogdanovic,1610612751,BKN,Brooklyn Nets,0021500807,2016-02-19,BKN vs. NYK,W,24,6,8,0.75,4,5,0.8,0,0,,0,1,1,1,1,0,1,2,16,-6,20.7,1,2015-16
22015,203499,Shane Larkin,1610612751,BKN,Brooklyn Nets,0021500807,2016-02-19,BKN vs. NYK,W,19,0,4,0.0,0,1,0.0,2,2,1.0,0,2,2,4,3,0,0,1,2,6,19.4,1,2015-16
22015,203900,Markel Brown,1610612751,BKN,Brooklyn Nets,0021500807,2016-02-19,BKN vs. NYK,W,10,1,4,0.25,0,2,0.0,0,0,,1,0,1,0,1,0,0,0,2,-8,6.2,1,2015-16
22015,201167,Arron Afflalo,1610612752,NYK,New York Knicks,0021500807,2016-02-19,NYK @ BKN,L,39,6,9,0.667,3,4,0.75,2,2,1.0,0,2,2,2,1,0,2,1,17,-8,23.4,1,2015-16
22015,202338,Kevin Seraphin,1610612752,NYK,New York Knicks,0021500807,2016-02-19,NYK @ BKN,L,5,0,1,0.0,0,0,,0,0,,0,1,1,0,0,0,1,0,0,2,0.2,1,2015-16
22015,203124,Kyle O'Quinn,1610612752,NYK,New York Knicks,0021500807,2016-02-19,NYK @ BKN,L,7,1,1,1.0,0,0,,1,2,0.5,0,1,1,0,0,1,1,1,3,-10,6.2,1,2015-16
22015,204001,Kristaps Porziņģis,1610612752,NYK,New York Knicks,0021500807,2016-02-19,NYK @ BKN,L,35,6,15,0.4,1,5,0.2,5,5,1.0,1,7,8,2,1,3,4,4,18,1,38.6,1,2015-16
22015,201943,Brandon Jennings,1610612753,ORL,Orlando Magic,0021500805,2016-02-19,ORL vs. DAL,W,25,5,12,0.417,4,9,0.444,4,4,1.0,1,2,3,4,0,0,2,1,18,-2,25.6,1,2015-16
22015,202696,Nikola Vučević,1610612753,ORL,Orlando Magic,0021500805,2016-02-19,ORL vs. DAL,W,35,8,20,0.4,0,0,,5,5,1.0,3,10,13,3,1,2,4,2,21,10,46.1,1,2015-16
22015,203095,Evan Fournier,1610612753,ORL,Orlando Magic,0021500805,2016-02-19,ORL vs. DAL,W,42,4,11,0.364,1,5,0.2,0,0,,1,5,6,8,0,0,1,2,9,8,27.2,1,2015-16
22015,203506,Victor Oladipo,1610612753,ORL,Orlando Magic,0021500805,2016-02-19,ORL vs. DAL,W,42,6,18,0.333,3,9,0.333,2,2,1.0,2,11,13,3,2,0,2,3,17,15,41.1,1,2015-16
22015,101133,Ian Mahinmi,1610612754,IND,Indiana Pacers,0021500812,2016-02-19,IND @ OKC,W,35,9,18,0.5,0,0,,1,1,1.0,4,7,11,3,2,2,3,2,19,12,45.7,1,2015-16
22015,101145,Monta Ellis,1610612754,IND,Indiana Pacers,0021500812,2016-02-19,IND @ OKC,W,38,10,16,0.625,3,5,0.6,4,7,0.571,0,2,2,3,3,0,2,2,27,9,40.9,1,2015-16
22015,201941,Jordan Hill,1610612754,IND,Indiana Pacers,0021500812,2016-02-19,IND @ OKC,W,12,1,6,0.167,0,0,,0,0,,2,2,4,1,0,0,0,0,2,-11,8.3,1,2015-16
22015,201978,Chase Budinger,1610612754,IND,Indiana Pacers,0021500812,2016-02-19,IND @ OKC,W,10,0,2,0.0,0,1,0.0,0,0,,0,1,1,0,0,0,1,0,0,-1,0.2,1,2015-16
22015,202331,Paul George,1610612754,IND,Indiana Pacers,0021500812,2016-02-19,IND @ OKC,W,34,6,14,0.429,2,7,0.286,8,9,0.889,0,5,5,10,1,0,2,4,22,10,44.0,1,2015-16
22015,203524,Solomon Hill,1610612754,IND,Indiana Pacers,0021500812,2016-02-19,IND @ OKC,W,13,0,2,0.0,0,0,,0,0,,0,1,1,0,0,0,0,2,0,-10,1.2,1,2015-16
22015,1626167,Myles Turner,1610612754,IND,Indiana Pacers,0021500812,2016-02-19,IND @ OKC,W,36,7,12,0.583,1,1,1.0,1,3,0.333,0,5,5,1,0,6,2,2,16,3,39.5,1,2015-16
22015,201171,Carl Landry,1610612755,PHI,Philadelphia 76ers,0021500811,2016-02-19,PHI @ NOP,L,8,0,1,0.0,0,0,,0,0,,1,0,1,2,0,0,1,0,0,3,3.2,1,2015-16
22015,203457,Nerlens Noel,1610612755,PHI,Philadelphia 76ers,0021500811,2016-02-19,PHI @ NOP,L,36,10,15,0.667,0,0,,4,5,0.8,1,8,9,4,2,1,4,2,24,-7,45.8,1,2015-16
22015,203477,Isaiah Canaan,1610612755,PHI,Philadelphia 76ers,0021500811,2016-02-19,PHI @ NOP,L,22,4,10,0.4,4,7,0.571,1,1,1.0,1,2,3,0,1,0,1,0,13,-5,18.6,1,2015-16
22015,1626143,Jahlil Okafor,1610612755,PHI,Philadelphia 76ers,0021500811,2016-02-19,PHI @ NOP,L,19,5,9,0.556,0,0,,4,4,1.0,0,5,5,0,0,1,1,6,14,7,22.0,1,2015-16
22015,2199,Tyson Chandler,1610612756,PHX,Phoenix Suns,0021500814,2016-02-19,PHX vs. HOU,L,8,1,1,1.0,0,0,,0,0,,0,3,3,0,0,0,0,1,2,-8,5.6,1,2015-16
22015,203468,CJ McCollum,1610612757,POR,Portland Trail Blazers,0021500815,2016-02-19,POR vs. GSW,W,32,9,18,0.5,3,4,0.75,0,0,,0,4,4,7,2,0,6,2,21,32,36.3,1,2015-16
22015,200765,Rajon Rondo,1610612758,SAC,Sacramento Kings,0021500816,2016-02-19,SAC vs. DEN,W,39,8,16,0.5,4,6,0.667,4,6,0.667,5,5,10,9,5,0,4,4,24,7,60.5,1,2015-16
22015,202341,James Anderson,1610612758,SAC,Sacramento Kings,0021500816,2016-02-19,SAC vs. DEN,W,24,0,2,0.0,0,1,0.0,0,0,,0,1,1,1,1,0,3,3,0,0,2.7,1,2015-16
22015,2225,Tony Parker,1610612759,SAS,San Antonio Spurs,0021500818,2016-02-19,SAS @ LAL,W,32,9,16,0.563,0,0,,7,7,1.0,1,0,1,6,1,0,2,0,25,9,36.2,1,2015-16
22015,200746,LaMarcus Aldridge,1610612759,SAS,San Antonio Spurs,0021500818,2016-02-19,SAS @ LAL,W,35,6,11,0.545,0,0,,4,4,1.0,2,6,8,3,1,2,1,4,16,9,38.1,1,2015-16
22015,201980,Danny Green,1610612759,SAS,San Antonio Spurs,0021500818,2016-02-19,SAS @ LAL,W,19,1,4,0.25,0,0,,0,0,,1,2,3,2,1,2,0,5,2,7,17.6,1,2015-16
22015,203500,Steven Adams,1610612760,OKC,Oklahoma City Thunder,0021500812,2016-02-19,OKC vs. IND,L,32,2,3,0.667,0,0,,2,2,1.0,0,7,7,1,0,2,2,3,6,-10,19.9,1,2015-16
22015,202687,Bismack Biyombo,1610612761,TOR,Toronto Raptors,0021500809,2016-02-19,TOR @ CHI,L,15,0,0,,0,0,,1,4,0.25,1,2,3,1,0,2,1,4,1,-12,11.1,1,2015-16
22015,203526,Raul Neto,1610612762,UTA,Utah Jazz,0021500817,2016-02-19,UTA vs. BOS,W,29,5,5,1.0,2,2,1.0,3,4,0.75,0,3,3,4,2,0,1,4,15,20,29.6,1,2015-16
22015,203918,Rodney Hood,1610612762,UTA,Utah Jazz,0021500817,2016-02-19,UTA vs. BOS,W,29,2,6,0.333,2,4,0.5,5,6,0.833,0,3,3,1,1,1,0,3,11,8,22.1,1,2015-16
22015,1626168,Trey Lyles,1610612762,UTA,Utah Jazz,0021500817,2016-02-19,UTA vs. BOS,W,8,1,1,1.0,0,0,,0,0,,0,2,2,1,0,0,0,1,2,0,5.9,1,2015-16
22015,2754,Tony Allen,1610612763,MEM,Memphis Grizzlies,0021500810,2016-02-19,MEM vs. MIN,W,13,3,5,0.6,0,0,,3,4,0.75,0,2,2,2,1,0,2,2,9,4,15.4,1,2015-16
22015,201144,Mike Conley,1610612763,MEM,Memphis Grizzlies,0021500810,2016-02-19,MEM vs. MIN,W,38,10,19,0.526,2,4,0.5,3,4,0.75,1,3,4,7,2,0,3,3,25,6,43.3,1,2015-16
22015,201596,Mario Chalmers,1610612763,MEM,Memphis Grizzlies,0021500810,2016-02-19,MEM vs. MIN,W,27,2,6,0.333,1,1,1.0,5,6,0.833,1,2,3,3,1,0,2,5,10,-1,19.1,1,2015-16
22015,202704,Reggie Jackson,1610612765,DET,Detroit Pistons,0021500806,2016-02-19,DET @ WAS,L,32,7,18,0.389,1,3,0.333,1,1,1.0,2,1,3,5,0,1,3,1,16,-13,27.1,1,2015-16
22015,203087,Jeremy Lamb,1610612766,CHA,Charlotte Hornets,0021500813,2016-02-19,CHA @ MIL,W,23,6,10,0.6,2,6,0.333,0,0,,0,3,3,2,3,0,2,4,14,18,27.6,1,2015-16
22015,203469,Cody Zeller,1610612766,CHA,Charlotte Hornets,0021500813,2016-02-19,CHA @ MIL,W,31,9,12,0.75,0,0,,5,5,1.0,5,3,8,2,0,0,0,0,23,5,35.6,1,2015-16
22015,101161,Amir Johnson,1610612738,BOS,Boston Celtics,0021500817,2016-02-19,BOS @ UTA,L,17,1,4,0.25,0,1,0.0,0,0,,1,0,1,0,2,0,1,3,2,-12,8.2,1,2015-16
22015,201962,Toney Douglas,1610612740,NOP,New Orleans Pelicans,0021500811,2016-02-19,NOP vs. PHI,W,18,1,3,0.333,1,3,0.333,0,0,,1,0,1,2,1,1,0,3,3,-3,13.2,1,2015-16
22015,201967,Dante Cunningham,1610612740,NOP,New Orleans Pelicans,0021500811,2016-02-19,NOP vs. PHI,W,32,1,1,1.0,0,0,,0,0,,1,1,2,0,0,0,1,2,2,-8,3.4,1,2015-16
22015,1626214,Bryce Dejean-Jones,1610612740,NOP,New Orleans Pelicans,0021500811,2016-02-19,NOP vs. PHI,W,17,2,5,0.4,1,2,0.5,0,0,,0,4,4,1,0,0,3,2,5,-6,8.3,1,2015-16
22015,1626171,Bobby Portis,1610612741,CHI,Chicago Bulls,0021500809,2016-02-19,CHI vs. TOR,W,22,4,9,0.444,0,0,,0,0,,1,7,8,0,1,1,0,1,8,8,23.6,1,2015-16
22015,202702,Kenneth Faried,1610612743,DEN,Denver Nuggets,0021500816,2016-02-19,DEN @ SAC,L,23,3,8,0.375,0,0,,0,2,0.0,2,7,9,1,0,2,0,1,6,-9,24.3,1,2015-16
22015,2733,Shaun Livingston,1610612744,GSW,Golden State Warriors,0021500815,2016-02-19,GSW @ POR,L,15,0,2,0.0,0,0,,0,0,,0,1,1,1,0,0,2,1,0,-5,0.7,1,2015-16
22015,201574,Jason Thompson,1610612744,GSW,Golden State Warriors,0021500815,2016-02-19,GSW @ POR,L,6,0,1,0.0,0,0,,2,4,0.5,1,1,2,0,1,0,0,0,2,-5,7.4,1,2015-16
22015,201578,Marreese Speights,1610612744,GSW,Golden State Warriors,0021500815,2016-02-19,GSW @ POR,L,13,2,8,0.25,0,1,0.0,6,6,1.0,4,2,6,1,0,0,0,1,10,-14,18.7,1,2015-16
22015,203084,Harrison Barnes,1610612744,GSW,Golden State Warriors,0021500815,2016-02-19,GSW @ POR,L,29,2,4,0.5,0,0,,1,1,1.0,1,2,3,3,0,0,0,0,5,-19,13.1,1,2015-16
22015,1626172,Kevon Looney,1610612744,GSW,Golden State Warriors,0021500815,2016-02-19,GSW @ POR,L,9,1,2,0.5,0,1,0.0,0,0,,4,4,8,0,0,0,0,0,2,-5,11.6,1,2015-16
22015,2730,Dwight Howard,1610612745,HOU,Houston Rockets,0021500814,2016-02-19,HOU @ PHX,W,30,5,8,0.625,0,0,,5,10,0.5,2,4,6,1,3,0,5,4,15,29,27.7,1,2015-16
22015,203909,KJ McDaniels,1610612745,HOU,Houston Rockets,0021500814,2016-02-19,HOU @ PHX,W,12,1,3,0.333,0,1,0.0,2,2,1.0,0,1,1,1,0,1,2,3,4,-14,7.7,1,2015-16
22015,1626149,Montrezl Harrell,1610612745,HOU,Houston Rockets,0021500814,2016-02-19,HOU @ PHX,W,11,4,6,0.667,0,0,,2,4,0.5,1,1,2,0,1,0,0,1,10,-1,15.4,1,2015-16
22015,2617,Udonis Haslem,1610612748,MIA,Miami Heat,0021500808,2016-02-19,MIA @ ATL,W,12,2,2,1.0,0,0,,2,2,1.0,0,3,3,1,0,0,0,1,6,-3,11.1,1,2015-16
22015,203114,Khris Middleton,1610612749,MIL,Milwaukee Bucks,0021500813,2016-02-19,MIL vs. CHA,L,39,6,17,0.353,3,4,0.75,5,7,0.714,2,2,4,7,2,1,6,1,20,1,38.3,1,2015-16
22015,203476,Gorgui Dieng,1610612750,MIN,Minnesota Timberwolves,0021500810,2016-02-19,MIN @ MEM,L,44,4,9,0.444,0,1,0.0,6,6,1.0,4,8,12,1,3,1,3,3,14,0,38.9,1,2015-16
22015,201572,Brook Lopez,1610612751,BKN,Brooklyn Nets,0021500807,2016-02-19,BKN vs. NYK,W,37,13,23,0.565,0,0,,7,8,0.875,2,6,8,2,1,4,2,4,33,15,58.6,1,2015-16
22015,2546,Carmelo Anthony,1610612752,NYK,New York Knicks,0021500807,2016-02-19,NYK @ BKN,L,38,8,16,0.5,2,4,0.5,4,4,1.0,2,5,7,6,3,1,2,2,22,-8,49.4,1,2015-16
22015,1626170,Jerian Grant,1610612752,NYK,New York Knicks,0021500807,2016-02-19,NYK @ BKN,L,16,2,4,0.5,0,0,,2,2,1.0,1,4,5,3,0,0,2,2,6,3,14.5,1,2015-16
22015,101141,Ersan Ilyasova,1610612753,ORL,Orlando Magic,0021500805,2016-02-19,ORL vs. DAL,W,23,5,11,0.455,2,4,0.5,4,6,0.667,2,3,5,2,1,0,1,6,16,-4,27.0,1,2015-16
22015,203932,Aaron Gordon,1610612753,ORL,Orlando Magic,0021500805,2016-02-19,ORL vs. DAL,W,28,3,8,0.375,1,2,0.5,0,0,,3,8,11,1,6,0,2,4,7,3,37.7,1,2015-16
22015,203496,Robert Covington,1610612755,PHI,Philadelphia 76ers,0021500811,2016-02-19,PHI @ NOP,L,25,4,9,0.444,3,7,0.429,4,4,1.0,0,4,4,1,1,0,2,3,15,12,22.3,1,2015-16
22015,203924,Jerami Grant,1610612755,PHI,Philadelphia 76ers,0021500811,2016-02-19,PHI @ NOP,L,25,3,5,0.6,0,0,,6,6,1.0,0,0,0,1,0,2,2,5,12,-22,17.5,1,2015-16
22015,101179,Ronnie Price,1610612756,PHX,Phoenix Suns,0021500814,2016-02-19,PHX vs. HOU,L,23,0,4,0.0,0,2,0.0,0,0,,0,1,1,3,1,1,2,5,0,-8,9.7,1,2015-16
22015,200782,P.J. Tucker,1610612756,PHX,Phoenix Suns,0021500814,2016-02-19,PHX vs. HOU,L,34,3,8,0.375,2,5,0.4,1,4,0.25,0,5,5,3,2,1,2,1,9,-23,26.5,1,2015-16
22015,201603,Sonny Weems,1610612756,PHX,Phoenix Suns,0021500814,2016-02-19,PHX vs. HOU,L,17,1,4,0.25,0,1,0.0,0,0,,0,1,1,3,0,0,2,2,2,21,5.7,1,2015-16
22015,202720,Jon Leuer,1610612756,PHX,Phoenix Suns,0021500814,2016-02-19,PHX vs. HOU,L,21,5,11,0.455,1,3,0.333,5,6,0.833,2,4,6,2,1,2,5,5,16,1,30.2,1,2015-16
22015,1626164,Devin Booker,1610612756,PHX,Phoenix Suns,0021500814,2016-02-19,PHX vs. HOU,L,31,3,11,0.273,2,7,0.286,2,2,1.0,1,0,1,1,1,0,1,1,10,-37,14.7,1,2015-16
22015,202329,Al-Farouq Aminu,1610612757,POR,Portland Trail Blazers,0021500815,2016-02-19,POR vs. GSW,W,25,1,3,0.333,0,0,,1,2,0.5,1,5,6,0,0,1,1,3,3,16,12.2,1,2015-16
22015,201585,Kosta Koufos,1610612758,SAC,Sacramento Kings,0021500816,2016-02-19,SAC vs. DEN,W,10,0,1,0.0,0,0,,0,0,,0,0,0,0,0,1,1,2,0,1,2.0,1,2015-16
22015,203463,Ben McLemore,1610612758,SAC,Sacramento Kings,0021500816,2016-02-19,SAC vs. DEN,W,24,1,7,0.143,0,3,0.0,0,0,,0,2,2,1,0,0,1,4,2,1,4.9,1,2015-16
22015,1626161,Willie Cauley-Stein,1610612758,SAC,Sacramento Kings,0021500816,2016-02-19,SAC vs. DEN,W,14,5,5,1.0,0,0,,0,0,,1,2,3,0,0,3,1,0,10,-4,21.6,1,2015-16
22015,2446,Rasual Butler,1610612759,SAS,San Antonio Spurs,0021500818,2016-02-19,SAS @ LAL,W,19,3,4,0.75,2,3,0.667,2,2,1.0,1,1,2,1,0,1,0,2,10,1,16.9,1,2015-16
22015,201988,Patty Mills,1610612759,SAS,San Antonio Spurs,0021500818,2016-02-19,SAS @ LAL,W,26,6,13,0.462,3,7,0.429,0,0,,0,1,1,7,1,0,3,0,15,8,26.7,1,2015-16
22015,2555,Nick Collison,1610612760,OKC,Oklahoma City Thunder,0021500812,2016-02-19,OKC vs. IND,L,9,0,0,,0,0,,0,0,,1,2,3,1,0,0,1,2,0,6,4.1,1,2015-16
22015,201627,Anthony Morrow,1610612760,OKC,Oklahoma City Thunder,0021500812,2016-02-19,OKC vs. IND,L,12,2,6,0.333,1,4,0.25,0,0,,0,0,0,0,0,0,0,1,5,1,5.0,1,2015-16
22015,202335,Patrick Patterson,1610612761,TOR,Toronto Raptors,0021500809,2016-02-19,TOR @ CHI,L,28,5,10,0.5,2,4,0.5,0,1,0.0,1,6,7,3,1,1,0,2,12,0,30.9,1,2015-16
22015,202344,Trevor Booker,1610612762,UTA,Utah Jazz,0021500817,2016-02-19,UTA vs. BOS,W,20,3,5,0.6,0,0,,1,4,0.25,2,6,8,1,0,0,0,3,7,-1,18.1,1,2015-16
22015,203504,Trey Burke,1610612762,UTA,Utah Jazz,0021500817,2016-02-19,UTA vs. BOS,W,17,3,9,0.333,2,6,0.333,0,0,,0,0,0,2,0,0,4,4,8,0,7.0,1,2015-16
22015,2365,Chris Andersen,1610612763,MEM,Memphis Grizzlies,0021500810,2016-02-19,MEM vs. MIN,W,11,2,2,1.0,0,0,,0,0,,1,2,3,0,0,1,1,0,4,4,9.6,1,2015-16
22015,101162,Marcin Gortat,1610612764,WAS,Washington Wizards,0021500806,2016-02-19,WAS vs. DET,W,29,6,10,0.6,0,0,,3,4,0.75,4,5,9,2,0,2,1,3,15,21,33.8,1,2015-16
22015,1626162,Kelly Oubre Jr.,1610612764,WAS,Washington Wizards,0021500806,2016-02-19,WAS vs. DET,W,2,0,0,,0,0,,2,2,1.0,0,2,2,0,0,0,0,1,2,-4,4.4,1,2015-16
22015,2581,Steve Blake,1610612765,DET,Detroit Pistons,0021500806,2016-02-19,DET @ WAS,L,16,2,4,0.5,1,1,1.0,0,0,,0,1,1,3,0,0,1,1,5,1,9.7,1,2015-16
22015,201587,Nicolas Batum,1610612766,CHA,Charlotte Hornets,0021500813,2016-02-19,CHA @ MIL,W,36,3,11,0.273,1,5,0.2,0,0,,0,5,5,2,2,3,4,2,7,-1,27.0,1,2015-16
22015,200794,Paul Millsap,1610612737,ATL,Atlanta Hawks,0021500808,2016-02-19,ATL vs. MIA,L,28,4,13,0.308,2,5,0.4,2,2,1.0,3,10,13,4,0,0,3,4,12,0,30.6,1,2015-16
22015,203935,Marcus Smart,1610612738,BOS,Boston Celtics,0021500817,2016-02-19,BOS @ UTA,L,22,1,5,0.2,1,3,0.333,5,8,0.625,0,3,3,3,2,0,0,5,8,-4,22.1,1,2015-16
22015,201600,Omer Asik,1610612740,NOP,New Orleans Pelicans,0021500811,2016-02-19,NOP vs. PHI,W,19,4,6,0.667,0,0,,1,2,0.5,7,7,14,0,1,0,1,3,9,-9,27.8,1,2015-16
22015,202708,Norris Cole,1610612740,NOP,New Orleans Pelicans,0021500811,2016-02-19,NOP vs. PHI,W,27,5,8,0.625,0,0,,2,4,0.5,0,3,3,4,0,0,3,4,12,4,18.6,1,2015-16
22015,203926,Doug McDermott,1610612741,CHI,Chicago Bulls,0021500809,2016-02-19,CHI vs. TOR,W,31,13,17,0.765,4,5,0.8,0,0,,2,2,4,1,0,0,0,3,30,15,36.3,1,2015-16
22015,1626245,Cristiano Felicio,1610612741,CHI,Chicago Bulls,0021500809,2016-02-19,CHI vs. TOR,W,14,3,3,1.0,0,0,,2,4,0.5,1,2,3,3,0,1,0,3,8,12,19.1,1,2015-16
22015,201568,Danilo Gallinari,1610612743,DEN,Denver Nuggets,0021500816,2016-02-19,DEN @ SAC,L,37,6,11,0.545,3,5,0.6,12,13,0.923,0,3,3,2,3,0,3,1,27,-7,39.6,1,2015-16
22015,201571,D.J. Augustin,1610612743,DEN,Denver Nuggets,0021500816,2016-02-19,DEN @ SAC,L,19,2,6,0.333,2,3,0.667,2,2,1.0,0,0,0,6,3,0,3,2,8,-2,23.0,1,2015-16
22015,201589,Darrell Arthur,1610612743,DEN,Denver Nuggets,0021500816,2016-02-19,DEN @ SAC,L,17,2,7,0.286,0,2,0.0,0,2,0.0,1,3,4,2,1,0,1,2,4,3,13.8,1,2015-16
22015,201939,Stephen Curry,1610612744,GSW,Golden State Warriors,0021500815,2016-02-19,GSW @ POR,L,26,12,23,0.522,7,13,0.538,0,0,,2,1,3,5,2,0,3,4,31,-18,45.1,1,2015-16
22015,203110,Draymond Green,1610612744,GSW,Golden State Warriors,0021500815,2016-02-19,GSW @ POR,L,31,5,7,0.714,2,2,1.0,2,2,1.0,1,11,12,8,0,0,9,3,14,-13,31.4,1,2015-16
22015,2772,Trevor Ariza,1610612745,HOU,Houston Rockets,0021500814,2016-02-19,HOU @ PHX,W,32,8,12,0.667,4,7,0.571,5,6,0.833,1,5,6,3,5,0,3,4,25,40,48.7,1,2015-16
22015,203991,Clint Capela,1610612745,HOU,Houston Rockets,0021500814,2016-02-19,HOU @ PHX,W,18,5,7,0.714,0,0,,1,4,0.25,1,6,7,0,0,1,1,5,11,-13,21.4,1,2015-16
22015,977,Kobe Bryant,1610612747,LAL,Los Angeles Lakers,0021500818,2016-02-19,LAL vs. SAS,L,29,10,25,0.4,1,8,0.125,4,5,0.8,1,3,4,3,1,0,3,0,25,-3,34.3,1,2015-16
22015,201156,Nick Young,1610612747,LAL,Los Angeles Lakers,0021500818,2016-02-19,LAL vs. SAS,L,19,2,7,0.286,1,3,0.333,5,5,1.0,0,1,1,2,0,0,0,0,10,-3,14.2,1,2015-16
22015,201579,Roy Hibbert,1610612747,LAL,Los Angeles Lakers,0021500818,2016-02-19,LAL vs. SAS,L,22,1,3,0.333,0,0,,0,0,,1,5,6,3,0,1,0,2,2,-3,16.7,1,2015-16
22015,1626156,D'Angelo Russell,1610612747,LAL,Los Angeles Lakers,0021500818,2016-02-19,LAL vs. SAS,L,26,2,5,0.4,0,1,0.0,4,4,1.0,0,1,1,3,0,0,3,2,8,-3,10.7,1,2015-16
22015,1626204,Larry Nance Jr.,1610612747,LAL,Los Angeles Lakers,0021500818,2016-02-19,LAL vs. SAS,L,17,3,4,0.75,0,0,,0,0,,3,1,4,1,0,1,2,3,6,-1,13.3,1,2015-16
22015,2736,Luol Deng,1610612748,MIA,Miami Heat,0021500808,2016-02-19,MIA @ ATL,W,38,11,17,0.647,1,3,0.333,7,10,0.7,2,9,11,0,4,0,1,1,30,16,54.2,1,2015-16
22015,201177,Josh McRoberts,1610612748,MIA,Miami Heat,0021500808,2016-02-19,MIA @ ATL,W,30,8,13,0.615,3,5,0.6,0,0,,2,4,6,10,0,0,1,1,19,1,40.2,1,2015-16
22015,1626159,Justise Winslow,1610612748,MIA,Miami Heat,0021500808,2016-02-19,MIA @ ATL,W,37,5,13,0.385,0,3,0.0,3,4,0.75,3,6,9,0,2,0,2,2,13,2,27.8,1,2015-16
22015,1626196,Josh Richardson,1610612748,MIA,Miami Heat,0021500808,2016-02-19,MIA @ ATL,W,20,3,4,0.75,1,1,1.0,0,0,,0,1,1,0,1,0,0,2,7,3,11.2,1,2015-16
22015,203487,Michael Carter-Williams,1610612749,MIL,Milwaukee Bucks,0021500813,2016-02-19,MIL vs. CHA,L,29,6,7,0.857,2,3,0.667,0,0,,0,6,6,3,1,2,2,3,14,-9,32.7,1,2015-16
22015,201961,Wayne Ellington,1610612751,BKN,Brooklyn Nets,0021500807,2016-02-19,BKN vs. NYK,W,26,4,7,0.571,1,3,0.333,2,2,1.0,0,1,1,2,1,0,0,0,11,15,18.2,1,2015-16
22015,1626191,Chris McCullough,1610612751,BKN,Brooklyn Nets,0021500807,2016-02-19,BKN vs. NYK,W,6,1,3,0.333,0,0,,0,0,,0,0,0,0,1,0,0,0,2,0,5.0,1,2015-16
22015,101181,Jose Calderon,1610612752,NYK,New York Knicks,0021500807,2016-02-19,NYK @ BKN,L,22,3,9,0.333,1,3,0.333,0,0,,0,4,4,2,0,1,1,1,7,-17,16.8,1,2015-16
22015,202498,Lance Thomas,1610612752,NYK,New York Knicks,0021500807,2016-02-19,NYK @ BKN,L,11,0,5,0.0,0,2,0.0,0,0,,1,1,2,0,0,0,2,2,0,-3,0.4,1,2015-16
22015,202682,Derrick Williams,1610612752,NYK,New York Knicks,0021500807,2016-02-19,NYK @ BKN,L,11,2,5,0.4,2,3,0.667,0,0,,0,2,2,1,0,0,1,0,6,-8,8.9,1,2015-16
22015,201228,C.J. Watson,1610612753,ORL,Orlando Magic,0021500805,2016-02-19,ORL vs. DAL,W,8,0,0,,0,0,,0,0,,0,1,1,0,0,0,0,0,0,-13,1.2,1,2015-16
22015,201588,George Hill,1610612754,IND,Indiana Pacers,0021500812,2016-02-19,IND @ OKC,W,38,3,11,0.273,3,6,0.5,0,0,,3,8,11,9,1,0,1,1,9,4,37.7,1,2015-16
22015,203462,Archie Goodwin,1610612756,PHX,Phoenix Suns,0021500814,2016-02-19,PHX vs. HOU,L,31,3,13,0.231,0,3,0.0,4,4,1.0,0,1,1,4,0,0,4,5,10,-15,13.2,1,2015-16
22015,2549,Chris Kaman,1610612757,POR,Portland Trail Blazers,0021500815,2016-02-19,POR vs. GSW,W,5,0,2,0.0,0,2,0.0,0,0,,0,2,2,0,0,0,0,1,0,-6,2.4,1,2015-16
22015,203148,Brian Roberts,1610612757,POR,Portland Trail Blazers,0021500815,2016-02-19,POR vs. GSW,W,5,3,4,0.75,1,1,1.0,0,0,,0,0,0,0,0,0,0,0,7,-6,7.0,1,2015-16
22015,203459,Allen Crabbe,1610612757,POR,Portland Trail Blazers,0021500815,2016-02-19,POR vs. GSW,W,25,3,8,0.375,2,4,0.5,1,1,1.0,0,5,5,2,1,1,0,2,9,18,24.0,1,2015-16
22015,202326,DeMarcus Cousins,1610612758,SAC,Sacramento Kings,0021500816,2016-02-19,SAC vs. DEN,W,39,12,20,0.6,1,1,1.0,12,15,0.8,1,19,20,2,1,4,6,4,37,4,73.0,1,2015-16
22015,203112,Quincy Acy,1610612758,SAC,Sacramento Kings,0021500816,2016-02-19,SAC vs. DEN,W,15,0,0,,0,0,,0,0,,0,3,3,0,0,0,1,1,0,2,2.6,1,2015-16
22015,2564,Boris Diaw,1610612759,SAS,San Antonio Spurs,0021500818,2016-02-19,SAS @ LAL,W,19,5,7,0.714,0,0,,0,0,,1,2,3,2,0,0,3,2,10,2,13.6,1,2015-16
22015,203492,Ray McCallum,1610612759,SAS,San Antonio Spurs,0021500818,2016-02-19,SAS @ LAL,W,1,0,0,,0,0,,0,0,,0,0,0,0,0,0,0,0,0,-4,0.0,1,2015-16
22015,201566,Russell Westbrook,1610612760,OKC,Oklahoma City Thunder,0021500812,2016-02-19,OKC vs. IND,L,37,10,17,0.588,1,4,0.25,2,2,1.0,0,3,3,18,2,1,2,2,23,-4,60.6,1,2015-16
22015,1626166,Cameron Payne,1610612760,OKC,Oklahoma City Thunder,0021500812,2016-02-19,OKC vs. IND,L,12,3,6,0.5,0,2,0.0,0,0,,0,0,0,0,1,0,1,3,6,1,8.0,1,2015-16
22015,201942,DeMar DeRozan,1610612761,TOR,Toronto Raptors,0021500809,2016-02-19,TOR @ CHI,L,40,6,21,0.286,1,3,0.333,9,10,0.9,1,3,4,3,2,0,3,2,22,-1,34.3,1,2015-16
22015,201949,James Johnson,1610612761,TOR,Toronto Raptors,0021500809,2016-02-19,TOR @ CHI,L,15,1,3,0.333,0,0,,0,2,0.0,0,1,1,1,0,1,0,1,2,2,7.7,1,2015-16
22015,202685,Jonas Valančiūnas,1610612761,TOR,Toronto Raptors,0021500809,2016-02-19,TOR @ CHI,L,33,9,14,0.643,0,0,,7,8,0.875,6,6,12,1,0,1,2,4,25,2,41.9,1,2015-16
22015,202330,Gordon Hayward,1610612762,UTA,Utah Jazz,0021500817,2016-02-19,UTA vs. BOS,W,36,6,16,0.375,1,6,0.167,9,15,0.6,0,3,3,4,1,0,2,1,22,21,32.6,1,2015-16
22015,203187,Chris Johnson,1610612762,UTA,Utah Jazz,0021500817,2016-02-19,UTA vs. BOS,W,22,3,4,0.75,2,3,0.667,0,0,,1,5,6,1,0,0,1,2,8,6,15.7,1,2015-16
22015,204060,Joe Ingles,1610612762,UTA,Utah Jazz,0021500817,2016-02-19,UTA vs. BOS,W,11,1,2,0.5,1,2,0.5,1,2,0.5,1,0,1,0,0,0,0,2,4,-1,5.2,1,2015-16
22015,2216,Zach Randolph,1610612763,MEM,Memphis Grizzlies,0021500810,2016-02-19,MEM vs. MIN,W,34,8,14,0.571,0,1,0.0,1,2,0.5,2,6,8,1,0,0,2,3,17,0,26.1,1,2015-16
22015,201162,Jared Dudley,1610612764,WAS,Washington Wizards,0021500806,2016-02-19,WAS vs. DET,W,26,3,7,0.429,0,3,0.0,4,6,0.667,2,4,6,4,1,2,1,4,10,14,31.2,1,2015-16
22015,202066,Garrett Temple,1610612764,WAS,Washington Wizards,0021500806,2016-02-19,WAS vs. DET,W,30,1,5,0.2,0,2,0.0,0,0,,0,4,4,4,1,0,0,1,2,-2,15.8,1,2015-16
22015,202322,John Wall,1610612764,WAS,Washington Wizards,0021500806,2016-02-19,WAS vs. DET,W,35,8,17,0.471,2,7,0.286,4,4,1.0,0,8,8,8,1,1,2,2,22,24,47.6,1,2015-16
22015,203490,Otto Porter Jr.,1610612764,WAS,Washington Wizards,0021500806,2016-02-19,WAS vs. DET,W,31,4,7,0.571,3,4,0.75,0,0,,0,6,6,1,0,0,0,0,11,29,19.7,1,2015-16
22015,202694,Marcus Morris Sr.,1610612765,DET,Detroit Pistons,0021500806,2016-02-19,DET @ WAS,L,36,4,12,0.333,1,3,0.333,0,1,0.0,2,4,6,3,0,0,2,2,9,-8,18.7,1,2015-16
22015,203083,Andre Drummond,1610612765,DET,Detroit Pistons,0021500806,2016-02-19,DET @ WAS,L,34,4,10,0.4,0,1,0.0,3,6,0.5,0,13,13,1,2,1,1,3,11,-24,36.1,1,2015-16
22015,203382,Aron Baynes,1610612765,DET,Detroit Pistons,0021500806,2016-02-19,DET @ WAS,L,14,3,3,1.0,0,0,,0,3,0.0,0,6,6,0,0,1,0,3,6,12,16.2,1,2015-16
22015,203493,Reggie Bullock Jr.,1610612765,DET,Detroit Pistons,0021500806,2016-02-19,DET @ WAS,L,2,0,0,,0,0,,0,0,,0,0,0,0,0,0,0,1,0,4,0.0,1,2015-16
22015,1626169,Stanley Johnson,1610612765,DET,Detroit Pistons,0021500806,2016-02-19,DET @ WAS,L,22,2,5,0.4,1,3,0.333,0,0,,0,2,2,1,0,0,2,3,5,-15,6.9,1,2015-16
22015,202391,Jeremy Lin,1610612766,CHA,Charlotte Hornets,0021500813,2016-02-19,CHA @ MIL,W,23,1,8,0.125,0,3,0.0,2,2,1.0,0,0,0,2,4,0,3,1,4,8,16.0,1,2015-16
22015,2594,Kyle Korver,1610612737,ATL,Atlanta Hawks,0021500808,2016-02-19,ATL vs. MIA,L,35,7,14,0.5,4,7,0.571,0,0,,0,1,1,2,1,1,2,4,18,4,26.2,1,2015-16
22015,1626179,Terry Rozier,1610612738,BOS,Boston Celtics,0021500817,2016-02-19,BOS @ UTA,L,3,0,0,,0,0,,0,0,,0,0,0,2,0,0,1,0,0,-1,2.0,1,2015-16
22015,201166,Aaron Brooks,1610612741,CHI,Chicago Bulls,0021500809,2016-02-19,CHI vs. TOR,W,13,1,8,0.125,0,3,0.0,1,2,0.5,0,2,2,4,1,0,2,4,3,6,12.4,1,2015-16
22015,201959,Taj Gibson,1610612741,CHI,Chicago Bulls,0021500809,2016-02-19,CHI vs. TOR,W,24,4,6,0.667,0,0,,1,3,0.333,2,4,6,1,1,1,0,4,9,-11,23.7,1,2015-16
22015,203503,Tony Snell,1610612741,CHI,Chicago Bulls,0021500809,2016-02-19,CHI vs. TOR,W,11,0,3,0.0,0,2,0.0,0,0,,0,2,2,1,0,1,1,2,0,-7,5.9,1,2015-16
22015,2585,Zaza Pachulia,1610612742,DAL,Dallas Mavericks,0021500805,2016-02-19,DAL @ ORL,L,40,3,9,0.333,0,0,,5,8,0.625,4,15,19,2,3,0,4,2,11,6,41.8,1,2015-16
22015,101106,Andrew Bogut,1610612744,GSW,Golden State Warriors,0021500815,2016-02-19,GSW @ POR,L,14,1,3,0.333,0,0,,0,0,,0,3,3,0,0,3,1,3,2,-12,13.6,1,2015-16
22015,203546,Ian Clark,1610612744,GSW,Golden State Warriors,0021500815,2016-02-19,GSW @ POR,L,8,3,7,0.429,1,2,0.5,1,2,0.5,1,0,1,0,0,0,0,1,8,-7,9.2,1,2015-16
22015,2757,Beno Udrih,1610612748,MIA,Miami Heat,0021500808,2016-02-19,MIA @ ATL,W,15,1,6,0.167,1,1,1.0,0,0,,0,0,0,3,0,0,2,1,3,1,5.5,1,2015-16
22015,203953,Jabari Parker,1610612749,MIL,Milwaukee Bucks,0021500813,2016-02-19,MIL vs. CHA,L,42,10,19,0.526,0,1,0.0,3,4,0.75,3,8,11,2,1,0,5,2,23,-4,37.2,1,2015-16
22015,203940,Adreian Payne,1610612750,MIN,Minnesota Timberwolves,0021500810,2016-02-19,MIN @ MEM,L,10,0,1,0.0,0,1,0.0,0,0,,0,3,3,1,1,1,1,3,0,-10,10.1,1,2015-16
22015,203952,Andrew Wiggins,1610612750,MIN,Minnesota Timberwolves,0021500810,2016-02-19,MIN @ MEM,L,34,5,10,0.5,0,0,,10,10,1.0,0,2,2,5,1,0,1,1,20,-8,31.9,1,2015-16
22015,201160,Jason Smith,1610612753,ORL,Orlando Magic,0021500805,2016-02-19,ORL vs. DAL,W,18,5,10,0.5,1,1,1.0,0,0,,1,2,3,0,0,1,0,1,11,-4,17.6,1,2015-16
22015,203901,Elfrid Payton,1610612753,ORL,Orlando Magic,0021500805,2016-02-19,ORL vs. DAL,W,28,4,9,0.444,1,3,0.333,0,0,,1,2,3,3,0,1,0,1,9,8,20.1,1,2015-16
22015,202334,Ed Davis,1610612757,POR,Portland Trail Blazers,0021500815,2016-02-19,POR vs. GSW,W,16,1,3,0.333,0,0,,0,1,0.0,3,5,8,1,0,0,0,1,2,14,13.1,1,2015-16
22015,203086,Meyers Leonard,1610612757,POR,Portland Trail Blazers,0021500815,2016-02-19,POR vs. GSW,W,5,0,0,,0,0,,0,0,,1,1,2,2,0,0,3,2,0,-6,2.4,1,2015-16
22015,2561,David West,1610612759,SAS,San Antonio Spurs,0021500818,2016-02-19,SAS @ LAL,W,13,4,6,0.667,0,0,,0,0,,1,1,2,4,0,1,0,3,8,1,19.4,1,2015-16
22015,203613,Jonathon Simmons,1610612759,SAS,San Antonio Spurs,0021500818,2016-02-19,SAS @ LAL,W,18,3,4,0.75,1,1,1.0,0,0,,1,2,3,1,0,0,1,0,7,-6,11.1,1,2015-16
22015,202324,Derrick Favors,1610612762,UTA,Utah Jazz,0021500817,2016-02-19,UTA vs. BOS,W,33,9,14,0.643,0,0,,5,5,1.0,1,9,10,6,0,3,2,4,23,28,51.0,1,2015-16
22015,203497,Rudy Gobert,1610612762,UTA,Utah Jazz,0021500817,2016-02-19,UTA vs. BOS,W,33,4,5,0.8,0,0,,3,8,0.375,3,12,15,2,0,4,5,2,11,9,39.0,1,2015-16
22015,203210,JaMychal Green,1610612763,MEM,Memphis Grizzlies,0021500810,2016-02-19,MEM vs. MIN,W,30,4,9,0.444,0,1,0.0,1,2,0.5,4,7,11,2,3,3,1,2,9,11,42.2,1,2015-16
22015,203516,James Ennis III,1610612763,MEM,Memphis Grizzlies,0021500810,2016-02-19,MEM vs. MIN,W,4,0,0,,0,0,,1,2,0.5,0,0,0,0,1,0,0,0,1,-3,4.0,1,2015-16
22015,2403,Nene,1610612764,WAS,Washington Wizards,0021500806,2016-02-19,WAS vs. DET,W,17,2,5,0.4,0,0,,0,2,0.0,1,4,5,1,1,0,1,1,4,-5,13.5,1,2015-16
22015,201196,Ramon Sessions,1610612764,WAS,Washington Wizards,0021500806,2016-02-19,WAS vs. DET,W,17,3,8,0.375,0,0,,3,3,1.0,0,2,2,3,0,0,0,2,9,-13,15.9,1,2015-16
22015,101107,Marvin Williams,1610612766,CHA,Charlotte Hornets,0021500813,2016-02-19,CHA @ MIL,W,29,5,15,0.333,2,7,0.286,3,4,0.75,1,4,5,0,1,2,1,2,15,-12,29.0,1,2015-16
22015,2594,Kyle Korver,1610612737,ATL,Atlanta Hawks,0021500819,2016-02-20,ATL vs. MIL,L,40,5,11,0.455,2,6,0.333,0,0,,0,1,1,1,3,0,3,4,12,-10,20.7,1,2015-16
22015,200757,Thabo Sefolosha,1610612737,ATL,Atlanta Hawks,0021500819,2016-02-20,ATL vs. MIL,L,34,3,11,0.273,1,4,0.25,1,3,0.333,2,4,6,3,2,0,0,5,8,6,25.7,1,2015-16
22015,200794,Paul Millsap,1610612737,ATL,Atlanta Hawks,0021500819,2016-02-20,ATL vs. MIL,L,46,10,24,0.417,2,7,0.286,5,8,0.625,4,7,11,6,1,2,3,3,27,-16,55.2,1,2015-16
22015,203118,Mike Scott,1610612737,ATL,Atlanta Hawks,0021500819,2016-02-20,ATL vs. MIL,L,19,3,8,0.375,0,3,0.0,0,0,,0,4,4,0,0,0,1,2,6,6,9.8,1,2015-16
22015,2571,Leandro Barbosa,1610612744,GSW,Golden State Warriors,0021500822,2016-02-20,GSW @ LAC,W,13,1,2,0.5,0,1,0.0,0,0,,0,0,0,0,0,0,1,4,2,-9,1.0,1,2015-16
22015,201574,Jason Thompson,1610612744,GSW,Golden State Warriors,0021500822,2016-02-20,GSW @ LAC,W,2,0,0,,0,0,,0,0,,0,0,0,0,0,0,0,0,0,-10,0.0,1,2015-16
22015,201599,DeAndre Jordan,1610612746,LAC,LA Clippers,0021500822,2016-02-20,LAC vs. GSW,L,37,7,13,0.538,0,0,,2,4,0.5,7,14,21,3,2,2,2,2,16,-12,55.7,1,2015-16
22015,203143,Pablo Prigioni,1610612746,LAC,LA Clippers,0021500822,2016-02-20,LAC vs. GSW,L,10,2,4,0.5,2,3,0.667,0,0,,1,2,3,2,1,0,1,2,6,8,14.6,1,2015-16
22015,202328,Greg Monroe,1610612749,MIL,Milwaukee Bucks,0021500819,2016-02-20,MIL @ ATL,W,36,10,20,0.5,0,0,,4,7,0.571,5,7,12,4,1,1,0,2,24,4,50.4,1,2015-16
22015,203507,Giannis Antetokounmpo,1610612749,MIL,Milwaukee Bucks,0021500819,2016-02-20,MIL @ ATL,W,38,8,17,0.471,0,1,0.0,3,4,0.75,2,10,12,3,0,2,5,6,19,2,38.9,1,2015-16
22015,203953,Jabari Parker,1610612749,MIL,Milwaukee Bucks,0021500819,2016-02-20,MIL @ ATL,W,51,11,21,0.524,0,0,,6,7,0.857,3,10,13,2,0,0,0,1,28,18,46.6,1,2015-16
22015,1626173,Rashad Vaughn,1610612749,MIL,Milwaukee Bucks,0021500819,2016-02-20,MIL @ ATL,W,19,1,4,0.25,0,2,0.0,0,0,,0,1,1,2,0,1,1,2,2,-2,8.2,1,2015-16
22015,203498,Shabazz Muhammad,1610612750,MIN,Minnesota Timberwolves,0021500821,2016-02-20,MIN vs. NYK,L,33,8,11,0.727,2,2,1.0,2,2,1.0,0,3,3,0,1,0,1,1,20,5,25.6,1,2015-16
22015,203952,Andrew Wiggins,1610612750,MIN,Minnesota Timberwolves,0021500821,2016-02-20,MIN vs. NYK,L,36,8,20,0.4,2,2,1.0,6,8,0.75,1,4,5,0,2,2,1,2,24,-3,41.0,1,2015-16
22015,201167,Arron Afflalo,1610612752,NYK,New York Knicks,0021500821,2016-02-20,NYK @ MIN,W,39,4,10,0.4,3,5,0.6,0,0,,0,4,4,3,1,0,3,1,11,1,20.3,1,2015-16
22015,204001,Kristaps Porziņģis,1610612752,NYK,New York Knicks,0021500821,2016-02-20,NYK @ MIN,W,12,2,6,0.333,0,0,,2,2,1.0,0,2,2,0,1,1,1,4,6,10,13.4,1,2015-16
22015,203078,Bradley Beal,1610612764,WAS,Washington Wizards,0021500820,2016-02-20,WAS @ MIA,L,29,8,20,0.4,2,8,0.25,1,4,0.25,0,3,3,1,0,0,1,4,19,-5,23.1,1,2015-16
22015,203488,Mike Muscala,1610612737,ATL,Atlanta Hawks,0021500819,2016-02-20,ATL vs. MIL,L,8,0,0,,0,0,,0,0,,0,2,2,0,0,1,0,1,0,-1,5.4,1,2015-16
22015,1718,Paul Pierce,1610612746,LAC,LA Clippers,0021500822,2016-02-20,LAC vs. GSW,L,16,1,7,0.143,0,3,0.0,0,0,,0,0,0,2,0,0,1,4,2,-2,4.0,1,2015-16
22015,2736,Luol Deng,1610612748,MIA,Miami Heat,0021500820,2016-02-20,MIA vs. WAS,W,35,11,18,0.611,0,1,0.0,5,5,1.0,4,6,10,4,1,0,0,2,27,12,48.0,1,2015-16
22015,2757,Beno Udrih,1610612748,MIA,Miami Heat,0021500820,2016-02-20,MIA vs. WAS,W,18,3,8,0.375,0,2,0.0,1,2,0.5,1,3,4,2,0,0,3,1,7,7,11.8,1,2015-16
22015,201564,O.J. Mayo,1610612749,MIL,Milwaukee Bucks,0021500819,2016-02-20,MIL @ ATL,W,38,3,8,0.375,2,5,0.4,1,2,0.5,0,7,7,6,5,0,3,1,9,1,38.4,1,2015-16
22015,203114,Khris Middleton,1610612749,MIL,Milwaukee Bucks,0021500819,2016-02-20,MIL @ ATL,W,48,4,16,0.25,1,6,0.167,3,4,0.75,1,3,4,4,4,2,4,2,12,15,36.8,1,2015-16
22015,2755,Kevin Martin,1610612750,MIN,Minnesota Timberwolves,0021500821,2016-02-20,MIN vs. NYK,L,12,0,2,0.0,0,0,,1,2,0.5,1,2,3,0,1,0,1,0,1,-5,6.6,1,2015-16
22015,1626157,Karl-Anthony Towns,1610612750,MIN,Minnesota Timberwolves,0021500821,2016-02-20,MIN vs. NYK,L,41,10,23,0.435,0,1,0.0,4,5,0.8,3,5,8,4,1,3,0,2,24,3,51.6,1,2015-16
22015,2546,Carmelo Anthony,1610612752,NYK,New York Knicks,0021500821,2016-02-20,NYK @ MIN,W,41,12,23,0.522,0,3,0.0,6,7,0.857,2,9,11,4,0,0,2,1,30,15,47.2,1,2015-16
22015,2400,Drew Gooden,1610612764,WAS,Washington Wizards,0021500820,2016-02-20,WAS @ MIA,L,5,2,3,0.667,0,1,0.0,1,1,1.0,0,2,2,0,0,1,0,2,5,1,10.4,1,2015-16
22015,202066,Garrett Temple,1610612764,WAS,Washington Wizards,0021500820,2016-02-20,WAS @ MIA,L,17,0,4,0.0,0,1,0.0,0,0,,0,1,1,0,0,0,0,3,0,-14,1.2,1,2015-16
22015,203490,Otto Porter Jr.,1610612764,WAS,Washington Wizards,0021500820,2016-02-20,WAS @ MIA,L,32,3,8,0.375,0,3,0.0,1,2,0.5,1,6,7,0,1,1,0,1,7,-13,21.4,1,2015-16
22015,1626162,Kelly Oubre Jr.,1610612764,WAS,Washington Wizards,0021500820,2016-02-20,WAS @ MIA,L,5,1,3,0.333,0,1,0.0,1,1,1.0,0,2,2,0,0,0,0,3,3,1,5.4,1,2015-16
22015,201143,Al Horford,1610612737,ATL,Atlanta Hawks,0021500819,2016-02-20,ATL vs. MIL,L,44,8,14,0.571,1,4,0.25,0,0,,3,6,9,2,1,3,0,1,17,-5,42.8,1,2015-16
22015,203471,Dennis Schröder,1610612737,ATL,Atlanta Hawks,0021500819,2016-02-20,ATL vs. MIL,L,40,10,19,0.526,3,8,0.375,2,2,1.0,0,8,8,10,1,1,5,5,25,1,50.6,1,2015-16
22015,202691,Klay Thompson,1610612744,GSW,Golden State Warriors,0021500822,2016-02-20,GSW @ LAC,W,40,11,22,0.5,4,9,0.444,6,6,1.0,0,7,7,3,3,0,0,1,32,16,53.9,1,2015-16
22015,101108,Chris Paul,1610612746,LAC,LA Clippers,0021500822,2016-02-20,LAC vs. GSW,L,35,10,19,0.526,3,7,0.429,1,1,1.0,0,7,7,6,1,0,1,2,24,-14,43.4,1,2015-16
22015,202332,Cole Aldrich,1610612746,LAC,LA Clippers,0021500822,2016-02-20,LAC vs. GSW,L,8,2,4,0.5,0,0,,0,0,,4,2,6,2,0,0,1,2,4,3,13.2,1,2015-16
22015,203912,C.J. Wilcox,1610612746,LAC,LA Clippers,0021500822,2016-02-20,LAC vs. GSW,L,5,2,4,0.5,2,4,0.5,0,0,,0,1,1,0,1,0,0,1,6,13,10.2,1,2015-16
22015,2419,Tayshaun Prince,1610612750,MIN,Minnesota Timberwolves,0021500821,2016-02-20,MIN vs. NYK,L,21,0,2,0.0,0,1,0.0,0,0,,0,3,3,0,0,0,0,1,0,-18,3.6,1,2015-16
22015,201937,Ricky Rubio,1610612750,MIN,Minnesota Timberwolves,0021500821,2016-02-20,MIN vs. NYK,L,35,2,6,0.333,1,1,1.0,4,6,0.667,0,1,1,16,3,0,1,2,9,2,42.2,1,2015-16
22015,203476,Gorgui Dieng,1610612750,MIN,Minnesota Timberwolves,0021500821,2016-02-20,MIN vs. NYK,L,25,1,6,0.167,0,0,,1,2,0.5,2,1,3,1,0,1,1,2,3,-23,10.1,1,2015-16
22015,2756,Sasha Vujacic,1610612752,NYK,New York Knicks,0021500821,2016-02-20,NYK @ MIN,W,7,0,2,0.0,0,0,,0,0,,0,0,0,2,0,0,0,1,0,5,3.0,1,2015-16
22015,101181,Jose Calderon,1610612752,NYK,New York Knicks,0021500821,2016-02-20,NYK @ MIN,W,35,4,8,0.5,1,4,0.25,0,0,,0,6,6,3,0,0,2,2,9,8,18.7,1,2015-16
22015,201196,Ramon Sessions,1610612764,WAS,Washington Wizards,0021500820,2016-02-20,WAS @ MIA,L,25,4,10,0.4,0,0,,1,3,0.333,1,1,2,2,1,0,1,0,9,-10,16.4,1,2015-16
22015,202693,Markieff Morris,1610612764,WAS,Washington Wizards,0021500820,2016-02-20,WAS @ MIA,L,21,2,7,0.286,0,1,0.0,1,2,0.5,2,2,4,1,2,1,1,5,5,-5,19.3,1,2015-16
22015,201952,Jeff Teague,1610612737,ATL,Atlanta Hawks,0021500819,2016-02-20,ATL vs. MIL,L,18,2,8,0.25,0,2,0.0,1,2,0.5,1,1,2,5,1,0,3,2,5,-9,14.9,1,2015-16
22015,203145,Kent Bazemore,1610612737,ATL,Atlanta Hawks,0021500819,2016-02-20,ATL vs. MIL,L,26,1,5,0.2,0,4,0.0,0,0,,0,5,5,2,2,0,1,2,2,-19,16.0,1,2015-16
22015,203501,Tim Hardaway Jr.,1610612737,ATL,Atlanta Hawks,0021500819,2016-02-20,ATL vs. MIL,L,14,2,6,0.333,0,3,0.0,3,3,1.0,0,1,1,2,0,1,0,2,7,7,14.2,1,2015-16
22015,2733,Shaun Livingston,1610612744,GSW,Golden State Warriors,0021500822,2016-02-20,GSW @ LAC,W,14,1,2,0.5,0,0,,0,0,,0,3,3,1,0,1,1,3,2,9,9.1,1,2015-16
22015,201575,Brandon Rush,1610612744,GSW,Golden State Warriors,0021500822,2016-02-20,GSW @ LAC,W,27,3,6,0.5,0,1,0.0,0,0,,1,4,5,3,1,1,1,0,6,-4,21.5,1,2015-16
22015,201578,Marreese Speights,1610612744,GSW,Golden State Warriors,0021500822,2016-02-20,GSW @ LAC,W,9,2,4,0.5,0,0,,0,0,,1,0,1,0,0,0,2,2,4,-1,3.2,1,2015-16
22015,203546,Ian Clark,1610612744,GSW,Golden State Warriors,0021500822,2016-02-20,GSW @ LAC,W,3,0,0,,0,0,,0,0,,0,0,0,0,0,0,1,0,0,-9,-1.0,1,2015-16
22015,1626172,Kevon Looney,1610612744,GSW,Golden State Warriors,0021500822,2016-02-20,GSW @ LAC,W,2,0,0,,0,0,,0,0,,0,0,0,0,0,0,0,1,0,-10,0.0,1,2015-16
22015,202325,Wesley Johnson,1610612746,LAC,LA Clippers,0021500822,2016-02-20,LAC vs. GSW,L,31,3,6,0.5,2,5,0.4,0,0,,1,3,4,3,1,0,0,2,8,2,20.3,1,2015-16
22015,2405,Amar'e Stoudemire,1610612748,MIA,Miami Heat,0021500820,2016-02-20,MIA vs. WAS,W,17,2,3,0.667,0,0,,0,0,,0,6,6,2,0,2,1,4,4,14,19.2,1,2015-16
22015,2617,Udonis Haslem,1610612748,MIA,Miami Heat,0021500820,2016-02-20,MIA vs. WAS,W,2,0,0,,0,0,,0,0,,0,0,0,0,1,0,0,1,0,-2,3.0,1,2015-16
22015,202355,Hassan Whiteside,1610612748,MIA,Miami Heat,0021500820,2016-02-20,MIA vs. WAS,W,29,11,15,0.733,0,0,,3,7,0.429,8,15,23,0,0,2,1,3,25,8,57.6,1,2015-16
22015,1626196,Josh Richardson,1610612748,MIA,Miami Heat,0021500820,2016-02-20,MIA vs. WAS,W,35,2,8,0.25,1,3,0.333,0,0,,0,6,6,3,0,3,0,2,5,15,25.7,1,2015-16
22015,203487,Michael Carter-Williams,1610612749,MIL,Milwaukee Bucks,0021500819,2016-02-20,MIL @ ATL,W,38,6,14,0.429,0,3,0.0,5,8,0.625,1,8,9,2,1,3,1,5,17,-2,41.8,1,2015-16
22015,202682,Derrick Williams,1610612752,NYK,New York Knicks,0021500821,2016-02-20,NYK @ MIN,W,11,1,2,0.5,0,0,,2,3,0.667,0,2,2,0,0,0,2,0,4,-8,4.4,1,2015-16
22015,203124,Kyle O'Quinn,1610612752,NYK,New York Knicks,0021500821,2016-02-20,NYK @ MIN,W,9,0,1,0.0,0,0,,0,0,,0,1,1,2,1,3,1,3,0,-3,15.2,1,2015-16
22015,204038,Langston Galloway,1610612752,NYK,New York Knicks,0021500821,2016-02-20,NYK @ MIN,W,23,3,7,0.429,0,2,0.0,0,0,,0,4,4,2,1,0,0,0,6,-1,16.8,1,2015-16
22015,204067,Jarell Eddie,1610612764,WAS,Washington Wizards,0021500820,2016-02-20,WAS @ MIA,L,5,0,0,,0,0,,0,0,,0,0,0,0,0,0,0,0,0,1,0.0,1,2015-16
22015,2738,Andre Iguodala,1610612744,GSW,Golden State Warriors,0021500822,2016-02-20,GSW @ LAC,W,29,4,9,0.444,1,5,0.2,1,4,0.25,1,3,4,5,1,0,3,1,10,2,22.3,1,2015-16
22015,203084,Harrison Barnes,1610612744,GSW,Golden State Warriors,0021500822,2016-02-20,GSW @ LAC,W,29,6,8,0.75,3,4,0.75,3,4,0.75,1,4,5,1,0,0,0,3,18,13,25.5,1,2015-16
22015,203110,Draymond Green,1610612744,GSW,Golden State Warriors,0021500822,2016-02-20,GSW @ LAC,W,38,9,14,0.643,0,3,0.0,0,0,,2,9,11,10,0,0,2,2,18,14,44.2,1,2015-16
22015,2037,Jamal Crawford,1610612746,LAC,LA Clippers,0021500822,2016-02-20,LAC vs. GSW,L,38,7,18,0.389,3,8,0.375,8,8,1.0,0,3,3,3,3,0,2,1,25,-11,40.1,1,2015-16
22015,200755,JJ Redick,1610612746,LAC,LA Clippers,0021500822,2016-02-20,LAC vs. GSW,L,27,6,11,0.545,1,4,0.25,3,3,1.0,0,1,1,2,0,0,2,5,16,-5,18.2,1,2015-16
22015,201145,Jeff Green,1610612746,LAC,LA Clippers,0021500822,2016-02-20,LAC vs. GSW,L,20,2,7,0.286,0,1,0.0,1,2,0.5,2,0,2,1,0,0,3,3,5,0,5.9,1,2015-16
22015,201601,Luc Mbah a Moute,1610612746,LAC,LA Clippers,0021500822,2016-02-20,LAC vs. GSW,L,13,0,1,0.0,0,1,0.0,0,0,,0,0,0,0,0,0,1,0,0,-7,-1.0,1,2015-16
22015,1627293,Alex Stepheson,1610612746,LAC,LA Clippers,0021500822,2016-02-20,LAC vs. GSW,L,2,0,0,,0,0,,0,0,,0,1,1,0,0,0,0,0,0,10,1.2,1,2015-16
22015,201177,Josh McRoberts,1610612748,MIA,Miami Heat,0021500820,2016-02-20,MIA vs. WAS,W,19,1,6,0.167,0,1,0.0,1,2,0.5,0,3,3,3,0,0,0,2,3,19,11.1,1,2015-16
22015,201609,Goran Dragic,1610612748,MIA,Miami Heat,0021500820,2016-02-20,MIA vs. WAS,W,30,9,20,0.45,0,3,0.0,6,7,0.857,2,5,7,8,0,1,0,1,24,13,47.4,1,2015-16
22015,1626159,Justise Winslow,1610612748,MIA,Miami Heat,0021500820,2016-02-20,MIA vs. WAS,W,26,6,10,0.6,0,0,,2,5,0.4,3,3,6,1,0,0,2,2,14,6,20.7,1,2015-16
22015,203101,Miles Plumlee,1610612749,MIL,Milwaukee Bucks,0021500819,2016-02-20,MIL @ ATL,W,22,3,4,0.75,0,0,,0,0,,5,2,7,0,1,1,3,2,6,4,17.4,1,2015-16
22015,204014,Damjan Rudez,1610612750,MIN,Minnesota Timberwolves,0021500821,2016-02-20,MIN vs. NYK,L,4,0,0,,0,0,,0,0,,0,0,0,0,0,0,1,1,0,-6,-1.0,1,2015-16
22015,201577,Robin Lopez,1610612752,NYK,New York Knicks,0021500821,2016-02-20,NYK @ MIN,W,36,11,14,0.786,0,0,,4,4,1.0,8,8,16,0,0,3,5,5,26,10,49.2,1,2015-16
22015,202498,Lance Thomas,1610612752,NYK,New York Knicks,0021500821,2016-02-20,NYK @ MIN,W,26,5,10,0.5,1,3,0.333,0,0,,1,4,5,1,0,0,0,2,11,3,18.5,1,2015-16
22015,2403,Nene,1610612764,WAS,Washington Wizards,0021500820,2016-02-20,WAS @ MIA,L,13,2,3,0.667,0,0,,0,0,,0,2,2,1,0,0,0,1,4,-10,7.9,1,2015-16
22015,101162,Marcin Gortat,1610612764,WAS,Washington Wizards,0021500820,2016-02-20,WAS @ MIA,L,31,6,12,0.5,0,0,,2,5,0.4,6,7,13,2,1,0,0,1,14,-11,35.6,1,2015-16
22015,201162,Jared Dudley,1610612764,WAS,Washington Wizards,0021500820,2016-02-20,WAS @ MIA,L,26,7,12,0.583,1,4,0.25,1,1,1.0,1,4,5,2,0,0,1,2,16,-14,24.0,1,2015-16
22015,201939,Stephen Curry,1610612744,GSW,Golden State Warriors,0021500822,2016-02-20,GSW @ LAC,W,36,5,15,0.333,3,8,0.375,10,12,0.833,0,3,3,9,3,0,3,2,23,4,46.1,1,2015-16
22015,101123,Gerald Green,1610612748,MIA,Miami Heat,0021500820,2016-02-20,MIA vs. WAS,W,29,2,8,0.25,1,3,0.333,0,0,,1,1,2,0,0,1,0,2,5,8,10.4,1,2015-16
22015,203897,Zach LaVine,1610612750,MIN,Minnesota Timberwolves,0021500821,2016-02-20,MIN vs. NYK,L,33,7,14,0.5,0,5,0.0,0,0,,0,5,5,3,1,0,1,0,14,5,26.5,1,2015-16
22015,202322,John Wall,1610612764,WAS,Washington Wizards,0021500820,2016-02-20,WAS @ MIA,L,33,5,17,0.294,0,3,0.0,2,2,1.0,1,3,4,4,0,1,2,1,12,-21,23.8,1,2015-16
22015,202323,Evan Turner,1610612738,BOS,Boston Celtics,0021500825,2016-02-21,BOS @ DEN,W,27,6,8,0.75,1,2,0.5,4,4,1.0,1,8,9,5,1,0,4,4,17,15,34.3,1,2015-16
22015,203923,James Young,1610612738,BOS,Boston Celtics,0021500825,2016-02-21,BOS @ DEN,W,2,0,0,,0,0,,0,0,,0,1,1,0,0,0,0,0,0,0,1.2,1,2015-16
22015,2200,Pau Gasol,1610612741,CHI,Chicago Bulls,0021500831,2016-02-21,CHI vs. LAL,W,38,7,15,0.467,1,1,1.0,6,6,1.0,0,7,7,5,0,5,0,2,21,19,51.9,1,2015-16
22015,201166,Aaron Brooks,1610612741,CHI,Chicago Bulls,0021500831,2016-02-21,CHI vs. LAL,W,17,1,6,0.167,0,3,0.0,0,0,,0,3,3,9,1,0,1,1,2,15,21.1,1,2015-16
22015,203926,Doug McDermott,1610612741,CHI,Chicago Bulls,0021500831,2016-02-21,CHI vs. LAL,W,21,6,9,0.667,3,4,0.75,1,1,1.0,0,0,0,0,0,0,0,1,16,-5,16.0,1,2015-16
22015,1626245,Cristiano Felicio,1610612741,CHI,Chicago Bulls,0021500831,2016-02-21,CHI vs. LAL,W,4,0,0,,0,0,,0,0,,1,0,1,0,0,0,0,1,0,3,1.2,1,2015-16
22015,1717,Dirk Nowitzki,1610612742,DAL,Dallas Mavericks,0021500830,2016-02-21,DAL vs. PHI,W,27,6,14,0.429,5,9,0.556,1,2,0.5,0,7,7,2,1,0,0,3,18,14,32.4,1,2015-16
22015,2585,Zaza Pachulia,1610612742,DAL,Dallas Mavericks,0021500830,2016-02-21,DAL vs. PHI,W,19,2,5,0.4,0,0,,5,5,1.0,4,6,10,1,1,0,2,3,9,3,23.5,1,2015-16
22015,2734,Devin Harris,1610612742,DAL,Dallas Mavericks,0021500830,2016-02-21,DAL vs. PHI,W,17,2,5,0.4,1,3,0.333,3,4,0.75,1,2,3,2,0,0,1,1,8,0,13.6,1,2015-16
22015,101109,Raymond Felton,1610612742,DAL,Dallas Mavericks,0021500830,2016-02-21,DAL vs. PHI,W,29,3,8,0.375,0,2,0.0,4,4,1.0,2,2,4,1,3,1,2,2,10,11,26.3,1,2015-16
22015,200826,J.J. Barea,1610612742,DAL,Dallas Mavericks,0021500830,2016-02-21,DAL vs. PHI,W,24,5,9,0.556,2,4,0.5,0,0,,0,2,2,5,1,0,1,1,12,7,23.9,1,2015-16
22015,202379,Jeremy Evans,1610612742,DAL,Dallas Mavericks,0021500830,2016-02-21,DAL vs. PHI,W,3,1,1,1.0,1,1,1.0,0,0,,0,0,0,0,0,0,0,0,3,0,3.0,1,2015-16
22015,203939,Dwight Powell,1610612742,DAL,Dallas Mavericks,0021500830,2016-02-21,DAL vs. PHI,W,10,1,1,1.0,0,0,,4,4,1.0,1,1,2,0,0,0,1,1,6,-4,7.4,1,2015-16
22015,203994,Jusuf Nurkić,1610612743,DEN,Denver Nuggets,0021500825,2016-02-21,DEN vs. BOS,L,12,1,1,1.0,0,0,,2,2,1.0,2,0,2,0,1,1,4,3,4,-1,8.4,1,2015-16
22015,203999,Nikola Jokić,1610612743,DEN,Denver Nuggets,0021500825,2016-02-21,DEN vs. BOS,L,30,10,15,0.667,1,2,0.5,2,2,1.0,3,10,13,4,2,0,4,4,23,-11,46.6,1,2015-16
22015,203903,Jordan Clarkson,1610612747,LAL,Los Angeles Lakers,0021500831,2016-02-21,LAL @ CHI,L,37,7,16,0.438,2,5,0.4,4,6,0.667,4,5,9,4,1,0,1,4,20,-4,38.8,1,2015-16
22015,2207,Joe Johnson,1610612751,BKN,Brooklyn Nets,0021500827,2016-02-21,BKN vs. CHA,L,33,4,6,0.667,1,2,0.5,8,9,0.889,0,3,3,3,2,0,2,1,17,-2,29.1,1,2015-16
22015,201961,Wayne Ellington,1610612751,BKN,Brooklyn Nets,0021500827,2016-02-21,BKN vs. CHA,L,22,5,9,0.556,1,3,0.333,2,2,1.0,0,3,3,0,0,0,0,0,13,-7,16.6,1,2015-16
22015,202388,Donald Sloan,1610612751,BKN,Brooklyn Nets,0021500827,2016-02-21,BKN vs. CHA,L,30,2,8,0.25,1,4,0.25,4,4,1.0,0,2,2,2,1,0,2,2,9,0,15.4,1,2015-16
22015,202696,Nikola Vučević,1610612753,ORL,Orlando Magic,0021500828,2016-02-21,ORL vs. IND,L,35,8,15,0.533,0,0,,3,6,0.5,3,10,13,0,0,0,2,4,19,1,32.6,1,2015-16
22015,203095,Evan Fournier,1610612753,ORL,Orlando Magic,0021500828,2016-02-21,ORL vs. IND,L,34,8,14,0.571,3,6,0.5,4,5,0.8,0,1,1,2,1,0,1,5,23,-2,29.2,1,2015-16
22015,1626209,Mario Hezonja,1610612753,ORL,Orlando Magic,0021500828,2016-02-21,ORL vs. IND,L,9,0,2,0.0,0,2,0.0,0,0,,0,0,0,0,1,0,0,0,0,2,3.0,1,2015-16
22015,101139,CJ Miles,1610612754,IND,Indiana Pacers,0021500828,2016-02-21,IND @ ORL,W,13,6,8,0.75,2,4,0.5,0,0,,0,0,0,0,0,0,4,2,14,1,10.0,1,2015-16
22015,202331,Paul George,1610612754,IND,Indiana Pacers,0021500828,2016-02-21,IND @ ORL,W,36,7,19,0.368,2,8,0.25,4,5,0.8,0,4,4,6,0,0,3,5,20,7,30.8,1,2015-16
22015,1626202,Joe Young,1610612754,IND,Indiana Pacers,0021500828,2016-02-21,IND @ ORL,W,8,0,0,,0,0,,0,0,,0,0,0,1,0,0,3,2,0,-8,-1.5,1,2015-16
22015,203088,Kendall Marshall,1610612755,PHI,Philadelphia 76ers,0021500830,2016-02-21,PHI @ DAL,L,6,1,2,0.5,1,1,1.0,0,0,,0,1,1,2,1,0,1,2,3,-1,9.2,1,2015-16
22015,203457,Nerlens Noel,1610612755,PHI,Philadelphia 76ers,0021500830,2016-02-21,PHI @ DAL,L,19,2,4,0.5,0,0,,0,0,,1,4,5,2,1,1,1,5,4,-2,18.0,1,2015-16
22015,203477,Isaiah Canaan,1610612755,PHI,Philadelphia 76ers,0021500830,2016-02-21,PHI @ DAL,L,27,6,12,0.5,3,8,0.375,0,0,,0,1,1,1,0,0,2,4,15,-17,15.7,1,2015-16
22015,2743,Kris Humphries,1610612756,PHX,Phoenix Suns,0021500826,2016-02-21,PHX vs. SAS,L,24,3,7,0.429,1,3,0.333,0,0,,1,2,3,4,1,0,1,1,7,-8,18.6,1,2015-16
22015,203462,Archie Goodwin,1610612756,PHX,Phoenix Suns,0021500826,2016-02-21,PHX vs. SAS,L,24,5,14,0.357,1,4,0.25,3,4,0.75,3,4,7,1,0,0,2,2,14,-6,21.9,1,2015-16
22015,203515,Phil Pressey,1610612756,PHX,Phoenix Suns,0021500826,2016-02-21,PHX vs. SAS,L,28,2,6,0.333,0,2,0.0,2,5,0.4,1,1,2,6,1,3,4,5,6,-2,25.4,1,2015-16
22015,202329,Al-Farouq Aminu,1610612757,POR,Portland Trail Blazers,0021500832,2016-02-21,POR vs. UTA,W,28,1,5,0.2,0,3,0.0,0,0,,3,3,6,3,1,2,0,2,2,13,22.7,1,2015-16
22015,203090,Maurice Harkless,1610612757,POR,Portland Trail Blazers,0021500832,2016-02-21,POR vs. UTA,W,25,5,9,0.556,1,3,0.333,6,9,0.667,6,1,7,1,1,0,0,1,17,-2,29.9,1,2015-16
22015,2561,David West,1610612759,SAS,San Antonio Spurs,0021500826,2016-02-21,SAS @ PHX,W,14,3,7,0.429,0,0,,0,0,,2,1,3,2,2,1,1,0,6,2,20.6,1,2015-16
22015,200746,LaMarcus Aldridge,1610612759,SAS,San Antonio Spurs,0021500826,2016-02-21,SAS @ PHX,W,34,9,14,0.643,0,1,0.0,1,1,1.0,2,8,10,1,1,1,1,4,19,3,37.5,1,2015-16
22015,203613,Jonathon Simmons,1610612759,SAS,San Antonio Spurs,0021500826,2016-02-21,SAS @ PHX,W,11,1,2,0.5,0,0,,5,6,0.833,0,2,2,1,0,0,2,1,7,0,8.9,1,2015-16
22015,2449,Luis Scola,1610612761,TOR,Toronto Raptors,0021500829,2016-02-21,TOR vs. MEM,W,18,3,11,0.273,0,4,0.0,1,1,1.0,1,1,2,0,1,0,1,3,7,-9,11.4,1,2015-16
22015,201949,James Johnson,1610612761,TOR,Toronto Raptors,0021500829,2016-02-21,TOR vs. MEM,W,15,1,6,0.167,0,3,0.0,1,2,0.5,0,3,3,0,0,0,0,0,3,-2,6.6,1,2015-16
22015,203082,Terrence Ross,1610612761,TOR,Toronto Raptors,0021500829,2016-02-21,TOR vs. MEM,W,27,4,8,0.5,1,5,0.2,0,1,0.0,0,0,0,1,0,0,0,2,9,10,10.5,1,2015-16
22015,203526,Raul Neto,1610612762,UTA,Utah Jazz,0021500832,2016-02-21,UTA @ POR,L,10,2,3,0.667,0,0,,0,0,,1,0,1,0,0,0,2,0,4,-13,3.2,1,2015-16
22015,203918,Rodney Hood,1610612762,UTA,Utah Jazz,0021500832,2016-02-21,UTA @ POR,L,33,8,16,0.5,2,5,0.4,0,0,,0,3,3,2,0,0,0,3,18,-12,24.6,1,2015-16
22015,204060,Joe Ingles,1610612762,UTA,Utah Jazz,0021500832,2016-02-21,UTA @ POR,L,7,2,2,1.0,1,1,1.0,0,0,,0,1,1,0,0,0,0,1,5,0,6.2,1,2015-16
22015,1626168,Trey Lyles,1610612762,UTA,Utah Jazz,0021500832,2016-02-21,UTA @ POR,L,5,0,0,,0,0,,0,0,,0,1,1,0,0,1,1,1,0,1,3.2,1,2015-16
22015,201596,Mario Chalmers,1610612763,MEM,Memphis Grizzlies,0021500829,2016-02-21,MEM @ TOR,L,19,5,15,0.333,1,4,0.25,6,7,0.857,2,2,4,0,2,0,1,4,17,-3,26.8,1,2015-16
22015,202362,Lance Stephenson,1610612763,MEM,Memphis Grizzlies,0021500829,2016-02-21,MEM @ TOR,L,22,6,10,0.6,0,0,,4,4,1.0,0,3,3,2,1,0,1,1,16,-12,24.6,1,2015-16
22015,203210,JaMychal Green,1610612763,MEM,Memphis Grizzlies,0021500829,2016-02-21,MEM @ TOR,L,20,2,5,0.4,0,1,0.0,0,1,0.0,2,4,6,0,1,0,0,5,4,8,14.2,1,2015-16
22015,2581,Steve Blake,1610612765,DET,Detroit Pistons,0021500823,2016-02-21,DET vs. NOP,L,17,1,3,0.333,1,3,0.333,0,0,,0,1,1,5,0,0,1,2,3,-4,10.7,1,2015-16
22015,202704,Reggie Jackson,1610612765,DET,Detroit Pistons,0021500823,2016-02-21,DET vs. NOP,L,31,11,20,0.55,4,7,0.571,8,8,1.0,2,2,4,4,0,0,1,4,34,-1,43.8,1,2015-16
22015,203382,Aron Baynes,1610612765,DET,Detroit Pistons,0021500823,2016-02-21,DET vs. NOP,L,13,1,3,0.333,0,0,,2,4,0.5,0,0,0,0,0,1,0,3,4,2,7.0,1,2015-16
22015,203087,Jeremy Lamb,1610612766,CHA,Charlotte Hornets,0021500827,2016-02-21,CHA @ BKN,W,16,2,7,0.286,1,3,0.333,0,0,,1,2,3,4,0,0,0,2,5,7,14.6,1,2015-16
22015,203469,Cody Zeller,1610612766,CHA,Charlotte Hornets,0021500827,2016-02-21,CHA @ BKN,W,22,4,8,0.5,0,0,,2,2,1.0,0,1,1,0,0,0,3,4,10,9,8.2,1,2015-16
22015,101161,Amir Johnson,1610612738,BOS,Boston Celtics,0021500825,2016-02-21,BOS @ DEN,W,18,3,5,0.6,0,1,0.0,0,0,,2,3,5,1,0,0,1,1,6,10,12.5,1,2015-16
22015,203109,Jae Crowder,1610612738,BOS,Boston Celtics,0021500825,2016-02-21,BOS @ DEN,W,31,4,10,0.4,1,4,0.25,4,5,0.8,0,4,4,3,3,0,2,2,13,15,29.3,1,2015-16
22015,1626154,RJ Hunter,1610612738,BOS,Boston Celtics,0021500825,2016-02-21,BOS @ DEN,W,3,0,1,0.0,0,1,0.0,0,0,,0,0,0,1,0,0,0,0,0,0,1.5,1,2015-16
22015,2747,JR Smith,1610612739,CLE,Cleveland Cavaliers,0021500824,2016-02-21,CLE @ OKC,W,39,5,12,0.417,5,8,0.625,0,0,,0,3,3,1,0,0,1,3,15,14,19.1,1,2015-16
22015,201567,Kevin Love,1610612739,CLE,Cleveland Cavaliers,0021500824,2016-02-21,CLE @ OKC,W,38,9,18,0.5,0,4,0.0,11,12,0.917,3,8,11,4,0,0,0,0,29,24,48.2,1,2015-16
22015,201962,Toney Douglas,1610612740,NOP,New Orleans Pelicans,0021500823,2016-02-21,NOP @ DET,W,23,1,4,0.25,1,3,0.333,0,0,,0,2,2,1,2,0,3,1,3,-1,9.9,1,2015-16
22015,202087,Alonzo Gee,1610612740,NOP,New Orleans Pelicans,0021500823,2016-02-21,NOP @ DET,W,27,0,0,,0,0,,0,0,,0,4,4,2,0,1,0,4,0,0,10.8,1,2015-16
22015,201565,Derrick Rose,1610612741,CHI,Chicago Bulls,0021500831,2016-02-21,CHI vs. LAL,W,31,8,15,0.533,0,1,0.0,8,8,1.0,3,4,7,6,0,0,2,2,24,-4,39.4,1,2015-16
22015,201959,Taj Gibson,1610612741,CHI,Chicago Bulls,0021500831,2016-02-21,CHI vs. LAL,W,29,2,5,0.4,0,0,,1,2,0.5,2,6,8,4,0,1,2,5,5,3,21.6,1,2015-16
22015,202734,E'Twaun Moore,1610612741,CHI,Chicago Bulls,0021500831,2016-02-21,CHI vs. LAL,W,41,10,14,0.714,4,4,1.0,0,0,,1,3,4,1,1,1,1,1,24,4,35.3,1,2015-16
22015,1626257,Salah Mejri,1610612742,DAL,Dallas Mavericks,0021500830,2016-02-21,DAL vs. PHI,W,14,2,4,0.5,0,0,,0,0,,4,2,6,0,1,1,0,3,4,17,17.2,1,2015-16
22015,2034,Mike Miller,1610612743,DEN,Denver Nuggets,0021500825,2016-02-21,DEN vs. BOS,L,9,0,1,0.0,0,0,,0,0,,0,2,2,0,0,1,1,2,0,-5,4.4,1,2015-16
22015,203914,Gary Harris,1610612743,DEN,Denver Nuggets,0021500825,2016-02-21,DEN vs. BOS,L,38,6,14,0.429,0,4,0.0,2,3,0.667,0,1,1,2,3,0,3,2,14,-8,24.2,1,2015-16
22015,201572,Brook Lopez,1610612751,BKN,Brooklyn Nets,0021500827,2016-02-21,BKN vs. CHA,L,32,7,12,0.583,1,1,1.0,1,2,0.5,4,6,10,6,2,2,2,3,16,-8,47.0,1,2015-16
22015,203900,Markel Brown,1610612751,BKN,Brooklyn Nets,0021500827,2016-02-21,BKN vs. CHA,L,19,5,12,0.417,0,3,0.0,2,3,0.667,1,1,2,3,0,0,1,3,12,-8,17.9,1,2015-16
22015,101141,Ersan Ilyasova,1610612753,ORL,Orlando Magic,0021500828,2016-02-21,ORL vs. IND,L,18,3,9,0.333,1,3,0.333,0,0,,3,0,3,0,1,0,1,3,7,-4,12.6,1,2015-16
22015,201160,Jason Smith,1610612753,ORL,Orlando Magic,0021500828,2016-02-21,ORL vs. IND,L,13,4,8,0.5,0,0,,0,1,0.0,0,4,4,1,0,1,0,1,8,-4,17.3,1,2015-16
22015,201228,C.J. Watson,1610612753,ORL,Orlando Magic,0021500828,2016-02-21,ORL vs. IND,L,12,0,1,0.0,0,1,0.0,2,2,1.0,0,0,0,1,1,0,1,0,2,-5,5.5,1,2015-16
22015,203901,Elfrid Payton,1610612753,ORL,Orlando Magic,0021500828,2016-02-21,ORL vs. IND,L,23,1,5,0.2,0,1,0.0,2,2,1.0,1,1,2,4,2,0,3,3,4,-1,15.4,1,2015-16
22015,101145,Monta Ellis,1610612754,IND,Indiana Pacers,0021500828,2016-02-21,IND @ ORL,W,39,8,17,0.471,5,8,0.625,0,0,,1,3,4,3,2,1,3,4,21,4,36.3,1,2015-16
22015,202730,Lavoy Allen,1610612754,IND,Indiana Pacers,0021500828,2016-02-21,IND @ ORL,W,17,1,2,0.5,0,0,,0,0,,0,0,0,3,1,0,0,1,2,0,9.5,1,2015-16
22015,203138,Hollis Thompson,1610612755,PHI,Philadelphia 76ers,0021500830,2016-02-21,PHI @ DAL,L,22,2,7,0.286,2,6,0.333,2,3,0.667,0,4,4,0,1,0,0,4,8,-13,15.8,1,2015-16
22015,101179,Ronnie Price,1610612756,PHX,Phoenix Suns,0021500826,2016-02-21,PHX vs. SAS,L,20,5,8,0.625,1,1,1.0,0,0,,0,1,1,3,0,1,1,6,11,-5,18.7,1,2015-16
22015,201603,Sonny Weems,1610612756,PHX,Phoenix Suns,0021500826,2016-02-21,PHX vs. SAS,L,18,3,6,0.5,0,1,0.0,0,2,0.0,0,0,0,1,1,0,0,1,6,2,10.5,1,2015-16
22015,203141,Mirza Teletovic,1610612756,PHX,Phoenix Suns,0021500826,2016-02-21,PHX vs. SAS,L,29,5,13,0.385,3,8,0.375,1,1,1.0,1,3,4,2,1,0,1,5,14,-6,23.8,1,2015-16
22015,203459,Allen Crabbe,1610612757,POR,Portland Trail Blazers,0021500832,2016-02-21,POR vs. UTA,W,20,1,6,0.167,1,3,0.333,0,0,,1,3,4,0,0,0,1,1,3,-7,6.8,1,2015-16
22015,1495,Tim Duncan,1610612759,SAS,San Antonio Spurs,0021500826,2016-02-21,SAS @ PHX,W,17,1,5,0.2,0,0,,4,6,0.667,0,3,3,2,1,1,0,2,6,1,18.6,1,2015-16
22015,2446,Rasual Butler,1610612759,SAS,San Antonio Spurs,0021500826,2016-02-21,SAS @ PHX,W,26,5,7,0.714,1,1,1.0,1,3,0.333,1,5,6,0,3,1,1,1,12,11,30.2,1,2015-16
22015,201980,Danny Green,1610612759,SAS,San Antonio Spurs,0021500826,2016-02-21,SAS @ PHX,W,34,4,5,0.8,1,2,0.5,2,4,0.5,1,6,7,2,2,2,1,3,11,7,33.4,1,2015-16
22015,203492,Ray McCallum,1610612759,SAS,San Antonio Spurs,0021500826,2016-02-21,SAS @ PHX,W,3,0,1,0.0,0,0,,0,0,,0,0,0,0,0,0,0,0,0,-2,0.0,1,2015-16
22015,203937,Kyle Anderson,1610612759,SAS,San Antonio Spurs,0021500826,2016-02-21,SAS @ PHX,W,29,2,4,0.5,0,0,,1,2,0.5,2,1,3,2,1,1,3,1,5,-4,14.6,1,2015-16
22015,200751,Randy Foye,1610612760,OKC,Oklahoma City Thunder,0021500824,2016-02-21,OKC vs. CLE,L,14,1,5,0.2,0,1,0.0,0,0,,0,0,0,1,0,0,0,3,2,-16,3.5,1,2015-16
22015,201566,Russell Westbrook,1610612760,OKC,Oklahoma City Thunder,0021500824,2016-02-21,OKC vs. CLE,L,33,7,15,0.467,1,3,0.333,5,6,0.833,3,6,9,11,1,0,1,3,20,-16,49.3,1,2015-16
22015,1626166,Cameron Payne,1610612760,OKC,Oklahoma City Thunder,0021500824,2016-02-21,OKC vs. CLE,L,10,2,5,0.4,0,1,0.0,2,2,1.0,0,1,1,1,2,0,1,0,6,-3,13.7,1,2015-16
22015,202330,Gordon Hayward,1610612762,UTA,Utah Jazz,0021500832,2016-02-21,UTA @ POR,L,38,5,13,0.385,2,3,0.667,9,10,0.9,0,5,5,3,4,0,2,4,21,-7,41.5,1,2015-16
22015,203504,Trey Burke,1610612762,UTA,Utah Jazz,0021500832,2016-02-21,UTA @ POR,L,13,2,7,0.286,2,3,0.667,0,0,,0,1,1,1,0,1,1,2,6,-3,10.7,1,2015-16
22015,201144,Mike Conley,1610612763,MEM,Memphis Grizzlies,0021500829,2016-02-21,MEM @ TOR,L,35,2,12,0.167,0,4,0.0,4,5,0.8,1,4,5,4,0,0,1,0,8,-17,19.0,1,2015-16
22015,201229,Anthony Tolliver,1610612765,DET,Detroit Pistons,0021500823,2016-02-21,DET vs. NOP,L,8,1,3,0.333,1,3,0.333,0,0,,0,1,1,1,1,0,0,1,3,-3,8.7,1,2015-16
22015,202694,Marcus Morris Sr.,1610612765,DET,Detroit Pistons,0021500823,2016-02-21,DET vs. NOP,L,34,1,7,0.143,0,3,0.0,0,0,,0,4,4,3,0,0,3,2,2,-3,8.3,1,2015-16
22015,2744,Al Jefferson,1610612766,CHA,Charlotte Hornets,0021500827,2016-02-21,CHA @ BKN,W,24,9,13,0.692,0,0,,0,0,,1,6,7,0,0,0,2,3,18,6,24.4,1,2015-16
22015,202689,Kemba Walker,1610612766,CHA,Charlotte Hornets,0021500827,2016-02-21,CHA @ BKN,W,39,11,18,0.611,4,10,0.4,2,2,1.0,0,2,2,3,2,0,4,2,28,2,36.9,1,2015-16
22015,202340,Avery Bradley,1610612738,BOS,Boston Celtics,0021500825,2016-02-21,BOS @ DEN,W,32,8,15,0.533,3,8,0.375,1,1,1.0,0,2,2,1,0,0,2,2,20,8,21.9,1,2015-16
22015,202738,Isaiah Thomas,1610612738,BOS,Boston Celtics,0021500825,2016-02-21,BOS @ DEN,W,32,7,16,0.438,3,7,0.429,5,5,1.0,0,3,3,12,2,1,3,2,22,15,49.6,1,2015-16
22015,203935,Marcus Smart,1610612738,BOS,Boston Celtics,0021500825,2016-02-21,BOS @ DEN,W,32,4,12,0.333,2,7,0.286,0,0,,2,0,2,2,4,0,2,5,10,19,25.4,1,2015-16
22015,1626179,Terry Rozier,1610612738,BOS,Boston Celtics,0021500825,2016-02-21,BOS @ DEN,W,3,0,1,0.0,0,1,0.0,0,0,,0,0,0,0,0,0,0,0,0,0,0.0,1,2015-16
22015,2544,LeBron James,1610612739,CLE,Cleveland Cavaliers,0021500824,2016-02-21,CLE @ OKC,W,37,11,22,0.5,2,5,0.4,1,1,1.0,3,4,7,11,3,0,5,3,25,22,53.9,1,2015-16
22015,2592,James Jones,1610612739,CLE,Cleveland Cavaliers,0021500824,2016-02-21,CLE @ OKC,W,6,1,2,0.5,0,0,,0,0,,0,1,1,0,0,0,0,0,2,7,3.2,1,2015-16
22015,201619,Sasha Kaun,1610612739,CLE,Cleveland Cavaliers,0021500824,2016-02-21,CLE @ OKC,W,3,0,0,,0,0,,0,0,,0,0,0,0,0,0,0,2,0,2,0.0,1,2015-16
22015,202681,Kyrie Irving,1610612739,CLE,Cleveland Cavaliers,0021500824,2016-02-21,CLE @ OKC,W,9,1,5,0.2,0,1,0.0,0,0,,0,1,1,1,0,0,0,1,2,-3,4.7,1,2015-16
22015,202708,Norris Cole,1610612740,NOP,New Orleans Pelicans,0021500823,2016-02-21,NOP @ DET,W,21,2,5,0.4,0,1,0.0,1,2,0.5,0,2,2,3,0,0,3,3,5,2,8.9,1,2015-16
22015,1626147,Justin Anderson,1610612742,DAL,Dallas Mavericks,0021500830,2016-02-21,DAL vs. PHI,W,6,1,2,0.5,0,0,,2,2,1.0,0,2,2,0,0,0,0,1,4,1,6.4,1,2015-16
22015,201568,Danilo Gallinari,1610612743,DEN,Denver Nuggets,0021500825,2016-02-21,DEN vs. BOS,L,31,5,11,0.455,0,1,0.0,7,10,0.7,0,3,3,2,1,0,2,2,17,-15,24.6,1,2015-16
22015,201571,D.J. Augustin,1610612743,DEN,Denver Nuggets,0021500825,2016-02-21,DEN vs. BOS,L,30,4,8,0.5,2,5,0.4,3,4,0.75,0,3,3,4,0,0,1,3,13,-11,21.6,1,2015-16
22015,203115,Will Barton,1610612743,DEN,Denver Nuggets,0021500825,2016-02-21,DEN vs. BOS,L,31,2,12,0.167,1,5,0.2,5,7,0.714,0,5,5,3,2,1,3,2,10,-23,26.5,1,2015-16
22015,977,Kobe Bryant,1610612747,LAL,Los Angeles Lakers,0021500831,2016-02-21,LAL @ CHI,L,27,8,20,0.4,1,7,0.143,5,7,0.714,2,2,4,1,0,0,0,1,22,-1,28.3,1,2015-16
22015,101138,Brandon Bass,1610612747,LAL,Los Angeles Lakers,0021500831,2016-02-21,LAL @ CHI,L,27,4,5,0.8,0,0,,5,6,0.833,4,3,7,1,1,2,1,2,13,7,30.9,1,2015-16
22015,101150,Lou Williams,1610612747,LAL,Los Angeles Lakers,0021500831,2016-02-21,LAL @ CHI,L,25,3,6,0.5,1,2,0.5,4,7,0.571,0,2,2,1,1,0,1,0,11,0,16.9,1,2015-16
22015,203944,Julius Randle,1610612747,LAL,Los Angeles Lakers,0021500831,2016-02-21,LAL @ CHI,L,32,10,19,0.526,0,1,0.0,2,3,0.667,4,8,12,0,0,0,1,4,22,-22,35.4,1,2015-16
22015,203080,Thomas Robinson,1610612751,BKN,Brooklyn Nets,0021500827,2016-02-21,BKN vs. CHA,L,10,0,2,0.0,0,0,,0,0,,0,6,6,0,0,1,0,0,0,-6,10.2,1,2015-16
22015,203186,Willie Reed,1610612751,BKN,Brooklyn Nets,0021500827,2016-02-21,BKN vs. CHA,L,6,2,2,1.0,0,0,,0,0,,1,1,2,0,0,1,0,0,4,9,9.4,1,2015-16
22015,1626191,Chris McCullough,1610612751,BKN,Brooklyn Nets,0021500827,2016-02-21,BKN vs. CHA,L,10,1,4,0.25,0,1,0.0,0,0,,1,0,1,0,0,0,0,0,2,-2,3.2,1,2015-16
22015,201171,Carl Landry,1610612755,PHI,Philadelphia 76ers,0021500830,2016-02-21,PHI @ DAL,L,6,0,1,0.0,0,0,,1,2,0.5,0,0,0,0,0,1,0,0,1,-1,4.0,1,2015-16
22015,203496,Robert Covington,1610612755,PHI,Philadelphia 76ers,0021500830,2016-02-21,PHI @ DAL,L,25,5,9,0.556,4,7,0.571,0,0,,0,5,5,0,1,0,0,3,14,-10,23.0,1,2015-16
22015,1626158,Richaun Holmes,1610612755,PHI,Philadelphia 76ers,0021500830,2016-02-21,PHI @ DAL,L,12,3,6,0.5,0,2,0.0,0,0,,1,1,2,1,0,0,1,2,6,2,8.9,1,2015-16
22015,203458,Alex Len,1610612756,PHX,Phoenix Suns,0021500826,2016-02-21,PHX vs. SAS,L,24,9,15,0.6,0,0,,5,5,1.0,5,8,13,0,0,0,3,3,23,-3,35.6,1,2015-16
22015,1626164,Devin Booker,1610612756,PHX,Phoenix Suns,0021500826,2016-02-21,PHX vs. SAS,L,24,3,9,0.333,1,2,0.5,3,3,1.0,1,3,4,6,0,0,1,4,10,-1,22.8,1,2015-16
22015,203086,Meyers Leonard,1610612757,POR,Portland Trail Blazers,0021500832,2016-02-21,POR vs. UTA,W,7,1,3,0.333,1,2,0.5,0,0,,0,0,0,0,0,1,0,1,3,-12,6.0,1,2015-16
22015,203468,CJ McCollum,1610612757,POR,Portland Trail Blazers,0021500832,2016-02-21,POR vs. UTA,W,37,11,21,0.524,4,6,0.667,5,6,0.833,0,1,1,3,1,1,1,3,31,15,41.7,1,2015-16
22015,203486,Mason Plumlee,1610612757,POR,Portland Trail Blazers,0021500832,2016-02-21,POR vs. UTA,W,30,3,8,0.375,0,0,,3,6,0.5,3,6,9,6,2,1,1,4,9,12,36.8,1,2015-16
22015,203943,Noah Vonleh,1610612757,POR,Portland Trail Blazers,0021500832,2016-02-21,POR vs. UTA,W,16,2,7,0.286,1,1,1.0,0,0,,7,1,8,0,0,0,3,1,5,14,11.6,1,2015-16
22015,2225,Tony Parker,1610612759,SAS,San Antonio Spurs,0021500826,2016-02-21,SAS @ PHX,W,27,8,18,0.444,1,2,0.5,5,8,0.625,0,2,2,4,0,0,0,4,22,-3,30.4,1,2015-16
22015,201586,Serge Ibaka,1610612760,OKC,Oklahoma City Thunder,0021500824,2016-02-21,OKC vs. CLE,L,31,6,14,0.429,0,2,0.0,0,1,0.0,2,1,3,1,2,2,0,3,12,-17,29.1,1,2015-16
22015,201627,Anthony Morrow,1610612760,OKC,Oklahoma City Thunder,0021500824,2016-02-21,OKC vs. CLE,L,14,2,8,0.25,0,2,0.0,0,0,,1,0,1,0,0,0,0,0,4,-2,5.2,1,2015-16
22015,203500,Steven Adams,1610612760,OKC,Oklahoma City Thunder,0021500824,2016-02-21,OKC vs. CLE,L,28,4,5,0.8,0,0,,1,1,1.0,4,5,9,1,1,2,2,4,9,-2,28.3,1,2015-16
22015,203187,Chris Johnson,1610612762,UTA,Utah Jazz,0021500832,2016-02-21,UTA @ POR,L,19,2,3,0.667,0,1,0.0,0,0,,1,1,2,2,1,1,0,2,4,9,15.4,1,2015-16
22015,2365,Chris Andersen,1610612763,MEM,Memphis Grizzlies,0021500829,2016-02-21,MEM @ TOR,L,9,0,0,,0,0,,1,2,0.5,0,3,3,1,0,0,0,0,1,-5,6.1,1,2015-16
22015,1626169,Stanley Johnson,1610612765,DET,Detroit Pistons,0021500823,2016-02-21,DET vs. NOP,L,22,2,5,0.4,1,1,1.0,1,2,0.5,1,7,8,2,0,0,2,2,6,1,16.6,1,2015-16
22015,1626199,Darrun Hilliard,1610612765,DET,Detroit Pistons,0021500823,2016-02-21,DET vs. NOP,L,11,1,3,0.333,1,2,0.5,0,0,,0,1,1,0,1,0,1,1,3,1,6.2,1,2015-16
22015,201946,Tyler Hansbrough,1610612766,CHA,Charlotte Hornets,0021500827,2016-02-21,CHA @ BKN,W,2,0,0,,0,0,,0,0,,0,0,0,0,0,0,0,0,0,-7,0.0,1,2015-16
22015,2210,Richard Jefferson,1610612739,CLE,Cleveland Cavaliers,0021500824,2016-02-21,CLE @ OKC,W,25,4,5,0.8,3,4,0.75,4,4,1.0,0,6,6,0,1,0,0,3,15,16,25.2,1,2015-16
22015,202684,Tristan Thompson,1610612739,CLE,Cleveland Cavaliers,0021500824,2016-02-21,CLE @ OKC,W,36,4,6,0.667,0,0,,6,8,0.75,5,9,14,1,0,1,0,2,14,19,35.3,1,2015-16
22015,2570,Kendrick Perkins,1610612740,NOP,New Orleans Pelicans,0021500823,2016-02-21,NOP @ DET,W,7,0,0,,0,0,,0,0,,1,2,3,0,1,0,0,1,0,0,6.6,1,2015-16
22015,201582,Alexis Ajinca,1610612740,NOP,New Orleans Pelicans,0021500823,2016-02-21,NOP @ DET,W,10,2,6,0.333,0,0,,0,0,,2,1,3,0,0,0,1,1,4,1,6.6,1,2015-16
22015,201600,Omer Asik,1610612740,NOP,New Orleans Pelicans,0021500823,2016-02-21,NOP @ DET,W,7,2,3,0.667,0,0,,1,2,0.5,0,1,1,0,0,0,0,1,5,1,6.2,1,2015-16
22015,201950,Jrue Holiday,1610612740,NOP,New Orleans Pelicans,0021500823,2016-02-21,NOP @ DET,W,32,6,14,0.429,0,4,0.0,8,9,0.889,2,5,7,9,0,0,5,3,20,4,36.9,1,2015-16
22015,203076,Anthony Davis,1610612740,NOP,New Orleans Pelicans,0021500823,2016-02-21,NOP @ DET,W,43,24,34,0.706,2,2,1.0,9,10,0.9,6,14,20,4,0,1,2,1,59,17,90.0,1,2015-16
22015,1626214,Bryce Dejean-Jones,1610612740,NOP,New Orleans Pelicans,0021500823,2016-02-21,NOP @ DET,W,21,2,3,0.667,1,2,0.5,0,0,,0,3,3,2,1,0,1,2,5,4,13.6,1,2015-16
22015,1626171,Bobby Portis,1610612741,CHI,Chicago Bulls,0021500831,2016-02-21,CHI vs. LAL,W,25,6,9,0.667,3,3,1.0,2,2,1.0,0,7,7,3,0,0,2,5,17,-3,27.9,1,2015-16
22015,101114,Deron Williams,1610612742,DAL,Dallas Mavericks,0021500830,2016-02-21,DAL vs. PHI,W,27,4,8,0.5,1,3,0.333,6,6,1.0,0,3,3,8,0,0,1,2,15,26,29.6,1,2015-16
22015,202718,Chandler Parsons,1610612742,DAL,Dallas Mavericks,0021500830,2016-02-21,DAL vs. PHI,W,27,4,10,0.4,0,3,0.0,7,7,1.0,1,3,4,2,1,1,2,1,15,27,26.8,1,2015-16
22015,203530,Joffrey Lauvergne,1610612743,DEN,Denver Nuggets,0021500825,2016-02-21,DEN vs. BOS,L,2,0,0,,0,0,,0,0,,0,0,0,0,0,0,0,0,0,-2,0.0,1,2015-16
22015,1626144,Emmanuel Mudiay,1610612743,DEN,Denver Nuggets,0021500825,2016-02-21,DEN vs. BOS,L,31,5,9,0.556,2,4,0.5,6,6,1.0,1,4,5,3,2,0,4,3,18,-9,30.5,1,2015-16
22015,201579,Roy Hibbert,1610612747,LAL,Los Angeles Lakers,0021500831,2016-02-21,LAL @ CHI,L,21,3,5,0.6,0,0,,0,0,,1,2,3,0,0,1,0,4,6,-18,12.6,1,2015-16
22015,1626156,D'Angelo Russell,1610612747,LAL,Los Angeles Lakers,0021500831,2016-02-21,LAL @ CHI,L,34,6,13,0.462,2,2,1.0,1,2,0.5,1,1,2,6,1,0,2,2,15,-18,27.4,1,2015-16
22015,201152,Thaddeus Young,1610612751,BKN,Brooklyn Nets,0021500827,2016-02-21,BKN vs. CHA,L,38,6,10,0.6,0,0,,2,2,1.0,1,7,8,5,3,0,6,3,14,-2,34.1,1,2015-16
22015,202711,Bojan Bogdanovic,1610612751,BKN,Brooklyn Nets,0021500827,2016-02-21,BKN vs. CHA,L,20,1,9,0.111,1,5,0.2,0,0,,1,3,4,2,0,0,0,1,3,-8,10.8,1,2015-16
22015,203499,Shane Larkin,1610612751,BKN,Brooklyn Nets,0021500827,2016-02-21,BKN vs. CHA,L,21,2,7,0.286,0,3,0.0,2,2,1.0,0,1,1,2,0,0,1,2,6,-6,9.2,1,2015-16
22015,201943,Brandon Jennings,1610612753,ORL,Orlando Magic,0021500828,2016-02-21,ORL vs. IND,L,25,4,9,0.444,2,4,0.5,2,3,0.667,3,1,4,7,2,0,5,2,12,-2,28.3,1,2015-16
22015,203506,Victor Oladipo,1610612753,ORL,Orlando Magic,0021500828,2016-02-21,ORL vs. IND,L,41,6,17,0.353,0,5,0.0,5,8,0.625,0,7,7,8,3,2,1,2,17,-1,51.4,1,2015-16
22015,101133,Ian Mahinmi,1610612754,IND,Indiana Pacers,0021500828,2016-02-21,IND @ ORL,W,32,6,6,1.0,0,0,,2,4,0.5,0,9,9,2,2,1,4,2,14,6,32.8,1,2015-16
22015,201588,George Hill,1610612754,IND,Indiana Pacers,0021500828,2016-02-21,IND @ ORL,W,34,2,11,0.182,0,3,0.0,4,6,0.667,1,6,7,7,1,1,0,1,8,9,32.9,1,2015-16
22015,201941,Jordan Hill,1610612754,IND,Indiana Pacers,0021500828,2016-02-21,IND @ ORL,W,16,6,10,0.6,0,0,,1,2,0.5,1,9,10,2,0,0,1,3,13,-3,27.0,1,2015-16
22015,203524,Solomon Hill,1610612754,IND,Indiana Pacers,0021500828,2016-02-21,IND @ ORL,W,14,0,0,,0,0,,1,2,0.5,2,0,2,1,0,0,1,1,1,-4,3.9,1,2015-16
22015,203917,Nik Stauskas,1610612755,PHI,Philadelphia 76ers,0021500830,2016-02-21,PHI @ DAL,L,20,2,4,0.5,2,3,0.667,2,2,1.0,0,2,2,2,0,0,0,0,8,-10,13.4,1,2015-16
22015,204456,T.J. McConnell,1610612755,PHI,Philadelphia 76ers,0021500830,2016-02-21,PHI @ DAL,L,16,3,4,0.75,0,0,,0,2,0.0,0,1,1,6,2,0,0,3,6,-11,22.2,1,2015-16
22015,203081,Damian Lillard,1610612757,POR,Portland Trail Blazers,0021500832,2016-02-21,POR vs. UTA,W,37,10,21,0.476,4,12,0.333,6,9,0.667,1,3,4,5,0,0,3,2,30,6,39.3,1,2015-16
22015,201142,Kevin Durant,1610612760,OKC,Oklahoma City Thunder,0021500824,2016-02-21,OKC vs. CLE,L,33,10,21,0.476,4,8,0.5,2,3,0.667,1,4,5,3,0,3,3,4,26,-17,42.5,1,2015-16
22015,202683,Enes Freedom,1610612760,OKC,Oklahoma City Thunder,0021500824,2016-02-21,OKC vs. CLE,L,18,2,5,0.4,0,0,,1,2,0.5,1,3,4,0,1,0,1,2,5,-19,11.8,1,2015-16
22015,203956,Mitch McGary,1610612760,OKC,Oklahoma City Thunder,0021500824,2016-02-21,OKC vs. CLE,L,3,0,0,,0,0,,0,2,0.0,0,1,1,1,0,0,0,0,0,-2,2.7,1,2015-16
22015,201942,DeMar DeRozan,1610612761,TOR,Toronto Raptors,0021500829,2016-02-21,TOR vs. MEM,W,36,6,16,0.375,0,0,,9,10,0.9,1,4,5,3,0,0,4,4,21,10,27.5,1,2015-16
22015,202335,Patrick Patterson,1610612761,TOR,Toronto Raptors,0021500829,2016-02-21,TOR vs. MEM,W,30,2,8,0.25,2,6,0.333,5,6,0.833,1,7,8,0,0,0,0,2,11,22,20.6,1,2015-16
22015,202687,Bismack Biyombo,1610612761,TOR,Toronto Raptors,0021500829,2016-02-21,TOR vs. MEM,W,17,2,4,0.5,0,1,0.0,1,2,0.5,2,7,9,0,1,1,2,4,5,12,19.8,1,2015-16
22015,202709,Cory Joseph,1610612761,TOR,Toronto Raptors,0021500829,2016-02-21,TOR vs. MEM,W,26,5,8,0.625,2,3,0.667,2,2,1.0,1,3,4,0,0,0,2,3,14,11,16.8,1,2015-16
22015,202714,Shelvin Mack,1610612762,UTA,Utah Jazz,0021500832,2016-02-21,UTA @ POR,L,24,7,11,0.636,1,3,0.333,1,2,0.5,0,3,3,6,0,1,1,5,16,14,30.6,1,2015-16
22015,203497,Rudy Gobert,1610612762,UTA,Utah Jazz,0021500832,2016-02-21,UTA @ POR,L,36,3,8,0.375,0,0,,1,4,0.25,4,4,8,2,0,5,3,2,7,-15,31.6,1,2015-16
22015,1713,Vince Carter,1610612763,MEM,Memphis Grizzlies,0021500829,2016-02-21,MEM @ TOR,L,31,4,8,0.5,2,4,0.5,6,7,0.857,2,5,7,1,2,0,1,3,16,-5,30.9,1,2015-16
22015,2440,Matt Barnes,1610612763,MEM,Memphis Grizzlies,0021500829,2016-02-21,MEM @ TOR,L,31,0,6,0.0,0,5,0.0,1,2,0.5,1,6,7,2,0,2,3,5,1,-7,15.4,1,2015-16
22015,203798,PJ Hairston,1610612763,MEM,Memphis Grizzlies,0021500829,2016-02-21,MEM @ TOR,L,16,1,5,0.2,0,2,0.0,0,0,,0,1,1,0,0,0,2,3,2,-8,1.2,1,2015-16
22015,202699,Tobias Harris,1610612765,DET,Detroit Pistons,0021500823,2016-02-21,DET vs. NOP,L,35,6,17,0.353,2,6,0.333,2,3,0.667,0,5,5,2,1,2,1,3,16,-4,33.0,1,2015-16
22015,201587,Nicolas Batum,1610612766,CHA,Charlotte Hornets,0021500827,2016-02-21,CHA @ BKN,W,37,5,10,0.5,3,8,0.375,3,3,1.0,0,7,7,8,1,0,4,2,16,13,35.4,1,2015-16
22015,201973,Jonas Jerebko,1610612738,BOS,Boston Celtics,0021500825,2016-02-21,BOS @ DEN,W,20,3,5,0.6,0,0,,0,0,,5,1,6,2,0,1,1,1,6,5,18.2,1,2015-16
22015,203096,Jared Sullinger,1610612738,BOS,Boston Celtics,0021500825,2016-02-21,BOS @ DEN,W,23,7,12,0.583,0,1,0.0,2,3,0.667,2,9,11,5,0,0,1,3,16,6,35.7,1,2015-16
22015,202389,Timofey Mozgov,1610612739,CLE,Cleveland Cavaliers,0021500824,2016-02-21,CLE @ OKC,W,18,5,7,0.714,0,0,,1,2,0.5,2,3,5,0,0,0,3,5,11,4,14.0,1,2015-16
22015,203521,Matthew Dellavedova,1610612739,CLE,Cleveland Cavaliers,0021500824,2016-02-21,CLE @ OKC,W,29,1,3,0.333,0,1,0.0,0,0,,0,1,1,7,0,0,3,2,2,10,10.7,1,2015-16
22015,201583,Ryan Anderson,1610612740,NOP,New Orleans Pelicans,0021500823,2016-02-21,NOP @ DET,W,25,1,12,0.083,0,6,0.0,4,4,1.0,0,3,3,0,1,0,0,1,6,0,12.6,1,2015-16
22015,201967,Dante Cunningham,1610612740,NOP,New Orleans Pelicans,0021500823,2016-02-21,NOP @ DET,W,24,1,5,0.2,0,2,0.0,2,2,1.0,0,3,3,2,0,0,0,2,4,-3,10.6,1,2015-16
22015,101111,Charlie Villanueva,1610612742,DAL,Dallas Mavericks,0021500830,2016-02-21,DAL vs. PHI,W,8,2,6,0.333,0,2,0.0,0,0,,1,1,2,0,0,0,0,0,4,1,6.4,1,2015-16
22015,202702,Kenneth Faried,1610612743,DEN,Denver Nuggets,0021500825,2016-02-21,DEN vs. BOS,L,13,0,0,,0,0,,0,0,,0,1,1,1,0,0,0,2,0,-6,2.7,1,2015-16
22015,1626204,Larry Nance Jr.,1610612747,LAL,Los Angeles Lakers,0021500831,2016-02-21,LAL @ CHI,L,16,1,3,0.333,0,0,,1,2,0.5,1,3,4,0,1,1,0,2,3,11,13.8,1,2015-16
22015,203932,Aaron Gordon,1610612753,ORL,Orlando Magic,0021500828,2016-02-21,ORL vs. IND,L,30,4,11,0.364,1,3,0.333,1,2,0.5,1,10,11,4,1,0,0,3,10,1,32.2,1,2015-16
22015,1626167,Myles Turner,1610612754,IND,Indiana Pacers,0021500828,2016-02-21,IND @ ORL,W,31,5,9,0.556,0,1,0.0,2,2,1.0,0,8,8,1,1,3,2,4,12,3,33.1,1,2015-16
22015,202397,Ish Smith,1610612755,PHI,Philadelphia 76ers,0021500830,2016-02-21,PHI @ DAL,L,26,1,7,0.143,0,0,,1,2,0.5,0,1,1,3,0,0,3,2,3,-14,5.7,1,2015-16
22015,203924,Jerami Grant,1610612755,PHI,Philadelphia 76ers,0021500830,2016-02-21,PHI @ DAL,L,29,0,2,0.0,0,0,,4,6,0.667,2,3,5,1,1,1,2,2,4,-25,15.5,1,2015-16
22015,1626143,Jahlil Okafor,1610612755,PHI,Philadelphia 76ers,0021500830,2016-02-21,PHI @ DAL,L,32,12,19,0.632,0,1,0.0,7,10,0.7,4,4,8,1,1,1,5,4,31,-28,43.1,1,2015-16
22015,202720,Jon Leuer,1610612756,PHX,Phoenix Suns,0021500826,2016-02-21,PHX vs. SAS,L,18,5,7,0.714,1,1,1.0,2,2,1.0,0,7,7,2,1,1,0,1,13,3,30.4,1,2015-16
22015,201945,Gerald Henderson,1610612757,POR,Portland Trail Blazers,0021500832,2016-02-21,POR vs. UTA,W,22,1,6,0.167,0,2,0.0,2,2,1.0,0,4,4,1,1,0,1,3,4,-11,12.3,1,2015-16
22015,202334,Ed Davis,1610612757,POR,Portland Trail Blazers,0021500832,2016-02-21,POR vs. UTA,W,19,4,4,1.0,0,0,,3,6,0.5,2,3,5,1,1,1,2,3,11,-8,22.5,1,2015-16
22015,201988,Patty Mills,1610612759,SAS,San Antonio Spurs,0021500826,2016-02-21,SAS @ PHX,W,23,6,13,0.462,6,9,0.667,3,4,0.75,0,3,3,5,0,0,1,3,21,9,31.1,1,2015-16
22015,2555,Nick Collison,1610612760,OKC,Oklahoma City Thunder,0021500824,2016-02-21,OKC vs. CLE,L,16,2,3,0.667,0,0,,0,0,,1,2,3,0,0,0,0,2,4,-6,7.6,1,2015-16
22015,202713,Kyle Singler,1610612760,OKC,Oklahoma City Thunder,0021500824,2016-02-21,OKC vs. CLE,L,8,0,1,0.0,0,1,0.0,0,0,,0,0,0,1,1,0,1,0,0,-1,3.5,1,2015-16
22015,203079,Dion Waiters,1610612760,OKC,Oklahoma City Thunder,0021500824,2016-02-21,OKC vs. CLE,L,33,1,8,0.125,0,3,0.0,2,2,1.0,1,2,3,2,1,0,1,2,4,-14,12.6,1,2015-16
22015,200768,Kyle Lowry,1610612761,TOR,Toronto Raptors,0021500829,2016-02-21,TOR vs. MEM,W,40,6,13,0.462,2,6,0.333,4,5,0.8,0,4,4,7,1,0,2,2,18,10,34.3,1,2015-16
22015,202685,Jonas Valančiūnas,1610612761,TOR,Toronto Raptors,0021500829,2016-02-21,TOR vs. MEM,W,31,4,7,0.571,0,0,,2,2,1.0,3,9,12,1,1,1,1,2,10,1,30.9,1,2015-16
22015,202324,Derrick Favors,1610612762,UTA,Utah Jazz,0021500832,2016-02-21,UTA @ POR,L,34,9,16,0.563,0,0,,4,4,1.0,5,3,8,1,0,1,1,5,22,6,35.1,1,2015-16
22015,2216,Zach Randolph,1610612763,MEM,Memphis Grizzlies,0021500829,2016-02-21,MEM @ TOR,L,36,7,13,0.538,0,0,,4,4,1.0,1,5,6,2,0,0,1,2,18,-12,27.2,1,2015-16
22015,201148,Brandan Wright,1610612763,MEM,Memphis Grizzlies,0021500829,2016-02-21,MEM @ TOR,L,21,1,2,0.5,0,0,,0,0,,1,1,2,1,0,1,3,2,2,-4,5.9,1,2015-16
22015,203083,Andre Drummond,1610612765,DET,Detroit Pistons,0021500823,2016-02-21,DET vs. NOP,L,35,9,13,0.692,0,0,,3,10,0.3,7,7,14,1,2,3,0,4,21,-7,54.3,1,2015-16
22015,203484,Kentavious Caldwell-Pope,1610612765,DET,Detroit Pistons,0021500823,2016-02-21,DET vs. NOP,L,34,4,15,0.267,2,8,0.25,4,5,0.8,1,2,3,0,4,0,2,3,14,-7,27.6,1,2015-16
22015,101107,Marvin Williams,1610612766,CHA,Charlotte Hornets,0021500827,2016-02-21,CHA @ BKN,W,31,3,6,0.5,1,2,0.5,2,2,1.0,3,9,12,4,2,0,1,1,9,4,34.4,1,2015-16
22015,201584,Courtney Lee,1610612766,CHA,Charlotte Hornets,0021500827,2016-02-21,CHA @ BKN,W,21,2,4,0.5,1,1,1.0,0,0,,0,1,1,1,0,0,1,3,5,-8,6.7,1,2015-16
22015,202391,Jeremy Lin,1610612766,CHA,Charlotte Hornets,0021500827,2016-02-21,CHA @ BKN,W,31,3,10,0.3,0,1,0.0,5,6,0.833,1,4,5,2,1,1,0,2,11,10,26.0,1,2015-16
22015,1626163,Frank Kaminsky,1610612766,CHA,Charlotte Hornets,0021500827,2016-02-21,CHA @ BKN,W,17,1,3,0.333,0,2,0.0,0,0,,0,3,3,1,1,0,0,2,2,4,10.1,1,2015-16
22015,203092,Tyler Zeller,1610612738,BOS,Boston Celtics,0021500825,2016-02-21,BOS @ DEN,W,15,4,9,0.444,0,0,,1,2,0.5,2,2,4,0,1,0,1,4,9,7,15.8,1,2015-16
22015,1626175,Jordan Mickey,1610612738,BOS,Boston Celtics,0021500825,2016-02-21,BOS @ DEN,W,3,1,3,0.333,0,0,,0,0,,1,0,1,0,0,0,0,1,2,0,3.2,1,2015-16
22015,2399,Mike Dunleavy,1610612741,CHI,Chicago Bulls,0021500831,2016-02-21,CHI vs. LAL,W,25,4,6,0.667,2,3,0.667,7,7,1.0,1,0,1,2,0,0,0,3,17,14,21.2,1,2015-16
22015,203503,Tony Snell,1610612741,CHI,Chicago Bulls,0021500831,2016-02-21,CHI vs. LAL,W,9,0,0,,0,0,,0,0,,0,0,0,0,0,0,0,0,0,9,0.0,1,2015-16
22015,202083,Wesley Matthews,1610612742,DAL,Dallas Mavericks,0021500830,2016-02-21,DAL vs. PHI,W,27,8,12,0.667,3,7,0.429,2,2,1.0,0,3,3,2,0,0,0,1,21,27,27.6,1,2015-16
22015,201589,Darrell Arthur,1610612743,DEN,Denver Nuggets,0021500825,2016-02-21,DEN vs. BOS,L,12,1,2,0.5,0,0,,0,0,,0,1,1,0,0,2,2,3,2,-9,7.2,1,2015-16
22015,201156,Nick Young,1610612747,LAL,Los Angeles Lakers,0021500831,2016-02-21,LAL @ CHI,L,21,1,6,0.167,1,4,0.25,0,0,,0,1,1,0,0,0,1,1,3,-10,3.2,1,2015-16
22015,200782,P.J. Tucker,1610612756,PHX,Phoenix Suns,0021500826,2016-02-21,PHX vs. SAS,L,30,3,8,0.375,1,2,0.5,0,0,,1,4,5,1,1,0,0,2,7,-9,17.5,1,2015-16
22015,2564,Boris Diaw,1610612759,SAS,San Antonio Spurs,0021500826,2016-02-21,SAS @ PHX,W,23,4,6,0.667,1,1,1.0,0,0,,0,3,3,4,0,2,2,1,9,11,22.6,1,2015-16
22015,202344,Trevor Booker,1610612762,UTA,Utah Jazz,0021500832,2016-02-21,UTA @ POR,L,21,3,7,0.429,0,0,,2,3,0.667,1,4,5,2,1,0,0,1,8,0,20.0,1,2015-16
22015,200757,Thabo Sefolosha,1610612737,ATL,Atlanta Hawks,0021500836,2016-02-22,ATL vs. GSW,L,24,2,5,0.4,2,3,0.667,0,0,,0,4,4,0,0,0,2,0,6,-1,8.8,1,2015-16
22015,203145,Kent Bazemore,1610612737,ATL,Atlanta Hawks,0021500836,2016-02-22,ATL vs. GSW,L,16,1,7,0.143,0,3,0.0,2,2,1.0,0,2,2,1,0,0,2,0,4,-20,5.9,1,2015-16
22015,203096,Jared Sullinger,1610612738,BOS,Boston Celtics,0021500838,2016-02-22,BOS @ MIN,L,30,6,8,0.75,0,1,0.0,0,2,0.0,1,6,7,5,1,0,1,3,12,-17,29.9,1,2015-16
22015,203109,Jae Crowder,1610612738,BOS,Boston Celtics,0021500838,2016-02-22,BOS @ MIN,L,37,9,15,0.6,4,6,0.667,5,5,1.0,1,8,9,3,2,0,1,3,27,-4,47.3,1,2015-16
22015,203935,Marcus Smart,1610612738,BOS,Boston Celtics,0021500838,2016-02-22,BOS @ MIN,L,29,6,15,0.4,0,4,0.0,5,5,1.0,3,1,4,7,4,0,2,5,17,11,42.3,1,2015-16
22015,101112,Channing Frye,1610612739,CLE,Cleveland Cavaliers,0021500833,2016-02-22,CLE vs. DET,L,9,1,3,0.333,0,2,0.0,0,0,,0,4,4,1,0,0,1,2,2,-1,7.3,1,2015-16
22015,2733,Shaun Livingston,1610612744,GSW,Golden State Warriors,0021500836,2016-02-22,GSW @ ATL,W,20,2,2,1.0,0,0,,0,0,,0,1,1,1,0,2,2,2,4,7,10.7,1,2015-16
22015,101106,Andrew Bogut,1610612744,GSW,Golden State Warriors,0021500836,2016-02-22,GSW @ ATL,W,29,1,4,0.25,0,0,,1,2,0.5,3,8,11,4,1,5,1,3,3,20,39.2,1,2015-16
22015,200755,JJ Redick,1610612746,LAC,LA Clippers,0021500839,2016-02-22,LAC vs. PHX,W,25,7,14,0.5,4,6,0.667,4,4,1.0,1,2,3,2,1,0,0,0,22,31,31.6,1,2015-16
22015,201145,Jeff Green,1610612746,LAC,LA Clippers,0021500839,2016-02-22,LAC vs. PHX,W,24,6,10,0.6,2,3,0.667,4,7,0.571,0,5,5,2,0,1,0,1,18,6,30.0,1,2015-16
22015,202325,Wesley Johnson,1610612746,LAC,LA Clippers,0021500839,2016-02-22,LAC vs. PHX,W,28,4,6,0.667,2,4,0.5,1,1,1.0,1,7,8,2,2,1,0,2,11,16,32.6,1,2015-16
22015,203912,C.J. Wilcox,1610612746,LAC,LA Clippers,0021500839,2016-02-22,LAC vs. PHX,W,10,2,7,0.286,1,3,0.333,0,0,,0,0,0,1,2,0,1,0,5,12,11.5,1,2015-16
22015,201156,Nick Young,1610612747,LAL,Los Angeles Lakers,0021500837,2016-02-22,LAL @ MIL,L,24,5,12,0.417,3,8,0.375,6,8,0.75,0,3,3,1,0,0,2,0,19,13,22.1,1,2015-16
22015,203527,Ryan Kelly,1610612747,LAL,Los Angeles Lakers,0021500837,2016-02-22,LAL @ MIL,L,8,1,2,0.5,0,0,,2,2,1.0,1,1,2,1,0,0,0,2,4,13,7.9,1,2015-16
22015,1626156,D'Angelo Russell,1610612747,LAL,Los Angeles Lakers,0021500837,2016-02-22,LAL @ MIL,L,29,3,5,0.6,3,4,0.75,0,0,,1,4,5,4,0,0,1,1,9,-29,20.0,1,2015-16
22015,101123,Gerald Green,1610612748,MIA,Miami Heat,0021500834,2016-02-22,MIA vs. IND,W,18,0,5,0.0,0,2,0.0,0,0,,0,0,0,1,0,1,0,0,0,-16,4.5,1,2015-16
22015,203101,Miles Plumlee,1610612749,MIL,Milwaukee Bucks,0021500837,2016-02-22,MIL vs. LAL,W,21,7,7,1.0,0,0,,0,4,0.0,1,4,5,1,0,1,0,3,14,12,24.5,1,2015-16
22015,203114,Khris Middleton,1610612749,MIL,Milwaukee Bucks,0021500837,2016-02-22,MIL vs. LAL,W,35,5,15,0.333,1,5,0.2,7,8,0.875,1,1,2,6,2,0,1,1,18,25,34.4,1,2015-16
22015,203948,Johnny O'Bryant III,1610612749,MIL,Milwaukee Bucks,0021500837,2016-02-22,MIL vs. LAL,W,1,0,0,,0,0,,0,0,,0,0,0,0,0,0,1,1,0,-4,-1.0,1,2015-16
22015,203476,Gorgui Dieng,1610612750,MIN,Minnesota Timberwolves,0021500838,2016-02-22,MIN vs. BOS,W,37,7,10,0.7,1,1,1.0,2,2,1.0,5,7,12,2,1,1,0,1,17,12,40.4,1,2015-16
22015,203940,Adreian Payne,1610612750,MIN,Minnesota Timberwolves,0021500838,2016-02-22,MIN vs. BOS,W,12,2,6,0.333,0,0,,0,0,,1,2,3,0,0,1,0,1,4,9,10.6,1,2015-16
22015,1626145,Tyus Jones,1610612750,MIN,Minnesota Timberwolves,0021500838,2016-02-22,MIN vs. BOS,W,16,4,7,0.571,1,2,0.5,0,0,,1,1,2,1,1,0,1,2,9,-9,14.9,1,2015-16
22015,202682,Derrick Williams,1610612752,NYK,New York Knicks,0021500835,2016-02-22,NYK vs. TOR,L,14,2,3,0.667,0,1,0.0,2,4,0.5,0,0,0,0,1,0,1,0,6,-16,8.0,1,2015-16
22015,204001,Kristaps Porziņģis,1610612752,NYK,New York Knicks,0021500835,2016-02-22,NYK vs. TOR,L,33,7,14,0.5,2,6,0.333,1,1,1.0,0,2,2,1,0,0,0,2,17,-27,20.9,1,2015-16
22015,201588,George Hill,1610612754,IND,Indiana Pacers,0021500834,2016-02-22,IND @ MIA,L,37,0,7,0.0,0,2,0.0,1,2,0.5,0,4,4,3,1,0,3,0,1,-6,10.3,1,2015-16
22015,200768,Kyle Lowry,1610612761,TOR,Toronto Raptors,0021500835,2016-02-22,TOR @ NYK,W,35,7,13,0.538,2,4,0.5,6,6,1.0,4,7,11,11,0,0,2,1,22,19,49.7,1,2015-16
22015,201942,DeMar DeRozan,1610612761,TOR,Toronto Raptors,0021500835,2016-02-22,TOR @ NYK,W,32,8,17,0.471,1,3,0.333,5,7,0.714,0,3,3,2,3,0,0,2,22,23,37.6,1,2015-16
22015,201949,James Johnson,1610612761,TOR,Toronto Raptors,0021500835,2016-02-22,TOR @ NYK,W,27,4,7,0.571,1,2,0.5,3,3,1.0,0,2,2,1,0,2,0,2,12,25,21.9,1,2015-16
22015,203082,Terrence Ross,1610612761,TOR,Toronto Raptors,0021500835,2016-02-22,TOR @ NYK,W,21,4,10,0.4,4,8,0.5,0,0,,0,2,2,1,0,0,0,2,12,-1,15.9,1,2015-16
22015,1626181,Norman Powell,1610612761,TOR,Toronto Raptors,0021500835,2016-02-22,TOR @ NYK,W,2,0,2,0.0,0,1,0.0,0,0,,1,0,1,0,0,0,0,0,0,3,1.2,1,2015-16
22015,202694,Marcus Morris Sr.,1610612765,DET,Detroit Pistons,0021500833,2016-02-22,DET @ CLE,W,40,6,16,0.375,1,6,0.167,1,1,1.0,0,2,2,4,0,0,0,0,14,-4,22.4,1,2015-16
22015,202699,Tobias Harris,1610612765,DET,Detroit Pistons,0021500833,2016-02-22,DET @ CLE,W,35,6,14,0.429,1,5,0.2,1,1,1.0,1,4,5,3,3,0,1,5,14,16,32.5,1,2015-16
22015,203083,Andre Drummond,1610612765,DET,Detroit Pistons,0021500833,2016-02-22,DET @ CLE,W,35,4,8,0.5,0,0,,8,14,0.571,3,12,15,1,2,1,2,4,16,7,42.5,1,2015-16
22015,203484,Kentavious Caldwell-Pope,1610612765,DET,Detroit Pistons,0021500833,2016-02-22,DET @ CLE,W,37,8,10,0.8,2,3,0.667,1,2,0.5,0,4,4,0,2,0,0,0,19,4,29.8,1,2015-16
22015,2594,Kyle Korver,1610612737,ATL,Atlanta Hawks,0021500836,2016-02-22,ATL vs. GSW,L,30,1,4,0.25,0,2,0.0,0,0,,0,1,1,1,1,0,2,1,2,-16,5.7,1,2015-16
22015,200794,Paul Millsap,1610612737,ATL,Atlanta Hawks,0021500836,2016-02-22,ATL vs. GSW,L,33,4,13,0.308,1,4,0.25,2,4,0.5,2,5,7,1,1,1,3,3,11,-26,23.9,1,2015-16
22015,203118,Mike Scott,1610612737,ATL,Atlanta Hawks,0021500836,2016-02-22,ATL vs. GSW,L,21,0,4,0.0,0,2,0.0,0,0,,2,9,11,1,0,0,0,0,0,10,14.7,1,2015-16
22015,203488,Mike Muscala,1610612737,ATL,Atlanta Hawks,0021500836,2016-02-22,ATL vs. GSW,L,3,0,0,,0,0,,0,0,,0,1,1,0,0,0,0,1,0,0,1.2,1,2015-16
22015,202323,Evan Turner,1610612738,BOS,Boston Celtics,0021500838,2016-02-22,BOS @ MIN,L,26,4,8,0.5,0,0,,1,2,0.5,0,9,9,4,2,0,2,1,9,-3,29.8,1,2015-16
22015,202340,Avery Bradley,1610612738,BOS,Boston Celtics,0021500838,2016-02-22,BOS @ MIN,L,33,9,17,0.529,4,9,0.444,0,0,,1,1,2,2,3,0,1,4,22,-4,35.4,1,2015-16
22015,1626175,Jordan Mickey,1610612738,BOS,Boston Celtics,0021500838,2016-02-22,BOS @ MIN,L,2,0,1,0.0,0,0,,0,0,,0,0,0,0,0,0,0,0,0,3,0.0,1,2015-16
22015,2544,LeBron James,1610612739,CLE,Cleveland Cavaliers,0021500833,2016-02-22,CLE vs. DET,L,37,5,18,0.278,0,4,0.0,2,2,1.0,1,7,8,5,3,0,6,2,12,-4,32.1,1,2015-16
22015,2747,JR Smith,1610612739,CLE,Cleveland Cavaliers,0021500833,2016-02-22,CLE vs. DET,L,36,3,7,0.429,1,3,0.333,0,0,,1,3,4,0,0,0,2,2,7,-14,9.8,1,2015-16
22015,202681,Kyrie Irving,1610612739,CLE,Cleveland Cavaliers,0021500833,2016-02-22,CLE vs. DET,L,38,11,21,0.524,3,7,0.429,5,6,0.833,0,1,1,5,2,0,2,5,30,-8,42.7,1,2015-16
22015,203084,Harrison Barnes,1610612744,GSW,Golden State Warriors,0021500836,2016-02-22,GSW @ ATL,W,30,5,8,0.625,3,6,0.5,1,2,0.5,0,4,4,1,1,0,1,2,14,13,22.3,1,2015-16
22015,1718,Paul Pierce,1610612746,LAC,LA Clippers,0021500839,2016-02-22,LAC vs. PHX,W,19,3,6,0.5,2,3,0.667,3,4,0.75,0,4,4,1,1,0,2,1,11,27,18.3,1,2015-16
22015,2037,Jamal Crawford,1610612746,LAC,LA Clippers,0021500839,2016-02-22,LAC vs. PHX,W,17,0,4,0.0,0,2,0.0,2,2,1.0,0,0,0,0,0,0,1,1,2,-2,1.0,1,2015-16
22015,201601,Luc Mbah a Moute,1610612746,LAC,LA Clippers,0021500839,2016-02-22,LAC vs. PHX,W,20,3,3,1.0,0,0,,0,1,0.0,1,4,5,0,0,0,2,1,6,30,10.0,1,2015-16
22015,101138,Brandon Bass,1610612747,LAL,Los Angeles Lakers,0021500837,2016-02-22,LAL @ MIL,L,19,4,6,0.667,0,0,,3,4,0.75,1,3,4,0,0,0,2,4,11,-1,13.8,1,2015-16
22015,1626204,Larry Nance Jr.,1610612747,LAL,Los Angeles Lakers,0021500837,2016-02-22,LAL @ MIL,L,10,1,2,0.5,0,0,,0,0,,2,1,3,1,0,0,0,2,2,-4,7.1,1,2015-16
22015,2548,Dwyane Wade,1610612748,MIA,Miami Heat,0021500834,2016-02-22,MIA vs. IND,W,39,4,21,0.19,0,2,0.0,8,10,0.8,1,4,5,3,1,1,5,4,16,8,27.5,1,2015-16
22015,1626159,Justise Winslow,1610612748,MIA,Miami Heat,0021500834,2016-02-22,MIA vs. IND,W,40,5,10,0.5,0,1,0.0,5,6,0.833,3,4,7,4,4,0,0,4,15,29,41.4,1,2015-16
22015,203953,Jabari Parker,1610612749,MIL,Milwaukee Bucks,0021500837,2016-02-22,MIL vs. LAL,W,36,7,15,0.467,0,0,,1,2,0.5,1,8,9,4,1,1,2,4,15,3,35.8,1,2015-16
22015,203897,Zach LaVine,1610612750,MIN,Minnesota Timberwolves,0021500838,2016-02-22,MIN vs. BOS,W,32,4,7,0.571,4,5,0.8,4,5,0.8,1,4,5,3,0,0,3,0,16,4,23.5,1,2015-16
22015,1626157,Karl-Anthony Towns,1610612750,MIN,Minnesota Timberwolves,0021500838,2016-02-22,MIN vs. BOS,W,36,13,22,0.591,1,2,0.5,1,2,0.5,5,8,13,4,0,2,3,2,28,1,52.6,1,2015-16
22015,101181,Jose Calderon,1610612752,NYK,New York Knicks,0021500835,2016-02-22,NYK vs. TOR,L,19,0,2,0.0,0,1,0.0,0,0,,0,2,2,2,0,0,2,2,0,-21,3.4,1,2015-16
22015,101179,Ronnie Price,1610612756,PHX,Phoenix Suns,0021500839,2016-02-22,PHX @ LAC,L,27,5,9,0.556,2,5,0.4,0,0,,2,3,5,3,2,1,2,1,12,-33,29.5,1,2015-16
22015,200782,P.J. Tucker,1610612756,PHX,Phoenix Suns,0021500839,2016-02-22,PHX @ LAC,L,21,1,3,0.333,0,1,0.0,0,0,,1,4,5,1,0,0,4,2,2,-9,5.5,1,2015-16
22015,201603,Sonny Weems,1610612756,PHX,Phoenix Suns,0021500839,2016-02-22,PHX @ LAC,L,16,1,1,1.0,0,0,,0,0,,1,0,1,1,0,0,1,2,2,0,3.7,1,2015-16
22015,203515,Phil Pressey,1610612756,PHX,Phoenix Suns,0021500839,2016-02-22,PHX @ LAC,L,28,2,7,0.286,0,2,0.0,0,0,,0,1,1,10,1,0,3,2,4,-13,20.2,1,2015-16
22015,1626164,Devin Booker,1610612756,PHX,Phoenix Suns,0021500839,2016-02-22,PHX @ LAC,L,26,2,10,0.2,1,3,0.333,0,0,,0,1,1,2,0,0,1,6,5,-34,8.2,1,2015-16
22015,2449,Luis Scola,1610612761,TOR,Toronto Raptors,0021500835,2016-02-22,TOR @ NYK,W,20,2,6,0.333,0,3,0.0,0,0,,0,6,6,3,1,0,1,4,4,10,17.7,1,2015-16
22015,203461,Anthony Bennett,1610612761,TOR,Toronto Raptors,0021500835,2016-02-22,TOR @ NYK,W,2,0,0,,0,0,,0,0,,0,1,1,0,0,0,0,0,0,3,1.2,1,2015-16
22015,201143,Al Horford,1610612737,ATL,Atlanta Hawks,0021500836,2016-02-22,ATL vs. GSW,L,39,10,20,0.5,1,4,0.25,2,2,1.0,4,12,16,6,3,5,1,1,23,-6,74.2,1,2015-16
22015,203501,Tim Hardaway Jr.,1610612737,ATL,Atlanta Hawks,0021500836,2016-02-22,ATL vs. GSW,L,26,5,9,0.556,2,5,0.4,0,0,,0,2,2,1,1,0,2,4,12,17,16.9,1,2015-16
22015,201619,Sasha Kaun,1610612739,CLE,Cleveland Cavaliers,0021500833,2016-02-22,CLE vs. DET,L,0,0,0,,0,0,,0,0,,0,0,0,0,0,0,0,0,0,2,0.0,1,2015-16
22015,2571,Leandro Barbosa,1610612744,GSW,Golden State Warriors,0021500836,2016-02-22,GSW @ ATL,W,11,1,3,0.333,1,3,0.333,0,0,,1,0,1,2,2,0,0,1,3,-6,13.2,1,2015-16
22015,101150,Lou Williams,1610612747,LAL,Los Angeles Lakers,0021500837,2016-02-22,LAL @ MIL,L,30,2,12,0.167,0,4,0.0,10,13,0.769,1,5,6,4,2,0,4,4,14,11,29.2,1,2015-16
22015,201609,Goran Dragic,1610612748,MIA,Miami Heat,0021500834,2016-02-22,MIA vs. IND,W,41,10,17,0.588,1,2,0.5,3,6,0.5,4,4,8,5,0,0,2,3,24,20,39.1,1,2015-16
22015,1626196,Josh Richardson,1610612748,MIA,Miami Heat,0021500834,2016-02-22,MIA vs. IND,W,9,0,1,0.0,0,0,,0,0,,0,1,1,0,1,0,0,0,0,-5,4.2,1,2015-16
22015,203487,Michael Carter-Williams,1610612749,MIL,Milwaukee Bucks,0021500837,2016-02-22,MIL vs. LAL,W,35,4,12,0.333,0,1,0.0,2,3,0.667,1,4,5,2,2,1,0,4,10,-7,28.0,1,2015-16
22015,1626173,Rashad Vaughn,1610612749,MIL,Milwaukee Bucks,0021500837,2016-02-22,MIL vs. LAL,W,17,0,3,0.0,0,1,0.0,0,0,,0,0,0,4,0,0,2,4,0,-4,4.0,1,2015-16
22015,2755,Kevin Martin,1610612750,MIN,Minnesota Timberwolves,0021500838,2016-02-22,MIN vs. BOS,W,14,1,3,0.333,0,1,0.0,3,4,0.75,0,5,5,1,0,0,2,3,5,-1,10.5,1,2015-16
22015,201937,Ricky Rubio,1610612750,MIN,Minnesota Timberwolves,0021500838,2016-02-22,MIN vs. BOS,W,32,3,7,0.429,0,1,0.0,9,11,0.818,0,8,8,8,1,0,4,3,15,11,35.6,1,2015-16
22015,201167,Arron Afflalo,1610612752,NYK,New York Knicks,0021500835,2016-02-22,NYK vs. TOR,L,33,3,11,0.273,0,2,0.0,1,1,1.0,1,4,5,2,0,1,0,4,7,-22,19.0,1,2015-16
22015,202690,Jimmer Fredette,1610612752,NYK,New York Knicks,0021500835,2016-02-22,NYK vs. TOR,L,2,1,1,1.0,1,1,1.0,0,0,,0,0,0,0,0,0,1,1,3,-3,2.0,1,2015-16
22015,204038,Langston Galloway,1610612752,NYK,New York Knicks,0021500835,2016-02-22,NYK vs. TOR,L,25,0,3,0.0,0,2,0.0,0,0,,0,1,1,1,0,0,0,5,0,2,2.7,1,2015-16
22015,1626170,Jerian Grant,1610612752,NYK,New York Knicks,0021500835,2016-02-22,NYK vs. TOR,L,12,3,5,0.6,1,2,0.5,2,2,1.0,1,0,1,4,0,1,1,0,9,-9,18.2,1,2015-16
22015,101133,Ian Mahinmi,1610612754,IND,Indiana Pacers,0021500834,2016-02-22,IND @ MIA,L,31,3,5,0.6,0,0,,5,8,0.625,2,4,6,1,1,2,1,6,11,-2,27.7,1,2015-16
22015,201941,Jordan Hill,1610612754,IND,Indiana Pacers,0021500834,2016-02-22,IND @ MIA,L,22,3,10,0.3,0,0,,0,2,0.0,0,3,3,1,0,1,1,4,6,-7,13.1,1,2015-16
22015,1626202,Joe Young,1610612754,IND,Indiana Pacers,0021500834,2016-02-22,IND @ MIA,L,17,5,9,0.556,0,1,0.0,0,0,,0,2,2,3,0,0,1,0,10,-3,15.9,1,2015-16
22015,202685,Jonas Valančiūnas,1610612761,TOR,Toronto Raptors,0021500835,2016-02-22,TOR @ NYK,W,25,9,14,0.643,0,0,,2,2,1.0,1,5,6,0,0,3,2,1,20,14,34.2,1,2015-16
22015,203512,Lucas Nogueira,1610612761,TOR,Toronto Raptors,0021500835,2016-02-22,TOR @ NYK,W,3,0,1,0.0,0,0,,0,0,,1,0,1,0,0,0,0,0,0,3,1.2,1,2015-16
22015,2581,Steve Blake,1610612765,DET,Detroit Pistons,0021500833,2016-02-22,DET @ CLE,W,15,0,1,0.0,0,1,0.0,0,0,,0,1,1,2,0,0,1,2,0,-3,3.2,1,2015-16
22015,1626199,Darrun Hilliard,1610612765,DET,Detroit Pistons,0021500833,2016-02-22,DET @ CLE,W,11,0,2,0.0,0,1,0.0,0,0,,0,3,3,2,0,0,3,1,0,4,3.6,1,2015-16
22015,203471,Dennis Schröder,1610612737,ATL,Atlanta Hawks,0021500836,2016-02-22,ATL vs. GSW,L,18,8,12,0.667,2,5,0.4,0,0,,0,3,3,6,0,0,2,4,18,7,28.6,1,2015-16
22015,101161,Amir Johnson,1610612738,BOS,Boston Celtics,0021500838,2016-02-22,BOS @ MIN,L,15,1,3,0.333,0,0,,0,0,,1,0,1,1,0,1,0,2,2,-9,7.7,1,2015-16
22015,202738,Isaiah Thomas,1610612738,BOS,Boston Celtics,0021500838,2016-02-22,BOS @ MIN,L,32,8,20,0.4,2,7,0.286,0,0,,0,1,1,9,1,0,2,5,18,-10,33.7,1,2015-16
22015,201578,Marreese Speights,1610612744,GSW,Golden State Warriors,0021500836,2016-02-22,GSW @ ATL,W,8,1,4,0.25,0,0,,0,0,,0,1,1,0,0,0,2,1,2,-8,1.2,1,2015-16
22015,203110,Draymond Green,1610612744,GSW,Golden State Warriors,0021500836,2016-02-22,GSW @ ATL,W,38,2,10,0.2,0,4,0.0,2,2,1.0,1,13,14,9,2,1,4,2,6,15,41.3,1,2015-16
22015,101108,Chris Paul,1610612746,LAC,LA Clippers,0021500839,2016-02-22,LAC vs. PHX,W,27,6,11,0.545,1,2,0.5,3,3,1.0,0,2,2,14,2,0,1,3,16,37,44.4,1,2015-16
22015,202332,Cole Aldrich,1610612746,LAC,LA Clippers,0021500839,2016-02-22,LAC vs. PHX,W,14,4,6,0.667,0,0,,0,0,,3,5,8,1,1,3,4,2,8,7,27.1,1,2015-16
22015,203143,Pablo Prigioni,1610612746,LAC,LA Clippers,0021500839,2016-02-22,LAC vs. PHX,W,21,2,3,0.667,1,1,1.0,1,2,0.5,1,5,6,5,0,0,3,2,6,3,17.7,1,2015-16
22015,1627293,Alex Stepheson,1610612746,LAC,LA Clippers,0021500839,2016-02-22,LAC vs. PHX,W,7,1,1,1.0,0,0,,0,0,,1,0,1,0,0,1,0,3,2,-2,6.2,1,2015-16
22015,204028,Tarik Black,1610612747,LAL,Los Angeles Lakers,0021500837,2016-02-22,LAL @ MIL,L,12,1,3,0.333,0,0,,0,0,,2,0,2,0,1,0,0,1,2,18,7.4,1,2015-16
22015,1626273,Marcelo Huertas,1610612747,LAL,Los Angeles Lakers,0021500837,2016-02-22,LAL @ MIL,L,12,1,2,0.5,1,2,0.5,0,0,,0,4,4,1,1,0,0,0,3,18,12.3,1,2015-16
22015,2405,Amar'e Stoudemire,1610612748,MIA,Miami Heat,0021500834,2016-02-22,MIA vs. IND,W,12,2,3,0.667,0,0,,0,0,,1,4,5,1,0,0,3,1,4,-11,8.5,1,2015-16
22015,2757,Beno Udrih,1610612748,MIA,Miami Heat,0021500834,2016-02-22,MIA vs. IND,W,6,0,0,,0,0,,0,0,,0,0,0,0,0,0,0,1,0,-8,0.0,1,2015-16
22015,201177,Josh McRoberts,1610612748,MIA,Miami Heat,0021500834,2016-02-22,MIA vs. IND,W,22,4,8,0.5,1,3,0.333,1,3,0.333,0,6,6,3,2,0,2,3,10,-2,25.7,1,2015-16
22015,203498,Shabazz Muhammad,1610612750,MIN,Minnesota Timberwolves,0021500838,2016-02-22,MIN vs. BOS,W,20,4,9,0.444,1,2,0.5,4,4,1.0,1,1,2,0,1,1,0,2,13,-11,21.4,1,2015-16
22015,203952,Andrew Wiggins,1610612750,MIN,Minnesota Timberwolves,0021500838,2016-02-22,MIN vs. BOS,W,36,5,11,0.455,0,1,0.0,7,12,0.583,1,0,1,4,1,1,4,3,17,-1,26.2,1,2015-16
22015,201577,Robin Lopez,1610612752,NYK,New York Knicks,0021500835,2016-02-22,NYK vs. TOR,L,28,10,14,0.714,0,0,,1,1,1.0,7,6,13,0,1,0,0,2,21,-7,39.6,1,2015-16
22015,202498,Lance Thomas,1610612752,NYK,New York Knicks,0021500835,2016-02-22,NYK vs. TOR,L,21,3,9,0.333,1,3,0.333,2,2,1.0,1,0,1,1,0,0,0,1,9,0,11.7,1,2015-16
22015,101145,Monta Ellis,1610612754,IND,Indiana Pacers,0021500834,2016-02-22,IND @ MIA,L,41,2,17,0.118,0,4,0.0,3,4,0.75,1,3,4,3,1,1,0,2,7,-6,22.3,1,2015-16
22015,202730,Lavoy Allen,1610612754,IND,Indiana Pacers,0021500834,2016-02-22,IND @ MIA,L,22,3,3,1.0,0,0,,2,2,1.0,1,6,7,0,0,0,1,3,8,-3,15.4,1,2015-16
22015,203524,Solomon Hill,1610612754,IND,Indiana Pacers,0021500834,2016-02-22,IND @ MIA,L,17,0,2,0.0,0,0,,0,0,,1,2,3,1,1,0,1,2,0,-4,7.1,1,2015-16
22015,2743,Kris Humphries,1610612756,PHX,Phoenix Suns,0021500839,2016-02-22,PHX @ LAC,L,12,2,7,0.286,0,1,0.0,0,2,0.0,0,7,7,0,1,0,0,1,4,-18,15.4,1,2015-16
22015,202720,Jon Leuer,1610612756,PHX,Phoenix Suns,0021500839,2016-02-22,PHX @ LAC,L,19,3,10,0.3,0,1,0.0,2,2,1.0,1,5,6,1,1,1,0,4,8,-13,22.7,1,2015-16
22015,203141,Mirza Teletovic,1610612756,PHX,Phoenix Suns,0021500839,2016-02-22,PHX @ LAC,L,23,4,6,0.667,3,5,0.6,2,2,1.0,1,5,6,1,0,0,1,2,13,-33,20.7,1,2015-16
22015,203458,Alex Len,1610612756,PHX,Phoenix Suns,0021500839,2016-02-22,PHX @ LAC,L,31,5,16,0.313,0,0,,4,6,0.667,4,4,8,1,2,0,1,6,14,-23,30.1,1,2015-16
22015,202335,Patrick Patterson,1610612761,TOR,Toronto Raptors,0021500835,2016-02-22,TOR @ NYK,W,26,2,2,1.0,1,1,1.0,0,0,,0,3,3,0,0,0,1,3,5,14,7.6,1,2015-16
22015,202687,Bismack Biyombo,1610612761,TOR,Toronto Raptors,0021500835,2016-02-22,TOR @ NYK,W,19,4,4,1.0,0,0,,2,5,0.4,5,4,9,1,0,1,0,4,10,10,25.3,1,2015-16
22015,1626153,Delon Wright,1610612761,TOR,Toronto Raptors,0021500835,2016-02-22,TOR @ NYK,W,3,1,2,0.5,0,0,,0,0,,1,0,1,1,1,0,0,0,2,3,7.7,1,2015-16
22015,202704,Reggie Jackson,1610612765,DET,Detroit Pistons,0021500833,2016-02-22,DET @ CLE,W,33,9,17,0.529,3,5,0.6,2,2,1.0,0,3,3,4,3,0,4,1,23,11,37.6,1,2015-16
22015,201952,Jeff Teague,1610612737,ATL,Atlanta Hawks,0021500836,2016-02-22,ATL vs. GSW,L,30,5,12,0.417,2,6,0.333,4,8,0.5,0,0,0,6,1,1,3,3,16,-15,28.0,1,2015-16
22015,201973,Jonas Jerebko,1610612738,BOS,Boston Celtics,0021500838,2016-02-22,BOS @ MIN,L,22,4,8,0.5,0,1,0.0,1,1,1.0,0,2,2,2,0,1,1,3,9,20,16.4,1,2015-16
22015,203092,Tyler Zeller,1610612738,BOS,Boston Celtics,0021500838,2016-02-22,BOS @ MIN,L,14,2,6,0.333,0,0,,2,2,1.0,3,0,3,0,0,0,1,1,6,3,8.6,1,2015-16
22015,2210,Richard Jefferson,1610612739,CLE,Cleveland Cavaliers,0021500833,2016-02-22,CLE vs. DET,L,15,1,2,0.5,0,1,0.0,0,0,,0,2,2,2,1,0,0,1,2,5,10.4,1,2015-16
22015,202389,Timofey Mozgov,1610612739,CLE,Cleveland Cavaliers,0021500833,2016-02-22,CLE vs. DET,L,18,2,3,0.667,0,0,,0,0,,1,6,7,0,0,1,1,1,4,11,14.4,1,2015-16
22015,202684,Tristan Thompson,1610612739,CLE,Cleveland Cavaliers,0021500833,2016-02-22,CLE vs. DET,L,21,0,2,0.0,0,0,,0,0,,2,4,6,0,0,1,1,1,0,-22,9.2,1,2015-16
22015,203521,Matthew Dellavedova,1610612739,CLE,Cleveland Cavaliers,0021500833,2016-02-22,CLE vs. DET,L,29,3,8,0.375,1,2,0.5,0,0,,0,1,1,3,2,0,2,5,7,2,16.7,1,2015-16
22015,2738,Andre Iguodala,1610612744,GSW,Golden State Warriors,0021500836,2016-02-22,GSW @ ATL,W,25,3,12,0.25,0,6,0.0,1,1,1.0,0,3,3,2,2,0,0,1,7,-12,19.6,1,2015-16
22015,201939,Stephen Curry,1610612744,GSW,Golden State Warriors,0021500836,2016-02-22,GSW @ ATL,W,36,14,22,0.636,5,11,0.455,3,3,1.0,1,5,6,8,3,0,2,2,36,13,62.2,1,2015-16
22015,202691,Klay Thompson,1610612744,GSW,Golden State Warriors,0021500836,2016-02-22,GSW @ ATL,W,37,10,23,0.435,5,14,0.357,2,2,1.0,0,2,2,3,3,0,1,3,27,16,41.9,1,2015-16
22015,201599,DeAndre Jordan,1610612746,LAC,LA Clippers,0021500839,2016-02-22,LAC vs. PHX,W,27,6,9,0.667,0,0,,5,11,0.455,2,9,11,1,0,4,2,4,17,35,41.7,1,2015-16
22015,977,Kobe Bryant,1610612747,LAL,Los Angeles Lakers,0021500837,2016-02-22,LAL @ MIL,L,24,3,12,0.25,1,5,0.2,8,9,0.889,0,5,5,2,1,0,2,3,15,-20,25.0,1,2015-16
22015,201579,Roy Hibbert,1610612747,LAL,Los Angeles Lakers,0021500837,2016-02-22,LAL @ MIL,L,21,1,5,0.2,0,0,,0,0,,2,0,2,0,0,1,1,2,2,-19,6.4,1,2015-16
22015,203903,Jordan Clarkson,1610612747,LAL,Los Angeles Lakers,0021500837,2016-02-22,LAL @ MIL,L,25,5,10,0.5,4,6,0.667,1,1,1.0,1,2,3,3,2,0,3,2,15,-14,26.1,1,2015-16
22015,2736,Luol Deng,1610612748,MIA,Miami Heat,0021500834,2016-02-22,MIA vs. IND,W,37,5,18,0.278,0,3,0.0,3,5,0.6,5,11,16,1,0,0,1,5,13,8,32.7,1,2015-16
22015,202355,Hassan Whiteside,1610612748,MIA,Miami Heat,0021500834,2016-02-22,MIA vs. IND,W,41,8,17,0.471,0,0,,3,4,0.75,6,12,18,1,0,6,1,3,19,17,59.1,1,2015-16
22015,200779,Steve Novak,1610612749,MIL,Milwaukee Bucks,0021500837,2016-02-22,MIL vs. LAL,W,1,0,1,0.0,0,1,0.0,0,0,,0,0,0,0,0,0,0,1,0,-4,0.0,1,2015-16
22015,203507,Giannis Antetokounmpo,1610612749,MIL,Milwaukee Bucks,0021500837,2016-02-22,MIL vs. LAL,W,42,12,17,0.706,0,1,0.0,3,6,0.5,2,10,12,10,3,4,1,3,27,13,76.4,1,2015-16
22015,2419,Tayshaun Prince,1610612750,MIN,Minnesota Timberwolves,0021500838,2016-02-22,MIN vs. BOS,W,5,0,1,0.0,0,0,,0,0,,0,0,0,1,0,0,0,0,0,-5,1.5,1,2015-16
22015,2546,Carmelo Anthony,1610612752,NYK,New York Knicks,0021500835,2016-02-22,NYK vs. TOR,L,37,8,17,0.471,1,2,0.5,6,10,0.6,1,10,11,5,0,0,3,1,23,-18,40.7,1,2015-16
22015,2756,Sasha Vujacic,1610612752,NYK,New York Knicks,0021500835,2016-02-22,NYK vs. TOR,L,6,0,2,0.0,0,0,,0,0,,0,1,1,1,0,0,0,0,0,-4,2.7,1,2015-16
22015,203124,Kyle O'Quinn,1610612752,NYK,New York Knicks,0021500835,2016-02-22,NYK vs. TOR,L,9,0,3,0.0,0,0,,0,2,0.0,1,2,3,1,0,1,0,2,0,-10,8.1,1,2015-16
22015,202331,Paul George,1610612754,IND,Indiana Pacers,0021500834,2016-02-22,IND @ MIA,L,42,11,24,0.458,4,7,0.571,5,7,0.714,0,11,11,4,3,0,3,3,31,-6,56.2,1,2015-16
22015,202709,Cory Joseph,1610612761,TOR,Toronto Raptors,0021500835,2016-02-22,TOR @ NYK,W,25,5,9,0.556,2,3,0.667,1,2,0.5,0,1,1,6,2,0,0,0,13,9,29.2,1,2015-16
22015,203382,Aron Baynes,1610612765,DET,Detroit Pistons,0021500833,2016-02-22,DET @ CLE,W,13,0,3,0.0,0,0,,0,0,,0,6,6,0,0,1,1,2,0,1,9.2,1,2015-16
22015,1626169,Stanley Johnson,1610612765,DET,Detroit Pistons,0021500833,2016-02-22,DET @ CLE,W,22,4,9,0.444,1,4,0.25,1,1,1.0,2,2,4,1,0,1,1,0,10,4,18.3,1,2015-16
22015,201567,Kevin Love,1610612739,CLE,Cleveland Cavaliers,0021500833,2016-02-22,CLE vs. DET,L,36,8,15,0.533,3,7,0.429,5,5,1.0,0,7,7,3,0,0,2,2,24,-11,34.9,1,2015-16
22015,201575,Brandon Rush,1610612744,GSW,Golden State Warriors,0021500836,2016-02-22,GSW @ ATL,W,6,0,1,0.0,0,1,0.0,0,0,,0,0,0,0,0,0,0,0,0,-8,0.0,1,2015-16
22015,203944,Julius Randle,1610612747,LAL,Los Angeles Lakers,0021500837,2016-02-22,LAL @ MIL,L,26,1,5,0.2,0,0,,3,6,0.5,0,7,7,1,0,1,2,3,5,-21,15.9,1,2015-16
22015,201564,O.J. Mayo,1610612749,MIL,Milwaukee Bucks,0021500837,2016-02-22,MIL vs. LAL,W,24,4,7,0.571,4,7,0.571,0,0,,0,3,3,4,0,0,0,5,12,6,21.6,1,2015-16
22015,202328,Greg Monroe,1610612749,MIL,Milwaukee Bucks,0021500837,2016-02-22,MIL vs. LAL,W,27,5,9,0.556,0,0,,2,2,1.0,1,7,8,1,2,1,1,1,12,-5,31.1,1,2015-16
22015,201978,Chase Budinger,1610612754,IND,Indiana Pacers,0021500834,2016-02-22,IND @ MIA,L,7,1,2,0.5,1,1,1.0,0,0,,0,0,0,0,1,0,1,0,3,-1,5.0,1,2015-16
22015,1626167,Myles Turner,1610612754,IND,Indiana Pacers,0021500834,2016-02-22,IND @ MIA,L,31,8,13,0.615,0,0,,0,0,,2,3,5,1,0,2,0,6,16,-2,29.5,1,2015-16
22015,203462,Archie Goodwin,1610612756,PHX,Phoenix Suns,0021500839,2016-02-22,PHX @ LAC,L,38,6,19,0.316,1,6,0.167,7,8,0.875,0,1,1,0,1,0,3,1,20,-24,21.2,1,2015-16
22015,2570,Kendrick Perkins,1610612740,NOP,New Orleans Pelicans,0021500841,2016-02-23,NOP @ WAS,L,18,1,1,1.0,0,0,,0,0,,1,3,4,0,0,0,3,2,2,-12,3.8,1,2015-16
22015,201582,Alexis Ajinca,1610612740,NOP,New Orleans Pelicans,0021500841,2016-02-23,NOP @ WAS,L,17,1,5,0.2,0,0,,5,6,0.833,1,3,4,2,0,0,2,1,7,-10,12.8,1,2015-16
22015,201962,Toney Douglas,1610612740,NOP,New Orleans Pelicans,0021500841,2016-02-23,NOP @ WAS,L,26,2,8,0.25,1,4,0.25,6,7,0.857,0,4,4,1,2,0,0,3,11,-8,23.3,1,2015-16
22015,203914,Gary Harris,1610612743,DEN,Denver Nuggets,0021500842,2016-02-23,DEN vs. SAC,L,25,2,9,0.222,0,2,0.0,0,0,,1,1,2,3,1,0,0,1,4,-7,13.9,1,2015-16
22015,202397,Ish Smith,1610612755,PHI,Philadelphia 76ers,0021500840,2016-02-23,PHI vs. ORL,L,27,7,15,0.467,2,3,0.667,6,8,0.75,0,1,1,5,0,0,2,4,22,2,28.7,1,2015-16
22015,203496,Robert Covington,1610612755,PHI,Philadelphia 76ers,0021500840,2016-02-23,PHI vs. ORL,L,27,4,8,0.5,2,5,0.4,2,2,1.0,1,3,4,1,1,0,2,4,12,3,19.3,1,2015-16
22015,203917,Nik Stauskas,1610612755,PHI,Philadelphia 76ers,0021500840,2016-02-23,PHI vs. ORL,L,24,2,5,0.4,1,3,0.333,0,1,0.0,1,1,2,2,1,0,4,5,5,-3,9.4,1,2015-16
22015,204456,T.J. McConnell,1610612755,PHI,Philadelphia 76ers,0021500840,2016-02-23,PHI vs. ORL,L,17,4,6,0.667,0,0,,0,0,,0,0,0,4,1,0,2,3,8,-7,15.0,1,2015-16
22015,203459,Allen Crabbe,1610612757,POR,Portland Trail Blazers,0021500844,2016-02-23,POR vs. BKN,W,25,2,5,0.4,1,2,0.5,0,0,,0,0,0,3,2,0,1,1,5,8,14.5,1,2015-16
22015,203486,Mason Plumlee,1610612757,POR,Portland Trail Blazers,0021500844,2016-02-23,POR vs. BKN,W,27,1,3,0.333,0,0,,2,4,0.5,1,12,13,5,0,2,2,5,4,16,31.1,1,2015-16
22015,201585,Kosta Koufos,1610612758,SAC,Sacramento Kings,0021500842,2016-02-23,SAC @ DEN,W,12,3,4,0.75,0,0,,0,0,,1,3,4,0,0,1,0,0,6,-7,13.8,1,2015-16
22015,202326,DeMarcus Cousins,1610612758,SAC,Sacramento Kings,0021500842,2016-02-23,SAC @ DEN,W,36,14,24,0.583,2,2,1.0,9,12,0.75,2,7,9,2,1,2,3,3,39,11,58.8,1,2015-16
22015,1626161,Willie Cauley-Stein,1610612758,SAC,Sacramento Kings,0021500842,2016-02-23,SAC @ DEN,W,23,4,7,0.571,0,0,,2,2,1.0,2,3,5,1,1,2,0,1,10,1,26.5,1,2015-16
22015,203504,Trey Burke,1610612762,UTA,Utah Jazz,0021500843,2016-02-23,UTA vs. HOU,W,28,6,11,0.545,3,6,0.5,0,0,,0,2,2,1,0,0,1,3,15,-3,17.9,1,2015-16
22015,203490,Otto Porter Jr.,1610612764,WAS,Washington Wizards,0021500841,2016-02-23,WAS vs. NOP,W,26,2,3,0.667,1,2,0.5,1,2,0.5,1,4,5,1,2,0,0,2,6,22,19.5,1,2015-16
22015,201950,Jrue Holiday,1610612740,NOP,New Orleans Pelicans,0021500841,2016-02-23,NOP @ WAS,L,32,7,21,0.333,0,5,0.0,6,7,0.857,0,4,4,7,0,0,3,3,20,1,32.3,1,2015-16
22015,201967,Dante Cunningham,1610612740,NOP,New Orleans Pelicans,0021500841,2016-02-23,NOP @ WAS,L,28,3,8,0.375,1,3,0.333,0,0,,2,1,3,0,0,2,2,3,7,-22,14.6,1,2015-16
22015,202087,Alonzo Gee,1610612740,NOP,New Orleans Pelicans,0021500841,2016-02-23,NOP @ WAS,L,16,1,4,0.25,0,1,0.0,3,7,0.429,0,0,0,0,1,0,2,1,5,1,6.0,1,2015-16
22015,202337,Luke Babbitt,1610612740,NOP,New Orleans Pelicans,0021500841,2016-02-23,NOP @ WAS,L,3,1,1,1.0,1,1,1.0,0,0,,0,1,1,0,0,0,0,0,3,-1,4.2,1,2015-16
22015,203076,Anthony Davis,1610612740,NOP,New Orleans Pelicans,0021500841,2016-02-23,NOP @ WAS,L,37,3,9,0.333,0,1,0.0,3,4,0.75,3,17,20,3,2,1,3,1,9,-20,43.5,1,2015-16
22015,201568,Danilo Gallinari,1610612743,DEN,Denver Nuggets,0021500842,2016-02-23,DEN vs. SAC,L,37,5,14,0.357,1,4,0.25,6,7,0.857,0,1,1,1,1,0,0,0,17,-9,22.7,1,2015-16
22015,203999,Nikola Jokić,1610612743,DEN,Denver Nuggets,0021500842,2016-02-23,DEN vs. SAC,L,20,4,8,0.5,1,2,0.5,4,4,1.0,4,9,13,6,2,0,2,5,13,-5,41.6,1,2015-16
22015,201572,Brook Lopez,1610612751,BKN,Brooklyn Nets,0021500844,2016-02-23,BKN @ POR,L,40,16,24,0.667,0,0,,4,5,0.8,5,5,10,1,4,1,3,4,36,-4,61.5,1,2015-16
22015,202711,Bojan Bogdanovic,1610612751,BKN,Brooklyn Nets,0021500844,2016-02-23,BKN @ POR,L,22,1,7,0.143,1,5,0.2,2,2,1.0,1,0,1,4,0,0,1,1,5,8,11.2,1,2015-16
22015,202696,Nikola Vučević,1610612753,ORL,Orlando Magic,0021500840,2016-02-23,ORL @ PHI,W,37,13,21,0.619,0,0,,9,9,1.0,3,6,9,4,0,1,1,1,35,10,53.8,1,2015-16
22015,203901,Elfrid Payton,1610612753,ORL,Orlando Magic,0021500840,2016-02-23,ORL @ PHI,W,20,0,4,0.0,0,1,0.0,3,6,0.5,1,0,1,8,0,0,0,2,3,9,16.2,1,2015-16
22015,201945,Gerald Henderson,1610612757,POR,Portland Trail Blazers,0021500844,2016-02-23,POR vs. BKN,W,22,4,8,0.5,0,1,0.0,2,2,1.0,0,2,2,1,0,0,2,0,10,-11,11.9,1,2015-16
22015,202329,Al-Farouq Aminu,1610612757,POR,Portland Trail Blazers,0021500844,2016-02-23,POR vs. BKN,W,28,4,8,0.5,1,2,0.5,1,2,0.5,1,4,5,4,0,0,1,1,10,21,21.0,1,2015-16
22015,203090,Maurice Harkless,1610612757,POR,Portland Trail Blazers,0021500844,2016-02-23,POR vs. BKN,W,18,2,6,0.333,0,2,0.0,0,0,,1,0,1,1,0,2,1,1,4,-4,11.7,1,2015-16
22015,201158,Marco Belinelli,1610612758,SAC,Sacramento Kings,0021500842,2016-02-23,SAC @ DEN,W,20,4,12,0.333,1,3,0.333,0,0,,0,0,0,0,0,0,0,0,9,-3,9.0,1,2015-16
22015,201956,Omri Casspi,1610612758,SAC,Sacramento Kings,0021500842,2016-02-23,SAC @ DEN,W,23,4,6,0.667,2,4,0.5,4,6,0.667,1,8,9,2,1,0,2,3,14,3,28.8,1,2015-16
22015,202330,Gordon Hayward,1610612762,UTA,Utah Jazz,0021500843,2016-02-23,UTA vs. HOU,W,40,6,7,0.857,3,4,0.75,13,15,0.867,3,4,7,5,1,0,2,3,28,-3,44.9,1,2015-16
22015,203187,Chris Johnson,1610612762,UTA,Utah Jazz,0021500843,2016-02-23,UTA vs. HOU,W,19,2,4,0.5,0,1,0.0,0,0,,0,3,3,1,0,1,0,4,4,-9,12.1,1,2015-16
22015,203918,Rodney Hood,1610612762,UTA,Utah Jazz,0021500843,2016-02-23,UTA vs. HOU,W,36,6,10,0.6,3,6,0.5,3,4,0.75,0,4,4,5,5,0,2,3,18,15,43.3,1,2015-16
22015,2400,Drew Gooden,1610612764,WAS,Washington Wizards,0021500841,2016-02-23,WAS vs. NOP,W,2,0,1,0.0,0,1,0.0,0,0,,0,2,2,0,0,0,0,1,0,-3,2.4,1,2015-16
22015,2403,Nene,1610612764,WAS,Washington Wizards,0021500841,2016-02-23,WAS vs. NOP,W,16,4,7,0.571,0,0,,0,0,,0,9,9,1,1,0,2,3,8,-1,21.3,1,2015-16
22015,101162,Marcin Gortat,1610612764,WAS,Washington Wizards,0021500841,2016-02-23,WAS vs. NOP,W,30,10,16,0.625,0,0,,1,2,0.5,5,6,11,1,1,2,1,2,21,24,43.7,1,2015-16
22015,201162,Jared Dudley,1610612764,WAS,Washington Wizards,0021500841,2016-02-23,WAS vs. NOP,W,27,6,11,0.545,6,10,0.6,0,0,,0,4,4,5,1,0,2,3,18,24,31.3,1,2015-16
22015,204067,Jarell Eddie,1610612764,WAS,Washington Wizards,0021500841,2016-02-23,WAS vs. NOP,W,2,0,1,0.0,0,0,,0,0,,0,0,0,0,0,0,0,1,0,-1,0.0,1,2015-16
22015,1626214,Bryce Dejean-Jones,1610612740,NOP,New Orleans Pelicans,0021500841,2016-02-23,NOP @ WAS,L,21,0,5,0.0,0,2,0.0,0,0,,0,2,2,0,0,1,0,1,0,-19,5.4,1,2015-16
22015,201589,Darrell Arthur,1610612743,DEN,Denver Nuggets,0021500842,2016-02-23,DEN vs. SAC,L,25,5,8,0.625,4,4,1.0,0,0,,1,4,5,4,2,0,1,5,14,3,31.0,1,2015-16
22015,202702,Kenneth Faried,1610612743,DEN,Denver Nuggets,0021500842,2016-02-23,DEN vs. SAC,L,22,6,9,0.667,0,0,,1,2,0.5,3,4,7,1,1,1,0,3,13,-5,28.9,1,2015-16
22015,201951,Ty Lawson,1610612745,HOU,Houston Rockets,0021500843,2016-02-23,HOU @ UTA,L,16,2,5,0.4,0,1,0.0,0,0,,0,0,0,2,1,0,1,0,4,1,9.0,1,2015-16
22015,201961,Wayne Ellington,1610612751,BKN,Brooklyn Nets,0021500844,2016-02-23,BKN @ POR,L,19,2,7,0.286,0,0,,0,0,,1,2,3,0,0,0,0,3,4,-2,7.6,1,2015-16
22015,203080,Thomas Robinson,1610612751,BKN,Brooklyn Nets,0021500844,2016-02-23,BKN @ POR,L,12,0,4,0.0,0,0,,0,0,,2,4,6,0,0,0,0,2,0,-1,7.2,1,2015-16
22015,203932,Aaron Gordon,1610612753,ORL,Orlando Magic,0021500840,2016-02-23,ORL @ PHI,W,30,4,10,0.4,0,1,0.0,3,6,0.5,2,9,11,3,3,1,2,3,11,2,38.7,1,2015-16
22015,1626209,Mario Hezonja,1610612753,ORL,Orlando Magic,0021500840,2016-02-23,ORL @ PHI,W,11,2,2,1.0,1,1,1.0,0,0,,0,0,0,0,1,0,0,1,5,3,8.0,1,2015-16
22015,203138,Hollis Thompson,1610612755,PHI,Philadelphia 76ers,0021500840,2016-02-23,PHI vs. ORL,L,29,4,9,0.444,3,6,0.5,3,3,1.0,0,3,3,2,1,0,0,3,14,-7,23.6,1,2015-16
22015,203457,Nerlens Noel,1610612755,PHI,Philadelphia 76ers,0021500840,2016-02-23,PHI vs. ORL,L,32,6,9,0.667,0,0,,4,6,0.667,3,8,11,4,2,1,2,2,16,-7,42.2,1,2015-16
22015,1626158,Richaun Holmes,1610612755,PHI,Philadelphia 76ers,0021500840,2016-02-23,PHI vs. ORL,L,7,1,2,0.5,0,0,,0,0,,0,2,2,3,0,0,1,2,2,3,7.9,1,2015-16
22015,202334,Ed Davis,1610612757,POR,Portland Trail Blazers,0021500844,2016-02-23,POR vs. BKN,W,21,2,4,0.5,0,0,,0,0,,2,3,5,0,0,2,1,3,4,-10,15.0,1,2015-16
22015,203468,CJ McCollum,1610612757,POR,Portland Trail Blazers,0021500844,2016-02-23,POR vs. BKN,W,38,13,20,0.65,5,7,0.714,3,3,1.0,2,3,5,6,1,0,3,2,34,6,49.0,1,2015-16
22015,203943,Noah Vonleh,1610612757,POR,Portland Trail Blazers,0021500844,2016-02-23,POR vs. BKN,W,13,2,5,0.4,0,1,0.0,0,0,,0,3,3,0,0,0,0,1,4,-2,7.6,1,2015-16
22015,200765,Rajon Rondo,1610612758,SAC,Sacramento Kings,0021500842,2016-02-23,SAC @ DEN,W,31,2,6,0.333,0,1,0.0,0,0,,0,5,5,12,1,1,4,4,4,6,30.0,1,2015-16
22015,201954,Darren Collison,1610612758,SAC,Sacramento Kings,0021500842,2016-02-23,SAC @ DEN,W,32,3,7,0.429,0,2,0.0,3,4,0.75,0,4,4,5,1,0,2,2,9,7,22.3,1,2015-16
22015,203112,Quincy Acy,1610612758,SAC,Sacramento Kings,0021500842,2016-02-23,SAC @ DEN,W,13,0,2,0.0,0,0,,0,0,,0,3,3,0,0,3,0,1,0,-1,12.6,1,2015-16
22015,202324,Derrick Favors,1610612762,UTA,Utah Jazz,0021500843,2016-02-23,UTA vs. HOU,W,40,7,13,0.538,0,0,,5,5,1.0,5,7,12,2,2,3,3,4,19,1,48.4,1,2015-16
22015,203526,Raul Neto,1610612762,UTA,Utah Jazz,0021500843,2016-02-23,UTA vs. HOU,W,8,0,2,0.0,0,1,0.0,0,0,,0,1,1,1,0,0,1,0,0,3,1.7,1,2015-16
22015,1626168,Trey Lyles,1610612762,UTA,Utah Jazz,0021500843,2016-02-23,UTA vs. HOU,W,17,3,5,0.6,0,0,,2,2,1.0,0,2,2,0,1,0,1,2,8,-10,12.4,1,2015-16
22015,201583,Ryan Anderson,1610612740,NOP,New Orleans Pelicans,0021500841,2016-02-23,NOP @ WAS,L,25,7,11,0.636,2,4,0.5,0,0,,1,3,4,2,2,0,1,1,16,4,28.8,1,2015-16
22015,202708,Norris Cole,1610612740,NOP,New Orleans Pelicans,0021500841,2016-02-23,NOP @ WAS,L,18,3,10,0.3,1,2,0.5,2,2,1.0,0,2,2,2,1,0,0,1,9,-14,17.4,1,2015-16
22015,203115,Will Barton,1610612743,DEN,Denver Nuggets,0021500842,2016-02-23,DEN vs. SAC,L,27,6,18,0.333,2,7,0.286,4,6,0.667,0,6,6,4,0,0,0,3,18,6,31.2,1,2015-16
22015,2730,Dwight Howard,1610612745,HOU,Houston Rockets,0021500843,2016-02-23,HOU @ UTA,L,40,3,7,0.429,0,1,0.0,7,14,0.5,5,11,16,1,1,3,2,4,13,0,43.7,1,2015-16
22015,2772,Trevor Ariza,1610612745,HOU,Houston Rockets,0021500843,2016-02-23,HOU @ UTA,L,41,5,10,0.5,4,7,0.571,4,4,1.0,1,0,1,4,4,0,1,3,18,-12,36.2,1,2015-16
22015,201147,Corey Brewer,1610612745,HOU,Houston Rockets,0021500843,2016-02-23,HOU @ UTA,L,22,0,5,0.0,0,3,0.0,2,2,1.0,0,2,2,0,3,0,0,5,2,11,13.4,1,2015-16
22015,201935,James Harden,1610612745,HOU,Houston Rockets,0021500843,2016-02-23,HOU @ UTA,L,44,16,30,0.533,2,7,0.286,8,10,0.8,1,4,5,4,2,0,5,5,42,2,55.0,1,2015-16
22015,203991,Clint Capela,1610612745,HOU,Houston Rockets,0021500843,2016-02-23,HOU @ UTA,L,13,1,3,0.333,0,0,,0,0,,2,2,4,2,0,1,0,3,2,-3,12.8,1,2015-16
22015,2207,Joe Johnson,1610612751,BKN,Brooklyn Nets,0021500844,2016-02-23,BKN @ POR,L,34,7,13,0.538,1,2,0.5,4,4,1.0,0,8,8,4,0,0,4,2,19,-8,30.6,1,2015-16
22015,202388,Donald Sloan,1610612751,BKN,Brooklyn Nets,0021500844,2016-02-23,BKN @ POR,L,33,6,10,0.6,0,3,0.0,2,4,0.5,0,5,5,4,1,0,0,3,14,-5,29.0,1,2015-16
22015,203186,Willie Reed,1610612751,BKN,Brooklyn Nets,0021500844,2016-02-23,BKN @ POR,L,7,2,3,0.667,0,0,,0,0,,1,0,1,0,1,1,1,0,4,-2,10.2,1,2015-16
22015,203499,Shane Larkin,1610612751,BKN,Brooklyn Nets,0021500844,2016-02-23,BKN @ POR,L,15,3,5,0.6,0,0,,1,2,0.5,0,1,1,3,1,0,1,1,7,-3,14.7,1,2015-16
22015,201160,Jason Smith,1610612753,ORL,Orlando Magic,0021500840,2016-02-23,ORL @ PHI,W,10,4,8,0.5,0,0,,0,0,,1,0,1,0,0,0,1,3,8,0,8.2,1,2015-16
22015,203095,Evan Fournier,1610612753,ORL,Orlando Magic,0021500840,2016-02-23,ORL @ PHI,W,43,8,13,0.615,3,5,0.6,2,2,1.0,0,3,3,4,2,0,1,6,21,10,35.6,1,2015-16
22015,203088,Kendall Marshall,1610612755,PHI,Philadelphia 76ers,0021500840,2016-02-23,PHI vs. ORL,L,4,0,0,,0,0,,0,0,,0,0,0,0,0,0,1,0,0,-4,-1.0,1,2015-16
22015,1626143,Jahlil Okafor,1610612755,PHI,Philadelphia 76ers,0021500840,2016-02-23,PHI vs. ORL,L,26,8,13,0.615,0,0,,1,2,0.5,1,1,2,0,0,2,4,4,17,-10,21.4,1,2015-16
22015,203081,Damian Lillard,1610612757,POR,Portland Trail Blazers,0021500844,2016-02-23,POR vs. BKN,W,37,9,18,0.5,2,7,0.286,14,14,1.0,0,2,2,4,3,0,4,3,34,12,47.4,1,2015-16
22015,203497,Rudy Gobert,1610612762,UTA,Utah Jazz,0021500843,2016-02-23,UTA vs. HOU,W,26,0,3,0.0,0,0,,2,4,0.5,0,3,3,1,1,0,2,3,2,5,8.1,1,2015-16
22015,204060,Joe Ingles,1610612762,UTA,Utah Jazz,0021500843,2016-02-23,UTA vs. HOU,W,7,0,1,0.0,0,1,0.0,0,0,,0,0,0,2,0,0,2,1,0,1,1.0,1,2015-16
22015,1626162,Kelly Oubre Jr.,1610612764,WAS,Washington Wizards,0021500841,2016-02-23,WAS vs. NOP,W,9,4,5,0.8,0,0,,0,0,,0,2,2,0,0,0,2,1,8,-4,8.4,1,2015-16
22015,201571,D.J. Augustin,1610612743,DEN,Denver Nuggets,0021500842,2016-02-23,DEN vs. SAC,L,22,3,7,0.429,1,2,0.5,3,3,1.0,0,3,3,4,1,0,4,3,10,3,18.6,1,2015-16
22015,203530,Joffrey Lauvergne,1610612743,DEN,Denver Nuggets,0021500842,2016-02-23,DEN vs. SAC,L,23,5,11,0.455,0,1,0.0,0,0,,2,4,6,0,0,0,2,2,10,3,15.2,1,2015-16
22015,203960,JaKarr Sampson,1610612743,DEN,Denver Nuggets,0021500842,2016-02-23,DEN vs. SAC,L,14,0,3,0.0,0,1,0.0,0,0,,1,0,1,0,1,1,3,1,0,-2,4.2,1,2015-16
22015,1626144,Emmanuel Mudiay,1610612743,DEN,Denver Nuggets,0021500842,2016-02-23,DEN vs. SAC,L,26,5,13,0.385,1,4,0.25,0,0,,0,0,0,4,1,1,0,2,11,-7,23.0,1,2015-16
22015,1891,Jason Terry,1610612745,HOU,Houston Rockets,0021500843,2016-02-23,HOU @ UTA,L,21,2,9,0.222,1,6,0.167,3,3,1.0,1,0,1,0,0,0,0,1,8,-8,9.2,1,2015-16
22015,203909,KJ McDaniels,1610612745,HOU,Houston Rockets,0021500843,2016-02-23,HOU @ UTA,L,0,0,0,,0,0,,0,0,,0,0,0,0,0,0,0,0,0,-1,0.0,1,2015-16
22015,201152,Thaddeus Young,1610612751,BKN,Brooklyn Nets,0021500844,2016-02-23,BKN @ POR,L,36,3,11,0.273,0,0,,2,2,1.0,2,9,11,2,0,0,1,2,8,-7,23.2,1,2015-16
22015,203900,Markel Brown,1610612751,BKN,Brooklyn Nets,0021500844,2016-02-23,BKN @ POR,L,22,3,6,0.5,1,2,0.5,0,0,,0,1,1,0,3,0,2,2,7,-16,15.2,1,2015-16
22015,101141,Ersan Ilyasova,1610612753,ORL,Orlando Magic,0021500840,2016-02-23,ORL @ PHI,W,19,2,7,0.286,2,3,0.667,4,4,1.0,3,5,8,0,0,0,0,3,10,6,19.6,1,2015-16
22015,201228,C.J. Watson,1610612753,ORL,Orlando Magic,0021500840,2016-02-23,ORL @ PHI,W,19,1,3,0.333,0,0,,1,1,1.0,1,4,5,0,2,0,2,1,3,13,13.0,1,2015-16
22015,201943,Brandon Jennings,1610612753,ORL,Orlando Magic,0021500840,2016-02-23,ORL @ PHI,W,11,1,5,0.2,0,0,,4,4,1.0,0,1,1,3,0,0,1,2,6,-12,10.7,1,2015-16
22015,203506,Victor Oladipo,1610612753,ORL,Orlando Magic,0021500840,2016-02-23,ORL @ PHI,W,41,6,12,0.5,1,3,0.333,9,9,1.0,2,2,4,4,3,0,3,0,22,4,38.8,1,2015-16
22015,203477,Isaiah Canaan,1610612755,PHI,Philadelphia 76ers,0021500840,2016-02-23,PHI vs. ORL,L,20,4,7,0.571,2,3,0.667,2,2,1.0,0,4,4,0,1,0,1,0,12,-2,18.8,1,2015-16
22015,203924,Jerami Grant,1610612755,PHI,Philadelphia 76ers,0021500840,2016-02-23,PHI vs. ORL,L,27,3,5,0.6,0,1,0.0,1,2,0.5,0,7,7,2,0,1,3,2,7,-13,18.4,1,2015-16
22015,203086,Meyers Leonard,1610612757,POR,Portland Trail Blazers,0021500844,2016-02-23,POR vs. BKN,W,12,1,3,0.333,1,1,1.0,0,0,,0,4,4,0,0,0,0,1,3,4,7.8,1,2015-16
22015,202714,Shelvin Mack,1610612762,UTA,Utah Jazz,0021500843,2016-02-23,UTA vs. HOU,W,32,5,11,0.455,1,4,0.25,6,8,0.75,0,1,1,2,1,0,6,4,17,7,18.2,1,2015-16
22015,201196,Ramon Sessions,1610612764,WAS,Washington Wizards,0021500841,2016-02-23,WAS vs. NOP,W,26,4,8,0.5,0,1,0.0,2,4,0.5,0,3,3,1,0,0,2,0,10,-2,13.1,1,2015-16
22015,202322,John Wall,1610612764,WAS,Washington Wizards,0021500841,2016-02-23,WAS vs. NOP,W,32,5,17,0.294,3,6,0.5,3,5,0.6,0,12,12,11,2,1,3,3,16,23,52.9,1,2015-16
22015,202693,Markieff Morris,1610612764,WAS,Washington Wizards,0021500841,2016-02-23,WAS vs. NOP,W,22,3,8,0.375,0,3,0.0,0,0,,0,2,2,2,2,1,0,4,6,-4,20.4,1,2015-16
22015,203078,Bradley Beal,1610612764,WAS,Washington Wizards,0021500841,2016-02-23,WAS vs. NOP,W,25,3,10,0.3,1,1,1.0,2,2,1.0,0,0,0,5,0,0,1,2,9,4,15.5,1,2015-16
22015,2746,Josh Smith,1610612745,HOU,Houston Rockets,0021500843,2016-02-23,HOU @ UTA,L,19,3,7,0.429,2,4,0.5,0,0,,0,2,2,0,0,0,3,2,8,3,7.4,1,2015-16
22015,201976,Patrick Beverley,1610612745,HOU,Houston Rockets,0021500843,2016-02-23,HOU @ UTA,L,37,3,9,0.333,2,5,0.4,6,6,1.0,1,2,3,4,3,0,2,4,14,-4,30.6,1,2015-16
22015,203093,Terrence Jones,1610612745,HOU,Houston Rockets,0021500843,2016-02-23,HOU @ UTA,L,12,1,2,0.5,0,0,,1,2,0.5,0,1,1,0,1,0,0,1,3,-4,7.2,1,2015-16
22015,200752,Rudy Gay,1610612758,SAC,Sacramento Kings,0021500842,2016-02-23,SAC @ DEN,W,36,6,11,0.545,1,3,0.333,3,4,0.75,0,10,10,4,4,3,2,3,16,4,53.0,1,2015-16
22015,203463,Ben McLemore,1610612758,SAC,Sacramento Kings,0021500842,2016-02-23,SAC @ DEN,W,13,3,4,0.75,1,2,0.5,0,0,,0,1,1,2,0,0,3,1,7,-1,8.2,1,2015-16
22015,202344,Trevor Booker,1610612762,UTA,Utah Jazz,0021500843,2016-02-23,UTA vs. HOU,W,12,3,7,0.429,0,1,0.0,0,0,,0,6,6,2,0,0,1,2,6,8,15.2,1,2015-16
22015,202066,Garrett Temple,1610612764,WAS,Washington Wizards,0021500841,2016-02-23,WAS vs. NOP,W,24,2,7,0.286,1,2,0.5,2,2,1.0,1,4,5,2,0,0,1,2,7,18,15.0,1,2015-16
22015,2210,Richard Jefferson,1610612739,CLE,Cleveland Cavaliers,0021500845,2016-02-24,CLE vs. CHA,W,20,3,5,0.6,1,1,1.0,0,0,,0,0,0,0,0,0,0,1,7,0,7.0,1,2015-16
22015,203521,Matthew Dellavedova,1610612739,CLE,Cleveland Cavaliers,0021500845,2016-02-24,CLE vs. CHA,W,26,3,8,0.375,3,6,0.5,1,1,1.0,0,1,1,7,1,0,2,1,10,13,22.7,1,2015-16
22015,203503,Tony Snell,1610612741,CHI,Chicago Bulls,0021500850,2016-02-24,CHI vs. WAS,W,34,6,11,0.545,4,5,0.8,0,0,,0,4,4,3,0,0,2,4,16,13,23.3,1,2015-16
22015,1626171,Bobby Portis,1610612741,CHI,Chicago Bulls,0021500850,2016-02-24,CHI vs. WAS,W,20,2,8,0.25,0,1,0.0,1,2,0.5,1,6,7,0,0,0,4,1,5,-12,9.4,1,2015-16
22015,202718,Chandler Parsons,1610612742,DAL,Dallas Mavericks,0021500852,2016-02-24,DAL vs. OKC,L,24,3,10,0.3,0,1,0.0,0,0,,1,2,3,3,1,0,0,5,6,-13,17.1,1,2015-16
22015,1626257,Salah Mejri,1610612742,DAL,Dallas Mavericks,0021500852,2016-02-24,DAL vs. OKC,L,9,1,3,0.333,0,1,0.0,0,0,,2,4,6,0,0,4,0,0,2,-1,21.2,1,2015-16
22015,2760,Anderson Varejao,1610612744,GSW,Golden State Warriors,0021500848,2016-02-24,GSW @ MIA,W,10,0,2,0.0,0,0,,1,2,0.5,0,3,3,1,0,0,0,3,1,-2,6.1,1,2015-16
22015,202691,Klay Thompson,1610612744,GSW,Golden State Warriors,0021500848,2016-02-24,GSW @ MIA,W,34,13,25,0.52,4,8,0.5,3,3,1.0,0,3,3,0,4,0,1,2,33,9,47.6,1,2015-16
22015,203084,Harrison Barnes,1610612744,GSW,Golden State Warriors,0021500848,2016-02-24,GSW @ MIA,W,28,3,6,0.5,2,3,0.667,3,5,0.6,3,2,5,1,1,0,1,3,11,11,20.5,1,2015-16
22015,203110,Draymond Green,1610612744,GSW,Golden State Warriors,0021500848,2016-02-24,GSW @ MIA,W,36,3,7,0.429,0,2,0.0,4,5,0.8,2,9,11,3,0,1,3,3,10,7,27.7,1,2015-16
22015,201599,DeAndre Jordan,1610612746,LAC,LA Clippers,0021500853,2016-02-24,LAC vs. DEN,L,37,2,5,0.4,0,0,,3,7,0.429,3,9,12,1,1,4,4,2,7,-6,33.9,1,2015-16
22015,1626156,D'Angelo Russell,1610612747,LAL,Los Angeles Lakers,0021500851,2016-02-24,LAL @ MEM,L,33,8,19,0.421,3,9,0.333,3,4,0.75,0,4,4,8,0,0,1,0,22,-11,37.8,1,2015-16
22015,2548,Dwyane Wade,1610612748,MIA,Miami Heat,0021500848,2016-02-24,MIA vs. GSW,L,33,11,20,0.55,0,0,,10,11,0.909,1,2,3,7,1,1,4,4,32,-13,48.1,1,2015-16
22015,101123,Gerald Green,1610612748,MIA,Miami Heat,0021500848,2016-02-24,MIA vs. GSW,L,25,0,0,,0,0,,0,0,,0,1,1,0,0,0,1,2,0,7,0.2,1,2015-16
22015,201177,Josh McRoberts,1610612748,MIA,Miami Heat,0021500848,2016-02-24,MIA vs. GSW,L,14,2,8,0.25,1,2,0.5,2,3,0.667,0,2,2,0,0,1,0,2,7,-9,12.4,1,2015-16
22015,2755,Kevin Martin,1610612750,MIN,Minnesota Timberwolves,0021500849,2016-02-24,MIN @ TOR,L,4,1,1,1.0,0,0,,0,0,,0,0,0,0,0,0,0,1,2,0,2.0,1,2015-16
22015,2546,Carmelo Anthony,1610612752,NYK,New York Knicks,0021500846,2016-02-24,NYK @ IND,L,35,5,20,0.25,1,4,0.25,3,4,0.75,1,6,7,3,1,0,1,4,14,-14,28.9,1,2015-16
22015,101181,Jose Calderon,1610612752,NYK,New York Knicks,0021500846,2016-02-24,NYK @ IND,L,33,6,10,0.6,4,4,1.0,4,4,1.0,0,4,4,4,1,0,0,0,20,-6,33.8,1,2015-16
22015,201577,Robin Lopez,1610612752,NYK,New York Knicks,0021500846,2016-02-24,NYK @ IND,L,25,2,3,0.667,0,0,,0,0,,2,5,7,1,0,3,2,2,4,-14,20.9,1,2015-16
22015,204001,Kristaps Porziņģis,1610612752,NYK,New York Knicks,0021500846,2016-02-24,NYK @ IND,L,36,7,14,0.5,2,7,0.286,6,8,0.75,0,2,2,1,2,1,1,2,22,-4,33.9,1,2015-16
22015,101133,Ian Mahinmi,1610612754,IND,Indiana Pacers,0021500846,2016-02-24,IND vs. NYK,W,31,4,5,0.8,0,0,,0,1,0.0,2,5,7,1,0,1,2,1,8,10,18.9,1,2015-16
22015,201978,Chase Budinger,1610612754,IND,Indiana Pacers,0021500846,2016-02-24,IND vs. NYK,W,12,2,3,0.667,0,0,,0,0,,0,2,2,0,2,1,2,3,4,-4,13.4,1,2015-16
22015,202331,Paul George,1610612754,IND,Indiana Pacers,0021500846,2016-02-24,IND vs. NYK,W,36,10,23,0.435,0,7,0.0,7,8,0.875,1,6,7,6,1,0,2,3,27,7,45.4,1,2015-16
22015,203524,Solomon Hill,1610612754,IND,Indiana Pacers,0021500846,2016-02-24,IND vs. NYK,W,14,3,4,0.75,1,1,1.0,0,0,,1,0,1,0,0,0,0,1,7,-8,8.2,1,2015-16
22015,201171,Carl Landry,1610612755,PHI,Philadelphia 76ers,0021500847,2016-02-24,PHI @ DET,L,10,4,5,0.8,0,1,0.0,2,2,1.0,0,5,5,2,0,0,1,2,10,8,18.0,1,2015-16
22015,202397,Ish Smith,1610612755,PHI,Philadelphia 76ers,0021500847,2016-02-24,PHI @ DET,L,26,2,9,0.222,0,0,,0,2,0.0,2,2,4,3,4,0,1,4,4,-19,24.3,1,2015-16
22015,203138,Hollis Thompson,1610612755,PHI,Philadelphia 76ers,0021500847,2016-02-24,PHI @ DET,L,32,7,11,0.636,3,4,0.75,2,3,0.667,2,2,4,0,1,0,1,4,19,-4,25.8,1,2015-16
22015,201585,Kosta Koufos,1610612758,SAC,Sacramento Kings,0021500854,2016-02-24,SAC vs. SAS,L,8,0,2,0.0,0,0,,0,0,,0,2,2,0,0,0,0,1,0,-9,2.4,1,2015-16
22015,201954,Darren Collison,1610612758,SAC,Sacramento Kings,0021500854,2016-02-24,SAC vs. SAS,L,31,7,8,0.875,0,0,,1,2,0.5,1,2,3,6,1,0,2,1,15,-29,28.6,1,2015-16
22015,203463,Ben McLemore,1610612758,SAC,Sacramento Kings,0021500854,2016-02-24,SAC vs. SAS,L,17,2,9,0.222,1,4,0.25,0,0,,2,2,4,0,0,1,2,0,5,13,10.8,1,2015-16
22015,2561,David West,1610612759,SAS,San Antonio Spurs,0021500854,2016-02-24,SAS @ SAC,W,19,5,8,0.625,0,0,,0,0,,0,8,8,1,2,0,3,1,10,19,24.1,1,2015-16
22015,201988,Patty Mills,1610612759,SAS,San Antonio Spurs,0021500854,2016-02-24,SAS @ SAC,W,19,3,6,0.5,1,3,0.333,0,0,,0,0,0,3,1,0,1,0,7,22,13.5,1,2015-16
22015,1626246,Boban Marjanovic,1610612759,SAS,San Antonio Spurs,0021500854,2016-02-24,SAS @ SAC,W,1,0,0,,0,0,,0,0,,0,0,0,0,0,0,0,0,0,1,0.0,1,2015-16
22015,201142,Kevin Durant,1610612760,OKC,Oklahoma City Thunder,0021500852,2016-02-24,OKC @ DAL,W,35,8,17,0.471,2,9,0.222,6,6,1.0,1,7,8,6,2,1,4,1,24,9,47.6,1,2015-16
22015,201586,Serge Ibaka,1610612760,OKC,Oklahoma City Thunder,0021500852,2016-02-24,OKC @ DAL,W,37,6,12,0.5,1,1,1.0,0,0,,1,7,8,1,0,1,0,3,13,9,27.1,1,2015-16
22015,202683,Enes Freedom,1610612760,OKC,Oklahoma City Thunder,0021500852,2016-02-24,OKC @ DAL,W,17,5,9,0.556,0,0,,4,5,0.8,3,6,9,2,2,0,2,2,14,9,31.8,1,2015-16
22015,203500,Steven Adams,1610612760,OKC,Oklahoma City Thunder,0021500852,2016-02-24,OKC @ DAL,W,25,7,9,0.778,0,0,,1,3,0.333,3,4,7,0,0,2,0,5,15,0,29.4,1,2015-16
22015,200768,Kyle Lowry,1610612761,TOR,Toronto Raptors,0021500849,2016-02-24,TOR vs. MIN,W,39,6,14,0.429,3,8,0.375,6,6,1.0,1,2,3,6,1,0,0,3,21,1,36.6,1,2015-16
22015,202709,Cory Joseph,1610612761,TOR,Toronto Raptors,0021500849,2016-02-24,TOR vs. MIN,W,22,6,8,0.75,1,2,0.5,5,8,0.625,0,2,2,6,0,0,3,0,18,21,26.4,1,2015-16
22015,1626153,Delon Wright,1610612761,TOR,Toronto Raptors,0021500849,2016-02-24,TOR vs. MIN,W,0,0,0,,0,0,,0,0,,0,0,0,0,0,0,0,0,0,0,0.0,1,2015-16
22015,202322,John Wall,1610612764,WAS,Washington Wizards,0021500850,2016-02-24,WAS @ CHI,L,32,6,15,0.4,1,4,0.25,3,5,0.6,0,4,4,7,3,0,1,3,16,-11,39.3,1,2015-16
22015,203078,Bradley Beal,1610612764,WAS,Washington Wizards,0021500850,2016-02-24,WAS @ CHI,L,34,7,19,0.368,0,6,0.0,5,6,0.833,0,2,2,2,1,0,3,1,19,7,24.4,1,2015-16
22015,101107,Marvin Williams,1610612766,CHA,Charlotte Hornets,0021500845,2016-02-24,CHA @ CLE,L,25,2,8,0.25,1,5,0.2,4,4,1.0,0,10,10,2,2,0,2,3,9,-5,28.0,1,2015-16
22015,202391,Jeremy Lin,1610612766,CHA,Charlotte Hornets,0021500845,2016-02-24,CHA @ CLE,L,25,4,9,0.444,1,2,0.5,1,3,0.333,1,0,1,4,0,0,2,2,10,-17,15.2,1,2015-16
22015,1626151,Aaron Harrison,1610612766,CHA,Charlotte Hornets,0021500845,2016-02-24,CHA @ CLE,L,4,0,0,,0,0,,0,0,,0,1,1,0,0,0,0,0,0,9,1.2,1,2015-16
22015,201619,Sasha Kaun,1610612739,CLE,Cleveland Cavaliers,0021500845,2016-02-24,CLE vs. CHA,W,0,0,0,,0,0,,0,0,,0,0,0,0,0,0,0,0,0,0,0.0,1,2015-16
22015,2399,Mike Dunleavy,1610612741,CHI,Chicago Bulls,0021500850,2016-02-24,CHI vs. WAS,W,28,6,9,0.667,2,4,0.5,0,0,,1,3,4,1,0,1,0,5,14,8,23.3,1,2015-16
22015,202734,E'Twaun Moore,1610612741,CHI,Chicago Bulls,0021500850,2016-02-24,CHI vs. WAS,W,29,8,16,0.5,1,3,0.333,0,0,,0,3,3,1,2,0,2,2,17,8,26.1,1,2015-16
22015,2585,Zaza Pachulia,1610612742,DAL,Dallas Mavericks,0021500852,2016-02-24,DAL vs. OKC,L,24,3,7,0.429,0,0,,1,2,0.5,5,5,10,2,1,0,2,3,7,-13,23.0,1,2015-16
22015,202083,Wesley Matthews,1610612742,DAL,Dallas Mavericks,0021500852,2016-02-24,DAL vs. OKC,L,34,5,16,0.313,5,11,0.455,0,0,,1,1,2,2,1,0,0,2,15,-7,23.4,1,2015-16
22015,203939,Dwight Powell,1610612742,DAL,Dallas Mavericks,0021500852,2016-02-24,DAL vs. OKC,L,1,0,0,,0,0,,0,0,,0,0,0,0,0,0,0,0,0,2,0.0,1,2015-16
22015,1626147,Justin Anderson,1610612742,DAL,Dallas Mavericks,0021500852,2016-02-24,DAL vs. OKC,L,1,1,2,0.5,0,1,0.0,0,0,,0,1,1,0,0,0,0,0,2,0,3.2,1,2015-16
22015,201589,Darrell Arthur,1610612743,DEN,Denver Nuggets,0021500853,2016-02-24,DEN @ LAC,W,19,0,4,0.0,0,3,0.0,0,0,,0,4,4,1,1,0,1,2,0,-3,8.3,1,2015-16
22015,2037,Jamal Crawford,1610612746,LAC,LA Clippers,0021500853,2016-02-24,LAC vs. DEN,L,28,8,18,0.444,3,7,0.429,1,1,1.0,1,4,5,1,0,0,1,3,20,-1,26.5,1,2015-16
22015,200755,JJ Redick,1610612746,LAC,LA Clippers,0021500853,2016-02-24,LAC vs. DEN,L,32,7,16,0.438,6,12,0.5,0,0,,1,2,3,1,1,0,2,0,20,0,26.1,1,2015-16
22015,202332,Cole Aldrich,1610612746,LAC,LA Clippers,0021500853,2016-02-24,LAC vs. DEN,L,11,1,1,1.0,0,0,,0,0,,1,3,4,0,2,1,1,1,2,0,14.8,1,2015-16
22015,203912,C.J. Wilcox,1610612746,LAC,LA Clippers,0021500853,2016-02-24,LAC vs. DEN,L,2,0,0,,0,0,,0,0,,0,0,0,0,0,0,0,0,0,3,0.0,1,2015-16
22015,201156,Nick Young,1610612747,LAL,Los Angeles Lakers,0021500851,2016-02-24,LAL @ MEM,L,19,2,7,0.286,2,5,0.4,2,3,0.667,0,0,0,0,0,0,0,2,8,-2,8.0,1,2015-16
22015,201579,Roy Hibbert,1610612747,LAL,Los Angeles Lakers,0021500851,2016-02-24,LAL @ MEM,L,16,0,1,0.0,0,0,,1,2,0.5,1,3,4,0,2,2,1,4,1,-16,16.8,1,2015-16
22015,2405,Amar'e Stoudemire,1610612748,MIA,Miami Heat,0021500848,2016-02-24,MIA vs. GSW,L,6,0,2,0.0,0,0,,0,0,,0,2,2,0,0,0,0,1,0,2,2.4,1,2015-16
22015,1626159,Justise Winslow,1610612748,MIA,Miami Heat,0021500848,2016-02-24,MIA vs. GSW,L,33,4,7,0.571,0,0,,0,0,,4,6,10,2,3,2,2,2,8,-6,36.0,1,2015-16
22015,201167,Arron Afflalo,1610612752,NYK,New York Knicks,0021500846,2016-02-24,NYK @ IND,L,24,1,6,0.167,0,2,0.0,2,2,1.0,0,5,5,3,0,0,2,1,4,-10,12.5,1,2015-16
22015,1626202,Joe Young,1610612754,IND,Indiana Pacers,0021500846,2016-02-24,IND vs. NYK,W,15,3,8,0.375,0,1,0.0,2,2,1.0,0,2,2,3,0,0,0,3,8,-3,14.9,1,2015-16
22015,203457,Nerlens Noel,1610612755,PHI,Philadelphia 76ers,0021500847,2016-02-24,PHI @ DET,L,20,1,6,0.167,0,0,,1,1,1.0,2,2,4,0,2,3,1,1,3,-17,21.8,1,2015-16
22015,1626143,Jahlil Okafor,1610612755,PHI,Philadelphia 76ers,0021500847,2016-02-24,PHI @ DET,L,24,6,10,0.6,1,1,1.0,0,0,,0,2,2,1,0,0,0,2,13,-26,16.9,1,2015-16
22015,201158,Marco Belinelli,1610612758,SAC,Sacramento Kings,0021500854,2016-02-24,SAC vs. SAS,L,15,0,5,0.0,0,1,0.0,0,0,,0,0,0,0,0,0,1,0,0,-21,-1.0,1,2015-16
22015,201956,Omri Casspi,1610612758,SAC,Sacramento Kings,0021500854,2016-02-24,SAC vs. SAS,L,8,1,6,0.167,1,2,0.5,0,0,,2,2,4,0,0,0,2,0,3,-7,5.8,1,2015-16
22015,202341,James Anderson,1610612758,SAC,Sacramento Kings,0021500854,2016-02-24,SAC vs. SAS,L,1,0,0,,0,0,,0,0,,0,0,0,0,1,0,0,0,0,-1,3.0,1,2015-16
22015,2225,Tony Parker,1610612759,SAS,San Antonio Spurs,0021500854,2016-02-24,SAS @ SAC,W,31,11,17,0.647,1,3,0.333,0,0,,0,3,3,6,0,0,4,0,23,-3,31.6,1,2015-16
22015,201980,Danny Green,1610612759,SAS,San Antonio Spurs,0021500854,2016-02-24,SAS @ SAC,W,29,6,9,0.667,4,7,0.571,0,0,,0,7,7,1,3,1,0,2,16,1,37.9,1,2015-16
22015,203460,Andre Roberson,1610612760,OKC,Oklahoma City Thunder,0021500852,2016-02-24,OKC @ DAL,W,21,1,5,0.2,1,5,0.2,1,2,0.5,1,2,3,0,0,1,1,4,4,-5,9.6,1,2015-16
22015,1713,Vince Carter,1610612763,MEM,Memphis Grizzlies,0021500851,2016-02-24,MEM vs. LAL,W,21,3,6,0.5,1,2,0.5,2,2,1.0,0,1,1,2,1,1,0,2,9,7,19.2,1,2015-16
22015,2440,Matt Barnes,1610612763,MEM,Memphis Grizzlies,0021500851,2016-02-24,MEM vs. LAL,W,37,9,14,0.643,5,9,0.556,2,3,0.667,1,7,8,2,1,1,2,3,25,7,41.6,1,2015-16
22015,201144,Mike Conley,1610612763,MEM,Memphis Grizzlies,0021500851,2016-02-24,MEM vs. LAL,W,29,10,14,0.714,2,4,0.5,2,2,1.0,1,5,6,8,1,0,2,1,24,14,44.2,1,2015-16
22015,1626185,Jarell Martin,1610612763,MEM,Memphis Grizzlies,0021500851,2016-02-24,MEM vs. LAL,W,3,0,0,,0,0,,0,0,,0,0,0,0,0,0,0,0,0,-8,0.0,1,2015-16
22015,2403,Nene,1610612764,WAS,Washington Wizards,0021500850,2016-02-24,WAS @ CHI,L,21,2,5,0.4,0,0,,2,2,1.0,2,3,5,2,3,2,0,2,6,7,30.0,1,2015-16
22015,201196,Ramon Sessions,1610612764,WAS,Washington Wizards,0021500850,2016-02-24,WAS @ CHI,L,19,6,11,0.545,1,2,0.5,3,4,0.75,0,2,2,3,0,0,0,1,16,5,22.9,1,2015-16
22015,202694,Marcus Morris Sr.,1610612765,DET,Detroit Pistons,0021500847,2016-02-24,DET vs. PHI,W,32,4,14,0.286,2,6,0.333,3,4,0.75,0,4,4,8,3,0,1,1,13,26,37.8,1,2015-16
22015,201587,Nicolas Batum,1610612766,CHA,Charlotte Hornets,0021500845,2016-02-24,CHA @ CLE,L,33,4,9,0.444,1,4,0.25,0,0,,0,5,5,6,1,1,3,2,9,-4,27.0,1,2015-16
22015,2544,LeBron James,1610612739,CLE,Cleveland Cavaliers,0021500845,2016-02-24,CLE vs. CHA,W,30,8,13,0.615,2,4,0.5,5,8,0.625,1,6,7,7,2,0,2,1,23,4,45.9,1,2015-16
22015,2592,James Jones,1610612739,CLE,Cleveland Cavaliers,0021500845,2016-02-24,CLE vs. CHA,W,2,0,1,0.0,0,1,0.0,0,0,,0,0,0,0,0,0,0,0,0,-5,0.0,1,2015-16
22015,202681,Kyrie Irving,1610612739,CLE,Cleveland Cavaliers,0021500845,2016-02-24,CLE vs. CHA,W,32,10,17,0.588,1,4,0.25,2,4,0.5,3,3,6,5,1,1,1,2,23,15,42.7,1,2015-16
22015,202684,Tristan Thompson,1610612739,CLE,Cleveland Cavaliers,0021500845,2016-02-24,CLE vs. CHA,W,23,3,6,0.5,0,0,,0,0,,4,6,10,2,0,0,1,2,6,-3,20.0,1,2015-16
22015,203200,Justin Holiday,1610612741,CHI,Chicago Bulls,0021500850,2016-02-24,CHI vs. WAS,W,7,1,2,0.5,1,2,0.5,0,0,,0,1,1,1,0,0,1,1,3,-5,4.7,1,2015-16
22015,203926,Doug McDermott,1610612741,CHI,Chicago Bulls,0021500850,2016-02-24,CHI vs. WAS,W,29,6,11,0.545,0,2,0.0,2,2,1.0,0,5,5,2,0,0,1,3,14,0,22.0,1,2015-16
22015,1717,Dirk Nowitzki,1610612742,DAL,Dallas Mavericks,0021500852,2016-02-24,DAL vs. OKC,L,34,10,16,0.625,2,4,0.5,11,12,0.917,1,5,6,0,2,0,2,4,33,-1,44.2,1,2015-16
22015,101114,Deron Williams,1610612742,DAL,Dallas Mavericks,0021500852,2016-02-24,DAL vs. OKC,L,35,5,11,0.455,2,6,0.333,2,2,1.0,0,3,3,6,0,0,2,1,14,-7,24.6,1,2015-16
22015,1626144,Emmanuel Mudiay,1610612743,DEN,Denver Nuggets,0021500853,2016-02-24,DEN @ LAC,W,30,1,12,0.083,0,2,0.0,2,2,1.0,1,4,5,6,1,0,0,2,4,8,22.0,1,2015-16
22015,201939,Stephen Curry,1610612744,GSW,Golden State Warriors,0021500848,2016-02-24,GSW @ MIA,W,36,14,29,0.483,6,12,0.5,8,8,1.0,3,4,7,7,1,1,7,0,42,7,59.9,1,2015-16
22015,101108,Chris Paul,1610612746,LAC,LA Clippers,0021500853,2016-02-24,LAC vs. DEN,L,35,6,14,0.429,3,8,0.375,2,2,1.0,1,5,6,10,4,0,2,3,17,-4,49.2,1,2015-16
22015,203903,Jordan Clarkson,1610612747,LAL,Los Angeles Lakers,0021500851,2016-02-24,LAL @ MEM,L,41,10,18,0.556,6,11,0.545,2,3,0.667,1,5,6,3,0,0,2,3,28,-17,37.7,1,2015-16
22015,204028,Tarik Black,1610612747,LAL,Los Angeles Lakers,0021500851,2016-02-24,LAL @ MEM,L,10,0,1,0.0,0,0,,0,0,,3,1,4,1,0,0,0,3,0,-5,6.3,1,2015-16
22015,1626204,Larry Nance Jr.,1610612747,LAL,Los Angeles Lakers,0021500851,2016-02-24,LAL @ MEM,L,15,1,1,1.0,0,0,,1,2,0.5,2,1,3,1,1,0,0,1,3,11,11.1,1,2015-16
22015,2736,Luol Deng,1610612748,MIA,Miami Heat,0021500848,2016-02-24,MIA vs. GSW,L,36,5,15,0.333,1,4,0.25,5,8,0.625,3,8,11,3,1,1,0,0,16,-7,39.7,1,2015-16
22015,2419,Tayshaun Prince,1610612750,MIN,Minnesota Timberwolves,0021500849,2016-02-24,MIN @ TOR,L,17,2,2,1.0,1,1,1.0,0,0,,1,4,5,0,0,0,0,1,5,3,11.0,1,2015-16
22015,201937,Ricky Rubio,1610612750,MIN,Minnesota Timberwolves,0021500849,2016-02-24,MIN @ TOR,L,36,2,3,0.667,2,2,1.0,6,6,1.0,0,3,3,13,2,0,3,2,12,-7,38.1,1,2015-16
22015,203476,Gorgui Dieng,1610612750,MIN,Minnesota Timberwolves,0021500849,2016-02-24,MIN @ TOR,L,41,8,9,0.889,0,0,,5,6,0.833,3,5,8,3,1,2,3,4,21,9,41.1,1,2015-16
22015,203498,Shabazz Muhammad,1610612750,MIN,Minnesota Timberwolves,0021500849,2016-02-24,MIN @ TOR,L,21,5,11,0.455,0,1,0.0,0,0,,3,3,6,0,0,0,0,1,10,-15,17.2,1,2015-16
22015,2756,Sasha Vujacic,1610612752,NYK,New York Knicks,0021500846,2016-02-24,NYK @ IND,L,11,0,1,0.0,0,0,,0,0,,1,0,1,2,0,0,1,0,0,7,3.2,1,2015-16
22015,203477,Isaiah Canaan,1610612755,PHI,Philadelphia 76ers,0021500847,2016-02-24,PHI @ DET,L,18,2,8,0.25,0,3,0.0,2,4,0.5,0,2,2,0,1,0,0,1,6,-11,11.4,1,2015-16
22015,203496,Robert Covington,1610612755,PHI,Philadelphia 76ers,0021500847,2016-02-24,PHI @ DET,L,21,2,9,0.222,2,9,0.222,2,2,1.0,0,3,3,0,0,0,3,1,8,-16,8.6,1,2015-16
22015,1626158,Richaun Holmes,1610612755,PHI,Philadelphia 76ers,0021500847,2016-02-24,PHI @ DET,L,18,2,5,0.4,0,1,0.0,0,0,,2,5,7,2,0,1,1,2,4,10,17.4,1,2015-16
22015,203112,Quincy Acy,1610612758,SAC,Sacramento Kings,0021500854,2016-02-24,SAC vs. SAS,L,23,6,9,0.667,1,1,1.0,2,2,1.0,0,2,2,0,2,0,1,4,15,13,22.4,1,2015-16
22015,1495,Tim Duncan,1610612759,SAS,San Antonio Spurs,0021500854,2016-02-24,SAS @ SAC,W,12,0,2,0.0,0,0,,0,0,,0,2,2,0,0,0,0,2,0,-8,2.4,1,2015-16
22015,200746,LaMarcus Aldridge,1610612759,SAS,San Antonio Spurs,0021500854,2016-02-24,SAS @ SAC,W,32,2,11,0.182,0,0,,3,6,0.5,5,4,9,2,0,5,2,5,7,-7,33.8,1,2015-16
22015,201566,Russell Westbrook,1610612760,OKC,Oklahoma City Thunder,0021500852,2016-02-24,OKC @ DAL,W,36,8,17,0.471,2,5,0.4,6,6,1.0,2,5,7,13,0,0,2,4,24,9,49.9,1,2015-16
22015,202713,Kyle Singler,1610612760,OKC,Oklahoma City Thunder,0021500852,2016-02-24,OKC @ DAL,W,5,0,3,0.0,0,2,0.0,0,0,,3,1,4,0,0,0,0,1,0,4,4.8,1,2015-16
22015,203079,Dion Waiters,1610612760,OKC,Oklahoma City Thunder,0021500852,2016-02-24,OKC @ DAL,W,27,5,8,0.625,4,6,0.667,0,0,,0,2,2,3,1,0,2,3,14,16,21.9,1,2015-16
22015,1626166,Cameron Payne,1610612760,OKC,Oklahoma City Thunder,0021500852,2016-02-24,OKC @ DAL,W,5,0,0,,0,0,,0,0,,0,0,0,1,0,0,1,1,0,-5,0.5,1,2015-16
22015,201942,DeMar DeRozan,1610612761,TOR,Toronto Raptors,0021500849,2016-02-24,TOR vs. MIN,W,38,11,19,0.579,2,2,1.0,7,8,0.875,3,1,4,4,2,0,2,1,31,5,45.8,1,2015-16
22015,203798,PJ Hairston,1610612763,MEM,Memphis Grizzlies,0021500851,2016-02-24,MEM vs. LAL,W,23,5,9,0.556,4,7,0.571,3,4,0.75,0,2,2,2,1,0,0,1,17,18,25.4,1,2015-16
22015,101162,Marcin Gortat,1610612764,WAS,Washington Wizards,0021500850,2016-02-24,WAS @ CHI,L,27,4,7,0.571,0,0,,0,0,,4,4,8,0,0,1,0,3,8,-12,20.6,1,2015-16
22015,101187,Alan Anderson,1610612764,WAS,Washington Wizards,0021500850,2016-02-24,WAS @ CHI,L,16,3,4,0.75,2,3,0.667,1,1,1.0,0,3,3,1,0,0,1,2,9,11,13.1,1,2015-16
22015,201162,Jared Dudley,1610612764,WAS,Washington Wizards,0021500850,2016-02-24,WAS @ CHI,L,20,2,7,0.286,1,5,0.2,0,0,,0,4,4,2,2,0,3,4,5,-11,15.8,1,2015-16
22015,2581,Steve Blake,1610612765,DET,Detroit Pistons,0021500847,2016-02-24,DET vs. PHI,W,22,1,3,0.333,1,3,0.333,1,2,0.5,0,2,2,5,0,0,3,4,4,3,10.9,1,2015-16
22015,201202,Joel Anthony,1610612765,DET,Detroit Pistons,0021500847,2016-02-24,DET vs. PHI,W,4,0,1,0.0,0,0,,0,0,,0,1,1,0,0,0,0,1,0,-5,1.2,1,2015-16
22015,203083,Andre Drummond,1610612765,DET,Detroit Pistons,0021500847,2016-02-24,DET vs. PHI,W,27,4,7,0.571,0,0,,4,8,0.5,4,14,18,0,0,1,2,3,12,16,34.6,1,2015-16
22015,203484,Kentavious Caldwell-Pope,1610612765,DET,Detroit Pistons,0021500847,2016-02-24,DET vs. PHI,W,30,4,7,0.571,2,3,0.667,1,2,0.5,0,1,1,0,0,0,1,3,11,21,11.2,1,2015-16
22015,203493,Reggie Bullock Jr.,1610612765,DET,Detroit Pistons,0021500847,2016-02-24,DET vs. PHI,W,26,6,9,0.667,3,5,0.6,1,1,1.0,0,1,1,0,1,0,2,4,16,1,18.2,1,2015-16
22015,1626199,Darrun Hilliard,1610612765,DET,Detroit Pistons,0021500847,2016-02-24,DET vs. PHI,W,18,2,10,0.2,1,4,0.25,1,2,0.5,1,4,5,1,1,0,0,1,6,-1,16.5,1,2015-16
22015,201584,Courtney Lee,1610612766,CHA,Charlotte Hornets,0021500845,2016-02-24,CHA @ CLE,L,30,4,7,0.571,0,3,0.0,0,0,,1,4,5,2,1,1,0,2,8,-21,23.0,1,2015-16
22015,201946,Tyler Hansbrough,1610612766,CHA,Charlotte Hornets,0021500845,2016-02-24,CHA @ CLE,L,4,0,0,,0,0,,2,4,0.5,0,2,2,0,0,0,0,1,2,9,4.4,1,2015-16
22015,203087,Jeremy Lamb,1610612766,CHA,Charlotte Hornets,0021500845,2016-02-24,CHA @ CLE,L,9,0,3,0.0,0,2,0.0,1,2,0.5,1,0,1,0,1,0,1,1,1,-16,4.2,1,2015-16
22015,2590,Mo Williams,1610612739,CLE,Cleveland Cavaliers,0021500845,2016-02-24,CLE vs. CHA,W,4,0,2,0.0,0,2,0.0,0,0,,1,0,1,0,0,0,0,1,0,-9,1.2,1,2015-16
22015,101112,Channing Frye,1610612739,CLE,Cleveland Cavaliers,0021500845,2016-02-24,CLE vs. CHA,W,18,5,9,0.556,4,8,0.5,1,2,0.5,0,6,6,1,1,0,0,2,15,2,26.7,1,2015-16
22015,201567,Kevin Love,1610612739,CLE,Cleveland Cavaliers,0021500845,2016-02-24,CLE vs. CHA,W,26,4,11,0.364,0,3,0.0,0,0,,0,2,2,2,2,0,2,3,8,12,17.4,1,2015-16
22015,202389,Timofey Mozgov,1610612739,CLE,Cleveland Cavaliers,0021500845,2016-02-24,CLE vs. CHA,W,25,3,8,0.375,0,0,,0,0,,3,6,9,0,1,0,1,6,6,14,18.8,1,2015-16
22015,201166,Aaron Brooks,1610612741,CHI,Chicago Bulls,0021500850,2016-02-24,CHI vs. WAS,W,20,5,15,0.333,0,5,0.0,1,2,0.5,0,0,0,2,0,0,1,2,11,-7,13.0,1,2015-16
22015,201959,Taj Gibson,1610612741,CHI,Chicago Bulls,0021500850,2016-02-24,CHI vs. WAS,W,30,6,10,0.6,0,0,,5,6,0.833,3,4,7,7,2,0,1,1,17,22,40.9,1,2015-16
22015,101109,Raymond Felton,1610612742,DAL,Dallas Mavericks,0021500852,2016-02-24,DAL vs. OKC,L,33,2,8,0.25,0,2,0.0,6,7,0.857,2,4,6,9,1,0,1,1,10,-16,32.7,1,2015-16
22015,101111,Charlie Villanueva,1610612742,DAL,Dallas Mavericks,0021500852,2016-02-24,DAL vs. OKC,L,1,0,0,,0,0,,0,0,,0,1,1,0,0,0,0,0,0,0,1.2,1,2015-16
22015,201568,Danilo Gallinari,1610612743,DEN,Denver Nuggets,0021500853,2016-02-24,DEN @ LAC,W,36,6,15,0.4,1,4,0.25,3,6,0.5,1,7,8,2,1,0,2,1,16,12,29.6,1,2015-16
22015,201571,D.J. Augustin,1610612743,DEN,Denver Nuggets,0021500853,2016-02-24,DEN @ LAC,W,18,1,6,0.167,1,5,0.2,0,0,,0,0,0,2,0,0,3,0,3,-2,3.0,1,2015-16
22015,203914,Gary Harris,1610612743,DEN,Denver Nuggets,0021500853,2016-02-24,DEN @ LAC,W,29,7,14,0.5,3,4,0.75,0,0,,2,3,5,1,3,0,2,1,17,9,31.5,1,2015-16
22015,2733,Shaun Livingston,1610612744,GSW,Golden State Warriors,0021500848,2016-02-24,GSW @ MIA,W,17,2,7,0.286,0,0,,0,0,,0,1,1,4,0,0,1,3,4,9,10.2,1,2015-16
22015,2738,Andre Iguodala,1610612744,GSW,Golden State Warriors,0021500848,2016-02-24,GSW @ MIA,W,28,3,5,0.6,1,2,0.5,0,0,,0,0,0,3,0,0,0,2,7,-9,11.5,1,2015-16
22015,101106,Andrew Bogut,1610612744,GSW,Golden State Warriors,0021500848,2016-02-24,GSW @ MIA,W,30,1,3,0.333,0,0,,0,0,,1,8,9,3,0,0,0,6,2,-7,17.3,1,2015-16
22015,201145,Jeff Green,1610612746,LAC,LA Clippers,0021500853,2016-02-24,LAC vs. DEN,L,26,3,10,0.3,0,3,0.0,0,2,0.0,2,3,5,1,0,3,2,2,6,-1,20.5,1,2015-16
22015,201609,Goran Dragic,1610612748,MIA,Miami Heat,0021500848,2016-02-24,MIA vs. GSW,L,34,5,17,0.294,1,5,0.2,2,2,1.0,0,2,2,7,1,0,2,5,13,-3,26.9,1,2015-16
22015,202355,Hassan Whiteside,1610612748,MIA,Miami Heat,0021500848,2016-02-24,MIA vs. GSW,L,32,8,11,0.727,0,0,,5,5,1.0,2,11,13,0,1,2,2,3,21,2,43.6,1,2015-16
22015,203940,Adreian Payne,1610612750,MIN,Minnesota Timberwolves,0021500849,2016-02-24,MIN @ TOR,L,7,1,3,0.333,0,0,,0,0,,1,1,2,0,1,0,1,0,2,-10,6.4,1,2015-16
22015,203952,Andrew Wiggins,1610612750,MIN,Minnesota Timberwolves,0021500849,2016-02-24,MIN @ TOR,L,32,9,19,0.474,2,2,1.0,6,9,0.667,2,2,4,3,1,0,6,2,26,8,32.3,1,2015-16
22015,1626157,Karl-Anthony Towns,1610612750,MIN,Minnesota Timberwolves,0021500849,2016-02-24,MIN @ TOR,L,37,5,13,0.385,0,1,0.0,6,8,0.75,0,6,6,0,1,0,1,5,16,-12,25.2,1,2015-16
22015,202498,Lance Thomas,1610612752,NYK,New York Knicks,0021500846,2016-02-24,NYK @ IND,L,32,2,4,0.5,1,2,0.5,0,0,,0,0,0,4,0,0,3,3,5,13,8.0,1,2015-16
22015,203124,Kyle O'Quinn,1610612752,NYK,New York Knicks,0021500846,2016-02-24,NYK @ IND,L,16,7,10,0.7,2,2,1.0,3,3,1.0,3,3,6,0,0,1,0,0,19,10,29.2,1,2015-16
22015,202730,Lavoy Allen,1610612754,IND,Indiana Pacers,0021500846,2016-02-24,IND vs. NYK,W,18,3,6,0.5,0,0,,0,0,,3,3,6,3,0,1,0,1,6,-9,20.7,1,2015-16
22015,203088,Kendall Marshall,1610612755,PHI,Philadelphia 76ers,0021500847,2016-02-24,PHI @ DET,L,22,4,8,0.5,1,3,0.333,3,4,0.75,0,1,1,4,0,0,2,2,12,-1,17.2,1,2015-16
22015,203924,Jerami Grant,1610612755,PHI,Philadelphia 76ers,0021500847,2016-02-24,PHI @ DET,L,24,2,5,0.4,0,0,,5,6,0.833,2,2,4,2,0,0,2,3,9,-16,14.8,1,2015-16
22015,200752,Rudy Gay,1610612758,SAC,Sacramento Kings,0021500854,2016-02-24,SAC vs. SAS,L,37,5,12,0.417,0,1,0.0,1,2,0.5,0,5,5,1,3,0,2,1,11,-3,25.5,1,2015-16
22015,203552,Seth Curry,1610612758,SAC,Sacramento Kings,0021500854,2016-02-24,SAC vs. SAS,L,6,1,2,0.5,0,1,0.0,0,0,,0,0,0,0,0,0,0,1,2,-4,2.0,1,2015-16
22015,2564,Boris Diaw,1610612759,SAS,San Antonio Spurs,0021500854,2016-02-24,SAS @ SAC,W,23,3,4,0.75,0,0,,2,2,1.0,0,3,3,7,0,1,2,1,8,25,23.1,1,2015-16
22015,203492,Ray McCallum,1610612759,SAS,San Antonio Spurs,0021500854,2016-02-24,SAS @ SAC,W,1,0,0,,0,0,,0,0,,0,0,0,0,0,0,0,0,0,1,0.0,1,2015-16
22015,203613,Jonathon Simmons,1610612759,SAS,San Antonio Spurs,0021500854,2016-02-24,SAS @ SAC,W,14,2,4,0.5,0,0,,1,1,1.0,0,2,2,2,1,0,0,1,5,8,13.4,1,2015-16
22015,203956,Mitch McGary,1610612760,OKC,Oklahoma City Thunder,0021500852,2016-02-24,OKC @ DAL,W,1,0,0,,0,0,,0,0,,0,1,1,0,0,0,0,0,0,0,1.2,1,2015-16
22015,201949,James Johnson,1610612761,TOR,Toronto Raptors,0021500849,2016-02-24,TOR vs. MIN,W,19,1,4,0.25,0,2,0.0,0,0,,0,0,0,2,0,1,1,2,2,-18,7.0,1,2015-16
22015,203082,Terrence Ross,1610612761,TOR,Toronto Raptors,0021500849,2016-02-24,TOR vs. MIN,W,19,3,8,0.375,3,7,0.429,0,0,,0,3,3,0,1,1,1,2,9,15,17.6,1,2015-16
22015,201596,Mario Chalmers,1610612763,MEM,Memphis Grizzlies,0021500851,2016-02-24,MEM vs. LAL,W,18,1,3,0.333,0,1,0.0,2,2,1.0,0,1,1,6,0,0,1,2,4,-7,13.2,1,2015-16
22015,203516,James Ennis III,1610612763,MEM,Memphis Grizzlies,0021500851,2016-02-24,MEM vs. LAL,W,1,0,1,0.0,0,1,0.0,0,0,,0,0,0,0,0,0,0,0,0,-5,0.0,1,2015-16
22015,202066,Garrett Temple,1610612764,WAS,Washington Wizards,0021500850,2016-02-24,WAS @ CHI,L,26,6,12,0.5,4,8,0.5,2,4,0.5,1,1,2,1,1,0,2,3,18,-9,22.9,1,2015-16
22015,202693,Markieff Morris,1610612764,WAS,Washington Wizards,0021500850,2016-02-24,WAS @ CHI,L,28,1,7,0.143,0,0,,3,4,0.75,1,9,10,1,1,1,1,2,5,6,23.5,1,2015-16
22015,203490,Otto Porter Jr.,1610612764,WAS,Washington Wizards,0021500850,2016-02-24,WAS @ CHI,L,17,1,3,0.333,0,0,,0,0,,1,1,2,0,0,0,0,1,2,-18,4.4,1,2015-16
22015,2744,Al Jefferson,1610612766,CHA,Charlotte Hornets,0021500845,2016-02-24,CHA @ CLE,L,21,5,9,0.556,0,0,,2,3,0.667,2,4,6,0,0,0,1,3,12,-25,18.2,1,2015-16
22015,202689,Kemba Walker,1610612766,CHA,Charlotte Hornets,0021500845,2016-02-24,CHA @ CLE,L,36,7,13,0.538,3,6,0.5,3,3,1.0,0,2,2,6,1,0,3,2,20,-2,31.4,1,2015-16
22015,203469,Cody Zeller,1610612766,CHA,Charlotte Hornets,0021500845,2016-02-24,CHA @ CLE,L,23,3,6,0.5,0,0,,1,2,0.5,3,3,6,0,0,0,1,3,7,5,13.2,1,2015-16
22015,203584,Troy Daniels,1610612766,CHA,Charlotte Hornets,0021500845,2016-02-24,CHA @ CLE,L,4,2,2,1.0,1,1,1.0,0,0,,0,0,0,0,0,0,0,0,5,9,5.0,1,2015-16
22015,2747,JR Smith,1610612739,CLE,Cleveland Cavaliers,0021500845,2016-02-24,CLE vs. CHA,W,34,6,11,0.545,2,3,0.667,2,2,1.0,0,5,5,2,3,0,0,1,16,12,34.0,1,2015-16
22015,2200,Pau Gasol,1610612741,CHI,Chicago Bulls,0021500850,2016-02-24,CHI vs. WAS,W,32,3,5,0.6,0,1,0.0,4,4,1.0,1,14,15,9,1,0,3,2,10,15,41.5,1,2015-16
22015,2734,Devin Harris,1610612742,DAL,Dallas Mavericks,0021500852,2016-02-24,DAL vs. OKC,L,14,2,5,0.4,0,1,0.0,2,4,0.5,0,0,0,0,3,0,1,2,6,-9,14.0,1,2015-16
22015,101135,David Lee,1610612742,DAL,Dallas Mavericks,0021500852,2016-02-24,DAL vs. OKC,L,15,2,3,0.667,0,0,,0,1,0.0,1,3,4,2,1,0,1,3,4,4,13.8,1,2015-16
22015,200826,J.J. Barea,1610612742,DAL,Dallas Mavericks,0021500852,2016-02-24,DAL vs. OKC,L,12,1,5,0.2,0,1,0.0,2,2,1.0,0,0,0,2,0,0,1,0,4,-4,6.0,1,2015-16
22015,202702,Kenneth Faried,1610612743,DEN,Denver Nuggets,0021500853,2016-02-24,DEN @ LAC,W,23,10,15,0.667,0,0,,1,1,1.0,6,5,11,1,1,0,0,2,21,7,38.7,1,2015-16
22015,203115,Will Barton,1610612743,DEN,Denver Nuggets,0021500853,2016-02-24,DEN @ LAC,W,26,1,6,0.167,0,1,0.0,2,2,1.0,0,6,6,2,2,1,5,2,4,-1,18.2,1,2015-16
22015,203530,Joffrey Lauvergne,1610612743,DEN,Denver Nuggets,0021500853,2016-02-24,DEN @ LAC,W,22,4,6,0.667,0,1,0.0,4,4,1.0,0,6,6,0,0,0,0,0,12,-2,19.2,1,2015-16
22015,203960,JaKarr Sampson,1610612743,DEN,Denver Nuggets,0021500853,2016-02-24,DEN @ LAC,W,12,1,3,0.333,0,0,,1,2,0.5,0,1,1,0,1,0,0,2,3,-6,7.2,1,2015-16
22015,203999,Nikola Jokić,1610612743,DEN,Denver Nuggets,0021500853,2016-02-24,DEN @ LAC,W,26,3,9,0.333,1,4,0.25,0,0,,4,7,11,3,1,1,3,2,7,8,27.7,1,2015-16
22015,201575,Brandon Rush,1610612744,GSW,Golden State Warriors,0021500848,2016-02-24,GSW @ MIA,W,8,0,1,0.0,0,1,0.0,2,2,1.0,0,3,3,1,0,0,0,0,2,8,7.1,1,2015-16
22015,1718,Paul Pierce,1610612746,LAC,LA Clippers,0021500853,2016-02-24,LAC vs. DEN,L,17,1,4,0.25,0,3,0.0,2,2,1.0,0,1,1,2,1,1,1,1,4,-7,13.2,1,2015-16
22015,201601,Luc Mbah a Moute,1610612746,LAC,LA Clippers,0021500853,2016-02-24,LAC vs. DEN,L,20,0,2,0.0,0,2,0.0,0,0,,0,2,2,0,1,0,1,1,0,1,4.4,1,2015-16
22015,202325,Wesley Johnson,1610612746,LAC,LA Clippers,0021500853,2016-02-24,LAC vs. DEN,L,23,2,11,0.182,1,7,0.143,0,0,,0,7,7,0,2,0,2,2,5,-10,17.4,1,2015-16
22015,203143,Pablo Prigioni,1610612746,LAC,LA Clippers,0021500853,2016-02-24,LAC vs. DEN,L,10,0,4,0.0,0,4,0.0,0,0,,0,2,2,3,1,0,1,5,0,-5,8.9,1,2015-16
22015,101138,Brandon Bass,1610612747,LAL,Los Angeles Lakers,0021500851,2016-02-24,LAL @ MEM,L,22,3,5,0.6,0,0,,5,5,1.0,3,3,6,0,1,1,0,3,11,12,24.2,1,2015-16
22015,101150,Lou Williams,1610612747,LAL,Los Angeles Lakers,0021500851,2016-02-24,LAL @ MEM,L,23,6,13,0.462,4,7,0.571,6,6,1.0,1,2,3,1,0,0,0,1,22,10,27.1,1,2015-16
22015,203944,Julius Randle,1610612747,LAL,Los Angeles Lakers,0021500851,2016-02-24,LAL @ MEM,L,33,4,9,0.444,0,0,,3,6,0.5,4,10,14,0,0,0,2,2,11,-20,25.8,1,2015-16
22015,1626196,Josh Richardson,1610612748,MIA,Miami Heat,0021500848,2016-02-24,MIA vs. GSW,L,29,5,6,0.833,3,3,1.0,2,2,1.0,1,1,2,0,1,1,1,4,15,-3,22.4,1,2015-16
22015,1626145,Tyus Jones,1610612750,MIN,Minnesota Timberwolves,0021500849,2016-02-24,MIN @ TOR,L,12,1,3,0.333,0,0,,2,2,1.0,0,0,0,3,1,0,0,1,4,-2,11.5,1,2015-16
22015,204038,Langston Galloway,1610612752,NYK,New York Knicks,0021500846,2016-02-24,NYK @ IND,L,29,5,9,0.556,3,5,0.6,4,4,1.0,1,5,6,4,0,0,3,5,17,3,27.2,1,2015-16
22015,101145,Monta Ellis,1610612754,IND,Indiana Pacers,0021500846,2016-02-24,IND vs. NYK,W,36,3,6,0.5,2,3,0.667,0,0,,1,7,8,7,2,1,1,2,8,10,36.1,1,2015-16
22015,201588,George Hill,1610612754,IND,Indiana Pacers,0021500846,2016-02-24,IND vs. NYK,W,31,5,8,0.625,0,2,0.0,0,0,,0,3,3,1,2,0,0,0,10,7,21.1,1,2015-16
22015,201941,Jordan Hill,1610612754,IND,Indiana Pacers,0021500846,2016-02-24,IND vs. NYK,W,17,3,8,0.375,0,0,,0,0,,0,1,1,1,0,0,0,2,6,-7,8.7,1,2015-16
22015,1626167,Myles Turner,1610612754,IND,Indiana Pacers,0021500846,2016-02-24,IND vs. NYK,W,30,10,20,0.5,0,1,0.0,4,5,0.8,1,5,6,0,1,0,1,3,24,12,33.2,1,2015-16
22015,200765,Rajon Rondo,1610612758,SAC,Sacramento Kings,0021500854,2016-02-24,SAC vs. SAS,L,38,3,10,0.3,1,4,0.25,0,0,,0,8,8,18,3,0,1,2,7,-2,51.6,1,2015-16
22015,202326,DeMarcus Cousins,1610612758,SAC,Sacramento Kings,0021500854,2016-02-24,SAC vs. SAS,L,39,8,23,0.348,2,4,0.5,4,9,0.444,2,8,10,2,1,0,3,3,22,-6,37.0,1,2015-16
22015,1626161,Willie Cauley-Stein,1610612758,SAC,Sacramento Kings,0021500854,2016-02-24,SAC vs. SAS,L,18,6,10,0.6,0,0,,0,0,,3,3,6,0,2,0,0,1,12,-24,25.2,1,2015-16
22015,202695,Kawhi Leonard,1610612759,SAS,San Antonio Spurs,0021500854,2016-02-24,SAS @ SAC,W,28,5,16,0.313,2,5,0.4,6,6,1.0,1,7,8,1,4,1,1,2,18,4,43.1,1,2015-16
22015,2555,Nick Collison,1610612760,OKC,Oklahoma City Thunder,0021500852,2016-02-24,OKC @ DAL,W,10,1,2,0.5,0,0,,0,0,,0,1,1,0,0,0,1,1,2,4,2.2,1,2015-16
22015,200751,Randy Foye,1610612760,OKC,Oklahoma City Thunder,0021500852,2016-02-24,OKC @ DAL,W,22,2,7,0.286,2,5,0.4,0,0,,0,2,2,2,0,0,0,2,6,15,11.4,1,2015-16
22015,2449,Luis Scola,1610612761,TOR,Toronto Raptors,0021500849,2016-02-24,TOR vs. MIN,W,13,2,5,0.4,0,1,0.0,2,2,1.0,1,1,2,0,1,0,0,2,6,-14,11.4,1,2015-16
22015,202685,Jonas Valančiūnas,1610612761,TOR,Toronto Raptors,0021500849,2016-02-24,TOR vs. MIN,W,19,6,11,0.545,0,0,,2,2,1.0,4,3,7,1,0,0,2,5,14,-14,21.9,1,2015-16
22015,202687,Bismack Biyombo,1610612761,TOR,Toronto Raptors,0021500849,2016-02-24,TOR vs. MIN,W,29,3,7,0.429,0,0,,0,0,,2,9,11,1,1,3,1,3,6,23,31.7,1,2015-16
22015,1626181,Norman Powell,1610612761,TOR,Toronto Raptors,0021500849,2016-02-24,TOR vs. MIN,W,5,0,1,0.0,0,0,,0,0,,0,1,1,1,1,0,0,0,0,3,5.7,1,2015-16
22015,2216,Zach Randolph,1610612763,MEM,Memphis Grizzlies,0021500851,2016-02-24,MEM vs. LAL,W,29,5,12,0.417,0,1,0.0,4,6,0.667,2,7,9,3,1,0,1,3,14,25,31.3,1,2015-16
22015,2365,Chris Andersen,1610612763,MEM,Memphis Grizzlies,0021500851,2016-02-24,MEM vs. LAL,W,8,0,1,0.0,0,1,0.0,0,0,,0,0,0,1,0,0,0,0,0,-7,1.5,1,2015-16
22015,201148,Brandan Wright,1610612763,MEM,Memphis Grizzlies,0021500851,2016-02-24,MEM vs. LAL,W,22,7,10,0.7,0,0,,1,4,0.25,4,2,6,1,0,2,2,3,15,-3,27.7,1,2015-16
22015,203210,JaMychal Green,1610612763,MEM,Memphis Grizzlies,0021500851,2016-02-24,MEM vs. LAL,W,25,5,8,0.625,1,1,1.0,1,2,0.5,1,8,9,0,1,0,0,2,12,15,25.8,1,2015-16
22015,202699,Tobias Harris,1610612765,DET,Detroit Pistons,0021500847,2016-02-24,DET vs. PHI,W,30,9,12,0.75,1,2,0.5,3,4,0.75,1,7,8,2,0,0,1,1,22,18,33.6,1,2015-16
22015,203382,Aron Baynes,1610612765,DET,Detroit Pistons,0021500847,2016-02-24,DET vs. PHI,W,20,4,8,0.5,0,0,,1,3,0.333,4,3,7,1,2,0,0,0,9,11,24.9,1,2015-16
22015,1626245,Cristiano Felicio,1610612741,CHI,Chicago Bulls,0021500850,2016-02-24,CHI vs. WAS,W,12,1,1,1.0,0,0,,0,0,,1,3,4,0,1,1,0,1,2,-17,12.8,1,2015-16
22015,2571,Leandro Barbosa,1610612744,GSW,Golden State Warriors,0021500848,2016-02-24,GSW @ MIA,W,14,3,5,0.6,0,0,,0,0,,0,1,1,0,1,0,0,2,6,-3,10.2,1,2015-16
22015,977,Kobe Bryant,1610612747,LAL,Los Angeles Lakers,0021500851,2016-02-24,LAL @ MEM,L,29,5,14,0.357,2,7,0.286,1,2,0.5,0,1,1,2,1,0,1,2,13,-7,19.2,1,2015-16
22015,203897,Zach LaVine,1610612750,MIN,Minnesota Timberwolves,0021500849,2016-02-24,MIN @ TOR,L,33,3,10,0.3,1,3,0.333,0,2,0.0,1,1,2,3,1,2,1,5,7,-19,21.9,1,2015-16
22015,203917,Nik Stauskas,1610612755,PHI,Philadelphia 76ers,0021500847,2016-02-24,PHI @ DET,L,25,1,7,0.143,0,1,0.0,1,2,0.5,0,4,4,4,0,0,2,2,3,-8,11.8,1,2015-16
22015,2446,Rasual Butler,1610612759,SAS,San Antonio Spurs,0021500854,2016-02-24,SAS @ SAC,W,1,0,0,,0,0,,0,0,,0,0,0,0,0,0,0,0,0,1,0.0,1,2015-16
22015,203937,Kyle Anderson,1610612759,SAS,San Antonio Spurs,0021500854,2016-02-24,SAS @ SAC,W,29,7,8,0.875,0,1,0.0,0,0,,0,8,8,3,2,0,3,2,14,16,31.1,1,2015-16
22015,202335,Patrick Patterson,1610612761,TOR,Toronto Raptors,0021500849,2016-02-24,TOR vs. MIN,W,35,3,8,0.375,1,4,0.25,0,0,,2,4,6,0,0,2,2,4,7,23,18.2,1,2015-16
22015,202362,Lance Stephenson,1610612763,MEM,Memphis Grizzlies,0021500851,2016-02-24,MEM vs. LAL,W,23,3,7,0.429,0,0,,2,4,0.5,0,4,4,1,0,0,1,3,8,-11,13.3,1,2015-16
22015,202704,Reggie Jackson,1610612765,DET,Detroit Pistons,0021500847,2016-02-24,DET vs. PHI,W,26,5,11,0.455,1,4,0.25,6,6,1.0,0,3,3,5,2,0,5,1,17,17,29.1,1,2015-16
22015,202712,Justin Harper,1610612765,DET,Detroit Pistons,0021500847,2016-02-24,DET vs. PHI,W,5,0,1,0.0,0,1,0.0,1,2,0.5,0,0,0,0,1,0,1,0,1,-7,3.0,1,2015-16
22015,203268,Jorge Gutierrez,1610612766,CHA,Charlotte Hornets,0021500845,2016-02-24,CHA @ CLE,L,4,1,1,1.0,0,0,,2,2,1.0,0,0,0,2,1,0,0,0,4,9,10.0,1,2015-16
22015,1626163,Frank Kaminsky,1610612766,CHA,Charlotte Hornets,0021500845,2016-02-24,CHA @ CLE,L,23,5,9,0.556,3,6,0.5,3,4,0.75,0,4,4,1,0,0,1,1,16,-6,21.3,1,2015-16
22015,101161,Amir Johnson,1610612738,BOS,Boston Celtics,0021500856,2016-02-25,BOS vs. MIL,W,25,7,9,0.778,0,0,,1,4,0.25,3,5,8,2,1,1,0,4,15,6,33.6,1,2015-16
22015,202340,Avery Bradley,1610612738,BOS,Boston Celtics,0021500856,2016-02-25,BOS vs. MIL,W,40,7,12,0.583,1,4,0.25,3,3,1.0,1,2,3,2,2,0,4,0,18,-1,26.6,1,2015-16
22015,2570,Kendrick Perkins,1610612740,NOP,New Orleans Pelicans,0021500857,2016-02-25,NOP vs. OKC,W,13,0,0,,0,0,,0,0,,1,1,2,2,0,0,0,3,0,5,5.4,1,2015-16
22015,202337,Luke Babbitt,1610612740,NOP,New Orleans Pelicans,0021500857,2016-02-25,NOP vs. OKC,W,5,0,0,,0,0,,0,0,,0,0,0,0,0,0,0,0,0,-2,0.0,1,2015-16
22015,2571,Leandro Barbosa,1610612744,GSW,Golden State Warriors,0021500855,2016-02-25,GSW @ ORL,W,17,3,6,0.5,0,1,0.0,0,0,,1,1,2,0,0,0,2,1,6,10,6.4,1,2015-16
22015,2733,Shaun Livingston,1610612744,GSW,Golden State Warriors,0021500855,2016-02-25,GSW @ ORL,W,15,1,4,0.25,0,0,,2,2,1.0,0,4,4,1,1,0,1,2,4,3,12.3,1,2015-16
22015,203546,Ian Clark,1610612744,GSW,Golden State Warriors,0021500855,2016-02-25,GSW @ ORL,W,2,0,0,,0,0,,0,0,,0,1,1,1,0,0,1,0,0,1,1.7,1,2015-16
22015,2746,Josh Smith,1610612745,HOU,Houston Rockets,0021500859,2016-02-25,HOU @ POR,W,15,2,9,0.222,0,4,0.0,0,0,,0,2,2,3,0,0,1,2,4,-8,9.9,1,2015-16
22015,201951,Ty Lawson,1610612745,HOU,Houston Rockets,0021500859,2016-02-25,HOU @ POR,W,6,1,1,1.0,0,0,,0,0,,0,0,0,1,0,0,1,0,2,-1,2.5,1,2015-16
22015,202328,Greg Monroe,1610612749,MIL,Milwaukee Bucks,0021500856,2016-02-25,MIL @ BOS,L,34,9,13,0.692,0,0,,2,3,0.667,1,7,8,4,1,2,0,3,20,4,44.6,1,2015-16
22015,201961,Wayne Ellington,1610612751,BKN,Brooklyn Nets,0021500858,2016-02-25,BKN @ PHX,W,23,3,10,0.3,1,4,0.25,5,5,1.0,0,3,3,1,0,0,0,1,12,0,17.1,1,2015-16
22015,203900,Markel Brown,1610612751,BKN,Brooklyn Nets,0021500858,2016-02-25,BKN @ PHX,W,25,4,7,0.571,2,2,1.0,6,8,0.75,2,1,3,1,1,0,1,3,16,11,23.1,1,2015-16
22015,101141,Ersan Ilyasova,1610612753,ORL,Orlando Magic,0021500855,2016-02-25,ORL vs. GSW,L,16,1,3,0.333,0,0,,6,6,1.0,1,3,4,0,2,0,0,1,8,-14,18.8,1,2015-16
22015,203932,Aaron Gordon,1610612753,ORL,Orlando Magic,0021500855,2016-02-25,ORL vs. GSW,L,30,9,14,0.643,1,4,0.25,0,0,,3,5,8,2,0,1,1,1,19,-3,33.6,1,2015-16
22015,203098,John Jenkins,1610612756,PHX,Phoenix Suns,0021500858,2016-02-25,PHX vs. BKN,L,4,1,2,0.5,0,0,,0,0,,0,1,1,0,0,0,1,0,2,1,2.2,1,2015-16
22015,203458,Alex Len,1610612756,PHX,Phoenix Suns,0021500858,2016-02-25,PHX vs. BKN,L,17,5,10,0.5,0,0,,3,7,0.429,3,3,6,0,0,0,2,5,13,-20,18.2,1,2015-16
22015,203090,Maurice Harkless,1610612757,POR,Portland Trail Blazers,0021500859,2016-02-25,POR vs. HOU,L,19,4,6,0.667,1,1,1.0,2,2,1.0,1,0,1,1,0,1,3,5,11,-17,13.7,1,2015-16
22015,203486,Mason Plumlee,1610612757,POR,Portland Trail Blazers,0021500859,2016-02-25,POR vs. HOU,L,27,3,5,0.6,0,0,,4,6,0.667,1,3,4,2,1,1,4,4,10,-9,19.8,1,2015-16
22015,2564,Boris Diaw,1610612759,SAS,San Antonio Spurs,0021500860,2016-02-25,SAS @ UTA,W,10,1,3,0.333,0,1,0.0,0,0,,1,2,3,0,0,0,0,0,2,-2,5.6,1,2015-16
22015,201980,Danny Green,1610612759,SAS,San Antonio Spurs,0021500860,2016-02-25,SAS @ UTA,W,28,0,5,0.0,0,3,0.0,0,0,,0,2,2,1,0,1,1,4,0,14,5.9,1,2015-16
22015,202695,Kawhi Leonard,1610612759,SAS,San Antonio Spurs,0021500860,2016-02-25,SAS @ UTA,W,35,10,15,0.667,3,5,0.6,6,6,1.0,0,5,5,3,3,0,0,2,29,17,48.5,1,2015-16
22015,203492,Ray McCallum,1610612759,SAS,San Antonio Spurs,0021500860,2016-02-25,SAS @ UTA,W,2,0,1,0.0,0,0,,0,0,,0,0,0,1,0,0,0,0,0,-1,1.5,1,2015-16
22015,203937,Kyle Anderson,1610612759,SAS,San Antonio Spurs,0021500860,2016-02-25,SAS @ UTA,W,17,0,4,0.0,0,1,0.0,0,0,,0,3,3,0,0,1,1,1,0,5,5.6,1,2015-16
22015,202714,Shelvin Mack,1610612762,UTA,Utah Jazz,0021500860,2016-02-25,UTA vs. SAS,L,28,4,12,0.333,0,2,0.0,0,0,,0,3,3,3,2,0,2,0,8,-7,20.1,1,2015-16
22015,203187,Chris Johnson,1610612762,UTA,Utah Jazz,0021500860,2016-02-25,UTA vs. SAS,L,11,0,4,0.0,0,3,0.0,0,0,,0,3,3,0,0,0,0,0,0,-7,3.6,1,2015-16
22015,203109,Jae Crowder,1610612738,BOS,Boston Celtics,0021500856,2016-02-25,BOS vs. MIL,W,23,8,10,0.8,2,3,0.667,2,2,1.0,0,8,8,2,0,0,4,5,20,14,28.6,1,2015-16
22015,1626154,RJ Hunter,1610612738,BOS,Boston Celtics,0021500856,2016-02-25,BOS vs. MIL,W,4,0,1,0.0,0,1,0.0,0,0,,0,0,0,0,0,0,0,0,0,-4,0.0,1,2015-16
22015,101106,Andrew Bogut,1610612744,GSW,Golden State Warriors,0021500855,2016-02-25,GSW @ ORL,W,22,6,7,0.857,0,0,,0,0,,3,1,4,4,2,2,1,5,12,0,33.8,1,2015-16
22015,201575,Brandon Rush,1610612744,GSW,Golden State Warriors,0021500855,2016-02-25,GSW @ ORL,W,2,1,1,1.0,1,1,1.0,0,0,,0,1,1,0,0,0,0,0,3,1,4.2,1,2015-16
22015,203084,Harrison Barnes,1610612744,GSW,Golden State Warriors,0021500855,2016-02-25,GSW @ ORL,W,34,4,9,0.444,1,2,0.5,1,3,0.333,2,3,5,1,0,0,1,1,10,16,16.5,1,2015-16
22015,2730,Dwight Howard,1610612745,HOU,Houston Rockets,0021500859,2016-02-25,HOU @ POR,W,37,8,10,0.8,0,0,,3,12,0.25,2,11,13,2,2,3,3,4,19,5,49.6,1,2015-16
22015,201147,Corey Brewer,1610612745,HOU,Houston Rockets,0021500859,2016-02-25,HOU @ POR,W,22,3,4,0.75,1,1,1.0,3,4,0.75,1,3,4,2,1,0,0,2,10,13,20.8,1,2015-16
22015,201976,Patrick Beverley,1610612745,HOU,Houston Rockets,0021500859,2016-02-25,HOU @ POR,W,24,6,9,0.667,2,3,0.667,0,0,,3,3,6,1,2,0,0,4,14,-6,28.7,1,2015-16
22015,203093,Terrence Jones,1610612745,HOU,Houston Rockets,0021500859,2016-02-25,HOU @ POR,W,9,1,3,0.333,0,0,,1,2,0.5,1,0,1,0,0,1,1,1,3,-5,6.2,1,2015-16
22015,203114,Khris Middleton,1610612749,MIL,Milwaukee Bucks,0021500856,2016-02-25,MIL @ BOS,L,42,8,15,0.533,1,4,0.25,4,4,1.0,0,5,5,6,3,0,3,2,21,-5,42.0,1,2015-16
22015,201572,Brook Lopez,1610612751,BKN,Brooklyn Nets,0021500858,2016-02-25,BKN @ PHX,W,30,4,10,0.4,0,0,,4,6,0.667,1,5,6,2,1,1,2,5,12,3,26.2,1,2015-16
22015,203186,Willie Reed,1610612751,BKN,Brooklyn Nets,0021500858,2016-02-25,BKN @ PHX,W,7,0,1,0.0,0,0,,1,2,0.5,2,2,4,0,0,2,1,2,1,-4,10.8,1,2015-16
22015,203094,Andrew Nicholson,1610612753,ORL,Orlando Magic,0021500855,2016-02-25,ORL vs. GSW,L,4,1,1,1.0,0,0,,1,1,1.0,0,1,1,1,0,1,0,0,3,0,8.7,1,2015-16
22015,2199,Tyson Chandler,1610612756,PHX,Phoenix Suns,0021500858,2016-02-25,PHX vs. BKN,L,33,5,9,0.556,0,0,,2,4,0.5,3,8,11,1,2,2,3,5,12,3,35.7,1,2015-16
22015,203141,Mirza Teletovic,1610612756,PHX,Phoenix Suns,0021500858,2016-02-25,PHX vs. BKN,L,30,12,23,0.522,5,13,0.385,1,1,1.0,4,7,11,1,0,0,4,6,30,-7,40.7,1,2015-16
22015,1626164,Devin Booker,1610612756,PHX,Phoenix Suns,0021500858,2016-02-25,PHX vs. BKN,L,30,3,12,0.25,1,3,0.333,5,6,0.833,0,1,1,2,0,0,0,4,12,-18,16.2,1,2015-16
22015,203459,Allen Crabbe,1610612757,POR,Portland Trail Blazers,0021500859,2016-02-25,POR vs. HOU,L,26,1,4,0.25,1,3,0.333,1,2,0.5,0,2,2,2,2,0,1,5,4,-4,14.4,1,2015-16
22015,203943,Noah Vonleh,1610612757,POR,Portland Trail Blazers,0021500859,2016-02-25,POR vs. HOU,L,13,1,3,0.333,0,1,0.0,0,0,,1,1,2,0,0,0,1,3,2,8,3.4,1,2015-16
22015,1495,Tim Duncan,1610612759,SAS,San Antonio Spurs,0021500860,2016-02-25,SAS @ UTA,W,32,7,11,0.636,0,0,,0,0,,3,8,11,2,1,1,3,3,14,12,33.2,1,2015-16
22015,200746,LaMarcus Aldridge,1610612759,SAS,San Antonio Spurs,0021500860,2016-02-25,SAS @ UTA,W,33,7,15,0.467,0,0,,1,1,1.0,1,6,7,2,0,1,1,1,15,12,28.4,1,2015-16
22015,201142,Kevin Durant,1610612760,OKC,Oklahoma City Thunder,0021500857,2016-02-25,OKC @ NOP,L,39,13,23,0.565,3,7,0.429,3,4,0.75,1,13,14,7,0,2,4,1,32,-7,61.3,1,2015-16
22015,203079,Dion Waiters,1610612760,OKC,Oklahoma City Thunder,0021500857,2016-02-25,OKC @ NOP,L,30,3,7,0.429,2,4,0.5,0,0,,0,2,2,5,2,0,0,2,8,2,23.9,1,2015-16
22015,203460,Andre Roberson,1610612760,OKC,Oklahoma City Thunder,0021500857,2016-02-25,OKC @ NOP,L,22,0,2,0.0,0,1,0.0,0,0,,0,0,0,0,0,0,0,0,0,-3,0.0,1,2015-16
22015,203504,Trey Burke,1610612762,UTA,Utah Jazz,0021500860,2016-02-25,UTA vs. SAS,L,11,2,3,0.667,0,1,0.0,1,1,1.0,0,1,1,1,0,0,1,2,5,-5,6.7,1,2015-16
22015,203918,Rodney Hood,1610612762,UTA,Utah Jazz,0021500860,2016-02-25,UTA vs. SAS,L,37,4,11,0.364,2,4,0.5,2,2,1.0,0,3,3,6,0,0,1,2,12,-11,23.6,1,2015-16
22015,203096,Jared Sullinger,1610612738,BOS,Boston Celtics,0021500856,2016-02-25,BOS vs. MIL,W,31,5,11,0.455,0,0,,4,4,1.0,3,7,10,0,0,0,1,0,14,9,25.0,1,2015-16
22015,203935,Marcus Smart,1610612738,BOS,Boston Celtics,0021500856,2016-02-25,BOS vs. MIL,W,25,0,4,0.0,0,1,0.0,3,4,0.75,0,1,1,1,1,0,0,4,3,-4,8.7,1,2015-16
22015,201583,Ryan Anderson,1610612740,NOP,New Orleans Pelicans,0021500857,2016-02-25,NOP vs. OKC,W,26,11,22,0.5,2,6,0.333,2,2,1.0,4,2,6,0,0,0,1,2,26,-2,32.2,1,2015-16
22015,201950,Jrue Holiday,1610612740,NOP,New Orleans Pelicans,0021500857,2016-02-25,NOP vs. OKC,W,26,8,12,0.667,2,3,0.667,4,4,1.0,0,1,1,9,1,0,4,5,22,8,35.7,1,2015-16
22015,203076,Anthony Davis,1610612740,NOP,New Orleans Pelicans,0021500857,2016-02-25,NOP vs. OKC,W,38,11,26,0.423,2,3,0.667,6,7,0.857,1,5,6,2,1,4,2,2,30,1,53.2,1,2015-16
22015,2760,Anderson Varejao,1610612744,GSW,Golden State Warriors,0021500855,2016-02-25,GSW @ ORL,W,14,2,5,0.4,0,0,,1,1,1.0,1,4,5,3,1,0,1,4,5,12,17.5,1,2015-16
22015,202691,Klay Thompson,1610612744,GSW,Golden State Warriors,0021500855,2016-02-25,GSW @ ORL,W,29,4,10,0.4,1,5,0.2,0,0,,0,2,2,1,0,1,1,1,9,5,14.9,1,2015-16
22015,1626172,Kevon Looney,1610612744,GSW,Golden State Warriors,0021500855,2016-02-25,GSW @ ORL,W,2,1,2,0.5,0,0,,0,0,,0,0,0,0,0,0,1,0,2,1,1.0,1,2015-16
22015,203487,Michael Carter-Williams,1610612749,MIL,Milwaukee Bucks,0021500856,2016-02-25,MIL @ BOS,L,33,5,13,0.385,0,2,0.0,2,2,1.0,0,3,3,3,0,0,3,4,12,-4,17.1,1,2015-16
22015,203898,Tyler Ennis,1610612749,MIL,Milwaukee Bucks,0021500856,2016-02-25,MIL @ BOS,L,5,1,2,0.5,0,0,,0,0,,0,0,0,1,1,0,1,1,2,2,5.5,1,2015-16
22015,203948,Johnny O'Bryant III,1610612749,MIL,Milwaukee Bucks,0021500856,2016-02-25,MIL @ BOS,L,4,0,1,0.0,0,0,,0,0,,1,0,1,0,0,0,0,3,0,-7,1.2,1,2015-16
22015,1626191,Chris McCullough,1610612751,BKN,Brooklyn Nets,0021500858,2016-02-25,BKN @ PHX,W,9,1,3,0.333,0,0,,2,2,1.0,0,1,1,0,2,0,0,2,4,-2,11.2,1,2015-16
22015,201160,Jason Smith,1610612753,ORL,Orlando Magic,0021500855,2016-02-25,ORL vs. GSW,L,11,2,5,0.4,0,0,,1,2,0.5,0,1,1,1,0,0,2,2,5,-12,5.7,1,2015-16
22015,201228,C.J. Watson,1610612753,ORL,Orlando Magic,0021500855,2016-02-25,ORL vs. GSW,L,15,1,1,1.0,0,0,,4,4,1.0,0,2,2,3,0,0,0,2,6,-5,12.9,1,2015-16
22015,203095,Evan Fournier,1610612753,ORL,Orlando Magic,0021500855,2016-02-25,ORL vs. GSW,L,39,6,12,0.5,3,5,0.6,5,5,1.0,0,1,1,3,4,0,2,1,20,-10,35.7,1,2015-16
22015,203473,Dewayne Dedmon,1610612753,ORL,Orlando Magic,0021500855,2016-02-25,ORL vs. GSW,L,4,1,2,0.5,0,0,,0,0,,0,0,0,0,0,0,0,0,2,0,2.0,1,2015-16
22015,203506,Victor Oladipo,1610612753,ORL,Orlando Magic,0021500855,2016-02-25,ORL vs. GSW,L,30,5,16,0.313,2,5,0.4,2,4,0.5,1,5,6,2,2,0,0,3,14,-5,30.2,1,2015-16
22015,203901,Elfrid Payton,1610612753,ORL,Orlando Magic,0021500855,2016-02-25,ORL vs. GSW,L,29,5,8,0.625,2,3,0.667,0,2,0.0,0,2,2,6,1,0,4,2,12,-14,22.4,1,2015-16
22015,2743,Kris Humphries,1610612756,PHX,Phoenix Suns,0021500858,2016-02-25,PHX vs. BKN,L,11,0,9,0.0,0,1,0.0,0,0,,6,4,10,1,0,0,3,1,0,1,10.5,1,2015-16
22015,101179,Ronnie Price,1610612756,PHX,Phoenix Suns,0021500858,2016-02-25,PHX vs. BKN,L,38,7,14,0.5,2,7,0.286,0,0,,0,0,0,3,4,1,2,2,16,0,33.5,1,2015-16
22015,200782,P.J. Tucker,1610612756,PHX,Phoenix Suns,0021500858,2016-02-25,PHX vs. BKN,L,31,3,6,0.5,1,2,0.5,0,0,,3,2,5,2,2,0,0,2,7,3,22.0,1,2015-16
22015,203515,Phil Pressey,1610612756,PHX,Phoenix Suns,0021500858,2016-02-25,PHX vs. BKN,L,20,4,6,0.667,0,0,,2,2,1.0,0,0,0,4,2,0,4,3,10,2,18.0,1,2015-16
22015,202334,Ed Davis,1610612757,POR,Portland Trail Blazers,0021500859,2016-02-25,POR vs. HOU,L,19,3,5,0.6,0,0,,0,0,,4,8,12,1,1,1,2,2,6,-1,25.9,1,2015-16
22015,2225,Tony Parker,1610612759,SAS,San Antonio Spurs,0021500860,2016-02-25,SAS @ UTA,W,31,5,12,0.417,2,2,1.0,4,4,1.0,1,2,3,6,0,0,1,1,16,19,27.6,1,2015-16
22015,2446,Rasual Butler,1610612759,SAS,San Antonio Spurs,0021500860,2016-02-25,SAS @ UTA,W,8,0,1,0.0,0,1,0.0,0,0,,0,1,1,0,0,0,0,0,0,-1,1.2,1,2015-16
22015,2561,David West,1610612759,SAS,San Antonio Spurs,0021500860,2016-02-25,SAS @ UTA,W,18,3,5,0.6,0,0,,0,0,,2,1,3,1,0,1,1,1,6,16,13.1,1,2015-16
22015,203613,Jonathon Simmons,1610612759,SAS,San Antonio Spurs,0021500860,2016-02-25,SAS @ UTA,W,8,1,2,0.5,1,1,1.0,0,0,,1,2,3,0,1,0,2,3,3,-1,7.6,1,2015-16
22015,2555,Nick Collison,1610612760,OKC,Oklahoma City Thunder,0021500857,2016-02-25,OKC @ NOP,L,4,0,0,,0,0,,0,0,,0,0,0,1,0,0,0,0,0,1,1.5,1,2015-16
22015,202324,Derrick Favors,1610612762,UTA,Utah Jazz,0021500860,2016-02-25,UTA vs. SAS,L,37,12,17,0.706,0,0,,1,2,0.5,1,5,6,3,2,0,1,2,25,-17,41.7,1,2015-16
22015,203497,Rudy Gobert,1610612762,UTA,Utah Jazz,0021500860,2016-02-25,UTA vs. SAS,L,37,4,8,0.5,0,0,,0,0,,2,4,6,0,0,1,2,2,8,-14,16.2,1,2015-16
22015,204060,Joe Ingles,1610612762,UTA,Utah Jazz,0021500860,2016-02-25,UTA vs. SAS,L,9,0,2,0.0,0,2,0.0,0,0,,0,1,1,0,0,0,0,0,0,1,1.2,1,2015-16
22015,1626168,Trey Lyles,1610612762,UTA,Utah Jazz,0021500860,2016-02-25,UTA vs. SAS,L,4,0,0,,0,0,,0,0,,0,0,0,0,0,0,1,0,0,1,-1.0,1,2015-16
22015,203092,Tyler Zeller,1610612738,BOS,Boston Celtics,0021500856,2016-02-25,BOS vs. MIL,W,6,1,2,0.5,0,0,,0,0,,0,0,0,1,0,1,1,1,2,0,5.5,1,2015-16
22015,201582,Alexis Ajinca,1610612740,NOP,New Orleans Pelicans,0021500857,2016-02-25,NOP vs. OKC,W,19,1,3,0.333,0,0,,0,0,,3,4,7,1,0,2,0,2,2,5,17.9,1,2015-16
22015,201962,Toney Douglas,1610612740,NOP,New Orleans Pelicans,0021500857,2016-02-25,NOP vs. OKC,W,14,5,7,0.714,2,3,0.667,0,0,,1,3,4,2,1,0,0,1,12,6,22.8,1,2015-16
22015,2738,Andre Iguodala,1610612744,GSW,Golden State Warriors,0021500855,2016-02-25,GSW @ ORL,W,26,1,2,0.5,0,0,,0,0,,0,4,4,7,1,0,0,1,2,11,20.3,1,2015-16
22015,201939,Stephen Curry,1610612744,GSW,Golden State Warriors,0021500855,2016-02-25,GSW @ ORL,W,34,20,27,0.741,10,15,0.667,1,1,1.0,0,7,7,8,0,1,5,1,51,11,69.4,1,2015-16
22015,203110,Draymond Green,1610612744,GSW,Golden State Warriors,0021500855,2016-02-25,GSW @ ORL,W,32,4,7,0.571,0,1,0.0,4,7,0.571,0,4,4,8,4,0,5,3,12,4,35.8,1,2015-16
22015,1891,Jason Terry,1610612745,HOU,Houston Rockets,0021500859,2016-02-25,HOU @ POR,W,23,4,8,0.5,2,4,0.5,1,1,1.0,0,3,3,1,1,1,0,1,11,21,22.1,1,2015-16
22015,201935,James Harden,1610612745,HOU,Houston Rockets,0021500859,2016-02-25,HOU @ POR,W,46,16,26,0.615,4,9,0.444,10,13,0.769,2,3,5,8,3,0,5,5,46,17,68.0,1,2015-16
22015,203909,KJ McDaniels,1610612745,HOU,Houston Rockets,0021500859,2016-02-25,HOU @ POR,W,2,0,0,,0,0,,0,0,,0,0,0,0,0,0,0,0,0,7,0.0,1,2015-16
22015,1626149,Montrezl Harrell,1610612745,HOU,Houston Rockets,0021500859,2016-02-25,HOU @ POR,W,16,2,2,1.0,0,0,,0,0,,2,2,4,2,1,0,3,2,4,11,11.8,1,2015-16
22015,203101,Miles Plumlee,1610612749,MIL,Milwaukee Bucks,0021500856,2016-02-25,MIL @ BOS,L,14,1,2,0.5,0,0,,3,4,0.75,0,1,1,0,0,1,1,0,5,-9,8.2,1,2015-16
22015,203953,Jabari Parker,1610612749,MIL,Milwaukee Bucks,0021500856,2016-02-25,MIL @ BOS,L,37,8,16,0.5,0,1,0.0,6,7,0.857,3,3,6,2,1,0,2,5,22,-6,33.2,1,2015-16
22015,1626173,Rashad Vaughn,1610612749,MIL,Milwaukee Bucks,0021500856,2016-02-25,MIL @ BOS,L,13,2,6,0.333,1,2,0.5,0,0,,0,3,3,0,1,0,0,1,5,5,11.6,1,2015-16
22015,202711,Bojan Bogdanovic,1610612751,BKN,Brooklyn Nets,0021500858,2016-02-25,BKN @ PHX,W,38,8,16,0.5,3,9,0.333,5,5,1.0,1,1,2,0,0,0,4,2,24,7,22.4,1,2015-16
22015,203080,Thomas Robinson,1610612751,BKN,Brooklyn Nets,0021500858,2016-02-25,BKN @ PHX,W,14,1,3,0.333,0,0,,0,0,,0,5,5,1,0,2,2,3,2,14,13.5,1,2015-16
22015,203906,Devyn Marble,1610612753,ORL,Orlando Magic,0021500855,2016-02-25,ORL vs. GSW,L,4,0,1,0.0,0,1,0.0,0,0,,0,0,0,0,0,0,0,0,0,0,0.0,1,2015-16
22015,1626209,Mario Hezonja,1610612753,ORL,Orlando Magic,0021500855,2016-02-25,ORL vs. GSW,L,15,1,5,0.2,1,4,0.25,0,0,,0,3,3,0,0,0,0,0,3,-5,6.6,1,2015-16
22015,201603,Sonny Weems,1610612756,PHX,Phoenix Suns,0021500858,2016-02-25,PHX vs. BKN,L,3,0,0,,0,0,,0,0,,0,0,0,0,0,1,0,0,0,-2,3.0,1,2015-16
22015,203462,Archie Goodwin,1610612756,PHX,Phoenix Suns,0021500858,2016-02-25,PHX vs. BKN,L,18,0,3,0.0,0,0,,0,2,0.0,0,3,3,2,0,0,1,0,0,-16,5.6,1,2015-16
22015,201945,Gerald Henderson,1610612757,POR,Portland Trail Blazers,0021500859,2016-02-25,POR vs. HOU,L,22,5,7,0.714,2,3,0.667,1,2,0.5,0,0,0,2,0,0,2,1,13,-11,14.0,1,2015-16
22015,201988,Patty Mills,1610612759,SAS,San Antonio Spurs,0021500860,2016-02-25,SAS @ UTA,W,17,4,5,0.8,3,4,0.75,0,1,0.0,0,1,1,1,0,0,1,0,11,1,12.7,1,2015-16
22015,201586,Serge Ibaka,1610612760,OKC,Oklahoma City Thunder,0021500857,2016-02-25,OKC @ NOP,L,36,6,11,0.545,0,1,0.0,3,4,0.75,1,4,5,0,1,2,3,4,15,0,27.0,1,2015-16
22015,202683,Enes Freedom,1610612760,OKC,Oklahoma City Thunder,0021500857,2016-02-25,OKC @ NOP,L,18,4,7,0.571,0,0,,0,0,,0,1,1,0,0,1,1,1,8,-16,11.2,1,2015-16
22015,202713,Kyle Singler,1610612760,OKC,Oklahoma City Thunder,0021500857,2016-02-25,OKC @ NOP,L,17,0,1,0.0,0,0,,0,0,,1,1,2,0,0,0,1,0,0,0,1.4,1,2015-16
22015,203500,Steven Adams,1610612760,OKC,Oklahoma City Thunder,0021500857,2016-02-25,OKC @ NOP,L,20,4,6,0.667,0,0,,0,0,,3,2,5,1,0,1,2,4,8,-3,16.5,1,2015-16
22015,202330,Gordon Hayward,1610612762,UTA,Utah Jazz,0021500860,2016-02-25,UTA vs. SAS,L,36,4,13,0.308,0,3,0.0,3,3,1.0,0,2,2,2,1,0,3,1,11,-19,16.4,1,2015-16
22015,202738,Isaiah Thomas,1610612738,BOS,Boston Celtics,0021500856,2016-02-25,BOS vs. MIL,W,33,10,21,0.476,2,10,0.2,5,8,0.625,0,0,0,7,2,0,3,1,27,15,40.5,1,2015-16
22015,201967,Dante Cunningham,1610612740,NOP,New Orleans Pelicans,0021500857,2016-02-25,NOP vs. OKC,W,42,4,6,0.667,2,2,1.0,0,0,,3,3,6,3,2,0,1,2,10,8,26.7,1,2015-16
22015,202708,Norris Cole,1610612740,NOP,New Orleans Pelicans,0021500857,2016-02-25,NOP vs. OKC,W,35,7,14,0.5,2,3,0.667,5,5,1.0,1,5,6,8,0,0,4,4,21,-3,36.2,1,2015-16
22015,201578,Marreese Speights,1610612744,GSW,Golden State Warriors,0021500855,2016-02-25,GSW @ ORL,W,12,6,8,0.75,0,0,,2,2,1.0,1,2,3,1,0,0,1,2,14,5,18.1,1,2015-16
22015,2772,Trevor Ariza,1610612745,HOU,Houston Rockets,0021500859,2016-02-25,HOU @ POR,W,41,1,10,0.1,1,8,0.125,3,3,1.0,1,7,8,6,4,0,2,4,6,16,34.6,1,2015-16
22015,201564,O.J. Mayo,1610612749,MIL,Milwaukee Bucks,0021500856,2016-02-25,MIL @ BOS,L,20,1,4,0.25,1,3,0.333,0,0,,0,0,0,2,1,1,2,4,3,-2,10.0,1,2015-16
22015,202388,Donald Sloan,1610612751,BKN,Brooklyn Nets,0021500858,2016-02-25,BKN @ PHX,W,24,3,6,0.5,0,1,0.0,7,10,0.7,0,9,9,6,0,0,1,0,13,3,31.8,1,2015-16
22015,203499,Shane Larkin,1610612751,BKN,Brooklyn Nets,0021500858,2016-02-25,BKN @ PHX,W,25,4,7,0.571,1,1,1.0,2,2,1.0,0,0,0,6,1,0,5,1,11,2,18.0,1,2015-16
22015,203508,Sergey Karasev,1610612751,BKN,Brooklyn Nets,0021500858,2016-02-25,BKN @ PHX,W,10,1,1,1.0,1,1,1.0,0,0,,0,1,1,1,0,0,0,1,3,3,5.7,1,2015-16
22015,202696,Nikola Vučević,1610612753,ORL,Orlando Magic,0021500855,2016-02-25,ORL vs. GSW,L,32,7,17,0.412,0,1,0.0,3,4,0.75,3,6,9,4,0,2,5,4,17,-3,34.8,1,2015-16
22015,202720,Jon Leuer,1610612756,PHX,Phoenix Suns,0021500858,2016-02-25,PHX vs. BKN,L,5,2,4,0.5,0,1,0.0,0,1,0.0,2,0,2,0,0,0,0,1,4,3,6.4,1,2015-16
22015,202329,Al-Farouq Aminu,1610612757,POR,Portland Trail Blazers,0021500859,2016-02-25,POR vs. HOU,L,29,4,8,0.5,3,7,0.429,2,2,1.0,2,4,6,2,0,0,3,2,13,-9,20.2,1,2015-16
22015,203086,Meyers Leonard,1610612757,POR,Portland Trail Blazers,0021500859,2016-02-25,POR vs. HOU,L,11,1,2,0.5,1,2,0.5,0,0,,0,2,2,1,0,0,0,1,3,3,6.9,1,2015-16
22015,203468,CJ McCollum,1610612757,POR,Portland Trail Blazers,0021500859,2016-02-25,POR vs. HOU,L,38,9,19,0.474,2,7,0.286,0,0,,1,4,5,4,0,0,4,3,20,-8,28.0,1,2015-16
22015,202344,Trevor Booker,1610612762,UTA,Utah Jazz,0021500860,2016-02-25,UTA vs. SAS,L,19,2,4,0.5,1,1,1.0,0,2,0.0,1,4,5,0,0,1,0,0,5,-6,14.0,1,2015-16
22015,203526,Raul Neto,1610612762,UTA,Utah Jazz,0021500860,2016-02-25,UTA vs. SAS,L,12,1,3,0.333,0,1,0.0,2,2,1.0,0,1,1,0,1,0,0,1,4,-6,8.2,1,2015-16
22015,201973,Jonas Jerebko,1610612738,BOS,Boston Celtics,0021500856,2016-02-25,BOS vs. MIL,W,22,1,5,0.2,0,3,0.0,3,4,0.75,2,6,8,2,0,1,1,3,5,-8,19.6,1,2015-16
22015,202323,Evan Turner,1610612738,BOS,Boston Celtics,0021500856,2016-02-25,BOS vs. MIL,W,31,2,9,0.222,0,1,0.0,4,4,1.0,0,4,4,4,3,0,2,3,8,-2,25.8,1,2015-16
22015,202087,Alonzo Gee,1610612740,NOP,New Orleans Pelicans,0021500857,2016-02-25,NOP vs. OKC,W,23,0,0,,0,0,,0,0,,0,1,1,2,0,0,0,4,0,-6,4.2,1,2015-16
22015,200779,Steve Novak,1610612749,MIL,Milwaukee Bucks,0021500856,2016-02-25,MIL @ BOS,L,7,1,3,0.333,1,3,0.333,0,0,,0,1,1,0,0,0,0,1,3,11,4.2,1,2015-16
22015,203507,Giannis Antetokounmpo,1610612749,MIL,Milwaukee Bucks,0021500856,2016-02-25,MIL @ BOS,L,31,6,12,0.5,0,0,,2,5,0.4,2,5,7,8,1,3,2,3,14,-14,44.4,1,2015-16
22015,201152,Thaddeus Young,1610612751,BKN,Brooklyn Nets,0021500858,2016-02-25,BKN @ PHX,W,36,8,11,0.727,0,0,,2,2,1.0,3,5,8,3,7,3,1,2,18,13,61.1,1,2015-16
22015,201943,Brandon Jennings,1610612753,ORL,Orlando Magic,0021500855,2016-02-25,ORL vs. GSW,L,12,2,5,0.4,1,3,0.333,0,0,,0,0,0,1,2,0,1,1,5,-9,11.5,1,2015-16
22015,203081,Damian Lillard,1610612757,POR,Portland Trail Blazers,0021500859,2016-02-25,POR vs. HOU,L,36,6,20,0.3,3,10,0.3,8,8,1.0,1,5,6,7,0,0,1,4,23,-17,39.7,1,2015-16
22015,203148,Brian Roberts,1610612757,POR,Portland Trail Blazers,0021500859,2016-02-25,POR vs. HOU,L,1,0,1,0.0,0,1,0.0,0,0,,0,0,0,0,0,0,0,0,0,-5,0.0,1,2015-16
22015,1626246,Boban Marjanovic,1610612759,SAS,San Antonio Spurs,0021500860,2016-02-25,SAS @ UTA,W,2,0,0,,0,0,,0,0,,0,1,1,0,0,0,0,0,0,-1,1.2,1,2015-16
22015,200751,Randy Foye,1610612760,OKC,Oklahoma City Thunder,0021500857,2016-02-25,OKC @ NOP,L,17,2,4,0.5,0,1,0.0,0,0,,1,2,3,2,1,0,0,0,4,0,13.6,1,2015-16
22015,201566,Russell Westbrook,1610612760,OKC,Oklahoma City Thunder,0021500857,2016-02-25,OKC @ NOP,L,38,15,25,0.6,3,5,0.6,11,14,0.786,2,2,4,9,0,0,2,3,44,6,60.3,1,2015-16
22015,2594,Kyle Korver,1610612737,ATL,Atlanta Hawks,0021500865,2016-02-26,ATL vs. CHI,W,31,2,8,0.25,1,6,0.167,0,0,,0,2,2,3,0,1,0,2,5,14,14.9,1,2015-16
22015,203501,Tim Hardaway Jr.,1610612737,ATL,Atlanta Hawks,0021500865,2016-02-26,ATL vs. CHI,W,19,3,6,0.5,1,4,0.25,2,2,1.0,1,5,6,1,1,0,1,2,9,1,19.7,1,2015-16
22015,2210,Richard Jefferson,1610612739,CLE,Cleveland Cavaliers,0021500864,2016-02-26,CLE @ TOR,L,8,2,2,1.0,2,2,1.0,0,0,,0,0,0,0,0,0,1,1,6,-12,5.0,1,2015-16
22015,2200,Pau Gasol,1610612741,CHI,Chicago Bulls,0021500865,2016-02-26,CHI @ ATL,L,32,6,22,0.273,0,2,0.0,4,5,0.8,5,12,17,3,0,0,4,0,16,-10,36.9,1,2015-16
22015,2399,Mike Dunleavy,1610612741,CHI,Chicago Bulls,0021500865,2016-02-26,CHI @ ATL,L,25,2,6,0.333,1,3,0.333,1,3,0.333,1,7,8,1,1,1,0,0,6,-16,23.1,1,2015-16
22015,203200,Justin Holiday,1610612741,CHI,Chicago Bulls,0021500865,2016-02-26,CHI @ ATL,L,20,1,4,0.25,1,2,0.5,0,0,,0,2,2,2,1,0,0,2,3,3,11.4,1,2015-16
22015,101135,David Lee,1610612742,DAL,Dallas Mavericks,0021500866,2016-02-26,DAL vs. DEN,W,25,6,10,0.6,0,0,,2,4,0.5,7,7,14,2,1,0,1,2,14,-9,35.8,1,2015-16
22015,1626257,Salah Mejri,1610612742,DAL,Dallas Mavericks,0021500866,2016-02-26,DAL vs. DEN,W,2,0,0,,0,0,,0,0,,0,0,0,0,0,0,1,0,0,-5,-1.0,1,2015-16
22015,2034,Mike Miller,1610612743,DEN,Denver Nuggets,0021500866,2016-02-26,DEN @ DAL,L,5,1,1,1.0,1,1,1.0,0,0,,0,0,0,0,0,0,0,2,3,5,3.0,1,2015-16
22015,203960,JaKarr Sampson,1610612743,DEN,Denver Nuggets,0021500866,2016-02-26,DEN @ DAL,L,4,0,0,,0,0,,0,0,,0,0,0,0,1,0,0,2,0,-4,3.0,1,2015-16
22015,101138,Brandon Bass,1610612747,LAL,Los Angeles Lakers,0021500868,2016-02-26,LAL vs. MEM,L,17,1,2,0.5,0,0,,3,4,0.75,0,2,2,0,0,0,0,0,5,5,7.4,1,2015-16
22015,203135,Robert Sacre,1610612747,LAL,Los Angeles Lakers,0021500868,2016-02-26,LAL vs. MEM,L,6,0,2,0.0,0,0,,2,2,1.0,2,0,2,0,0,0,1,0,2,8,3.4,1,2015-16
22015,203903,Jordan Clarkson,1610612747,LAL,Los Angeles Lakers,0021500868,2016-02-26,LAL vs. MEM,L,29,4,16,0.25,0,7,0.0,0,0,,0,2,2,2,1,0,0,0,8,-23,16.4,1,2015-16
22015,1626148,Anthony Brown,1610612747,LAL,Los Angeles Lakers,0021500868,2016-02-26,LAL vs. MEM,L,32,2,7,0.286,0,2,0.0,1,1,1.0,1,4,5,2,2,0,0,2,5,1,20.0,1,2015-16
22015,1626204,Larry Nance Jr.,1610612747,LAL,Los Angeles Lakers,0021500868,2016-02-26,LAL vs. MEM,L,15,1,3,0.333,0,0,,0,0,,2,3,5,1,1,0,1,3,2,-5,11.5,1,2015-16
22015,2546,Carmelo Anthony,1610612752,NYK,New York Knicks,0021500863,2016-02-26,NYK vs. ORL,W,36,7,22,0.318,0,3,0.0,5,7,0.714,3,8,11,6,1,0,3,2,19,8,41.2,1,2015-16
22015,201167,Arron Afflalo,1610612752,NYK,New York Knicks,0021500863,2016-02-26,NYK vs. ORL,W,32,5,11,0.455,2,4,0.5,2,2,1.0,0,12,12,3,1,0,1,0,14,6,34.9,1,2015-16
22015,202682,Derrick Williams,1610612752,NYK,New York Knicks,0021500863,2016-02-26,NYK vs. ORL,W,21,2,4,0.5,0,2,0.0,7,8,0.875,0,3,3,0,0,0,1,1,11,5,13.6,1,2015-16
22015,101141,Ersan Ilyasova,1610612753,ORL,Orlando Magic,0021500863,2016-02-26,ORL @ NYK,L,12,0,2,0.0,0,1,0.0,0,0,,0,1,1,1,0,0,0,2,0,-10,2.7,1,2015-16
22015,201941,Jordan Hill,1610612754,IND,Indiana Pacers,0021500861,2016-02-26,IND vs. CHA,L,16,2,4,0.5,0,0,,2,2,1.0,1,4,5,1,0,0,2,3,6,4,11.5,1,2015-16
22015,202335,Patrick Patterson,1610612761,TOR,Toronto Raptors,0021500864,2016-02-26,TOR vs. CLE,W,37,2,4,0.5,1,1,1.0,0,0,,0,3,3,1,0,0,3,4,5,16,7.1,1,2015-16
22015,202709,Cory Joseph,1610612761,TOR,Toronto Raptors,0021500864,2016-02-26,TOR vs. CLE,W,24,3,9,0.333,0,1,0.0,0,0,,0,1,1,4,0,0,0,0,6,7,13.2,1,2015-16
22015,2216,Zach Randolph,1610612763,MEM,Memphis Grizzlies,0021500868,2016-02-26,MEM @ LAL,W,25,6,12,0.5,1,2,0.5,2,2,1.0,0,10,10,5,0,0,1,1,15,14,33.5,1,2015-16
22015,201144,Mike Conley,1610612763,MEM,Memphis Grizzlies,0021500868,2016-02-26,MEM @ LAL,W,29,6,10,0.6,2,5,0.4,3,3,1.0,0,1,1,7,1,0,1,2,17,29,30.7,1,2015-16
22015,201148,Brandan Wright,1610612763,MEM,Memphis Grizzlies,0021500868,2016-02-26,MEM @ LAL,W,18,3,3,1.0,0,0,,2,2,1.0,2,3,5,0,0,2,0,3,8,12,20.0,1,2015-16
22015,201596,Mario Chalmers,1610612763,MEM,Memphis Grizzlies,0021500868,2016-02-26,MEM @ LAL,W,15,0,3,0.0,0,1,0.0,4,6,0.667,0,2,2,4,0,0,2,5,4,-3,10.4,1,2015-16
22015,101162,Marcin Gortat,1610612764,WAS,Washington Wizards,0021500862,2016-02-26,WAS @ PHI,W,26,6,9,0.667,0,0,,0,0,,5,6,11,0,1,1,0,2,12,-8,31.2,1,2015-16
22015,101187,Alan Anderson,1610612764,WAS,Washington Wizards,0021500862,2016-02-26,WAS @ PHI,W,16,1,3,0.333,1,2,0.5,2,2,1.0,1,1,2,0,0,1,0,2,5,5,10.4,1,2015-16
22015,202066,Garrett Temple,1610612764,WAS,Washington Wizards,0021500862,2016-02-26,WAS @ PHI,W,12,0,2,0.0,0,0,,0,0,,0,1,1,1,0,0,0,2,0,4,2.7,1,2015-16
22015,101107,Marvin Williams,1610612766,CHA,Charlotte Hornets,0021500861,2016-02-26,CHA @ IND,W,35,9,13,0.692,5,9,0.556,3,4,0.75,2,11,13,1,1,2,1,2,26,1,51.1,1,2015-16
22015,200757,Thabo Sefolosha,1610612737,ATL,Atlanta Hawks,0021500865,2016-02-26,ATL vs. CHI,W,19,4,6,0.667,0,1,0.0,0,0,,2,2,4,0,1,0,1,2,8,2,14.8,1,2015-16
22015,201952,Jeff Teague,1610612737,ATL,Atlanta Hawks,0021500865,2016-02-26,ATL vs. CHI,W,31,6,13,0.462,2,4,0.5,5,6,0.833,0,3,3,9,2,0,1,2,19,16,41.1,1,2015-16
22015,203471,Dennis Schröder,1610612737,ATL,Atlanta Hawks,0021500865,2016-02-26,ATL vs. CHI,W,14,2,7,0.286,0,2,0.0,3,4,0.75,0,3,3,3,1,1,3,0,7,1,18.1,1,2015-16
22015,203488,Mike Muscala,1610612737,ATL,Atlanta Hawks,0021500865,2016-02-26,ATL vs. CHI,W,13,2,5,0.4,0,1,0.0,2,2,1.0,3,1,4,2,3,0,0,2,6,-7,22.8,1,2015-16
22015,202684,Tristan Thompson,1610612739,CLE,Cleveland Cavaliers,0021500864,2016-02-26,CLE @ TOR,L,29,3,6,0.5,0,0,,0,0,,3,7,10,2,0,0,1,3,6,7,20.0,1,2015-16
22015,201959,Taj Gibson,1610612741,CHI,Chicago Bulls,0021500865,2016-02-26,CHI @ ATL,L,31,4,7,0.571,0,0,,3,3,1.0,4,3,7,3,0,1,4,4,11,-16,22.9,1,2015-16
22015,202734,E'Twaun Moore,1610612741,CHI,Chicago Bulls,0021500865,2016-02-26,CHI @ ATL,L,22,3,8,0.375,0,1,0.0,0,0,,0,1,1,1,0,0,3,4,6,-20,5.7,1,2015-16
22015,1717,Dirk Nowitzki,1610612742,DAL,Dallas Mavericks,0021500866,2016-02-26,DAL vs. DEN,W,40,10,21,0.476,0,3,0.0,0,0,,2,11,13,4,0,1,2,4,20,16,42.6,1,2015-16
22015,101114,Deron Williams,1610612742,DAL,Dallas Mavericks,0021500866,2016-02-26,DAL vs. DEN,W,31,3,7,0.429,3,3,1.0,3,4,0.75,0,0,0,4,0,0,3,4,12,8,15.0,1,2015-16
22015,200826,J.J. Barea,1610612742,DAL,Dallas Mavericks,0021500866,2016-02-26,DAL vs. DEN,W,16,3,7,0.429,0,2,0.0,1,2,0.5,0,3,3,1,0,0,0,0,7,-17,12.1,1,2015-16
22015,203115,Will Barton,1610612743,DEN,Denver Nuggets,0021500866,2016-02-26,DEN @ DAL,L,43,9,24,0.375,0,7,0.0,4,5,0.8,2,7,9,3,0,0,4,1,22,-7,33.3,1,2015-16
22015,203143,Pablo Prigioni,1610612746,LAC,LA Clippers,0021500867,2016-02-26,LAC @ SAC,W,11,0,2,0.0,0,2,0.0,0,0,,1,1,2,1,1,0,0,2,0,-3,6.9,1,2015-16
22015,101150,Lou Williams,1610612747,LAL,Los Angeles Lakers,0021500868,2016-02-26,LAL vs. MEM,L,24,4,8,0.5,1,5,0.2,4,5,0.8,1,0,1,3,2,0,1,0,13,-13,23.7,1,2015-16
22015,203944,Julius Randle,1610612747,LAL,Los Angeles Lakers,0021500868,2016-02-26,LAL vs. MEM,L,25,6,12,0.5,0,1,0.0,5,8,0.625,2,5,7,0,1,0,2,3,17,-22,26.4,1,2015-16
22015,1626156,D'Angelo Russell,1610612747,LAL,Los Angeles Lakers,0021500868,2016-02-26,LAL vs. MEM,L,30,6,9,0.667,2,2,1.0,8,12,0.667,0,3,3,3,1,0,1,3,22,-14,32.1,1,2015-16
22015,201160,Jason Smith,1610612753,ORL,Orlando Magic,0021500863,2016-02-26,ORL @ NYK,L,7,1,4,0.25,0,0,,1,2,0.5,1,1,2,1,0,0,0,2,3,-9,6.9,1,2015-16
22015,203506,Victor Oladipo,1610612753,ORL,Orlando Magic,0021500863,2016-02-26,ORL @ NYK,L,35,6,14,0.429,2,6,0.333,2,4,0.5,1,5,6,3,1,1,1,2,16,1,32.7,1,2015-16
22015,101133,Ian Mahinmi,1610612754,IND,Indiana Pacers,0021500861,2016-02-26,IND vs. CHA,L,32,2,4,0.5,0,0,,2,4,0.5,2,7,9,4,2,0,1,2,6,-5,27.8,1,2015-16
22015,201588,George Hill,1610612754,IND,Indiana Pacers,0021500861,2016-02-26,IND vs. CHA,L,36,3,13,0.231,2,6,0.333,2,2,1.0,2,4,6,7,2,0,1,3,10,4,32.7,1,2015-16
22015,203524,Solomon Hill,1610612754,IND,Indiana Pacers,0021500861,2016-02-26,IND vs. CHA,L,16,1,1,1.0,0,0,,0,0,,1,1,2,0,0,0,0,0,2,2,4.4,1,2015-16
22015,203477,Isaiah Canaan,1610612755,PHI,Philadelphia 76ers,0021500862,2016-02-26,PHI vs. WAS,L,17,1,7,0.143,1,4,0.25,4,4,1.0,1,0,1,0,0,0,0,2,7,-15,8.2,1,2015-16
22015,203924,Jerami Grant,1610612755,PHI,Philadelphia 76ers,0021500862,2016-02-26,PHI vs. WAS,L,24,3,9,0.333,0,1,0.0,1,2,0.5,0,3,3,5,1,1,1,1,7,-2,23.1,1,2015-16
22015,1626158,Richaun Holmes,1610612755,PHI,Philadelphia 76ers,0021500862,2016-02-26,PHI vs. WAS,L,6,0,0,,0,0,,0,0,,0,0,0,0,2,0,1,2,0,2,5.0,1,2015-16
22015,201942,DeMar DeRozan,1610612761,TOR,Toronto Raptors,0021500864,2016-02-26,TOR vs. CLE,W,32,1,11,0.091,0,1,0.0,4,4,1.0,0,6,6,2,1,0,2,3,6,6,17.2,1,2015-16
22015,2365,Chris Andersen,1610612763,MEM,Memphis Grizzlies,0021500868,2016-02-26,MEM @ LAL,W,19,1,2,0.5,0,0,,0,0,,2,1,3,0,1,3,0,3,2,3,17.6,1,2015-16
22015,2403,Nene,1610612764,WAS,Washington Wizards,0021500862,2016-02-26,WAS @ PHI,W,22,2,6,0.333,0,0,,5,6,0.833,1,7,8,3,0,1,2,2,9,17,24.1,1,2015-16
22015,202322,John Wall,1610612764,WAS,Washington Wizards,0021500862,2016-02-26,WAS @ PHI,W,39,9,19,0.474,0,3,0.0,5,5,1.0,2,6,8,11,1,1,4,2,23,7,51.1,1,2015-16
22015,203087,Jeremy Lamb,1610612766,CHA,Charlotte Hornets,0021500861,2016-02-26,CHA @ IND,W,13,2,6,0.333,1,2,0.5,0,0,,0,2,2,0,0,0,1,4,5,-4,6.4,1,2015-16
22015,1626163,Frank Kaminsky,1610612766,CHA,Charlotte Hornets,0021500861,2016-02-26,CHA @ IND,W,13,0,2,0.0,0,1,0.0,0,0,,1,2,3,0,1,1,1,1,0,0,8.6,1,2015-16
22015,200794,Paul Millsap,1610612737,ATL,Atlanta Hawks,0021500865,2016-02-26,ATL vs. CHI,W,33,3,12,0.25,0,3,0.0,6,6,1.0,5,8,13,4,2,5,3,4,12,7,51.6,1,2015-16
22015,203118,Mike Scott,1610612737,ATL,Atlanta Hawks,0021500865,2016-02-26,ATL vs. CHI,W,18,1,3,0.333,0,1,0.0,0,0,,0,1,1,2,2,0,0,2,2,9,12.2,1,2015-16
22015,201567,Kevin Love,1610612739,CLE,Cleveland Cavaliers,0021500864,2016-02-26,CLE @ TOR,L,35,5,15,0.333,2,5,0.4,8,10,0.8,3,6,9,5,1,0,0,3,20,3,41.3,1,2015-16
22015,202681,Kyrie Irving,1610612739,CLE,Cleveland Cavaliers,0021500864,2016-02-26,CLE @ TOR,L,31,4,11,0.364,0,2,0.0,2,2,1.0,1,0,1,1,1,0,2,2,10,-2,13.7,1,2015-16
22015,202697,Iman Shumpert,1610612739,CLE,Cleveland Cavaliers,0021500864,2016-02-26,CLE @ TOR,L,22,1,2,0.5,0,0,,0,0,,0,3,3,3,0,0,1,5,2,-12,9.1,1,2015-16
22015,203521,Matthew Dellavedova,1610612739,CLE,Cleveland Cavaliers,0021500864,2016-02-26,CLE @ TOR,L,21,3,5,0.6,2,3,0.667,0,0,,0,0,0,3,0,0,3,3,8,-1,9.5,1,2015-16
22015,1626245,Cristiano Felicio,1610612741,CHI,Chicago Bulls,0021500865,2016-02-26,CHI @ ATL,L,6,1,2,0.5,0,0,,0,0,,0,1,1,0,0,0,1,0,2,-2,2.2,1,2015-16
22015,202718,Chandler Parsons,1610612742,DAL,Dallas Mavericks,0021500866,2016-02-26,DAL vs. DEN,W,40,10,17,0.588,4,10,0.4,3,4,0.75,0,5,5,4,1,0,2,3,27,16,40.0,1,2015-16
22015,201568,Danilo Gallinari,1610612743,DEN,Denver Nuggets,0021500866,2016-02-26,DEN @ DAL,L,28,4,11,0.364,1,3,0.333,3,5,0.6,3,4,7,3,0,1,2,2,12,-1,25.9,1,2015-16
22015,201589,Darrell Arthur,1610612743,DEN,Denver Nuggets,0021500866,2016-02-26,DEN @ DAL,L,30,5,9,0.556,1,2,0.5,2,2,1.0,2,6,8,1,1,1,1,4,13,-1,29.1,1,2015-16
22015,202702,Kenneth Faried,1610612743,DEN,Denver Nuggets,0021500866,2016-02-26,DEN @ DAL,L,34,8,12,0.667,0,0,,4,6,0.667,6,6,12,0,1,1,1,4,20,-20,39.4,1,2015-16
22015,203999,Nikola Jokić,1610612743,DEN,Denver Nuggets,0021500866,2016-02-26,DEN @ DAL,L,11,2,4,0.5,0,0,,1,2,0.5,3,1,4,2,0,0,1,3,5,4,11.8,1,2015-16
22015,1626144,Emmanuel Mudiay,1610612743,DEN,Denver Nuggets,0021500866,2016-02-26,DEN @ DAL,L,26,1,5,0.2,0,1,0.0,2,2,1.0,0,2,2,6,1,0,4,3,4,-4,14.4,1,2015-16
22015,101108,Chris Paul,1610612746,LAC,LA Clippers,0021500867,2016-02-26,LAC @ SAC,W,36,13,20,0.65,4,9,0.444,10,10,1.0,1,7,8,13,2,0,2,1,40,14,73.1,1,2015-16
22015,101181,Jose Calderon,1610612752,NYK,New York Knicks,0021500863,2016-02-26,NYK vs. ORL,W,31,6,8,0.75,0,1,0.0,2,2,1.0,0,3,3,1,0,0,2,3,14,1,17.1,1,2015-16
22015,201228,C.J. Watson,1610612753,ORL,Orlando Magic,0021500863,2016-02-26,ORL @ NYK,L,14,0,4,0.0,0,2,0.0,0,0,,0,3,3,2,0,0,1,1,0,-18,5.6,1,2015-16
22015,202696,Nikola Vučević,1610612753,ORL,Orlando Magic,0021500863,2016-02-26,ORL @ NYK,L,28,8,16,0.5,0,0,,2,2,1.0,2,6,8,1,1,0,2,2,18,-4,30.1,1,2015-16
22015,203906,Devyn Marble,1610612753,ORL,Orlando Magic,0021500863,2016-02-26,ORL @ NYK,L,2,0,0,,0,0,,0,0,,0,0,0,0,0,0,0,0,0,2,0.0,1,2015-16
22015,203932,Aaron Gordon,1610612753,ORL,Orlando Magic,0021500863,2016-02-26,ORL @ NYK,L,34,6,12,0.5,1,3,0.333,4,6,0.667,4,4,8,2,1,0,0,2,17,-5,32.6,1,2015-16
22015,1626167,Myles Turner,1610612754,IND,Indiana Pacers,0021500861,2016-02-26,IND vs. CHA,L,28,7,13,0.538,0,0,,1,1,1.0,0,4,4,0,0,0,3,4,15,-5,16.8,1,2015-16
22015,203138,Hollis Thompson,1610612755,PHI,Philadelphia 76ers,0021500862,2016-02-26,PHI vs. WAS,L,23,1,7,0.143,1,5,0.2,0,0,,0,0,0,1,0,0,1,1,3,-7,3.5,1,2015-16
22015,202326,DeMarcus Cousins,1610612758,SAC,Sacramento Kings,0021500867,2016-02-26,SAC vs. LAC,L,37,7,20,0.35,2,5,0.4,10,14,0.714,5,10,15,9,2,2,7,3,26,-13,62.5,1,2015-16
22015,200768,Kyle Lowry,1610612761,TOR,Toronto Raptors,0021500864,2016-02-26,TOR vs. CLE,W,43,15,20,0.75,2,5,0.4,11,15,0.733,0,5,5,9,4,0,2,4,43,11,72.5,1,2015-16
22015,201949,James Johnson,1610612761,TOR,Toronto Raptors,0021500864,2016-02-26,TOR vs. CLE,W,16,0,3,0.0,0,1,0.0,0,0,,0,2,2,0,0,0,1,4,0,-12,1.4,1,2015-16
22015,202685,Jonas Valančiūnas,1610612761,TOR,Toronto Raptors,0021500864,2016-02-26,TOR vs. CLE,W,28,4,5,0.8,0,0,,3,4,0.75,4,5,9,0,1,0,2,3,11,4,22.8,1,2015-16
22015,202687,Bismack Biyombo,1610612761,TOR,Toronto Raptors,0021500864,2016-02-26,TOR vs. CLE,W,20,5,5,1.0,0,0,,1,2,0.5,0,4,4,0,0,0,0,0,11,-2,15.8,1,2015-16
22015,1713,Vince Carter,1610612763,MEM,Memphis Grizzlies,0021500868,2016-02-26,MEM @ LAL,W,20,7,10,0.7,5,7,0.714,0,0,,1,2,3,2,0,0,1,1,19,11,24.6,1,2015-16
22015,2440,Matt Barnes,1610612763,MEM,Memphis Grizzlies,0021500868,2016-02-26,MEM @ LAL,W,29,0,5,0.0,0,4,0.0,0,0,,0,7,7,3,1,1,1,1,0,22,17.9,1,2015-16
22015,203516,James Ennis III,1610612763,MEM,Memphis Grizzlies,0021500868,2016-02-26,MEM @ LAL,W,6,1,4,0.25,0,2,0.0,0,0,,2,0,2,0,0,0,0,0,2,-8,4.4,1,2015-16
22015,201162,Jared Dudley,1610612764,WAS,Washington Wizards,0021500862,2016-02-26,WAS @ PHI,W,30,5,10,0.5,4,6,0.667,0,0,,1,2,3,3,1,1,1,2,14,14,27.1,1,2015-16
22015,201587,Nicolas Batum,1610612766,CHA,Charlotte Hornets,0021500861,2016-02-26,CHA @ IND,W,33,2,6,0.333,0,3,0.0,2,2,1.0,0,2,2,7,2,1,5,3,6,8,22.9,1,2015-16
22015,2550,Kirk Hinrich,1610612737,ATL,Atlanta Hawks,0021500865,2016-02-26,ATL vs. CHI,W,2,0,1,0.0,0,1,0.0,0,0,,0,0,0,0,0,0,0,0,0,-2,0.0,1,2015-16
22015,201143,Al Horford,1610612737,ATL,Atlanta Hawks,0021500865,2016-02-26,ATL vs. CHI,W,34,8,11,0.727,2,3,0.667,0,0,,0,5,5,4,1,4,2,2,18,20,43.0,1,2015-16
22015,203145,Kent Bazemore,1610612737,ATL,Atlanta Hawks,0021500865,2016-02-26,ATL vs. CHI,W,26,6,17,0.353,1,8,0.125,4,4,1.0,2,5,7,0,1,0,0,3,17,14,28.4,1,2015-16
22015,2747,JR Smith,1610612739,CLE,Cleveland Cavaliers,0021500864,2016-02-26,CLE @ TOR,L,32,5,8,0.625,3,6,0.5,0,0,,0,3,3,0,0,0,0,3,13,4,16.6,1,2015-16
22015,101112,Channing Frye,1610612739,CLE,Cleveland Cavaliers,0021500864,2016-02-26,CLE @ TOR,L,12,1,4,0.25,1,2,0.5,0,0,,1,2,3,0,1,0,0,3,3,1,9.6,1,2015-16
22015,201166,Aaron Brooks,1610612741,CHI,Chicago Bulls,0021500865,2016-02-26,CHI @ ATL,L,26,3,6,0.5,1,2,0.5,2,2,1.0,0,1,1,5,0,0,5,4,9,5,12.7,1,2015-16
22015,203946,Cameron Bairstow,1610612741,CHI,Chicago Bulls,0021500865,2016-02-26,CHI @ ATL,L,2,1,1,1.0,1,1,1.0,0,0,,0,0,0,1,0,0,1,1,3,2,3.5,1,2015-16
22015,201571,D.J. Augustin,1610612743,DEN,Denver Nuggets,0021500866,2016-02-26,DEN @ DAL,L,36,7,14,0.5,3,6,0.5,3,4,0.75,0,2,2,3,1,0,1,0,20,-6,28.9,1,2015-16
22015,203914,Gary Harris,1610612743,DEN,Denver Nuggets,0021500866,2016-02-26,DEN @ DAL,L,46,6,13,0.462,3,9,0.333,2,5,0.4,2,2,4,0,2,0,1,4,17,-4,26.8,1,2015-16
22015,2037,Jamal Crawford,1610612746,LAC,LA Clippers,0021500867,2016-02-26,LAC @ SAC,W,26,7,19,0.368,0,6,0.0,7,8,0.875,0,1,1,0,0,0,0,1,21,-3,22.2,1,2015-16
22015,200755,JJ Redick,1610612746,LAC,LA Clippers,0021500867,2016-02-26,LAC @ SAC,W,35,7,15,0.467,1,3,0.333,1,1,1.0,0,3,3,1,1,0,0,0,16,9,24.1,1,2015-16
22015,201599,DeAndre Jordan,1610612746,LAC,LA Clippers,0021500867,2016-02-26,LAC @ SAC,W,34,3,5,0.6,0,0,,2,5,0.4,4,7,11,0,0,1,1,5,8,7,23.2,1,2015-16
22015,201601,Luc Mbah a Moute,1610612746,LAC,LA Clippers,0021500867,2016-02-26,LAC @ SAC,W,22,2,2,1.0,0,0,,2,2,1.0,0,1,1,0,1,0,1,3,6,13,9.2,1,2015-16
22015,201579,Roy Hibbert,1610612747,LAL,Los Angeles Lakers,0021500868,2016-02-26,LAL vs. MEM,L,22,2,5,0.4,0,0,,0,1,0.0,0,1,1,0,0,0,0,2,4,-21,5.2,1,2015-16
22015,203527,Ryan Kelly,1610612747,LAL,Los Angeles Lakers,0021500868,2016-02-26,LAL vs. MEM,L,6,1,2,0.5,0,0,,0,0,,1,0,1,2,0,0,0,1,2,8,6.2,1,2015-16
22015,204028,Tarik Black,1610612747,LAL,Los Angeles Lakers,0021500868,2016-02-26,LAL vs. MEM,L,12,1,3,0.333,0,0,,0,2,0.0,1,4,5,1,0,1,0,0,2,1,12.5,1,2015-16
22015,1626273,Marcelo Huertas,1610612747,LAL,Los Angeles Lakers,0021500868,2016-02-26,LAL vs. MEM,L,7,2,3,0.667,1,1,1.0,2,2,1.0,1,0,1,0,1,0,0,0,7,8,11.2,1,2015-16
22015,201577,Robin Lopez,1610612752,NYK,New York Knicks,0021500863,2016-02-26,NYK vs. ORL,W,31,5,9,0.556,0,0,,4,4,1.0,4,4,8,0,1,2,1,3,14,-3,31.6,1,2015-16
22015,202498,Lance Thomas,1610612752,NYK,New York Knicks,0021500863,2016-02-26,NYK vs. ORL,W,26,2,3,0.667,1,1,1.0,6,9,0.667,1,2,3,1,1,0,1,1,11,12,18.1,1,2015-16
22015,1626170,Jerian Grant,1610612752,NYK,New York Knicks,0021500863,2016-02-26,NYK vs. ORL,W,16,2,3,0.667,1,1,1.0,0,0,,0,3,3,3,1,0,1,1,5,10,15.1,1,2015-16
22015,203095,Evan Fournier,1610612753,ORL,Orlando Magic,0021500863,2016-02-26,ORL @ NYK,L,25,3,10,0.3,2,5,0.4,0,0,,2,0,2,2,0,0,1,6,8,-6,12.4,1,2015-16
22015,203473,Dewayne Dedmon,1610612753,ORL,Orlando Magic,0021500863,2016-02-26,ORL @ NYK,L,13,5,7,0.714,0,0,,2,2,1.0,2,1,3,0,1,0,0,1,12,0,18.6,1,2015-16
22015,203901,Elfrid Payton,1610612753,ORL,Orlando Magic,0021500863,2016-02-26,ORL @ NYK,L,27,4,7,0.571,0,1,0.0,0,0,,2,3,5,9,0,0,2,2,8,0,25.5,1,2015-16
22015,1626209,Mario Hezonja,1610612753,ORL,Orlando Magic,0021500863,2016-02-26,ORL @ NYK,L,26,4,11,0.364,0,5,0.0,0,0,,1,6,7,3,2,0,3,4,8,-12,23.9,1,2015-16
22015,203917,Nik Stauskas,1610612755,PHI,Philadelphia 76ers,0021500862,2016-02-26,PHI vs. WAS,L,28,4,6,0.667,3,5,0.6,4,4,1.0,0,2,2,1,0,0,1,1,15,0,17.9,1,2015-16
22015,200752,Rudy Gay,1610612758,SAC,Sacramento Kings,0021500867,2016-02-26,SAC vs. LAC,L,32,8,18,0.444,3,6,0.5,4,4,1.0,0,3,3,0,1,0,1,3,23,-9,28.6,1,2015-16
22015,201585,Kosta Koufos,1610612758,SAC,Sacramento Kings,0021500867,2016-02-26,SAC vs. LAC,L,11,0,2,0.0,0,0,,0,0,,2,1,3,1,0,0,1,1,0,3,4.1,1,2015-16
22015,201954,Darren Collison,1610612758,SAC,Sacramento Kings,0021500867,2016-02-26,SAC vs. LAC,L,37,6,9,0.667,3,3,1.0,3,4,0.75,0,3,3,5,2,0,2,1,18,-7,33.1,1,2015-16
22015,201956,Omri Casspi,1610612758,SAC,Sacramento Kings,0021500867,2016-02-26,SAC vs. LAC,L,25,3,9,0.333,0,3,0.0,0,0,,3,6,9,0,0,0,1,1,6,3,15.8,1,2015-16
22015,203112,Quincy Acy,1610612758,SAC,Sacramento Kings,0021500867,2016-02-26,SAC vs. LAC,L,15,1,1,1.0,0,0,,2,4,0.5,0,0,0,0,0,1,0,3,4,-12,7.0,1,2015-16
22015,203552,Seth Curry,1610612758,SAC,Sacramento Kings,0021500867,2016-02-26,SAC vs. LAC,L,26,5,9,0.556,3,4,0.75,6,7,0.857,0,4,4,0,1,0,2,4,19,-1,24.8,1,2015-16
22015,1626161,Willie Cauley-Stein,1610612758,SAC,Sacramento Kings,0021500867,2016-02-26,SAC vs. LAC,L,24,1,2,0.5,0,0,,2,2,1.0,3,3,6,1,0,0,0,3,4,-2,12.7,1,2015-16
22015,2449,Luis Scola,1610612761,TOR,Toronto Raptors,0021500864,2016-02-26,TOR vs. CLE,W,11,1,5,0.2,0,2,0.0,0,1,0.0,1,1,2,1,0,0,1,4,2,-14,4.9,1,2015-16
22015,203082,Terrence Ross,1610612761,TOR,Toronto Raptors,0021500864,2016-02-26,TOR vs. CLE,W,27,6,11,0.545,3,6,0.5,0,0,,0,2,2,1,0,0,0,1,15,-1,18.9,1,2015-16
22015,203461,Anthony Bennett,1610612761,TOR,Toronto Raptors,0021500864,2016-02-26,TOR vs. CLE,W,2,0,0,,0,0,,0,0,,0,0,0,0,0,0,0,0,0,-5,0.0,1,2015-16
22015,202693,Markieff Morris,1610612764,WAS,Washington Wizards,0021500862,2016-02-26,WAS @ PHI,W,18,3,9,0.333,0,2,0.0,4,4,1.0,0,7,7,0,1,2,0,4,10,-5,27.4,1,2015-16
22015,203469,Cody Zeller,1610612766,CHA,Charlotte Hornets,0021500861,2016-02-26,CHA @ IND,W,27,5,5,1.0,0,0,,4,7,0.571,2,3,5,0,0,1,2,2,14,11,21.0,1,2015-16
22015,202389,Timofey Mozgov,1610612739,CLE,Cleveland Cavaliers,0021500864,2016-02-26,CLE @ TOR,L,9,2,3,0.667,0,0,,0,0,,1,1,2,0,0,0,0,1,4,-8,6.4,1,2015-16
22015,2585,Zaza Pachulia,1610612742,DAL,Dallas Mavericks,0021500866,2016-02-26,DAL vs. DEN,W,8,0,0,,0,0,,0,0,,0,1,1,0,2,0,0,1,0,-11,7.2,1,2015-16
22015,2734,Devin Harris,1610612742,DAL,Dallas Mavericks,0021500866,2016-02-26,DAL vs. DEN,W,22,2,6,0.333,0,2,0.0,5,5,1.0,0,2,2,2,3,0,3,2,9,-13,20.4,1,2015-16
22015,101109,Raymond Felton,1610612742,DAL,Dallas Mavericks,0021500866,2016-02-26,DAL vs. DEN,W,40,7,12,0.583,0,2,0.0,2,2,1.0,0,4,4,6,1,0,1,3,16,30,31.8,1,2015-16
22015,202083,Wesley Matthews,1610612742,DAL,Dallas Mavericks,0021500866,2016-02-26,DAL vs. DEN,W,41,4,8,0.5,4,7,0.571,5,6,0.833,1,2,3,2,1,0,1,6,17,15,25.6,1,2015-16
22015,203530,Joffrey Lauvergne,1610612743,DEN,Denver Nuggets,0021500866,2016-02-26,DEN @ DAL,L,3,0,0,,0,0,,0,0,,0,1,1,0,0,0,0,1,0,8,1.2,1,2015-16
22015,201145,Jeff Green,1610612746,LAC,LA Clippers,0021500867,2016-02-26,LAC @ SAC,W,31,9,13,0.692,4,5,0.8,0,0,,1,4,5,0,0,1,2,5,22,6,29.0,1,2015-16
22015,202325,Wesley Johnson,1610612746,LAC,LA Clippers,0021500867,2016-02-26,LAC @ SAC,W,21,2,8,0.25,0,2,0.0,0,0,,2,3,5,1,1,1,1,4,4,5,16.5,1,2015-16
22015,202332,Cole Aldrich,1610612746,LAC,LA Clippers,0021500867,2016-02-26,LAC @ SAC,W,14,0,1,0.0,0,0,,0,0,,2,3,5,1,0,0,1,5,0,3,6.5,1,2015-16
22015,203912,C.J. Wilcox,1610612746,LAC,LA Clippers,0021500867,2016-02-26,LAC @ SAC,W,11,0,4,0.0,0,2,0.0,0,0,,0,0,0,1,0,1,0,1,0,-1,4.5,1,2015-16
22015,201156,Nick Young,1610612747,LAL,Los Angeles Lakers,0021500868,2016-02-26,LAL vs. MEM,L,17,2,6,0.333,1,5,0.2,1,2,0.5,0,3,3,0,0,2,1,0,6,-18,14.6,1,2015-16
22015,203124,Kyle O'Quinn,1610612752,NYK,New York Knicks,0021500863,2016-02-26,NYK vs. ORL,W,5,0,0,,0,0,,0,0,,1,0,1,0,0,0,0,1,0,5,1.2,1,2015-16
22015,201943,Brandon Jennings,1610612753,ORL,Orlando Magic,0021500863,2016-02-26,ORL @ NYK,L,14,2,6,0.333,1,4,0.25,0,0,,0,1,1,0,0,0,2,0,5,-6,4.2,1,2015-16
22015,203094,Andrew Nicholson,1610612753,ORL,Orlando Magic,0021500863,2016-02-26,ORL @ NYK,L,2,0,0,,0,0,,0,0,,0,1,1,0,0,0,0,0,0,2,1.2,1,2015-16
22015,101145,Monta Ellis,1610612754,IND,Indiana Pacers,0021500861,2016-02-26,IND vs. CHA,L,41,4,13,0.308,0,4,0.0,6,6,1.0,0,6,6,2,0,0,4,1,14,-9,20.2,1,2015-16
22015,201155,Rodney Stuckey,1610612754,IND,Indiana Pacers,0021500861,2016-02-26,IND vs. CHA,L,12,1,6,0.167,0,1,0.0,2,3,0.667,0,5,5,0,1,0,0,0,4,5,13.0,1,2015-16
22015,202331,Paul George,1610612754,IND,Indiana Pacers,0021500861,2016-02-26,IND vs. CHA,L,35,13,26,0.5,2,8,0.25,4,4,1.0,2,4,6,4,3,1,3,5,32,-5,54.2,1,2015-16
22015,202730,Lavoy Allen,1610612754,IND,Indiana Pacers,0021500861,2016-02-26,IND vs. CHA,L,11,1,2,0.5,0,0,,0,0,,1,4,5,0,0,2,0,2,2,-2,14.0,1,2015-16
22015,202397,Ish Smith,1610612755,PHI,Philadelphia 76ers,0021500862,2016-02-26,PHI vs. WAS,L,30,5,15,0.333,0,2,0.0,0,1,0.0,0,7,7,8,2,0,2,2,10,6,34.4,1,2015-16
22015,203457,Nerlens Noel,1610612755,PHI,Philadelphia 76ers,0021500862,2016-02-26,PHI vs. WAS,L,31,3,6,0.5,0,0,,3,4,0.75,1,7,8,2,2,0,2,3,9,-13,25.6,1,2015-16
22015,203496,Robert Covington,1610612755,PHI,Philadelphia 76ers,0021500862,2016-02-26,PHI vs. WAS,L,33,4,9,0.444,3,7,0.429,1,2,0.5,3,9,12,0,3,3,2,5,12,3,42.4,1,2015-16
22015,204456,T.J. McConnell,1610612755,PHI,Philadelphia 76ers,0021500862,2016-02-26,PHI vs. WAS,L,18,5,10,0.5,0,1,0.0,0,0,,0,2,2,2,0,0,0,1,10,-15,15.4,1,2015-16
22015,201158,Marco Belinelli,1610612758,SAC,Sacramento Kings,0021500867,2016-02-26,SAC vs. LAC,L,13,1,4,0.25,0,1,0.0,0,2,0.0,0,1,1,1,0,0,1,1,2,-3,3.7,1,2015-16
22015,203463,Ben McLemore,1610612758,SAC,Sacramento Kings,0021500867,2016-02-26,SAC vs. LAC,L,20,2,4,0.5,1,2,0.5,0,0,,0,0,0,2,0,0,1,3,5,-9,7.0,1,2015-16
22015,202362,Lance Stephenson,1610612763,MEM,Memphis Grizzlies,0021500868,2016-02-26,MEM @ LAL,W,26,7,15,0.467,0,2,0.0,0,0,,2,5,7,3,1,0,1,3,14,5,28.9,1,2015-16
22015,203210,JaMychal Green,1610612763,MEM,Memphis Grizzlies,0021500868,2016-02-26,MEM @ LAL,W,23,4,8,0.5,0,0,,2,2,1.0,1,2,3,0,1,1,3,3,10,-6,16.6,1,2015-16
22015,203798,PJ Hairston,1610612763,MEM,Memphis Grizzlies,0021500868,2016-02-26,MEM @ LAL,W,30,8,13,0.615,5,9,0.556,0,0,,0,4,4,0,1,0,3,4,21,6,25.8,1,2015-16
22015,201196,Ramon Sessions,1610612764,WAS,Washington Wizards,0021500862,2016-02-26,WAS @ PHI,W,20,6,10,0.6,0,0,,0,0,,1,1,2,1,0,0,1,1,12,9,14.9,1,2015-16
22015,203078,Bradley Beal,1610612764,WAS,Washington Wizards,0021500862,2016-02-26,WAS @ PHI,W,28,4,14,0.286,1,6,0.167,0,0,,2,1,3,4,0,0,2,1,9,0,16.6,1,2015-16
22015,203490,Otto Porter Jr.,1610612764,WAS,Washington Wizards,0021500862,2016-02-26,WAS @ PHI,W,29,4,12,0.333,1,4,0.25,0,0,,4,6,10,1,3,1,1,1,9,2,33.5,1,2015-16
22015,2744,Al Jefferson,1610612766,CHA,Charlotte Hornets,0021500861,2016-02-26,CHA @ IND,W,21,4,12,0.333,0,0,,1,2,0.5,1,2,3,1,0,2,1,1,9,-10,19.1,1,2015-16
22015,201584,Courtney Lee,1610612766,CHA,Charlotte Hornets,0021500861,2016-02-26,CHA @ IND,W,39,3,10,0.3,1,5,0.2,0,0,,0,4,4,2,3,0,1,1,7,1,22.8,1,2015-16
22015,202391,Jeremy Lin,1610612766,CHA,Charlotte Hornets,0021500861,2016-02-26,CHA @ IND,W,22,3,8,0.375,1,1,1.0,0,0,,0,3,3,2,0,0,1,2,7,-9,12.6,1,2015-16
22015,2544,LeBron James,1610612739,CLE,Cleveland Cavaliers,0021500864,2016-02-26,CLE @ TOR,L,40,9,18,0.5,2,4,0.5,5,9,0.556,1,7,8,7,1,0,6,2,25,10,42.1,1,2015-16
22015,203503,Tony Snell,1610612741,CHI,Chicago Bulls,0021500865,2016-02-26,CHI @ ATL,L,20,2,8,0.25,0,3,0.0,0,0,,2,0,2,2,0,0,1,3,4,-16,8.4,1,2015-16
22015,203926,Doug McDermott,1610612741,CHI,Chicago Bulls,0021500865,2016-02-26,CHI @ ATL,L,31,6,13,0.462,1,4,0.25,7,7,1.0,3,2,5,0,0,0,0,1,20,-1,26.0,1,2015-16
22015,1626171,Bobby Portis,1610612741,CHI,Chicago Bulls,0021500865,2016-02-26,CHI @ ATL,L,23,3,11,0.273,0,2,0.0,2,2,1.0,2,3,5,1,1,0,1,1,8,-4,17.5,1,2015-16
22015,204001,Kristaps Porziņģis,1610612752,NYK,New York Knicks,0021500863,2016-02-26,NYK vs. ORL,W,25,7,15,0.467,0,3,0.0,4,4,1.0,2,4,6,2,2,2,0,1,18,12,40.2,1,2015-16
22015,204038,Langston Galloway,1610612752,NYK,New York Knicks,0021500863,2016-02-26,NYK vs. ORL,W,17,1,5,0.2,0,1,0.0,0,0,,0,1,1,2,0,0,1,2,2,9,5.2,1,2015-16
22015,201978,Chase Budinger,1610612754,IND,Indiana Pacers,0021500861,2016-02-26,IND vs. CHA,L,12,1,3,0.333,0,0,,2,2,1.0,1,3,4,1,0,0,0,0,4,6,10.3,1,2015-16
22015,1626143,Jahlil Okafor,1610612755,PHI,Philadelphia 76ers,0021500862,2016-02-26,PHI vs. WAS,L,31,9,13,0.692,0,0,,3,4,0.75,2,4,6,2,0,1,1,1,21,-4,33.2,1,2015-16
22015,202689,Kemba Walker,1610612766,CHA,Charlotte Hornets,0021500861,2016-02-26,CHA @ IND,W,37,8,21,0.381,3,7,0.429,3,4,0.75,0,3,3,10,1,0,1,5,22,7,42.6,1,2015-16
22015,203092,Tyler Zeller,1610612738,BOS,Boston Celtics,0021500869,2016-02-27,BOS vs. MIA,W,20,5,12,0.417,0,0,,2,2,1.0,0,3,3,0,0,1,0,1,12,3,18.6,1,2015-16
22015,1626179,Terry Rozier,1610612738,BOS,Boston Celtics,0021500869,2016-02-27,BOS vs. MIA,W,0,0,0,,0,0,,0,0,,0,0,0,0,0,0,0,0,0,0,0.0,1,2015-16
22015,201962,Toney Douglas,1610612740,NOP,New Orleans Pelicans,0021500870,2016-02-27,NOP vs. MIN,L,10,2,3,0.667,0,0,,0,0,,0,2,2,1,1,0,1,2,4,1,9.9,1,2015-16
22015,201166,Aaron Brooks,1610612741,CHI,Chicago Bulls,0021500871,2016-02-27,CHI vs. POR,L,11,2,7,0.286,2,3,0.667,0,0,,0,0,0,3,1,0,2,3,6,-2,11.5,1,2015-16
22015,1626171,Bobby Portis,1610612741,CHI,Chicago Bulls,0021500871,2016-02-27,CHI vs. POR,L,28,5,12,0.417,0,1,0.0,0,0,,4,12,16,2,0,1,0,1,10,-8,35.2,1,2015-16
22015,201935,James Harden,1610612745,HOU,Houston Rockets,0021500872,2016-02-27,HOU vs. SAS,L,41,10,25,0.4,3,8,0.375,4,4,1.0,1,3,4,2,1,0,5,2,27,-12,32.8,1,2015-16
22015,1626149,Montrezl Harrell,1610612745,HOU,Houston Rockets,0021500872,2016-02-27,HOU vs. SAS,L,1,0,0,,0,0,,0,0,,0,0,0,1,0,0,0,0,0,7,1.5,1,2015-16
22015,201609,Goran Dragic,1610612748,MIA,Miami Heat,0021500869,2016-02-27,MIA @ BOS,L,34,9,15,0.6,1,4,0.25,2,2,1.0,1,4,5,5,1,0,4,4,21,-1,33.5,1,2015-16
22015,203101,Miles Plumlee,1610612749,MIL,Milwaukee Bucks,0021500873,2016-02-27,MIL vs. DET,L,21,5,7,0.714,0,0,,0,0,,5,1,6,0,1,2,2,1,10,-5,24.2,1,2015-16
22015,203948,Johnny O'Bryant III,1610612749,MIL,Milwaukee Bucks,0021500873,2016-02-27,MIL vs. DET,L,3,0,1,0.0,0,0,,0,0,,0,1,1,0,0,0,0,0,0,5,1.2,1,2015-16
22015,203940,Adreian Payne,1610612750,MIN,Minnesota Timberwolves,0021500870,2016-02-27,MIN @ NOP,W,12,0,0,,0,0,,1,2,0.5,1,2,3,2,1,0,1,4,1,-1,9.6,1,2015-16
22015,202388,Donald Sloan,1610612751,BKN,Brooklyn Nets,0021500876,2016-02-27,BKN @ UTA,W,27,3,5,0.6,0,1,0.0,4,8,0.5,0,2,2,6,1,0,1,2,10,-3,23.4,1,2015-16
22015,203499,Shane Larkin,1610612751,BKN,Brooklyn Nets,0021500876,2016-02-27,BKN @ UTA,W,21,2,8,0.25,0,1,0.0,0,0,,0,1,1,5,1,0,3,3,4,5,12.7,1,2015-16
22015,202720,Jon Leuer,1610612756,PHX,Phoenix Suns,0021500875,2016-02-27,PHX vs. MEM,W,11,2,8,0.25,2,3,0.667,2,2,1.0,0,1,1,0,1,0,3,2,8,5,9.2,1,2015-16
22015,1626164,Devin Booker,1610612756,PHX,Phoenix Suns,0021500875,2016-02-27,PHX vs. MEM,W,38,6,16,0.375,2,9,0.222,1,2,0.5,2,2,4,2,0,0,2,6,15,17,20.8,1,2015-16
22015,203086,Meyers Leonard,1610612757,POR,Portland Trail Blazers,0021500871,2016-02-27,POR @ CHI,W,21,3,5,0.6,2,3,0.667,0,0,,1,7,8,0,0,0,0,3,8,9,17.6,1,2015-16
22015,203486,Mason Plumlee,1610612757,POR,Portland Trail Blazers,0021500871,2016-02-27,POR @ CHI,W,28,3,5,0.6,0,0,,10,13,0.769,1,8,9,2,1,1,2,5,16,-2,33.8,1,2015-16
22015,200746,LaMarcus Aldridge,1610612759,SAS,San Antonio Spurs,0021500872,2016-02-27,SAS @ HOU,W,33,9,19,0.474,0,1,0.0,8,8,1.0,4,12,16,1,0,1,1,2,26,23,48.7,1,2015-16
22015,201980,Danny Green,1610612759,SAS,San Antonio Spurs,0021500872,2016-02-27,SAS @ HOU,W,31,3,8,0.375,2,6,0.333,0,2,0.0,0,6,6,3,0,1,1,5,8,25,21.7,1,2015-16
22015,201988,Patty Mills,1610612759,SAS,San Antonio Spurs,0021500872,2016-02-27,SAS @ HOU,W,21,1,4,0.25,0,2,0.0,0,0,,0,1,1,2,0,0,1,2,2,-9,5.2,1,2015-16
22015,201142,Kevin Durant,1610612760,OKC,Oklahoma City Thunder,0021500874,2016-02-27,OKC vs. GSW,L,39,13,26,0.5,7,11,0.636,4,4,1.0,0,12,12,5,1,2,5,6,37,15,62.9,1,2015-16
22015,201586,Serge Ibaka,1610612760,OKC,Oklahoma City Thunder,0021500874,2016-02-27,OKC vs. GSW,L,41,7,12,0.583,0,2,0.0,1,2,0.5,5,15,20,1,1,2,1,1,15,-1,48.5,1,2015-16
22015,203500,Steven Adams,1610612760,OKC,Oklahoma City Thunder,0021500874,2016-02-27,OKC vs. GSW,L,28,4,6,0.667,0,0,,2,6,0.333,3,6,9,2,1,0,3,2,10,5,23.8,1,2015-16
22015,203187,Chris Johnson,1610612762,UTA,Utah Jazz,0021500876,2016-02-27,UTA vs. BKN,L,11,2,5,0.4,0,2,0.0,1,1,1.0,0,0,0,0,0,1,1,3,5,5,7.0,1,2015-16
22015,203497,Rudy Gobert,1610612762,UTA,Utah Jazz,0021500876,2016-02-27,UTA vs. BKN,L,35,4,8,0.5,0,0,,4,10,0.4,7,12,19,0,1,6,4,2,12,5,51.8,1,2015-16
22015,203504,Trey Burke,1610612762,UTA,Utah Jazz,0021500876,2016-02-27,UTA vs. BKN,L,6,0,4,0.0,0,1,0.0,0,0,,0,1,1,0,0,0,0,0,0,-7,1.2,1,2015-16
22015,203918,Rodney Hood,1610612762,UTA,Utah Jazz,0021500876,2016-02-27,UTA vs. BKN,L,37,5,15,0.333,2,7,0.286,3,3,1.0,1,2,3,4,1,0,2,1,15,0,25.6,1,2015-16
22015,1713,Vince Carter,1610612763,MEM,Memphis Grizzlies,0021500875,2016-02-27,MEM @ PHX,L,23,1,6,0.167,1,5,0.2,2,2,1.0,0,2,2,0,2,1,0,5,5,1,16.4,1,2015-16
22015,2365,Chris Andersen,1610612763,MEM,Memphis Grizzlies,0021500875,2016-02-27,MEM @ PHX,L,20,1,1,1.0,0,0,,2,4,0.5,2,6,8,0,0,0,0,3,4,-9,13.6,1,2015-16
22015,201144,Mike Conley,1610612763,MEM,Memphis Grizzlies,0021500875,2016-02-27,MEM @ PHX,L,30,6,16,0.375,1,3,0.333,6,7,0.857,1,0,1,8,1,0,2,3,19,0,33.2,1,2015-16
22015,2581,Steve Blake,1610612765,DET,Detroit Pistons,0021500873,2016-02-27,DET @ MIL,W,17,0,4,0.0,0,3,0.0,0,0,,0,2,2,4,1,0,1,2,0,-2,10.4,1,2015-16
22015,202699,Tobias Harris,1610612765,DET,Detroit Pistons,0021500873,2016-02-27,DET @ MIL,W,35,5,14,0.357,2,3,0.667,3,4,0.75,1,3,4,4,1,0,1,1,15,10,27.8,1,2015-16
22015,101161,Amir Johnson,1610612738,BOS,Boston Celtics,0021500869,2016-02-27,BOS vs. MIA,W,19,2,5,0.4,0,0,,1,1,1.0,4,5,9,0,1,2,2,1,5,-6,22.8,1,2015-16
22015,202323,Evan Turner,1610612738,BOS,Boston Celtics,0021500869,2016-02-27,BOS vs. MIA,W,28,6,12,0.5,0,0,,2,3,0.667,2,4,6,9,1,0,0,0,14,7,37.7,1,2015-16
22015,202340,Avery Bradley,1610612738,BOS,Boston Celtics,0021500869,2016-02-27,BOS vs. MIA,W,36,3,8,0.375,1,3,0.333,2,2,1.0,0,1,1,2,1,0,2,3,9,14,14.2,1,2015-16
22015,201582,Alexis Ajinca,1610612740,NOP,New Orleans Pelicans,0021500870,2016-02-27,NOP vs. MIN,L,13,0,2,0.0,0,0,,0,0,,0,3,3,0,0,0,0,4,0,-9,3.6,1,2015-16
22015,201967,Dante Cunningham,1610612740,NOP,New Orleans Pelicans,0021500870,2016-02-27,NOP vs. MIN,L,33,3,9,0.333,0,3,0.0,2,4,0.5,1,1,2,2,0,0,2,2,8,-4,11.4,1,2015-16
22015,202734,E'Twaun Moore,1610612741,CHI,Chicago Bulls,0021500871,2016-02-27,CHI vs. POR,L,38,9,22,0.409,1,3,0.333,0,0,,0,3,3,3,1,0,1,1,19,-5,29.1,1,2015-16
22015,203200,Justin Holiday,1610612741,CHI,Chicago Bulls,0021500871,2016-02-27,CHI vs. POR,L,16,0,1,0.0,0,1,0.0,0,0,,0,1,1,0,0,0,0,0,0,-12,1.2,1,2015-16
22015,2760,Anderson Varejao,1610612744,GSW,Golden State Warriors,0021500874,2016-02-27,GSW @ OKC,W,11,0,2,0.0,0,0,,0,2,0.0,0,1,1,0,1,0,0,2,0,2,4.2,1,2015-16
22015,202691,Klay Thompson,1610612744,GSW,Golden State Warriors,0021500874,2016-02-27,GSW @ OKC,W,39,12,23,0.522,2,9,0.222,6,7,0.857,0,3,3,1,2,1,1,3,32,-1,45.1,1,2015-16
22015,203110,Draymond Green,1610612744,GSW,Golden State Warriors,0021500874,2016-02-27,GSW @ OKC,W,44,0,8,0.0,0,2,0.0,2,5,0.4,3,11,14,14,6,4,3,4,2,10,66.8,1,2015-16
22015,201147,Corey Brewer,1610612745,HOU,Houston Rockets,0021500872,2016-02-27,HOU vs. SAS,L,22,5,7,0.714,0,1,0.0,5,6,0.833,1,3,4,1,0,1,0,2,15,9,24.3,1,2015-16
22015,201976,Patrick Beverley,1610612745,HOU,Houston Rockets,0021500872,2016-02-27,HOU vs. SAS,L,25,3,7,0.429,0,2,0.0,2,2,1.0,0,5,5,1,0,0,1,5,8,-8,14.5,1,2015-16
22015,203093,Terrence Jones,1610612745,HOU,Houston Rockets,0021500872,2016-02-27,HOU vs. SAS,L,3,1,1,1.0,0,0,,0,0,,0,0,0,0,0,0,0,0,2,-9,2.0,1,2015-16
22015,203909,KJ McDaniels,1610612745,HOU,Houston Rockets,0021500872,2016-02-27,HOU vs. SAS,L,1,0,0,,0,0,,2,2,1.0,0,0,0,0,0,0,0,0,2,7,2.0,1,2015-16
22015,101123,Gerald Green,1610612748,MIA,Miami Heat,0021500869,2016-02-27,MIA @ BOS,L,19,0,6,0.0,0,2,0.0,0,0,,0,1,1,1,1,0,1,1,0,-4,4.7,1,2015-16
22015,1626196,Josh Richardson,1610612748,MIA,Miami Heat,0021500869,2016-02-27,MIA @ BOS,L,27,3,4,0.75,0,1,0.0,5,6,0.833,0,2,2,1,2,2,3,4,11,-8,23.9,1,2015-16
22015,203476,Gorgui Dieng,1610612750,MIN,Minnesota Timberwolves,0021500870,2016-02-27,MIN @ NOP,W,38,6,10,0.6,0,0,,0,0,,0,3,3,2,3,2,0,3,12,6,33.6,1,2015-16
22015,203186,Willie Reed,1610612751,BKN,Brooklyn Nets,0021500876,2016-02-27,BKN @ UTA,W,10,3,4,0.75,0,0,,1,1,1.0,1,2,3,0,1,1,0,1,7,6,16.6,1,2015-16
22015,203098,John Jenkins,1610612756,PHX,Phoenix Suns,0021500875,2016-02-27,PHX vs. MEM,W,5,0,0,,0,0,,0,0,,0,0,0,0,0,0,0,0,0,-8,0.0,1,2015-16
22015,203468,CJ McCollum,1610612757,POR,Portland Trail Blazers,0021500871,2016-02-27,POR @ CHI,W,28,1,12,0.083,0,5,0.0,4,4,1.0,1,2,3,7,0,0,3,2,6,5,17.1,1,2015-16
22015,1495,Tim Duncan,1610612759,SAS,San Antonio Spurs,0021500872,2016-02-27,SAS @ HOU,W,25,3,7,0.429,0,0,,0,0,,1,5,6,6,0,1,2,4,6,18,23.2,1,2015-16
22015,2225,Tony Parker,1610612759,SAS,San Antonio Spurs,0021500872,2016-02-27,SAS @ HOU,W,33,5,10,0.5,2,2,1.0,3,4,0.75,0,1,1,4,0,0,2,3,15,7,20.2,1,2015-16
22015,2446,Rasual Butler,1610612759,SAS,San Antonio Spurs,0021500872,2016-02-27,SAS @ HOU,W,5,0,1,0.0,0,0,,0,0,,0,0,0,0,0,0,1,0,0,-9,-1.0,1,2015-16
22015,2561,David West,1610612759,SAS,San Antonio Spurs,0021500872,2016-02-27,SAS @ HOU,W,16,3,4,0.75,0,0,,0,0,,1,0,1,2,2,0,0,1,6,3,16.2,1,2015-16
22015,2564,Boris Diaw,1610612759,SAS,San Antonio Spurs,0021500872,2016-02-27,SAS @ HOU,W,10,1,1,1.0,0,0,,1,2,0.5,0,1,1,2,0,0,1,0,3,0,6.2,1,2015-16
22015,202695,Kawhi Leonard,1610612759,SAS,San Antonio Spurs,0021500872,2016-02-27,SAS @ HOU,W,39,8,13,0.615,3,4,0.75,8,9,0.889,0,8,8,1,1,1,2,3,27,16,42.1,1,2015-16
22015,200751,Randy Foye,1610612760,OKC,Oklahoma City Thunder,0021500874,2016-02-27,OKC vs. GSW,L,6,0,1,0.0,0,1,0.0,0,0,,0,0,0,0,0,0,0,0,0,-6,0.0,1,2015-16
22015,202713,Kyle Singler,1610612760,OKC,Oklahoma City Thunder,0021500874,2016-02-27,OKC vs. GSW,L,23,1,2,0.5,0,0,,0,0,,2,2,4,0,0,0,1,3,2,-8,5.8,1,2015-16
22015,203460,Andre Roberson,1610612760,OKC,Oklahoma City Thunder,0021500874,2016-02-27,OKC vs. GSW,L,37,4,9,0.444,2,4,0.5,0,0,,2,3,5,1,1,0,0,2,10,2,20.5,1,2015-16
22015,202714,Shelvin Mack,1610612762,UTA,Utah Jazz,0021500876,2016-02-27,UTA vs. BKN,L,25,3,7,0.429,0,1,0.0,0,0,,0,2,2,2,0,0,4,2,6,3,7.4,1,2015-16
22015,201148,Brandan Wright,1610612763,MEM,Memphis Grizzlies,0021500875,2016-02-27,MEM @ PHX,L,15,3,3,1.0,0,0,,0,0,,0,4,4,0,3,0,1,3,6,-1,18.8,1,2015-16
22015,203210,JaMychal Green,1610612763,MEM,Memphis Grizzlies,0021500875,2016-02-27,MEM @ PHX,L,16,3,7,0.429,0,1,0.0,0,0,,1,1,2,1,1,1,0,3,6,2,15.9,1,2015-16
22015,203484,Kentavious Caldwell-Pope,1610612765,DET,Detroit Pistons,0021500873,2016-02-27,DET @ MIL,W,35,5,11,0.455,2,7,0.286,0,0,,1,2,3,2,2,0,0,1,12,5,24.6,1,2015-16
22015,201583,Ryan Anderson,1610612740,NOP,New Orleans Pelicans,0021500870,2016-02-27,NOP vs. MIN,L,40,10,18,0.556,3,7,0.429,8,9,0.889,3,11,14,0,1,2,0,3,31,2,56.8,1,2015-16
22015,201950,Jrue Holiday,1610612740,NOP,New Orleans Pelicans,0021500870,2016-02-27,NOP vs. MIN,L,36,8,13,0.615,1,3,0.333,3,3,1.0,0,2,2,8,2,1,6,1,20,4,37.4,1,2015-16
22015,201939,Stephen Curry,1610612744,GSW,Golden State Warriors,0021500874,2016-02-27,GSW @ OKC,W,38,14,24,0.583,12,16,0.75,6,8,0.75,0,3,3,6,2,0,3,1,46,6,61.6,1,2015-16
22015,2405,Amar'e Stoudemire,1610612748,MIA,Miami Heat,0021500869,2016-02-27,MIA @ BOS,L,15,3,7,0.429,0,0,,0,0,,1,4,5,0,0,1,0,1,6,5,15.0,1,2015-16
22015,2736,Luol Deng,1610612748,MIA,Miami Heat,0021500869,2016-02-27,MIA @ BOS,L,34,5,13,0.385,0,3,0.0,1,5,0.2,3,9,12,2,1,0,3,2,11,-6,28.4,1,2015-16
22015,202355,Hassan Whiteside,1610612748,MIA,Miami Heat,0021500869,2016-02-27,MIA @ BOS,L,33,5,9,0.556,0,0,,3,3,1.0,4,11,15,0,1,8,1,3,13,-17,57.0,1,2015-16
22015,1626159,Justise Winslow,1610612748,MIA,Miami Heat,0021500869,2016-02-27,MIA @ BOS,L,32,3,10,0.3,0,1,0.0,0,0,,3,4,7,4,0,1,2,2,6,-6,21.4,1,2015-16
22015,201564,O.J. Mayo,1610612749,MIL,Milwaukee Bucks,0021500873,2016-02-27,MIL vs. DET,L,25,3,5,0.6,3,4,0.75,0,0,,0,2,2,2,0,0,2,5,9,-3,12.4,1,2015-16
22015,202328,Greg Monroe,1610612749,MIL,Milwaukee Bucks,0021500873,2016-02-27,MIL vs. DET,L,27,5,10,0.5,0,0,,0,0,,4,3,7,3,1,1,4,3,10,-6,24.9,1,2015-16
22015,203114,Khris Middleton,1610612749,MIL,Milwaukee Bucks,0021500873,2016-02-27,MIL vs. DET,L,40,11,20,0.55,2,3,0.667,2,2,1.0,1,6,7,2,1,1,1,4,26,-10,42.4,1,2015-16
22015,203507,Giannis Antetokounmpo,1610612749,MIL,Milwaukee Bucks,0021500873,2016-02-27,MIL vs. DET,L,38,3,11,0.273,0,0,,2,2,1.0,2,10,12,7,0,0,3,4,8,-10,29.9,1,2015-16
22015,203953,Jabari Parker,1610612749,MIL,Milwaukee Bucks,0021500873,2016-02-27,MIL vs. DET,L,34,5,10,0.5,0,0,,3,4,0.75,0,5,5,3,0,0,2,2,13,-13,21.5,1,2015-16
22015,203897,Zach LaVine,1610612750,MIN,Minnesota Timberwolves,0021500870,2016-02-27,MIN @ NOP,W,36,11,17,0.647,2,4,0.5,1,1,1.0,0,5,5,1,1,0,2,5,25,6,33.5,1,2015-16
22015,203952,Andrew Wiggins,1610612750,MIN,Minnesota Timberwolves,0021500870,2016-02-27,MIN @ NOP,W,37,5,15,0.333,0,3,0.0,10,10,1.0,0,4,4,4,1,1,2,2,20,4,34.8,1,2015-16
22015,201572,Brook Lopez,1610612751,BKN,Brooklyn Nets,0021500876,2016-02-27,BKN @ UTA,W,34,8,16,0.5,0,0,,3,4,0.75,1,5,6,2,1,1,4,3,19,-3,31.2,1,2015-16
22015,203080,Thomas Robinson,1610612751,BKN,Brooklyn Nets,0021500876,2016-02-27,BKN @ UTA,W,15,2,4,0.5,0,0,,0,0,,2,5,7,5,0,0,1,3,4,11,18.9,1,2015-16
22015,203508,Sergey Karasev,1610612751,BKN,Brooklyn Nets,0021500876,2016-02-27,BKN @ UTA,W,20,2,3,0.667,1,1,1.0,0,0,,0,4,4,1,0,0,0,1,5,12,11.3,1,2015-16
22015,2199,Tyson Chandler,1610612756,PHX,Phoenix Suns,0021500875,2016-02-27,PHX vs. MEM,W,23,3,4,0.75,0,0,,1,2,0.5,3,9,12,1,0,0,4,4,7,-4,18.9,1,2015-16
22015,203458,Alex Len,1610612756,PHX,Phoenix Suns,0021500875,2016-02-27,PHX vs. MEM,W,34,7,11,0.636,0,0,,8,12,0.667,3,13,16,1,1,2,2,3,22,5,49.7,1,2015-16
22015,202329,Al-Farouq Aminu,1610612757,POR,Portland Trail Blazers,0021500871,2016-02-27,POR @ CHI,W,21,1,3,0.333,0,1,0.0,0,0,,1,1,2,1,1,0,0,2,2,-6,8.9,1,2015-16
22015,203943,Noah Vonleh,1610612757,POR,Portland Trail Blazers,0021500871,2016-02-27,POR @ CHI,W,13,2,4,0.5,1,1,1.0,0,1,0.0,1,2,3,0,0,1,1,2,5,-4,10.6,1,2015-16
22015,1626246,Boban Marjanovic,1610612759,SAS,San Antonio Spurs,0021500872,2016-02-27,SAS @ HOU,W,1,0,0,,0,0,,0,0,,0,0,0,0,0,0,0,0,0,-7,0.0,1,2015-16
22015,201566,Russell Westbrook,1610612760,OKC,Oklahoma City Thunder,0021500874,2016-02-27,OKC vs. GSW,L,42,10,29,0.345,0,6,0.0,6,8,0.75,3,4,7,13,2,0,7,4,26,-5,52.9,1,2015-16
22015,203079,Dion Waiters,1610612760,OKC,Oklahoma City Thunder,0021500874,2016-02-27,OKC vs. GSW,L,31,3,7,0.429,0,2,0.0,1,2,0.5,0,0,0,1,0,0,2,2,7,-18,6.5,1,2015-16
22015,202362,Lance Stephenson,1610612763,MEM,Memphis Grizzlies,0021500875,2016-02-27,MEM @ PHX,L,27,4,8,0.5,0,0,,4,4,1.0,0,4,4,3,0,0,1,3,12,-2,20.3,1,2015-16
22015,203798,PJ Hairston,1610612763,MEM,Memphis Grizzlies,0021500875,2016-02-27,MEM @ PHX,L,24,1,5,0.2,1,3,0.333,1,2,0.5,0,2,2,0,0,1,0,1,4,-9,9.4,1,2015-16
22015,202694,Marcus Morris Sr.,1610612765,DET,Detroit Pistons,0021500873,2016-02-27,DET @ MIL,W,41,8,14,0.571,3,6,0.5,1,2,0.5,2,6,8,2,0,0,4,1,20,19,28.6,1,2015-16
22015,1626199,Darrun Hilliard,1610612765,DET,Detroit Pistons,0021500873,2016-02-27,DET @ MIL,W,13,2,4,0.5,2,2,1.0,2,2,1.0,0,1,1,1,0,0,1,1,8,6,9.7,1,2015-16
22015,202738,Isaiah Thomas,1610612738,BOS,Boston Celtics,0021500869,2016-02-27,BOS vs. MIA,W,31,4,17,0.235,1,3,0.333,3,4,0.75,2,1,3,4,1,0,3,2,12,8,21.6,1,2015-16
22015,203109,Jae Crowder,1610612738,BOS,Boston Celtics,0021500869,2016-02-27,BOS vs. MIA,W,33,6,15,0.4,0,6,0.0,2,3,0.667,1,3,4,2,5,0,0,3,14,5,36.8,1,2015-16
22015,201569,Eric Gordon,1610612740,NOP,New Orleans Pelicans,0021500870,2016-02-27,NOP vs. MIN,L,34,9,17,0.529,4,9,0.444,9,10,0.9,0,3,3,2,3,0,3,3,31,-3,43.6,1,2015-16
22015,202087,Alonzo Gee,1610612740,NOP,New Orleans Pelicans,0021500870,2016-02-27,NOP vs. MIN,L,19,1,3,0.333,0,1,0.0,0,0,,1,6,7,0,0,0,0,2,2,0,10.4,1,2015-16
22015,202337,Luke Babbitt,1610612740,NOP,New Orleans Pelicans,0021500870,2016-02-27,NOP vs. MIN,L,6,2,5,0.4,1,2,0.5,0,0,,0,1,1,1,0,1,0,0,5,5,10.7,1,2015-16
22015,2200,Pau Gasol,1610612741,CHI,Chicago Bulls,0021500871,2016-02-27,CHI vs. POR,L,37,9,16,0.563,0,0,,4,5,0.8,3,13,16,14,1,3,3,3,22,3,71.2,1,2015-16
22015,2738,Andre Iguodala,1610612744,GSW,Golden State Warriors,0021500874,2016-02-27,GSW @ OKC,W,34,5,8,0.625,0,2,0.0,2,2,1.0,1,5,6,0,2,0,1,4,12,10,24.2,1,2015-16
22015,101106,Andrew Bogut,1610612744,GSW,Golden State Warriors,0021500874,2016-02-27,GSW @ OKC,W,17,2,3,0.667,0,0,,0,0,,0,0,0,0,0,1,2,2,4,-19,5.0,1,2015-16
22015,203084,Harrison Barnes,1610612744,GSW,Golden State Warriors,0021500874,2016-02-27,GSW @ OKC,W,34,3,9,0.333,0,1,0.0,0,0,,0,1,1,1,0,1,0,3,6,1,11.7,1,2015-16
22015,1891,Jason Terry,1610612745,HOU,Houston Rockets,0021500872,2016-02-27,HOU vs. SAS,L,29,6,10,0.6,3,6,0.5,0,0,,0,1,1,3,0,0,3,2,15,4,17.7,1,2015-16
22015,203487,Michael Carter-Williams,1610612749,MIL,Milwaukee Bucks,0021500873,2016-02-27,MIL vs. DET,L,26,4,10,0.4,0,1,0.0,0,3,0.0,0,4,4,3,0,3,7,3,8,-8,19.3,1,2015-16
22015,203898,Tyler Ennis,1610612749,MIL,Milwaukee Bucks,0021500873,2016-02-27,MIL vs. DET,L,3,1,1,1.0,1,1,1.0,0,0,,0,0,0,0,0,0,0,1,3,3,3.0,1,2015-16
22015,201937,Ricky Rubio,1610612750,MIN,Minnesota Timberwolves,0021500870,2016-02-27,MIN @ NOP,W,36,2,5,0.4,0,1,0.0,5,5,1.0,0,4,4,10,0,0,4,2,9,7,24.8,1,2015-16
22015,203498,Shabazz Muhammad,1610612750,MIN,Minnesota Timberwolves,0021500870,2016-02-27,MIN @ NOP,W,25,3,11,0.273,1,3,0.333,1,2,0.5,2,4,6,1,1,0,0,1,8,-4,19.7,1,2015-16
22015,1626145,Tyus Jones,1610612750,MIN,Minnesota Timberwolves,0021500870,2016-02-27,MIN @ NOP,W,13,2,4,0.5,2,3,0.667,1,2,0.5,1,2,3,3,0,0,1,0,7,-5,14.1,1,2015-16
22015,201152,Thaddeus Young,1610612751,BKN,Brooklyn Nets,0021500876,2016-02-27,BKN @ UTA,W,36,10,16,0.625,1,1,1.0,0,0,,3,5,8,0,3,0,3,3,21,-6,36.6,1,2015-16
22015,201961,Wayne Ellington,1610612751,BKN,Brooklyn Nets,0021500876,2016-02-27,BKN @ UTA,W,36,6,12,0.5,3,6,0.5,1,2,0.5,0,6,6,2,2,0,1,2,16,-3,31.2,1,2015-16
22015,200782,P.J. Tucker,1610612756,PHX,Phoenix Suns,0021500875,2016-02-27,PHX vs. MEM,W,43,6,14,0.429,1,5,0.2,4,5,0.8,5,6,11,7,0,1,0,3,17,13,43.7,1,2015-16
22015,203141,Mirza Teletovic,1610612756,PHX,Phoenix Suns,0021500875,2016-02-27,PHX vs. MEM,W,27,6,13,0.462,4,9,0.444,2,4,0.5,2,5,7,1,1,0,1,5,18,4,29.9,1,2015-16
22015,203515,Phil Pressey,1610612756,PHX,Phoenix Suns,0021500875,2016-02-27,PHX vs. MEM,W,12,0,0,,0,0,,0,0,,1,1,2,4,0,0,2,2,0,-1,6.4,1,2015-16
22015,202334,Ed Davis,1610612757,POR,Portland Trail Blazers,0021500871,2016-02-27,POR @ CHI,W,25,4,6,0.667,0,0,,1,2,0.5,2,7,9,1,3,5,0,0,9,13,45.3,1,2015-16
22015,203937,Kyle Anderson,1610612759,SAS,San Antonio Spurs,0021500872,2016-02-27,SAS @ HOU,W,23,4,8,0.5,1,3,0.333,2,3,0.667,1,2,3,3,1,0,2,1,11,-2,20.1,1,2015-16
22015,2216,Zach Randolph,1610612763,MEM,Memphis Grizzlies,0021500875,2016-02-27,MEM @ PHX,L,28,6,15,0.4,0,0,,7,7,1.0,1,3,4,1,0,0,1,1,19,-5,24.3,1,2015-16
22015,201596,Mario Chalmers,1610612763,MEM,Memphis Grizzlies,0021500875,2016-02-27,MEM @ PHX,L,21,2,7,0.286,0,2,0.0,11,12,0.917,0,1,1,1,3,1,2,1,15,-4,27.7,1,2015-16
22015,202704,Reggie Jackson,1610612765,DET,Detroit Pistons,0021500873,2016-02-27,DET @ MIL,W,31,6,10,0.6,1,4,0.25,9,10,0.9,0,2,2,8,2,0,2,5,22,13,40.4,1,2015-16
22015,202712,Justin Harper,1610612765,DET,Detroit Pistons,0021500873,2016-02-27,DET @ MIL,W,2,0,1,0.0,0,1,0.0,0,0,,0,0,0,0,0,0,0,0,0,-5,0.0,1,2015-16
22015,203083,Andre Drummond,1610612765,DET,Detroit Pistons,0021500873,2016-02-27,DET @ MIL,W,34,7,17,0.412,0,0,,1,6,0.167,7,10,17,2,4,2,1,3,15,6,55.4,1,2015-16
22015,201973,Jonas Jerebko,1610612738,BOS,Boston Celtics,0021500869,2016-02-27,BOS vs. MIA,W,20,3,5,0.6,2,2,1.0,0,0,,0,4,4,2,0,0,2,2,8,5,13.8,1,2015-16
22015,203096,Jared Sullinger,1610612738,BOS,Boston Celtics,0021500869,2016-02-27,BOS vs. MIA,W,25,5,13,0.385,0,0,,2,2,1.0,0,12,12,4,2,3,1,3,12,12,46.4,1,2015-16
22015,203935,Marcus Smart,1610612738,BOS,Boston Celtics,0021500869,2016-02-27,BOS vs. MIA,W,28,5,9,0.556,1,2,0.5,4,5,0.8,3,3,6,3,1,0,1,4,15,12,28.7,1,2015-16
22015,2570,Kendrick Perkins,1610612740,NOP,New Orleans Pelicans,0021500870,2016-02-27,NOP vs. MIN,L,20,1,5,0.2,0,0,,0,0,,1,2,3,1,1,0,2,4,2,-5,8.1,1,2015-16
22015,202708,Norris Cole,1610612740,NOP,New Orleans Pelicans,0021500870,2016-02-27,NOP vs. MIN,L,29,3,9,0.333,1,2,0.5,0,0,,1,4,5,7,1,0,1,3,7,-1,25.5,1,2015-16
22015,2399,Mike Dunleavy,1610612741,CHI,Chicago Bulls,0021500871,2016-02-27,CHI vs. POR,L,28,5,12,0.417,2,7,0.286,1,1,1.0,0,5,5,5,0,0,3,3,13,-1,23.5,1,2015-16
22015,201959,Taj Gibson,1610612741,CHI,Chicago Bulls,0021500871,2016-02-27,CHI vs. POR,L,20,3,5,0.6,0,0,,1,1,1.0,0,3,3,0,0,2,0,5,7,-7,16.6,1,2015-16
22015,203926,Doug McDermott,1610612741,CHI,Chicago Bulls,0021500871,2016-02-27,CHI vs. POR,L,32,6,14,0.429,2,5,0.4,4,5,0.8,0,1,1,1,1,0,0,2,18,-7,23.7,1,2015-16
22015,1626245,Cristiano Felicio,1610612741,CHI,Chicago Bulls,0021500871,2016-02-27,CHI vs. POR,L,2,0,0,,0,0,,0,0,,0,1,1,1,0,0,0,0,0,-2,2.7,1,2015-16
22015,2571,Leandro Barbosa,1610612744,GSW,Golden State Warriors,0021500874,2016-02-27,GSW @ OKC,W,14,2,6,0.333,0,2,0.0,0,0,,0,0,0,0,1,0,0,1,4,4,7.0,1,2015-16
22015,2730,Dwight Howard,1610612745,HOU,Houston Rockets,0021500872,2016-02-27,HOU vs. SAS,L,36,4,11,0.364,0,0,,3,8,0.375,4,10,14,1,1,1,0,5,11,-15,35.3,1,2015-16
22015,2746,Josh Smith,1610612745,HOU,Houston Rockets,0021500872,2016-02-27,HOU vs. SAS,L,29,1,8,0.125,0,2,0.0,0,0,,2,6,8,4,0,0,2,3,2,-7,15.6,1,2015-16
22015,2772,Trevor Ariza,1610612745,HOU,Houston Rockets,0021500872,2016-02-27,HOU vs. SAS,L,39,3,8,0.375,2,4,0.5,0,0,,0,2,2,5,2,2,0,4,8,-14,29.9,1,2015-16
22015,201951,Ty Lawson,1610612745,HOU,Houston Rockets,0021500872,2016-02-27,HOU vs. SAS,L,5,1,3,0.333,0,0,,0,0,,0,0,0,0,1,0,1,1,2,-5,4.0,1,2015-16
22015,202700,Donatas Motiejunas,1610612745,HOU,Houston Rockets,0021500872,2016-02-27,HOU vs. SAS,L,9,1,4,0.25,0,2,0.0,0,0,,1,0,1,1,0,0,2,3,2,-7,2.7,1,2015-16
22015,201177,Josh McRoberts,1610612748,MIA,Miami Heat,0021500869,2016-02-27,MIA @ BOS,L,13,1,4,0.25,0,1,0.0,0,0,,1,1,2,3,0,0,0,2,2,-10,8.9,1,2015-16
22015,200779,Steve Novak,1610612749,MIL,Milwaukee Bucks,0021500873,2016-02-27,MIL vs. DET,L,11,1,2,0.5,1,2,0.5,1,1,1.0,0,0,0,0,0,0,0,0,4,-7,4.0,1,2015-16
22015,1626173,Rashad Vaughn,1610612749,MIL,Milwaukee Bucks,0021500873,2016-02-27,MIL vs. DET,L,12,0,1,0.0,0,1,0.0,0,0,,0,0,0,1,0,0,0,0,0,-1,1.5,1,2015-16
22015,1626157,Karl-Anthony Towns,1610612750,MIN,Minnesota Timberwolves,0021500870,2016-02-27,MIN @ NOP,W,35,13,20,0.65,0,1,0.0,4,8,0.5,3,12,15,4,2,1,1,3,30,5,62.0,1,2015-16
22015,202711,Bojan Bogdanovic,1610612751,BKN,Brooklyn Nets,0021500876,2016-02-27,BKN @ UTA,W,23,3,11,0.273,2,3,0.667,0,0,,0,3,3,0,0,0,2,2,8,-7,9.6,1,2015-16
22015,203900,Markel Brown,1610612751,BKN,Brooklyn Nets,0021500876,2016-02-27,BKN @ UTA,W,18,1,5,0.2,0,2,0.0,2,2,1.0,1,4,5,2,3,0,4,1,4,-2,18.0,1,2015-16
22015,101179,Ronnie Price,1610612756,PHX,Phoenix Suns,0021500875,2016-02-27,PHX vs. MEM,W,23,3,5,0.6,3,5,0.6,3,4,0.75,0,0,0,3,0,0,4,3,12,-2,12.5,1,2015-16
22015,201945,Gerald Henderson,1610612757,POR,Portland Trail Blazers,0021500871,2016-02-27,POR @ CHI,W,27,6,13,0.462,1,2,0.5,0,0,,0,4,4,2,0,0,0,1,13,12,20.8,1,2015-16
22015,203090,Maurice Harkless,1610612757,POR,Portland Trail Blazers,0021500871,2016-02-27,POR @ CHI,W,7,1,3,0.333,0,2,0.0,0,0,,1,1,2,1,0,0,0,0,2,1,5.9,1,2015-16
22015,203459,Allen Crabbe,1610612757,POR,Portland Trail Blazers,0021500871,2016-02-27,POR @ CHI,W,35,5,10,0.5,1,3,0.333,0,0,,0,3,3,2,1,0,0,1,11,14,20.6,1,2015-16
22015,203492,Ray McCallum,1610612759,SAS,San Antonio Spurs,0021500872,2016-02-27,SAS @ HOU,W,1,0,1,0.0,0,1,0.0,0,0,,0,0,0,0,0,0,0,0,0,-7,0.0,1,2015-16
22015,202330,Gordon Hayward,1610612762,UTA,Utah Jazz,0021500876,2016-02-27,UTA vs. BKN,L,35,11,21,0.524,3,5,0.6,2,2,1.0,1,2,3,6,3,0,4,5,27,8,44.6,1,2015-16
22015,202344,Trevor Booker,1610612762,UTA,Utah Jazz,0021500876,2016-02-27,UTA vs. BKN,L,23,3,3,1.0,0,0,,0,0,,3,2,5,0,1,0,1,0,6,-5,14.0,1,2015-16
22015,203526,Raul Neto,1610612762,UTA,Utah Jazz,0021500876,2016-02-27,UTA vs. BKN,L,12,0,4,0.0,0,2,0.0,4,4,1.0,0,2,2,1,3,0,1,1,4,-2,15.9,1,2015-16
22015,204060,Joe Ingles,1610612762,UTA,Utah Jazz,0021500876,2016-02-27,UTA vs. BKN,L,18,3,5,0.6,0,2,0.0,0,0,,0,1,1,1,1,0,1,2,6,-12,10.7,1,2015-16
22015,1626168,Trey Lyles,1610612762,UTA,Utah Jazz,0021500876,2016-02-27,UTA vs. BKN,L,5,1,3,0.333,0,0,,0,0,,0,1,1,0,0,0,0,0,2,-4,3.2,1,2015-16
22015,203382,Aron Baynes,1610612765,DET,Detroit Pistons,0021500873,2016-02-27,DET @ MIL,W,14,1,5,0.2,0,0,,0,0,,4,1,5,1,1,0,0,2,2,5,12.5,1,2015-16
22015,203503,Tony Snell,1610612741,CHI,Chicago Bulls,0021500871,2016-02-27,CHI vs. POR,L,27,0,5,0.0,0,2,0.0,0,0,,3,1,4,4,0,0,0,3,0,1,10.8,1,2015-16
22015,2733,Shaun Livingston,1610612744,GSW,Golden State Warriors,0021500874,2016-02-27,GSW @ OKC,W,19,3,5,0.6,0,0,,1,1,1.0,0,3,3,2,1,0,1,1,7,2,15.6,1,2015-16
22015,201575,Brandon Rush,1610612744,GSW,Golden State Warriors,0021500874,2016-02-27,GSW @ OKC,W,3,0,0,,0,0,,0,0,,0,0,0,0,0,0,0,0,0,-8,0.0,1,2015-16
22015,201578,Marreese Speights,1610612744,GSW,Golden State Warriors,0021500874,2016-02-27,GSW @ OKC,W,12,4,7,0.571,0,0,,0,0,,0,1,1,1,0,0,0,1,8,8,10.7,1,2015-16
22015,2548,Dwyane Wade,1610612748,MIA,Miami Heat,0021500869,2016-02-27,MIA @ BOS,L,33,7,19,0.368,0,1,0.0,5,7,0.714,1,4,5,3,1,0,4,0,19,-13,28.5,1,2015-16
22015,2419,Tayshaun Prince,1610612750,MIN,Minnesota Timberwolves,0021500870,2016-02-27,MIN @ NOP,W,9,0,2,0.0,0,0,,0,0,,0,1,1,1,0,1,0,1,0,-8,5.7,1,2015-16
22015,203462,Archie Goodwin,1610612756,PHX,Phoenix Suns,0021500875,2016-02-27,PHX vs. MEM,W,24,4,9,0.444,0,1,0.0,4,4,1.0,0,3,3,0,1,0,0,0,12,-4,18.6,1,2015-16
22015,203081,Damian Lillard,1610612757,POR,Portland Trail Blazers,0021500871,2016-02-27,POR @ CHI,W,35,12,26,0.462,0,4,0.0,7,7,1.0,0,4,4,4,0,0,4,1,31,-2,37.8,1,2015-16
22015,203613,Jonathon Simmons,1610612759,SAS,San Antonio Spurs,0021500872,2016-02-27,SAS @ HOU,W,2,0,0,,0,0,,0,0,,0,0,0,0,0,0,0,0,0,-8,0.0,1,2015-16
22015,202683,Enes Freedom,1610612760,OKC,Oklahoma City Thunder,0021500874,2016-02-27,OKC vs. GSW,L,18,4,4,1.0,0,0,,3,4,0.75,1,4,5,0,0,0,3,1,11,1,14.0,1,2015-16
22015,202324,Derrick Favors,1610612762,UTA,Utah Jazz,0021500876,2016-02-27,UTA vs. BKN,L,33,5,14,0.357,0,0,,3,5,0.6,4,7,11,0,1,2,3,3,13,-1,32.2,1,2015-16
22015,2440,Matt Barnes,1610612763,MEM,Memphis Grizzlies,0021500875,2016-02-27,MEM @ PHX,L,37,5,12,0.417,3,6,0.5,3,4,0.75,2,4,6,1,1,0,1,3,16,2,26.7,1,2015-16
22015,203493,Reggie Bullock Jr.,1610612765,DET,Detroit Pistons,0021500873,2016-02-27,DET @ MIL,W,18,3,8,0.375,2,4,0.5,0,0,,2,2,4,0,2,0,0,2,8,-2,18.8,1,2015-16
22015,203501,Tim Hardaway Jr.,1610612737,ATL,Atlanta Hawks,0021500878,2016-02-28,ATL vs. CHA,W,25,5,8,0.625,1,2,0.5,0,0,,0,2,2,1,1,1,0,4,11,20,20.9,1,2015-16
22015,202389,Timofey Mozgov,1610612739,CLE,Cleveland Cavaliers,0021500877,2016-02-28,CLE @ WAS,L,25,4,6,0.667,0,0,,2,2,1.0,3,7,10,0,0,2,5,3,10,1,23.0,1,2015-16
22015,202697,Iman Shumpert,1610612739,CLE,Cleveland Cavaliers,0021500877,2016-02-28,CLE @ WAS,L,34,4,12,0.333,1,6,0.167,3,4,0.75,1,4,5,3,3,0,1,3,12,-8,30.5,1,2015-16
22015,1717,Dirk Nowitzki,1610612742,DAL,Dallas Mavericks,0021500882,2016-02-28,DAL vs. MIN,W,17,4,8,0.5,2,3,0.667,0,0,,0,4,4,1,0,2,1,4,10,8,21.3,1,2015-16
22015,101109,Raymond Felton,1610612742,DAL,Dallas Mavericks,0021500882,2016-02-28,DAL vs. MIN,W,27,3,7,0.429,1,4,0.25,0,0,,0,3,3,3,1,0,0,0,7,13,18.1,1,2015-16
22015,203939,Dwight Powell,1610612742,DAL,Dallas Mavericks,0021500882,2016-02-28,DAL vs. MIN,W,9,1,3,0.333,0,2,0.0,0,0,,0,1,1,1,1,0,0,0,2,-1,7.7,1,2015-16
22015,2207,Joe Johnson,1610612748,MIA,Miami Heat,0021500883,2016-02-28,MIA @ NYK,W,30,5,10,0.5,1,3,0.333,1,1,1.0,1,2,3,3,0,0,2,4,12,15,18.1,1,2015-16
22015,2405,Amar'e Stoudemire,1610612748,MIA,Miami Heat,0021500883,2016-02-28,MIA @ NYK,W,22,4,7,0.571,0,0,,0,0,,3,4,7,2,0,1,1,5,8,15,21.4,1,2015-16
22015,201937,Ricky Rubio,1610612750,MIN,Minnesota Timberwolves,0021500882,2016-02-28,MIN @ DAL,L,25,5,11,0.455,1,4,0.25,3,3,1.0,1,1,2,5,0,0,0,0,14,-28,23.9,1,2015-16
22015,203498,Shabazz Muhammad,1610612750,MIN,Minnesota Timberwolves,0021500882,2016-02-28,MIN @ DAL,L,34,7,13,0.538,2,4,0.5,8,10,0.8,5,0,5,0,0,1,3,2,24,-5,30.0,1,2015-16
22015,201577,Robin Lopez,1610612752,NYK,New York Knicks,0021500883,2016-02-28,NYK vs. MIA,L,36,6,9,0.667,0,0,,2,2,1.0,6,8,14,2,0,3,1,2,14,-8,41.8,1,2015-16
22015,1626170,Jerian Grant,1610612752,NYK,New York Knicks,0021500883,2016-02-28,NYK vs. MIA,L,11,1,4,0.25,0,1,0.0,0,0,,0,1,1,1,1,0,1,1,2,-8,6.7,1,2015-16
22015,201228,C.J. Watson,1610612753,ORL,Orlando Magic,0021500881,2016-02-28,ORL vs. PHI,W,24,1,2,0.5,1,2,0.5,0,0,,0,2,2,2,1,0,1,2,3,7,10.4,1,2015-16
22015,203901,Elfrid Payton,1610612753,ORL,Orlando Magic,0021500881,2016-02-28,ORL vs. PHI,W,33,4,9,0.444,0,0,,3,4,0.75,2,2,4,10,1,1,5,3,11,11,31.8,1,2015-16
22015,203932,Aaron Gordon,1610612753,ORL,Orlando Magic,0021500881,2016-02-28,ORL vs. PHI,W,36,7,10,0.7,2,2,1.0,6,6,1.0,1,6,7,3,1,2,1,1,22,15,42.9,1,2015-16
22015,201588,George Hill,1610612754,IND,Indiana Pacers,0021500880,2016-02-28,IND vs. POR,L,29,4,10,0.4,1,3,0.333,5,6,0.833,2,4,6,5,0,0,1,1,14,-18,27.7,1,2015-16
22015,201941,Jordan Hill,1610612754,IND,Indiana Pacers,0021500880,2016-02-28,IND vs. POR,L,24,5,8,0.625,0,0,,5,5,1.0,3,2,5,1,0,2,1,1,15,-19,27.5,1,2015-16
22015,203486,Mason Plumlee,1610612757,POR,Portland Trail Blazers,0021500880,2016-02-28,POR @ IND,W,25,0,3,0.0,0,1,0.0,1,4,0.25,2,6,8,3,0,2,1,2,1,6,20.1,1,2015-16
22015,2449,Luis Scola,1610612761,TOR,Toronto Raptors,0021500879,2016-02-28,TOR @ DET,L,20,0,1,0.0,0,0,,1,2,0.5,0,1,1,0,0,0,0,2,1,-9,2.2,1,2015-16
22015,201942,DeMar DeRozan,1610612761,TOR,Toronto Raptors,0021500879,2016-02-28,TOR @ DET,L,35,9,21,0.429,0,1,0.0,2,3,0.667,2,2,4,7,0,1,0,2,20,-29,38.3,1,2015-16
22015,201949,James Johnson,1610612761,TOR,Toronto Raptors,0021500879,2016-02-28,TOR @ DET,L,17,2,4,0.5,1,2,0.5,0,2,0.0,0,3,3,4,0,0,1,1,5,-2,13.6,1,2015-16
22015,202335,Patrick Patterson,1610612761,TOR,Toronto Raptors,0021500879,2016-02-28,TOR @ DET,L,26,1,3,0.333,1,2,0.5,0,0,,3,0,3,0,2,0,2,2,3,-9,10.6,1,2015-16
22015,202709,Cory Joseph,1610612761,TOR,Toronto Raptors,0021500879,2016-02-28,TOR @ DET,L,20,4,10,0.4,1,3,0.333,1,1,1.0,0,1,1,2,0,0,1,4,10,-13,13.2,1,2015-16
22015,201196,Ramon Sessions,1610612764,WAS,Washington Wizards,0021500877,2016-02-28,WAS vs. CLE,W,19,2,6,0.333,1,1,1.0,5,8,0.625,0,1,1,3,0,0,2,2,10,-9,13.7,1,2015-16
22015,201584,Courtney Lee,1610612766,CHA,Charlotte Hornets,0021500878,2016-02-28,CHA @ ATL,L,22,3,6,0.5,1,2,0.5,2,2,1.0,1,2,3,2,1,0,0,1,9,-9,18.6,1,2015-16
22015,1626163,Frank Kaminsky,1610612766,CHA,Charlotte Hornets,0021500878,2016-02-28,CHA @ ATL,L,18,2,6,0.333,0,4,0.0,0,0,,1,2,3,2,1,0,1,2,4,1,12.6,1,2015-16
22015,203488,Mike Muscala,1610612737,ATL,Atlanta Hawks,0021500878,2016-02-28,ATL vs. CHA,W,13,2,5,0.4,0,0,,0,0,,2,3,5,2,1,1,2,1,4,7,17.0,1,2015-16
22015,2747,JR Smith,1610612739,CLE,Cleveland Cavaliers,0021500877,2016-02-28,CLE @ WAS,L,18,4,8,0.5,0,0,,0,0,,0,4,4,1,2,0,1,4,8,-9,19.3,1,2015-16
22015,201567,Kevin Love,1610612739,CLE,Cleveland Cavaliers,0021500877,2016-02-28,CLE @ WAS,L,24,4,11,0.364,0,1,0.0,4,4,1.0,2,3,5,1,0,0,2,0,12,-14,17.5,1,2015-16
22015,203895,Jordan McRae,1610612739,CLE,Cleveland Cavaliers,0021500877,2016-02-28,CLE @ WAS,L,7,2,4,0.5,1,2,0.5,3,3,1.0,0,1,1,0,0,0,0,0,8,15,9.2,1,2015-16
22015,2546,Carmelo Anthony,1610612752,NYK,New York Knicks,0021500883,2016-02-28,NYK vs. MIA,L,41,9,24,0.375,1,2,0.5,6,7,0.857,1,6,7,4,0,1,3,4,25,-13,39.4,1,2015-16
22015,101181,Jose Calderon,1610612752,NYK,New York Knicks,0021500883,2016-02-28,NYK vs. MIA,L,40,3,13,0.231,1,3,0.333,0,0,,0,0,0,3,1,0,4,2,7,-1,10.5,1,2015-16
22015,101133,Ian Mahinmi,1610612754,IND,Indiana Pacers,0021500880,2016-02-28,IND vs. POR,L,19,3,5,0.6,0,0,,1,3,0.333,0,3,3,2,1,0,0,4,7,-2,16.6,1,2015-16
22015,203457,Nerlens Noel,1610612755,PHI,Philadelphia 76ers,0021500881,2016-02-28,PHI @ ORL,L,17,4,7,0.571,0,0,,2,2,1.0,1,2,3,0,0,1,1,1,10,-23,15.6,1,2015-16
22015,203477,Isaiah Canaan,1610612755,PHI,Philadelphia 76ers,0021500881,2016-02-28,PHI @ ORL,L,34,6,13,0.462,3,9,0.333,3,3,1.0,0,3,3,2,0,0,1,3,18,1,23.6,1,2015-16
22015,203924,Jerami Grant,1610612755,PHI,Philadelphia 76ers,0021500881,2016-02-28,PHI @ ORL,L,38,4,7,0.571,0,2,0.0,5,8,0.625,0,8,8,1,3,5,3,4,13,5,45.1,1,2015-16
22015,1626158,Richaun Holmes,1610612755,PHI,Philadelphia 76ers,0021500881,2016-02-28,PHI @ ORL,L,16,4,4,1.0,0,0,,4,4,1.0,0,4,4,0,1,1,1,2,12,-7,21.8,1,2015-16
22015,201945,Gerald Henderson,1610612757,POR,Portland Trail Blazers,0021500880,2016-02-28,POR @ IND,W,23,8,9,0.889,1,1,1.0,2,2,1.0,1,3,4,3,1,0,0,2,19,11,31.3,1,2015-16
22015,203459,Allen Crabbe,1610612757,POR,Portland Trail Blazers,0021500880,2016-02-28,POR @ IND,W,27,1,5,0.2,1,3,0.333,0,0,,0,4,4,4,0,0,1,1,3,7,12.8,1,2015-16
22015,203468,CJ McCollum,1610612757,POR,Portland Trail Blazers,0021500880,2016-02-28,POR @ IND,W,36,7,20,0.35,2,5,0.4,3,3,1.0,1,2,3,3,0,1,3,3,19,4,27.1,1,2015-16
22015,202687,Bismack Biyombo,1610612761,TOR,Toronto Raptors,0021500879,2016-02-28,TOR @ DET,L,22,1,2,0.5,0,0,,0,0,,1,6,7,0,0,0,0,4,2,1,10.4,1,2015-16
22015,203082,Terrence Ross,1610612761,TOR,Toronto Raptors,0021500879,2016-02-28,TOR @ DET,L,35,10,19,0.526,4,7,0.571,3,3,1.0,0,1,1,1,0,0,0,2,27,-7,29.7,1,2015-16
22015,2403,Nene,1610612764,WAS,Washington Wizards,0021500877,2016-02-28,WAS vs. CLE,W,17,2,4,0.5,0,0,,1,3,0.333,0,4,4,0,0,0,3,3,5,3,6.8,1,2015-16
22015,202699,Tobias Harris,1610612765,DET,Detroit Pistons,0021500879,2016-02-28,DET vs. TOR,W,25,5,9,0.556,2,3,0.667,2,2,1.0,1,6,7,1,0,0,0,2,14,21,23.9,1,2015-16
22015,203382,Aron Baynes,1610612765,DET,Detroit Pistons,0021500879,2016-02-28,DET vs. TOR,W,14,3,3,1.0,0,0,,3,4,0.75,1,3,4,1,0,1,1,2,9,7,17.3,1,2015-16
22015,1626199,Darrun Hilliard,1610612765,DET,Detroit Pistons,0021500879,2016-02-28,DET vs. TOR,W,9,0,2,0.0,0,1,0.0,0,0,,0,0,0,0,0,0,0,2,0,-22,0.0,1,2015-16
22015,2744,Al Jefferson,1610612766,CHA,Charlotte Hornets,0021500878,2016-02-28,CHA @ ATL,L,23,3,11,0.273,0,0,,0,2,0.0,2,5,7,2,0,0,0,1,6,-9,17.4,1,2015-16
22015,101107,Marvin Williams,1610612766,CHA,Charlotte Hornets,0021500878,2016-02-28,CHA @ ATL,L,32,6,18,0.333,4,9,0.444,0,0,,2,7,9,1,0,0,1,0,16,-10,27.3,1,2015-16
22015,200757,Thabo Sefolosha,1610612737,ATL,Atlanta Hawks,0021500878,2016-02-28,ATL vs. CHA,W,16,1,3,0.333,0,0,,0,0,,0,1,1,1,1,0,2,0,2,3,5.7,1,2015-16
22015,203145,Kent Bazemore,1610612737,ATL,Atlanta Hawks,0021500878,2016-02-28,ATL vs. CHA,W,33,6,8,0.75,2,2,1.0,0,0,,1,5,6,3,0,0,1,2,14,4,24.7,1,2015-16
22015,202684,Tristan Thompson,1610612739,CLE,Cleveland Cavaliers,0021500877,2016-02-28,CLE @ WAS,L,21,1,4,0.25,0,0,,0,2,0.0,0,2,2,2,0,0,0,2,2,-16,7.4,1,2015-16
22015,203521,Matthew Dellavedova,1610612739,CLE,Cleveland Cavaliers,0021500877,2016-02-28,CLE @ WAS,L,21,3,7,0.429,2,5,0.4,1,2,0.5,0,0,0,4,1,0,1,3,9,-19,17.0,1,2015-16
22015,2585,Zaza Pachulia,1610612742,DAL,Dallas Mavericks,0021500882,2016-02-28,DAL vs. MIN,W,20,2,4,0.5,0,0,,2,2,1.0,3,4,7,3,1,1,0,3,6,21,24.9,1,2015-16
22015,101114,Deron Williams,1610612742,DAL,Dallas Mavericks,0021500882,2016-02-28,DAL vs. MIN,W,25,4,10,0.4,0,4,0.0,2,2,1.0,2,2,4,9,0,0,0,4,10,21,28.3,1,2015-16
22015,200826,J.J. Barea,1610612742,DAL,Dallas Mavericks,0021500882,2016-02-28,DAL vs. MIN,W,24,5,10,0.5,0,3,0.0,2,2,1.0,1,1,2,7,0,0,3,1,12,-2,21.9,1,2015-16
22015,1626257,Salah Mejri,1610612742,DAL,Dallas Mavericks,0021500882,2016-02-28,DAL vs. MIN,W,6,1,1,1.0,0,0,,0,0,,0,1,1,0,0,1,0,2,2,-1,6.2,1,2015-16
22015,203476,Gorgui Dieng,1610612750,MIN,Minnesota Timberwolves,0021500882,2016-02-28,MIN @ DAL,L,25,3,11,0.273,0,0,,3,5,0.6,7,3,10,0,0,2,2,3,9,-23,25.0,1,2015-16
22015,203897,Zach LaVine,1610612750,MIN,Minnesota Timberwolves,0021500882,2016-02-28,MIN @ DAL,L,41,3,13,0.231,1,6,0.167,3,4,0.75,1,7,8,4,2,0,1,4,10,-25,30.6,1,2015-16
22015,101141,Ersan Ilyasova,1610612753,ORL,Orlando Magic,0021500881,2016-02-28,ORL vs. PHI,W,12,4,5,0.8,2,3,0.667,0,0,,0,3,3,1,0,0,0,3,10,-1,15.1,1,2015-16
22015,201160,Jason Smith,1610612753,ORL,Orlando Magic,0021500881,2016-02-28,ORL vs. PHI,W,20,5,12,0.417,0,0,,2,2,1.0,1,4,5,0,0,1,0,2,12,8,21.0,1,2015-16
22015,202696,Nikola Vučević,1610612753,ORL,Orlando Magic,0021500881,2016-02-28,ORL vs. PHI,W,28,13,18,0.722,0,0,,2,3,0.667,2,4,6,1,1,0,4,6,28,6,35.7,1,2015-16
22015,1626209,Mario Hezonja,1610612753,ORL,Orlando Magic,0021500881,2016-02-28,ORL vs. PHI,W,27,5,9,0.556,2,3,0.667,1,1,1.0,0,2,2,3,1,0,1,5,13,9,21.9,1,2015-16
22015,101145,Monta Ellis,1610612754,IND,Indiana Pacers,0021500880,2016-02-28,IND vs. POR,L,34,6,17,0.353,1,3,0.333,5,5,1.0,2,3,5,5,3,1,2,3,18,-4,41.5,1,2015-16
22015,201155,Rodney Stuckey,1610612754,IND,Indiana Pacers,0021500880,2016-02-28,IND vs. POR,L,19,3,7,0.429,0,1,0.0,0,2,0.0,0,2,2,1,0,0,1,0,6,-8,8.9,1,2015-16
22015,202331,Paul George,1610612754,IND,Indiana Pacers,0021500880,2016-02-28,IND vs. POR,L,30,4,15,0.267,0,4,0.0,3,3,1.0,2,2,4,2,2,0,3,3,11,-13,21.8,1,2015-16
22015,202397,Ish Smith,1610612755,PHI,Philadelphia 76ers,0021500881,2016-02-28,PHI @ ORL,L,36,6,12,0.5,1,3,0.333,4,5,0.8,0,5,5,7,0,0,5,2,17,-11,28.5,1,2015-16
22015,203496,Robert Covington,1610612755,PHI,Philadelphia 76ers,0021500881,2016-02-28,PHI @ ORL,L,30,3,8,0.375,1,5,0.2,7,8,0.875,0,5,5,1,1,0,2,4,14,-4,22.5,1,2015-16
22015,1626143,Jahlil Okafor,1610612755,PHI,Philadelphia 76ers,0021500881,2016-02-28,PHI @ ORL,L,28,12,18,0.667,0,1,0.0,2,4,0.5,2,1,3,3,0,0,3,3,26,-14,31.1,1,2015-16
22015,203086,Meyers Leonard,1610612757,POR,Portland Trail Blazers,0021500880,2016-02-28,POR @ IND,W,21,6,8,0.75,4,5,0.8,1,2,0.5,0,2,2,0,0,0,0,2,17,16,19.4,1,2015-16
22015,203943,Noah Vonleh,1610612757,POR,Portland Trail Blazers,0021500880,2016-02-28,POR @ IND,W,18,2,5,0.4,1,1,1.0,0,0,,0,2,2,0,0,0,3,3,5,-6,4.4,1,2015-16
22015,202322,John Wall,1610612764,WAS,Washington Wizards,0021500877,2016-02-28,WAS vs. CLE,W,29,8,11,0.727,1,3,0.333,4,5,0.8,0,7,7,13,0,0,3,3,21,23,45.9,1,2015-16
22015,2581,Steve Blake,1610612765,DET,Detroit Pistons,0021500879,2016-02-28,DET vs. TOR,W,20,2,3,0.667,2,3,0.667,4,4,1.0,0,0,0,5,0,0,5,2,10,-6,12.5,1,2015-16
22015,203493,Reggie Bullock Jr.,1610612765,DET,Detroit Pistons,0021500879,2016-02-28,DET vs. TOR,W,26,3,6,0.5,2,4,0.5,0,0,,0,2,2,2,0,0,0,2,8,5,13.4,1,2015-16
22015,202689,Kemba Walker,1610612766,CHA,Charlotte Hornets,0021500878,2016-02-28,CHA @ ATL,L,42,3,15,0.2,0,7,0.0,3,4,0.75,2,4,6,5,0,1,0,1,9,-8,26.7,1,2015-16
22015,201143,Al Horford,1610612737,ATL,Atlanta Hawks,0021500878,2016-02-28,ATL vs. CHA,W,31,6,17,0.353,1,3,0.333,0,0,,2,14,16,6,0,1,2,3,13,2,42.2,1,2015-16
22015,101112,Channing Frye,1610612739,CLE,Cleveland Cavaliers,0021500877,2016-02-28,CLE @ WAS,L,24,0,5,0.0,0,4,0.0,0,0,,0,6,6,2,0,0,0,5,0,0,10.2,1,2015-16
22015,202718,Chandler Parsons,1610612742,DAL,Dallas Mavericks,0021500882,2016-02-28,DAL vs. MIN,W,27,10,15,0.667,4,7,0.571,5,5,1.0,1,5,6,4,1,0,0,1,29,31,45.2,1,2015-16
22015,2548,Dwyane Wade,1610612748,MIA,Miami Heat,0021500883,2016-02-28,MIA @ NYK,W,32,9,20,0.45,0,0,,8,10,0.8,1,6,7,6,2,0,2,2,26,8,47.4,1,2015-16
22015,2736,Luol Deng,1610612748,MIA,Miami Heat,0021500883,2016-02-28,MIA @ NYK,W,30,7,12,0.583,0,1,0.0,1,2,0.5,2,5,7,2,1,0,4,0,15,12,25.4,1,2015-16
22015,1626145,Tyus Jones,1610612750,MIN,Minnesota Timberwolves,0021500882,2016-02-28,MIN @ DAL,L,23,2,9,0.222,2,4,0.5,1,1,1.0,0,3,3,6,2,0,0,0,7,1,25.6,1,2015-16
22015,2756,Sasha Vujacic,1610612752,NYK,New York Knicks,0021500883,2016-02-28,NYK vs. MIA,L,10,0,0,,0,0,,0,0,,0,0,0,0,1,0,0,3,0,-1,3.0,1,2015-16
22015,204001,Kristaps Porziņģis,1610612752,NYK,New York Knicks,0021500883,2016-02-28,NYK vs. MIA,L,22,4,13,0.308,1,3,0.333,0,0,,2,6,8,1,0,4,0,4,9,-17,32.1,1,2015-16
22015,1626167,Myles Turner,1610612754,IND,Indiana Pacers,0021500880,2016-02-28,IND vs. POR,L,28,4,12,0.333,0,0,,0,0,,3,5,8,0,1,1,0,3,8,-9,23.6,1,2015-16
22015,1626202,Joe Young,1610612754,IND,Indiana Pacers,0021500880,2016-02-28,IND vs. POR,L,6,1,4,0.25,0,1,0.0,0,0,,0,1,1,1,0,0,1,0,2,12,3.7,1,2015-16
22015,204456,T.J. McConnell,1610612755,PHI,Philadelphia 76ers,0021500881,2016-02-28,PHI @ ORL,L,20,1,5,0.2,0,1,0.0,0,0,,0,2,2,4,1,0,0,1,2,1,13.4,1,2015-16
22015,202334,Ed Davis,1610612757,POR,Portland Trail Blazers,0021500880,2016-02-28,POR @ IND,W,27,2,4,0.5,0,0,,0,0,,2,7,9,1,2,3,0,2,4,9,31.3,1,2015-16
22015,203081,Damian Lillard,1610612757,POR,Portland Trail Blazers,0021500880,2016-02-28,POR @ IND,W,35,11,23,0.478,5,8,0.625,6,6,1.0,0,5,5,2,0,1,2,2,33,4,43.0,1,2015-16
22015,202685,Jonas Valančiūnas,1610612761,TOR,Toronto Raptors,0021500879,2016-02-28,TOR @ DET,L,21,5,6,0.833,0,0,,1,1,1.0,1,4,5,0,1,0,0,4,11,-27,20.0,1,2015-16
22015,203461,Anthony Bennett,1610612761,TOR,Toronto Raptors,0021500879,2016-02-28,TOR @ DET,L,2,1,1,1.0,1,1,1.0,0,0,,0,0,0,0,0,0,0,0,3,5,3.0,1,2015-16
22015,203512,Lucas Nogueira,1610612761,TOR,Toronto Raptors,0021500879,2016-02-28,TOR @ DET,L,6,0,0,,0,0,,0,0,,1,0,1,0,0,0,0,1,0,13,1.2,1,2015-16
22015,1626153,Delon Wright,1610612761,TOR,Toronto Raptors,0021500879,2016-02-28,TOR @ DET,L,31,3,8,0.375,2,4,0.5,5,6,0.833,0,3,3,6,1,0,1,2,13,-1,27.6,1,2015-16
22015,1626181,Norman Powell,1610612761,TOR,Toronto Raptors,0021500879,2016-02-28,TOR @ DET,L,6,3,5,0.6,0,1,0.0,0,0,,0,3,3,1,1,0,0,0,6,13,14.1,1,2015-16
22015,2400,Drew Gooden,1610612764,WAS,Washington Wizards,0021500877,2016-02-28,WAS vs. CLE,W,5,0,3,0.0,0,2,0.0,0,0,,0,1,1,0,0,0,0,0,0,-16,1.2,1,2015-16
22015,101162,Marcin Gortat,1610612764,WAS,Washington Wizards,0021500877,2016-02-28,WAS vs. CLE,W,25,6,8,0.75,0,0,,1,2,0.5,3,6,9,3,0,1,0,0,13,24,31.3,1,2015-16
22015,201162,Jared Dudley,1610612764,WAS,Washington Wizards,0021500877,2016-02-28,WAS vs. CLE,W,22,3,6,0.5,2,4,0.5,0,0,,1,3,4,2,0,0,0,2,8,8,15.8,1,2015-16
22015,201581,JJ Hickson,1610612764,WAS,Washington Wizards,0021500877,2016-02-28,WAS vs. CLE,W,6,1,1,1.0,0,0,,0,0,,1,1,2,0,0,0,1,0,2,-13,3.4,1,2015-16
22015,202066,Garrett Temple,1610612764,WAS,Washington Wizards,0021500877,2016-02-28,WAS vs. CLE,W,22,1,5,0.2,0,3,0.0,0,0,,0,2,2,0,1,0,0,3,2,-6,7.4,1,2015-16
22015,202693,Markieff Morris,1610612764,WAS,Washington Wizards,0021500877,2016-02-28,WAS vs. CLE,W,21,4,8,0.5,0,1,0.0,1,1,1.0,0,3,3,1,2,0,1,3,9,22,19.1,1,2015-16
22015,202694,Marcus Morris Sr.,1610612765,DET,Detroit Pistons,0021500879,2016-02-28,DET vs. TOR,W,32,5,10,0.5,1,3,0.333,3,4,0.75,1,3,4,4,0,0,0,1,14,22,24.8,1,2015-16
22015,202704,Reggie Jackson,1610612765,DET,Detroit Pistons,0021500879,2016-02-28,DET vs. TOR,W,28,7,12,0.583,1,2,0.5,4,4,1.0,0,1,1,8,0,0,2,3,19,19,30.2,1,2015-16
22015,202712,Justin Harper,1610612765,DET,Detroit Pistons,0021500879,2016-02-28,DET vs. TOR,W,16,3,6,0.5,3,5,0.6,0,0,,0,1,1,0,0,0,1,1,9,-17,9.2,1,2015-16
22015,202391,Jeremy Lin,1610612766,CHA,Charlotte Hornets,0021500878,2016-02-28,CHA @ ATL,L,21,4,7,0.571,1,3,0.333,6,7,0.857,0,1,1,1,0,1,1,4,15,-10,19.7,1,2015-16
22015,203469,Cody Zeller,1610612766,CHA,Charlotte Hornets,0021500878,2016-02-28,CHA @ ATL,L,23,1,4,0.25,0,0,,4,6,0.667,2,5,7,0,1,0,2,2,6,-4,15.4,1,2015-16
22015,2594,Kyle Korver,1610612737,ATL,Atlanta Hawks,0021500878,2016-02-28,ATL vs. CHA,W,22,2,4,0.5,0,2,0.0,0,0,,0,4,4,1,0,0,1,1,4,-5,9.3,1,2015-16
22015,200794,Paul Millsap,1610612737,ATL,Atlanta Hawks,0021500878,2016-02-28,ATL vs. CHA,W,27,6,11,0.545,1,2,0.5,0,0,,1,4,5,2,0,1,1,4,13,-1,24.0,1,2015-16
22015,201952,Jeff Teague,1610612737,ATL,Atlanta Hawks,0021500878,2016-02-28,ATL vs. CHA,W,33,4,9,0.444,2,3,0.667,0,0,,0,4,4,9,1,0,5,2,10,4,26.3,1,2015-16
22015,203118,Mike Scott,1610612737,ATL,Atlanta Hawks,0021500878,2016-02-28,ATL vs. CHA,W,25,3,5,0.6,1,2,0.5,1,2,0.5,0,3,3,1,0,1,1,1,8,14,15.1,1,2015-16
22015,203471,Dennis Schröder,1610612737,ATL,Atlanta Hawks,0021500878,2016-02-28,ATL vs. CHA,W,15,3,7,0.429,0,1,0.0,2,3,0.667,0,2,2,3,0,0,0,1,8,7,14.9,1,2015-16
22015,202681,Kyrie Irving,1610612739,CLE,Cleveland Cavaliers,0021500877,2016-02-28,CLE @ WAS,L,32,9,20,0.45,4,8,0.5,6,6,1.0,0,1,1,6,0,0,4,4,28,-22,34.2,1,2015-16
22015,2734,Devin Harris,1610612742,DAL,Dallas Mavericks,0021500882,2016-02-28,DAL vs. MIN,W,17,2,4,0.5,1,2,0.5,0,0,,0,0,0,3,1,0,0,2,5,11,12.5,1,2015-16
22015,101111,Charlie Villanueva,1610612742,DAL,Dallas Mavericks,0021500882,2016-02-28,DAL vs. MIN,W,13,2,4,0.5,0,2,0.0,3,3,1.0,0,4,4,0,1,0,0,3,7,1,14.8,1,2015-16
22015,101135,David Lee,1610612742,DAL,Dallas Mavericks,0021500882,2016-02-28,DAL vs. MIN,W,22,6,9,0.667,0,0,,1,1,1.0,1,8,9,1,2,1,2,3,13,7,32.3,1,2015-16
22015,202083,Wesley Matthews,1610612742,DAL,Dallas Mavericks,0021500882,2016-02-28,DAL vs. MIN,W,24,5,10,0.5,3,6,0.5,2,2,1.0,0,0,0,2,1,1,0,3,15,29,24.0,1,2015-16
22015,1626147,Justin Anderson,1610612742,DAL,Dallas Mavericks,0021500882,2016-02-28,DAL vs. MIN,W,9,2,4,0.5,2,3,0.667,4,4,1.0,0,2,2,0,0,0,2,0,10,-3,10.4,1,2015-16
22015,201609,Goran Dragic,1610612748,MIA,Miami Heat,0021500883,2016-02-28,MIA @ NYK,W,33,5,12,0.417,0,3,0.0,3,4,0.75,0,3,3,6,1,1,3,0,13,17,28.6,1,2015-16
22015,202355,Hassan Whiteside,1610612748,MIA,Miami Heat,0021500883,2016-02-28,MIA @ NYK,W,26,7,13,0.538,0,0,,2,2,1.0,5,6,11,0,3,2,2,4,16,2,42.2,1,2015-16
22015,1626159,Justise Winslow,1610612748,MIA,Miami Heat,0021500883,2016-02-28,MIA @ NYK,W,36,0,4,0.0,0,0,,0,0,,0,13,13,4,0,0,1,2,0,7,20.6,1,2015-16
22015,1626196,Josh Richardson,1610612748,MIA,Miami Heat,0021500883,2016-02-28,MIA @ NYK,W,30,3,6,0.5,0,1,0.0,2,2,1.0,0,3,3,2,2,0,0,1,8,9,20.6,1,2015-16
22015,203940,Adreian Payne,1610612750,MIN,Minnesota Timberwolves,0021500882,2016-02-28,MIN @ DAL,L,21,2,6,0.333,0,0,,3,4,0.75,3,5,8,0,0,0,1,0,7,4,15.6,1,2015-16
22015,203952,Andrew Wiggins,1610612750,MIN,Minnesota Timberwolves,0021500882,2016-02-28,MIN @ DAL,L,30,5,14,0.357,0,1,0.0,5,8,0.625,2,2,4,1,0,0,3,2,15,-33,18.3,1,2015-16
22015,1626157,Karl-Anthony Towns,1610612750,MIN,Minnesota Timberwolves,0021500882,2016-02-28,MIN @ DAL,L,26,6,9,0.667,0,0,,0,2,0.0,4,7,11,3,0,0,4,3,12,-25,25.7,1,2015-16
22015,202498,Lance Thomas,1610612752,NYK,New York Knicks,0021500883,2016-02-28,NYK vs. MIA,L,33,4,9,0.444,2,2,1.0,2,2,1.0,0,3,3,1,1,0,1,4,12,-4,19.1,1,2015-16
22015,202682,Derrick Williams,1610612752,NYK,New York Knicks,0021500883,2016-02-28,NYK vs. MIA,L,12,2,5,0.4,0,0,,1,1,1.0,0,1,1,0,0,1,1,0,5,-9,8.2,1,2015-16
22015,204038,Langston Galloway,1610612752,NYK,New York Knicks,0021500883,2016-02-28,NYK vs. MIA,L,35,3,10,0.3,1,4,0.25,0,0,,3,2,5,4,4,0,0,3,7,-24,31.0,1,2015-16
22015,201943,Brandon Jennings,1610612753,ORL,Orlando Magic,0021500881,2016-02-28,ORL vs. PHI,W,16,1,4,0.25,1,2,0.5,0,0,,0,3,3,5,0,2,0,2,3,-1,20.1,1,2015-16
22015,203506,Victor Oladipo,1610612753,ORL,Orlando Magic,0021500881,2016-02-28,ORL vs. PHI,W,44,9,17,0.529,2,4,0.5,8,9,0.889,0,1,1,3,4,0,0,3,28,16,45.7,1,2015-16
22015,201978,Chase Budinger,1610612754,IND,Indiana Pacers,0021500880,2016-02-28,IND vs. POR,L,15,2,4,0.5,0,1,0.0,0,0,,2,3,5,1,0,0,0,1,4,15,11.5,1,2015-16
22015,202730,Lavoy Allen,1610612754,IND,Indiana Pacers,0021500880,2016-02-28,IND vs. POR,L,16,4,5,0.8,0,0,,0,0,,5,3,8,2,0,1,0,1,8,-1,23.6,1,2015-16
22015,203524,Solomon Hill,1610612754,IND,Indiana Pacers,0021500880,2016-02-28,IND vs. POR,L,15,2,3,0.667,1,1,1.0,0,0,,0,3,3,1,0,0,0,0,5,-10,10.1,1,2015-16
22015,203922,Glenn Robinson III,1610612754,IND,Indiana Pacers,0021500880,2016-02-28,IND vs. POR,L,6,2,3,0.667,0,0,,0,1,0.0,0,2,2,0,0,0,0,0,4,12,6.4,1,2015-16
22015,203917,Nik Stauskas,1610612755,PHI,Philadelphia 76ers,0021500881,2016-02-28,PHI @ ORL,L,20,1,3,0.333,0,1,0.0,2,3,0.667,0,1,1,2,0,0,1,1,4,-18,7.2,1,2015-16
22015,202329,Al-Farouq Aminu,1610612757,POR,Portland Trail Blazers,0021500880,2016-02-28,POR @ IND,W,30,4,4,1.0,0,0,,2,4,0.5,2,6,8,3,1,0,2,3,10,-6,25.1,1,2015-16
22015,101187,Alan Anderson,1610612764,WAS,Washington Wizards,0021500877,2016-02-28,WAS vs. CLE,W,15,1,5,0.2,1,4,0.25,2,3,0.667,0,3,3,2,1,0,0,1,5,6,14.6,1,2015-16
22015,203078,Bradley Beal,1610612764,WAS,Washington Wizards,0021500877,2016-02-28,WAS vs. CLE,W,26,5,10,0.5,2,5,0.4,5,5,1.0,1,2,3,1,2,0,1,3,17,20,27.1,1,2015-16
22015,203490,Otto Porter Jr.,1610612764,WAS,Washington Wizards,0021500877,2016-02-28,WAS vs. CLE,W,27,6,9,0.667,4,6,0.667,5,7,0.714,0,5,5,3,0,1,1,3,21,21,33.5,1,2015-16
22015,1626162,Kelly Oubre Jr.,1610612764,WAS,Washington Wizards,0021500877,2016-02-28,WAS vs. CLE,W,6,0,3,0.0,0,2,0.0,0,0,,0,1,1,0,0,0,1,3,0,-13,0.2,1,2015-16
22015,201587,Nicolas Batum,1610612766,CHA,Charlotte Hornets,0021500878,2016-02-28,CHA @ ATL,L,39,1,6,0.167,0,4,0.0,0,0,,0,4,4,1,2,1,1,0,2,-8,16.3,1,2015-16
22015,2210,Richard Jefferson,1610612739,CLE,Cleveland Cavaliers,0021500877,2016-02-28,CLE @ WAS,L,33,1,3,0.333,1,3,0.333,7,7,1.0,0,5,5,1,0,0,0,2,10,2,17.5,1,2015-16
22015,204014,Damjan Rudez,1610612750,MIN,Minnesota Timberwolves,0021500882,2016-02-28,MIN @ DAL,L,14,1,4,0.25,1,4,0.25,0,0,,0,2,2,0,1,0,1,3,3,-1,7.4,1,2015-16
22015,201202,Joel Anthony,1610612765,DET,Detroit Pistons,0021500879,2016-02-28,DET vs. TOR,W,4,0,0,,0,0,,0,0,,0,0,0,0,0,0,0,2,0,-13,0.0,1,2015-16
22015,203083,Andre Drummond,1610612765,DET,Detroit Pistons,0021500879,2016-02-28,DET vs. TOR,W,30,6,10,0.6,0,0,,3,8,0.375,4,14,18,2,1,0,0,1,15,19,42.6,1,2015-16
22015,203484,Kentavious Caldwell-Pope,1610612765,DET,Detroit Pistons,0021500879,2016-02-28,DET vs. TOR,W,36,7,10,0.7,1,2,0.5,1,1,1.0,0,1,1,5,1,0,1,2,16,30,26.7,1,2015-16
22015,203087,Jeremy Lamb,1610612766,CHA,Charlotte Hornets,0021500878,2016-02-28,CHA @ ATL,L,20,4,8,0.5,1,3,0.333,0,2,0.0,0,1,1,2,2,1,0,1,9,2,22.2,1,2015-16
22015,203092,Tyler Zeller,1610612738,BOS,Boston Celtics,0021500886,2016-02-29,BOS vs. UTA,W,18,3,10,0.3,0,0,,4,4,1.0,3,3,6,0,0,2,1,3,10,5,22.2,1,2015-16
22015,203109,Jae Crowder,1610612738,BOS,Boston Celtics,0021500886,2016-02-29,BOS vs. UTA,W,34,7,12,0.583,3,5,0.6,5,7,0.714,0,3,3,4,2,1,0,1,22,7,40.6,1,2015-16
22015,203521,Matthew Dellavedova,1610612739,CLE,Cleveland Cavaliers,0021500884,2016-02-29,CLE vs. IND,W,22,2,6,0.333,2,5,0.4,0,0,,0,0,0,5,0,0,1,1,6,1,12.5,1,2015-16
22015,201571,D.J. Augustin,1610612743,DEN,Denver Nuggets,0021500888,2016-02-29,DEN vs. MEM,L,15,5,8,0.625,1,2,0.5,0,1,0.0,0,1,1,2,0,0,2,5,11,-4,13.2,1,2015-16
22015,203999,Nikola Jokić,1610612743,DEN,Denver Nuggets,0021500888,2016-02-29,DEN vs. MEM,L,19,3,4,0.75,0,0,,4,4,1.0,0,6,6,3,1,1,3,2,10,-2,24.7,1,2015-16
22015,202700,Donatas Motiejunas,1610612745,HOU,Houston Rockets,0021500887,2016-02-29,HOU @ MIL,L,19,1,3,0.333,1,1,1.0,3,4,0.75,2,3,5,2,1,0,2,2,6,-5,16.0,1,2015-16
22015,200755,JJ Redick,1610612746,LAC,LA Clippers,0021500890,2016-02-29,LAC vs. BKN,W,32,6,16,0.375,3,5,0.6,4,4,1.0,0,1,1,2,1,0,0,1,19,5,26.2,1,2015-16
22015,201599,DeAndre Jordan,1610612746,LAC,LA Clippers,0021500890,2016-02-29,LAC vs. BKN,W,36,5,8,0.625,0,0,,0,0,,1,9,10,1,0,1,2,3,10,0,24.5,1,2015-16
22015,202325,Wesley Johnson,1610612746,LAC,LA Clippers,0021500890,2016-02-29,LAC vs. BKN,W,25,3,6,0.5,0,2,0.0,0,0,,0,5,5,0,1,0,2,2,6,0,13.0,1,2015-16
22015,203143,Pablo Prigioni,1610612746,LAC,LA Clippers,0021500890,2016-02-29,LAC vs. BKN,W,12,1,1,1.0,0,0,,0,0,,1,1,2,1,0,0,1,0,2,5,4.9,1,2015-16
22015,203114,Khris Middleton,1610612749,MIL,Milwaukee Bucks,0021500887,2016-02-29,MIL vs. HOU,W,44,7,10,0.7,1,3,0.333,15,15,1.0,1,2,3,4,5,1,2,3,30,4,55.6,1,2015-16
22015,203507,Giannis Antetokounmpo,1610612749,MIL,Milwaukee Bucks,0021500887,2016-02-29,MIL vs. HOU,W,42,7,13,0.538,0,1,0.0,4,11,0.364,0,16,16,11,4,2,5,4,18,13,66.7,1,2015-16
22015,203080,Thomas Robinson,1610612751,BKN,Brooklyn Nets,0021500890,2016-02-29,BKN @ LAC,L,13,2,4,0.5,0,0,,1,2,0.5,3,7,10,1,1,0,0,1,5,-6,21.5,1,2015-16
22015,203508,Sergey Karasev,1610612751,BKN,Brooklyn Nets,0021500890,2016-02-29,BKN @ LAC,L,13,0,1,0.0,0,1,0.0,0,0,,0,1,1,0,1,1,1,1,0,-10,6.2,1,2015-16
22015,202331,Paul George,1610612754,IND,Indiana Pacers,0021500884,2016-02-29,IND @ CLE,L,36,7,16,0.438,4,9,0.444,5,5,1.0,2,6,8,6,2,0,2,2,23,-11,45.6,1,2015-16
22015,1626167,Myles Turner,1610612754,IND,Indiana Pacers,0021500884,2016-02-29,IND @ CLE,L,29,4,8,0.5,0,0,,0,0,,1,3,4,1,0,2,0,5,8,0,20.3,1,2015-16
22015,202397,Ish Smith,1610612755,PHI,Philadelphia 76ers,0021500885,2016-02-29,PHI @ WAS,L,34,9,18,0.5,3,6,0.5,4,7,0.571,0,1,1,7,2,1,2,1,25,-5,43.7,1,2015-16
22015,203924,Jerami Grant,1610612755,PHI,Philadelphia 76ers,0021500885,2016-02-29,PHI @ WAS,L,35,6,11,0.545,0,2,0.0,2,4,0.5,2,4,6,4,0,2,2,2,14,-3,31.2,1,2015-16
22015,201585,Kosta Koufos,1610612758,SAC,Sacramento Kings,0021500889,2016-02-29,SAC vs. OKC,L,14,1,5,0.2,0,0,,1,2,0.5,3,2,5,0,0,0,0,0,3,-5,9.0,1,2015-16
22015,202713,Kyle Singler,1610612760,OKC,Oklahoma City Thunder,0021500889,2016-02-29,OKC @ SAC,W,21,4,6,0.667,3,5,0.6,0,0,,1,1,2,1,0,0,0,3,11,17,14.9,1,2015-16
22015,203079,Dion Waiters,1610612760,OKC,Oklahoma City Thunder,0021500889,2016-02-29,OKC @ SAC,W,32,8,11,0.727,3,5,0.6,3,5,0.6,0,2,2,2,1,0,3,0,22,30,27.4,1,2015-16
22015,203956,Mitch McGary,1610612760,OKC,Oklahoma City Thunder,0021500889,2016-02-29,OKC @ SAC,W,2,1,2,0.5,0,0,,0,0,,0,0,0,0,0,0,1,0,2,-6,1.0,1,2015-16
22015,1626166,Cameron Payne,1610612760,OKC,Oklahoma City Thunder,0021500889,2016-02-29,OKC @ SAC,W,2,0,0,,0,0,,0,0,,0,1,1,0,0,0,1,0,0,-6,0.2,1,2015-16
22015,202330,Gordon Hayward,1610612762,UTA,Utah Jazz,0021500886,2016-02-29,UTA @ BOS,L,38,6,20,0.3,2,5,0.4,2,4,0.5,2,2,4,6,0,0,2,3,16,-5,27.8,1,2015-16
22015,201596,Mario Chalmers,1610612763,MEM,Memphis Grizzlies,0021500888,2016-02-29,MEM @ DEN,W,23,3,6,0.5,1,2,0.5,8,8,1.0,0,2,2,3,2,0,0,4,15,7,27.9,1,2015-16
22015,203210,JaMychal Green,1610612763,MEM,Memphis Grizzlies,0021500888,2016-02-29,MEM @ DEN,W,12,1,2,0.5,0,0,,0,0,,0,0,0,0,0,0,1,2,2,-1,1.0,1,2015-16
22015,201162,Jared Dudley,1610612764,WAS,Washington Wizards,0021500885,2016-02-29,WAS vs. PHI,W,12,1,2,0.5,1,2,0.5,1,2,0.5,1,3,4,1,0,0,2,4,4,-1,8.3,1,2015-16
22015,202738,Isaiah Thomas,1610612738,BOS,Boston Celtics,0021500886,2016-02-29,BOS vs. UTA,W,30,8,19,0.421,0,3,0.0,2,3,0.667,1,1,2,9,0,0,3,0,18,-1,30.9,1,2015-16
22015,202697,Iman Shumpert,1610612739,CLE,Cleveland Cavaliers,0021500884,2016-02-29,CLE vs. IND,W,17,0,6,0.0,0,3,0.0,0,0,,0,0,0,1,0,0,0,2,0,-4,1.5,1,2015-16
22015,202702,Kenneth Faried,1610612743,DEN,Denver Nuggets,0021500888,2016-02-29,DEN vs. MEM,L,28,8,12,0.667,0,0,,0,0,,4,7,11,4,1,0,1,3,16,-5,37.2,1,2015-16
22015,2730,Dwight Howard,1610612745,HOU,Houston Rockets,0021500887,2016-02-29,HOU @ MIL,L,35,12,19,0.632,0,0,,6,14,0.429,7,6,13,0,0,0,2,4,30,-1,43.6,1,2015-16
22015,2746,Josh Smith,1610612745,HOU,Houston Rockets,0021500887,2016-02-29,HOU @ MIL,L,25,4,11,0.364,2,6,0.333,0,1,0.0,1,1,2,3,1,0,1,3,10,10,18.9,1,2015-16
22015,201935,James Harden,1610612745,HOU,Houston Rockets,0021500887,2016-02-29,HOU @ MIL,L,40,8,16,0.5,3,7,0.429,7,7,1.0,0,6,6,9,3,0,4,3,26,9,51.7,1,2015-16
22015,201976,Patrick Beverley,1610612745,HOU,Houston Rockets,0021500887,2016-02-29,HOU @ MIL,L,38,4,13,0.308,1,6,0.167,4,5,0.8,1,2,3,3,2,0,3,4,13,12,24.1,1,2015-16
22015,101108,Chris Paul,1610612746,LAC,LA Clippers,0021500890,2016-02-29,LAC vs. BKN,W,36,8,15,0.533,1,5,0.2,6,6,1.0,1,5,6,12,2,0,3,3,23,5,51.2,1,2015-16
22015,1626173,Rashad Vaughn,1610612749,MIL,Milwaukee Bucks,0021500887,2016-02-29,MIL vs. HOU,W,14,3,3,1.0,1,1,1.0,0,0,,0,0,0,1,0,0,0,1,7,-2,8.5,1,2015-16
22015,202388,Donald Sloan,1610612751,BKN,Brooklyn Nets,0021500890,2016-02-29,BKN @ LAC,L,24,2,8,0.25,1,3,0.333,5,6,0.833,0,3,3,4,2,0,2,0,10,-5,23.6,1,2015-16
22015,203930,Sean Kilpatrick,1610612751,BKN,Brooklyn Nets,0021500890,2016-02-29,BKN @ LAC,L,0,0,0,,0,0,,0,0,,0,0,0,0,0,0,0,0,0,-3,0.0,1,2015-16
22015,101133,Ian Mahinmi,1610612754,IND,Indiana Pacers,0021500884,2016-02-29,IND @ CLE,L,21,1,6,0.167,0,0,,0,0,,1,6,7,0,2,4,3,4,2,1,25.4,1,2015-16
22015,101145,Monta Ellis,1610612754,IND,Indiana Pacers,0021500884,2016-02-29,IND @ CLE,L,35,10,21,0.476,2,3,0.667,6,7,0.857,0,1,1,2,1,0,2,2,28,-14,33.2,1,2015-16
22015,203477,Isaiah Canaan,1610612755,PHI,Philadelphia 76ers,0021500885,2016-02-29,PHI @ WAS,L,32,5,12,0.417,3,8,0.375,0,1,0.0,0,3,3,3,0,0,0,1,13,2,21.1,1,2015-16
22015,204456,T.J. McConnell,1610612755,PHI,Philadelphia 76ers,0021500885,2016-02-29,PHI @ WAS,L,17,4,7,0.571,0,0,,0,0,,0,4,4,6,0,0,0,1,8,-11,21.8,1,2015-16
22015,201566,Russell Westbrook,1610612760,OKC,Oklahoma City Thunder,0021500889,2016-02-29,OKC @ SAC,W,35,6,8,0.75,2,3,0.667,6,7,0.857,2,11,13,15,3,0,7,2,20,2,60.1,1,2015-16
22015,203187,Chris Johnson,1610612762,UTA,Utah Jazz,0021500886,2016-02-29,UTA @ BOS,L,13,1,2,0.5,0,1,0.0,0,0,,0,0,0,1,2,0,1,2,2,-3,8.5,1,2015-16
22015,203918,Rodney Hood,1610612762,UTA,Utah Jazz,0021500886,2016-02-29,UTA @ BOS,L,35,4,17,0.235,1,7,0.143,2,2,1.0,1,3,4,7,0,0,0,1,11,4,26.3,1,2015-16
22015,1713,Vince Carter,1610612763,MEM,Memphis Grizzlies,0021500888,2016-02-29,MEM @ DEN,W,19,1,7,0.143,0,3,0.0,2,2,1.0,0,0,0,1,1,1,2,1,4,0,9.5,1,2015-16
22015,1626185,Jarell Martin,1610612763,MEM,Memphis Grizzlies,0021500888,2016-02-29,MEM @ DEN,W,12,1,2,0.5,0,0,,0,0,,1,3,4,0,0,0,0,1,2,3,6.8,1,2015-16
22015,101162,Marcin Gortat,1610612764,WAS,Washington Wizards,0021500885,2016-02-29,WAS vs. PHI,W,41,7,14,0.5,0,0,,4,5,0.8,7,13,20,5,0,3,1,2,18,8,57.5,1,2015-16
22015,201581,JJ Hickson,1610612764,WAS,Washington Wizards,0021500885,2016-02-29,WAS vs. PHI,W,5,0,1,0.0,0,1,0.0,0,0,,0,2,2,0,0,0,1,0,0,2,1.4,1,2015-16
22015,202322,John Wall,1610612764,WAS,Washington Wizards,0021500885,2016-02-29,WAS vs. PHI,W,42,13,26,0.5,2,4,0.5,9,12,0.75,1,3,4,7,3,1,2,1,37,8,62.3,1,2015-16
22015,203078,Bradley Beal,1610612764,WAS,Washington Wizards,0021500885,2016-02-29,WAS vs. PHI,W,31,7,20,0.35,0,3,0.0,2,2,1.0,0,1,1,1,0,0,1,1,16,7,17.7,1,2015-16
22015,203490,Otto Porter Jr.,1610612764,WAS,Washington Wizards,0021500885,2016-02-29,WAS vs. PHI,W,26,4,10,0.4,2,6,0.333,0,0,,3,3,6,3,0,1,4,0,10,1,20.7,1,2015-16
22015,101161,Amir Johnson,1610612738,BOS,Boston Celtics,0021500886,2016-02-29,BOS vs. UTA,W,21,1,5,0.2,0,1,0.0,3,4,0.75,4,5,9,3,1,2,1,4,5,-7,28.3,1,2015-16
22015,202323,Evan Turner,1610612738,BOS,Boston Celtics,0021500886,2016-02-29,BOS vs. UTA,W,28,4,6,0.667,0,0,,0,0,,1,5,6,4,2,1,2,0,8,8,28.2,1,2015-16
22015,203096,Jared Sullinger,1610612738,BOS,Boston Celtics,0021500886,2016-02-29,BOS vs. UTA,W,27,4,10,0.4,0,1,0.0,0,2,0.0,0,9,9,3,0,1,0,2,8,1,26.3,1,2015-16
22015,2747,JR Smith,1610612739,CLE,Cleveland Cavaliers,0021500884,2016-02-29,CLE vs. IND,W,34,4,14,0.286,3,10,0.3,0,0,,1,2,3,0,1,0,0,1,11,10,17.6,1,2015-16
22015,201567,Kevin Love,1610612739,CLE,Cleveland Cavaliers,0021500884,2016-02-29,CLE vs. IND,W,40,4,14,0.286,1,5,0.2,4,4,1.0,1,7,8,6,0,1,1,3,13,2,33.6,1,2015-16
22015,202389,Timofey Mozgov,1610612739,CLE,Cleveland Cavaliers,0021500884,2016-02-29,CLE vs. IND,W,16,0,1,0.0,0,0,,1,2,0.5,3,5,8,0,0,0,0,1,1,-6,10.6,1,2015-16
22015,202684,Tristan Thompson,1610612739,CLE,Cleveland Cavaliers,0021500884,2016-02-29,CLE vs. IND,W,31,6,7,0.857,0,0,,2,3,0.667,3,8,11,0,0,1,0,2,14,7,30.2,1,2015-16
22015,203530,Joffrey Lauvergne,1610612743,DEN,Denver Nuggets,0021500888,2016-02-29,DEN vs. MEM,L,19,5,8,0.625,0,1,0.0,1,1,1.0,1,2,3,2,0,0,1,2,11,-5,16.6,1,2015-16
22015,203960,JaKarr Sampson,1610612743,DEN,Denver Nuggets,0021500888,2016-02-29,DEN vs. MEM,L,30,3,5,0.6,1,2,0.5,0,0,,0,2,2,1,0,0,3,3,7,-5,7.9,1,2015-16
22015,2772,Trevor Ariza,1610612745,HOU,Houston Rockets,0021500887,2016-02-29,HOU @ MIL,L,35,6,9,0.667,4,7,0.571,4,4,1.0,4,4,8,11,2,0,1,4,20,10,51.1,1,2015-16
22015,203093,Terrence Jones,1610612745,HOU,Houston Rockets,0021500887,2016-02-29,HOU @ MIL,L,12,2,4,0.5,0,0,,0,0,,1,2,3,0,0,1,0,0,4,-24,10.6,1,2015-16
22015,1718,Paul Pierce,1610612746,LAC,LA Clippers,0021500890,2016-02-29,LAC vs. BKN,W,22,3,5,0.6,1,3,0.333,1,1,1.0,0,5,5,2,1,1,0,3,8,10,23.0,1,2015-16
22015,2037,Jamal Crawford,1610612746,LAC,LA Clippers,0021500890,2016-02-29,LAC vs. BKN,W,25,10,17,0.588,3,4,0.75,3,5,0.6,0,1,1,1,2,0,3,4,26,11,31.7,1,2015-16
22015,201145,Jeff Green,1610612746,LAC,LA Clippers,0021500890,2016-02-29,LAC vs. BKN,W,31,3,9,0.333,1,3,0.333,0,0,,1,6,7,2,0,0,0,2,7,3,18.4,1,2015-16
22015,202328,Greg Monroe,1610612749,MIL,Milwaukee Bucks,0021500887,2016-02-29,MIL vs. HOU,W,20,5,9,0.556,0,0,,0,0,,2,4,6,1,0,0,0,5,10,10,18.7,1,2015-16
22015,203101,Miles Plumlee,1610612749,MIL,Milwaukee Bucks,0021500887,2016-02-29,MIL vs. HOU,W,28,4,8,0.5,0,0,,1,2,0.5,5,3,8,2,0,1,1,5,9,-4,23.6,1,2015-16
22015,203948,Johnny O'Bryant III,1610612749,MIL,Milwaukee Bucks,0021500887,2016-02-29,MIL vs. HOU,W,4,0,1,0.0,0,0,,0,0,,0,0,0,1,0,0,0,0,0,3,1.5,1,2015-16
22015,201152,Thaddeus Young,1610612751,BKN,Brooklyn Nets,0021500890,2016-02-29,BKN @ LAC,L,37,4,12,0.333,0,0,,1,1,1.0,2,9,11,4,1,0,2,3,9,-6,29.2,1,2015-16
22015,202711,Bojan Bogdanovic,1610612751,BKN,Brooklyn Nets,0021500890,2016-02-29,BKN @ LAC,L,36,5,12,0.417,2,5,0.4,7,9,0.778,0,6,6,1,0,0,1,1,19,-2,26.7,1,2015-16
22015,203186,Willie Reed,1610612751,BKN,Brooklyn Nets,0021500890,2016-02-29,BKN @ LAC,L,1,0,0,,0,0,,0,0,,0,0,0,0,0,0,0,0,0,-2,0.0,1,2015-16
22015,203499,Shane Larkin,1610612751,BKN,Brooklyn Nets,0021500890,2016-02-29,BKN @ LAC,L,24,2,6,0.333,1,1,1.0,1,4,0.25,1,1,2,6,1,0,2,2,6,-5,18.4,1,2015-16
22015,203457,Nerlens Noel,1610612755,PHI,Philadelphia 76ers,0021500885,2016-02-29,PHI @ WAS,L,25,5,8,0.625,1,1,1.0,0,1,0.0,2,4,6,2,2,1,2,5,11,-1,28.2,1,2015-16
22015,201956,Omri Casspi,1610612758,SAC,Sacramento Kings,0021500889,2016-02-29,SAC vs. OKC,L,25,7,10,0.7,2,5,0.4,0,0,,3,0,3,2,0,0,1,2,16,-13,21.6,1,2015-16
22015,202326,DeMarcus Cousins,1610612758,SAC,Sacramento Kings,0021500889,2016-02-29,SAC vs. OKC,L,34,14,33,0.424,0,4,0.0,7,11,0.636,7,5,12,3,4,0,6,3,35,-10,59.9,1,2015-16
22015,202341,James Anderson,1610612758,SAC,Sacramento Kings,0021500889,2016-02-29,SAC vs. OKC,L,18,1,5,0.2,1,2,0.5,0,0,,0,3,3,1,1,0,0,1,3,6,11.1,1,2015-16
22015,203112,Quincy Acy,1610612758,SAC,Sacramento Kings,0021500889,2016-02-29,SAC vs. OKC,L,28,5,9,0.556,0,1,0.0,0,0,,4,0,4,2,3,0,0,3,10,-16,26.8,1,2015-16
22015,200751,Randy Foye,1610612760,OKC,Oklahoma City Thunder,0021500889,2016-02-29,OKC @ SAC,W,24,2,7,0.286,2,7,0.286,0,0,,0,3,3,3,0,1,1,2,6,16,16.1,1,2015-16
22015,203500,Steven Adams,1610612760,OKC,Oklahoma City Thunder,0021500889,2016-02-29,OKC @ SAC,W,14,2,4,0.5,0,0,,0,0,,2,1,3,0,0,0,1,5,4,1,6.6,1,2015-16
22015,2440,Matt Barnes,1610612763,MEM,Memphis Grizzlies,0021500888,2016-02-29,MEM @ DEN,W,38,6,10,0.6,0,4,0.0,4,6,0.667,1,4,5,5,2,0,1,2,16,7,34.5,1,2015-16
22015,202066,Garrett Temple,1610612764,WAS,Washington Wizards,0021500885,2016-02-29,WAS vs. PHI,W,27,2,3,0.667,1,2,0.5,2,2,1.0,0,1,1,1,1,0,1,3,7,1,11.7,1,2015-16
22015,202693,Markieff Morris,1610612764,WAS,Washington Wizards,0021500885,2016-02-29,WAS vs. PHI,W,37,6,10,0.6,0,2,0.0,4,4,1.0,1,12,13,5,2,1,3,5,16,7,45.1,1,2015-16
22015,202340,Avery Bradley,1610612738,BOS,Boston Celtics,0021500886,2016-02-29,BOS vs. UTA,W,37,7,13,0.538,1,3,0.333,3,4,0.75,1,1,2,0,1,1,0,0,18,4,26.4,1,2015-16
22015,203935,Marcus Smart,1610612738,BOS,Boston Celtics,0021500886,2016-02-29,BOS vs. UTA,W,25,1,6,0.167,1,3,0.333,2,3,0.667,0,5,5,4,0,1,0,4,5,2,20.0,1,2015-16
22015,2210,Richard Jefferson,1610612739,CLE,Cleveland Cavaliers,0021500884,2016-02-29,CLE vs. IND,W,8,0,0,,0,0,,0,0,,0,2,2,0,0,0,0,0,0,-6,2.4,1,2015-16
22015,201589,Darrell Arthur,1610612743,DEN,Denver Nuggets,0021500888,2016-02-29,DEN vs. MEM,L,27,4,7,0.571,1,4,0.25,0,0,,2,2,4,3,1,0,1,3,9,-5,20.3,1,2015-16
22015,203914,Gary Harris,1610612743,DEN,Denver Nuggets,0021500888,2016-02-29,DEN vs. MEM,L,34,6,13,0.462,3,8,0.375,0,0,,1,1,2,1,0,1,1,3,15,0,20.9,1,2015-16
22015,1626144,Emmanuel Mudiay,1610612743,DEN,Denver Nuggets,0021500888,2016-02-29,DEN vs. MEM,L,33,3,9,0.333,2,4,0.5,0,0,,0,5,5,7,0,2,4,3,8,-5,26.5,1,2015-16
22015,1891,Jason Terry,1610612745,HOU,Houston Rockets,0021500887,2016-02-29,HOU @ MIL,L,16,4,7,0.571,4,6,0.667,0,0,,0,0,0,0,1,0,2,1,12,-10,13.0,1,2015-16
22015,201147,Corey Brewer,1610612745,HOU,Houston Rockets,0021500887,2016-02-29,HOU @ MIL,L,14,0,4,0.0,0,2,0.0,0,0,,0,1,1,1,1,0,0,3,0,-24,5.7,1,2015-16
22015,201951,Ty Lawson,1610612745,HOU,Houston Rockets,0021500887,2016-02-29,HOU @ MIL,L,6,0,1,0.0,0,1,0.0,0,0,,0,0,0,1,1,0,1,0,0,-12,3.5,1,2015-16
22015,202332,Cole Aldrich,1610612746,LAC,LA Clippers,0021500890,2016-02-29,LAC vs. BKN,W,11,1,2,0.5,0,0,,0,0,,1,5,6,0,0,2,0,3,2,5,15.2,1,2015-16
22015,201564,O.J. Mayo,1610612749,MIL,Milwaukee Bucks,0021500887,2016-02-29,MIL vs. HOU,W,13,0,2,0.0,0,1,0.0,0,0,,0,2,2,1,0,0,3,2,0,0,0.9,1,2015-16
22015,201573,Jerryd Bayless,1610612749,MIL,Milwaukee Bucks,0021500887,2016-02-29,MIL vs. HOU,W,35,6,10,0.6,5,8,0.625,1,2,0.5,1,2,3,4,1,0,1,3,18,8,29.6,1,2015-16
22015,203953,Jabari Parker,1610612749,MIL,Milwaukee Bucks,0021500887,2016-02-29,MIL vs. HOU,W,40,16,25,0.64,1,1,1.0,3,3,1.0,1,3,4,5,2,0,5,1,36,3,49.3,1,2015-16
22015,201572,Brook Lopez,1610612751,BKN,Brooklyn Nets,0021500890,2016-02-29,BKN @ LAC,L,34,9,17,0.529,0,0,,7,8,0.875,5,5,10,4,1,2,3,2,25,-1,49.0,1,2015-16
22015,201961,Wayne Ellington,1610612751,BKN,Brooklyn Nets,0021500890,2016-02-29,BKN @ LAC,L,21,5,8,0.625,3,6,0.5,0,0,,0,0,0,0,0,0,0,3,13,2,13.0,1,2015-16
22015,203900,Markel Brown,1610612751,BKN,Brooklyn Nets,0021500890,2016-02-29,BKN @ LAC,L,27,3,7,0.429,1,2,0.5,1,3,0.333,0,0,0,5,1,0,1,4,8,-10,17.5,1,2015-16
22015,1626191,Chris McCullough,1610612751,BKN,Brooklyn Nets,0021500890,2016-02-29,BKN @ LAC,L,10,0,2,0.0,0,1,0.0,0,0,,0,1,1,0,2,0,1,2,0,-2,6.2,1,2015-16
22015,201155,Rodney Stuckey,1610612754,IND,Indiana Pacers,0021500884,2016-02-29,IND @ CLE,L,18,1,3,0.333,0,0,,0,0,,0,1,1,6,1,0,0,1,2,1,15.2,1,2015-16
22015,201588,George Hill,1610612754,IND,Indiana Pacers,0021500884,2016-02-29,IND @ CLE,L,39,4,8,0.5,1,4,0.25,2,2,1.0,0,2,2,5,0,0,1,4,11,5,19.9,1,2015-16
22015,203917,Nik Stauskas,1610612755,PHI,Philadelphia 76ers,0021500885,2016-02-29,PHI @ WAS,L,32,4,11,0.364,1,6,0.167,1,1,1.0,0,3,3,3,2,0,0,3,10,3,24.1,1,2015-16
22015,1626158,Richaun Holmes,1610612755,PHI,Philadelphia 76ers,0021500885,2016-02-29,PHI @ WAS,L,15,1,5,0.2,1,2,0.5,0,0,,1,1,2,1,0,0,2,3,3,-1,4.9,1,2015-16
22015,203463,Ben McLemore,1610612758,SAC,Sacramento Kings,0021500889,2016-02-29,SAC vs. OKC,L,19,5,12,0.417,2,4,0.5,2,2,1.0,1,1,2,2,0,0,0,2,14,11,19.4,1,2015-16
22015,2555,Nick Collison,1610612760,OKC,Oklahoma City Thunder,0021500889,2016-02-29,OKC @ SAC,W,4,0,0,,0,0,,0,0,,0,0,0,0,0,0,1,2,0,-6,-1.0,1,2015-16
22015,201586,Serge Ibaka,1610612760,OKC,Oklahoma City Thunder,0021500889,2016-02-29,OKC @ SAC,W,30,4,12,0.333,0,3,0.0,4,4,1.0,1,6,7,0,0,1,3,3,12,12,20.4,1,2015-16
22015,202683,Enes Freedom,1610612760,OKC,Oklahoma City Thunder,0021500889,2016-02-29,OKC @ SAC,W,25,11,11,1.0,0,0,,1,1,1.0,1,3,4,0,1,0,1,5,23,14,29.8,1,2015-16
22015,203460,Andre Roberson,1610612760,OKC,Oklahoma City Thunder,0021500889,2016-02-29,OKC @ SAC,W,21,1,4,0.25,0,2,0.0,2,2,1.0,2,0,2,1,0,0,0,1,4,-14,7.9,1,2015-16
22015,203526,Raul Neto,1610612762,UTA,Utah Jazz,0021500886,2016-02-29,UTA @ BOS,L,18,3,6,0.5,1,2,0.5,0,0,,0,0,0,4,0,0,0,0,7,3,13.0,1,2015-16
22015,1626168,Trey Lyles,1610612762,UTA,Utah Jazz,0021500886,2016-02-29,UTA @ BOS,L,24,8,18,0.444,1,4,0.25,1,1,1.0,3,7,10,1,0,1,1,4,18,-4,33.5,1,2015-16
22015,2216,Zach Randolph,1610612763,MEM,Memphis Grizzlies,0021500888,2016-02-29,MEM @ DEN,W,33,9,17,0.529,0,0,,4,4,1.0,1,3,4,6,0,1,1,3,22,0,37.8,1,2015-16
22015,2365,Chris Andersen,1610612763,MEM,Memphis Grizzlies,0021500888,2016-02-29,MEM @ DEN,W,22,2,3,0.667,0,0,,3,6,0.5,0,4,4,1,0,0,0,2,7,6,13.3,1,2015-16
22015,202362,Lance Stephenson,1610612763,MEM,Memphis Grizzlies,0021500888,2016-02-29,MEM @ DEN,W,21,6,9,0.667,0,1,0.0,2,2,1.0,0,3,3,2,1,0,1,0,14,-1,22.6,1,2015-16
22015,203798,PJ Hairston,1610612763,MEM,Memphis Grizzlies,0021500888,2016-02-29,MEM @ DEN,W,32,5,10,0.5,2,6,0.333,2,3,0.667,0,4,4,0,1,1,0,1,14,11,24.8,1,2015-16
22015,201196,Ramon Sessions,1610612764,WAS,Washington Wizards,0021500885,2016-02-29,WAS vs. PHI,W,18,3,3,1.0,0,0,,2,4,0.5,1,1,2,2,0,0,0,1,8,7,13.4,1,2015-16
22015,201973,Jonas Jerebko,1610612738,BOS,Boston Celtics,0021500886,2016-02-29,BOS vs. UTA,W,12,1,2,0.5,1,2,0.5,0,0,,0,2,2,0,0,2,1,4,3,-1,10.4,1,2015-16
22015,1626175,Jordan Mickey,1610612738,BOS,Boston Celtics,0021500886,2016-02-29,BOS vs. UTA,W,7,1,1,1.0,0,0,,1,2,0.5,1,2,3,0,0,2,1,0,3,7,11.6,1,2015-16
22015,2544,LeBron James,1610612739,CLE,Cleveland Cavaliers,0021500884,2016-02-29,CLE vs. IND,W,37,14,22,0.636,2,4,0.5,3,5,0.6,0,5,5,4,2,0,5,2,33,12,46.0,1,2015-16
22015,202681,Kyrie Irving,1610612739,CLE,Cleveland Cavaliers,0021500884,2016-02-29,CLE vs. IND,W,35,5,13,0.385,1,2,0.5,11,11,1.0,1,2,3,6,1,0,4,3,22,4,33.6,1,2015-16
22015,201941,Jordan Hill,1610612754,IND,Indiana Pacers,0021500884,2016-02-29,IND @ CLE,L,25,3,9,0.333,0,0,,0,0,,1,2,3,2,0,3,1,1,6,-3,20.6,1,2015-16
22015,201978,Chase Budinger,1610612754,IND,Indiana Pacers,0021500884,2016-02-29,IND @ CLE,L,15,5,6,0.833,1,2,0.5,0,0,,1,3,4,0,1,1,1,1,11,3,20.8,1,2015-16
22015,202730,Lavoy Allen,1610612754,IND,Indiana Pacers,0021500884,2016-02-29,IND @ CLE,L,19,2,3,0.667,0,0,,1,1,1.0,3,1,4,1,1,1,1,3,5,0,16.3,1,2015-16
22015,203524,Solomon Hill,1610612754,IND,Indiana Pacers,0021500884,2016-02-29,IND @ CLE,L,4,0,0,,0,0,,0,0,,0,2,2,0,0,0,0,0,0,-2,2.4,1,2015-16
22015,201171,Carl Landry,1610612755,PHI,Philadelphia 76ers,0021500885,2016-02-29,PHI @ WAS,L,18,6,8,0.75,0,0,,3,5,0.6,1,1,2,0,0,0,1,5,15,-7,16.4,1,2015-16
22015,203496,Robert Covington,1610612755,PHI,Philadelphia 76ers,0021500885,2016-02-29,PHI @ WAS,L,32,3,9,0.333,1,7,0.143,2,2,1.0,0,5,5,1,2,0,2,6,9,-17,20.5,1,2015-16
22015,200765,Rajon Rondo,1610612758,SAC,Sacramento Kings,0021500889,2016-02-29,SAC vs. OKC,L,36,5,13,0.385,0,2,0.0,1,2,0.5,2,7,9,12,2,0,2,2,11,-17,43.8,1,2015-16
22015,201158,Marco Belinelli,1610612758,SAC,Sacramento Kings,0021500889,2016-02-29,SAC vs. OKC,L,16,3,6,0.5,0,2,0.0,0,0,,0,3,3,2,0,0,0,0,6,-1,12.6,1,2015-16
22015,1626161,Willie Cauley-Stein,1610612758,SAC,Sacramento Kings,0021500889,2016-02-29,SAC vs. OKC,L,16,2,4,0.5,0,0,,2,2,1.0,1,1,2,0,1,0,1,1,6,-6,10.4,1,2015-16
22015,201142,Kevin Durant,1610612760,OKC,Oklahoma City Thunder,0021500889,2016-02-29,OKC @ SAC,W,32,8,17,0.471,4,9,0.444,7,7,1.0,1,9,10,6,2,1,2,0,27,15,55.0,1,2015-16
22015,202324,Derrick Favors,1610612762,UTA,Utah Jazz,0021500886,2016-02-29,UTA @ BOS,L,37,5,15,0.333,0,0,,1,1,1.0,3,13,16,2,1,3,2,1,11,-1,43.2,1,2015-16
22015,202714,Shelvin Mack,1610612762,UTA,Utah Jazz,0021500886,2016-02-29,UTA @ BOS,L,30,8,13,0.615,2,3,0.667,0,1,0.0,0,2,2,1,2,0,2,5,18,-6,25.9,1,2015-16
22015,203497,Rudy Gobert,1610612762,UTA,Utah Jazz,0021500886,2016-02-29,UTA @ BOS,L,34,3,8,0.375,0,0,,6,8,0.75,5,7,12,1,1,0,1,4,12,-4,29.9,1,2015-16
22015,204060,Joe Ingles,1610612762,UTA,Utah Jazz,0021500886,2016-02-29,UTA @ BOS,L,11,0,2,0.0,0,2,0.0,0,0,,1,3,4,0,0,0,0,1,0,-9,4.8,1,2015-16
22015,201144,Mike Conley,1610612763,MEM,Memphis Grizzlies,0021500888,2016-02-29,MEM @ DEN,W,29,2,9,0.222,0,4,0.0,3,5,0.6,1,0,1,9,0,1,2,0,7,3,22.7,1,2015-16
22015,203115,Will Barton,1610612743,DEN,Denver Nuggets,0021500888,2016-02-29,DEN vs. MEM,L,34,3,9,0.333,0,4,0.0,3,4,0.75,0,6,6,4,0,0,3,2,9,-4,19.2,1,2015-16
22015,201601,Luc Mbah a Moute,1610612746,LAC,LA Clippers,0021500890,2016-02-29,LAC vs. BKN,W,9,1,4,0.25,0,1,0.0,0,0,,3,1,4,1,1,0,0,1,2,6,11.3,1,2015-16
22015,201954,Darren Collison,1610612758,SAC,Sacramento Kings,0021500889,2016-02-29,SAC vs. OKC,L,34,5,10,0.5,2,5,0.4,0,0,,1,2,3,4,0,0,0,2,12,-24,21.6,1,2015-16
22015,200794,Paul Millsap,1610612737,ATL,Atlanta Hawks,0021500895,2016-03-01,ATL @ GSW,L,41,5,17,0.294,1,6,0.167,8,10,0.8,3,4,7,4,3,4,2,3,19,1,52.4,1,2015-16
22015,203471,Dennis Schröder,1610612737,ATL,Atlanta Hawks,0021500895,2016-03-01,ATL @ GSW,L,29,5,10,0.5,1,3,0.333,6,8,0.75,0,3,3,9,0,0,3,2,17,-2,31.1,1,2015-16
22015,203488,Mike Muscala,1610612737,ATL,Atlanta Hawks,0021500895,2016-03-01,ATL @ GSW,L,2,0,1,0.0,0,0,,0,0,,0,1,1,0,0,0,1,1,0,5,0.2,1,2015-16
22015,2200,Pau Gasol,1610612741,CHI,Chicago Bulls,0021500892,2016-03-01,CHI @ MIA,L,30,6,13,0.462,1,2,0.5,2,2,1.0,1,8,9,6,0,1,1,2,15,-16,36.8,1,2015-16
22015,201166,Aaron Brooks,1610612741,CHI,Chicago Bulls,0021500892,2016-03-01,CHI @ MIA,L,22,5,15,0.333,3,5,0.6,3,5,0.6,0,2,2,1,0,0,0,2,16,-4,19.9,1,2015-16
22015,203200,Justin Holiday,1610612741,CHI,Chicago Bulls,0021500892,2016-03-01,CHI @ MIA,L,16,2,6,0.333,1,3,0.333,2,2,1.0,0,1,1,3,1,1,0,1,7,-8,18.7,1,2015-16
22015,1717,Dirk Nowitzki,1610612742,DAL,Dallas Mavericks,0021500894,2016-03-01,DAL vs. ORL,W,27,7,13,0.538,1,3,0.333,4,5,0.8,0,3,3,2,0,1,0,2,19,23,28.6,1,2015-16
22015,203939,Dwight Powell,1610612742,DAL,Dallas Mavericks,0021500894,2016-03-01,DAL vs. ORL,W,4,0,2,0.0,0,0,,0,0,,2,0,2,0,2,0,1,1,0,-8,7.4,1,2015-16
22015,203084,Harrison Barnes,1610612744,GSW,Golden State Warriors,0021500895,2016-03-01,GSW vs. ATL,W,41,6,12,0.5,0,2,0.0,0,0,,6,2,8,2,0,0,2,4,12,9,22.6,1,2015-16
22015,203949,James Michael McAdoo,1610612744,GSW,Golden State Warriors,0021500895,2016-03-01,GSW vs. ATL,W,5,1,3,0.333,0,0,,0,0,,2,0,2,0,0,0,1,0,2,-8,3.4,1,2015-16
22015,101138,Brandon Bass,1610612747,LAL,Los Angeles Lakers,0021500896,2016-03-01,LAL vs. BKN,W,18,1,5,0.2,0,0,,3,4,0.75,0,3,3,0,0,2,0,3,5,10,14.6,1,2015-16
22015,203903,Jordan Clarkson,1610612747,LAL,Los Angeles Lakers,0021500896,2016-03-01,LAL vs. BKN,W,34,6,15,0.4,1,5,0.2,3,4,0.75,2,5,7,7,0,0,1,0,16,-2,33.9,1,2015-16
22015,204028,Tarik Black,1610612747,LAL,Los Angeles Lakers,0021500896,2016-03-01,LAL vs. BKN,W,4,0,0,,0,0,,0,0,,0,2,2,0,1,1,2,0,0,-1,6.4,1,2015-16
22015,1626204,Larry Nance Jr.,1610612747,LAL,Los Angeles Lakers,0021500896,2016-03-01,LAL vs. BKN,W,17,3,4,0.75,0,1,0.0,0,0,,2,3,5,1,0,1,1,4,6,10,15.5,1,2015-16
22015,2207,Joe Johnson,1610612748,MIA,Miami Heat,0021500892,2016-03-01,MIA vs. CHI,W,33,10,13,0.769,2,3,0.667,2,2,1.0,1,4,5,4,0,1,2,1,24,24,37.0,1,2015-16
22015,2548,Dwyane Wade,1610612748,MIA,Miami Heat,0021500892,2016-03-01,MIA vs. CHI,W,34,7,13,0.538,0,0,,4,6,0.667,0,2,2,7,1,1,5,5,18,13,31.9,1,2015-16
22015,202388,Donald Sloan,1610612751,BKN,Brooklyn Nets,0021500896,2016-03-01,BKN @ LAL,L,30,4,11,0.364,0,1,0.0,3,3,1.0,0,2,2,6,1,0,1,3,11,5,24.4,1,2015-16
22015,203900,Markel Brown,1610612751,BKN,Brooklyn Nets,0021500896,2016-03-01,BKN @ LAL,L,13,1,3,0.333,0,1,0.0,0,0,,0,1,1,3,0,0,0,2,2,-7,7.7,1,2015-16
22015,202690,Jimmer Fredette,1610612752,NYK,New York Knicks,0021500893,2016-03-01,NYK vs. POR,L,3,0,0,,0,0,,4,5,0.8,0,0,0,0,0,0,0,0,4,-3,4.0,1,2015-16
22015,101141,Ersan Ilyasova,1610612753,ORL,Orlando Magic,0021500894,2016-03-01,ORL @ DAL,L,31,7,10,0.7,2,3,0.667,6,7,0.857,5,5,10,0,2,0,0,3,22,-16,40.0,1,2015-16
22015,201160,Jason Smith,1610612753,ORL,Orlando Magic,0021500894,2016-03-01,ORL @ DAL,L,6,1,5,0.2,0,0,,0,0,,0,0,0,1,2,0,2,1,2,-7,7.5,1,2015-16
22015,203932,Aaron Gordon,1610612753,ORL,Orlando Magic,0021500894,2016-03-01,ORL @ DAL,L,19,3,5,0.6,0,2,0.0,1,3,0.333,2,3,5,4,1,0,1,5,7,1,21.0,1,2015-16
22015,202720,Jon Leuer,1610612756,PHX,Phoenix Suns,0021500891,2016-03-01,PHX @ CHA,L,13,2,6,0.333,0,2,0.0,2,2,1.0,2,3,5,1,0,0,0,1,6,-10,13.5,1,2015-16
22015,203141,Mirza Teletovic,1610612756,PHX,Phoenix Suns,0021500891,2016-03-01,PHX @ CHA,L,20,5,12,0.417,4,9,0.444,3,4,0.75,0,1,1,1,0,1,0,1,17,-12,22.7,1,2015-16
22015,202329,Al-Farouq Aminu,1610612757,POR,Portland Trail Blazers,0021500893,2016-03-01,POR @ NYK,W,21,2,8,0.25,0,2,0.0,0,0,,0,4,4,1,1,2,1,2,4,-1,18.3,1,2015-16
22015,203148,Brian Roberts,1610612757,POR,Portland Trail Blazers,0021500893,2016-03-01,POR @ NYK,W,3,1,1,1.0,0,0,,0,0,,0,0,0,0,0,0,0,1,2,0,2.0,1,2015-16
22015,2744,Al Jefferson,1610612766,CHA,Charlotte Hornets,0021500891,2016-03-01,CHA vs. PHX,W,19,8,15,0.533,0,0,,3,3,1.0,2,5,7,0,0,1,0,1,19,26,30.4,1,2015-16
22015,101107,Marvin Williams,1610612766,CHA,Charlotte Hornets,0021500891,2016-03-01,CHA vs. PHX,W,28,2,5,0.4,1,3,0.333,0,0,,0,6,6,2,3,0,2,1,5,34,22.2,1,2015-16
22015,203268,Jorge Gutierrez,1610612766,CHA,Charlotte Hornets,0021500891,2016-03-01,CHA vs. PHX,W,8,1,1,1.0,0,0,,3,3,1.0,0,0,0,1,0,0,2,0,5,-8,4.5,1,2015-16
22015,203469,Cody Zeller,1610612766,CHA,Charlotte Hornets,0021500891,2016-03-01,CHA vs. PHX,W,21,4,6,0.667,0,0,,1,1,1.0,4,3,7,4,1,0,0,4,9,16,26.4,1,2015-16
22015,203584,Troy Daniels,1610612766,CHA,Charlotte Hornets,0021500891,2016-03-01,CHA vs. PHX,W,12,2,6,0.333,2,4,0.5,0,0,,0,2,2,1,0,1,0,1,6,-3,12.9,1,2015-16
22015,203946,Cameron Bairstow,1610612741,CHI,Chicago Bulls,0021500892,2016-03-01,CHI @ MIA,L,1,0,0,,0,0,,1,2,0.5,0,1,1,0,0,0,0,0,1,2,2.2,1,2015-16
22015,1626171,Bobby Portis,1610612741,CHI,Chicago Bulls,0021500892,2016-03-01,CHI @ MIA,L,27,5,8,0.625,1,1,1.0,0,0,,2,5,7,0,4,0,1,4,11,-6,30.4,1,2015-16
22015,101109,Raymond Felton,1610612742,DAL,Dallas Mavericks,0021500894,2016-03-01,DAL vs. ORL,W,25,2,5,0.4,0,2,0.0,2,2,1.0,0,1,1,5,0,0,2,1,6,8,12.7,1,2015-16
22015,2571,Leandro Barbosa,1610612744,GSW,Golden State Warriors,0021500895,2016-03-01,GSW vs. ATL,W,17,4,7,0.571,1,3,0.333,2,2,1.0,0,2,2,2,1,0,0,0,11,1,19.4,1,2015-16
22015,201575,Brandon Rush,1610612744,GSW,Golden State Warriors,0021500895,2016-03-01,GSW vs. ATL,W,22,1,6,0.167,1,3,0.333,0,0,,1,2,3,2,1,0,0,2,3,-11,12.6,1,2015-16
22015,203944,Julius Randle,1610612747,LAL,Los Angeles Lakers,0021500896,2016-03-01,LAL vs. BKN,W,31,6,13,0.462,0,0,,2,3,0.667,0,13,13,1,1,0,2,3,14,-4,32.1,1,2015-16
22015,201609,Goran Dragic,1610612748,MIA,Miami Heat,0021500892,2016-03-01,MIA vs. CHI,W,35,8,14,0.571,0,2,0.0,1,2,0.5,0,4,4,11,1,0,1,3,17,25,40.3,1,2015-16
22015,202355,Hassan Whiteside,1610612748,MIA,Miami Heat,0021500892,2016-03-01,MIA vs. CHI,W,33,8,11,0.727,0,0,,10,11,0.909,1,13,14,1,0,4,1,1,26,2,55.3,1,2015-16
22015,201152,Thaddeus Young,1610612751,BKN,Brooklyn Nets,0021500896,2016-03-01,BKN @ LAL,L,34,6,14,0.429,0,1,0.0,7,8,0.875,4,11,15,2,1,0,1,2,19,0,42.0,1,2015-16
22015,201961,Wayne Ellington,1610612751,BKN,Brooklyn Nets,0021500896,2016-03-01,BKN @ LAL,L,28,4,6,0.667,2,3,0.667,0,0,,0,0,0,1,2,0,0,2,10,1,17.5,1,2015-16
22015,203508,Sergey Karasev,1610612751,BKN,Brooklyn Nets,0021500896,2016-03-01,BKN @ LAL,L,5,0,1,0.0,0,1,0.0,0,0,,0,0,0,0,0,0,1,0,0,-3,-1.0,1,2015-16
22015,101181,Jose Calderon,1610612752,NYK,New York Knicks,0021500893,2016-03-01,NYK vs. POR,L,25,2,8,0.25,1,5,0.2,0,0,,0,2,2,2,0,0,3,2,5,-5,7.4,1,2015-16
22015,201167,Arron Afflalo,1610612752,NYK,New York Knicks,0021500893,2016-03-01,NYK vs. POR,L,36,6,9,0.667,1,1,1.0,0,0,,1,5,6,1,0,0,0,0,13,-7,21.7,1,2015-16
22015,203894,Shabazz Napier,1610612753,ORL,Orlando Magic,0021500894,2016-03-01,ORL @ DAL,L,4,0,1,0.0,0,1,0.0,0,0,,0,1,1,1,0,0,0,1,0,-1,2.7,1,2015-16
22015,203906,Devyn Marble,1610612753,ORL,Orlando Magic,0021500894,2016-03-01,ORL @ DAL,L,23,2,7,0.286,2,5,0.4,2,2,1.0,1,5,6,3,2,0,1,3,8,3,24.7,1,2015-16
22015,1626209,Mario Hezonja,1610612753,ORL,Orlando Magic,0021500894,2016-03-01,ORL @ DAL,L,15,1,6,0.167,0,3,0.0,0,0,,1,1,2,1,0,0,1,2,2,1,4.9,1,2015-16
22015,203081,Damian Lillard,1610612757,POR,Portland Trail Blazers,0021500893,2016-03-01,POR @ NYK,W,32,8,18,0.444,4,9,0.444,10,10,1.0,0,4,4,6,0,0,1,1,30,13,42.8,1,2015-16
22015,203486,Mason Plumlee,1610612757,POR,Portland Trail Blazers,0021500893,2016-03-01,POR @ NYK,W,27,0,3,0.0,0,0,,2,2,1.0,1,6,7,3,2,2,0,2,2,3,26.9,1,2015-16
22015,201946,Tyler Hansbrough,1610612766,CHA,Charlotte Hornets,0021500891,2016-03-01,CHA vs. PHX,W,8,0,1,0.0,0,0,,1,2,0.5,2,2,4,0,1,0,0,1,1,-8,8.8,1,2015-16
22015,202689,Kemba Walker,1610612766,CHA,Charlotte Hornets,0021500891,2016-03-01,CHA vs. PHX,W,30,9,16,0.563,3,5,0.6,5,5,1.0,1,5,6,9,1,0,1,0,26,36,48.7,1,2015-16
22015,200757,Thabo Sefolosha,1610612737,ATL,Atlanta Hawks,0021500895,2016-03-01,ATL @ GSW,L,19,1,1,1.0,0,0,,0,0,,0,3,3,1,0,0,1,1,2,0,6.1,1,2015-16
22015,203118,Mike Scott,1610612737,ATL,Atlanta Hawks,0021500895,2016-03-01,ATL @ GSW,L,21,4,6,0.667,3,5,0.6,0,0,,0,1,1,0,1,0,0,0,11,-5,15.2,1,2015-16
22015,203145,Kent Bazemore,1610612737,ATL,Atlanta Hawks,0021500895,2016-03-01,ATL @ GSW,L,35,5,9,0.556,1,4,0.25,4,4,1.0,1,8,9,1,1,1,2,4,15,-6,31.3,1,2015-16
22015,201565,Derrick Rose,1610612741,CHI,Chicago Bulls,0021500892,2016-03-01,CHI @ MIA,L,24,6,11,0.545,1,1,1.0,4,7,0.571,0,0,0,3,1,0,3,0,17,-19,21.5,1,2015-16
22015,201959,Taj Gibson,1610612741,CHI,Chicago Bulls,0021500892,2016-03-01,CHI @ MIA,L,23,4,6,0.667,0,0,,5,7,0.714,2,1,3,1,1,0,1,2,13,-8,20.1,1,2015-16
22015,203926,Doug McDermott,1610612741,CHI,Chicago Bulls,0021500892,2016-03-01,CHI @ MIA,L,26,5,12,0.417,0,2,0.0,1,1,1.0,1,0,1,1,1,0,1,0,11,-7,15.7,1,2015-16
22015,1626245,Cristiano Felicio,1610612741,CHI,Chicago Bulls,0021500892,2016-03-01,CHI @ MIA,L,6,0,3,0.0,0,0,,0,0,,1,0,1,1,0,0,0,1,0,-7,2.7,1,2015-16
22015,101111,Charlie Villanueva,1610612742,DAL,Dallas Mavericks,0021500894,2016-03-01,DAL vs. ORL,W,2,0,2,0.0,0,1,0.0,0,0,,0,0,0,0,0,0,0,0,0,-6,0.0,1,2015-16
22015,101114,Deron Williams,1610612742,DAL,Dallas Mavericks,0021500894,2016-03-01,DAL vs. ORL,W,28,2,6,0.333,0,0,,3,4,0.75,1,3,4,6,1,0,2,2,7,10,21.8,1,2015-16
22015,101135,David Lee,1610612742,DAL,Dallas Mavericks,0021500894,2016-03-01,DAL vs. ORL,W,14,2,3,0.667,0,0,,3,4,0.75,0,4,4,2,0,2,1,5,7,10,19.8,1,2015-16
22015,200826,J.J. Barea,1610612742,DAL,Dallas Mavericks,0021500894,2016-03-01,DAL vs. ORL,W,22,6,9,0.667,3,4,0.75,2,2,1.0,0,2,2,4,0,0,0,1,17,0,25.4,1,2015-16
22015,2760,Anderson Varejao,1610612744,GSW,Golden State Warriors,0021500895,2016-03-01,GSW vs. ATL,W,5,1,2,0.5,0,0,,0,0,,1,0,1,1,0,0,0,0,2,0,4.7,1,2015-16
22015,203110,Draymond Green,1610612744,GSW,Golden State Warriors,0021500895,2016-03-01,GSW vs. ATL,W,42,6,15,0.4,2,6,0.333,1,1,1.0,2,11,13,9,4,1,5,5,15,10,54.1,1,2015-16
22015,101150,Lou Williams,1610612747,LAL,Los Angeles Lakers,0021500896,2016-03-01,LAL vs. BKN,W,10,1,2,0.5,1,2,0.5,3,4,0.75,0,0,0,0,0,0,1,0,6,3,5.0,1,2015-16
22015,1626273,Marcelo Huertas,1610612747,LAL,Los Angeles Lakers,0021500896,2016-03-01,LAL vs. BKN,W,14,1,3,0.333,0,1,0.0,0,0,,0,0,0,5,0,0,1,1,2,-6,8.5,1,2015-16
22015,2736,Luol Deng,1610612748,MIA,Miami Heat,0021500892,2016-03-01,MIA vs. CHI,W,37,8,10,0.8,3,3,1.0,1,2,0.5,0,4,4,2,1,0,2,5,20,14,28.8,1,2015-16
22015,203186,Willie Reed,1610612751,BKN,Brooklyn Nets,0021500896,2016-03-01,BKN @ LAL,L,13,2,6,0.333,0,0,,0,4,0.0,4,1,5,0,0,2,0,0,4,-11,16.0,1,2015-16
22015,204038,Langston Galloway,1610612752,NYK,New York Knicks,0021500893,2016-03-01,NYK vs. POR,L,21,0,7,0.0,0,3,0.0,0,0,,0,2,2,0,0,0,0,3,0,-13,2.4,1,2015-16
22015,203473,Dewayne Dedmon,1610612753,ORL,Orlando Magic,0021500894,2016-03-01,ORL @ DAL,L,16,5,7,0.714,0,0,,2,2,1.0,3,3,6,0,0,1,1,3,12,8,21.2,1,2015-16
22015,2199,Tyson Chandler,1610612756,PHX,Phoenix Suns,0021500891,2016-03-01,PHX @ CHA,L,26,4,4,1.0,0,0,,0,1,0.0,2,1,3,1,0,0,2,3,8,-15,11.1,1,2015-16
22015,101179,Ronnie Price,1610612756,PHX,Phoenix Suns,0021500891,2016-03-01,PHX @ CHA,L,29,2,10,0.2,0,7,0.0,0,0,,1,4,5,3,1,1,1,5,4,-17,19.5,1,2015-16
22015,201945,Gerald Henderson,1610612757,POR,Portland Trail Blazers,0021500893,2016-03-01,POR @ NYK,W,23,2,8,0.25,0,1,0.0,2,2,1.0,0,5,5,0,2,0,0,0,6,18,18.0,1,2015-16
22015,202334,Ed Davis,1610612757,POR,Portland Trail Blazers,0021500893,2016-03-01,POR @ NYK,W,24,4,4,1.0,0,0,,1,3,0.333,2,7,9,1,0,2,2,3,9,25,25.3,1,2015-16
22015,203086,Meyers Leonard,1610612757,POR,Portland Trail Blazers,0021500893,2016-03-01,POR @ NYK,W,25,4,8,0.5,3,5,0.6,0,0,,2,12,14,1,0,1,0,5,11,19,32.3,1,2015-16
22015,203090,Maurice Harkless,1610612757,POR,Portland Trail Blazers,0021500893,2016-03-01,POR @ NYK,W,13,2,3,0.667,1,2,0.5,0,0,,0,0,0,2,0,0,0,0,5,4,8.0,1,2015-16
22015,203468,CJ McCollum,1610612757,POR,Portland Trail Blazers,0021500893,2016-03-01,POR @ NYK,W,33,10,19,0.526,2,3,0.667,3,3,1.0,1,2,3,2,0,0,2,1,25,3,29.6,1,2015-16
22015,1626192,Pat Connaughton,1610612757,POR,Portland Trail Blazers,0021500893,2016-03-01,POR @ NYK,W,3,0,1,0.0,0,0,,0,0,,0,2,2,0,0,0,0,0,0,0,2.4,1,2015-16
22015,201584,Courtney Lee,1610612766,CHA,Charlotte Hornets,0021500891,2016-03-01,CHA vs. PHX,W,24,3,5,0.6,1,2,0.5,1,1,1.0,0,1,1,2,1,0,2,3,8,34,13.2,1,2015-16
22015,202391,Jeremy Lin,1610612766,CHA,Charlotte Hornets,0021500891,2016-03-01,CHA vs. PHX,W,17,1,7,0.143,0,0,,4,4,1.0,0,3,3,2,0,2,2,1,6,8,16.6,1,2015-16
22015,1626163,Frank Kaminsky,1610612766,CHA,Charlotte Hornets,0021500891,2016-03-01,CHA vs. PHX,W,20,3,8,0.375,2,3,0.667,1,2,0.5,3,4,7,2,0,2,0,4,9,0,26.4,1,2015-16
22015,2594,Kyle Korver,1610612737,ATL,Atlanta Hawks,0021500895,2016-03-01,ATL @ GSW,L,34,4,9,0.444,3,6,0.5,0,0,,2,5,7,1,3,0,0,2,11,4,29.9,1,2015-16
22015,201952,Jeff Teague,1610612737,ATL,Atlanta Hawks,0021500895,2016-03-01,ATL @ GSW,L,24,3,6,0.5,1,4,0.25,0,0,,0,1,1,6,0,0,3,0,7,-2,14.2,1,2015-16
22015,203501,Tim Hardaway Jr.,1610612737,ATL,Atlanta Hawks,0021500895,2016-03-01,ATL @ GSW,L,17,2,5,0.4,1,2,0.5,1,2,0.5,0,1,1,0,0,0,1,1,6,-6,6.2,1,2015-16
22015,2585,Zaza Pachulia,1610612742,DAL,Dallas Mavericks,0021500894,2016-03-01,DAL vs. ORL,W,31,6,8,0.75,0,0,,5,5,1.0,0,10,10,2,1,1,4,1,17,11,34.0,1,2015-16
22015,202083,Wesley Matthews,1610612742,DAL,Dallas Mavericks,0021500894,2016-03-01,DAL vs. ORL,W,32,8,12,0.667,1,4,0.25,4,5,0.8,1,4,5,2,2,0,0,2,21,13,36.0,1,2015-16
22015,1626147,Justin Anderson,1610612742,DAL,Dallas Mavericks,0021500894,2016-03-01,DAL vs. ORL,W,4,0,1,0.0,0,0,,0,0,,0,0,0,0,0,0,0,0,0,-8,0.0,1,2015-16
22015,2733,Shaun Livingston,1610612744,GSW,Golden State Warriors,0021500895,2016-03-01,GSW vs. ATL,W,34,3,9,0.333,0,0,,0,0,,2,4,6,3,2,0,0,3,6,9,23.7,1,2015-16
22015,2405,Amar'e Stoudemire,1610612748,MIA,Miami Heat,0021500892,2016-03-01,MIA vs. CHI,W,15,3,3,1.0,0,0,,1,1,1.0,2,2,4,1,0,5,1,2,7,16,27.3,1,2015-16
22015,1626159,Justise Winslow,1610612748,MIA,Miami Heat,0021500892,2016-03-01,MIA vs. CHI,W,27,4,6,0.667,0,1,0.0,0,0,,0,2,2,0,0,0,3,2,8,-2,7.4,1,2015-16
22015,2546,Carmelo Anthony,1610612752,NYK,New York Knicks,0021500893,2016-03-01,NYK vs. POR,L,34,10,20,0.5,0,3,0.0,3,3,1.0,2,8,10,4,1,1,1,2,23,-9,46.0,1,2015-16
22015,202682,Derrick Williams,1610612752,NYK,New York Knicks,0021500893,2016-03-01,NYK vs. POR,L,17,2,7,0.286,0,0,,1,3,0.333,2,3,5,1,1,0,0,0,5,-17,15.5,1,2015-16
22015,203124,Kyle O'Quinn,1610612752,NYK,New York Knicks,0021500893,2016-03-01,NYK vs. POR,L,25,3,10,0.3,2,3,0.667,3,4,0.75,1,8,9,1,0,0,2,2,11,-14,21.3,1,2015-16
22015,204001,Kristaps Porziņģis,1610612752,NYK,New York Knicks,0021500893,2016-03-01,NYK vs. POR,L,25,4,10,0.4,1,2,0.5,2,3,0.667,0,7,7,1,1,3,1,5,11,-9,31.9,1,2015-16
22015,1626170,Jerian Grant,1610612752,NYK,New York Knicks,0021500893,2016-03-01,NYK vs. POR,L,8,0,1,0.0,0,0,,0,0,,0,1,1,0,1,0,0,0,0,-8,4.2,1,2015-16
22015,201943,Brandon Jennings,1610612753,ORL,Orlando Magic,0021500894,2016-03-01,ORL @ DAL,L,24,5,12,0.417,2,6,0.333,0,0,,0,0,0,6,2,0,3,0,12,0,24.0,1,2015-16
22015,202696,Nikola Vučević,1610612753,ORL,Orlando Magic,0021500894,2016-03-01,ORL @ DAL,L,24,8,16,0.5,0,0,,2,2,1.0,2,5,7,2,0,2,2,3,18,-12,33.4,1,2015-16
22015,203458,Alex Len,1610612756,PHX,Phoenix Suns,0021500891,2016-03-01,PHX @ CHA,L,34,5,15,0.333,0,0,,8,10,0.8,3,9,12,1,0,0,4,2,18,-21,29.9,1,2015-16
22015,203462,Archie Goodwin,1610612756,PHX,Phoenix Suns,0021500891,2016-03-01,PHX @ CHA,L,22,4,11,0.364,0,2,0.0,2,2,1.0,1,3,4,2,0,0,1,4,10,-13,16.8,1,2015-16
22015,203087,Jeremy Lamb,1610612766,CHA,Charlotte Hornets,0021500891,2016-03-01,CHA vs. PHX,W,15,6,10,0.6,2,4,0.5,1,1,1.0,2,4,6,0,0,0,0,2,15,8,22.2,1,2015-16
22015,201143,Al Horford,1610612737,ATL,Atlanta Hawks,0021500895,2016-03-01,ATL @ GSW,L,42,8,16,0.5,1,3,0.333,0,0,,1,8,9,3,1,0,4,3,17,-9,31.3,1,2015-16
22015,2399,Mike Dunleavy,1610612741,CHI,Chicago Bulls,0021500892,2016-03-01,CHI @ MIA,L,29,4,7,0.571,2,4,0.5,0,0,,1,1,2,1,0,0,0,3,10,-7,13.9,1,2015-16
22015,202734,E'Twaun Moore,1610612741,CHI,Chicago Bulls,0021500892,2016-03-01,CHI @ MIA,L,19,3,6,0.5,2,4,0.5,0,0,,0,2,2,2,2,0,1,4,8,-6,18.4,1,2015-16
22015,203503,Tony Snell,1610612741,CHI,Chicago Bulls,0021500892,2016-03-01,CHI @ MIA,L,15,1,3,0.333,0,1,0.0,0,0,,0,0,0,1,0,0,1,3,2,-4,2.5,1,2015-16
22015,202718,Chandler Parsons,1610612742,DAL,Dallas Mavericks,0021500894,2016-03-01,DAL vs. ORL,W,32,6,12,0.5,3,4,0.75,2,2,1.0,1,2,3,3,1,0,4,1,17,9,24.1,1,2015-16
22015,1626257,Salah Mejri,1610612742,DAL,Dallas Mavericks,0021500894,2016-03-01,DAL vs. ORL,W,4,1,1,1.0,0,0,,1,2,0.5,1,0,1,0,0,0,0,1,3,-8,4.2,1,2015-16
22015,101106,Andrew Bogut,1610612744,GSW,Golden State Warriors,0021500895,2016-03-01,GSW vs. ATL,W,31,8,9,0.889,0,0,,3,4,0.75,3,4,7,2,2,1,0,3,19,11,39.4,1,2015-16
22015,201156,Nick Young,1610612747,LAL,Los Angeles Lakers,0021500896,2016-03-01,LAL vs. BKN,W,24,1,5,0.2,1,4,0.25,0,1,0.0,0,2,2,1,1,0,1,2,3,9,8.9,1,2015-16
22015,201579,Roy Hibbert,1610612747,LAL,Los Angeles Lakers,0021500896,2016-03-01,LAL vs. BKN,W,26,7,9,0.778,0,0,,0,0,,2,3,5,2,1,0,1,5,14,-3,25.0,1,2015-16
22015,1626148,Anthony Brown,1610612747,LAL,Los Angeles Lakers,0021500896,2016-03-01,LAL vs. BKN,W,26,1,6,0.167,0,1,0.0,0,0,,1,2,3,2,0,0,0,3,2,1,8.6,1,2015-16
22015,1626196,Josh Richardson,1610612748,MIA,Miami Heat,0021500892,2016-03-01,MIA vs. CHI,W,27,4,7,0.571,1,3,0.333,0,1,0.0,0,3,3,2,2,0,0,4,9,-2,21.6,1,2015-16
22015,201572,Brook Lopez,1610612751,BKN,Brooklyn Nets,0021500896,2016-03-01,BKN @ LAL,L,33,9,18,0.5,0,1,0.0,5,8,0.625,2,5,7,4,0,1,2,6,23,6,38.4,1,2015-16
22015,203499,Shane Larkin,1610612751,BKN,Brooklyn Nets,0021500896,2016-03-01,BKN @ LAL,L,18,3,8,0.375,0,2,0.0,0,0,,0,1,1,4,1,0,0,1,6,-11,16.2,1,2015-16
22015,203930,Sean Kilpatrick,1610612751,BKN,Brooklyn Nets,0021500896,2016-03-01,BKN @ LAL,L,21,3,8,0.375,2,4,0.5,0,0,,0,1,1,1,0,0,0,2,8,-10,10.7,1,2015-16
22015,2756,Sasha Vujacic,1610612752,NYK,New York Knicks,0021500893,2016-03-01,NYK vs. POR,L,3,0,1,0.0,0,1,0.0,0,0,,0,0,0,0,0,0,0,0,0,-2,0.0,1,2015-16
22015,201577,Robin Lopez,1610612752,NYK,New York Knicks,0021500893,2016-03-01,NYK vs. POR,L,19,4,5,0.8,0,0,,0,0,,2,0,2,1,0,0,1,3,8,-3,10.9,1,2015-16
22015,201228,C.J. Watson,1610612753,ORL,Orlando Magic,0021500894,2016-03-01,ORL @ DAL,L,30,1,4,0.25,1,3,0.333,4,4,1.0,1,1,2,6,0,1,1,1,7,-11,20.4,1,2015-16
22015,203506,Victor Oladipo,1610612753,ORL,Orlando Magic,0021500894,2016-03-01,ORL @ DAL,L,24,3,10,0.3,0,3,0.0,0,0,,3,1,4,2,0,0,0,3,6,-18,13.8,1,2015-16
22015,203901,Elfrid Payton,1610612753,ORL,Orlando Magic,0021500894,2016-03-01,ORL @ DAL,L,24,5,8,0.625,2,4,0.5,0,0,,0,2,2,3,2,0,4,4,12,-13,20.9,1,2015-16
22015,203515,Phil Pressey,1610612756,PHX,Phoenix Suns,0021500891,2016-03-01,PHX @ CHA,L,13,1,4,0.25,0,1,0.0,0,0,,0,2,2,3,1,0,1,0,2,-18,10.9,1,2015-16
22015,1626164,Devin Booker,1610612756,PHX,Phoenix Suns,0021500891,2016-03-01,PHX @ CHA,L,34,4,16,0.25,1,4,0.25,4,5,0.8,1,1,2,1,1,0,2,3,13,-39,17.9,1,2015-16
22015,203459,Allen Crabbe,1610612757,POR,Portland Trail Blazers,0021500893,2016-03-01,POR @ NYK,W,22,2,7,0.286,2,6,0.333,0,0,,0,3,3,1,0,0,1,0,6,15,10.1,1,2015-16
22015,203943,Noah Vonleh,1610612757,POR,Portland Trail Blazers,0021500893,2016-03-01,POR @ NYK,W,15,2,8,0.25,0,2,0.0,0,0,,3,1,4,0,0,0,0,3,4,-4,8.8,1,2015-16
22015,201587,Nicolas Batum,1610612766,CHA,Charlotte Hornets,0021500891,2016-03-01,CHA vs. PHX,W,31,6,10,0.6,2,3,0.667,1,1,1.0,1,8,9,4,1,0,3,1,15,35,31.8,1,2015-16
22015,1626151,Aaron Harrison,1610612766,CHA,Charlotte Hornets,0021500891,2016-03-01,CHA vs. PHX,W,8,0,3,0.0,0,3,0.0,2,4,0.5,0,0,0,0,0,0,0,2,2,-8,2.0,1,2015-16
22015,2734,Devin Harris,1610612742,DAL,Dallas Mavericks,0021500894,2016-03-01,DAL vs. ORL,W,16,3,3,1.0,1,1,1.0,0,0,,0,1,1,1,0,0,1,2,7,11,8.7,1,2015-16
22015,201578,Marreese Speights,1610612744,GSW,Golden State Warriors,0021500895,2016-03-01,GSW vs. ATL,W,13,3,8,0.375,2,2,1.0,2,2,1.0,1,0,1,1,0,1,0,0,10,1,15.7,1,2015-16
22015,202691,Klay Thompson,1610612744,GSW,Golden State Warriors,0021500895,2016-03-01,GSW vs. ATL,W,39,8,27,0.296,6,16,0.375,4,4,1.0,0,6,6,5,1,0,2,3,26,2,41.7,1,2015-16
22015,203546,Ian Clark,1610612744,GSW,Golden State Warriors,0021500895,2016-03-01,GSW vs. ATL,W,15,0,5,0.0,0,4,0.0,3,4,0.75,0,2,2,1,0,0,1,2,3,-4,5.9,1,2015-16
22015,1626156,D'Angelo Russell,1610612747,LAL,Los Angeles Lakers,0021500896,2016-03-01,LAL vs. BKN,W,35,14,21,0.667,8,12,0.667,3,5,0.6,1,5,6,3,1,0,3,1,39,13,50.7,1,2015-16
22015,202711,Bojan Bogdanovic,1610612751,BKN,Brooklyn Nets,0021500896,2016-03-01,BKN @ LAL,L,31,7,12,0.583,1,4,0.25,3,4,0.75,0,7,7,3,0,1,1,0,18,6,32.9,1,2015-16
22015,203080,Thomas Robinson,1610612751,BKN,Brooklyn Nets,0021500896,2016-03-01,BKN @ LAL,L,14,0,2,0.0,0,0,,0,0,,1,4,5,4,3,0,1,1,0,-6,20.0,1,2015-16
22015,202498,Lance Thomas,1610612752,NYK,New York Knicks,0021500893,2016-03-01,NYK vs. POR,L,23,2,10,0.2,1,3,0.333,0,0,,0,2,2,0,0,0,0,0,5,-5,7.4,1,2015-16
22015,200782,P.J. Tucker,1610612756,PHX,Phoenix Suns,0021500891,2016-03-01,PHX @ CHA,L,34,1,6,0.167,0,1,0.0,1,2,0.5,3,4,7,0,2,0,0,3,3,-28,17.4,1,2015-16
22015,203098,John Jenkins,1610612756,PHX,Phoenix Suns,0021500891,2016-03-01,PHX @ CHA,L,14,5,7,0.714,1,1,1.0,0,1,0.0,0,1,1,1,0,0,0,0,11,3,13.7,1,2015-16
22015,203092,Tyler Zeller,1610612738,BOS,Boston Celtics,0021500899,2016-03-02,BOS vs. POR,W,24,2,6,0.333,0,0,,3,3,1.0,2,5,7,2,0,0,0,2,7,8,18.4,1,2015-16
22015,203109,Jae Crowder,1610612738,BOS,Boston Celtics,0021500899,2016-03-02,BOS vs. POR,W,29,4,12,0.333,2,7,0.286,2,2,1.0,0,6,6,1,0,0,0,2,12,22,20.7,1,2015-16
22015,1626154,RJ Hunter,1610612738,BOS,Boston Celtics,0021500899,2016-03-02,BOS vs. POR,W,4,0,3,0.0,0,0,,0,0,,0,0,0,0,0,0,0,0,0,-5,0.0,1,2015-16
22015,201569,Eric Gordon,1610612740,NOP,New Orleans Pelicans,0021500901,2016-03-02,NOP @ HOU,L,32,5,11,0.455,4,9,0.444,0,0,,0,3,3,3,1,0,5,5,14,-3,20.1,1,2015-16
22015,201582,Alexis Ajinca,1610612740,NOP,New Orleans Pelicans,0021500901,2016-03-02,NOP @ HOU,L,7,2,5,0.4,0,0,,1,2,0.5,0,0,0,0,1,1,0,3,5,2,11.0,1,2015-16
22015,201950,Jrue Holiday,1610612740,NOP,New Orleans Pelicans,0021500901,2016-03-02,NOP @ HOU,L,30,5,13,0.385,1,7,0.143,2,2,1.0,0,3,3,8,1,0,5,3,13,-4,26.6,1,2015-16
22015,2200,Pau Gasol,1610612741,CHI,Chicago Bulls,0021500897,2016-03-02,CHI @ ORL,L,28,5,13,0.385,0,1,0.0,2,2,1.0,0,5,5,1,0,2,1,2,12,-18,24.5,1,2015-16
22015,202734,E'Twaun Moore,1610612741,CHI,Chicago Bulls,0021500897,2016-03-02,CHI @ ORL,L,28,4,9,0.444,0,1,0.0,1,1,1.0,1,2,3,3,0,0,1,1,9,-21,16.1,1,2015-16
22015,203503,Tony Snell,1610612741,CHI,Chicago Bulls,0021500897,2016-03-02,CHI @ ORL,L,19,1,3,0.333,1,2,0.5,0,0,,0,5,5,1,0,0,0,3,3,3,10.5,1,2015-16
22015,1626245,Cristiano Felicio,1610612741,CHI,Chicago Bulls,0021500897,2016-03-02,CHI @ ORL,L,5,0,0,,0,0,,0,0,,0,5,5,1,0,0,1,0,0,8,6.5,1,2015-16
22015,201589,Darrell Arthur,1610612743,DEN,Denver Nuggets,0021500906,2016-03-02,DEN vs. LAL,W,24,2,5,0.4,1,3,0.333,0,0,,1,2,3,0,1,2,0,3,5,0,17.6,1,2015-16
22015,202702,Kenneth Faried,1610612743,DEN,Denver Nuggets,0021500906,2016-03-02,DEN vs. LAL,W,18,4,5,0.8,0,0,,2,2,1.0,0,3,3,1,0,0,0,4,10,8,15.1,1,2015-16
22015,203115,Will Barton,1610612743,DEN,Denver Nuggets,0021500906,2016-03-02,DEN vs. LAL,W,24,2,8,0.25,2,4,0.5,5,9,0.556,0,7,7,3,0,1,4,0,11,-17,22.9,1,2015-16
22015,201935,James Harden,1610612745,HOU,Houston Rockets,0021500901,2016-03-02,HOU vs. NOP,W,40,11,24,0.458,1,9,0.111,16,18,0.889,3,9,12,7,4,1,8,3,39,10,70.9,1,2015-16
22015,202332,Cole Aldrich,1610612746,LAC,LA Clippers,0021500907,2016-03-02,LAC vs. OKC,W,12,4,5,0.8,0,0,,0,0,,0,6,6,0,1,0,0,0,8,2,18.2,1,2015-16
22015,204028,Tarik Black,1610612747,LAL,Los Angeles Lakers,0021500906,2016-03-02,LAL @ DEN,L,18,2,4,0.5,0,0,,2,2,1.0,1,6,7,1,1,1,0,2,6,14,21.9,1,2015-16
22015,1626156,D'Angelo Russell,1610612747,LAL,Los Angeles Lakers,0021500906,2016-03-02,LAL @ DEN,L,36,9,21,0.429,3,9,0.333,3,5,0.6,0,1,1,6,1,1,1,3,24,-16,39.2,1,2015-16
22015,203476,Gorgui Dieng,1610612750,MIN,Minnesota Timberwolves,0021500904,2016-03-02,MIN vs. WAS,L,30,3,5,0.6,0,1,0.0,0,0,,1,7,8,5,1,0,1,2,6,2,25.1,1,2015-16
22015,203940,Adreian Payne,1610612750,MIN,Minnesota Timberwolves,0021500904,2016-03-02,MIN vs. WAS,L,8,0,3,0.0,0,0,,0,0,,0,0,0,0,0,0,2,3,0,-11,-2.0,1,2015-16
22015,203952,Andrew Wiggins,1610612750,MIN,Minnesota Timberwolves,0021500904,2016-03-02,MIN vs. WAS,L,36,6,11,0.545,0,0,,5,6,0.833,0,2,2,1,1,0,2,2,17,9,21.9,1,2015-16
22015,1626157,Karl-Anthony Towns,1610612750,MIN,Minnesota Timberwolves,0021500904,2016-03-02,MIN vs. WAS,L,40,5,12,0.417,0,1,0.0,4,4,1.0,4,11,15,5,1,2,4,4,14,4,44.5,1,2015-16
22015,203473,Dewayne Dedmon,1610612753,ORL,Orlando Magic,0021500897,2016-03-02,ORL vs. CHI,W,3,0,0,,0,0,,0,0,,0,1,1,0,0,1,0,0,0,-6,4.2,1,2015-16
22015,101133,Ian Mahinmi,1610612754,IND,Indiana Pacers,0021500903,2016-03-02,IND @ MIL,W,24,4,7,0.571,0,0,,2,3,0.667,1,7,8,3,1,3,0,5,10,0,36.1,1,2015-16
22015,101145,Monta Ellis,1610612754,IND,Indiana Pacers,0021500903,2016-03-02,IND @ MIL,W,36,4,10,0.4,1,2,0.5,1,2,0.5,0,4,4,6,2,0,1,2,10,-1,28.8,1,2015-16
22015,202331,Paul George,1610612754,IND,Indiana Pacers,0021500903,2016-03-02,IND @ MIL,W,34,5,15,0.333,4,7,0.571,1,4,0.25,1,9,10,5,0,1,7,4,15,0,30.5,1,2015-16
22015,203457,Nerlens Noel,1610612755,PHI,Philadelphia 76ers,0021500898,2016-03-02,PHI vs. CHA,L,27,6,11,0.545,0,0,,5,6,0.833,1,2,3,4,2,0,3,4,17,-6,29.6,1,2015-16
22015,203477,Isaiah Canaan,1610612755,PHI,Philadelphia 76ers,0021500898,2016-03-02,PHI vs. CHA,L,32,5,15,0.333,4,10,0.4,3,3,1.0,0,0,0,0,2,0,2,2,17,-4,21.0,1,2015-16
22015,203496,Robert Covington,1610612755,PHI,Philadelphia 76ers,0021500898,2016-03-02,PHI vs. CHA,L,32,6,13,0.462,4,8,0.5,1,2,0.5,2,7,9,3,1,2,4,5,17,-13,37.3,1,2015-16
22015,203917,Nik Stauskas,1610612755,PHI,Philadelphia 76ers,0021500898,2016-03-02,PHI vs. CHA,L,17,2,6,0.333,1,4,0.25,1,1,1.0,0,1,1,0,1,0,0,1,6,-11,10.2,1,2015-16
22015,204456,T.J. McConnell,1610612755,PHI,Philadelphia 76ers,0021500898,2016-03-02,PHI vs. CHA,L,16,1,2,0.5,0,0,,2,2,1.0,1,2,3,5,0,0,1,3,4,-12,14.1,1,2015-16
22015,202334,Ed Davis,1610612757,POR,Portland Trail Blazers,0021500899,2016-03-02,POR @ BOS,L,12,0,2,0.0,0,0,,3,4,0.75,2,4,6,0,0,0,0,1,3,-17,10.2,1,2015-16
22015,203086,Meyers Leonard,1610612757,POR,Portland Trail Blazers,0021500899,2016-03-02,POR @ BOS,L,19,2,6,0.333,1,2,0.5,0,0,,0,7,7,2,0,0,5,3,5,-10,11.4,1,2015-16
22015,1626192,Pat Connaughton,1610612757,POR,Portland Trail Blazers,0021500899,2016-03-02,POR @ BOS,L,8,2,5,0.4,1,2,0.5,2,2,1.0,0,2,2,1,0,0,2,0,7,0,8.9,1,2015-16
22015,203613,Jonathon Simmons,1610612759,SAS,San Antonio Spurs,0021500905,2016-03-02,SAS vs. DET,W,8,1,1,1.0,0,0,,0,0,,0,0,0,0,0,0,0,0,2,0,2.0,1,2015-16
22015,200768,Kyle Lowry,1610612761,TOR,Toronto Raptors,0021500900,2016-03-02,TOR vs. UTA,W,40,13,20,0.65,3,8,0.375,3,3,1.0,0,4,4,5,3,1,5,3,32,11,51.3,1,2015-16
22015,201949,James Johnson,1610612761,TOR,Toronto Raptors,0021500900,2016-03-02,TOR vs. UTA,W,17,1,1,1.0,0,0,,0,0,,0,1,1,0,0,0,1,3,2,8,2.2,1,2015-16
22015,202709,Cory Joseph,1610612761,TOR,Toronto Raptors,0021500900,2016-03-02,TOR vs. UTA,W,26,3,6,0.5,0,0,,1,1,1.0,0,0,0,3,1,0,2,1,7,-3,12.5,1,2015-16
22015,203918,Rodney Hood,1610612762,UTA,Utah Jazz,0021500900,2016-03-02,UTA @ TOR,L,13,1,2,0.5,1,1,1.0,0,0,,0,0,0,4,1,0,0,0,3,4,12.0,1,2015-16
22015,2216,Zach Randolph,1610612763,MEM,Memphis Grizzlies,0021500902,2016-03-02,MEM vs. SAC,W,35,6,13,0.462,0,0,,7,7,1.0,4,4,8,2,0,0,2,4,19,0,29.6,1,2015-16
22015,201596,Mario Chalmers,1610612763,MEM,Memphis Grizzlies,0021500902,2016-03-02,MEM vs. SAC,W,27,4,9,0.444,1,2,0.5,6,6,1.0,0,0,0,4,3,0,1,3,15,6,29.0,1,2015-16
22015,101162,Marcin Gortat,1610612764,WAS,Washington Wizards,0021500904,2016-03-02,WAS @ MIN,W,26,6,9,0.667,0,0,,0,0,,0,4,4,0,0,1,2,2,12,-6,17.8,1,2015-16
22015,202066,Garrett Temple,1610612764,WAS,Washington Wizards,0021500904,2016-03-02,WAS @ MIN,W,28,1,7,0.143,0,4,0.0,0,0,,2,3,5,3,1,0,2,4,2,-11,13.5,1,2015-16
22015,202322,John Wall,1610612764,WAS,Washington Wizards,0021500904,2016-03-02,WAS @ MIN,W,38,6,18,0.333,0,3,0.0,2,2,1.0,1,3,4,12,2,0,5,0,14,0,37.8,1,2015-16
22015,202694,Marcus Morris Sr.,1610612765,DET,Detroit Pistons,0021500905,2016-03-02,DET @ SAS,L,32,6,15,0.4,2,5,0.4,2,2,1.0,0,4,4,2,0,0,2,2,16,-13,21.8,1,2015-16
22015,203083,Andre Drummond,1610612765,DET,Detroit Pistons,0021500905,2016-03-02,DET @ SAS,L,27,4,6,0.667,0,0,,1,8,0.125,4,10,14,1,1,1,3,4,9,-12,30.3,1,2015-16
22015,203493,Reggie Bullock Jr.,1610612765,DET,Detroit Pistons,0021500905,2016-03-02,DET @ SAS,L,21,2,2,1.0,1,1,1.0,2,3,0.667,0,5,5,0,0,0,0,1,7,3,13.0,1,2015-16
22015,202340,Avery Bradley,1610612738,BOS,Boston Celtics,0021500899,2016-03-02,BOS vs. POR,W,30,7,14,0.5,1,4,0.25,2,2,1.0,0,1,1,1,3,0,0,3,17,23,28.7,1,2015-16
22015,203096,Jared Sullinger,1610612738,BOS,Boston Celtics,0021500899,2016-03-02,BOS vs. POR,W,24,6,10,0.6,0,0,,3,3,1.0,5,6,11,3,0,2,2,2,15,15,36.7,1,2015-16
22015,1626179,Terry Rozier,1610612738,BOS,Boston Celtics,0021500899,2016-03-02,BOS vs. POR,W,6,1,7,0.143,0,1,0.0,0,0,,1,0,1,1,2,0,1,0,2,-2,9.7,1,2015-16
22015,2570,Kendrick Perkins,1610612740,NOP,New Orleans Pelicans,0021500901,2016-03-02,NOP @ HOU,L,22,0,1,0.0,0,0,,0,0,,0,8,8,1,3,0,2,2,0,11,18.1,1,2015-16
22015,203076,Anthony Davis,1610612740,NOP,New Orleans Pelicans,0021500901,2016-03-02,NOP @ HOU,L,39,5,13,0.385,1,2,0.5,1,2,0.5,1,7,8,3,2,1,1,4,12,-15,34.1,1,2015-16
22015,203926,Doug McDermott,1610612741,CHI,Chicago Bulls,0021500897,2016-03-02,CHI @ ORL,L,33,5,15,0.333,1,5,0.2,0,2,0.0,2,2,4,0,0,0,0,2,11,1,15.8,1,2015-16
22015,203946,Cameron Bairstow,1610612741,CHI,Chicago Bulls,0021500897,2016-03-02,CHI @ ORL,L,10,4,5,0.8,0,0,,0,0,,0,2,2,0,0,0,0,2,8,-4,10.4,1,2015-16
22015,203960,JaKarr Sampson,1610612743,DEN,Denver Nuggets,0021500906,2016-03-02,DEN vs. LAL,W,23,1,2,0.5,1,1,1.0,3,4,0.75,0,4,4,0,0,0,0,1,6,18,10.8,1,2015-16
22015,2746,Josh Smith,1610612745,HOU,Houston Rockets,0021500901,2016-03-02,HOU vs. NOP,W,19,2,5,0.4,0,3,0.0,0,0,,0,2,2,2,1,1,2,3,4,7,13.4,1,2015-16
22015,202700,Donatas Motiejunas,1610612745,HOU,Houston Rockets,0021500901,2016-03-02,HOU vs. NOP,W,22,3,7,0.429,0,1,0.0,1,4,0.25,1,2,3,2,0,0,0,2,7,-16,13.6,1,2015-16
22015,1718,Paul Pierce,1610612746,LAC,LA Clippers,0021500907,2016-03-02,LAC vs. OKC,W,15,2,4,0.5,2,3,0.667,0,0,,1,3,4,1,0,0,0,1,6,-3,12.3,1,2015-16
22015,2037,Jamal Crawford,1610612746,LAC,LA Clippers,0021500907,2016-03-02,LAC vs. OKC,W,32,5,14,0.357,0,4,0.0,2,3,0.667,1,1,2,2,1,0,0,0,12,7,20.4,1,2015-16
22015,203143,Pablo Prigioni,1610612746,LAC,LA Clippers,0021500907,2016-03-02,LAC vs. OKC,W,8,1,1,1.0,1,1,1.0,0,0,,0,1,1,0,0,0,1,0,3,-3,3.2,1,2015-16
22015,201156,Nick Young,1610612747,LAL,Los Angeles Lakers,0021500906,2016-03-02,LAL @ DEN,L,13,2,5,0.4,1,4,0.25,3,3,1.0,0,3,3,0,0,0,0,1,8,1,11.6,1,2015-16
22015,203903,Jordan Clarkson,1610612747,LAL,Los Angeles Lakers,0021500906,2016-03-02,LAL @ DEN,L,23,4,13,0.308,3,8,0.375,2,2,1.0,2,1,3,0,1,0,1,1,13,-3,18.6,1,2015-16
22015,203944,Julius Randle,1610612747,LAL,Los Angeles Lakers,0021500906,2016-03-02,LAL @ DEN,L,31,5,11,0.455,0,1,0.0,7,8,0.875,1,6,7,1,0,0,0,2,17,-21,26.9,1,2015-16
22015,203101,Miles Plumlee,1610612749,MIL,Milwaukee Bucks,0021500903,2016-03-02,MIL vs. IND,L,19,3,3,1.0,0,0,,0,0,,1,5,6,0,1,0,0,2,6,-6,16.2,1,2015-16
22015,203114,Khris Middleton,1610612749,MIL,Milwaukee Bucks,0021500903,2016-03-02,MIL vs. IND,L,38,7,19,0.368,2,5,0.4,7,9,0.778,1,4,5,4,2,0,3,1,23,0,38.0,1,2015-16
22015,203953,Jabari Parker,1610612749,MIL,Milwaukee Bucks,0021500903,2016-03-02,MIL vs. IND,L,37,8,15,0.533,0,0,,2,2,1.0,2,2,4,0,2,0,4,3,18,1,24.8,1,2015-16
22015,2419,Tayshaun Prince,1610612750,MIN,Minnesota Timberwolves,0021500904,2016-03-02,MIN vs. WAS,L,5,0,1,0.0,0,0,,0,0,,0,1,1,0,1,0,0,1,0,-4,4.2,1,2015-16
22015,203498,Shabazz Muhammad,1610612750,MIN,Minnesota Timberwolves,0021500904,2016-03-02,MIN vs. WAS,L,24,3,6,0.5,0,1,0.0,5,6,0.833,3,6,9,0,0,0,2,1,11,-13,19.8,1,2015-16
22015,203897,Zach LaVine,1610612750,MIN,Minnesota Timberwolves,0021500904,2016-03-02,MIN vs. WAS,L,39,7,18,0.389,2,5,0.4,5,5,1.0,0,3,3,2,1,0,1,2,21,1,29.6,1,2015-16
22015,1626209,Mario Hezonja,1610612753,ORL,Orlando Magic,0021500897,2016-03-02,ORL vs. CHI,W,37,9,17,0.529,3,7,0.429,0,0,,0,5,5,2,1,1,0,2,21,23,36.0,1,2015-16
22015,201588,George Hill,1610612754,IND,Indiana Pacers,0021500903,2016-03-02,IND @ MIL,W,34,4,8,0.5,2,4,0.5,0,0,,1,2,3,3,0,0,1,0,10,2,17.1,1,2015-16
22015,202397,Ish Smith,1610612755,PHI,Philadelphia 76ers,0021500898,2016-03-02,PHI vs. CHA,L,32,5,13,0.385,1,1,1.0,1,3,0.333,0,5,5,8,1,1,2,0,12,-8,34.0,1,2015-16
22015,203138,Hollis Thompson,1610612755,PHI,Philadelphia 76ers,0021500898,2016-03-02,PHI vs. CHA,L,21,3,8,0.375,2,6,0.333,2,5,0.4,0,2,2,1,0,0,0,1,10,-21,13.9,1,2015-16
22015,203148,Brian Roberts,1610612757,POR,Portland Trail Blazers,0021500899,2016-03-02,POR @ BOS,L,8,2,2,1.0,0,0,,0,0,,1,0,1,2,1,0,0,0,4,0,11.2,1,2015-16
22015,203459,Allen Crabbe,1610612757,POR,Portland Trail Blazers,0021500899,2016-03-02,POR @ BOS,L,26,4,8,0.5,2,5,0.4,0,0,,1,2,3,0,0,1,0,3,10,-7,16.6,1,2015-16
22015,202326,DeMarcus Cousins,1610612758,SAC,Sacramento Kings,0021500902,2016-03-02,SAC @ MEM,L,34,7,18,0.389,1,3,0.333,3,6,0.5,8,8,16,6,3,2,7,5,18,-9,54.2,1,2015-16
22015,203463,Ben McLemore,1610612758,SAC,Sacramento Kings,0021500902,2016-03-02,SAC @ MEM,L,19,3,7,0.429,1,4,0.25,1,2,0.5,0,0,0,0,2,1,2,3,8,-6,15.0,1,2015-16
22015,2225,Tony Parker,1610612759,SAS,San Antonio Spurs,0021500905,2016-03-02,SAS vs. DET,W,27,4,7,0.571,0,2,0.0,2,2,1.0,0,3,3,4,0,0,3,2,10,8,16.6,1,2015-16
22015,200746,LaMarcus Aldridge,1610612759,SAS,San Antonio Spurs,0021500905,2016-03-02,SAS vs. DET,W,35,10,16,0.625,0,0,,3,3,1.0,0,10,10,3,0,0,2,3,23,17,37.5,1,2015-16
22015,201988,Patty Mills,1610612759,SAS,San Antonio Spurs,0021500905,2016-03-02,SAS vs. DET,W,18,3,8,0.375,1,2,0.5,0,0,,0,2,2,7,1,0,0,1,7,7,22.9,1,2015-16
22015,202695,Kawhi Leonard,1610612759,SAS,San Antonio Spurs,0021500905,2016-03-02,SAS vs. DET,W,36,13,22,0.591,1,6,0.167,0,0,,0,6,6,5,2,0,0,3,27,22,47.7,1,2015-16
22015,201586,Serge Ibaka,1610612760,OKC,Oklahoma City Thunder,0021500907,2016-03-02,OKC @ LAC,L,33,5,16,0.313,0,1,0.0,1,1,1.0,4,7,11,2,1,0,2,3,11,-9,28.2,1,2015-16
22015,203500,Steven Adams,1610612760,OKC,Oklahoma City Thunder,0021500907,2016-03-02,OKC @ LAC,L,27,3,4,0.75,0,0,,0,0,,6,3,9,0,0,1,0,1,6,-9,19.8,1,2015-16
22015,2449,Luis Scola,1610612761,TOR,Toronto Raptors,0021500900,2016-03-02,TOR vs. UTA,W,19,2,5,0.4,0,1,0.0,0,0,,1,5,6,4,1,0,0,1,4,5,20.2,1,2015-16
22015,202687,Bismack Biyombo,1610612761,TOR,Toronto Raptors,0021500900,2016-03-02,TOR vs. UTA,W,18,0,2,0.0,0,0,,1,2,0.5,3,4,7,0,0,3,0,2,1,-7,18.4,1,2015-16
22015,203187,Chris Johnson,1610612762,UTA,Utah Jazz,0021500900,2016-03-02,UTA @ TOR,L,20,1,4,0.25,0,2,0.0,0,0,,0,3,3,1,0,2,0,4,2,-3,13.1,1,2015-16
22015,2365,Chris Andersen,1610612763,MEM,Memphis Grizzlies,0021500902,2016-03-02,MEM vs. SAC,W,27,2,4,0.5,0,0,,6,8,0.75,2,4,6,0,2,1,3,2,10,2,23.2,1,2015-16
22015,202362,Lance Stephenson,1610612763,MEM,Memphis Grizzlies,0021500902,2016-03-02,MEM vs. SAC,W,16,3,7,0.429,0,1,0.0,1,1,1.0,1,2,3,3,1,0,4,2,7,7,14.1,1,2015-16
22015,2581,Steve Blake,1610612765,DET,Detroit Pistons,0021500905,2016-03-02,DET @ SAS,L,17,1,4,0.25,1,2,0.5,0,0,,0,1,1,4,0,0,2,1,3,0,8.2,1,2015-16
22015,203484,Kentavious Caldwell-Pope,1610612765,DET,Detroit Pistons,0021500905,2016-03-02,DET @ SAS,L,36,1,10,0.1,0,4,0.0,2,3,0.667,0,2,2,3,1,0,1,1,4,-14,12.9,1,2015-16
22015,203469,Cody Zeller,1610612766,CHA,Charlotte Hornets,0021500898,2016-03-02,CHA @ PHI,W,28,3,6,0.5,0,0,,9,10,0.9,2,4,6,2,0,4,1,3,15,4,36.2,1,2015-16
22015,101161,Amir Johnson,1610612738,BOS,Boston Celtics,0021500899,2016-03-02,BOS vs. POR,W,14,3,7,0.429,0,0,,0,0,,5,1,6,1,0,2,0,1,6,12,20.7,1,2015-16
22015,201973,Jonas Jerebko,1610612738,BOS,Boston Celtics,0021500899,2016-03-02,BOS vs. POR,W,19,3,8,0.375,0,2,0.0,4,4,1.0,2,4,6,1,0,2,0,3,10,5,24.7,1,2015-16
22015,202323,Evan Turner,1610612738,BOS,Boston Celtics,0021500899,2016-03-02,BOS vs. POR,W,26,1,8,0.125,0,0,,0,0,,0,4,4,5,2,1,1,0,2,9,22.3,1,2015-16
22015,201583,Ryan Anderson,1610612740,NOP,New Orleans Pelicans,0021500901,2016-03-02,NOP @ HOU,L,25,5,20,0.25,2,7,0.286,2,2,1.0,5,5,10,0,1,0,3,4,14,-1,26.0,1,2015-16
22015,203200,Justin Holiday,1610612741,CHI,Chicago Bulls,0021500897,2016-03-02,CHI @ ORL,L,28,2,10,0.2,1,3,0.333,1,2,0.5,0,4,4,4,3,0,0,2,6,4,25.8,1,2015-16
22015,1626171,Bobby Portis,1610612741,CHI,Chicago Bulls,0021500897,2016-03-02,CHI @ ORL,L,26,4,11,0.364,0,0,,1,2,0.5,0,6,6,5,0,0,1,3,9,-10,22.7,1,2015-16
22015,203530,Joffrey Lauvergne,1610612743,DEN,Denver Nuggets,0021500906,2016-03-02,DEN vs. LAL,W,26,3,7,0.429,0,1,0.0,1,2,0.5,1,9,10,1,0,0,1,2,7,-5,19.5,1,2015-16
22015,203999,Nikola Jokić,1610612743,DEN,Denver Nuggets,0021500906,2016-03-02,DEN vs. LAL,W,28,3,8,0.375,1,2,0.5,7,8,0.875,1,5,6,3,0,2,1,5,14,17,30.7,1,2015-16
22015,1891,Jason Terry,1610612745,HOU,Houston Rockets,0021500901,2016-03-02,HOU vs. NOP,W,18,0,5,0.0,0,5,0.0,0,0,,0,1,1,1,1,0,0,0,0,5,5.7,1,2015-16
22015,101108,Chris Paul,1610612746,LAC,LA Clippers,0021500907,2016-03-02,LAC vs. OKC,W,40,8,17,0.471,1,4,0.25,4,4,1.0,1,3,4,13,1,1,2,4,21,8,49.3,1,2015-16
22015,200755,JJ Redick,1610612746,LAC,LA Clippers,0021500907,2016-03-02,LAC vs. OKC,W,31,6,13,0.462,2,6,0.333,2,2,1.0,0,1,1,3,1,0,1,3,16,12,23.7,1,2015-16
22015,203085,Austin Rivers,1610612746,LAC,LA Clippers,0021500907,2016-03-02,LAC vs. OKC,W,19,2,8,0.25,0,2,0.0,2,4,0.5,1,2,3,1,1,0,1,1,6,-12,13.1,1,2015-16
22015,101138,Brandon Bass,1610612747,LAL,Los Angeles Lakers,0021500906,2016-03-02,LAL @ DEN,L,29,4,7,0.571,0,0,,3,5,0.6,0,1,1,1,2,1,1,4,11,7,21.7,1,2015-16
22015,1626273,Marcelo Huertas,1610612747,LAL,Los Angeles Lakers,0021500906,2016-03-02,LAL @ DEN,L,31,3,4,0.75,1,2,0.5,2,2,1.0,0,1,1,8,1,0,1,5,9,2,24.2,1,2015-16
22015,1626173,Rashad Vaughn,1610612749,MIL,Milwaukee Bucks,0021500903,2016-03-02,MIL vs. IND,L,10,0,1,0.0,0,0,,0,0,,0,1,1,0,0,0,0,2,0,-5,1.2,1,2015-16
22015,201937,Ricky Rubio,1610612750,MIN,Minnesota Timberwolves,0021500904,2016-03-02,MIN vs. WAS,L,38,6,14,0.429,2,3,0.667,8,9,0.889,1,5,6,3,3,0,6,4,22,10,36.7,1,2015-16
22015,201943,Brandon Jennings,1610612753,ORL,Orlando Magic,0021500897,2016-03-02,ORL vs. CHI,W,12,1,5,0.2,0,1,0.0,0,0,,0,2,2,3,0,0,0,2,2,-4,8.9,1,2015-16
22015,203094,Andrew Nicholson,1610612753,ORL,Orlando Magic,0021500897,2016-03-02,ORL vs. CHI,W,3,0,1,0.0,0,1,0.0,0,0,,0,2,2,0,0,0,0,0,0,-6,2.4,1,2015-16
22015,201155,Rodney Stuckey,1610612754,IND,Indiana Pacers,0021500903,2016-03-02,IND @ MIL,W,19,5,7,0.714,2,4,0.5,3,4,0.75,0,1,1,2,0,0,1,2,15,7,18.2,1,2015-16
22015,202730,Lavoy Allen,1610612754,IND,Indiana Pacers,0021500903,2016-03-02,IND @ MIL,W,17,3,6,0.5,0,0,,2,2,1.0,4,2,6,2,0,0,0,2,8,10,18.2,1,2015-16
22015,201945,Gerald Henderson,1610612757,POR,Portland Trail Blazers,0021500899,2016-03-02,POR @ BOS,L,15,1,6,0.167,0,1,0.0,3,4,0.75,1,1,2,0,0,0,0,2,5,-15,7.4,1,2015-16
22015,202341,James Anderson,1610612758,SAC,Sacramento Kings,0021500902,2016-03-02,SAC @ MEM,L,5,0,0,,0,0,,0,0,,0,1,1,0,0,0,0,0,0,-10,1.2,1,2015-16
22015,203112,Quincy Acy,1610612758,SAC,Sacramento Kings,0021500902,2016-03-02,SAC @ MEM,L,26,5,6,0.833,0,1,0.0,1,2,0.5,1,2,3,1,1,0,1,5,11,-5,18.1,1,2015-16
22015,1626161,Willie Cauley-Stein,1610612758,SAC,Sacramento Kings,0021500902,2016-03-02,SAC @ MEM,L,20,4,4,1.0,0,0,,0,0,,1,3,4,0,1,0,0,1,8,4,15.8,1,2015-16
22015,1889,Andre Miller,1610612759,SAS,San Antonio Spurs,0021500905,2016-03-02,SAS vs. DET,W,8,0,0,,0,0,,0,0,,1,1,2,2,0,0,0,2,0,-1,5.4,1,2015-16
22015,2564,Boris Diaw,1610612759,SAS,San Antonio Spurs,0021500905,2016-03-02,SAS vs. DET,W,14,2,4,0.5,1,1,1.0,0,0,,0,1,1,0,0,0,0,1,5,-8,6.2,1,2015-16
22015,202683,Enes Freedom,1610612760,OKC,Oklahoma City Thunder,0021500907,2016-03-02,OKC @ LAC,L,15,4,9,0.444,0,0,,0,0,,3,5,8,0,0,0,0,0,8,4,17.6,1,2015-16
22015,202713,Kyle Singler,1610612760,OKC,Oklahoma City Thunder,0021500907,2016-03-02,OKC @ LAC,L,12,1,2,0.5,1,2,0.5,0,0,,3,1,4,0,0,0,0,4,3,3,7.8,1,2015-16
22015,203460,Andre Roberson,1610612760,OKC,Oklahoma City Thunder,0021500907,2016-03-02,OKC @ LAC,L,22,0,4,0.0,0,3,0.0,0,0,,1,6,7,0,0,0,0,3,0,-10,8.4,1,2015-16
22015,1626166,Cameron Payne,1610612760,OKC,Oklahoma City Thunder,0021500907,2016-03-02,OKC @ LAC,L,3,1,2,0.5,0,1,0.0,0,0,,1,0,1,1,0,0,0,1,2,5,4.7,1,2015-16
22015,202685,Jonas Valančiūnas,1610612761,TOR,Toronto Raptors,0021500900,2016-03-02,TOR vs. UTA,W,25,4,8,0.5,0,0,,2,2,1.0,2,6,8,0,0,1,0,3,10,6,22.6,1,2015-16
22015,202330,Gordon Hayward,1610612762,UTA,Utah Jazz,0021500900,2016-03-02,UTA @ TOR,L,37,9,22,0.409,3,9,0.333,5,6,0.833,0,3,3,6,0,1,1,2,26,-13,40.6,1,2015-16
22015,204060,Joe Ingles,1610612762,UTA,Utah Jazz,0021500900,2016-03-02,UTA @ TOR,L,14,1,3,0.333,1,1,1.0,0,0,,0,2,2,1,1,0,0,0,3,-7,9.9,1,2015-16
22015,2440,Matt Barnes,1610612763,MEM,Memphis Grizzlies,0021500902,2016-03-02,MEM vs. SAC,W,27,1,6,0.167,0,3,0.0,0,0,,0,2,2,3,0,0,2,3,2,6,6.9,1,2015-16
22015,200797,Ryan Hollins,1610612763,MEM,Memphis Grizzlies,0021500902,2016-03-02,MEM vs. SAC,W,2,0,0,,0,0,,0,0,,0,0,0,0,0,0,1,1,0,1,-1.0,1,2015-16
22015,203210,JaMychal Green,1610612763,MEM,Memphis Grizzlies,0021500902,2016-03-02,MEM vs. SAC,W,21,5,7,0.714,1,1,1.0,4,5,0.8,1,1,2,0,3,0,1,3,15,0,25.4,1,2015-16
22015,1626185,Jarell Martin,1610612763,MEM,Memphis Grizzlies,0021500902,2016-03-02,MEM vs. SAC,W,10,1,1,1.0,0,0,,0,0,,4,4,8,0,0,1,1,0,2,7,13.6,1,2015-16
22015,202693,Markieff Morris,1610612764,WAS,Washington Wizards,0021500904,2016-03-02,WAS @ MIN,W,24,2,6,0.333,1,3,0.333,2,2,1.0,0,6,6,2,0,0,1,3,7,-6,16.2,1,2015-16
22015,203078,Bradley Beal,1610612764,WAS,Washington Wizards,0021500904,2016-03-02,WAS @ MIN,W,29,10,15,0.667,3,4,0.75,3,5,0.6,1,2,3,2,3,0,1,4,26,4,40.6,1,2015-16
22015,202699,Tobias Harris,1610612765,DET,Detroit Pistons,0021500905,2016-03-02,DET @ SAS,L,38,7,16,0.438,1,2,0.5,1,2,0.5,1,5,6,4,0,0,1,1,16,-18,28.2,1,2015-16
22015,101107,Marvin Williams,1610612766,CHA,Charlotte Hornets,0021500898,2016-03-02,CHA @ PHI,W,30,6,11,0.545,2,4,0.5,0,0,,3,6,9,0,1,2,1,1,14,15,32.8,1,2015-16
22015,201946,Tyler Hansbrough,1610612766,CHA,Charlotte Hornets,0021500898,2016-03-02,CHA @ PHI,W,2,0,0,,0,0,,0,0,,0,0,0,0,0,0,0,0,0,0,0.0,1,2015-16
22015,203087,Jeremy Lamb,1610612766,CHA,Charlotte Hornets,0021500898,2016-03-02,CHA @ PHI,W,16,3,6,0.5,0,1,0.0,0,0,,0,2,2,0,1,0,1,1,6,8,10.4,1,2015-16
22015,203584,Troy Daniels,1610612766,CHA,Charlotte Hornets,0021500898,2016-03-02,CHA @ PHI,W,2,1,2,0.5,1,2,0.5,0,0,,0,0,0,0,0,0,0,0,3,0,3.0,1,2015-16
22015,201962,Toney Douglas,1610612740,NOP,New Orleans Pelicans,0021500901,2016-03-02,NOP @ HOU,L,8,0,2,0.0,0,2,0.0,0,0,,0,2,2,0,0,0,1,2,0,-2,1.4,1,2015-16
22015,201967,Dante Cunningham,1610612740,NOP,New Orleans Pelicans,0021500901,2016-03-02,NOP @ HOU,L,29,5,9,0.556,4,7,0.571,2,4,0.5,0,3,3,1,0,0,3,2,16,-9,18.1,1,2015-16
22015,2399,Mike Dunleavy,1610612741,CHI,Chicago Bulls,0021500897,2016-03-02,CHI @ ORL,L,21,3,9,0.333,2,3,0.667,0,0,,2,4,6,1,1,0,1,1,8,-8,18.7,1,2015-16
22015,203914,Gary Harris,1610612743,DEN,Denver Nuggets,0021500906,2016-03-02,DEN vs. LAL,W,40,6,12,0.5,2,5,0.4,2,2,1.0,2,1,3,2,1,0,3,2,16,6,22.6,1,2015-16
22015,2730,Dwight Howard,1610612745,HOU,Houston Rockets,0021500901,2016-03-02,HOU vs. NOP,W,32,5,6,0.833,0,0,,6,10,0.6,2,7,9,0,2,3,4,2,16,-7,37.8,1,2015-16
22015,201147,Corey Brewer,1610612745,HOU,Houston Rockets,0021500901,2016-03-02,HOU vs. NOP,W,20,4,9,0.444,0,4,0.0,1,2,0.5,1,3,4,2,1,0,0,1,9,3,19.8,1,2015-16
22015,201976,Patrick Beverley,1610612745,HOU,Houston Rockets,0021500901,2016-03-02,HOU vs. NOP,W,35,6,13,0.462,2,6,0.333,1,2,0.5,0,9,9,2,1,1,2,2,15,2,32.8,1,2015-16
22015,977,Kobe Bryant,1610612747,LAL,Los Angeles Lakers,0021500906,2016-03-02,LAL @ DEN,L,11,1,2,0.5,1,2,0.5,2,3,0.667,1,1,2,1,0,0,0,1,5,1,8.9,1,2015-16
22015,201573,Jerryd Bayless,1610612749,MIL,Milwaukee Bucks,0021500903,2016-03-02,MIL vs. IND,L,32,3,9,0.333,0,5,0.0,5,5,1.0,0,3,3,5,0,0,0,4,11,-5,22.1,1,2015-16
22015,202328,Greg Monroe,1610612749,MIL,Milwaukee Bucks,0021500903,2016-03-02,MIL vs. IND,L,29,5,9,0.556,0,0,,6,8,0.75,1,6,7,0,1,0,1,1,16,1,26.4,1,2015-16
22015,203507,Giannis Antetokounmpo,1610612749,MIL,Milwaukee Bucks,0021500903,2016-03-02,MIL vs. IND,L,41,7,16,0.438,0,0,,8,8,1.0,1,5,6,3,1,1,2,3,22,-6,37.7,1,2015-16
22015,202962,Greg Smith,1610612750,MIN,Minnesota Timberwolves,0021500904,2016-03-02,MIN vs. WAS,L,10,1,1,1.0,0,0,,2,4,0.5,0,1,1,1,0,0,0,1,4,-12,6.7,1,2015-16
22015,1626145,Tyus Jones,1610612750,MIN,Minnesota Timberwolves,0021500904,2016-03-02,MIN vs. WAS,L,10,1,4,0.25,1,3,0.333,0,0,,0,0,0,0,0,0,1,0,3,-16,2.0,1,2015-16
22015,101141,Ersan Ilyasova,1610612753,ORL,Orlando Magic,0021500897,2016-03-02,ORL vs. CHI,W,12,3,8,0.375,1,1,1.0,1,3,0.333,1,6,7,0,1,0,0,1,8,3,19.4,1,2015-16
22015,202696,Nikola Vučević,1610612753,ORL,Orlando Magic,0021500897,2016-03-02,ORL vs. CHI,W,33,10,24,0.417,1,1,1.0,3,3,1.0,2,5,7,4,1,0,1,0,24,18,40.4,1,2015-16
22015,203506,Victor Oladipo,1610612753,ORL,Orlando Magic,0021500897,2016-03-02,ORL vs. CHI,W,36,6,12,0.5,0,2,0.0,5,6,0.833,1,6,7,1,1,1,3,1,17,24,29.9,1,2015-16
22015,201941,Jordan Hill,1610612754,IND,Indiana Pacers,0021500903,2016-03-02,IND @ MIL,W,23,8,12,0.667,0,0,,3,4,0.75,1,6,7,1,0,0,0,5,19,5,28.9,1,2015-16
22015,201978,Chase Budinger,1610612754,IND,Indiana Pacers,0021500903,2016-03-02,IND @ MIL,W,14,1,4,0.25,0,1,0.0,1,2,0.5,2,0,2,3,1,0,1,1,3,5,11.9,1,2015-16
22015,202329,Al-Farouq Aminu,1610612757,POR,Portland Trail Blazers,0021500899,2016-03-02,POR @ BOS,L,20,1,4,0.25,0,2,0.0,0,0,,0,4,4,3,1,0,1,0,2,-8,13.3,1,2015-16
22015,203486,Mason Plumlee,1610612757,POR,Portland Trail Blazers,0021500899,2016-03-02,POR @ BOS,L,22,4,5,0.8,0,0,,1,2,0.5,2,5,7,3,1,2,1,4,9,-9,29.9,1,2015-16
22015,203943,Noah Vonleh,1610612757,POR,Portland Trail Blazers,0021500899,2016-03-02,POR @ BOS,L,20,3,10,0.3,0,1,0.0,0,2,0.0,2,3,5,0,1,0,0,3,6,1,15.0,1,2015-16
22015,2446,Rasual Butler,1610612759,SAS,San Antonio Spurs,0021500905,2016-03-02,SAS vs. DET,W,5,0,1,0.0,0,1,0.0,0,0,,0,0,0,0,1,0,0,0,0,3,3.0,1,2015-16
22015,2561,David West,1610612759,SAS,San Antonio Spurs,0021500905,2016-03-02,SAS vs. DET,W,16,2,7,0.286,0,0,,0,0,,0,2,2,0,0,1,1,2,4,0,8.4,1,2015-16
22015,203937,Kyle Anderson,1610612759,SAS,San Antonio Spurs,0021500905,2016-03-02,SAS vs. DET,W,19,2,6,0.333,0,0,,3,3,1.0,0,5,5,0,1,2,0,3,7,4,22.0,1,2015-16
22015,1626246,Boban Marjanovic,1610612759,SAS,San Antonio Spurs,0021500905,2016-03-02,SAS vs. DET,W,2,0,0,,0,0,,0,0,,1,0,1,0,0,1,0,0,0,2,4.2,1,2015-16
22015,200751,Randy Foye,1610612760,OKC,Oklahoma City Thunder,0021500907,2016-03-02,OKC @ LAC,L,26,3,4,0.75,2,3,0.667,0,0,,0,4,4,2,1,2,2,1,8,-2,22.8,1,2015-16
22015,201942,DeMar DeRozan,1610612761,TOR,Toronto Raptors,0021500900,2016-03-02,TOR vs. UTA,W,35,11,15,0.733,0,1,0.0,9,11,0.818,1,4,5,0,0,0,0,4,31,15,37.0,1,2015-16
22015,202335,Patrick Patterson,1610612761,TOR,Toronto Raptors,0021500900,2016-03-02,TOR vs. UTA,W,29,1,9,0.111,0,5,0.0,2,2,1.0,1,6,7,0,0,0,0,0,4,5,12.4,1,2015-16
22015,203512,Lucas Nogueira,1610612761,TOR,Toronto Raptors,0021500900,2016-03-02,TOR vs. UTA,W,5,1,1,1.0,0,0,,0,0,,2,2,4,0,0,0,1,1,2,11,5.8,1,2015-16
22015,203481,Jeff Withey,1610612762,UTA,Utah Jazz,0021500900,2016-03-02,UTA @ TOR,L,5,1,1,1.0,0,0,,0,0,,0,0,0,0,0,0,0,0,2,3,2.0,1,2015-16
22015,1626168,Trey Lyles,1610612762,UTA,Utah Jazz,0021500900,2016-03-02,UTA @ TOR,L,25,2,7,0.286,2,3,0.667,0,0,,1,2,3,0,0,2,0,2,6,1,15.6,1,2015-16
22015,201144,Mike Conley,1610612763,MEM,Memphis Grizzlies,0021500902,2016-03-02,MEM vs. SAC,W,34,9,12,0.75,3,3,1.0,3,4,0.75,0,2,2,5,3,1,1,1,24,11,44.9,1,2015-16
22015,101187,Alan Anderson,1610612764,WAS,Washington Wizards,0021500904,2016-03-02,WAS @ MIN,W,21,6,9,0.667,4,7,0.571,2,2,1.0,0,2,2,0,1,0,0,4,18,23,23.4,1,2015-16
22015,201162,Jared Dudley,1610612764,WAS,Washington Wizards,0021500904,2016-03-02,WAS @ MIN,W,22,2,4,0.5,1,3,0.333,0,0,,0,3,3,2,0,1,0,3,5,12,14.6,1,2015-16
22015,201196,Ramon Sessions,1610612764,WAS,Washington Wizards,0021500904,2016-03-02,WAS @ MIN,W,11,3,5,0.6,1,3,0.333,0,0,,0,2,2,0,0,0,2,1,7,11,7.4,1,2015-16
22015,202704,Reggie Jackson,1610612765,DET,Detroit Pistons,0021500905,2016-03-02,DET @ SAS,L,31,4,13,0.308,0,2,0.0,3,3,1.0,0,3,3,3,1,0,4,0,11,-16,18.1,1,2015-16
22015,201584,Courtney Lee,1610612766,CHA,Charlotte Hornets,0021500898,2016-03-02,CHA @ PHI,W,29,2,5,0.4,1,2,0.5,4,4,1.0,0,3,3,3,1,0,2,4,9,13,18.1,1,2015-16
22015,201587,Nicolas Batum,1610612766,CHA,Charlotte Hornets,0021500898,2016-03-02,CHA @ PHI,W,37,5,14,0.357,2,6,0.333,0,0,,0,4,4,7,2,0,2,1,12,7,31.3,1,2015-16
22015,202689,Kemba Walker,1610612766,CHA,Charlotte Hornets,0021500898,2016-03-02,CHA @ PHI,W,38,10,21,0.476,2,5,0.4,8,12,0.667,0,7,7,2,2,0,1,1,30,17,46.4,1,2015-16
22015,203268,Jorge Gutierrez,1610612766,CHA,Charlotte Hornets,0021500898,2016-03-02,CHA @ PHI,W,2,0,0,,0,0,,0,0,,0,0,0,0,0,0,0,0,0,0,0.0,1,2015-16
22015,1626163,Frank Kaminsky,1610612766,CHA,Charlotte Hornets,0021500898,2016-03-02,CHA @ PHI,W,18,3,5,0.6,1,3,0.333,0,0,,1,7,8,3,1,0,0,2,7,8,24.1,1,2015-16
22015,203935,Marcus Smart,1610612738,BOS,Boston Celtics,0021500899,2016-03-02,BOS vs. POR,W,31,5,12,0.417,1,6,0.167,4,5,0.8,3,8,11,3,2,0,1,0,15,10,37.7,1,2015-16
22015,1626175,Jordan Mickey,1610612738,BOS,Boston Celtics,0021500899,2016-03-02,BOS vs. POR,W,4,0,0,,0,0,,0,0,,0,0,0,0,0,1,0,0,0,-5,3.0,1,2015-16
22015,202087,Alonzo Gee,1610612740,NOP,New Orleans Pelicans,0021500901,2016-03-02,NOP @ HOU,L,12,0,0,,0,0,,0,0,,0,2,2,0,0,0,1,3,0,-2,1.4,1,2015-16
22015,202708,Norris Cole,1610612740,NOP,New Orleans Pelicans,0021500901,2016-03-02,NOP @ HOU,L,36,9,16,0.563,2,3,0.667,1,1,1.0,0,4,4,8,1,1,1,0,21,-2,42.8,1,2015-16
22015,201565,Derrick Rose,1610612741,CHI,Chicago Bulls,0021500897,2016-03-02,CHI @ ORL,L,25,7,14,0.5,0,0,,2,2,1.0,0,4,4,6,1,0,2,0,16,-14,30.8,1,2015-16
22015,201571,D.J. Augustin,1610612743,DEN,Denver Nuggets,0021500906,2016-03-02,DEN vs. LAL,W,23,7,11,0.636,3,3,1.0,9,9,1.0,0,2,2,5,1,0,0,1,26,-2,38.9,1,2015-16
22015,2772,Trevor Ariza,1610612745,HOU,Houston Rockets,0021500901,2016-03-02,HOU vs. NOP,W,38,3,10,0.3,0,7,0.0,0,0,,0,6,6,3,4,1,5,1,6,9,27.7,1,2015-16
22015,203991,Clint Capela,1610612745,HOU,Houston Rockets,0021500901,2016-03-02,HOU vs. NOP,W,16,2,2,1.0,0,0,,0,2,0.0,1,4,5,1,1,2,0,0,4,12,20.5,1,2015-16
22015,201145,Jeff Green,1610612746,LAC,LA Clippers,0021500907,2016-03-02,LAC vs. OKC,W,17,0,7,0.0,0,3,0.0,0,0,,0,2,2,2,0,0,1,3,0,-3,4.4,1,2015-16
22015,201599,DeAndre Jordan,1610612746,LAC,LA Clippers,0021500907,2016-03-02,LAC vs. OKC,W,36,8,13,0.615,0,0,,4,7,0.571,6,12,18,2,1,1,0,0,20,1,50.6,1,2015-16
22015,202325,Wesley Johnson,1610612746,LAC,LA Clippers,0021500907,2016-03-02,LAC vs. OKC,W,31,4,16,0.25,3,9,0.333,0,1,0.0,2,2,4,2,5,1,0,1,11,16,36.8,1,2015-16
22015,201579,Roy Hibbert,1610612747,LAL,Los Angeles Lakers,0021500906,2016-03-02,LAL @ DEN,L,18,3,6,0.5,0,0,,2,2,1.0,1,1,2,0,0,1,1,4,8,-20,12.4,1,2015-16
22015,201564,O.J. Mayo,1610612749,MIL,Milwaukee Bucks,0021500903,2016-03-02,MIL vs. IND,L,34,1,4,0.25,1,4,0.25,0,0,,0,5,5,2,1,0,2,5,3,-5,13.0,1,2015-16
22015,201160,Jason Smith,1610612753,ORL,Orlando Magic,0021500897,2016-03-02,ORL vs. CHI,W,13,4,7,0.571,0,0,,0,0,,2,5,7,0,0,1,1,0,8,1,18.4,1,2015-16
22015,203894,Shabazz Napier,1610612753,ORL,Orlando Magic,0021500897,2016-03-02,ORL vs. CHI,W,3,0,1,0.0,0,1,0.0,0,0,,0,1,1,0,0,0,1,0,0,-6,0.2,1,2015-16
22015,203901,Elfrid Payton,1610612753,ORL,Orlando Magic,0021500897,2016-03-02,ORL vs. CHI,W,33,4,9,0.444,1,1,1.0,0,0,,0,4,4,12,1,1,3,2,9,23,34.8,1,2015-16
22015,203906,Devyn Marble,1610612753,ORL,Orlando Magic,0021500897,2016-03-02,ORL vs. CHI,W,6,0,1,0.0,0,1,0.0,0,0,,0,0,0,0,0,0,1,1,0,-7,-1.0,1,2015-16
22015,203524,Solomon Hill,1610612754,IND,Indiana Pacers,0021500903,2016-03-02,IND @ MIL,W,7,0,1,0.0,0,1,0.0,2,2,1.0,1,3,4,2,2,0,0,0,2,4,15.8,1,2015-16
22015,1626167,Myles Turner,1610612754,IND,Indiana Pacers,0021500903,2016-03-02,IND @ MIL,W,31,4,10,0.4,1,1,1.0,3,3,1.0,1,3,4,1,1,2,3,2,12,-7,24.3,1,2015-16
22015,201171,Carl Landry,1610612755,PHI,Philadelphia 76ers,0021500898,2016-03-02,PHI vs. CHA,L,14,3,6,0.5,0,0,,3,4,0.75,0,3,3,0,1,0,0,1,9,-1,15.6,1,2015-16
22015,1626158,Richaun Holmes,1610612755,PHI,Philadelphia 76ers,0021500898,2016-03-02,PHI vs. CHA,L,18,0,5,0.0,0,2,0.0,0,0,,3,3,6,1,0,1,1,3,0,-9,10.7,1,2015-16
22015,203081,Damian Lillard,1610612757,POR,Portland Trail Blazers,0021500899,2016-03-02,POR @ BOS,L,34,8,17,0.471,3,8,0.375,1,2,0.5,1,3,4,2,0,2,3,2,20,-22,30.8,1,2015-16
22015,203090,Maurice Harkless,1610612757,POR,Portland Trail Blazers,0021500899,2016-03-02,POR @ BOS,L,21,2,6,0.333,1,3,0.333,0,0,,2,5,7,0,0,0,1,1,5,-6,12.4,1,2015-16
22015,201158,Marco Belinelli,1610612758,SAC,Sacramento Kings,0021500902,2016-03-02,SAC @ MEM,L,25,7,15,0.467,2,7,0.286,0,0,,0,1,1,4,0,0,1,0,16,-3,22.2,1,2015-16
22015,201956,Omri Casspi,1610612758,SAC,Sacramento Kings,0021500902,2016-03-02,SAC @ MEM,L,26,4,7,0.571,1,3,0.333,3,4,0.75,0,7,7,1,0,0,3,3,12,-2,18.9,1,2015-16
22015,1495,Tim Duncan,1610612759,SAS,San Antonio Spurs,0021500905,2016-03-02,SAS vs. DET,W,20,6,9,0.667,0,0,,0,1,0.0,3,5,8,1,1,0,1,1,12,17,25.1,1,2015-16
22015,201980,Danny Green,1610612759,SAS,San Antonio Spurs,0021500905,2016-03-02,SAS vs. DET,W,33,0,3,0.0,0,2,0.0,0,0,,0,1,1,3,2,2,1,2,0,9,16.7,1,2015-16
22015,201142,Kevin Durant,1610612760,OKC,Oklahoma City Thunder,0021500907,2016-03-02,OKC @ LAC,L,39,12,27,0.444,3,12,0.25,3,4,0.75,0,11,11,5,0,5,6,2,30,-4,59.7,1,2015-16
22015,203082,Terrence Ross,1610612761,TOR,Toronto Raptors,0021500900,2016-03-02,TOR vs. UTA,W,27,4,13,0.308,3,7,0.429,0,0,,0,3,3,0,2,0,0,0,11,-1,20.6,1,2015-16
22015,202324,Derrick Favors,1610612762,UTA,Utah Jazz,0021500900,2016-03-02,UTA @ TOR,L,35,7,13,0.538,0,0,,1,1,1.0,3,4,7,1,0,1,0,3,15,-6,27.9,1,2015-16
22015,202344,Trevor Booker,1610612762,UTA,Utah Jazz,0021500900,2016-03-02,UTA @ TOR,L,7,2,3,0.667,0,0,,0,0,,1,1,2,0,0,0,2,2,4,-5,4.4,1,2015-16
22015,203504,Trey Burke,1610612762,UTA,Utah Jazz,0021500900,2016-03-02,UTA @ TOR,L,14,5,10,0.5,1,3,0.333,0,0,,0,1,1,0,0,0,1,1,11,-3,11.2,1,2015-16
22015,203526,Raul Neto,1610612762,UTA,Utah Jazz,0021500900,2016-03-02,UTA @ TOR,L,23,4,6,0.667,2,4,0.5,0,0,,0,2,2,2,2,0,1,1,10,5,20.4,1,2015-16
22015,1713,Vince Carter,1610612763,MEM,Memphis Grizzlies,0021500902,2016-03-02,MEM vs. SAC,W,19,2,12,0.167,0,5,0.0,0,0,,1,2,3,1,1,0,1,1,4,-2,11.1,1,2015-16
22015,203798,PJ Hairston,1610612763,MEM,Memphis Grizzlies,0021500902,2016-03-02,MEM vs. SAC,W,23,2,8,0.25,0,3,0.0,2,2,1.0,1,2,3,2,0,1,2,3,6,-8,13.6,1,2015-16
22015,2403,Nene,1610612764,WAS,Washington Wizards,0021500904,2016-03-02,WAS @ MIN,W,24,4,6,0.667,0,0,,0,2,0.0,1,4,5,3,0,1,1,1,8,12,20.5,1,2015-16
22015,203382,Aron Baynes,1610612765,DET,Detroit Pistons,0021500905,2016-03-02,DET @ SAS,L,26,5,8,0.625,0,0,,2,2,1.0,2,4,6,1,0,0,2,3,12,-10,18.7,1,2015-16
22015,1626199,Darrun Hilliard,1610612765,DET,Detroit Pistons,0021500905,2016-03-02,DET @ SAS,L,12,1,4,0.25,1,3,0.333,0,0,,0,1,1,1,0,0,0,0,3,0,5.7,1,2015-16
22015,2744,Al Jefferson,1610612766,CHA,Charlotte Hornets,0021500898,2016-03-02,CHA @ PHI,W,19,2,4,0.5,0,0,,2,3,0.667,0,6,6,1,1,1,1,3,6,13,19.7,1,2015-16
22015,202391,Jeremy Lin,1610612766,CHA,Charlotte Hornets,0021500898,2016-03-02,CHA @ PHI,W,20,4,6,0.667,0,1,0.0,6,6,1.0,1,3,4,2,0,0,3,4,14,15,18.8,1,2015-16
22015,1626151,Aaron Harrison,1610612766,CHA,Charlotte Hornets,0021500898,2016-03-02,CHA @ PHI,W,2,1,1,1.0,1,1,1.0,0,0,,1,0,1,0,0,0,0,1,3,0,4.2,1,2015-16
22015,202738,Isaiah Thomas,1610612738,BOS,Boston Celtics,0021500899,2016-03-02,BOS vs. POR,W,30,11,20,0.55,3,6,0.5,5,5,1.0,1,3,4,2,0,0,0,3,30,23,37.8,1,2015-16
22015,201166,Aaron Brooks,1610612741,CHI,Chicago Bulls,0021500897,2016-03-02,CHI @ ORL,L,17,3,10,0.3,1,4,0.25,0,0,,0,4,4,2,1,0,0,1,7,-6,17.8,1,2015-16
22015,1626144,Emmanuel Mudiay,1610612743,DEN,Denver Nuggets,0021500906,2016-03-02,DEN vs. LAL,W,34,10,20,0.5,2,4,0.5,0,2,0.0,2,2,4,7,0,1,2,2,22,25,38.3,1,2015-16
22015,1626148,Anthony Brown,1610612747,LAL,Los Angeles Lakers,0021500906,2016-03-02,LAL @ DEN,L,31,2,6,0.333,2,5,0.4,0,0,,0,4,4,1,1,0,1,2,6,-15,14.3,1,2015-16
22015,201228,C.J. Watson,1610612753,ORL,Orlando Magic,0021500897,2016-03-02,ORL vs. CHI,W,17,0,6,0.0,0,1,0.0,0,0,,0,1,1,0,0,1,0,1,0,-14,4.2,1,2015-16
22015,203932,Aaron Gordon,1610612753,ORL,Orlando Magic,0021500897,2016-03-02,ORL vs. CHI,W,33,2,6,0.333,1,4,0.25,8,10,0.8,2,13,15,3,0,0,0,4,13,16,35.5,1,2015-16
22015,203924,Jerami Grant,1610612755,PHI,Philadelphia 76ers,0021500898,2016-03-02,PHI vs. CHA,L,30,3,6,0.5,1,2,0.5,0,0,,0,6,6,1,0,1,1,4,7,-15,17.7,1,2015-16
22015,203468,CJ McCollum,1610612757,POR,Portland Trail Blazers,0021500899,2016-03-02,POR @ BOS,L,35,5,13,0.385,3,5,0.6,4,4,1.0,0,0,0,2,0,2,1,2,17,-22,25.0,1,2015-16
22015,200765,Rajon Rondo,1610612758,SAC,Sacramento Kings,0021500902,2016-03-02,SAC @ MEM,L,41,3,10,0.3,0,2,0.0,0,2,0.0,3,5,8,17,0,0,5,3,6,7,36.1,1,2015-16
22015,201585,Kosta Koufos,1610612758,SAC,Sacramento Kings,0021500902,2016-03-02,SAC @ MEM,L,17,1,5,0.2,0,0,,0,0,,3,1,4,1,0,0,0,4,2,-2,8.3,1,2015-16
22015,201954,Darren Collison,1610612758,SAC,Sacramento Kings,0021500902,2016-03-02,SAC @ MEM,L,28,5,10,0.5,4,6,0.667,3,4,0.75,0,0,0,1,0,0,5,5,17,-4,13.5,1,2015-16
22015,201566,Russell Westbrook,1610612760,OKC,Oklahoma City Thunder,0021500907,2016-03-02,OKC @ LAC,L,37,8,21,0.381,2,7,0.286,6,6,1.0,0,6,6,12,1,0,5,4,24,-7,47.2,1,2015-16
22015,203079,Dion Waiters,1610612760,OKC,Oklahoma City Thunder,0021500907,2016-03-02,OKC @ LAC,L,27,2,9,0.222,2,6,0.333,0,0,,0,2,2,0,0,0,2,2,6,4,6.4,1,2015-16
22015,202714,Shelvin Mack,1610612762,UTA,Utah Jazz,0021500900,2016-03-02,UTA @ TOR,L,24,0,6,0.0,0,3,0.0,2,2,1.0,0,2,2,4,0,0,3,2,2,-13,7.4,1,2015-16
22015,203497,Rudy Gobert,1610612762,UTA,Utah Jazz,0021500900,2016-03-02,UTA @ TOR,L,23,4,6,0.667,0,0,,2,7,0.286,5,3,8,2,2,0,1,4,10,-13,27.6,1,2015-16
22015,203490,Otto Porter Jr.,1610612764,WAS,Washington Wizards,0021500904,2016-03-02,WAS @ MIN,W,18,2,5,0.4,1,2,0.5,0,0,,0,2,2,1,1,0,3,0,5,-9,8.9,1,2015-16
22015,2570,Kendrick Perkins,1610612740,NOP,New Orleans Pelicans,0021500909,2016-03-03,NOP vs. SAS,L,27,1,2,0.5,0,0,,0,0,,1,3,4,2,0,0,2,3,2,-12,7.8,1,2015-16
22015,202337,Luke Babbitt,1610612740,NOP,New Orleans Pelicans,0021500909,2016-03-03,NOP vs. SAS,L,17,1,4,0.25,1,2,0.5,0,0,,0,3,3,2,0,1,1,1,3,-1,11.6,1,2015-16
22015,203076,Anthony Davis,1610612740,NOP,New Orleans Pelicans,0021500909,2016-03-03,NOP vs. SAS,L,35,7,12,0.583,0,1,0.0,3,3,1.0,1,12,13,1,2,2,2,1,17,-3,44.1,1,2015-16
22015,101109,Raymond Felton,1610612742,DAL,Dallas Mavericks,0021500910,2016-03-03,DAL vs. SAC,L,26,2,6,0.333,0,2,0.0,1,1,1.0,0,5,5,0,1,1,2,1,5,-11,15.0,1,2015-16
22015,101135,David Lee,1610612742,DAL,Dallas Mavericks,0021500910,2016-03-03,DAL vs. SAC,L,18,6,9,0.667,0,0,,0,0,,5,6,11,1,1,1,3,4,12,7,29.7,1,2015-16
22015,2733,Shaun Livingston,1610612744,GSW,Golden State Warriors,0021500911,2016-03-03,GSW vs. OKC,W,21,3,6,0.5,0,0,,5,5,1.0,0,2,2,8,3,0,0,2,11,17,34.4,1,2015-16
22015,203084,Harrison Barnes,1610612744,GSW,Golden State Warriors,0021500911,2016-03-03,GSW vs. OKC,W,31,6,11,0.545,2,5,0.4,0,0,,0,7,7,5,1,0,1,0,14,-1,31.9,1,2015-16
22015,1626196,Josh Richardson,1610612748,MIA,Miami Heat,0021500908,2016-03-03,MIA vs. PHX,W,23,2,7,0.286,1,3,0.333,1,2,0.5,0,2,2,3,1,0,1,4,6,9,14.9,1,2015-16
22015,203141,Mirza Teletovic,1610612756,PHX,Phoenix Suns,0021500908,2016-03-03,PHX @ MIA,L,28,3,10,0.3,2,5,0.4,3,4,0.75,0,5,5,0,2,1,1,2,11,-5,25.0,1,2015-16
22015,2564,Boris Diaw,1610612759,SAS,San Antonio Spurs,0021500909,2016-03-03,SAS @ NOP,W,6,0,3,0.0,0,0,,0,0,,0,0,0,1,0,0,0,0,0,-7,1.5,1,2015-16
22015,201586,Serge Ibaka,1610612760,OKC,Oklahoma City Thunder,0021500911,2016-03-03,OKC @ GSW,L,37,8,12,0.667,2,3,0.667,2,2,1.0,1,5,6,0,1,1,2,4,20,-5,31.2,1,2015-16
22015,203460,Andre Roberson,1610612760,OKC,Oklahoma City Thunder,0021500911,2016-03-03,OKC @ GSW,L,36,1,7,0.143,0,2,0.0,2,2,1.0,5,6,11,0,0,0,0,4,4,-1,17.2,1,2015-16
22015,201583,Ryan Anderson,1610612740,NOP,New Orleans Pelicans,0021500909,2016-03-03,NOP vs. SAS,L,13,3,10,0.3,1,3,0.333,1,1,1.0,1,3,4,0,0,0,0,2,8,-6,12.8,1,2015-16
22015,201962,Toney Douglas,1610612740,NOP,New Orleans Pelicans,0021500909,2016-03-03,NOP vs. SAS,L,10,1,3,0.333,0,1,0.0,0,0,,0,0,0,0,0,0,0,1,2,-9,2.0,1,2015-16
22015,1717,Dirk Nowitzki,1610612742,DAL,Dallas Mavericks,0021500910,2016-03-03,DAL vs. SAC,L,32,7,16,0.438,0,5,0.0,2,2,1.0,2,4,6,5,0,1,5,5,16,-8,28.7,1,2015-16
22015,202083,Wesley Matthews,1610612742,DAL,Dallas Mavericks,0021500910,2016-03-03,DAL vs. SAC,L,36,2,9,0.222,0,2,0.0,0,0,,0,3,3,4,2,0,0,3,4,7,19.6,1,2015-16
22015,101106,Andrew Bogut,1610612744,GSW,Golden State Warriors,0021500911,2016-03-03,GSW vs. OKC,W,26,2,2,1.0,0,0,,3,4,0.75,0,6,6,2,1,1,1,3,7,5,22.2,1,2015-16
22015,201575,Brandon Rush,1610612744,GSW,Golden State Warriors,0021500911,2016-03-03,GSW vs. OKC,W,10,0,1,0.0,0,1,0.0,0,0,,0,2,2,0,0,0,0,1,0,7,2.4,1,2015-16
22015,1626159,Justise Winslow,1610612748,MIA,Miami Heat,0021500908,2016-03-03,MIA vs. PHX,W,29,3,5,0.6,1,1,1.0,2,2,1.0,0,7,7,2,1,0,0,2,9,8,23.4,1,2015-16
22015,202720,Jon Leuer,1610612756,PHX,Phoenix Suns,0021500908,2016-03-03,PHX @ MIA,L,8,1,4,0.25,0,2,0.0,0,0,,1,2,3,0,0,0,0,2,2,-7,5.6,1,2015-16
22015,200752,Rudy Gay,1610612758,SAC,Sacramento Kings,0021500910,2016-03-03,SAC @ DAL,W,36,4,8,0.5,0,1,0.0,1,2,0.5,2,5,7,1,2,0,2,2,9,-4,22.9,1,2015-16
22015,203463,Ben McLemore,1610612758,SAC,Sacramento Kings,0021500910,2016-03-03,SAC @ DAL,W,23,4,11,0.364,2,7,0.286,0,0,,2,2,4,0,0,0,0,2,10,3,14.8,1,2015-16
22015,2446,Rasual Butler,1610612759,SAS,San Antonio Spurs,0021500909,2016-03-03,SAS @ NOP,W,19,1,3,0.333,0,1,0.0,0,0,,1,1,2,2,0,2,0,0,2,1,13.4,1,2015-16
22015,200746,LaMarcus Aldridge,1610612759,SAS,San Antonio Spurs,0021500909,2016-03-03,SAS @ NOP,W,35,11,19,0.579,0,0,,4,4,1.0,0,8,8,1,0,1,2,2,26,6,38.1,1,2015-16
22015,201988,Patty Mills,1610612759,SAS,San Antonio Spurs,0021500909,2016-03-03,SAS @ NOP,W,27,3,6,0.5,1,3,0.333,2,2,1.0,1,3,4,8,3,1,1,1,9,14,36.8,1,2015-16
22015,201950,Jrue Holiday,1610612740,NOP,New Orleans Pelicans,0021500909,2016-03-03,NOP vs. SAS,L,28,5,17,0.294,1,4,0.25,2,2,1.0,1,2,3,7,2,0,1,0,13,-6,32.1,1,2015-16
22015,202087,Alonzo Gee,1610612740,NOP,New Orleans Pelicans,0021500909,2016-03-03,NOP vs. SAS,L,16,1,3,0.333,0,0,,0,0,,3,2,5,0,0,1,1,0,2,-5,10.0,1,2015-16
22015,2734,Devin Harris,1610612742,DAL,Dallas Mavericks,0021500910,2016-03-03,DAL vs. SAC,L,12,3,7,0.429,1,4,0.25,0,0,,0,1,1,0,0,0,1,2,7,-7,7.2,1,2015-16
22015,2571,Leandro Barbosa,1610612744,GSW,Golden State Warriors,0021500911,2016-03-03,GSW vs. OKC,W,14,2,4,0.5,0,1,0.0,2,2,1.0,1,1,2,2,0,0,2,2,6,9,9.4,1,2015-16
22015,201939,Stephen Curry,1610612744,GSW,Golden State Warriors,0021500911,2016-03-03,GSW vs. OKC,W,37,12,25,0.48,5,15,0.333,4,5,0.8,1,3,4,4,1,1,1,2,33,6,48.8,1,2015-16
22015,2207,Joe Johnson,1610612748,MIA,Miami Heat,0021500908,2016-03-03,MIA vs. PHX,W,31,3,7,0.429,2,2,1.0,0,0,,0,3,3,2,0,0,0,3,8,12,14.6,1,2015-16
22015,201177,Josh McRoberts,1610612748,MIA,Miami Heat,0021500908,2016-03-03,MIA vs. PHX,W,3,0,1,0.0,0,0,,0,0,,0,0,0,1,0,0,0,1,0,-5,1.5,1,2015-16
22015,201609,Goran Dragic,1610612748,MIA,Miami Heat,0021500908,2016-03-03,MIA vs. PHX,W,34,10,18,0.556,3,6,0.5,2,4,0.5,1,6,7,4,1,0,3,4,25,19,39.4,1,2015-16
22015,101179,Ronnie Price,1610612756,PHX,Phoenix Suns,0021500908,2016-03-03,PHX @ MIA,L,19,1,4,0.25,0,2,0.0,0,0,,0,1,1,2,2,0,0,5,2,-6,12.2,1,2015-16
22015,200782,P.J. Tucker,1610612756,PHX,Phoenix Suns,0021500908,2016-03-03,PHX @ MIA,L,31,5,8,0.625,0,2,0.0,0,0,,1,4,5,1,2,0,1,3,10,-10,22.5,1,2015-16
22015,203462,Archie Goodwin,1610612756,PHX,Phoenix Suns,0021500908,2016-03-03,PHX @ MIA,L,24,4,9,0.444,0,1,0.0,2,3,0.667,0,2,2,3,0,0,0,2,10,-8,16.9,1,2015-16
22015,200765,Rajon Rondo,1610612758,SAC,Sacramento Kings,0021500910,2016-03-03,SAC @ DAL,W,38,8,14,0.571,0,2,0.0,2,4,0.5,0,5,5,12,3,0,3,3,18,-2,48.0,1,2015-16
22015,201585,Kosta Koufos,1610612758,SAC,Sacramento Kings,0021500910,2016-03-03,SAC @ DAL,W,12,0,0,,0,0,,0,0,,2,2,4,2,0,1,0,0,0,6,10.8,1,2015-16
22015,200751,Randy Foye,1610612760,OKC,Oklahoma City Thunder,0021500911,2016-03-03,OKC @ GSW,L,20,2,7,0.286,0,3,0.0,0,0,,1,3,4,2,0,0,0,1,4,-11,11.8,1,2015-16
22015,202713,Kyle Singler,1610612760,OKC,Oklahoma City Thunder,0021500911,2016-03-03,OKC @ GSW,L,20,4,6,0.667,1,2,0.5,0,0,,1,1,2,1,1,0,0,1,9,-9,15.9,1,2015-16
22015,203500,Steven Adams,1610612760,OKC,Oklahoma City Thunder,0021500911,2016-03-03,OKC @ GSW,L,20,1,2,0.5,0,0,,1,2,0.5,0,3,3,2,0,0,0,0,3,3,9.6,1,2015-16
22015,201569,Eric Gordon,1610612740,NOP,New Orleans Pelicans,0021500909,2016-03-03,NOP vs. SAS,L,34,9,19,0.474,3,6,0.5,2,2,1.0,0,5,5,4,0,0,0,1,23,-10,35.0,1,2015-16
22015,101114,Deron Williams,1610612742,DAL,Dallas Mavericks,0021500910,2016-03-03,DAL vs. SAC,L,37,6,17,0.353,3,9,0.333,0,0,,0,3,3,5,1,0,0,3,15,6,29.1,1,2015-16
22015,202718,Chandler Parsons,1610612742,DAL,Dallas Mavericks,0021500910,2016-03-03,DAL vs. SAC,L,38,12,17,0.706,3,6,0.5,1,3,0.333,1,8,9,5,0,0,3,2,28,10,43.3,1,2015-16
22015,2760,Anderson Varejao,1610612744,GSW,Golden State Warriors,0021500911,2016-03-03,GSW vs. OKC,W,6,1,1,1.0,0,0,,1,1,1.0,1,1,2,0,0,0,0,2,3,-1,5.4,1,2015-16
22015,2736,Luol Deng,1610612748,MIA,Miami Heat,0021500908,2016-03-03,MIA vs. PHX,W,29,4,10,0.4,2,4,0.5,2,4,0.5,0,4,4,4,1,0,0,1,12,6,25.8,1,2015-16
22015,101123,Gerald Green,1610612748,MIA,Miami Heat,0021500908,2016-03-03,MIA vs. PHX,W,10,2,7,0.286,0,1,0.0,0,0,,0,1,1,1,0,0,1,0,4,2,5.7,1,2015-16
22015,202355,Hassan Whiteside,1610612748,MIA,Miami Heat,0021500908,2016-03-03,MIA vs. PHX,W,23,4,8,0.5,0,0,,1,1,1.0,2,9,11,1,1,5,3,4,9,-1,38.7,1,2015-16
22015,2199,Tyson Chandler,1610612756,PHX,Phoenix Suns,0021500908,2016-03-03,PHX @ MIA,L,19,2,4,0.5,0,0,,2,4,0.5,1,2,3,0,0,0,0,1,6,-11,9.6,1,2015-16
22015,203098,John Jenkins,1610612756,PHX,Phoenix Suns,0021500908,2016-03-03,PHX @ MIA,L,26,2,8,0.25,0,3,0.0,1,2,0.5,0,2,2,0,0,0,0,0,5,-8,7.4,1,2015-16
22015,201954,Darren Collison,1610612758,SAC,Sacramento Kings,0021500910,2016-03-03,SAC @ DAL,W,28,5,8,0.625,1,2,0.5,3,4,0.75,1,0,1,2,1,0,1,2,14,1,20.2,1,2015-16
22015,201956,Omri Casspi,1610612758,SAC,Sacramento Kings,0021500910,2016-03-03,SAC @ DAL,W,20,3,8,0.375,1,6,0.167,2,2,1.0,0,4,4,1,1,1,0,0,9,4,21.3,1,2015-16
22015,202326,DeMarcus Cousins,1610612758,SAC,Sacramento Kings,0021500910,2016-03-03,SAC @ DAL,W,36,9,17,0.529,0,2,0.0,4,8,0.5,2,11,13,5,1,2,4,3,22,-3,50.1,1,2015-16
22015,1626161,Willie Cauley-Stein,1610612758,SAC,Sacramento Kings,0021500910,2016-03-03,SAC @ DAL,W,6,1,2,0.5,0,0,,0,0,,0,1,1,0,0,0,0,0,2,0,3.2,1,2015-16
22015,1889,Andre Miller,1610612759,SAS,San Antonio Spurs,0021500909,2016-03-03,SAS @ NOP,W,4,0,1,0.0,0,0,,0,0,,0,1,1,0,0,0,0,0,0,8,1.2,1,2015-16
22015,2225,Tony Parker,1610612759,SAS,San Antonio Spurs,0021500909,2016-03-03,SAS @ NOP,W,24,1,3,0.333,0,1,0.0,0,0,,0,3,3,5,1,0,1,2,2,-6,15.1,1,2015-16
22015,201142,Kevin Durant,1610612760,OKC,Oklahoma City Thunder,0021500911,2016-03-03,OKC @ GSW,L,39,11,17,0.647,0,1,0.0,10,11,0.909,0,10,10,9,1,2,9,1,32,-13,57.5,1,2015-16
22015,201566,Russell Westbrook,1610612760,OKC,Oklahoma City Thunder,0021500911,2016-03-03,OKC @ GSW,L,36,8,24,0.333,1,8,0.125,5,7,0.714,1,5,6,7,0,1,2,4,22,-6,40.7,1,2015-16
22015,202683,Enes Freedom,1610612760,OKC,Oklahoma City Thunder,0021500911,2016-03-03,OKC @ GSW,L,13,3,5,0.6,0,0,,0,1,0.0,2,1,3,0,0,0,1,1,6,-9,8.6,1,2015-16
22015,201967,Dante Cunningham,1610612740,NOP,New Orleans Pelicans,0021500909,2016-03-03,NOP vs. SAS,L,32,2,6,0.333,1,4,0.25,0,0,,0,1,1,2,0,0,1,2,5,-3,8.2,1,2015-16
22015,202708,Norris Cole,1610612740,NOP,New Orleans Pelicans,0021500909,2016-03-03,NOP vs. SAS,L,29,5,13,0.385,1,3,0.333,0,0,,0,3,3,5,2,0,3,2,11,15,25.1,1,2015-16
22015,200826,J.J. Barea,1610612742,DAL,Dallas Mavericks,0021500910,2016-03-03,DAL vs. SAC,L,16,4,7,0.571,0,1,0.0,0,0,,1,2,3,4,0,0,1,3,8,1,16.6,1,2015-16
22015,2738,Andre Iguodala,1610612744,GSW,Golden State Warriors,0021500911,2016-03-03,GSW vs. OKC,W,14,1,3,0.333,0,0,,0,0,,0,1,1,1,1,0,0,2,2,9,7.7,1,2015-16
22015,202691,Klay Thompson,1610612744,GSW,Golden State Warriors,0021500911,2016-03-03,GSW vs. OKC,W,34,10,19,0.526,1,7,0.143,0,0,,0,2,2,3,2,0,2,1,21,6,31.9,1,2015-16
22015,203110,Draymond Green,1610612744,GSW,Golden State Warriors,0021500911,2016-03-03,GSW vs. OKC,W,35,6,10,0.6,1,3,0.333,1,4,0.25,1,7,8,7,2,0,1,4,14,7,39.1,1,2015-16
22015,2405,Amar'e Stoudemire,1610612748,MIA,Miami Heat,0021500908,2016-03-03,MIA vs. PHX,W,25,3,3,1.0,0,0,,2,2,1.0,3,6,9,0,0,3,2,5,8,17,25.8,1,2015-16
22015,2548,Dwyane Wade,1610612748,MIA,Miami Heat,0021500908,2016-03-03,MIA vs. PHX,W,33,9,17,0.529,0,0,,9,10,0.9,1,3,4,7,0,0,2,1,27,13,40.3,1,2015-16
22015,201603,Sonny Weems,1610612756,PHX,Phoenix Suns,0021500908,2016-03-03,PHX @ MIA,L,3,0,0,,0,0,,0,0,,0,1,1,1,0,0,0,0,0,-7,2.7,1,2015-16
22015,203458,Alex Len,1610612756,PHX,Phoenix Suns,0021500908,2016-03-03,PHX @ MIA,L,40,4,14,0.286,0,0,,4,5,0.8,3,10,13,1,0,1,3,5,12,-9,29.1,1,2015-16
22015,203515,Phil Pressey,1610612756,PHX,Phoenix Suns,0021500908,2016-03-03,PHX @ MIA,L,2,0,0,,0,0,,0,0,,0,0,0,0,1,0,0,0,0,-1,3.0,1,2015-16
22015,1626164,Devin Booker,1610612756,PHX,Phoenix Suns,0021500908,2016-03-03,PHX @ MIA,L,39,11,21,0.524,3,7,0.429,9,9,1.0,0,3,3,4,0,0,4,4,34,-8,39.6,1,2015-16
22015,201158,Marco Belinelli,1610612758,SAC,Sacramento Kings,0021500910,2016-03-03,SAC @ DAL,W,24,6,10,0.6,3,5,0.6,1,4,0.25,0,1,1,0,0,0,1,1,16,9,16.2,1,2015-16
22015,1495,Tim Duncan,1610612759,SAS,San Antonio Spurs,0021500909,2016-03-03,SAS @ NOP,W,22,2,6,0.333,0,0,,3,4,0.75,2,3,5,2,0,2,1,1,7,14,21.0,1,2015-16
22015,201980,Danny Green,1610612759,SAS,San Antonio Spurs,0021500909,2016-03-03,SAS @ NOP,W,34,4,8,0.5,1,5,0.2,2,2,1.0,0,3,3,4,1,0,1,2,11,-4,22.6,1,2015-16
22015,202695,Kawhi Leonard,1610612759,SAS,San Antonio Spurs,0021500909,2016-03-03,SAS @ NOP,W,39,12,22,0.545,6,10,0.6,0,0,,1,10,11,3,2,2,2,1,30,14,57.7,1,2015-16
22015,203937,Kyle Anderson,1610612759,SAS,San Antonio Spurs,0021500909,2016-03-03,SAS @ NOP,W,17,0,3,0.0,0,1,0.0,2,2,1.0,0,7,7,1,1,1,0,2,2,-4,17.9,1,2015-16
22015,203079,Dion Waiters,1610612760,OKC,Oklahoma City Thunder,0021500911,2016-03-03,OKC @ GSW,L,21,2,6,0.333,0,1,0.0,2,2,1.0,0,1,1,1,0,0,0,2,6,-24,8.7,1,2015-16
22015,2585,Zaza Pachulia,1610612742,DAL,Dallas Mavericks,0021500910,2016-03-03,DAL vs. SAC,L,24,3,6,0.5,0,0,,0,0,,4,2,6,1,0,0,0,2,6,-20,14.7,1,2015-16
22015,201578,Marreese Speights,1610612744,GSW,Golden State Warriors,0021500911,2016-03-03,GSW vs. OKC,W,12,4,5,0.8,2,2,1.0,0,0,,0,4,4,1,0,1,0,1,10,11,19.3,1,2015-16
22015,203112,Quincy Acy,1610612758,SAC,Sacramento Kings,0021500910,2016-03-03,SAC @ DAL,W,16,2,2,1.0,0,0,,0,0,,0,3,3,0,0,0,2,1,4,1,5.6,1,2015-16
22015,2561,David West,1610612759,SAS,San Antonio Spurs,0021500909,2016-03-03,SAS @ NOP,W,14,2,7,0.286,0,0,,1,1,1.0,0,5,5,0,0,1,3,0,5,4,11.0,1,2015-16
22015,2594,Kyle Korver,1610612737,ATL,Atlanta Hawks,0021500921,2016-03-04,ATL @ LAL,W,29,5,6,0.833,4,4,1.0,1,1,1.0,0,5,5,3,0,0,0,1,15,26,25.5,1,2015-16
22015,201143,Al Horford,1610612737,ATL,Atlanta Hawks,0021500921,2016-03-04,ATL @ LAL,W,26,2,5,0.4,0,1,0.0,4,4,1.0,0,5,5,5,0,3,1,2,8,7,29.5,1,2015-16
22015,203118,Mike Scott,1610612737,ATL,Atlanta Hawks,0021500921,2016-03-04,ATL @ LAL,W,15,1,3,0.333,1,1,1.0,0,0,,0,1,1,2,0,0,1,5,3,5,6.2,1,2015-16
22015,202340,Avery Bradley,1610612738,BOS,Boston Celtics,0021500915,2016-03-04,BOS vs. NYK,W,33,4,10,0.4,1,3,0.333,0,0,,0,2,2,0,2,0,0,0,9,7,17.4,1,2015-16
22015,202738,Isaiah Thomas,1610612738,BOS,Boston Celtics,0021500915,2016-03-04,BOS vs. NYK,W,36,9,15,0.6,2,5,0.4,12,13,0.923,0,3,3,8,2,0,0,2,32,5,53.6,1,2015-16
22015,203935,Marcus Smart,1610612738,BOS,Boston Celtics,0021500915,2016-03-04,BOS vs. NYK,W,28,0,3,0.0,0,3,0.0,2,2,1.0,0,4,4,3,2,0,1,2,2,0,16.3,1,2015-16
22015,2747,JR Smith,1610612739,CLE,Cleveland Cavaliers,0021500917,2016-03-04,CLE vs. WAS,W,31,3,5,0.6,2,4,0.5,2,2,1.0,0,1,1,3,2,0,0,3,10,13,21.7,1,2015-16
22015,202389,Timofey Mozgov,1610612739,CLE,Cleveland Cavaliers,0021500917,2016-03-04,CLE vs. WAS,W,20,7,11,0.636,0,0,,0,1,0.0,3,2,5,0,0,0,0,2,14,17,20.0,1,2015-16
22015,203115,Will Barton,1610612743,DEN,Denver Nuggets,0021500920,2016-03-04,DEN vs. BKN,L,34,4,17,0.235,1,6,0.167,0,0,,0,2,2,3,1,1,1,1,9,6,20.9,1,2015-16
22015,203530,Joffrey Lauvergne,1610612743,DEN,Denver Nuggets,0021500920,2016-03-04,DEN vs. BKN,L,19,6,10,0.6,0,1,0.0,2,2,1.0,2,3,5,1,0,0,2,2,14,0,19.5,1,2015-16
22015,1626144,Emmanuel Mudiay,1610612743,DEN,Denver Nuggets,0021500920,2016-03-04,DEN vs. BKN,L,33,9,16,0.563,1,3,0.333,6,7,0.857,3,3,6,7,2,1,3,4,25,2,48.7,1,2015-16
22015,201156,Nick Young,1610612747,LAL,Los Angeles Lakers,0021500921,2016-03-04,LAL vs. ATL,L,25,1,9,0.111,1,5,0.2,2,2,1.0,2,1,3,2,0,0,0,1,5,-6,11.6,1,2015-16
22015,1626148,Anthony Brown,1610612747,LAL,Los Angeles Lakers,0021500921,2016-03-04,LAL vs. ATL,L,35,2,6,0.333,1,5,0.2,2,2,1.0,0,3,3,2,1,0,0,1,7,-21,16.6,1,2015-16
22015,1626273,Marcelo Huertas,1610612747,LAL,Los Angeles Lakers,0021500921,2016-03-04,LAL vs. ATL,L,32,4,11,0.364,1,6,0.167,1,1,1.0,0,2,2,3,0,1,2,3,10,-24,17.9,1,2015-16
22015,1626196,Josh Richardson,1610612748,MIA,Miami Heat,0021500914,2016-03-04,MIA @ PHI,W,33,2,7,0.286,2,2,1.0,0,0,,1,4,5,3,0,1,1,3,6,3,18.5,1,2015-16
22015,203507,Giannis Antetokounmpo,1610612749,MIL,Milwaukee Bucks,0021500919,2016-03-04,MIL vs. MIN,W,35,9,17,0.529,0,0,,9,10,0.9,2,7,9,12,3,2,4,2,27,24,66.8,1,2015-16
22015,203476,Gorgui Dieng,1610612750,MIN,Minnesota Timberwolves,0021500919,2016-03-04,MIN @ MIL,L,30,6,7,0.857,0,0,,2,2,1.0,1,8,9,2,0,3,2,3,14,-15,34.8,1,2015-16
22015,203900,Markel Brown,1610612751,BKN,Brooklyn Nets,0021500920,2016-03-04,BKN @ DEN,W,33,8,12,0.667,3,4,0.75,2,2,1.0,2,6,8,7,0,0,1,1,21,8,40.1,1,2015-16
22015,2546,Carmelo Anthony,1610612752,NYK,New York Knicks,0021500915,2016-03-04,NYK @ BOS,L,40,13,27,0.481,2,8,0.25,2,2,1.0,2,5,7,4,1,0,1,1,30,2,46.4,1,2015-16
22015,203901,Elfrid Payton,1610612753,ORL,Orlando Magic,0021500913,2016-03-04,ORL vs. PHX,L,34,9,17,0.529,1,3,0.333,0,2,0.0,2,0,2,11,3,0,3,2,19,-9,43.9,1,2015-16
22015,203477,Isaiah Canaan,1610612755,PHI,Philadelphia 76ers,0021500914,2016-03-04,PHI vs. MIA,L,28,1,9,0.111,0,5,0.0,2,2,1.0,0,3,3,3,2,0,0,1,4,-9,18.1,1,2015-16
22015,203098,John Jenkins,1610612756,PHX,Phoenix Suns,0021500913,2016-03-04,PHX @ ORL,W,19,1,2,0.5,0,0,,0,0,,0,2,2,2,0,0,2,0,2,3,5.4,1,2015-16
22015,203459,Allen Crabbe,1610612757,POR,Portland Trail Blazers,0021500916,2016-03-04,POR @ TOR,L,24,3,8,0.375,0,1,0.0,0,0,,2,1,3,1,0,0,0,5,6,-4,11.1,1,2015-16
22015,2449,Luis Scola,1610612761,TOR,Toronto Raptors,0021500916,2016-03-04,TOR vs. POR,W,15,0,1,0.0,0,1,0.0,0,0,,0,1,1,0,1,0,1,4,0,12,3.2,1,2015-16
22015,201574,Jason Thompson,1610612761,TOR,Toronto Raptors,0021500916,2016-03-04,TOR vs. POR,W,1,0,0,,0,0,,0,0,,0,0,0,0,0,0,0,0,0,-2,0.0,1,2015-16
22015,203082,Terrence Ross,1610612761,TOR,Toronto Raptors,0021500916,2016-03-04,TOR vs. POR,W,22,1,4,0.25,0,1,0.0,0,0,,0,1,1,0,0,0,0,3,2,-5,3.2,1,2015-16
22015,1626181,Norman Powell,1610612761,TOR,Toronto Raptors,0021500916,2016-03-04,TOR vs. POR,W,22,3,5,0.6,2,3,0.667,2,2,1.0,2,4,6,1,0,0,1,3,10,6,17.7,1,2015-16
22015,203918,Rodney Hood,1610612762,UTA,Utah Jazz,0021500918,2016-03-04,UTA @ MEM,L,29,2,7,0.286,1,4,0.25,3,5,0.6,0,5,5,4,0,0,2,5,8,-2,18.0,1,2015-16
22015,200797,Ryan Hollins,1610612763,MEM,Memphis Grizzlies,0021500918,2016-03-04,MEM vs. UTA,W,11,0,0,,0,0,,2,2,1.0,1,0,1,0,0,1,1,1,2,14,5.2,1,2015-16
22015,202362,Lance Stephenson,1610612763,MEM,Memphis Grizzlies,0021500918,2016-03-04,MEM vs. UTA,W,25,8,11,0.727,0,0,,0,0,,0,5,5,1,0,0,2,5,16,15,21.5,1,2015-16
22015,2400,Drew Gooden,1610612764,WAS,Washington Wizards,0021500917,2016-03-04,WAS @ CLE,L,5,0,4,0.0,0,2,0.0,0,0,,1,1,2,0,0,0,0,0,0,2,2.4,1,2015-16
22015,202066,Garrett Temple,1610612764,WAS,Washington Wizards,0021500917,2016-03-04,WAS @ CLE,L,27,0,5,0.0,0,4,0.0,0,0,,0,0,0,0,0,1,0,3,0,-13,3.0,1,2015-16
22015,202693,Markieff Morris,1610612764,WAS,Washington Wizards,0021500917,2016-03-04,WAS @ CLE,L,28,6,10,0.6,1,2,0.5,0,0,,1,4,5,2,0,0,2,1,13,-17,20.0,1,2015-16
22015,101107,Marvin Williams,1610612766,CHA,Charlotte Hornets,0021500912,2016-03-04,CHA vs. IND,W,27,2,4,0.5,1,3,0.333,0,0,,1,5,6,0,0,0,1,3,5,-8,11.2,1,2015-16
22015,203471,Dennis Schröder,1610612737,ATL,Atlanta Hawks,0021500921,2016-03-04,ATL @ LAL,W,18,6,10,0.6,1,3,0.333,3,5,0.6,0,0,0,1,1,0,0,2,16,4,20.5,1,2015-16
22015,204002,Edy Tavares,1610612737,ATL,Atlanta Hawks,0021500921,2016-03-04,ATL @ LAL,W,3,1,1,1.0,0,0,,0,0,,0,1,1,1,0,0,0,0,2,6,4.7,1,2015-16
22015,203096,Jared Sullinger,1610612738,BOS,Boston Celtics,0021500915,2016-03-04,BOS vs. NYK,W,28,4,8,0.5,0,0,,1,2,0.5,3,8,11,2,0,0,1,3,9,12,24.2,1,2015-16
22015,2592,James Jones,1610612739,CLE,Cleveland Cavaliers,0021500917,2016-03-04,CLE vs. WAS,W,12,2,3,0.667,1,1,1.0,0,0,,0,1,1,0,0,1,0,1,5,5,9.2,1,2015-16
22015,203895,Jordan McRae,1610612739,CLE,Cleveland Cavaliers,0021500917,2016-03-04,CLE vs. WAS,W,6,2,4,0.5,1,2,0.5,0,0,,0,0,0,0,0,0,1,1,5,-2,4.0,1,2015-16
22015,101138,Brandon Bass,1610612747,LAL,Los Angeles Lakers,0021500921,2016-03-04,LAL vs. ATL,L,25,4,8,0.5,0,0,,4,6,0.667,3,4,7,0,0,0,0,1,12,-17,20.4,1,2015-16
22015,1626156,D'Angelo Russell,1610612747,LAL,Los Angeles Lakers,0021500921,2016-03-04,LAL vs. ATL,L,30,3,16,0.188,1,6,0.167,0,0,,0,2,2,5,0,0,5,2,7,-28,11.9,1,2015-16
22015,2207,Joe Johnson,1610612748,MIA,Miami Heat,0021500914,2016-03-04,MIA @ PHI,W,26,5,7,0.714,1,2,0.5,1,1,1.0,0,0,0,2,2,0,1,2,12,4,20.0,1,2015-16
22015,2736,Luol Deng,1610612748,MIA,Miami Heat,0021500914,2016-03-04,MIA @ PHI,W,35,3,8,0.375,0,3,0.0,7,7,1.0,3,6,9,2,0,0,1,1,13,19,25.8,1,2015-16
22015,1626159,Justise Winslow,1610612748,MIA,Miami Heat,0021500914,2016-03-04,MIA @ PHI,W,16,1,3,0.333,0,0,,0,2,0.0,3,0,3,0,0,1,3,4,2,-4,5.6,1,2015-16
22015,201564,O.J. Mayo,1610612749,MIL,Milwaukee Bucks,0021500919,2016-03-04,MIL vs. MIN,W,32,4,8,0.5,4,8,0.5,0,0,,0,1,1,0,3,0,2,5,12,17,20.2,1,2015-16
22015,203101,Miles Plumlee,1610612749,MIL,Milwaukee Bucks,0021500919,2016-03-04,MIL vs. MIN,W,16,4,4,1.0,0,0,,1,2,0.5,1,5,6,0,0,0,0,2,9,14,16.2,1,2015-16
22015,203898,Tyler Ennis,1610612749,MIL,Milwaukee Bucks,0021500919,2016-03-04,MIL vs. MIN,W,7,0,1,0.0,0,0,,0,0,,0,1,1,1,0,0,0,0,0,-6,2.7,1,2015-16
22015,203953,Jabari Parker,1610612749,MIL,Milwaukee Bucks,0021500919,2016-03-04,MIL vs. MIN,W,39,7,18,0.389,1,2,0.5,1,1,1.0,1,5,6,4,2,1,4,3,16,24,34.2,1,2015-16
22015,1626173,Rashad Vaughn,1610612749,MIL,Milwaukee Bucks,0021500919,2016-03-04,MIL vs. MIN,W,12,0,3,0.0,0,1,0.0,0,0,,0,1,1,0,2,0,0,0,0,-8,7.2,1,2015-16
22015,201937,Ricky Rubio,1610612750,MIN,Minnesota Timberwolves,0021500919,2016-03-04,MIN @ MIL,L,23,2,6,0.333,1,3,0.333,1,1,1.0,1,0,1,7,1,1,5,3,6,-21,18.7,1,2015-16
22015,203498,Shabazz Muhammad,1610612750,MIN,Minnesota Timberwolves,0021500919,2016-03-04,MIN @ MIL,L,27,7,15,0.467,1,3,0.333,2,5,0.4,3,2,5,2,0,0,2,1,17,7,24.0,1,2015-16
22015,1626157,Karl-Anthony Towns,1610612750,MIN,Minnesota Timberwolves,0021500919,2016-03-04,MIN @ MIL,L,22,10,14,0.714,1,1,1.0,0,0,,4,3,7,2,0,1,4,1,21,-19,31.4,1,2015-16
22015,202711,Bojan Bogdanovic,1610612751,BKN,Brooklyn Nets,0021500920,2016-03-04,BKN @ DEN,W,33,6,12,0.5,3,6,0.5,2,3,0.667,0,2,2,2,0,0,3,0,17,1,19.4,1,2015-16
22015,203930,Sean Kilpatrick,1610612751,BKN,Brooklyn Nets,0021500920,2016-03-04,BKN @ DEN,W,20,4,11,0.364,2,5,0.4,2,2,1.0,0,2,2,0,0,0,0,1,12,0,14.4,1,2015-16
22015,201943,Brandon Jennings,1610612753,ORL,Orlando Magic,0021500913,2016-03-04,ORL vs. PHX,L,14,0,6,0.0,0,2,0.0,0,0,,1,1,2,2,0,0,0,1,0,-9,5.4,1,2015-16
22015,203906,Devyn Marble,1610612753,ORL,Orlando Magic,0021500913,2016-03-04,ORL vs. PHX,L,16,0,6,0.0,0,3,0.0,0,0,,2,5,7,0,1,1,2,2,0,-13,12.4,1,2015-16
22015,203932,Aaron Gordon,1610612753,ORL,Orlando Magic,0021500913,2016-03-04,ORL vs. PHX,L,16,1,3,0.333,0,2,0.0,2,2,1.0,0,2,2,0,0,0,2,2,4,-6,4.4,1,2015-16
22015,201155,Rodney Stuckey,1610612754,IND,Indiana Pacers,0021500912,2016-03-04,IND @ CHA,L,19,3,8,0.375,0,1,0.0,1,1,1.0,0,2,2,3,0,0,2,1,7,-12,11.9,1,2015-16
22015,1882,Elton Brand,1610612755,PHI,Philadelphia 76ers,0021500914,2016-03-04,PHI vs. MIA,L,13,3,6,0.5,0,0,,2,2,1.0,0,4,4,0,0,0,0,2,8,-6,12.8,1,2015-16
22015,203496,Robert Covington,1610612755,PHI,Philadelphia 76ers,0021500914,2016-03-04,PHI vs. MIA,L,41,8,18,0.444,4,11,0.364,5,6,0.833,2,3,5,3,2,1,2,3,25,-10,42.5,1,2015-16
22015,203462,Archie Goodwin,1610612756,PHX,Phoenix Suns,0021500913,2016-03-04,PHX @ ORL,W,16,4,6,0.667,0,0,,2,4,0.5,0,4,4,1,0,0,2,1,10,-1,14.3,1,2015-16
22015,203090,Maurice Harkless,1610612757,POR,Portland Trail Blazers,0021500916,2016-03-04,POR @ TOR,L,19,0,1,0.0,0,1,0.0,2,4,0.5,2,4,6,0,1,0,1,2,2,4,11.2,1,2015-16
22015,203468,CJ McCollum,1610612757,POR,Portland Trail Blazers,0021500916,2016-03-04,POR @ TOR,L,38,8,17,0.471,4,5,0.8,4,4,1.0,0,1,1,5,2,0,1,1,24,0,37.7,1,2015-16
22015,203943,Noah Vonleh,1610612757,POR,Portland Trail Blazers,0021500916,2016-03-04,POR @ TOR,L,11,1,1,1.0,0,0,,1,1,1.0,0,4,4,1,0,0,1,4,3,-3,8.3,1,2015-16
22015,201942,DeMar DeRozan,1610612761,TOR,Toronto Raptors,0021500916,2016-03-04,TOR vs. POR,W,37,7,19,0.368,0,0,,24,25,0.96,1,2,3,2,0,0,4,3,38,2,40.6,1,2015-16
22015,202344,Trevor Booker,1610612762,UTA,Utah Jazz,0021500918,2016-03-04,UTA @ MEM,L,14,3,4,0.75,1,1,1.0,1,2,0.5,1,2,3,1,1,0,2,2,8,-3,14.1,1,2015-16
22015,203187,Chris Johnson,1610612762,UTA,Utah Jazz,0021500918,2016-03-04,UTA @ MEM,L,9,0,1,0.0,0,0,,0,0,,0,2,2,0,0,0,0,0,0,-6,2.4,1,2015-16
22015,1626168,Trey Lyles,1610612762,UTA,Utah Jazz,0021500918,2016-03-04,UTA @ MEM,L,16,4,8,0.5,1,4,0.25,0,0,,0,1,1,1,0,0,1,2,9,-8,10.7,1,2015-16
22015,2365,Chris Andersen,1610612763,MEM,Memphis Grizzlies,0021500918,2016-03-04,MEM vs. UTA,W,27,2,2,1.0,0,0,,2,2,1.0,2,8,10,0,1,1,0,2,6,-4,24.0,1,2015-16
22015,101162,Marcin Gortat,1610612764,WAS,Washington Wizards,0021500917,2016-03-04,WAS @ CLE,L,25,4,8,0.5,0,0,,2,2,1.0,1,8,9,0,0,3,2,3,10,-18,27.8,1,2015-16
22015,2744,Al Jefferson,1610612766,CHA,Charlotte Hornets,0021500912,2016-03-04,CHA vs. IND,W,21,6,10,0.6,0,0,,1,2,0.5,0,4,4,1,2,2,0,4,13,4,31.3,1,2015-16
22015,202391,Jeremy Lin,1610612766,CHA,Charlotte Hornets,0021500912,2016-03-04,CHA vs. IND,W,23,3,9,0.333,1,2,0.5,0,0,,0,2,2,0,0,1,2,3,7,15,10.4,1,2015-16
22015,202689,Kemba Walker,1610612766,CHA,Charlotte Hornets,0021500912,2016-03-04,CHA vs. IND,W,37,9,17,0.529,4,10,0.4,11,11,1.0,0,2,2,10,0,0,2,0,33,3,48.4,1,2015-16
22015,1626163,Frank Kaminsky,1610612766,CHA,Charlotte Hornets,0021500912,2016-03-04,CHA vs. IND,W,21,2,4,0.5,2,3,0.667,2,2,1.0,1,4,5,2,1,1,0,0,8,15,23.0,1,2015-16
22015,203145,Kent Bazemore,1610612737,ATL,Atlanta Hawks,0021500921,2016-03-04,ATL @ LAL,W,29,4,9,0.444,2,7,0.286,0,0,,0,5,5,4,1,1,3,2,10,22,25.0,1,2015-16
22015,202323,Evan Turner,1610612738,BOS,Boston Celtics,0021500915,2016-03-04,BOS vs. NYK,W,32,10,19,0.526,0,0,,1,2,0.5,1,7,8,3,1,0,3,0,21,0,35.1,1,2015-16
22015,203092,Tyler Zeller,1610612738,BOS,Boston Celtics,0021500915,2016-03-04,BOS vs. NYK,W,19,5,10,0.5,0,0,,2,2,1.0,2,3,5,0,0,1,1,2,12,-7,20.0,1,2015-16
22015,203109,Jae Crowder,1610612738,BOS,Boston Celtics,0021500915,2016-03-04,BOS vs. NYK,W,35,9,19,0.474,1,6,0.167,1,4,0.25,4,4,8,2,1,0,1,3,20,7,34.6,1,2015-16
22015,101112,Channing Frye,1610612739,CLE,Cleveland Cavaliers,0021500917,2016-03-04,CLE vs. WAS,W,6,1,2,0.5,1,2,0.5,0,0,,0,2,2,0,0,0,0,1,3,-2,5.4,1,2015-16
22015,2034,Mike Miller,1610612743,DEN,Denver Nuggets,0021500920,2016-03-04,DEN vs. BKN,L,0,0,0,,0,0,,0,0,,0,0,0,0,0,0,0,0,0,0,0.0,1,2015-16
22015,203914,Gary Harris,1610612743,DEN,Denver Nuggets,0021500920,2016-03-04,DEN vs. BKN,L,41,8,15,0.533,1,7,0.143,4,4,1.0,0,2,2,3,3,1,2,0,21,-1,37.9,1,2015-16
22015,203960,JaKarr Sampson,1610612743,DEN,Denver Nuggets,0021500920,2016-03-04,DEN vs. BKN,L,26,3,6,0.5,0,2,0.0,1,2,0.5,4,1,5,3,0,0,2,1,7,-6,15.5,1,2015-16
22015,203527,Ryan Kelly,1610612747,LAL,Los Angeles Lakers,0021500921,2016-03-04,LAL vs. ATL,L,3,1,1,1.0,0,0,,0,0,,0,0,0,0,0,0,0,0,2,-6,2.0,1,2015-16
22015,204028,Tarik Black,1610612747,LAL,Los Angeles Lakers,0021500921,2016-03-04,LAL vs. ATL,L,4,1,3,0.333,0,0,,0,2,0.0,1,2,3,0,1,0,1,0,2,-8,7.6,1,2015-16
22015,101123,Gerald Green,1610612748,MIA,Miami Heat,0021500914,2016-03-04,MIA @ PHI,W,20,5,14,0.357,2,6,0.333,0,0,,0,1,1,0,0,0,0,0,12,3,13.2,1,2015-16
22015,202355,Hassan Whiteside,1610612748,MIA,Miami Heat,0021500914,2016-03-04,MIA @ PHI,W,34,6,11,0.545,0,0,,7,8,0.875,4,15,19,2,0,2,1,2,19,11,49.8,1,2015-16
22015,203114,Khris Middleton,1610612749,MIL,Milwaukee Bucks,0021500919,2016-03-04,MIL vs. MIN,W,34,11,16,0.688,8,9,0.889,2,2,1.0,0,2,2,2,2,0,2,3,32,21,41.4,1,2015-16
22015,203940,Adreian Payne,1610612750,MIN,Minnesota Timberwolves,0021500919,2016-03-04,MIN @ MIL,L,10,2,7,0.286,0,2,0.0,0,0,,0,2,2,0,0,0,0,3,4,-4,6.4,1,2015-16
22015,201152,Thaddeus Young,1610612751,BKN,Brooklyn Nets,0021500920,2016-03-04,BKN @ DEN,W,39,8,16,0.5,0,0,,0,2,0.0,1,4,5,2,2,1,1,4,16,1,33.0,1,2015-16
22015,202388,Donald Sloan,1610612751,BKN,Brooklyn Nets,0021500920,2016-03-04,BKN @ DEN,W,18,3,5,0.6,1,2,0.5,0,0,,0,2,2,6,0,1,1,0,7,-3,20.4,1,2015-16
22015,201167,Arron Afflalo,1610612752,NYK,New York Knicks,0021500915,2016-03-04,NYK @ BOS,L,39,7,11,0.636,3,6,0.5,0,0,,0,1,1,3,0,0,3,1,17,-6,19.7,1,2015-16
22015,201577,Robin Lopez,1610612752,NYK,New York Knicks,0021500915,2016-03-04,NYK @ BOS,L,32,4,10,0.4,0,0,,4,5,0.8,4,8,12,0,0,2,1,1,12,-14,31.4,1,2015-16
22015,202498,Lance Thomas,1610612752,NYK,New York Knicks,0021500915,2016-03-04,NYK @ BOS,L,30,1,5,0.2,0,1,0.0,0,0,,0,5,5,2,0,0,0,5,2,5,11.0,1,2015-16
22015,201160,Jason Smith,1610612753,ORL,Orlando Magic,0021500913,2016-03-04,ORL vs. PHX,L,12,3,7,0.429,0,0,,0,0,,0,0,0,1,0,0,1,5,6,0,6.5,1,2015-16
22015,203473,Dewayne Dedmon,1610612753,ORL,Orlando Magic,0021500913,2016-03-04,ORL vs. PHX,L,10,1,2,0.5,0,0,,1,2,0.5,2,2,4,1,1,0,1,3,3,-15,11.3,1,2015-16
22015,203894,Shabazz Napier,1610612753,ORL,Orlando Magic,0021500913,2016-03-04,ORL vs. PHX,L,3,1,2,0.5,1,1,1.0,0,0,,0,0,0,0,0,0,1,0,3,-2,2.0,1,2015-16
22015,101145,Monta Ellis,1610612754,IND,Indiana Pacers,0021500912,2016-03-04,IND @ CHA,L,37,5,15,0.333,1,5,0.2,4,5,0.8,1,2,3,4,2,0,2,4,15,-2,28.6,1,2015-16
22015,201941,Jordan Hill,1610612754,IND,Indiana Pacers,0021500912,2016-03-04,IND @ CHA,L,15,4,7,0.571,0,0,,0,0,,2,4,6,1,0,0,0,1,8,-6,16.7,1,2015-16
22015,201171,Carl Landry,1610612755,PHI,Philadelphia 76ers,0021500914,2016-03-04,PHI vs. MIA,L,10,0,4,0.0,0,0,,3,4,0.75,2,1,3,1,0,0,0,5,3,-13,8.1,1,2015-16
22015,202397,Ish Smith,1610612755,PHI,Philadelphia 76ers,0021500914,2016-03-04,PHI vs. MIA,L,38,11,21,0.524,2,4,0.5,2,4,0.5,0,8,8,5,1,0,3,1,26,-3,43.1,1,2015-16
22015,203924,Jerami Grant,1610612755,PHI,Philadelphia 76ers,0021500914,2016-03-04,PHI vs. MIA,L,38,2,9,0.222,0,2,0.0,2,3,0.667,4,3,7,2,1,2,2,4,6,-4,24.4,1,2015-16
22015,2199,Tyson Chandler,1610612756,PHX,Phoenix Suns,0021500913,2016-03-04,PHX @ ORL,W,24,4,8,0.5,0,0,,2,5,0.4,1,11,12,0,1,1,3,3,10,10,27.4,1,2015-16
22015,200782,P.J. Tucker,1610612756,PHX,Phoenix Suns,0021500913,2016-03-04,PHX @ ORL,W,32,2,5,0.4,1,1,1.0,2,4,0.5,1,6,7,4,1,0,2,3,7,19,22.4,1,2015-16
22015,203141,Mirza Teletovic,1610612756,PHX,Phoenix Suns,0021500913,2016-03-04,PHX @ ORL,W,27,2,10,0.2,2,7,0.286,2,2,1.0,0,5,5,1,0,0,1,1,8,1,14.5,1,2015-16
22015,203458,Alex Len,1610612756,PHX,Phoenix Suns,0021500913,2016-03-04,PHX @ ORL,W,36,10,22,0.455,0,1,0.0,11,14,0.786,5,10,15,0,1,2,4,3,31,28,54.0,1,2015-16
22015,203081,Damian Lillard,1610612757,POR,Portland Trail Blazers,0021500916,2016-03-04,POR @ TOR,L,40,16,28,0.571,6,13,0.462,12,13,0.923,2,1,3,5,0,0,4,2,50,1,57.1,1,2015-16
22015,203086,Meyers Leonard,1610612757,POR,Portland Trail Blazers,0021500916,2016-03-04,POR @ TOR,L,12,0,4,0.0,0,3,0.0,0,0,,1,2,3,0,0,0,1,3,0,0,2.6,1,2015-16
22015,202687,Bismack Biyombo,1610612761,TOR,Toronto Raptors,0021500916,2016-03-04,TOR vs. POR,W,20,3,4,0.75,0,0,,3,4,0.75,0,4,4,0,0,2,2,5,9,-14,17.8,1,2015-16
22015,204060,Joe Ingles,1610612762,UTA,Utah Jazz,0021500918,2016-03-04,UTA @ MEM,L,6,0,0,,0,0,,0,0,,0,0,0,0,0,0,0,0,0,-9,0.0,1,2015-16
22015,203210,JaMychal Green,1610612763,MEM,Memphis Grizzlies,0021500918,2016-03-04,MEM vs. UTA,W,20,3,5,0.6,0,2,0.0,0,0,,0,3,3,1,0,0,0,0,6,7,11.1,1,2015-16
22015,203798,PJ Hairston,1610612763,MEM,Memphis Grizzlies,0021500918,2016-03-04,MEM vs. UTA,W,17,1,6,0.167,0,2,0.0,0,0,,1,2,3,0,1,0,1,3,2,-25,7.6,1,2015-16
22015,1626185,Jarell Martin,1610612763,MEM,Memphis Grizzlies,0021500918,2016-03-04,MEM vs. UTA,W,3,0,0,,0,0,,0,0,,0,0,0,0,0,0,0,0,0,3,0.0,1,2015-16
22015,201162,Jared Dudley,1610612764,WAS,Washington Wizards,0021500917,2016-03-04,WAS @ CLE,L,15,0,1,0.0,0,1,0.0,0,0,,0,2,2,0,0,0,1,1,0,-10,1.4,1,2015-16
22015,201196,Ramon Sessions,1610612764,WAS,Washington Wizards,0021500917,2016-03-04,WAS @ CLE,L,20,3,8,0.375,0,1,0.0,6,7,0.857,1,2,3,2,0,1,1,1,12,-4,20.6,1,2015-16
22015,201581,JJ Hickson,1610612764,WAS,Washington Wizards,0021500917,2016-03-04,WAS @ CLE,L,7,2,2,1.0,0,0,,1,3,0.333,1,1,2,0,0,0,0,1,5,0,7.4,1,2015-16
22015,203078,Bradley Beal,1610612764,WAS,Washington Wizards,0021500917,2016-03-04,WAS @ CLE,L,28,4,12,0.333,2,5,0.4,1,2,0.5,0,3,3,1,1,0,5,2,11,-22,14.1,1,2015-16
22015,203087,Jeremy Lamb,1610612766,CHA,Charlotte Hornets,0021500912,2016-03-04,CHA vs. IND,W,11,1,2,0.5,0,1,0.0,1,2,0.5,0,2,2,0,1,0,1,1,3,4,7.4,1,2015-16
22015,2743,Kris Humphries,1610612737,ATL,Atlanta Hawks,0021500921,2016-03-04,ATL @ LAL,W,22,4,7,0.571,1,2,0.5,5,6,0.833,3,5,8,0,1,1,1,1,14,24,28.6,1,2015-16
22015,200794,Paul Millsap,1610612737,ATL,Atlanta Hawks,0021500921,2016-03-04,ATL @ LAL,W,29,4,9,0.444,1,3,0.333,2,6,0.333,0,4,4,3,1,0,0,3,11,14,23.3,1,2015-16
22015,203521,Matthew Dellavedova,1610612739,CLE,Cleveland Cavaliers,0021500917,2016-03-04,CLE vs. WAS,W,21,5,10,0.5,2,3,0.667,0,0,,0,3,3,1,1,0,2,3,12,14,18.1,1,2015-16
22015,203999,Nikola Jokić,1610612743,DEN,Denver Nuggets,0021500920,2016-03-04,DEN vs. BKN,L,34,6,14,0.429,0,2,0.0,3,3,1.0,2,10,12,4,1,1,2,5,15,-1,39.4,1,2015-16
22015,203944,Julius Randle,1610612747,LAL,Los Angeles Lakers,0021500921,2016-03-04,LAL vs. ATL,L,28,7,14,0.5,1,2,0.5,1,1,1.0,2,8,10,2,1,0,0,0,16,-20,34.0,1,2015-16
22015,1626204,Larry Nance Jr.,1610612747,LAL,Los Angeles Lakers,0021500921,2016-03-04,LAL vs. ATL,L,17,3,8,0.375,0,0,,2,2,1.0,5,4,9,1,0,0,0,1,8,-3,20.3,1,2015-16
22015,2405,Amar'e Stoudemire,1610612748,MIA,Miami Heat,0021500914,2016-03-04,MIA @ PHI,W,14,4,5,0.8,0,0,,4,5,0.8,2,2,4,0,1,0,1,3,12,-1,18.8,1,2015-16
22015,201573,Jerryd Bayless,1610612749,MIL,Milwaukee Bucks,0021500919,2016-03-04,MIL vs. MIN,W,26,2,9,0.222,1,4,0.25,1,1,1.0,0,1,1,1,1,0,0,0,6,-5,11.7,1,2015-16
22015,2419,Tayshaun Prince,1610612750,MIN,Minnesota Timberwolves,0021500919,2016-03-04,MIN @ MIL,L,10,0,2,0.0,0,0,,0,0,,0,2,2,0,2,0,0,0,0,-4,8.4,1,2015-16
22015,202962,Greg Smith,1610612750,MIN,Minnesota Timberwolves,0021500919,2016-03-04,MIN @ MIL,L,18,2,2,1.0,0,0,,0,0,,1,5,6,0,0,0,0,6,4,0,11.2,1,2015-16
22015,203897,Zach LaVine,1610612750,MIN,Minnesota Timberwolves,0021500919,2016-03-04,MIN @ MIL,L,39,8,17,0.471,2,4,0.5,2,2,1.0,0,2,2,4,3,0,6,2,20,-12,31.4,1,2015-16
22015,203952,Andrew Wiggins,1610612750,MIN,Minnesota Timberwolves,0021500919,2016-03-04,MIN @ MIL,L,21,3,7,0.429,1,2,0.5,3,4,0.75,2,0,2,2,0,0,3,1,10,-22,12.4,1,2015-16
22015,204014,Damjan Rudez,1610612750,MIN,Minnesota Timberwolves,0021500919,2016-03-04,MIN @ MIL,L,16,1,7,0.143,1,6,0.167,0,0,,2,0,2,1,1,0,1,2,3,8,8.9,1,2015-16
22015,201572,Brook Lopez,1610612751,BKN,Brooklyn Nets,0021500920,2016-03-04,BKN @ DEN,W,38,6,13,0.462,0,0,,8,10,0.8,2,2,4,5,2,0,3,4,20,0,35.3,1,2015-16
22015,201961,Wayne Ellington,1610612751,BKN,Brooklyn Nets,0021500920,2016-03-04,BKN @ DEN,W,20,3,4,0.75,2,2,1.0,0,0,,0,1,1,1,1,0,2,3,8,-7,11.7,1,2015-16
22015,203124,Kyle O'Quinn,1610612752,NYK,New York Knicks,0021500915,2016-03-04,NYK @ BOS,L,8,3,4,0.75,0,0,,0,0,,0,4,4,3,1,1,0,2,6,8,21.3,1,2015-16
22015,204001,Kristaps Porziņģis,1610612752,NYK,New York Knicks,0021500915,2016-03-04,NYK @ BOS,L,20,6,14,0.429,1,3,0.333,2,4,0.5,3,2,5,2,0,0,0,1,15,8,24.0,1,2015-16
22015,204038,Langston Galloway,1610612752,NYK,New York Knicks,0021500915,2016-03-04,NYK @ BOS,L,24,1,7,0.143,0,2,0.0,2,2,1.0,1,4,5,2,1,0,2,3,4,-1,14.0,1,2015-16
22015,202696,Nikola Vučević,1610612753,ORL,Orlando Magic,0021500913,2016-03-04,ORL vs. PHX,L,30,7,19,0.368,0,0,,1,2,0.5,0,12,12,0,3,1,1,5,15,-11,40.4,1,2015-16
22015,203094,Andrew Nicholson,1610612753,ORL,Orlando Magic,0021500913,2016-03-04,ORL vs. PHX,L,3,0,0,,0,0,,0,0,,0,0,0,0,0,0,0,0,0,-2,0.0,1,2015-16
22015,101133,Ian Mahinmi,1610612754,IND,Indiana Pacers,0021500912,2016-03-04,IND @ CHA,L,32,5,10,0.5,0,0,,0,1,0.0,2,12,14,3,0,2,3,3,10,1,34.3,1,2015-16
22015,202331,Paul George,1610612754,IND,Indiana Pacers,0021500912,2016-03-04,IND @ CHA,L,36,11,23,0.478,4,9,0.444,9,10,0.9,2,5,7,7,5,1,1,4,35,-1,70.9,1,2015-16
22015,203138,Hollis Thompson,1610612755,PHI,Philadelphia 76ers,0021500914,2016-03-04,PHI vs. MIA,L,31,5,17,0.294,2,8,0.25,2,2,1.0,1,5,6,2,2,1,0,5,14,-4,33.2,1,2015-16
22015,204456,T.J. McConnell,1610612755,PHI,Philadelphia 76ers,0021500914,2016-03-04,PHI vs. MIA,L,16,1,4,0.25,0,0,,1,2,0.5,0,0,0,3,3,0,1,2,3,-10,15.5,1,2015-16
22015,202720,Jon Leuer,1610612756,PHX,Phoenix Suns,0021500913,2016-03-04,PHX @ ORL,W,9,2,4,0.5,0,1,0.0,2,2,1.0,0,3,3,0,0,0,0,1,6,-3,9.6,1,2015-16
22015,202329,Al-Farouq Aminu,1610612757,POR,Portland Trail Blazers,0021500916,2016-03-04,POR @ TOR,L,17,2,6,0.333,0,1,0.0,0,0,,0,1,1,0,0,0,0,3,4,-9,5.2,1,2015-16
22015,203148,Brian Roberts,1610612757,POR,Portland Trail Blazers,0021500916,2016-03-04,POR @ TOR,L,1,0,0,,0,0,,0,0,,0,0,0,0,0,0,0,0,0,2,0.0,1,2015-16
22015,200768,Kyle Lowry,1610612761,TOR,Toronto Raptors,0021500916,2016-03-04,TOR vs. POR,W,37,8,15,0.533,3,5,0.6,9,15,0.6,1,4,5,6,2,0,3,3,28,9,46.0,1,2015-16
22015,202685,Jonas Valančiūnas,1610612761,TOR,Toronto Raptors,0021500916,2016-03-04,TOR vs. POR,W,27,7,8,0.875,0,0,,3,6,0.5,4,6,10,1,0,1,1,3,17,18,32.5,1,2015-16
22015,202324,Derrick Favors,1610612762,UTA,Utah Jazz,0021500918,2016-03-04,UTA @ MEM,L,29,7,17,0.412,0,0,,0,0,,2,1,3,0,0,0,2,0,14,-12,15.6,1,2015-16
22015,202330,Gordon Hayward,1610612762,UTA,Utah Jazz,0021500918,2016-03-04,UTA @ MEM,L,38,7,12,0.583,1,2,0.5,3,3,1.0,1,5,6,2,2,0,4,1,18,6,30.2,1,2015-16
22015,202714,Shelvin Mack,1610612762,UTA,Utah Jazz,0021500918,2016-03-04,UTA @ MEM,L,29,4,9,0.444,1,2,0.5,3,6,0.5,1,4,5,8,2,0,2,4,12,12,34.0,1,2015-16
22015,203497,Rudy Gobert,1610612762,UTA,Utah Jazz,0021500918,2016-03-04,UTA @ MEM,L,38,3,5,0.6,0,0,,7,10,0.7,6,12,18,0,0,5,1,1,13,13,48.6,1,2015-16
22015,203504,Trey Burke,1610612762,UTA,Utah Jazz,0021500918,2016-03-04,UTA @ MEM,L,20,2,9,0.222,0,5,0.0,1,1,1.0,1,0,1,4,1,0,2,2,5,-11,13.2,1,2015-16
22015,2216,Zach Randolph,1610612763,MEM,Memphis Grizzlies,0021500918,2016-03-04,MEM vs. UTA,W,35,9,18,0.5,1,1,1.0,6,6,1.0,2,6,8,1,0,0,2,2,25,-12,34.1,1,2015-16
22015,201596,Mario Chalmers,1610612763,MEM,Memphis Grizzlies,0021500918,2016-03-04,MEM vs. UTA,W,30,4,8,0.5,1,2,0.5,2,3,0.667,2,4,6,5,5,2,3,3,11,32,43.7,1,2015-16
22015,2403,Nene,1610612764,WAS,Washington Wizards,0021500917,2016-03-04,WAS @ CLE,L,16,2,6,0.333,0,0,,2,2,1.0,1,3,4,2,0,0,1,1,6,-7,12.8,1,2015-16
22015,202322,John Wall,1610612764,WAS,Washington Wizards,0021500917,2016-03-04,WAS @ CLE,L,28,8,14,0.571,0,2,0.0,1,2,0.5,0,8,8,7,0,0,2,2,17,-21,35.1,1,2015-16
22015,201584,Courtney Lee,1610612766,CHA,Charlotte Hornets,0021500912,2016-03-04,CHA vs. IND,W,34,1,4,0.25,1,2,0.5,1,2,0.5,0,2,2,1,0,1,1,1,4,0,9.9,1,2015-16
22015,201587,Nicolas Batum,1610612766,CHA,Charlotte Hornets,0021500912,2016-03-04,CHA vs. IND,W,39,12,22,0.545,4,10,0.4,3,4,0.75,3,4,7,4,0,2,3,4,31,-1,48.4,1,2015-16
22015,2550,Kirk Hinrich,1610612737,ATL,Atlanta Hawks,0021500921,2016-03-04,ATL @ LAL,W,3,1,1,1.0,0,0,,0,0,,0,0,0,3,1,0,0,0,2,6,9.5,1,2015-16
22015,201952,Jeff Teague,1610612737,ATL,Atlanta Hawks,0021500921,2016-03-04,ATL @ LAL,W,27,4,11,0.364,0,4,0.0,4,4,1.0,0,4,4,8,0,0,3,1,12,19,25.8,1,2015-16
22015,101161,Amir Johnson,1610612738,BOS,Boston Celtics,0021500915,2016-03-04,BOS vs. NYK,W,13,0,2,0.0,0,1,0.0,0,0,,1,1,2,1,0,0,0,1,0,-11,3.9,1,2015-16
22015,201973,Jonas Jerebko,1610612738,BOS,Boston Celtics,0021500915,2016-03-04,BOS vs. NYK,W,16,0,4,0.0,0,2,0.0,0,0,,2,6,8,1,0,1,1,1,0,-8,13.1,1,2015-16
22015,2210,Richard Jefferson,1610612739,CLE,Cleveland Cavaliers,0021500917,2016-03-04,CLE vs. WAS,W,26,2,6,0.333,1,3,0.333,0,2,0.0,0,4,4,1,0,0,3,2,5,8,8.3,1,2015-16
22015,2544,LeBron James,1610612739,CLE,Cleveland Cavaliers,0021500917,2016-03-04,CLE vs. WAS,W,30,7,18,0.389,1,4,0.25,4,4,1.0,1,12,13,8,3,0,1,1,19,15,54.6,1,2015-16
22015,202681,Kyrie Irving,1610612739,CLE,Cleveland Cavaliers,0021500917,2016-03-04,CLE vs. WAS,W,32,8,18,0.444,3,6,0.5,2,2,1.0,1,4,5,8,1,0,1,1,21,25,41.0,1,2015-16
22015,202684,Tristan Thompson,1610612739,CLE,Cleveland Cavaliers,0021500917,2016-03-04,CLE vs. WAS,W,22,4,9,0.444,0,0,,2,2,1.0,2,5,7,0,1,2,0,1,10,10,27.4,1,2015-16
22015,202697,Iman Shumpert,1610612739,CLE,Cleveland Cavaliers,0021500917,2016-03-04,CLE vs. WAS,W,30,0,3,0.0,0,2,0.0,2,2,1.0,0,3,3,3,1,1,1,2,2,25,15.1,1,2015-16
22015,201571,D.J. Augustin,1610612743,DEN,Denver Nuggets,0021500920,2016-03-04,DEN vs. BKN,L,20,4,8,0.5,3,4,0.75,1,1,1.0,1,2,3,2,0,0,0,0,12,-3,18.6,1,2015-16
22015,201589,Darrell Arthur,1610612743,DEN,Denver Nuggets,0021500920,2016-03-04,DEN vs. BKN,L,25,0,1,0.0,0,1,0.0,0,0,,1,3,4,4,1,1,1,4,0,-2,15.8,1,2015-16
22015,202702,Kenneth Faried,1610612743,DEN,Denver Nuggets,0021500920,2016-03-04,DEN vs. BKN,L,28,6,9,0.667,0,0,,5,6,0.833,4,6,10,1,0,1,2,1,17,1,31.5,1,2015-16
22015,1626253,Axel Toupane,1610612743,DEN,Denver Nuggets,0021500920,2016-03-04,DEN vs. BKN,L,5,0,0,,0,0,,0,0,,0,1,1,0,0,0,0,2,0,-1,1.2,1,2015-16
22015,1897,Metta World Peace,1610612747,LAL,Los Angeles Lakers,0021500921,2016-03-04,LAL vs. ATL,L,21,0,5,0.0,0,3,0.0,0,0,,3,0,3,1,1,0,1,4,0,-8,7.1,1,2015-16
22015,201579,Roy Hibbert,1610612747,LAL,Los Angeles Lakers,0021500921,2016-03-04,LAL vs. ATL,L,19,3,4,0.75,0,0,,2,4,0.5,1,3,4,3,1,0,1,3,8,-4,19.3,1,2015-16
22015,2548,Dwyane Wade,1610612748,MIA,Miami Heat,0021500914,2016-03-04,MIA @ PHI,W,26,7,16,0.438,0,0,,7,9,0.778,2,6,8,4,3,1,4,2,21,4,44.6,1,2015-16
22015,201609,Goran Dragic,1610612748,MIA,Miami Heat,0021500914,2016-03-04,MIA @ PHI,W,34,6,16,0.375,0,2,0.0,3,4,0.75,0,5,5,11,1,0,4,2,15,17,36.5,1,2015-16
22015,203948,Johnny O'Bryant III,1610612749,MIL,Milwaukee Bucks,0021500919,2016-03-04,MIL vs. MIN,W,7,0,1,0.0,0,0,,0,0,,1,0,1,0,0,0,0,2,0,-7,1.2,1,2015-16
22015,1626145,Tyus Jones,1610612750,MIN,Minnesota Timberwolves,0021500919,2016-03-04,MIN @ MIL,L,24,1,3,0.333,0,1,0.0,0,0,,1,4,5,5,2,0,2,0,2,7,19.5,1,2015-16
22015,203080,Thomas Robinson,1610612751,BKN,Brooklyn Nets,0021500920,2016-03-04,BKN @ DEN,W,16,1,6,0.167,0,1,0.0,0,0,,1,5,6,1,0,0,1,2,2,-1,9.7,1,2015-16
22015,203499,Shane Larkin,1610612751,BKN,Brooklyn Nets,0021500920,2016-03-04,BKN @ DEN,W,35,4,9,0.444,2,2,1.0,2,2,1.0,2,1,3,8,0,0,1,4,12,4,26.6,1,2015-16
22015,101181,Jose Calderon,1610612752,NYK,New York Knicks,0021500915,2016-03-04,NYK @ BOS,L,38,5,10,0.5,2,2,1.0,1,1,1.0,0,5,5,5,0,0,1,3,13,5,25.5,1,2015-16
22015,202682,Derrick Williams,1610612752,NYK,New York Knicks,0021500915,2016-03-04,NYK @ BOS,L,5,1,3,0.333,1,1,1.0,0,0,,0,1,1,1,0,0,0,1,3,-8,5.7,1,2015-16
22015,1626170,Jerian Grant,1610612752,NYK,New York Knicks,0021500915,2016-03-04,NYK @ BOS,L,3,1,1,1.0,0,0,,0,0,,0,0,0,0,1,0,2,0,2,-4,3.0,1,2015-16
22015,101141,Ersan Ilyasova,1610612753,ORL,Orlando Magic,0021500913,2016-03-04,ORL vs. PHX,L,20,2,14,0.143,0,3,0.0,1,2,0.5,7,5,12,0,1,1,0,0,5,-8,25.4,1,2015-16
22015,203095,Evan Fournier,1610612753,ORL,Orlando Magic,0021500913,2016-03-04,ORL vs. PHX,L,26,4,9,0.444,2,5,0.4,2,4,0.5,0,2,2,0,2,0,2,4,12,-7,18.4,1,2015-16
22015,201588,George Hill,1610612754,IND,Indiana Pacers,0021500912,2016-03-04,IND @ CHA,L,40,5,16,0.313,2,7,0.286,0,0,,4,3,7,2,1,0,1,4,12,0,25.4,1,2015-16
22015,203524,Solomon Hill,1610612754,IND,Indiana Pacers,0021500912,2016-03-04,IND @ CHA,L,30,3,4,0.75,2,3,0.667,0,0,,1,2,3,1,1,0,0,2,8,6,16.1,1,2015-16
22015,1626158,Richaun Holmes,1610612755,PHI,Philadelphia 76ers,0021500914,2016-03-04,PHI vs. MIA,L,25,5,7,0.714,1,1,1.0,2,2,1.0,6,2,8,2,1,1,0,4,13,9,31.6,1,2015-16
22015,101179,Ronnie Price,1610612756,PHX,Phoenix Suns,0021500913,2016-03-04,PHX @ ORL,W,45,6,10,0.6,2,4,0.5,0,0,,0,5,5,4,5,1,2,2,14,16,42.0,1,2015-16
22015,1626164,Devin Booker,1610612756,PHX,Phoenix Suns,0021500913,2016-03-04,PHX @ ORL,W,33,4,11,0.364,0,0,,6,8,0.75,1,3,4,6,0,1,2,2,14,17,28.8,1,2015-16
22015,202334,Ed Davis,1610612757,POR,Portland Trail Blazers,0021500916,2016-03-04,POR @ TOR,L,21,3,4,0.75,0,0,,3,7,0.429,3,4,7,0,0,2,0,5,9,-3,23.4,1,2015-16
22015,203486,Mason Plumlee,1610612757,POR,Portland Trail Blazers,0021500916,2016-03-04,POR @ TOR,L,27,2,5,0.4,0,1,0.0,4,6,0.667,0,4,4,1,0,1,3,5,8,-6,14.3,1,2015-16
22015,202335,Patrick Patterson,1610612761,TOR,Toronto Raptors,0021500916,2016-03-04,TOR vs. POR,W,30,3,6,0.5,1,2,0.5,0,0,,1,5,6,0,0,0,1,2,7,-9,13.2,1,2015-16
22015,202709,Cory Joseph,1610612761,TOR,Toronto Raptors,0021500916,2016-03-04,TOR vs. POR,W,31,2,5,0.4,0,0,,2,2,1.0,0,2,2,2,2,1,0,4,6,-7,20.4,1,2015-16
22015,203526,Raul Neto,1610612762,UTA,Utah Jazz,0021500918,2016-03-04,UTA @ MEM,L,13,0,3,0.0,0,1,0.0,1,2,0.5,0,1,1,1,0,0,1,1,1,-10,2.7,1,2015-16
22015,1713,Vince Carter,1610612763,MEM,Memphis Grizzlies,0021500918,2016-03-04,MEM vs. UTA,W,21,4,10,0.4,1,5,0.2,0,0,,1,3,4,2,1,0,0,0,9,26,19.8,1,2015-16
22015,2440,Matt Barnes,1610612763,MEM,Memphis Grizzlies,0021500918,2016-03-04,MEM vs. UTA,W,24,2,8,0.25,1,4,0.25,0,0,,0,0,0,0,0,1,1,3,5,-19,7.0,1,2015-16
22015,203490,Otto Porter Jr.,1610612764,WAS,Washington Wizards,0021500917,2016-03-04,WAS @ CLE,L,28,1,5,0.2,0,1,0.0,2,4,0.5,2,2,4,0,0,0,1,2,4,-18,7.8,1,2015-16
22015,204067,Jarell Eddie,1610612764,WAS,Washington Wizards,0021500917,2016-03-04,WAS @ CLE,L,6,0,2,0.0,0,1,0.0,0,0,,0,1,1,0,0,0,0,0,0,2,1.2,1,2015-16
22015,200757,Thabo Sefolosha,1610612737,ATL,Atlanta Hawks,0021500921,2016-03-04,ATL @ LAL,W,21,2,3,0.667,1,1,1.0,0,0,,0,2,2,1,0,2,1,1,5,-1,13.9,1,2015-16
22015,203488,Mike Muscala,1610612737,ATL,Atlanta Hawks,0021500921,2016-03-04,ATL @ LAL,W,4,1,1,1.0,0,0,,0,0,,0,2,2,0,0,1,0,0,2,8,7.4,1,2015-16
22015,203501,Tim Hardaway Jr.,1610612737,ATL,Atlanta Hawks,0021500921,2016-03-04,ATL @ LAL,W,13,2,2,1.0,2,2,1.0,0,0,,0,2,2,0,1,0,0,0,6,5,11.4,1,2015-16
22015,201619,Sasha Kaun,1610612739,CLE,Cleveland Cavaliers,0021500917,2016-03-04,CLE vs. WAS,W,4,1,1,1.0,0,0,,0,1,0.0,1,2,3,0,0,1,0,1,2,-3,8.6,1,2015-16
22015,2617,Udonis Haslem,1610612748,MIA,Miami Heat,0021500914,2016-03-04,MIA @ PHI,W,1,0,1,0.0,0,1,0.0,0,0,,1,0,1,0,0,0,0,0,0,-6,1.2,1,2015-16
22015,202328,Greg Monroe,1610612749,MIL,Milwaukee Bucks,0021500919,2016-03-04,MIL vs. MIN,W,32,6,6,1.0,0,0,,2,4,0.5,4,5,9,4,0,3,6,2,14,1,33.8,1,2015-16
22015,1626191,Chris McCullough,1610612751,BKN,Brooklyn Nets,0021500920,2016-03-04,BKN @ DEN,W,12,3,3,1.0,0,0,,0,0,,0,1,1,0,0,2,0,2,6,2,13.2,1,2015-16
22015,201228,C.J. Watson,1610612753,ORL,Orlando Magic,0021500913,2016-03-04,ORL vs. PHX,L,24,2,7,0.286,1,3,0.333,0,0,,1,2,3,3,0,0,0,3,5,-1,13.1,1,2015-16
22015,1626209,Mario Hezonja,1610612753,ORL,Orlando Magic,0021500913,2016-03-04,ORL vs. PHX,L,34,5,9,0.556,2,5,0.4,0,0,,0,4,4,2,1,0,1,4,12,-7,21.8,1,2015-16
22015,201978,Chase Budinger,1610612754,IND,Indiana Pacers,0021500912,2016-03-04,IND @ CHA,L,12,1,3,0.333,0,2,0.0,0,0,,0,2,2,1,1,0,0,2,2,-6,8.9,1,2015-16
22015,1626167,Myles Turner,1610612754,IND,Indiana Pacers,0021500912,2016-03-04,IND @ CHA,L,18,0,4,0.0,0,1,0.0,4,4,1.0,0,2,2,1,0,1,1,3,4,-15,9.9,1,2015-16
22015,201945,Gerald Henderson,1610612757,POR,Portland Trail Blazers,0021500916,2016-03-04,POR @ TOR,L,32,4,9,0.444,1,2,0.5,0,0,,0,4,4,1,2,0,0,5,9,8,21.3,1,2015-16
22015,201144,Mike Conley,1610612763,MEM,Memphis Grizzlies,0021500918,2016-03-04,MEM vs. UTA,W,28,4,13,0.308,0,2,0.0,4,6,0.667,0,2,2,4,0,0,1,3,12,-7,19.4,1,2015-16
22015,1626162,Kelly Oubre Jr.,1610612764,WAS,Washington Wizards,0021500917,2016-03-04,WAS @ CLE,L,8,2,4,0.5,0,1,0.0,1,2,0.5,2,2,4,0,1,0,1,2,5,1,11.8,1,2015-16
22015,203469,Cody Zeller,1610612766,CHA,Charlotte Hornets,0021500912,2016-03-04,CHA vs. IND,W,27,2,7,0.286,0,0,,0,0,,2,9,11,2,0,2,1,3,4,3,25.2,1,2015-16
22015,203118,Mike Scott,1610612737,ATL,Atlanta Hawks,0021500929,2016-03-05,ATL @ LAC,W,14,1,7,0.143,0,3,0.0,0,0,,0,1,1,1,1,0,1,0,2,-4,6.7,1,2015-16
22015,1626175,Jordan Mickey,1610612738,BOS,Boston Celtics,0021500922,2016-03-05,BOS @ CLE,L,1,0,0,,0,0,,0,0,,0,0,0,0,0,0,0,0,0,-2,0.0,1,2015-16
22015,203521,Matthew Dellavedova,1610612739,CLE,Cleveland Cavaliers,0021500922,2016-03-05,CLE vs. BOS,W,28,4,6,0.667,0,2,0.0,2,3,0.667,0,0,0,4,2,1,0,3,10,24,25.0,1,2015-16
22015,201967,Dante Cunningham,1610612740,NOP,New Orleans Pelicans,0021500925,2016-03-05,NOP vs. UTA,L,30,1,2,0.5,0,0,,0,0,,0,1,1,3,1,0,1,5,2,6,9.7,1,2015-16
22015,2200,Pau Gasol,1610612741,CHI,Chicago Bulls,0021500927,2016-03-05,CHI vs. HOU,W,38,9,18,0.5,0,2,0.0,10,14,0.714,6,11,17,6,2,2,8,2,28,6,61.4,1,2015-16
22015,2399,Mike Dunleavy,1610612741,CHI,Chicago Bulls,0021500927,2016-03-05,CHI vs. HOU,W,29,4,7,0.571,2,4,0.5,2,2,1.0,0,4,4,1,1,0,1,3,12,20,20.3,1,2015-16
22015,202710,Jimmy Butler III,1610612741,CHI,Chicago Bulls,0021500927,2016-03-05,CHI vs. HOU,W,34,6,13,0.462,1,2,0.5,11,12,0.917,0,11,11,6,1,0,5,6,24,28,44.2,1,2015-16
22015,203991,Clint Capela,1610612745,HOU,Houston Rockets,0021500927,2016-03-05,HOU @ CHI,L,14,3,4,0.75,0,0,,0,0,,2,3,5,0,0,0,0,2,6,3,12.0,1,2015-16
22015,202325,Wesley Johnson,1610612746,LAC,LA Clippers,0021500929,2016-03-05,LAC vs. ATL,L,17,1,6,0.167,0,2,0.0,2,2,1.0,0,6,6,1,0,1,2,4,4,7,13.7,1,2015-16
22015,202332,Cole Aldrich,1610612746,LAC,LA Clippers,0021500929,2016-03-05,LAC vs. ATL,L,12,1,2,0.5,0,0,,0,0,,3,3,6,0,1,2,1,2,2,2,17.2,1,2015-16
22015,203085,Austin Rivers,1610612746,LAC,LA Clippers,0021500929,2016-03-05,LAC vs. ATL,L,19,4,10,0.4,2,5,0.4,1,1,1.0,0,2,2,3,2,0,1,0,11,-5,22.9,1,2015-16
22015,203143,Pablo Prigioni,1610612746,LAC,LA Clippers,0021500929,2016-03-05,LAC vs. ATL,L,11,2,3,0.667,2,3,0.667,0,0,,0,0,0,1,0,0,1,1,6,2,6.5,1,2015-16
22015,1626145,Tyus Jones,1610612750,MIN,Minnesota Timberwolves,0021500926,2016-03-05,MIN vs. BKN,W,16,3,5,0.6,2,3,0.667,1,1,1.0,0,1,1,2,0,0,1,3,9,-6,12.2,1,2015-16
22015,203499,Shane Larkin,1610612751,BKN,Brooklyn Nets,0021500926,2016-03-05,BKN @ MIN,L,34,7,12,0.583,1,4,0.25,3,3,1.0,1,1,2,5,1,0,3,4,18,2,27.9,1,2015-16
22015,203930,Sean Kilpatrick,1610612751,BKN,Brooklyn Nets,0021500926,2016-03-05,BKN @ MIN,L,26,6,13,0.462,3,5,0.6,4,4,1.0,1,2,3,0,1,0,0,0,19,4,25.6,1,2015-16
22015,201588,George Hill,1610612754,IND,Indiana Pacers,0021500924,2016-03-05,IND @ WAS,W,32,4,10,0.4,2,6,0.333,2,2,1.0,2,1,3,5,0,1,2,3,12,5,24.1,1,2015-16
22015,201941,Jordan Hill,1610612754,IND,Indiana Pacers,0021500924,2016-03-05,IND @ WAS,W,17,4,6,0.667,0,0,,2,2,1.0,3,6,9,0,0,0,5,5,10,-4,15.8,1,2015-16
22015,202331,Paul George,1610612754,IND,Indiana Pacers,0021500924,2016-03-05,IND @ WAS,W,38,13,22,0.591,4,7,0.571,8,8,1.0,1,5,6,2,1,0,3,3,38,-2,48.2,1,2015-16
22015,203112,Quincy Acy,1610612758,SAC,Sacramento Kings,0021500928,2016-03-05,SAC @ SAS,L,31,7,7,1.0,2,2,1.0,0,0,,1,6,7,1,1,0,1,4,16,-10,27.9,1,2015-16
22015,2588,Matt Bonner,1610612759,SAS,San Antonio Spurs,0021500928,2016-03-05,SAS vs. SAC,W,6,2,3,0.667,2,3,0.667,0,0,,0,2,2,0,0,0,0,0,6,14,8.4,1,2015-16
22015,203187,Chris Johnson,1610612762,UTA,Utah Jazz,0021500925,2016-03-05,UTA @ NOP,W,8,1,2,0.5,1,1,1.0,0,0,,0,1,1,0,0,2,0,0,3,-5,10.2,1,2015-16
22015,203526,Raul Neto,1610612762,UTA,Utah Jazz,0021500925,2016-03-05,UTA @ NOP,W,16,1,3,0.333,0,1,0.0,4,4,1.0,0,1,1,1,0,0,0,2,6,10,8.7,1,2015-16
22015,203918,Rodney Hood,1610612762,UTA,Utah Jazz,0021500925,2016-03-05,UTA @ NOP,W,31,4,10,0.4,1,5,0.2,2,2,1.0,1,3,4,3,1,0,3,5,11,-2,20.3,1,2015-16
22015,1626168,Trey Lyles,1610612762,UTA,Utah Jazz,0021500925,2016-03-05,UTA @ NOP,W,6,0,1,0.0,0,0,,2,2,1.0,0,0,0,0,0,0,1,0,2,-9,1.0,1,2015-16
22015,101187,Alan Anderson,1610612764,WAS,Washington Wizards,0021500924,2016-03-05,WAS vs. IND,L,24,3,6,0.5,1,2,0.5,2,2,1.0,0,3,3,4,0,0,0,4,9,9,18.6,1,2015-16
22015,202694,Marcus Morris Sr.,1610612765,DET,Detroit Pistons,0021500923,2016-03-05,DET @ NYK,L,27,2,11,0.182,1,5,0.2,0,0,,0,1,1,1,0,0,0,4,5,-15,7.7,1,2015-16
22015,202699,Tobias Harris,1610612765,DET,Detroit Pistons,0021500923,2016-03-05,DET @ NYK,L,36,6,12,0.5,0,2,0.0,6,8,0.75,1,7,8,1,0,0,1,3,18,-13,28.1,1,2015-16
22015,202704,Reggie Jackson,1610612765,DET,Detroit Pistons,0021500923,2016-03-05,DET @ NYK,L,28,3,17,0.176,0,6,0.0,2,2,1.0,0,2,2,6,1,1,4,2,8,-9,21.4,1,2015-16
22015,202712,Justin Harper,1610612765,DET,Detroit Pistons,0021500923,2016-03-05,DET @ NYK,L,11,0,1,0.0,0,1,0.0,0,0,,0,0,0,0,0,0,0,2,0,-3,0.0,1,2015-16
22015,2594,Kyle Korver,1610612737,ATL,Atlanta Hawks,0021500929,2016-03-05,ATL @ LAC,W,28,4,7,0.571,2,5,0.4,0,0,,0,1,1,3,2,0,4,5,10,18,17.7,1,2015-16
22015,2743,Kris Humphries,1610612737,ATL,Atlanta Hawks,0021500929,2016-03-05,ATL @ LAC,W,13,2,6,0.333,0,2,0.0,0,0,,0,1,1,1,0,0,0,6,4,2,6.7,1,2015-16
22015,200794,Paul Millsap,1610612737,ATL,Atlanta Hawks,0021500929,2016-03-05,ATL @ LAC,W,37,8,14,0.571,1,1,1.0,3,4,0.75,5,13,18,5,3,0,3,3,20,10,55.1,1,2015-16
22015,203096,Jared Sullinger,1610612738,BOS,Boston Celtics,0021500922,2016-03-05,BOS @ CLE,L,31,8,17,0.471,0,1,0.0,1,2,0.5,7,6,13,1,1,0,0,4,17,1,37.1,1,2015-16
22015,2210,Richard Jefferson,1610612739,CLE,Cleveland Cavaliers,0021500922,2016-03-05,CLE vs. BOS,W,6,1,3,0.333,0,1,0.0,0,0,,0,2,2,1,0,0,1,0,2,4,4.9,1,2015-16
22015,201567,Kevin Love,1610612739,CLE,Cleveland Cavaliers,0021500922,2016-03-05,CLE vs. BOS,W,30,1,6,0.167,0,3,0.0,8,9,0.889,1,3,4,3,1,0,1,1,10,8,21.3,1,2015-16
22015,201619,Sasha Kaun,1610612739,CLE,Cleveland Cavaliers,0021500922,2016-03-05,CLE vs. BOS,W,1,1,1,1.0,0,0,,0,0,,0,0,0,0,0,0,0,0,2,2,2.0,1,2015-16
22015,202681,Kyrie Irving,1610612739,CLE,Cleveland Cavaliers,0021500922,2016-03-05,CLE vs. BOS,W,30,7,13,0.538,3,6,0.5,3,4,0.75,0,3,3,4,0,2,3,5,20,2,32.6,1,2015-16
22015,203895,Jordan McRae,1610612739,CLE,Cleveland Cavaliers,0021500922,2016-03-05,CLE vs. BOS,W,1,0,0,,0,0,,0,0,,0,0,0,0,0,0,0,0,0,2,0.0,1,2015-16
22015,2570,Kendrick Perkins,1610612740,NOP,New Orleans Pelicans,0021500925,2016-03-05,NOP vs. UTA,L,13,1,2,0.5,0,0,,0,0,,1,4,5,0,0,0,1,2,2,-17,7.0,1,2015-16
22015,202708,Norris Cole,1610612740,NOP,New Orleans Pelicans,0021500925,2016-03-05,NOP vs. UTA,L,29,3,9,0.333,0,0,,0,0,,0,2,2,5,1,0,1,4,6,-3,17.9,1,2015-16
22015,2746,Josh Smith,1610612745,HOU,Houston Rockets,0021500927,2016-03-05,HOU @ CHI,L,10,2,6,0.333,0,3,0.0,0,0,,3,1,4,1,0,1,1,1,4,-1,12.3,1,2015-16
22015,201147,Corey Brewer,1610612745,HOU,Houston Rockets,0021500927,2016-03-05,HOU @ CHI,L,24,4,5,0.8,2,3,0.667,2,4,0.5,1,2,3,2,6,0,3,3,12,11,33.6,1,2015-16
22015,202700,Donatas Motiejunas,1610612745,HOU,Houston Rockets,0021500927,2016-03-05,HOU @ CHI,L,14,2,4,0.5,0,1,0.0,2,2,1.0,1,2,3,1,0,0,0,4,6,-8,11.1,1,2015-16
22015,1626149,Montrezl Harrell,1610612745,HOU,Houston Rockets,0021500927,2016-03-05,HOU @ CHI,L,13,1,2,0.5,0,0,,1,2,0.5,1,1,2,0,0,0,1,0,3,1,4.4,1,2015-16
22015,1718,Paul Pierce,1610612746,LAC,LA Clippers,0021500929,2016-03-05,LAC vs. ATL,L,14,3,6,0.5,2,5,0.4,3,3,1.0,0,0,0,0,0,0,1,2,11,-7,10.0,1,2015-16
22015,101108,Chris Paul,1610612746,LAC,LA Clippers,0021500929,2016-03-05,LAC vs. ATL,L,37,6,16,0.375,2,5,0.4,3,3,1.0,0,6,6,11,1,0,4,2,17,-12,39.7,1,2015-16
22015,2419,Tayshaun Prince,1610612750,MIN,Minnesota Timberwolves,0021500926,2016-03-05,MIN vs. BKN,W,13,0,1,0.0,0,1,0.0,0,0,,0,0,0,1,0,1,0,2,0,-2,4.5,1,2015-16
22015,203476,Gorgui Dieng,1610612750,MIN,Minnesota Timberwolves,0021500926,2016-03-05,MIN vs. BKN,W,24,2,4,0.5,0,1,0.0,0,2,0.0,0,3,3,2,0,3,2,3,4,17,17.6,1,2015-16
22015,203952,Andrew Wiggins,1610612750,MIN,Minnesota Timberwolves,0021500926,2016-03-05,MIN vs. BKN,W,33,10,14,0.714,2,2,1.0,4,4,1.0,0,4,4,6,1,0,1,3,26,21,41.8,1,2015-16
22015,101181,Jose Calderon,1610612752,NYK,New York Knicks,0021500923,2016-03-05,NYK vs. DET,W,34,2,5,0.4,1,2,0.5,2,2,1.0,0,4,4,4,1,0,0,2,7,16,20.8,1,2015-16
22015,204038,Langston Galloway,1610612752,NYK,New York Knicks,0021500923,2016-03-05,NYK vs. DET,W,14,0,3,0.0,0,2,0.0,3,4,0.75,0,2,2,1,0,0,0,0,3,-3,6.9,1,2015-16
22015,101133,Ian Mahinmi,1610612754,IND,Indiana Pacers,0021500924,2016-03-05,IND @ WAS,W,25,3,8,0.375,0,0,,2,2,1.0,0,4,4,2,1,1,1,6,8,-4,20.8,1,2015-16
22015,201155,Rodney Stuckey,1610612754,IND,Indiana Pacers,0021500924,2016-03-05,IND @ WAS,W,18,2,4,0.5,0,0,,2,2,1.0,0,2,2,0,0,0,0,0,6,1,8.4,1,2015-16
22015,1626167,Myles Turner,1610612754,IND,Indiana Pacers,0021500924,2016-03-05,IND @ WAS,W,25,2,9,0.222,0,0,,0,0,,1,3,4,0,0,0,0,1,4,-1,8.8,1,2015-16
22015,201954,Darren Collison,1610612758,SAC,Sacramento Kings,0021500928,2016-03-05,SAC @ SAS,L,33,5,9,0.556,0,0,,2,2,1.0,0,3,3,7,2,1,1,0,12,1,34.1,1,2015-16
22015,1626161,Willie Cauley-Stein,1610612758,SAC,Sacramento Kings,0021500928,2016-03-05,SAC @ SAS,L,12,0,3,0.0,0,0,,1,2,0.5,0,0,0,0,0,0,0,2,1,-6,1.0,1,2015-16
22015,2225,Tony Parker,1610612759,SAS,San Antonio Spurs,0021500928,2016-03-05,SAS vs. SAC,W,32,1,6,0.167,0,1,0.0,0,0,,0,2,2,7,0,1,2,0,2,9,15.9,1,2015-16
22015,2561,David West,1610612759,SAS,San Antonio Spurs,0021500928,2016-03-05,SAS vs. SAC,W,27,5,9,0.556,0,0,,2,3,0.667,0,3,3,3,2,0,2,6,12,3,24.1,1,2015-16
22015,203613,Jonathon Simmons,1610612759,SAS,San Antonio Spurs,0021500928,2016-03-05,SAS vs. SAC,W,15,0,2,0.0,0,1,0.0,0,0,,0,2,2,2,0,0,0,2,0,-5,5.4,1,2015-16
22015,1626246,Boban Marjanovic,1610612759,SAS,San Antonio Spurs,0021500928,2016-03-05,SAS vs. SAC,W,19,3,4,0.75,0,0,,3,4,0.75,2,7,9,1,0,0,1,2,9,15,20.3,1,2015-16
22015,202344,Trevor Booker,1610612762,UTA,Utah Jazz,0021500925,2016-03-05,UTA @ NOP,W,18,4,6,0.667,0,0,,3,3,1.0,2,6,8,2,0,0,0,3,11,18,23.6,1,2015-16
22015,202714,Shelvin Mack,1610612762,UTA,Utah Jazz,0021500925,2016-03-05,UTA @ NOP,W,32,4,10,0.4,1,2,0.5,2,2,1.0,0,3,3,4,1,0,1,2,11,2,22.6,1,2015-16
22015,101162,Marcin Gortat,1610612764,WAS,Washington Wizards,0021500924,2016-03-05,WAS vs. IND,L,33,3,8,0.375,0,0,,2,4,0.5,7,10,17,2,1,4,1,1,8,5,45.4,1,2015-16
22015,201196,Ramon Sessions,1610612764,WAS,Washington Wizards,0021500924,2016-03-05,WAS vs. IND,L,11,0,6,0.0,0,1,0.0,2,2,1.0,0,0,0,0,0,0,0,1,2,-2,2.0,1,2015-16
22015,202066,Garrett Temple,1610612764,WAS,Washington Wizards,0021500924,2016-03-05,WAS vs. IND,L,26,5,7,0.714,1,2,0.5,0,0,,1,3,4,2,1,0,1,4,11,-1,20.8,1,2015-16
22015,202322,John Wall,1610612764,WAS,Washington Wizards,0021500924,2016-03-05,WAS vs. IND,L,39,9,24,0.375,1,4,0.25,6,8,0.75,0,6,6,12,2,0,7,3,25,2,49.2,1,2015-16
22015,203078,Bradley Beal,1610612764,WAS,Washington Wizards,0021500924,2016-03-05,WAS vs. IND,L,24,5,13,0.385,2,4,0.5,0,0,,0,2,2,3,0,0,4,1,12,-5,14.9,1,2015-16
22015,203083,Andre Drummond,1610612765,DET,Detroit Pistons,0021500923,2016-03-05,DET @ NYK,L,36,10,20,0.5,0,0,,1,3,0.333,9,7,16,0,1,0,2,3,21,-10,41.2,1,2015-16
22015,1626199,Darrun Hilliard,1610612765,DET,Detroit Pistons,0021500923,2016-03-05,DET @ NYK,L,9,1,4,0.25,0,1,0.0,0,0,,0,0,0,0,0,0,0,1,2,-3,2.0,1,2015-16
22015,201973,Jonas Jerebko,1610612738,BOS,Boston Celtics,0021500922,2016-03-05,BOS @ CLE,L,15,2,3,0.667,1,2,0.5,0,0,,0,2,2,2,0,0,1,3,5,-14,9.4,1,2015-16
22015,202323,Evan Turner,1610612738,BOS,Boston Celtics,0021500922,2016-03-05,BOS @ CLE,L,27,5,9,0.556,0,0,,1,2,0.5,0,4,4,3,0,0,2,1,11,-17,18.3,1,2015-16
22015,2747,JR Smith,1610612739,CLE,Cleveland Cavaliers,0021500922,2016-03-05,CLE vs. BOS,W,34,5,15,0.333,4,10,0.4,0,0,,0,3,3,3,0,0,0,1,14,3,22.1,1,2015-16
22015,202684,Tristan Thompson,1610612739,CLE,Cleveland Cavaliers,0021500922,2016-03-05,CLE vs. BOS,W,28,4,6,0.667,0,0,,4,5,0.8,4,1,5,0,1,0,3,3,12,15,18.0,1,2015-16
22015,202697,Iman Shumpert,1610612739,CLE,Cleveland Cavaliers,0021500922,2016-03-05,CLE vs. BOS,W,35,4,8,0.5,2,4,0.5,2,2,1.0,6,10,16,4,2,0,2,5,12,28,41.2,1,2015-16
22015,201569,Eric Gordon,1610612740,NOP,New Orleans Pelicans,0021500925,2016-03-05,NOP vs. UTA,L,11,3,4,0.75,1,1,1.0,0,0,,0,0,0,2,0,2,0,0,7,2,16.0,1,2015-16
22015,201950,Jrue Holiday,1610612740,NOP,New Orleans Pelicans,0021500925,2016-03-05,NOP vs. UTA,L,37,9,22,0.409,3,7,0.429,1,1,1.0,0,2,2,7,2,0,3,4,22,-8,37.9,1,2015-16
22015,201565,Derrick Rose,1610612741,CHI,Chicago Bulls,0021500927,2016-03-05,CHI vs. HOU,W,29,6,10,0.6,2,4,0.5,3,4,0.75,0,3,3,9,0,1,6,1,17,6,31.1,1,2015-16
22015,202703,Nikola Mirotic,1610612741,CHI,Chicago Bulls,0021500927,2016-03-05,CHI vs. HOU,W,16,2,5,0.4,2,3,0.667,1,2,0.5,0,2,2,1,1,0,1,2,7,0,12.9,1,2015-16
22015,203200,Justin Holiday,1610612741,CHI,Chicago Bulls,0021500927,2016-03-05,CHI vs. HOU,W,4,0,0,,0,0,,0,0,,0,1,1,0,0,0,0,0,0,-9,1.2,1,2015-16
22015,1626171,Bobby Portis,1610612741,CHI,Chicago Bulls,0021500927,2016-03-05,CHI vs. HOU,W,4,0,2,0.0,0,1,0.0,0,0,,1,0,1,1,0,0,1,1,0,-6,1.7,1,2015-16
22015,1891,Jason Terry,1610612745,HOU,Houston Rockets,0021500927,2016-03-05,HOU @ CHI,L,17,1,5,0.2,0,4,0.0,0,0,,0,1,1,1,2,1,0,1,2,-24,13.7,1,2015-16
22015,2730,Dwight Howard,1610612745,HOU,Houston Rockets,0021500927,2016-03-05,HOU @ CHI,L,34,3,9,0.333,0,0,,2,6,0.333,2,10,12,1,1,0,2,6,8,-11,24.9,1,2015-16
22015,2772,Trevor Ariza,1610612745,HOU,Houston Rockets,0021500927,2016-03-05,HOU @ CHI,L,40,4,13,0.308,1,8,0.125,2,2,1.0,0,3,3,3,4,1,1,1,11,-17,33.1,1,2015-16
22015,200755,JJ Redick,1610612746,LAC,LA Clippers,0021500929,2016-03-05,LAC vs. ATL,L,30,4,13,0.308,2,7,0.286,0,0,,0,2,2,1,0,0,3,2,10,-12,10.9,1,2015-16
22015,202962,Greg Smith,1610612750,MIN,Minnesota Timberwolves,0021500926,2016-03-05,MIN vs. BKN,W,17,3,3,1.0,0,0,,0,0,,1,3,4,1,0,1,0,2,6,-6,15.3,1,2015-16
22015,203940,Adreian Payne,1610612750,MIN,Minnesota Timberwolves,0021500926,2016-03-05,MIN vs. BKN,W,8,2,3,0.667,1,2,0.5,2,2,1.0,0,3,3,1,0,0,2,2,7,1,10.1,1,2015-16
22015,1626157,Karl-Anthony Towns,1610612750,MIN,Minnesota Timberwolves,0021500926,2016-03-05,MIN vs. BKN,W,38,14,18,0.778,0,0,,0,0,,2,4,6,7,2,3,4,4,28,13,56.7,1,2015-16
22015,202388,Donald Sloan,1610612751,BKN,Brooklyn Nets,0021500926,2016-03-05,BKN @ MIN,L,14,3,5,0.6,1,2,0.5,0,0,,0,0,0,2,0,0,4,3,7,-16,6.0,1,2015-16
22015,1626191,Chris McCullough,1610612751,BKN,Brooklyn Nets,0021500926,2016-03-05,BKN @ MIN,L,16,1,2,0.5,0,1,0.0,0,0,,2,3,5,1,0,0,0,2,2,3,9.5,1,2015-16
22015,202498,Lance Thomas,1610612752,NYK,New York Knicks,0021500923,2016-03-05,NYK vs. DET,W,24,2,8,0.25,0,2,0.0,0,0,,2,5,7,1,0,0,0,2,4,13,13.9,1,2015-16
22015,202682,Derrick Williams,1610612752,NYK,New York Knicks,0021500923,2016-03-05,NYK vs. DET,W,19,3,8,0.375,0,2,0.0,4,5,0.8,0,3,3,0,1,0,0,3,10,-5,16.6,1,2015-16
22015,1626170,Jerian Grant,1610612752,NYK,New York Knicks,0021500923,2016-03-05,NYK vs. DET,W,17,1,4,0.25,1,2,0.5,0,0,,0,1,1,2,1,0,1,0,3,5,9.2,1,2015-16
22015,2446,Rasual Butler,1610612759,SAS,San Antonio Spurs,0021500928,2016-03-05,SAS vs. SAC,W,1,0,0,,0,0,,0,0,,0,0,0,0,0,0,0,0,0,0,0.0,1,2015-16
22015,202324,Derrick Favors,1610612762,UTA,Utah Jazz,0021500925,2016-03-05,UTA @ NOP,W,35,11,19,0.579,0,0,,6,6,1.0,1,10,11,3,1,6,3,1,28,15,63.7,1,2015-16
22015,202693,Markieff Morris,1610612764,WAS,Washington Wizards,0021500924,2016-03-05,WAS vs. IND,L,32,6,11,0.545,1,1,1.0,1,2,0.5,3,5,8,0,1,0,1,0,14,0,25.6,1,2015-16
22015,203490,Otto Porter Jr.,1610612764,WAS,Washington Wizards,0021500924,2016-03-05,WAS vs. IND,L,20,3,6,0.5,0,1,0.0,0,0,,2,1,3,2,0,0,1,4,6,-6,11.6,1,2015-16
22015,203484,Kentavious Caldwell-Pope,1610612765,DET,Detroit Pistons,0021500923,2016-03-05,DET @ NYK,L,37,3,9,0.333,0,2,0.0,2,2,1.0,2,3,5,0,3,0,0,2,8,-5,23.0,1,2015-16
22015,200757,Thabo Sefolosha,1610612737,ATL,Atlanta Hawks,0021500929,2016-03-05,ATL @ LAC,W,30,1,5,0.2,1,3,0.333,0,2,0.0,1,7,8,2,1,1,1,3,3,2,20.6,1,2015-16
22015,201143,Al Horford,1610612737,ATL,Atlanta Hawks,0021500929,2016-03-05,ATL @ LAC,W,32,4,11,0.364,1,3,0.333,2,2,1.0,3,9,12,1,0,0,1,1,11,10,25.9,1,2015-16
22015,201952,Jeff Teague,1610612737,ATL,Atlanta Hawks,0021500929,2016-03-05,ATL @ LAC,W,29,8,15,0.533,3,4,0.75,3,3,1.0,1,5,6,7,1,0,2,5,22,17,40.7,1,2015-16
22015,203471,Dennis Schröder,1610612737,ATL,Atlanta Hawks,0021500929,2016-03-05,ATL @ LAC,W,19,6,10,0.6,0,0,,4,4,1.0,0,1,1,3,0,0,3,0,16,-7,18.7,1,2015-16
22015,203109,Jae Crowder,1610612738,BOS,Boston Celtics,0021500922,2016-03-05,BOS @ CLE,L,37,3,11,0.273,2,6,0.333,4,4,1.0,1,3,4,1,4,1,2,3,12,-5,31.3,1,2015-16
22015,203923,James Young,1610612738,BOS,Boston Celtics,0021500922,2016-03-05,BOS @ CLE,L,1,0,0,,0,0,,0,0,,0,0,0,0,0,0,0,0,0,-2,0.0,1,2015-16
22015,203935,Marcus Smart,1610612738,BOS,Boston Celtics,0021500922,2016-03-05,BOS @ CLE,L,21,1,4,0.25,1,2,0.5,0,0,,1,2,3,0,0,0,2,5,3,-14,4.6,1,2015-16
22015,1626179,Terry Rozier,1610612738,BOS,Boston Celtics,0021500922,2016-03-05,BOS @ CLE,L,1,0,1,0.0,0,0,,0,0,,0,0,0,0,0,0,0,0,0,-2,0.0,1,2015-16
22015,202389,Timofey Mozgov,1610612739,CLE,Cleveland Cavaliers,0021500922,2016-03-05,CLE vs. BOS,W,11,4,4,1.0,0,0,,2,2,1.0,0,3,3,0,0,0,1,1,10,-7,12.6,1,2015-16
22015,201583,Ryan Anderson,1610612740,NOP,New Orleans Pelicans,0021500925,2016-03-05,NOP vs. UTA,L,22,4,10,0.4,1,5,0.2,0,0,,0,2,2,2,1,0,1,0,9,-14,16.4,1,2015-16
22015,201600,Omer Asik,1610612740,NOP,New Orleans Pelicans,0021500925,2016-03-05,NOP vs. UTA,L,25,1,2,0.5,0,0,,2,2,1.0,2,4,6,1,0,1,0,2,4,12,15.7,1,2015-16
22015,203076,Anthony Davis,1610612740,NOP,New Orleans Pelicans,0021500925,2016-03-05,NOP vs. UTA,L,35,11,31,0.355,1,2,0.5,6,7,0.857,2,9,11,2,1,2,1,4,29,-5,53.2,1,2015-16
22015,202734,E'Twaun Moore,1610612741,CHI,Chicago Bulls,0021500927,2016-03-05,CHI vs. HOU,W,26,4,8,0.5,1,2,0.5,0,0,,0,3,3,2,1,0,1,4,9,-3,17.6,1,2015-16
22015,203926,Doug McDermott,1610612741,CHI,Chicago Bulls,0021500927,2016-03-05,CHI vs. HOU,W,22,3,9,0.333,1,3,0.333,0,0,,1,3,4,0,0,0,2,2,7,-18,9.8,1,2015-16
22015,201563,Michael Beasley,1610612745,HOU,Houston Rockets,0021500927,2016-03-05,HOU @ CHI,L,4,1,5,0.2,0,0,,0,0,,0,0,0,1,0,0,0,1,2,-8,3.5,1,2015-16
22015,2037,Jamal Crawford,1610612746,LAC,LA Clippers,0021500929,2016-03-05,LAC vs. ATL,L,29,2,7,0.286,0,1,0.0,1,1,1.0,0,3,3,1,1,0,2,1,5,-5,11.1,1,2015-16
22015,201145,Jeff Green,1610612746,LAC,LA Clippers,0021500929,2016-03-05,LAC vs. ATL,L,38,6,9,0.667,2,4,0.5,0,1,0.0,1,4,5,2,1,2,0,4,14,-11,32.0,1,2015-16
22015,201937,Ricky Rubio,1610612750,MIN,Minnesota Timberwolves,0021500926,2016-03-05,MIN vs. BKN,W,32,5,8,0.625,2,4,0.5,4,5,0.8,0,7,7,10,2,0,1,4,16,20,44.4,1,2015-16
22015,203498,Shabazz Muhammad,1610612750,MIN,Minnesota Timberwolves,0021500926,2016-03-05,MIN vs. BKN,W,19,4,8,0.5,0,0,,7,8,0.875,1,1,2,2,1,0,0,2,15,-3,23.4,1,2015-16
22015,204014,Damjan Rudez,1610612750,MIN,Minnesota Timberwolves,0021500926,2016-03-05,MIN vs. BKN,W,2,0,0,,0,0,,0,0,,0,0,0,0,0,0,0,0,0,0,0.0,1,2015-16
22015,202711,Bojan Bogdanovic,1610612751,BKN,Brooklyn Nets,0021500926,2016-03-05,BKN @ MIN,L,24,4,11,0.364,0,3,0.0,0,0,,0,1,1,2,0,0,2,1,8,-24,10.2,1,2015-16
22015,203186,Willie Reed,1610612751,BKN,Brooklyn Nets,0021500926,2016-03-05,BKN @ MIN,L,32,5,11,0.455,0,0,,4,5,0.8,5,3,8,3,0,4,0,2,14,-16,40.1,1,2015-16
22015,203900,Markel Brown,1610612751,BKN,Brooklyn Nets,0021500926,2016-03-05,BKN @ MIN,L,29,8,16,0.5,3,9,0.333,4,4,1.0,1,0,1,1,1,0,0,4,23,2,28.7,1,2015-16
22015,2756,Sasha Vujacic,1610612752,NYK,New York Knicks,0021500923,2016-03-05,NYK vs. DET,W,1,0,0,,0,0,,0,0,,0,0,0,0,0,0,0,0,0,-2,0.0,1,2015-16
22015,201577,Robin Lopez,1610612752,NYK,New York Knicks,0021500923,2016-03-05,NYK vs. DET,W,32,9,12,0.75,0,0,,3,3,1.0,4,5,9,2,0,1,4,2,21,12,33.8,1,2015-16
22015,202730,Lavoy Allen,1610612754,IND,Indiana Pacers,0021500924,2016-03-05,IND @ WAS,W,26,0,1,0.0,0,0,,2,2,1.0,1,4,5,0,0,0,0,5,2,4,8.0,1,2015-16
22015,203524,Solomon Hill,1610612754,IND,Indiana Pacers,0021500924,2016-03-05,IND @ WAS,W,22,1,3,0.333,0,2,0.0,1,2,0.5,2,1,3,1,2,2,1,3,3,8,19.1,1,2015-16
22015,200765,Rajon Rondo,1610612758,SAC,Sacramento Kings,0021500928,2016-03-05,SAC @ SAS,L,36,4,9,0.444,1,1,1.0,0,0,,0,1,1,8,2,0,6,2,9,-15,22.2,1,2015-16
22015,202326,DeMarcus Cousins,1610612758,SAC,Sacramento Kings,0021500928,2016-03-05,SAC @ SAS,L,36,10,20,0.5,1,3,0.333,10,15,0.667,3,6,9,3,1,0,4,5,31,-10,45.3,1,2015-16
22015,2564,Boris Diaw,1610612759,SAS,San Antonio Spurs,0021500928,2016-03-05,SAS vs. SAC,W,30,5,9,0.556,1,3,0.333,0,0,,1,2,3,6,2,2,6,4,11,0,29.6,1,2015-16
22015,201988,Patty Mills,1610612759,SAS,San Antonio Spurs,0021500928,2016-03-05,SAS vs. SAC,W,24,3,8,0.375,3,6,0.5,0,0,,1,3,4,3,0,0,2,2,9,-1,16.3,1,2015-16
22015,203497,Rudy Gobert,1610612762,UTA,Utah Jazz,0021500925,2016-03-05,UTA @ NOP,W,36,2,6,0.333,0,0,,1,2,0.5,6,12,18,2,0,2,3,2,5,-2,32.6,1,2015-16
22015,204060,Joe Ingles,1610612762,UTA,Utah Jazz,0021500925,2016-03-05,UTA @ NOP,W,20,2,5,0.4,1,4,0.25,0,0,,0,2,2,4,0,0,1,1,5,24,12.4,1,2015-16
22015,2581,Steve Blake,1610612765,DET,Detroit Pistons,0021500923,2016-03-05,DET @ NYK,L,20,5,8,0.625,3,5,0.6,0,0,,0,4,4,2,0,0,1,1,13,-4,19.8,1,2015-16
22015,203382,Aron Baynes,1610612765,DET,Detroit Pistons,0021500923,2016-03-05,DET @ NYK,L,12,3,4,0.75,0,0,,0,0,,2,1,3,0,0,0,1,1,6,-3,8.6,1,2015-16
22015,203145,Kent Bazemore,1610612737,ATL,Atlanta Hawks,0021500929,2016-03-05,ATL @ LAC,W,31,5,11,0.455,2,5,0.4,5,5,1.0,0,5,5,2,1,2,3,3,17,12,32.0,1,2015-16
22015,203501,Tim Hardaway Jr.,1610612737,ATL,Atlanta Hawks,0021500929,2016-03-05,ATL @ LAC,W,8,1,3,0.333,0,1,0.0,0,0,,0,0,0,1,0,0,0,0,2,-10,3.5,1,2015-16
22015,101161,Amir Johnson,1610612738,BOS,Boston Celtics,0021500922,2016-03-05,BOS @ CLE,L,17,3,4,0.75,0,0,,2,5,0.4,0,1,1,1,0,0,1,3,8,2,9.7,1,2015-16
22015,203092,Tyler Zeller,1610612738,BOS,Boston Celtics,0021500922,2016-03-05,BOS @ CLE,L,17,2,4,0.5,0,0,,4,4,1.0,0,3,3,0,1,0,1,1,8,-18,13.6,1,2015-16
22015,201962,Toney Douglas,1610612740,NOP,New Orleans Pelicans,0021500925,2016-03-05,NOP vs. UTA,L,19,3,8,0.375,3,4,0.75,0,0,,0,1,1,0,0,0,0,3,9,-15,10.2,1,2015-16
22015,202087,Alonzo Gee,1610612740,NOP,New Orleans Pelicans,0021500925,2016-03-05,NOP vs. UTA,L,18,2,2,1.0,0,0,,0,1,0.0,1,1,2,3,0,0,0,3,4,-18,10.9,1,2015-16
22015,202337,Luke Babbitt,1610612740,NOP,New Orleans Pelicans,0021500925,2016-03-05,NOP vs. UTA,L,1,0,0,,0,0,,0,0,,0,0,0,0,0,0,0,0,0,0,0.0,1,2015-16
22015,201959,Taj Gibson,1610612741,CHI,Chicago Bulls,0021500927,2016-03-05,CHI vs. HOU,W,38,2,7,0.286,0,0,,0,0,,4,3,7,2,2,1,0,0,4,16,24.4,1,2015-16
22015,201935,James Harden,1610612745,HOU,Houston Rockets,0021500927,2016-03-05,HOU @ CHI,L,40,10,26,0.385,4,12,0.333,12,14,0.857,1,4,5,8,0,0,9,5,36,-2,45.0,1,2015-16
22015,201976,Patrick Beverley,1610612745,HOU,Houston Rockets,0021500927,2016-03-05,HOU @ CHI,L,31,4,8,0.5,2,4,0.5,0,0,,0,2,2,4,4,0,1,3,10,16,29.4,1,2015-16
22015,201599,DeAndre Jordan,1610612746,LAC,LA Clippers,0021500929,2016-03-05,LAC vs. ATL,L,33,5,7,0.714,0,0,,7,17,0.412,2,9,11,2,4,5,3,2,17,-9,57.2,1,2015-16
22015,203897,Zach LaVine,1610612750,MIN,Minnesota Timberwolves,0021500926,2016-03-05,MIN vs. BKN,W,37,9,12,0.75,3,5,0.6,0,0,,0,0,0,4,2,0,1,1,21,15,32.0,1,2015-16
22015,201961,Wayne Ellington,1610612751,BKN,Brooklyn Nets,0021500926,2016-03-05,BKN @ MIN,L,19,4,8,0.5,1,2,0.5,0,0,,0,0,0,0,0,0,0,0,9,-16,9.0,1,2015-16
22015,203080,Thomas Robinson,1610612751,BKN,Brooklyn Nets,0021500926,2016-03-05,BKN @ MIN,L,40,7,14,0.5,0,0,,4,10,0.4,7,10,17,5,4,0,6,4,18,-11,51.9,1,2015-16
22015,203508,Sergey Karasev,1610612751,BKN,Brooklyn Nets,0021500926,2016-03-05,BKN @ MIN,L,6,0,0,,0,0,,0,0,,0,0,0,0,0,0,0,1,0,2,0.0,1,2015-16
22015,2546,Carmelo Anthony,1610612752,NYK,New York Knicks,0021500923,2016-03-05,NYK vs. DET,W,41,11,19,0.579,1,4,0.25,1,2,0.5,0,10,10,6,1,1,2,2,24,10,49.0,1,2015-16
22015,201167,Arron Afflalo,1610612752,NYK,New York Knicks,0021500923,2016-03-05,NYK vs. DET,W,42,9,12,0.75,1,2,0.5,1,2,0.5,0,7,7,3,0,0,1,1,20,18,31.9,1,2015-16
22015,101145,Monta Ellis,1610612754,IND,Indiana Pacers,0021500924,2016-03-05,IND @ WAS,W,38,8,20,0.4,1,6,0.167,0,0,,0,6,6,4,4,0,0,2,17,-2,42.2,1,2015-16
22015,200752,Rudy Gay,1610612758,SAC,Sacramento Kings,0021500928,2016-03-05,SAC @ SAS,L,34,4,7,0.571,1,2,0.5,0,1,0.0,1,3,4,1,2,2,2,3,9,0,25.3,1,2015-16
22015,201158,Marco Belinelli,1610612758,SAC,Sacramento Kings,0021500928,2016-03-05,SAC @ SAS,L,23,3,11,0.273,1,3,0.333,0,0,,1,2,3,1,2,0,2,0,7,8,16.1,1,2015-16
22015,202695,Kawhi Leonard,1610612759,SAS,San Antonio Spurs,0021500928,2016-03-05,SAS vs. SAC,W,36,9,24,0.375,1,5,0.2,6,7,0.857,5,8,13,6,1,1,4,1,25,5,51.6,1,2015-16
22015,203937,Kyle Anderson,1610612759,SAS,San Antonio Spurs,0021500928,2016-03-05,SAS vs. SAC,W,28,2,3,0.667,0,1,0.0,0,0,,1,6,7,2,1,1,2,0,4,7,19.4,1,2015-16
22015,202330,Gordon Hayward,1610612762,UTA,Utah Jazz,0021500925,2016-03-05,UTA @ NOP,W,37,8,16,0.5,2,7,0.286,6,6,1.0,0,5,5,4,1,0,2,1,24,9,37.0,1,2015-16
22015,2403,Nene,1610612764,WAS,Washington Wizards,0021500924,2016-03-05,WAS vs. IND,L,15,4,5,0.8,0,0,,2,6,0.333,0,0,0,0,1,0,0,1,10,-6,13.0,1,2015-16
22015,201162,Jared Dudley,1610612764,WAS,Washington Wizards,0021500924,2016-03-05,WAS vs. IND,L,16,1,3,0.333,0,0,,0,0,,1,2,3,0,1,0,1,2,2,-1,7.6,1,2015-16
22015,203493,Reggie Bullock Jr.,1610612765,DET,Detroit Pistons,0021500923,2016-03-05,DET @ NYK,L,24,3,6,0.5,2,4,0.5,0,0,,0,3,3,3,1,0,0,2,8,0,19.1,1,2015-16
22015,202340,Avery Bradley,1610612738,BOS,Boston Celtics,0021500922,2016-03-05,BOS @ CLE,L,37,4,12,0.333,2,6,0.333,2,2,1.0,0,4,4,5,1,0,5,2,12,-18,22.3,1,2015-16
22015,202738,Isaiah Thomas,1610612738,BOS,Boston Celtics,0021500922,2016-03-05,BOS @ CLE,L,34,9,15,0.6,4,6,0.667,5,8,0.625,1,2,3,4,1,0,0,0,27,4,39.6,1,2015-16
22015,2544,LeBron James,1610612739,CLE,Cleveland Cavaliers,0021500922,2016-03-05,CLE vs. BOS,W,36,11,20,0.55,1,4,0.25,5,9,0.556,4,7,11,8,2,1,4,2,28,4,58.2,1,2015-16
22015,203124,Kyle O'Quinn,1610612752,NYK,New York Knicks,0021500923,2016-03-05,NYK vs. DET,W,16,5,8,0.625,0,0,,0,0,,2,2,4,0,0,3,2,2,10,1,21.8,1,2015-16
22015,201956,Omri Casspi,1610612758,SAC,Sacramento Kings,0021500928,2016-03-05,SAC @ SAS,L,21,3,10,0.3,0,4,0.0,0,0,,1,3,4,0,3,1,2,2,6,-7,20.8,1,2015-16
22015,203463,Ben McLemore,1610612758,SAC,Sacramento Kings,0021500928,2016-03-05,SAC @ SAS,L,15,1,5,0.2,0,1,0.0,1,1,1.0,0,2,2,0,0,0,1,1,3,-11,4.4,1,2015-16
22015,1889,Andre Miller,1610612759,SAS,San Antonio Spurs,0021500928,2016-03-05,SAS vs. SAC,W,7,2,2,1.0,0,0,,0,0,,0,0,0,0,0,0,1,1,4,-7,3.0,1,2015-16
22015,1938,Manu Ginobili,1610612759,SAS,San Antonio Spurs,0021500928,2016-03-05,SAS vs. SAC,W,15,8,11,0.727,1,3,0.333,5,5,1.0,1,0,1,1,0,0,1,3,22,10,23.7,1,2015-16
22015,101114,Deron Williams,1610612742,DAL,Dallas Mavericks,0021500933,2016-03-06,DAL @ DEN,L,40,6,10,0.6,3,4,0.75,2,2,1.0,0,3,3,5,3,0,4,2,17,-17,33.1,1,2015-16
22015,202718,Chandler Parsons,1610612742,DAL,Dallas Mavericks,0021500933,2016-03-06,DAL @ DEN,L,39,4,12,0.333,1,5,0.2,2,4,0.5,0,11,11,5,0,0,2,3,11,-11,29.7,1,2015-16
22015,2034,Mike Miller,1610612743,DEN,Denver Nuggets,0021500933,2016-03-06,DEN vs. DAL,W,9,1,2,0.5,1,2,0.5,0,0,,0,0,0,2,1,0,0,1,3,-6,9.0,1,2015-16
22015,203914,Gary Harris,1610612743,DEN,Denver Nuggets,0021500933,2016-03-06,DEN vs. DAL,W,44,7,13,0.538,1,3,0.333,1,1,1.0,1,2,3,3,2,0,2,0,16,14,28.1,1,2015-16
22015,201575,Brandon Rush,1610612744,GSW,Golden State Warriors,0021500931,2016-03-06,GSW @ LAL,L,21,2,4,0.5,0,1,0.0,1,2,0.5,1,3,4,0,0,1,1,2,5,-8,11.8,1,2015-16
22015,201578,Marreese Speights,1610612744,GSW,Golden State Warriors,0021500931,2016-03-06,GSW @ LAL,L,11,1,5,0.2,0,0,,0,0,,2,1,3,1,0,1,1,0,2,-4,9.1,1,2015-16
22015,201939,Stephen Curry,1610612744,GSW,Golden State Warriors,0021500931,2016-03-06,GSW @ LAL,L,34,6,20,0.3,1,10,0.1,5,5,1.0,1,5,6,4,1,0,4,2,18,-8,30.2,1,2015-16
22015,203084,Harrison Barnes,1610612744,GSW,Golden State Warriors,0021500931,2016-03-06,GSW @ LAL,L,29,2,8,0.25,0,4,0.0,1,1,1.0,1,4,5,0,0,0,1,1,5,-9,10.0,1,2015-16
22015,2730,Dwight Howard,1610612745,HOU,Houston Rockets,0021500936,2016-03-06,HOU @ TOR,W,38,9,12,0.75,0,0,,3,4,0.75,1,10,11,1,1,2,2,6,21,-6,42.7,1,2015-16
22015,202700,Donatas Motiejunas,1610612745,HOU,Houston Rockets,0021500936,2016-03-06,HOU @ TOR,W,20,1,5,0.2,0,2,0.0,2,4,0.5,1,4,5,1,0,0,2,2,4,-18,9.5,1,2015-16
22015,201609,Goran Dragic,1610612748,MIA,Miami Heat,0021500935,2016-03-06,MIA vs. PHI,W,38,9,15,0.6,3,4,0.75,2,2,1.0,1,7,8,5,0,0,3,4,23,-3,37.1,1,2015-16
22015,203507,Giannis Antetokounmpo,1610612749,MIL,Milwaukee Bucks,0021500930,2016-03-06,MIL vs. OKC,L,42,8,20,0.4,0,2,0.0,10,11,0.909,2,10,12,10,3,4,2,3,26,-9,74.4,1,2015-16
22015,201171,Carl Landry,1610612755,PHI,Philadelphia 76ers,0021500935,2016-03-06,PHI @ MIA,L,26,8,16,0.5,0,0,,2,6,0.333,5,2,7,0,1,0,0,3,18,-21,29.4,1,2015-16
22015,203924,Jerami Grant,1610612755,PHI,Philadelphia 76ers,0021500935,2016-03-06,PHI @ MIA,L,37,3,8,0.375,0,1,0.0,0,0,,2,6,8,2,0,2,1,4,6,-9,23.6,1,2015-16
22015,2199,Tyson Chandler,1610612756,PHX,Phoenix Suns,0021500932,2016-03-06,PHX @ MEM,W,33,8,11,0.727,0,0,,0,0,,2,8,10,0,0,0,1,1,16,12,27.0,1,2015-16
22015,202720,Jon Leuer,1610612756,PHX,Phoenix Suns,0021500932,2016-03-06,PHX @ MEM,W,12,1,1,1.0,0,0,,2,2,1.0,0,4,4,2,0,0,0,4,4,2,11.8,1,2015-16
22015,203458,Alex Len,1610612756,PHX,Phoenix Suns,0021500932,2016-03-06,PHX @ MEM,W,34,5,12,0.417,0,0,,9,13,0.692,5,11,16,6,1,2,3,2,19,4,53.2,1,2015-16
22015,1626164,Devin Booker,1610612756,PHX,Phoenix Suns,0021500932,2016-03-06,PHX @ MEM,W,43,8,17,0.471,4,11,0.364,7,7,1.0,0,2,2,9,1,1,3,2,27,9,45.9,1,2015-16
22015,203459,Allen Crabbe,1610612757,POR,Portland Trail Blazers,0021500934,2016-03-06,POR @ DET,L,24,2,5,0.4,0,0,,2,2,1.0,0,1,1,2,1,0,0,1,6,-7,13.2,1,2015-16
22015,201142,Kevin Durant,1610612760,OKC,Oklahoma City Thunder,0021500930,2016-03-06,OKC @ MIL,W,40,6,14,0.429,4,9,0.444,16,18,0.889,1,12,13,8,2,1,5,2,32,10,63.6,1,2015-16
22015,201586,Serge Ibaka,1610612760,OKC,Oklahoma City Thunder,0021500930,2016-03-06,OKC @ MIL,W,35,5,12,0.417,1,4,0.25,2,4,0.5,1,2,3,0,0,2,2,2,13,13,20.6,1,2015-16
22015,201627,Anthony Morrow,1610612760,OKC,Oklahoma City Thunder,0021500930,2016-03-06,OKC @ MIL,W,0,0,0,,0,0,,0,0,,0,0,0,0,0,0,0,0,0,2,0.0,1,2015-16
22015,201949,James Johnson,1610612761,TOR,Toronto Raptors,0021500936,2016-03-06,TOR vs. HOU,L,27,3,6,0.5,2,5,0.4,0,0,,0,1,1,4,1,2,3,4,8,-2,21.2,1,2015-16
22015,201596,Mario Chalmers,1610612763,MEM,Memphis Grizzlies,0021500932,2016-03-06,MEM vs. PHX,L,29,4,13,0.308,1,4,0.25,5,5,1.0,1,0,1,3,2,0,1,3,14,1,24.7,1,2015-16
22015,202699,Tobias Harris,1610612765,DET,Detroit Pistons,0021500934,2016-03-06,DET vs. POR,W,39,7,12,0.583,2,3,0.667,0,0,,0,5,5,5,2,0,4,4,16,29,31.5,1,2015-16
22015,202704,Reggie Jackson,1610612765,DET,Detroit Pistons,0021500934,2016-03-06,DET vs. POR,W,34,11,19,0.579,1,4,0.25,7,7,1.0,0,1,1,9,2,0,1,3,30,25,49.7,1,2015-16
22015,202083,Wesley Matthews,1610612742,DAL,Dallas Mavericks,0021500933,2016-03-06,DAL @ DEN,L,41,3,13,0.231,3,9,0.333,3,3,1.0,0,4,4,3,2,0,1,3,12,-10,26.3,1,2015-16
22015,201571,D.J. Augustin,1610612743,DEN,Denver Nuggets,0021500933,2016-03-06,DEN vs. DAL,W,27,3,10,0.3,3,5,0.6,3,4,0.75,0,1,1,4,0,0,1,1,12,-7,18.2,1,2015-16
22015,201589,Darrell Arthur,1610612743,DEN,Denver Nuggets,0021500933,2016-03-06,DEN vs. DAL,W,9,1,3,0.333,0,0,,0,0,,1,0,1,1,0,0,0,2,2,-4,4.7,1,2015-16
22015,101106,Andrew Bogut,1610612744,GSW,Golden State Warriors,0021500931,2016-03-06,GSW @ LAL,L,20,2,4,0.5,0,0,,0,0,,3,4,7,7,2,0,0,1,4,-1,28.9,1,2015-16
22015,202691,Klay Thompson,1610612744,GSW,Golden State Warriors,0021500931,2016-03-06,GSW @ LAL,L,30,7,20,0.35,0,8,0.0,1,1,1.0,1,3,4,2,2,0,1,0,15,-9,27.8,1,2015-16
22015,203110,Draymond Green,1610612744,GSW,Golden State Warriors,0021500931,2016-03-06,GSW @ LAL,L,33,2,7,0.286,1,3,0.333,4,4,1.0,0,10,10,9,0,1,7,5,9,-9,30.5,1,2015-16
22015,2772,Trevor Ariza,1610612745,HOU,Houston Rockets,0021500936,2016-03-06,HOU @ TOR,W,41,5,8,0.625,3,5,0.6,0,0,,0,1,1,2,3,0,2,2,13,12,24.2,1,2015-16
22015,201147,Corey Brewer,1610612745,HOU,Houston Rockets,0021500936,2016-03-06,HOU @ TOR,W,29,9,19,0.474,5,9,0.556,0,0,,2,2,4,3,0,0,2,0,23,19,30.3,1,2015-16
22015,201976,Patrick Beverley,1610612745,HOU,Houston Rockets,0021500936,2016-03-06,HOU @ TOR,W,41,2,8,0.25,2,5,0.4,1,2,0.5,1,6,7,3,3,0,1,5,7,1,27.9,1,2015-16
22015,1626149,Montrezl Harrell,1610612745,HOU,Houston Rockets,0021500936,2016-03-06,HOU @ TOR,W,4,0,1,0.0,0,0,,0,0,,1,0,1,0,0,0,0,1,0,-3,1.2,1,2015-16
22015,1897,Metta World Peace,1610612747,LAL,Los Angeles Lakers,0021500931,2016-03-06,LAL vs. GSW,W,1,0,0,,0,0,,0,0,,0,0,0,0,1,0,0,0,0,-3,3.0,1,2015-16
22015,201156,Nick Young,1610612747,LAL,Los Angeles Lakers,0021500931,2016-03-06,LAL vs. GSW,W,22,3,8,0.375,2,5,0.4,5,5,1.0,0,2,2,2,1,0,1,5,13,6,20.4,1,2015-16
22015,203903,Jordan Clarkson,1610612747,LAL,Los Angeles Lakers,0021500931,2016-03-06,LAL vs. GSW,W,37,10,21,0.476,4,7,0.571,1,1,1.0,2,2,4,0,2,0,2,4,25,11,33.8,1,2015-16
22015,2548,Dwyane Wade,1610612748,MIA,Miami Heat,0021500935,2016-03-06,MIA vs. PHI,W,31,5,15,0.333,0,0,,13,14,0.929,0,3,3,3,2,0,1,2,23,22,36.1,1,2015-16
22015,201573,Jerryd Bayless,1610612749,MIL,Milwaukee Bucks,0021500930,2016-03-06,MIL vs. OKC,L,32,2,4,0.5,1,3,0.333,7,8,0.875,2,4,6,1,0,0,2,4,12,-4,18.7,1,2015-16
22015,203101,Miles Plumlee,1610612749,MIL,Milwaukee Bucks,0021500930,2016-03-06,MIL vs. OKC,L,18,1,2,0.5,0,0,,0,0,,3,2,5,0,0,1,1,1,2,-10,10.0,1,2015-16
22015,203953,Jabari Parker,1610612749,MIL,Milwaukee Bucks,0021500930,2016-03-06,MIL vs. OKC,L,36,12,23,0.522,0,2,0.0,2,3,0.667,0,5,5,4,2,1,1,3,26,10,46.0,1,2015-16
22015,203477,Isaiah Canaan,1610612755,PHI,Philadelphia 76ers,0021500935,2016-03-06,PHI @ MIA,L,33,6,15,0.4,4,12,0.333,1,1,1.0,1,2,3,4,0,0,0,5,17,7,26.6,1,2015-16
22015,203496,Robert Covington,1610612755,PHI,Philadelphia 76ers,0021500935,2016-03-06,PHI @ MIA,L,34,3,10,0.3,1,4,0.25,2,3,0.667,2,7,9,4,1,2,2,6,9,-23,32.8,1,2015-16
22015,203148,Brian Roberts,1610612757,POR,Portland Trail Blazers,0021500934,2016-03-06,POR @ DET,L,3,0,1,0.0,0,1,0.0,1,2,0.5,0,0,0,0,0,0,0,0,1,1,1.0,1,2015-16
22015,203943,Noah Vonleh,1610612757,POR,Portland Trail Blazers,0021500934,2016-03-06,POR @ DET,L,13,1,2,0.5,0,0,,0,0,,0,3,3,1,0,0,0,0,2,-14,7.1,1,2015-16
22015,200751,Randy Foye,1610612760,OKC,Oklahoma City Thunder,0021500930,2016-03-06,OKC @ MIL,W,15,0,4,0.0,0,3,0.0,0,0,,1,0,1,2,0,0,1,3,0,-7,3.2,1,2015-16
22015,202683,Enes Freedom,1610612760,OKC,Oklahoma City Thunder,0021500930,2016-03-06,OKC @ MIL,W,19,7,9,0.778,0,1,0.0,4,5,0.8,4,8,12,0,0,1,2,1,18,-6,33.4,1,2015-16
22015,202362,Lance Stephenson,1610612763,MEM,Memphis Grizzlies,0021500932,2016-03-06,MEM vs. PHX,L,24,4,11,0.364,1,3,0.333,4,4,1.0,1,4,5,2,1,0,1,0,13,-7,24.0,1,2015-16
22015,2585,Zaza Pachulia,1610612742,DAL,Dallas Mavericks,0021500933,2016-03-06,DAL @ DEN,L,10,2,5,0.4,0,0,,0,0,,0,2,2,0,0,1,0,2,4,-5,9.4,1,2015-16
22015,2734,Devin Harris,1610612742,DAL,Dallas Mavericks,0021500933,2016-03-06,DAL @ DEN,L,19,1,4,0.25,1,3,0.333,1,2,0.5,2,2,4,3,0,1,0,0,4,21,16.3,1,2015-16
22015,200826,J.J. Barea,1610612742,DAL,Dallas Mavericks,0021500933,2016-03-06,DAL @ DEN,L,25,6,13,0.462,3,7,0.429,0,0,,1,0,1,4,0,0,3,0,15,-1,19.2,1,2015-16
22015,203999,Nikola Jokić,1610612743,DEN,Denver Nuggets,0021500933,2016-03-06,DEN vs. DAL,W,21,4,11,0.364,0,2,0.0,5,5,1.0,2,10,12,3,2,1,3,4,13,9,37.9,1,2015-16
22015,2733,Shaun Livingston,1610612744,GSW,Golden State Warriors,0021500931,2016-03-06,GSW @ LAL,L,15,3,3,1.0,0,0,,2,2,1.0,3,0,3,3,0,0,2,2,8,-11,14.1,1,2015-16
22015,203991,Clint Capela,1610612745,HOU,Houston Rockets,0021500936,2016-03-06,HOU @ TOR,W,10,1,2,0.5,0,0,,3,8,0.375,2,1,3,1,0,2,0,1,5,11,16.1,1,2015-16
22015,977,Kobe Bryant,1610612747,LAL,Los Angeles Lakers,0021500931,2016-03-06,LAL vs. GSW,W,24,4,14,0.286,0,5,0.0,4,4,1.0,0,2,2,3,0,0,3,2,12,14,15.9,1,2015-16
22015,101138,Brandon Bass,1610612747,LAL,Los Angeles Lakers,0021500931,2016-03-06,LAL vs. GSW,W,27,5,7,0.714,0,0,,3,4,0.75,3,4,7,1,0,3,0,2,13,16,31.9,1,2015-16
22015,1626156,D'Angelo Russell,1610612747,LAL,Los Angeles Lakers,0021500931,2016-03-06,LAL vs. GSW,W,32,6,14,0.429,3,7,0.429,6,6,1.0,0,3,3,5,4,0,2,0,21,8,42.1,1,2015-16
22015,2405,Amar'e Stoudemire,1610612748,MIA,Miami Heat,0021500935,2016-03-06,MIA vs. PHI,W,17,1,6,0.167,0,0,,0,0,,1,5,6,0,0,2,1,2,2,11,14.2,1,2015-16
22015,1626173,Rashad Vaughn,1610612749,MIL,Milwaukee Bucks,0021500930,2016-03-06,MIL vs. OKC,L,11,0,4,0.0,0,3,0.0,0,0,,0,0,0,0,0,0,0,2,0,-1,0.0,1,2015-16
22015,1626158,Richaun Holmes,1610612755,PHI,Philadelphia 76ers,0021500935,2016-03-06,PHI @ MIA,L,15,2,6,0.333,0,1,0.0,3,4,0.75,1,0,1,0,1,3,1,0,7,7,19.2,1,2015-16
22015,203141,Mirza Teletovic,1610612756,PHX,Phoenix Suns,0021500932,2016-03-06,PHX @ MEM,W,20,6,11,0.545,4,7,0.571,2,2,1.0,0,1,1,0,0,0,0,2,18,-4,19.2,1,2015-16
22015,203515,Phil Pressey,1610612756,PHX,Phoenix Suns,0021500932,2016-03-06,PHX @ MEM,W,5,0,0,,0,0,,0,0,,0,0,0,1,0,0,0,1,0,2,1.5,1,2015-16
22015,2549,Chris Kaman,1610612757,POR,Portland Trail Blazers,0021500934,2016-03-06,POR @ DET,L,3,1,1,1.0,1,1,1.0,0,0,,0,1,1,1,0,0,0,0,3,1,5.7,1,2015-16
22015,202334,Ed Davis,1610612757,POR,Portland Trail Blazers,0021500934,2016-03-06,POR @ DET,L,9,0,1,0.0,0,0,,0,0,,1,1,2,0,1,0,0,1,0,-9,5.4,1,2015-16
22015,203086,Meyers Leonard,1610612757,POR,Portland Trail Blazers,0021500934,2016-03-06,POR @ DET,L,23,3,7,0.429,1,4,0.25,3,3,1.0,1,3,4,1,1,0,2,4,10,5,17.3,1,2015-16
22015,203468,CJ McCollum,1610612757,POR,Portland Trail Blazers,0021500934,2016-03-06,POR @ DET,L,36,9,15,0.6,2,4,0.5,2,2,1.0,0,2,2,5,2,0,1,3,22,-6,36.9,1,2015-16
22015,201566,Russell Westbrook,1610612760,OKC,Oklahoma City Thunder,0021500930,2016-03-06,OKC @ MIL,W,39,3,7,0.429,1,3,0.333,8,11,0.727,2,8,10,11,1,1,7,4,15,15,42.5,1,2015-16
22015,202713,Kyle Singler,1610612760,OKC,Oklahoma City Thunder,0021500930,2016-03-06,OKC @ MIL,W,23,3,7,0.429,0,1,0.0,1,1,1.0,0,1,1,0,1,1,1,1,7,3,13.2,1,2015-16
22015,2449,Luis Scola,1610612761,TOR,Toronto Raptors,0021500936,2016-03-06,TOR vs. HOU,L,20,9,13,0.692,2,4,0.5,1,2,0.5,1,2,3,0,1,0,1,3,21,7,26.6,1,2015-16
22015,200768,Kyle Lowry,1610612761,TOR,Toronto Raptors,0021500936,2016-03-06,TOR vs. HOU,L,38,5,10,0.5,4,7,0.571,3,5,0.6,1,3,4,9,3,0,3,3,17,-2,41.3,1,2015-16
22015,201942,DeMar DeRozan,1610612761,TOR,Toronto Raptors,0021500936,2016-03-06,TOR vs. HOU,L,34,4,10,0.4,0,1,0.0,11,14,0.786,1,5,6,7,2,0,5,4,19,-6,37.7,1,2015-16
22015,202709,Cory Joseph,1610612761,TOR,Toronto Raptors,0021500936,2016-03-06,TOR vs. HOU,L,25,3,8,0.375,1,4,0.25,2,2,1.0,0,5,5,3,0,0,1,2,9,-15,18.5,1,2015-16
22015,203082,Terrence Ross,1610612761,TOR,Toronto Raptors,0021500936,2016-03-06,TOR vs. HOU,L,16,3,10,0.3,1,5,0.2,2,2,1.0,0,2,2,1,1,0,0,1,9,0,15.9,1,2015-16
22015,1713,Vince Carter,1610612763,MEM,Memphis Grizzlies,0021500932,2016-03-06,MEM vs. PHX,L,23,1,5,0.2,1,2,0.5,2,2,1.0,0,4,4,0,1,0,1,4,5,-2,11.8,1,2015-16
22015,2365,Chris Andersen,1610612763,MEM,Memphis Grizzlies,0021500932,2016-03-06,MEM vs. PHX,L,9,1,1,1.0,0,0,,0,0,,4,1,5,0,0,0,1,0,2,2,7.0,1,2015-16
22015,2440,Matt Barnes,1610612763,MEM,Memphis Grizzlies,0021500932,2016-03-06,MEM vs. PHX,L,33,6,11,0.545,4,6,0.667,1,2,0.5,0,5,5,3,0,2,1,4,17,1,32.5,1,2015-16
22015,201202,Joel Anthony,1610612765,DET,Detroit Pistons,0021500934,2016-03-06,DET vs. POR,W,1,0,0,,0,0,,0,0,,0,0,0,0,0,0,0,0,0,0,0.0,1,2015-16
22015,202694,Marcus Morris Sr.,1610612765,DET,Detroit Pistons,0021500934,2016-03-06,DET vs. POR,W,34,5,14,0.357,2,4,0.5,7,9,0.778,1,2,3,0,0,0,2,1,19,5,20.6,1,2015-16
22015,203484,Kentavious Caldwell-Pope,1610612765,DET,Detroit Pistons,0021500934,2016-03-06,DET vs. POR,W,37,4,12,0.333,1,3,0.333,7,8,0.875,2,5,7,2,1,0,0,4,16,22,30.4,1,2015-16
22015,101109,Raymond Felton,1610612742,DAL,Dallas Mavericks,0021500933,2016-03-06,DAL @ DEN,L,30,1,8,0.125,0,4,0.0,1,2,0.5,1,1,2,5,0,0,0,2,3,12,12.9,1,2015-16
22015,101111,Charlie Villanueva,1610612742,DAL,Dallas Mavericks,0021500933,2016-03-06,DAL @ DEN,L,2,0,1,0.0,0,1,0.0,0,0,,0,1,1,0,0,1,0,0,0,2,4.2,1,2015-16
22015,1626257,Salah Mejri,1610612742,DAL,Dallas Mavericks,0021500933,2016-03-06,DAL @ DEN,L,1,0,0,,0,0,,0,0,,0,0,0,0,0,0,0,1,0,-3,0.0,1,2015-16
22015,202702,Kenneth Faried,1610612743,DEN,Denver Nuggets,0021500933,2016-03-06,DEN vs. DAL,W,36,11,18,0.611,0,0,,3,6,0.5,11,9,20,1,1,1,0,2,25,17,56.5,1,2015-16
22015,203960,JaKarr Sampson,1610612743,DEN,Denver Nuggets,0021500933,2016-03-06,DEN vs. DAL,W,23,3,7,0.429,1,3,0.333,0,0,,0,4,4,2,0,1,2,2,7,2,15.8,1,2015-16
22015,1626253,Axel Toupane,1610612743,DEN,Denver Nuggets,0021500933,2016-03-06,DEN vs. DAL,W,13,0,4,0.0,0,2,0.0,0,0,,0,1,1,1,0,0,0,2,0,-11,2.7,1,2015-16
22015,201579,Roy Hibbert,1610612747,LAL,Los Angeles Lakers,0021500931,2016-03-06,LAL vs. GSW,W,21,1,3,0.333,0,0,,0,0,,0,5,5,0,1,2,1,2,2,1,16.0,1,2015-16
22015,1626204,Larry Nance Jr.,1610612747,LAL,Los Angeles Lakers,0021500931,2016-03-06,LAL vs. GSW,W,19,2,2,1.0,0,0,,0,0,,1,1,2,1,2,0,0,2,4,14,13.9,1,2015-16
22015,1626273,Marcelo Huertas,1610612747,LAL,Los Angeles Lakers,0021500931,2016-03-06,LAL vs. GSW,W,27,4,6,0.667,0,1,0.0,2,2,1.0,0,2,2,9,1,1,1,2,10,15,30.9,1,2015-16
22015,1626196,Josh Richardson,1610612748,MIA,Miami Heat,0021500935,2016-03-06,MIA vs. PHI,W,23,3,5,0.6,1,1,1.0,0,0,,0,0,0,1,0,0,1,2,7,-5,7.5,1,2015-16
22015,201564,O.J. Mayo,1610612749,MIL,Milwaukee Bucks,0021500930,2016-03-06,MIL vs. OKC,L,24,0,3,0.0,0,2,0.0,0,0,,0,0,0,0,3,0,1,5,0,-20,8.0,1,2015-16
22015,202328,Greg Monroe,1610612749,MIL,Milwaukee Bucks,0021500930,2016-03-06,MIL vs. OKC,L,30,4,10,0.4,0,0,,1,2,0.5,6,4,10,2,2,0,1,1,9,2,29.0,1,2015-16
22015,203114,Khris Middleton,1610612749,MIL,Milwaukee Bucks,0021500930,2016-03-06,MIL vs. OKC,L,40,6,19,0.316,2,6,0.333,4,4,1.0,1,4,5,3,5,0,2,5,18,-6,41.5,1,2015-16
22015,203898,Tyler Ennis,1610612749,MIL,Milwaukee Bucks,0021500930,2016-03-06,MIL vs. OKC,L,7,1,5,0.2,0,1,0.0,1,2,0.5,0,0,0,2,2,0,0,0,3,-2,12.0,1,2015-16
22015,204456,T.J. McConnell,1610612755,PHI,Philadelphia 76ers,0021500935,2016-03-06,PHI @ MIA,L,12,2,4,0.5,0,0,,0,0,,0,2,2,3,1,0,1,1,4,15,12.9,1,2015-16
22015,101179,Ronnie Price,1610612756,PHX,Phoenix Suns,0021500932,2016-03-06,PHX @ MEM,W,36,4,9,0.444,3,7,0.429,0,0,,0,3,3,2,0,0,2,4,11,9,15.6,1,2015-16
22015,200782,P.J. Tucker,1610612756,PHX,Phoenix Suns,0021500932,2016-03-06,PHX @ MEM,W,31,2,4,0.5,0,0,,2,2,1.0,3,7,10,1,0,0,3,5,6,17,16.5,1,2015-16
22015,203098,John Jenkins,1610612756,PHX,Phoenix Suns,0021500932,2016-03-06,PHX @ MEM,W,7,0,0,,0,0,,0,0,,0,0,0,1,0,0,1,1,0,-1,0.5,1,2015-16
22015,202329,Al-Farouq Aminu,1610612757,POR,Portland Trail Blazers,0021500934,2016-03-06,POR @ DET,L,32,5,11,0.455,4,9,0.444,2,2,1.0,0,3,3,0,0,0,1,3,16,-18,18.6,1,2015-16
22015,203081,Damian Lillard,1610612757,POR,Portland Trail Blazers,0021500934,2016-03-06,POR @ DET,L,35,8,22,0.364,2,9,0.222,8,8,1.0,1,4,5,5,0,0,7,3,26,-23,32.5,1,2015-16
22015,203090,Maurice Harkless,1610612757,POR,Portland Trail Blazers,0021500934,2016-03-06,POR @ DET,L,21,3,5,0.6,1,2,0.5,0,0,,0,3,3,0,1,0,0,4,7,-2,13.6,1,2015-16
22015,203460,Andre Roberson,1610612760,OKC,Oklahoma City Thunder,0021500930,2016-03-06,OKC @ MIL,W,10,1,2,0.5,1,1,1.0,0,0,,0,3,3,0,0,1,0,4,3,3,9.6,1,2015-16
22015,202335,Patrick Patterson,1610612761,TOR,Toronto Raptors,0021500936,2016-03-06,TOR vs. HOU,L,27,3,7,0.429,2,6,0.333,0,0,,1,3,4,2,0,0,0,2,8,-11,15.8,1,2015-16
22015,1626181,Norman Powell,1610612761,TOR,Toronto Raptors,0021500936,2016-03-06,TOR vs. HOU,L,3,1,2,0.5,0,1,0.0,0,0,,0,0,0,0,0,1,0,0,2,5,5.0,1,2015-16
22015,2216,Zach Randolph,1610612763,MEM,Memphis Grizzlies,0021500932,2016-03-06,MEM vs. PHX,L,31,3,10,0.3,0,0,,0,0,,1,7,8,3,0,0,0,1,6,-9,20.1,1,2015-16
22015,203210,JaMychal Green,1610612763,MEM,Memphis Grizzlies,0021500932,2016-03-06,MEM vs. PHX,L,24,5,7,0.714,0,1,0.0,7,10,0.7,3,2,5,2,0,0,1,6,17,3,25.0,1,2015-16
22015,203798,PJ Hairston,1610612763,MEM,Memphis Grizzlies,0021500932,2016-03-06,MEM vs. PHX,L,19,1,4,0.25,0,1,0.0,0,0,,0,0,0,0,0,0,2,2,2,-8,0.0,1,2015-16
22015,1626185,Jarell Martin,1610612763,MEM,Memphis Grizzlies,0021500932,2016-03-06,MEM vs. PHX,L,7,0,2,0.0,0,0,,0,0,,0,2,2,0,0,0,1,2,0,-1,1.4,1,2015-16
22015,2581,Steve Blake,1610612765,DET,Detroit Pistons,0021500934,2016-03-06,DET vs. POR,W,14,2,5,0.4,1,2,0.5,0,0,,0,1,1,2,0,0,2,2,5,-5,7.2,1,2015-16
22015,202712,Justin Harper,1610612765,DET,Detroit Pistons,0021500934,2016-03-06,DET vs. POR,W,1,1,1,1.0,1,1,1.0,0,0,,0,0,0,0,0,0,0,0,3,0,3.0,1,2015-16
22015,203493,Reggie Bullock Jr.,1610612765,DET,Detroit Pistons,0021500934,2016-03-06,DET vs. POR,W,26,3,3,1.0,3,3,1.0,2,2,1.0,2,5,7,2,0,0,0,2,11,7,22.4,1,2015-16
22015,1626199,Darrun Hilliard,1610612765,DET,Detroit Pistons,0021500934,2016-03-06,DET vs. POR,W,7,2,3,0.667,1,2,0.5,0,0,,0,0,0,1,1,0,0,0,5,-3,9.5,1,2015-16
22015,1717,Dirk Nowitzki,1610612742,DAL,Dallas Mavericks,0021500933,2016-03-06,DAL @ DEN,L,35,11,18,0.611,5,8,0.625,3,3,1.0,1,5,6,1,0,1,1,3,30,1,40.7,1,2015-16
22015,101135,David Lee,1610612742,DAL,Dallas Mavericks,0021500933,2016-03-06,DAL @ DEN,L,26,7,9,0.778,0,0,,4,4,1.0,3,9,12,3,0,4,1,3,18,1,47.9,1,2015-16
22015,1626144,Emmanuel Mudiay,1610612743,DEN,Denver Nuggets,0021500933,2016-03-06,DEN vs. DAL,W,40,6,21,0.286,3,7,0.429,1,2,0.5,0,4,4,8,2,2,2,2,16,18,42.8,1,2015-16
22015,2760,Anderson Varejao,1610612744,GSW,Golden State Warriors,0021500931,2016-03-06,GSW @ LAL,L,11,3,3,1.0,0,0,,0,2,0.0,1,1,2,2,0,0,0,2,6,-10,11.4,1,2015-16
22015,203546,Ian Clark,1610612744,GSW,Golden State Warriors,0021500931,2016-03-06,GSW @ LAL,L,9,3,4,0.75,2,2,1.0,0,0,,0,1,1,1,0,0,1,3,8,-5,9.7,1,2015-16
22015,203949,James Michael McAdoo,1610612744,GSW,Golden State Warriors,0021500931,2016-03-06,GSW @ LAL,L,7,2,5,0.4,0,0,,3,3,1.0,2,0,2,2,0,0,0,0,7,2,12.4,1,2015-16
22015,1891,Jason Terry,1610612745,HOU,Houston Rockets,0021500936,2016-03-06,HOU @ TOR,W,15,0,3,0.0,0,1,0.0,0,0,,0,0,0,2,1,0,0,0,0,-3,6.0,1,2015-16
22015,203944,Julius Randle,1610612747,LAL,Los Angeles Lakers,0021500931,2016-03-06,LAL vs. GSW,W,29,6,12,0.5,0,0,,0,0,,3,11,14,2,0,0,1,5,12,3,30.8,1,2015-16
22015,2207,Joe Johnson,1610612748,MIA,Miami Heat,0021500935,2016-03-06,MIA vs. PHI,W,31,6,11,0.545,2,2,1.0,0,0,,2,3,5,1,1,0,2,3,14,17,22.5,1,2015-16
22015,2736,Luol Deng,1610612748,MIA,Miami Heat,0021500935,2016-03-06,MIA vs. PHI,W,36,5,11,0.455,1,4,0.25,1,2,0.5,3,11,14,4,2,1,0,0,12,0,43.8,1,2015-16
22015,202355,Hassan Whiteside,1610612748,MIA,Miami Heat,0021500935,2016-03-06,MIA vs. PHI,W,31,4,11,0.364,0,0,,6,10,0.6,5,8,13,1,0,7,2,3,14,-1,50.1,1,2015-16
22015,1626159,Justise Winslow,1610612748,MIA,Miami Heat,0021500935,2016-03-06,MIA vs. PHI,W,30,2,4,0.5,1,2,0.5,1,2,0.5,1,1,2,1,2,0,2,2,6,-9,13.9,1,2015-16
22015,202397,Ish Smith,1610612755,PHI,Philadelphia 76ers,0021500935,2016-03-06,PHI @ MIA,L,38,8,12,0.667,2,4,0.5,3,6,0.5,0,4,4,5,1,0,3,0,21,-15,33.3,1,2015-16
22015,203138,Hollis Thompson,1610612755,PHI,Philadelphia 76ers,0021500935,2016-03-06,PHI @ MIA,L,37,5,13,0.385,4,9,0.444,2,2,1.0,1,3,4,0,0,0,2,1,16,10,18.8,1,2015-16
22015,203462,Archie Goodwin,1610612756,PHX,Phoenix Suns,0021500932,2016-03-06,PHX @ MEM,W,21,3,6,0.5,1,3,0.333,1,4,0.25,0,1,1,2,1,0,2,1,8,-5,13.2,1,2015-16
22015,1626192,Pat Connaughton,1610612757,POR,Portland Trail Blazers,0021500934,2016-03-06,POR @ DET,L,3,0,1,0.0,0,0,,0,0,,0,0,0,0,0,0,0,0,0,1,0.0,1,2015-16
22015,203500,Steven Adams,1610612760,OKC,Oklahoma City Thunder,0021500930,2016-03-06,OKC @ MIL,W,28,6,13,0.462,0,0,,2,4,0.5,5,4,9,4,0,0,1,2,14,13,29.8,1,2015-16
22015,202685,Jonas Valančiūnas,1610612761,TOR,Toronto Raptors,0021500936,2016-03-06,TOR vs. HOU,L,28,5,9,0.556,0,0,,2,2,1.0,2,8,10,0,0,3,1,3,12,-6,32.0,1,2015-16
22015,202687,Bismack Biyombo,1610612761,TOR,Toronto Raptors,0021500936,2016-03-06,TOR vs. HOU,L,20,1,2,0.5,0,0,,0,0,,1,6,7,1,0,0,1,2,2,0,10.9,1,2015-16
22015,200797,Ryan Hollins,1610612763,MEM,Memphis Grizzlies,0021500932,2016-03-06,MEM vs. PHX,L,12,0,3,0.0,0,0,,2,4,0.5,2,0,2,0,0,1,0,3,2,-19,7.4,1,2015-16
22015,201144,Mike Conley,1610612763,MEM,Memphis Grizzlies,0021500932,2016-03-06,MEM vs. PHX,L,30,7,13,0.538,3,5,0.6,5,6,0.833,0,1,1,4,2,0,1,2,22,-6,34.2,1,2015-16
22015,203083,Andre Drummond,1610612765,DET,Detroit Pistons,0021500934,2016-03-06,DET vs. POR,W,27,7,11,0.636,0,0,,0,2,0.0,4,14,18,1,1,1,1,4,14,14,42.1,1,2015-16
22015,203115,Will Barton,1610612743,DEN,Denver Nuggets,0021500933,2016-03-06,DEN vs. DAL,W,30,7,14,0.5,0,2,0.0,6,7,0.857,0,8,8,0,0,0,0,4,20,-13,29.6,1,2015-16
22015,203530,Joffrey Lauvergne,1610612743,DEN,Denver Nuggets,0021500933,2016-03-06,DEN vs. DAL,W,14,1,4,0.25,0,0,,0,0,,2,2,4,0,0,0,1,5,2,-9,5.8,1,2015-16
22015,2571,Leandro Barbosa,1610612744,GSW,Golden State Warriors,0021500931,2016-03-06,GSW @ LAL,L,21,4,9,0.444,0,2,0.0,0,1,0.0,2,0,2,1,0,0,2,2,8,-13,9.9,1,2015-16
22015,201935,James Harden,1610612745,HOU,Houston Rockets,0021500936,2016-03-06,HOU @ TOR,W,43,11,20,0.55,3,7,0.429,15,19,0.789,0,5,5,14,1,0,1,4,40,17,69.0,1,2015-16
22015,101123,Gerald Green,1610612748,MIA,Miami Heat,0021500935,2016-03-06,MIA vs. PHI,W,4,1,3,0.333,0,1,0.0,0,0,,0,0,0,0,0,0,0,0,2,-7,2.0,1,2015-16
22015,1882,Elton Brand,1610612755,PHI,Philadelphia 76ers,0021500935,2016-03-06,PHI @ MIA,L,6,0,1,0.0,0,0,,0,0,,0,2,2,2,0,0,1,1,0,4,4.4,1,2015-16
22015,201945,Gerald Henderson,1610612757,POR,Portland Trail Blazers,0021500934,2016-03-06,POR @ DET,L,22,3,7,0.429,0,1,0.0,0,0,,0,5,5,0,1,0,2,2,6,-7,13.0,1,2015-16
22015,203486,Mason Plumlee,1610612757,POR,Portland Trail Blazers,0021500934,2016-03-06,POR @ DET,L,17,0,0,,0,0,,4,4,1.0,0,2,2,3,1,0,0,2,4,-22,13.9,1,2015-16
22015,203079,Dion Waiters,1610612760,OKC,Oklahoma City Thunder,0021500930,2016-03-06,OKC @ MIL,W,29,1,8,0.125,0,3,0.0,0,0,,0,3,3,2,1,1,2,4,2,-6,12.6,1,2015-16
22015,203382,Aron Baynes,1610612765,DET,Detroit Pistons,0021500934,2016-03-06,DET vs. POR,W,20,2,4,0.5,0,0,,0,0,,1,2,3,0,0,0,2,3,4,6,5.6,1,2015-16
22015,201166,Aaron Brooks,1610612741,CHI,Chicago Bulls,0021500940,2016-03-07,CHI vs. MIL,W,4,0,1,0.0,0,1,0.0,0,0,,0,0,0,0,0,0,1,1,0,-7,-1.0,1,2015-16
22015,203926,Doug McDermott,1610612741,CHI,Chicago Bulls,0021500940,2016-03-07,CHI vs. MIL,W,13,2,6,0.333,0,2,0.0,0,0,,0,3,3,0,0,0,0,2,4,-4,7.6,1,2015-16
22015,202083,Wesley Matthews,1610612742,DAL,Dallas Mavericks,0021500942,2016-03-07,DAL vs. LAC,L,27,0,6,0.0,0,5,0.0,2,2,1.0,0,5,5,0,0,0,3,3,2,-15,5.0,1,2015-16
22015,2760,Anderson Varejao,1610612744,GSW,Golden State Warriors,0021500943,2016-03-07,GSW vs. ORL,W,4,0,0,,0,0,,0,0,,0,2,2,0,0,0,0,1,0,3,2.4,1,2015-16
22015,203110,Draymond Green,1610612744,GSW,Golden State Warriors,0021500943,2016-03-07,GSW vs. ORL,W,35,0,3,0.0,0,0,,1,2,0.5,3,6,9,10,2,3,7,2,1,19,34.8,1,2015-16
22015,200755,JJ Redick,1610612746,LAC,LA Clippers,0021500942,2016-03-07,LAC @ DAL,W,26,9,14,0.643,4,6,0.667,0,0,,0,2,2,0,0,0,1,2,22,12,23.4,1,2015-16
22015,201599,DeAndre Jordan,1610612746,LAC,LA Clippers,0021500942,2016-03-07,LAC @ DAL,W,38,6,7,0.857,0,0,,11,19,0.579,4,16,20,1,2,2,0,1,23,34,60.5,1,2015-16
22015,202325,Wesley Johnson,1610612746,LAC,LA Clippers,0021500942,2016-03-07,LAC @ DAL,W,24,1,6,0.167,1,4,0.25,0,0,,0,5,5,1,2,1,3,2,3,19,16.5,1,2015-16
22015,1626173,Rashad Vaughn,1610612749,MIL,Milwaukee Bucks,0021500940,2016-03-07,MIL @ CHI,L,10,1,2,0.5,1,2,0.5,0,0,,0,0,0,1,0,0,0,0,3,4,4.5,1,2015-16
22015,204014,Damjan Rudez,1610612750,MIN,Minnesota Timberwolves,0021500937,2016-03-07,MIN @ CHA,L,7,0,0,,0,0,,2,2,1.0,0,0,0,0,0,0,0,2,2,-3,2.0,1,2015-16
22015,1626157,Karl-Anthony Towns,1610612750,MIN,Minnesota Timberwolves,0021500937,2016-03-07,MIN @ CHA,L,38,11,18,0.611,0,0,,6,7,0.857,1,13,14,2,1,2,1,3,28,7,55.8,1,2015-16
22015,101141,Ersan Ilyasova,1610612753,ORL,Orlando Magic,0021500943,2016-03-07,ORL @ GSW,L,15,2,6,0.333,0,1,0.0,3,4,0.75,1,1,2,0,2,0,0,3,7,3,15.4,1,2015-16
22015,201160,Jason Smith,1610612753,ORL,Orlando Magic,0021500943,2016-03-07,ORL @ GSW,L,23,6,12,0.5,0,0,,1,2,0.5,0,2,2,0,2,1,1,3,13,-10,23.4,1,2015-16
22015,201943,Brandon Jennings,1610612753,ORL,Orlando Magic,0021500943,2016-03-07,ORL @ GSW,L,25,5,10,0.5,2,7,0.286,8,9,0.889,0,1,1,3,1,0,3,1,20,4,25.7,1,2015-16
22015,203095,Evan Fournier,1610612753,ORL,Orlando Magic,0021500943,2016-03-07,ORL @ GSW,L,35,6,13,0.462,2,5,0.4,6,7,0.857,0,1,1,3,2,0,0,4,20,-17,31.7,1,2015-16
22015,201155,Rodney Stuckey,1610612754,IND,Indiana Pacers,0021500939,2016-03-07,IND vs. SAS,W,19,3,7,0.429,1,1,1.0,5,5,1.0,0,2,2,3,1,0,0,1,12,5,21.9,1,2015-16
22015,201158,Marco Belinelli,1610612758,SAC,Sacramento Kings,0021500941,2016-03-07,SAC @ NOP,L,21,4,6,0.667,2,4,0.5,2,2,1.0,0,0,0,1,0,0,0,1,12,5,13.5,1,2015-16
22015,202326,DeMarcus Cousins,1610612758,SAC,Sacramento Kings,0021500941,2016-03-07,SAC @ NOP,L,41,16,29,0.552,0,3,0.0,8,9,0.889,2,14,16,4,4,1,5,4,40,9,75.2,1,2015-16
22015,201980,Danny Green,1610612759,SAS,San Antonio Spurs,0021500939,2016-03-07,SAS @ IND,L,28,2,8,0.25,0,5,0.0,0,0,,1,2,3,0,1,0,0,1,4,1,10.6,1,2015-16
22015,202362,Lance Stephenson,1610612763,MEM,Memphis Grizzlies,0021500938,2016-03-07,MEM @ CLE,W,28,8,15,0.533,1,1,1.0,0,1,0.0,0,7,7,3,1,1,3,2,17,-13,32.9,1,2015-16
22015,101112,Channing Frye,1610612739,CLE,Cleveland Cavaliers,0021500938,2016-03-07,CLE vs. MEM,L,5,1,2,0.5,0,1,0.0,0,0,,1,1,2,2,0,1,1,1,2,4,9.4,1,2015-16
22015,2570,Kendrick Perkins,1610612740,NOP,New Orleans Pelicans,0021500941,2016-03-07,NOP vs. SAC,W,17,0,0,,0,0,,0,0,,0,2,2,1,1,2,2,1,0,-1,10.9,1,2015-16
22015,201583,Ryan Anderson,1610612740,NOP,New Orleans Pelicans,0021500941,2016-03-07,NOP vs. SAC,W,27,6,14,0.429,1,4,0.25,6,8,0.75,3,3,6,2,1,0,1,1,19,24,31.2,1,2015-16
22015,201962,Toney Douglas,1610612740,NOP,New Orleans Pelicans,0021500941,2016-03-07,NOP vs. SAC,W,21,2,9,0.222,2,6,0.333,0,0,,0,2,2,3,1,1,3,1,6,5,15.9,1,2015-16
22015,2200,Pau Gasol,1610612741,CHI,Chicago Bulls,0021500940,2016-03-07,CHI vs. MIL,W,35,4,14,0.286,0,1,0.0,4,5,0.8,0,17,17,13,1,5,1,2,12,15,68.9,1,2015-16
22015,2734,Devin Harris,1610612742,DAL,Dallas Mavericks,0021500942,2016-03-07,DAL vs. LAC,L,15,1,1,1.0,0,0,,1,2,0.5,0,1,1,1,0,0,0,1,3,-15,5.7,1,2015-16
22015,1626257,Salah Mejri,1610612742,DAL,Dallas Mavericks,0021500942,2016-03-07,DAL vs. LAC,L,6,2,3,0.667,0,0,,0,0,,1,5,6,0,0,1,0,0,4,11,14.2,1,2015-16
22015,202691,Klay Thompson,1610612744,GSW,Golden State Warriors,0021500943,2016-03-07,GSW vs. ORL,W,36,11,23,0.478,5,11,0.455,0,0,,1,5,6,0,1,0,2,4,27,-9,35.2,1,2015-16
22015,203546,Ian Clark,1610612744,GSW,Golden State Warriors,0021500943,2016-03-07,GSW vs. ORL,W,5,1,1,1.0,0,0,,0,0,,1,1,2,2,1,0,1,2,2,-3,9.4,1,2015-16
22015,201573,Jerryd Bayless,1610612749,MIL,Milwaukee Bucks,0021500940,2016-03-07,MIL @ CHI,L,38,7,15,0.467,5,8,0.625,1,2,0.5,1,1,2,4,1,0,0,1,20,-8,31.4,1,2015-16
22015,203101,Miles Plumlee,1610612749,MIL,Milwaukee Bucks,0021500940,2016-03-07,MIL @ CHI,L,19,3,5,0.6,0,0,,0,2,0.0,5,2,7,0,0,0,0,2,6,-14,14.4,1,2015-16
22015,203952,Andrew Wiggins,1610612750,MIN,Minnesota Timberwolves,0021500937,2016-03-07,MIN @ CHA,L,41,11,17,0.647,1,1,1.0,2,3,0.667,2,3,5,1,1,1,2,1,25,10,36.5,1,2015-16
22015,1626145,Tyus Jones,1610612750,MIN,Minnesota Timberwolves,0021500937,2016-03-07,MIN @ CHA,L,14,1,3,0.333,0,0,,0,0,,0,1,1,4,1,0,1,0,2,-18,11.2,1,2015-16
22015,203506,Victor Oladipo,1610612753,ORL,Orlando Magic,0021500943,2016-03-07,ORL @ GSW,L,39,8,16,0.5,0,3,0.0,3,3,1.0,2,7,9,8,1,0,4,3,19,-7,40.8,1,2015-16
22015,2225,Tony Parker,1610612759,SAS,San Antonio Spurs,0021500939,2016-03-07,SAS @ IND,L,25,2,8,0.25,0,0,,2,2,1.0,0,1,1,5,0,0,2,0,6,-9,12.7,1,2015-16
22015,203798,PJ Hairston,1610612763,MEM,Memphis Grizzlies,0021500938,2016-03-07,MEM @ CLE,W,35,2,9,0.222,1,6,0.167,4,5,0.8,1,2,3,0,0,1,1,3,9,7,14.6,1,2015-16
22015,1626185,Jarell Martin,1610612763,MEM,Memphis Grizzlies,0021500938,2016-03-07,MEM @ CLE,W,19,1,4,0.25,0,0,,0,0,,2,1,3,2,0,0,2,4,2,-8,6.6,1,2015-16
22015,2210,Richard Jefferson,1610612739,CLE,Cleveland Cavaliers,0021500938,2016-03-07,CLE vs. MEM,L,7,1,3,0.333,0,1,0.0,0,0,,1,1,2,2,1,0,0,2,2,2,10.4,1,2015-16
22015,2544,LeBron James,1610612739,CLE,Cleveland Cavaliers,0021500938,2016-03-07,CLE vs. MEM,L,38,11,19,0.579,2,4,0.5,4,5,0.8,2,7,9,5,1,0,4,2,28,-9,45.3,1,2015-16
22015,2747,JR Smith,1610612739,CLE,Cleveland Cavaliers,0021500938,2016-03-07,CLE vs. MEM,L,35,2,11,0.182,1,8,0.125,1,2,0.5,1,4,5,1,0,1,1,3,6,-6,15.5,1,2015-16
22015,202389,Timofey Mozgov,1610612739,CLE,Cleveland Cavaliers,0021500938,2016-03-07,CLE vs. MEM,L,11,1,3,0.333,0,0,,0,0,,4,2,6,1,1,0,2,2,2,-12,11.7,1,2015-16
22015,202681,Kyrie Irving,1610612739,CLE,Cleveland Cavaliers,0021500938,2016-03-07,CLE vs. MEM,L,37,9,16,0.563,3,7,0.429,6,7,0.857,0,2,2,5,4,1,7,4,27,2,44.9,1,2015-16
22015,201600,Omer Asik,1610612740,NOP,New Orleans Pelicans,0021500941,2016-03-07,NOP vs. SAC,W,14,0,2,0.0,0,0,,0,0,,2,1,3,0,0,0,2,4,0,-9,1.6,1,2015-16
22015,1626171,Bobby Portis,1610612741,CHI,Chicago Bulls,0021500940,2016-03-07,CHI vs. MIL,W,4,0,0,,0,0,,0,0,,0,1,1,0,0,0,0,1,0,-10,1.2,1,2015-16
22015,2585,Zaza Pachulia,1610612742,DAL,Dallas Mavericks,0021500942,2016-03-07,DAL vs. LAC,L,15,0,2,0.0,0,0,,2,2,1.0,4,4,8,1,0,0,1,1,2,-7,12.1,1,2015-16
22015,101111,Charlie Villanueva,1610612742,DAL,Dallas Mavericks,0021500942,2016-03-07,DAL vs. LAC,L,8,0,2,0.0,0,2,0.0,0,0,,0,0,0,1,0,0,0,0,0,6,1.5,1,2015-16
22015,101135,David Lee,1610612742,DAL,Dallas Mavericks,0021500942,2016-03-07,DAL vs. LAC,L,16,4,11,0.364,0,0,,5,6,0.833,4,4,8,0,0,0,1,2,13,-12,21.6,1,2015-16
22015,202718,Chandler Parsons,1610612742,DAL,Dallas Mavericks,0021500942,2016-03-07,DAL vs. LAC,L,34,3,12,0.25,1,5,0.2,2,2,1.0,1,7,8,2,2,0,3,2,9,-21,24.6,1,2015-16
22015,203939,Dwight Powell,1610612742,DAL,Dallas Mavericks,0021500942,2016-03-07,DAL vs. LAC,L,6,0,2,0.0,0,0,,0,0,,0,0,0,0,1,0,0,0,0,11,3.0,1,2015-16
22015,201575,Brandon Rush,1610612744,GSW,Golden State Warriors,0021500943,2016-03-07,GSW vs. ORL,W,20,4,7,0.571,3,5,0.6,0,0,,0,1,1,1,0,0,1,2,11,10,12.7,1,2015-16
22015,201578,Marreese Speights,1610612744,GSW,Golden State Warriors,0021500943,2016-03-07,GSW vs. ORL,W,6,0,2,0.0,0,1,0.0,2,2,1.0,0,0,0,1,0,1,1,1,2,-6,5.5,1,2015-16
22015,201939,Stephen Curry,1610612744,GSW,Golden State Warriors,0021500943,2016-03-07,GSW vs. ORL,W,37,14,24,0.583,7,13,0.538,6,6,1.0,1,12,13,3,4,0,5,3,41,21,68.1,1,2015-16
22015,203949,James Michael McAdoo,1610612744,GSW,Golden State Warriors,0021500943,2016-03-07,GSW vs. ORL,W,6,1,2,0.5,0,0,,3,6,0.5,1,0,1,0,0,0,0,1,5,-13,6.2,1,2015-16
22015,101108,Chris Paul,1610612746,LAC,LA Clippers,0021500942,2016-03-07,LAC @ DAL,W,28,12,18,0.667,2,6,0.333,1,1,1.0,0,4,4,7,3,0,1,3,27,21,50.3,1,2015-16
22015,201145,Jeff Green,1610612746,LAC,LA Clippers,0021500942,2016-03-07,LAC @ DAL,W,21,0,5,0.0,0,2,0.0,0,0,,0,3,3,2,0,1,1,1,0,-8,8.6,1,2015-16
22015,203085,Austin Rivers,1610612746,LAC,LA Clippers,0021500942,2016-03-07,LAC @ DAL,W,26,3,7,0.429,2,4,0.5,2,2,1.0,0,3,3,3,0,0,1,5,10,13,17.1,1,2015-16
22015,203114,Khris Middleton,1610612749,MIL,Milwaukee Bucks,0021500940,2016-03-07,MIL @ CHI,L,43,7,21,0.333,1,5,0.2,3,4,0.75,1,4,5,3,2,1,4,3,18,-20,33.5,1,2015-16
22015,203901,Elfrid Payton,1610612753,ORL,Orlando Magic,0021500943,2016-03-07,ORL @ GSW,L,23,2,7,0.286,0,0,,2,3,0.667,0,2,2,7,3,0,1,2,6,-10,26.9,1,2015-16
22015,203524,Solomon Hill,1610612754,IND,Indiana Pacers,0021500939,2016-03-07,IND vs. SAS,W,12,1,2,0.5,1,2,0.5,2,2,1.0,0,2,2,0,0,0,0,1,5,2,7.4,1,2015-16
22015,1626167,Myles Turner,1610612754,IND,Indiana Pacers,0021500939,2016-03-07,IND vs. SAS,W,37,3,11,0.273,0,1,0.0,3,4,0.75,1,9,10,1,0,2,1,3,9,16,27.5,1,2015-16
22015,200765,Rajon Rondo,1610612758,SAC,Sacramento Kings,0021500941,2016-03-07,SAC @ NOP,L,39,7,13,0.538,3,7,0.429,1,2,0.5,0,1,1,10,2,0,5,5,18,-1,35.2,1,2015-16
22015,201954,Darren Collison,1610612758,SAC,Sacramento Kings,0021500941,2016-03-07,SAC @ NOP,L,35,2,10,0.2,0,3,0.0,1,1,1.0,0,2,2,6,1,0,6,2,5,-4,13.4,1,2015-16
22015,201956,Omri Casspi,1610612758,SAC,Sacramento Kings,0021500941,2016-03-07,SAC @ NOP,L,18,4,6,0.667,1,3,0.333,6,7,0.857,2,5,7,1,1,0,1,1,15,-10,26.9,1,2015-16
22015,1495,Tim Duncan,1610612759,SAS,San Antonio Spurs,0021500939,2016-03-07,SAS @ IND,L,28,3,9,0.333,0,0,,3,3,1.0,6,8,14,4,1,2,3,3,9,-3,37.8,1,2015-16
22015,1938,Manu Ginobili,1610612759,SAS,San Antonio Spurs,0021500939,2016-03-07,SAS @ IND,L,20,1,8,0.125,0,4,0.0,0,0,,1,0,1,1,0,0,2,3,2,-3,2.7,1,2015-16
22015,2564,Boris Diaw,1610612759,SAS,San Antonio Spurs,0021500939,2016-03-07,SAS @ IND,L,14,0,2,0.0,0,2,0.0,0,0,,1,1,2,1,0,0,0,2,0,-7,3.9,1,2015-16
22015,201988,Patty Mills,1610612759,SAS,San Antonio Spurs,0021500939,2016-03-07,SAS @ IND,L,22,6,13,0.462,3,10,0.3,2,2,1.0,2,2,4,2,0,0,0,1,17,-5,24.8,1,2015-16
22015,1713,Vince Carter,1610612763,MEM,Memphis Grizzlies,0021500938,2016-03-07,MEM @ CLE,W,26,4,9,0.444,2,4,0.5,5,6,0.833,1,3,4,1,2,2,3,3,15,13,30.3,1,2015-16
22015,1626163,Frank Kaminsky,1610612766,CHA,Charlotte Hornets,0021500937,2016-03-07,CHA vs. MIN,W,18,1,4,0.25,0,2,0.0,0,0,,1,1,2,0,3,0,0,2,2,9,13.4,1,2015-16
22015,202684,Tristan Thompson,1610612739,CLE,Cleveland Cavaliers,0021500938,2016-03-07,CLE vs. MEM,L,27,5,6,0.833,0,0,,1,3,0.333,0,6,6,0,0,3,2,3,11,11,25.2,1,2015-16
22015,203521,Matthew Dellavedova,1610612739,CLE,Cleveland Cavaliers,0021500938,2016-03-07,CLE vs. MEM,L,26,1,6,0.167,0,3,0.0,0,0,,0,2,2,3,0,0,4,4,2,-6,4.9,1,2015-16
22015,202087,Alonzo Gee,1610612740,NOP,New Orleans Pelicans,0021500941,2016-03-07,NOP vs. SAC,W,20,4,6,0.667,0,0,,1,1,1.0,3,4,7,0,0,0,0,2,9,11,17.4,1,2015-16
22015,202708,Norris Cole,1610612740,NOP,New Orleans Pelicans,0021500941,2016-03-07,NOP vs. SAC,W,40,8,19,0.421,1,4,0.25,6,7,0.857,1,6,7,6,3,0,1,3,23,5,48.4,1,2015-16
22015,203076,Anthony Davis,1610612740,NOP,New Orleans Pelicans,0021500941,2016-03-07,NOP vs. SAC,W,38,13,21,0.619,1,3,0.333,4,9,0.444,1,9,10,1,3,1,5,5,31,-8,51.5,1,2015-16
22015,2399,Mike Dunleavy,1610612741,CHI,Chicago Bulls,0021500940,2016-03-07,CHI vs. MIL,W,35,7,9,0.778,4,6,0.667,0,0,,0,4,4,2,0,0,1,3,18,14,24.8,1,2015-16
22015,201565,Derrick Rose,1610612741,CHI,Chicago Bulls,0021500940,2016-03-07,CHI vs. MIL,W,39,9,18,0.5,2,6,0.333,2,2,1.0,1,0,1,7,1,0,6,1,22,20,30.7,1,2015-16
22015,201959,Taj Gibson,1610612741,CHI,Chicago Bulls,0021500940,2016-03-07,CHI vs. MIL,W,37,6,8,0.75,0,0,,0,1,0.0,3,7,10,2,1,3,2,1,12,5,37.0,1,2015-16
22015,202734,E'Twaun Moore,1610612741,CHI,Chicago Bulls,0021500940,2016-03-07,CHI vs. MIL,W,36,6,11,0.545,2,4,0.5,2,2,1.0,0,1,1,7,0,0,0,4,16,11,27.7,1,2015-16
22015,1717,Dirk Nowitzki,1610612742,DAL,Dallas Mavericks,0021500942,2016-03-07,DAL vs. LAC,L,28,9,19,0.474,0,4,0.0,4,5,0.8,1,5,6,0,1,0,4,2,22,-19,28.2,1,2015-16
22015,101114,Deron Williams,1610612742,DAL,Dallas Mavericks,0021500942,2016-03-07,DAL vs. LAC,L,27,2,7,0.286,1,4,0.25,4,6,0.667,1,3,4,4,1,0,1,2,9,-15,21.8,1,2015-16
22015,200826,J.J. Barea,1610612742,DAL,Dallas Mavericks,0021500942,2016-03-07,DAL vs. LAC,L,23,4,8,0.5,1,3,0.333,0,1,0.0,0,1,1,4,0,0,0,3,9,-20,16.2,1,2015-16
22015,1626147,Justin Anderson,1610612742,DAL,Dallas Mavericks,0021500942,2016-03-07,DAL vs. LAC,L,6,2,2,1.0,1,1,1.0,2,2,1.0,0,1,1,0,0,0,1,1,7,11,7.2,1,2015-16
22015,203084,Harrison Barnes,1610612744,GSW,Golden State Warriors,0021500943,2016-03-07,GSW vs. ORL,W,31,2,8,0.25,0,3,0.0,4,7,0.571,1,1,2,1,1,0,0,1,8,-11,14.9,1,2015-16
22015,2037,Jamal Crawford,1610612746,LAC,LA Clippers,0021500942,2016-03-07,LAC @ DAL,W,29,5,15,0.333,2,5,0.4,3,3,1.0,0,4,4,3,1,0,0,2,15,24,27.3,1,2015-16
22015,1627293,Alex Stepheson,1610612746,LAC,LA Clippers,0021500942,2016-03-07,LAC @ DAL,W,2,0,0,,0,0,,0,2,0.0,0,0,0,0,0,1,0,1,0,-4,3.0,1,2015-16
22015,201564,O.J. Mayo,1610612749,MIL,Milwaukee Bucks,0021500940,2016-03-07,MIL @ CHI,L,26,1,4,0.25,0,2,0.0,0,0,,1,3,4,2,0,1,4,3,2,10,8.8,1,2015-16
22015,203953,Jabari Parker,1610612749,MIL,Milwaukee Bucks,0021500940,2016-03-07,MIL @ CHI,L,38,7,17,0.412,0,0,,4,5,0.8,4,7,11,1,1,1,0,5,18,-8,38.7,1,2015-16
22015,201937,Ricky Rubio,1610612750,MIN,Minnesota Timberwolves,0021500937,2016-03-07,MIN @ CHA,L,35,2,6,0.333,0,3,0.0,6,6,1.0,0,5,5,10,1,1,2,2,10,15,35.0,1,2015-16
22015,202962,Greg Smith,1610612750,MIN,Minnesota Timberwolves,0021500937,2016-03-07,MIN @ CHA,L,3,0,0,,0,0,,0,0,,0,0,0,1,0,0,0,1,0,-5,1.5,1,2015-16
22015,203476,Gorgui Dieng,1610612750,MIN,Minnesota Timberwolves,0021500937,2016-03-07,MIN @ CHA,L,32,5,9,0.556,0,0,,2,2,1.0,1,8,9,1,4,2,3,4,12,-1,39.3,1,2015-16
22015,203940,Adreian Payne,1610612750,MIN,Minnesota Timberwolves,0021500937,2016-03-07,MIN @ CHA,L,4,0,0,,0,0,,0,0,,0,1,1,0,0,0,1,0,0,-4,0.2,1,2015-16
22015,201228,C.J. Watson,1610612753,ORL,Orlando Magic,0021500943,2016-03-07,ORL @ GSW,L,21,1,2,0.5,0,0,,0,0,,0,2,2,2,1,0,0,1,2,10,10.4,1,2015-16
22015,203932,Aaron Gordon,1610612753,ORL,Orlando Magic,0021500943,2016-03-07,ORL @ GSW,L,36,8,15,0.533,0,1,0.0,4,4,1.0,6,10,16,0,1,1,3,2,20,-15,42.2,1,2015-16
22015,1626209,Mario Hezonja,1610612753,ORL,Orlando Magic,0021500943,2016-03-07,ORL @ GSW,L,15,1,7,0.143,1,4,0.25,1,2,0.5,0,3,3,1,0,1,3,1,4,10,9.1,1,2015-16
22015,101133,Ian Mahinmi,1610612754,IND,Indiana Pacers,0021500939,2016-03-07,IND vs. SAS,W,31,4,8,0.5,0,0,,3,4,0.75,3,6,9,2,2,2,3,4,11,0,33.8,1,2015-16
22015,101145,Monta Ellis,1610612754,IND,Indiana Pacers,0021500939,2016-03-07,IND vs. SAS,W,37,8,13,0.615,2,4,0.5,8,8,1.0,0,1,1,3,1,2,3,3,26,5,37.7,1,2015-16
22015,201588,George Hill,1610612754,IND,Indiana Pacers,0021500939,2016-03-07,IND vs. SAS,W,35,2,7,0.286,1,3,0.333,0,0,,1,9,10,5,0,0,1,1,5,5,23.5,1,2015-16
22015,201941,Jordan Hill,1610612754,IND,Indiana Pacers,0021500939,2016-03-07,IND vs. SAS,W,28,4,9,0.444,0,0,,0,0,,2,6,8,1,0,0,0,3,8,0,19.1,1,2015-16
22015,200752,Rudy Gay,1610612758,SAC,Sacramento Kings,0021500941,2016-03-07,SAC @ NOP,L,41,7,13,0.538,1,4,0.25,3,4,0.75,0,10,10,2,2,0,4,2,18,10,35.0,1,2015-16
22015,1626161,Willie Cauley-Stein,1610612758,SAC,Sacramento Kings,0021500941,2016-03-07,SAC @ NOP,L,6,0,2,0.0,0,0,,0,0,,0,0,0,0,0,0,0,1,0,-14,0.0,1,2015-16
22015,200746,LaMarcus Aldridge,1610612759,SAS,San Antonio Spurs,0021500939,2016-03-07,SAS @ IND,L,38,9,20,0.45,0,0,,5,5,1.0,2,10,12,0,1,2,0,4,23,1,46.4,1,2015-16
22015,202695,Kawhi Leonard,1610612759,SAS,San Antonio Spurs,0021500939,2016-03-07,SAS @ IND,L,40,9,23,0.391,1,7,0.143,4,6,0.667,3,3,6,2,0,1,1,3,23,-3,35.2,1,2015-16
22015,200797,Ryan Hollins,1610612763,MEM,Memphis Grizzlies,0021500938,2016-03-07,MEM @ CLE,W,22,2,2,1.0,0,0,,0,0,,0,2,2,0,0,1,1,5,4,-12,8.4,1,2015-16
22015,201596,Mario Chalmers,1610612763,MEM,Memphis Grizzlies,0021500938,2016-03-07,MEM @ CLE,W,41,7,17,0.412,1,6,0.167,2,3,0.667,0,4,4,7,4,0,3,4,17,5,41.3,1,2015-16
22015,101107,Marvin Williams,1610612766,CHA,Charlotte Hornets,0021500937,2016-03-07,CHA vs. MIN,W,30,6,12,0.5,3,6,0.5,0,0,,1,6,7,1,1,3,1,1,15,-6,35.9,1,2015-16
22015,201584,Courtney Lee,1610612766,CHA,Charlotte Hornets,0021500937,2016-03-07,CHA vs. MIN,W,27,2,7,0.286,0,1,0.0,0,0,,0,3,3,2,0,0,1,2,4,-11,9.6,1,2015-16
22015,201587,Nicolas Batum,1610612766,CHA,Charlotte Hornets,0021500937,2016-03-07,CHA vs. MIN,W,38,5,15,0.333,1,5,0.2,0,0,,1,4,5,4,2,3,2,2,11,-14,36.0,1,2015-16
22015,202391,Jeremy Lin,1610612766,CHA,Charlotte Hornets,0021500937,2016-03-07,CHA vs. MIN,W,23,1,8,0.125,1,4,0.25,6,6,1.0,0,5,5,2,1,0,3,1,9,14,18.0,1,2015-16
22015,202689,Kemba Walker,1610612766,CHA,Charlotte Hornets,0021500937,2016-03-07,CHA vs. MIN,W,41,12,20,0.6,6,9,0.667,4,6,0.667,1,6,7,6,0,0,3,1,34,8,48.4,1,2015-16
22015,201567,Kevin Love,1610612739,CLE,Cleveland Cavaliers,0021500938,2016-03-07,CLE vs. MEM,L,33,2,9,0.222,0,3,0.0,10,10,1.0,4,7,11,3,0,1,4,0,14,-4,30.7,1,2015-16
22015,202697,Iman Shumpert,1610612739,CLE,Cleveland Cavaliers,0021500938,2016-03-07,CLE vs. MEM,L,22,3,5,0.6,1,2,0.5,2,2,1.0,0,4,4,1,2,0,0,1,9,3,21.3,1,2015-16
22015,201967,Dante Cunningham,1610612740,NOP,New Orleans Pelicans,0021500941,2016-03-07,NOP vs. SAC,W,29,3,5,0.6,1,3,0.333,0,0,,0,2,2,0,4,1,0,2,7,-8,24.4,1,2015-16
22015,202703,Nikola Mirotic,1610612741,CHI,Chicago Bulls,0021500940,2016-03-07,CHI vs. MIL,W,20,4,9,0.444,2,5,0.4,4,5,0.8,1,5,6,3,1,2,3,2,14,10,31.7,1,2015-16
22015,203200,Justin Holiday,1610612741,CHI,Chicago Bulls,0021500940,2016-03-07,CHI vs. MIL,W,17,1,2,0.5,0,0,,0,0,,1,0,1,1,1,1,4,1,2,-4,6.7,1,2015-16
22015,101109,Raymond Felton,1610612742,DAL,Dallas Mavericks,0021500942,2016-03-07,DAL vs. LAC,L,30,3,6,0.5,0,1,0.0,4,4,1.0,0,3,3,2,0,0,1,2,10,-10,15.6,1,2015-16
22015,1718,Paul Pierce,1610612746,LAC,LA Clippers,0021500942,2016-03-07,LAC @ DAL,W,20,1,5,0.2,0,3,0.0,0,0,,0,3,3,0,0,0,1,4,2,7,4.6,1,2015-16
22015,202332,Cole Aldrich,1610612746,LAC,LA Clippers,0021500942,2016-03-07,LAC @ DAL,W,10,1,4,0.25,0,0,,2,2,1.0,1,2,3,0,0,2,0,2,4,-15,13.6,1,2015-16
22015,203143,Pablo Prigioni,1610612746,LAC,LA Clippers,0021500942,2016-03-07,LAC @ DAL,W,16,1,2,0.5,1,2,0.5,0,0,,1,0,1,1,2,0,1,2,3,-8,10.7,1,2015-16
22015,202328,Greg Monroe,1610612749,MIL,Milwaukee Bucks,0021500940,2016-03-07,MIL @ CHI,L,29,5,14,0.357,0,0,,1,2,0.5,6,8,14,3,0,1,0,4,11,4,35.3,1,2015-16
22015,203507,Giannis Antetokounmpo,1610612749,MIL,Milwaukee Bucks,0021500940,2016-03-07,MIL @ CHI,L,37,5,13,0.385,0,1,0.0,2,2,1.0,0,5,5,10,3,1,3,1,12,-18,42.0,1,2015-16
22015,2419,Tayshaun Prince,1610612750,MIN,Minnesota Timberwolves,0021500937,2016-03-07,MIN @ CHA,L,5,0,1,0.0,0,0,,0,0,,1,1,2,0,0,0,0,1,0,-7,2.4,1,2015-16
22015,203498,Shabazz Muhammad,1610612750,MIN,Minnesota Timberwolves,0021500937,2016-03-07,MIN @ CHA,L,18,2,6,0.333,1,3,0.333,0,0,,0,2,2,1,0,0,1,2,5,-14,7.9,1,2015-16
22015,203897,Zach LaVine,1610612750,MIN,Minnesota Timberwolves,0021500937,2016-03-07,MIN @ CHA,L,45,7,20,0.35,2,8,0.25,3,4,0.75,0,4,4,2,2,0,4,3,19,-5,28.8,1,2015-16
22015,201951,Ty Lawson,1610612754,IND,Indiana Pacers,0021500939,2016-03-07,IND vs. SAS,W,5,0,1,0.0,0,0,,0,0,,0,1,1,2,0,0,0,0,0,1,4.2,1,2015-16
22015,202331,Paul George,1610612754,IND,Indiana Pacers,0021500939,2016-03-07,IND vs. SAS,W,37,7,20,0.35,2,5,0.4,7,7,1.0,1,4,5,2,1,1,1,2,23,6,37.0,1,2015-16
22015,201585,Kosta Koufos,1610612758,SAC,Sacramento Kings,0021500941,2016-03-07,SAC @ NOP,L,7,0,1,0.0,0,0,,0,0,,0,0,0,0,1,0,0,3,0,-12,3.0,1,2015-16
22015,203112,Quincy Acy,1610612758,SAC,Sacramento Kings,0021500941,2016-03-07,SAC @ NOP,L,20,1,2,0.5,0,1,0.0,0,0,,2,6,8,2,0,0,0,3,2,1,14.6,1,2015-16
22015,2561,David West,1610612759,SAS,San Antonio Spurs,0021500939,2016-03-07,SAS @ IND,L,16,2,3,0.667,0,0,,0,0,,1,3,4,0,1,1,0,1,4,-7,14.8,1,2015-16
22015,203937,Kyle Anderson,1610612759,SAS,San Antonio Spurs,0021500939,2016-03-07,SAS @ IND,L,9,0,2,0.0,0,0,,3,4,0.75,1,4,5,0,1,0,0,1,3,-5,12.0,1,2015-16
22015,2754,Tony Allen,1610612763,MEM,Memphis Grizzlies,0021500938,2016-03-07,MEM @ CLE,W,34,11,17,0.647,1,1,1.0,3,3,1.0,1,1,2,4,5,1,2,4,26,8,50.4,1,2015-16
22015,203210,JaMychal Green,1610612763,MEM,Memphis Grizzlies,0021500938,2016-03-07,MEM @ CLE,W,37,6,13,0.462,0,2,0.0,4,4,1.0,4,6,10,6,4,2,1,1,16,15,54.0,1,2015-16
22015,2744,Al Jefferson,1610612766,CHA,Charlotte Hornets,0021500937,2016-03-07,CHA vs. MIN,W,26,9,14,0.643,0,0,,2,3,0.667,1,5,6,2,0,0,0,0,20,28,30.2,1,2015-16
22015,203469,Cody Zeller,1610612766,CHA,Charlotte Hornets,0021500937,2016-03-07,CHA vs. MIN,W,21,2,4,0.5,0,0,,2,2,1.0,0,3,3,2,1,1,3,6,6,-21,15.6,1,2015-16
22015,201950,Jrue Holiday,1610612740,NOP,New Orleans Pelicans,0021500941,2016-03-07,NOP vs. SAC,W,36,9,18,0.5,1,5,0.2,1,1,1.0,0,4,4,10,4,1,3,2,20,-4,51.8,1,2015-16
22015,2571,Leandro Barbosa,1610612744,GSW,Golden State Warriors,0021500943,2016-03-07,GSW vs. ORL,W,15,4,6,0.667,1,2,0.5,0,0,,0,2,2,1,0,0,0,3,9,4,12.9,1,2015-16
22015,2733,Shaun Livingston,1610612744,GSW,Golden State Warriors,0021500943,2016-03-07,GSW vs. ORL,W,21,3,6,0.5,0,0,,3,4,0.75,0,2,2,2,1,1,2,0,9,-3,18.4,1,2015-16
22015,101106,Andrew Bogut,1610612744,GSW,Golden State Warriors,0021500943,2016-03-07,GSW vs. ORL,W,23,2,2,1.0,0,0,,0,0,,2,8,10,6,3,2,5,6,4,18,35.0,1,2015-16
22015,203473,Dewayne Dedmon,1610612753,ORL,Orlando Magic,0021500943,2016-03-07,ORL @ GSW,L,9,1,2,0.5,0,0,,0,0,,0,4,4,0,1,0,0,1,2,2,9.8,1,2015-16
22015,203463,Ben McLemore,1610612758,SAC,Sacramento Kings,0021500941,2016-03-07,SAC @ NOP,L,13,0,1,0.0,0,0,,2,2,1.0,0,0,0,1,1,0,1,3,2,1,5.5,1,2015-16
22015,203087,Jeremy Lamb,1610612766,CHA,Charlotte Hornets,0021500937,2016-03-07,CHA vs. MIN,W,16,3,6,0.5,1,3,0.333,0,0,,1,3,4,1,0,0,0,2,7,18,13.3,1,2015-16
22015,201589,Darrell Arthur,1610612743,DEN,Denver Nuggets,0021500946,2016-03-08,DEN vs. NYK,W,24,4,6,0.667,2,3,0.667,0,0,,0,0,0,1,0,0,0,5,10,8,11.5,1,2015-16
22015,203115,Will Barton,1610612743,DEN,Denver Nuggets,0021500946,2016-03-08,DEN vs. NYK,W,21,3,8,0.375,0,0,,0,2,0.0,2,3,5,3,2,0,0,2,6,-7,22.5,1,2015-16
22015,201156,Nick Young,1610612747,LAL,Los Angeles Lakers,0021500949,2016-03-08,LAL vs. ORL,W,23,0,5,0.0,0,3,0.0,0,0,,0,1,1,1,0,0,0,0,0,3,2.7,1,2015-16
22015,203903,Jordan Clarkson,1610612747,LAL,Los Angeles Lakers,0021500949,2016-03-08,LAL vs. ORL,W,36,9,17,0.529,5,12,0.417,1,1,1.0,0,5,5,3,0,0,1,3,24,15,33.5,1,2015-16
22015,201937,Ricky Rubio,1610612750,MIN,Minnesota Timberwolves,0021500945,2016-03-08,MIN vs. SAS,L,21,1,5,0.2,0,1,0.0,0,0,,1,3,4,3,0,0,2,4,2,-26,9.3,1,2015-16
22015,202962,Greg Smith,1610612750,MIN,Minnesota Timberwolves,0021500945,2016-03-08,MIN vs. SAS,L,5,0,0,,0,0,,1,2,0.5,1,0,1,0,0,0,1,2,1,-7,1.2,1,2015-16
22015,1626157,Karl-Anthony Towns,1610612750,MIN,Minnesota Timberwolves,0021500945,2016-03-08,MIN vs. SAS,L,36,9,17,0.529,0,2,0.0,1,2,0.5,4,5,9,1,0,0,3,1,19,-19,28.3,1,2015-16
22015,202388,Donald Sloan,1610612751,BKN,Brooklyn Nets,0021500944,2016-03-08,BKN @ TOR,L,28,1,6,0.167,0,0,,0,0,,0,2,2,5,1,0,3,5,2,-8,11.9,1,2015-16
22015,203080,Thomas Robinson,1610612751,BKN,Brooklyn Nets,0021500944,2016-03-08,BKN @ TOR,L,12,1,3,0.333,0,0,,0,0,,1,4,5,2,2,0,0,3,2,-3,17.0,1,2015-16
22015,203499,Shane Larkin,1610612751,BKN,Brooklyn Nets,0021500944,2016-03-08,BKN @ TOR,L,20,2,5,0.4,0,1,0.0,0,0,,0,0,0,3,0,0,2,0,4,3,6.5,1,2015-16
22015,203900,Markel Brown,1610612751,BKN,Brooklyn Nets,0021500944,2016-03-08,BKN @ TOR,L,20,2,6,0.333,0,0,,0,0,,0,0,0,3,0,0,1,1,4,-8,7.5,1,2015-16
22015,202682,Derrick Williams,1610612752,NYK,New York Knicks,0021500946,2016-03-08,NYK @ DEN,L,21,5,10,0.5,3,4,0.75,2,2,1.0,1,3,4,3,0,0,1,0,15,-9,23.3,1,2015-16
22015,203094,Andrew Nicholson,1610612753,ORL,Orlando Magic,0021500949,2016-03-08,ORL @ LAL,L,10,1,3,0.333,0,1,0.0,0,0,,0,1,1,0,0,0,1,0,2,2,2.2,1,2015-16
22015,203148,Brian Roberts,1610612757,POR,Portland Trail Blazers,0021500948,2016-03-08,POR vs. WAS,W,6,2,3,0.667,0,1,0.0,0,0,,0,0,0,0,0,0,0,1,4,-5,4.0,1,2015-16
22015,203937,Kyle Anderson,1610612759,SAS,San Antonio Spurs,0021500945,2016-03-08,SAS @ MIN,W,21,4,5,0.8,0,0,,0,0,,2,4,6,2,3,0,4,4,8,-10,23.2,1,2015-16
22015,202687,Bismack Biyombo,1610612761,TOR,Toronto Raptors,0021500944,2016-03-08,TOR vs. BKN,W,26,3,4,0.75,0,0,,0,0,,4,6,10,1,2,2,3,4,6,8,28.5,1,2015-16
22015,203497,Rudy Gobert,1610612762,UTA,Utah Jazz,0021500947,2016-03-08,UTA vs. ATL,L,33,3,4,0.75,0,0,,0,2,0.0,4,11,15,2,2,0,6,2,6,-19,27.0,1,2015-16
22015,203918,Rodney Hood,1610612762,UTA,Utah Jazz,0021500947,2016-03-08,UTA vs. ATL,L,38,6,16,0.375,3,10,0.3,1,1,1.0,2,4,6,3,1,0,0,2,16,-1,30.7,1,2015-16
22015,2403,Nene,1610612764,WAS,Washington Wizards,0021500948,2016-03-08,WAS @ POR,L,20,4,12,0.333,0,0,,2,4,0.5,1,2,3,4,1,0,1,3,10,-6,21.6,1,2015-16
22015,101162,Marcin Gortat,1610612764,WAS,Washington Wizards,0021500948,2016-03-08,WAS @ POR,L,33,8,12,0.667,0,0,,3,4,0.75,5,5,10,1,0,1,3,6,19,2,32.5,1,2015-16
22015,101187,Alan Anderson,1610612764,WAS,Washington Wizards,0021500948,2016-03-08,WAS @ POR,L,1,0,0,,0,0,,0,0,,0,0,0,0,0,0,0,0,0,-4,0.0,1,2015-16
22015,200794,Paul Millsap,1610612737,ATL,Atlanta Hawks,0021500947,2016-03-08,ATL @ UTA,W,34,8,12,0.667,0,1,0.0,2,4,0.5,0,9,9,2,3,0,2,3,18,10,38.8,1,2015-16
22015,201143,Al Horford,1610612737,ATL,Atlanta Hawks,0021500947,2016-03-08,ATL @ UTA,W,35,5,7,0.714,1,2,0.5,0,0,,2,5,7,1,1,1,1,1,11,0,25.9,1,2015-16
22015,203914,Gary Harris,1610612743,DEN,Denver Nuggets,0021500946,2016-03-08,DEN vs. NYK,W,33,6,11,0.545,2,4,0.5,2,2,1.0,0,4,4,4,1,1,1,1,16,19,31.8,1,2015-16
22015,203999,Nikola Jokić,1610612743,DEN,Denver Nuggets,0021500946,2016-03-08,DEN vs. NYK,W,34,9,20,0.45,0,1,0.0,2,4,0.5,3,6,9,3,1,1,1,0,20,10,40.3,1,2015-16
22015,1626144,Emmanuel Mudiay,1610612743,DEN,Denver Nuggets,0021500946,2016-03-08,DEN vs. NYK,W,31,6,19,0.316,1,4,0.25,2,2,1.0,0,7,7,5,0,0,1,1,15,17,29.9,1,2015-16
22015,1626253,Axel Toupane,1610612743,DEN,Denver Nuggets,0021500946,2016-03-08,DEN vs. NYK,W,14,2,5,0.4,0,3,0.0,1,1,1.0,0,0,0,1,1,0,0,3,5,-2,9.5,1,2015-16
22015,201579,Roy Hibbert,1610612747,LAL,Los Angeles Lakers,0021500949,2016-03-08,LAL vs. ORL,W,21,2,3,0.667,0,0,,2,4,0.5,1,1,2,3,0,1,0,3,6,7,15.9,1,2015-16
22015,203527,Ryan Kelly,1610612747,LAL,Los Angeles Lakers,0021500949,2016-03-08,LAL vs. ORL,W,9,0,1,0.0,0,0,,2,2,1.0,1,0,1,0,0,0,0,2,2,5,3.2,1,2015-16
22015,1626204,Larry Nance Jr.,1610612747,LAL,Los Angeles Lakers,0021500949,2016-03-08,LAL vs. ORL,W,20,4,9,0.444,0,1,0.0,0,0,,4,6,10,0,2,0,2,2,8,-4,24.0,1,2015-16
22015,201152,Thaddeus Young,1610612751,BKN,Brooklyn Nets,0021500944,2016-03-08,BKN @ TOR,L,32,7,15,0.467,0,1,0.0,0,0,,1,3,4,1,0,1,1,5,14,0,22.3,1,2015-16
22015,202711,Bojan Bogdanovic,1610612751,BKN,Brooklyn Nets,0021500944,2016-03-08,BKN @ TOR,L,32,5,9,0.556,2,2,1.0,0,0,,0,5,5,2,2,0,2,0,12,3,25.0,1,2015-16
22015,201167,Arron Afflalo,1610612752,NYK,New York Knicks,0021500946,2016-03-08,NYK @ DEN,L,36,3,8,0.375,1,2,0.5,2,2,1.0,0,4,4,2,0,0,0,1,9,-12,16.8,1,2015-16
22015,202338,Kevin Seraphin,1610612752,NYK,New York Knicks,0021500946,2016-03-08,NYK @ DEN,L,14,1,4,0.25,0,0,,0,0,,0,1,1,0,0,1,1,3,2,2,5.2,1,2015-16
22015,204001,Kristaps Porziņģis,1610612752,NYK,New York Knicks,0021500946,2016-03-08,NYK @ DEN,L,20,3,11,0.273,0,3,0.0,0,0,,0,5,5,3,1,2,3,3,6,-8,22.5,1,2015-16
22015,1626170,Jerian Grant,1610612752,NYK,New York Knicks,0021500946,2016-03-08,NYK @ DEN,L,22,1,2,0.5,0,1,0.0,5,6,0.833,0,7,7,2,0,1,2,4,7,-10,19.4,1,2015-16
22015,203906,Devyn Marble,1610612753,ORL,Orlando Magic,0021500949,2016-03-08,ORL @ LAL,L,2,1,1,1.0,0,0,,0,0,,0,0,0,0,0,0,0,0,2,6,2.0,1,2015-16
22015,1626209,Mario Hezonja,1610612753,ORL,Orlando Magic,0021500949,2016-03-08,ORL @ LAL,L,16,2,6,0.333,1,3,0.333,1,1,1.0,0,1,1,0,0,0,1,2,6,-1,6.2,1,2015-16
22015,203086,Meyers Leonard,1610612757,POR,Portland Trail Blazers,0021500948,2016-03-08,POR vs. WAS,W,25,4,6,0.667,1,2,0.5,1,2,0.5,0,6,6,3,0,0,2,5,10,11,19.7,1,2015-16
22015,203486,Mason Plumlee,1610612757,POR,Portland Trail Blazers,0021500948,2016-03-08,POR vs. WAS,W,22,3,5,0.6,0,0,,1,4,0.25,2,2,4,2,0,1,4,5,7,-10,13.8,1,2015-16
22015,201980,Danny Green,1610612759,SAS,San Antonio Spurs,0021500945,2016-03-08,SAS @ MIN,W,32,4,11,0.364,1,5,0.2,0,0,,1,4,5,3,2,2,1,2,9,34,30.5,1,2015-16
22015,202695,Kawhi Leonard,1610612759,SAS,San Antonio Spurs,0021500945,2016-03-08,SAS @ MIN,W,25,6,12,0.5,0,1,0.0,3,3,1.0,1,4,5,2,1,0,0,1,15,29,27.0,1,2015-16
22015,202714,Shelvin Mack,1610612762,UTA,Utah Jazz,0021500947,2016-03-08,UTA vs. ATL,L,27,2,13,0.154,1,3,0.333,0,0,,1,6,7,4,0,0,3,3,5,-3,16.4,1,2015-16
22015,203526,Raul Neto,1610612762,UTA,Utah Jazz,0021500947,2016-03-08,UTA vs. ATL,L,14,2,6,0.333,0,3,0.0,0,0,,0,1,1,1,1,0,2,0,4,-5,7.7,1,2015-16
22015,202066,Garrett Temple,1610612764,WAS,Washington Wizards,0021500948,2016-03-08,WAS @ POR,L,31,3,6,0.5,2,3,0.667,0,0,,0,4,4,4,1,0,1,3,8,-6,20.8,1,2015-16
22015,202322,John Wall,1610612764,WAS,Washington Wizards,0021500948,2016-03-08,WAS @ POR,L,40,8,25,0.32,3,6,0.5,1,4,0.25,1,4,5,11,2,3,1,4,20,-13,56.5,1,2015-16
22015,202693,Markieff Morris,1610612764,WAS,Washington Wizards,0021500948,2016-03-08,WAS @ POR,L,28,4,12,0.333,0,2,0.0,0,0,,1,6,7,0,0,1,3,5,8,-7,16.4,1,2015-16
22015,203145,Kent Bazemore,1610612737,ATL,Atlanta Hawks,0021500947,2016-03-08,ATL @ UTA,W,29,3,7,0.429,0,2,0.0,0,1,0.0,0,5,5,1,1,0,1,4,6,15,15.5,1,2015-16
22015,203471,Dennis Schröder,1610612737,ATL,Atlanta Hawks,0021500947,2016-03-08,ATL @ UTA,W,16,3,11,0.273,1,4,0.25,0,0,,0,1,1,4,1,0,2,1,7,0,15.2,1,2015-16
22015,203501,Tim Hardaway Jr.,1610612737,ATL,Atlanta Hawks,0021500947,2016-03-08,ATL @ UTA,W,17,2,4,0.5,1,3,0.333,1,1,1.0,0,1,1,0,0,0,1,1,6,2,6.2,1,2015-16
22015,2034,Mike Miller,1610612743,DEN,Denver Nuggets,0021500946,2016-03-08,DEN vs. NYK,W,4,0,0,,0,0,,0,0,,0,0,0,0,0,0,0,0,0,-1,0.0,1,2015-16
22015,201571,D.J. Augustin,1610612743,DEN,Denver Nuggets,0021500946,2016-03-08,DEN vs. NYK,W,21,3,8,0.375,1,5,0.2,3,3,1.0,0,2,2,6,1,0,2,0,10,7,22.4,1,2015-16
22015,202702,Kenneth Faried,1610612743,DEN,Denver Nuggets,0021500946,2016-03-08,DEN vs. NYK,W,28,10,16,0.625,0,0,,4,5,0.8,6,4,10,0,1,1,1,1,24,22,41.0,1,2015-16
22015,203476,Gorgui Dieng,1610612750,MIN,Minnesota Timberwolves,0021500945,2016-03-08,MIN vs. SAS,L,28,1,7,0.143,0,0,,2,2,1.0,0,4,4,1,2,2,2,4,4,-12,20.3,1,2015-16
22015,203498,Shabazz Muhammad,1610612750,MIN,Minnesota Timberwolves,0021500945,2016-03-08,MIN vs. SAS,L,21,2,5,0.4,0,1,0.0,7,8,0.875,1,1,2,1,1,0,0,1,11,0,17.9,1,2015-16
22015,203897,Zach LaVine,1610612750,MIN,Minnesota Timberwolves,0021500945,2016-03-08,MIN vs. SAS,L,36,7,10,0.7,1,3,0.333,0,1,0.0,0,2,2,3,0,0,1,1,15,-33,20.9,1,2015-16
22015,201572,Brook Lopez,1610612751,BKN,Brooklyn Nets,0021500944,2016-03-08,BKN @ TOR,L,35,13,17,0.765,0,0,,9,9,1.0,1,4,5,3,1,7,5,3,35,-2,64.5,1,2015-16
22015,201961,Wayne Ellington,1610612751,BKN,Brooklyn Nets,0021500944,2016-03-08,BKN @ TOR,L,29,3,7,0.429,2,4,0.5,0,0,,1,3,4,2,0,0,0,3,8,5,15.8,1,2015-16
22015,201577,Robin Lopez,1610612752,NYK,New York Knicks,0021500946,2016-03-08,NYK @ DEN,L,17,1,2,0.5,0,0,,0,0,,0,3,3,1,0,0,1,1,2,-18,6.1,1,2015-16
22015,203124,Kyle O'Quinn,1610612752,NYK,New York Knicks,0021500946,2016-03-08,NYK @ DEN,L,18,5,8,0.625,0,1,0.0,0,0,,2,3,5,1,0,1,1,2,10,-2,19.5,1,2015-16
22015,204038,Langston Galloway,1610612752,NYK,New York Knicks,0021500946,2016-03-08,NYK @ DEN,L,27,2,7,0.286,1,2,0.5,2,5,0.4,0,3,3,1,0,0,3,3,7,0,9.1,1,2015-16
22015,201228,C.J. Watson,1610612753,ORL,Orlando Magic,0021500949,2016-03-08,ORL @ LAL,L,25,2,6,0.333,0,2,0.0,6,8,0.75,1,2,3,5,1,0,2,2,10,-11,22.1,1,2015-16
22015,201943,Brandon Jennings,1610612753,ORL,Orlando Magic,0021500949,2016-03-08,ORL @ LAL,L,4,0,4,0.0,0,1,0.0,0,0,,0,0,0,1,0,0,0,0,0,-5,1.5,1,2015-16
22015,203506,Victor Oladipo,1610612753,ORL,Orlando Magic,0021500949,2016-03-08,ORL @ LAL,L,36,10,17,0.588,2,3,0.667,4,4,1.0,0,4,4,2,1,1,2,1,26,-9,37.8,1,2015-16
22015,203894,Shabazz Napier,1610612753,ORL,Orlando Magic,0021500949,2016-03-08,ORL @ LAL,L,2,0,0,,0,0,,0,0,,0,0,0,1,0,0,0,0,0,6,1.5,1,2015-16
22015,203932,Aaron Gordon,1610612753,ORL,Orlando Magic,0021500949,2016-03-08,ORL @ LAL,L,28,2,4,0.5,0,2,0.0,1,2,0.5,0,4,4,3,1,1,0,2,5,-4,20.3,1,2015-16
22015,201945,Gerald Henderson,1610612757,POR,Portland Trail Blazers,0021500948,2016-03-08,POR vs. WAS,W,30,5,13,0.385,0,1,0.0,2,2,1.0,1,6,7,0,0,1,1,2,12,16,22.4,1,2015-16
22015,203081,Damian Lillard,1610612757,POR,Portland Trail Blazers,0021500948,2016-03-08,POR vs. WAS,W,44,12,25,0.48,6,13,0.462,11,12,0.917,0,5,5,11,1,0,1,2,41,9,65.5,1,2015-16
22015,203459,Allen Crabbe,1610612757,POR,Portland Trail Blazers,0021500948,2016-03-08,POR vs. WAS,W,30,2,5,0.4,1,1,1.0,3,3,1.0,0,2,2,1,0,0,0,2,8,1,11.9,1,2015-16
22015,2446,Rasual Butler,1610612759,SAS,San Antonio Spurs,0021500945,2016-03-08,SAS @ MIN,W,5,0,1,0.0,0,1,0.0,0,0,,0,0,0,0,0,0,0,0,0,1,0.0,1,2015-16
22015,2564,Boris Diaw,1610612759,SAS,San Antonio Spurs,0021500945,2016-03-08,SAS @ MIN,W,16,3,4,0.75,0,0,,0,0,,0,2,2,3,2,0,1,1,6,-6,17.9,1,2015-16
22015,2588,Matt Bonner,1610612759,SAS,San Antonio Spurs,0021500945,2016-03-08,SAS @ MIN,W,10,2,4,0.5,1,3,0.333,0,0,,0,2,2,1,0,0,0,0,5,4,8.9,1,2015-16
22015,201988,Patty Mills,1610612759,SAS,San Antonio Spurs,0021500945,2016-03-08,SAS @ MIN,W,18,3,11,0.273,1,8,0.125,0,0,,1,1,2,4,0,0,1,2,7,0,14.4,1,2015-16
22015,1626246,Boban Marjanovic,1610612759,SAS,San Antonio Spurs,0021500945,2016-03-08,SAS @ MIN,W,10,0,4,0.0,0,0,,0,0,,2,6,8,0,0,0,0,0,0,6,9.6,1,2015-16
22015,201942,DeMar DeRozan,1610612761,TOR,Toronto Raptors,0021500944,2016-03-08,TOR vs. BKN,W,38,8,18,0.444,0,1,0.0,9,9,1.0,1,2,3,2,4,0,5,1,25,2,38.6,1,2015-16
22015,202685,Jonas Valančiūnas,1610612761,TOR,Toronto Raptors,0021500944,2016-03-08,TOR vs. BKN,W,21,4,8,0.5,0,0,,2,2,1.0,1,2,3,2,0,0,0,2,10,-3,16.6,1,2015-16
22015,203082,Terrence Ross,1610612761,TOR,Toronto Raptors,0021500944,2016-03-08,TOR vs. BKN,W,24,4,9,0.444,3,5,0.6,0,0,,1,5,6,1,0,1,0,1,11,2,22.7,1,2015-16
22015,202330,Gordon Hayward,1610612762,UTA,Utah Jazz,0021500947,2016-03-08,UTA vs. ATL,L,38,6,18,0.333,2,5,0.4,8,9,0.889,1,5,6,3,1,1,4,0,22,-7,35.7,1,2015-16
22015,203187,Chris Johnson,1610612762,UTA,Utah Jazz,0021500947,2016-03-08,UTA vs. ATL,L,5,1,2,0.5,0,0,,0,0,,0,1,1,0,0,0,0,0,2,-11,3.2,1,2015-16
22015,201162,Jared Dudley,1610612764,WAS,Washington Wizards,0021500948,2016-03-08,WAS @ POR,L,39,6,10,0.6,1,4,0.25,3,4,0.75,2,3,5,1,2,0,1,5,16,-3,28.5,1,2015-16
22015,203490,Otto Porter Jr.,1610612764,WAS,Washington Wizards,0021500948,2016-03-08,WAS @ POR,L,30,3,8,0.375,1,2,0.5,0,0,,1,3,4,0,2,0,0,0,7,-5,17.8,1,2015-16
22015,1626162,Kelly Oubre Jr.,1610612764,WAS,Washington Wizards,0021500948,2016-03-08,WAS @ POR,L,10,0,2,0.0,0,0,,0,2,0.0,0,3,3,0,1,0,0,2,0,6,6.6,1,2015-16
22015,2743,Kris Humphries,1610612737,ATL,Atlanta Hawks,0021500947,2016-03-08,ATL @ UTA,W,18,4,9,0.444,0,2,0.0,0,2,0.0,0,2,2,0,0,1,0,3,8,8,13.4,1,2015-16
22015,203960,JaKarr Sampson,1610612743,DEN,Denver Nuggets,0021500946,2016-03-08,DEN vs. NYK,W,17,1,3,0.333,0,1,0.0,0,0,,0,2,2,1,1,0,0,4,2,12,8.9,1,2015-16
22015,1626156,D'Angelo Russell,1610612747,LAL,Los Angeles Lakers,0021500949,2016-03-08,LAL vs. ORL,W,36,11,19,0.579,2,6,0.333,3,4,0.75,1,1,2,3,3,0,2,3,27,0,40.9,1,2015-16
22015,1626273,Marcelo Huertas,1610612747,LAL,Los Angeles Lakers,0021500949,2016-03-08,LAL vs. ORL,W,23,2,5,0.4,1,2,0.5,0,0,,0,6,6,5,0,0,6,0,5,3,13.7,1,2015-16
22015,203940,Adreian Payne,1610612750,MIN,Minnesota Timberwolves,0021500945,2016-03-08,MIN vs. SAS,L,21,3,6,0.5,0,0,,0,0,,0,3,3,2,1,0,1,2,6,-12,14.6,1,2015-16
22015,201160,Jason Smith,1610612753,ORL,Orlando Magic,0021500949,2016-03-08,ORL @ LAL,L,24,5,10,0.5,0,0,,0,1,0.0,0,2,2,0,0,1,1,6,10,-2,14.4,1,2015-16
22015,202329,Al-Farouq Aminu,1610612757,POR,Portland Trail Blazers,0021500948,2016-03-08,POR vs. WAS,W,28,2,8,0.25,0,1,0.0,1,2,0.5,5,3,8,1,0,1,3,0,5,-4,16.1,1,2015-16
22015,202334,Ed Davis,1610612757,POR,Portland Trail Blazers,0021500948,2016-03-08,POR vs. WAS,W,32,4,6,0.667,0,0,,1,2,0.5,5,10,15,4,1,1,1,3,9,15,38.0,1,2015-16
22015,1889,Andre Miller,1610612759,SAS,San Antonio Spurs,0021500945,2016-03-08,SAS @ MIN,W,25,5,6,0.833,1,1,1.0,2,2,1.0,0,2,2,5,1,0,1,2,13,24,24.9,1,2015-16
22015,200768,Kyle Lowry,1610612761,TOR,Toronto Raptors,0021500944,2016-03-08,TOR vs. BKN,W,42,7,16,0.438,4,8,0.5,5,9,0.556,1,3,4,9,1,0,5,0,23,7,39.3,1,2015-16
22015,201574,Jason Thompson,1610612761,TOR,Toronto Raptors,0021500944,2016-03-08,TOR vs. BKN,W,24,4,6,0.667,1,2,0.5,0,0,,1,4,5,2,1,2,2,3,9,-2,25.0,1,2015-16
22015,202709,Cory Joseph,1610612761,TOR,Toronto Raptors,0021500944,2016-03-08,TOR vs. BKN,W,20,2,5,0.4,0,1,0.0,0,0,,1,2,3,3,0,0,0,3,4,5,12.1,1,2015-16
22015,1626181,Norman Powell,1610612761,TOR,Toronto Raptors,0021500944,2016-03-08,TOR vs. BKN,W,21,1,4,0.25,1,2,0.5,2,2,1.0,1,2,3,2,0,1,1,0,5,-1,13.6,1,2015-16
22015,202344,Trevor Booker,1610612762,UTA,Utah Jazz,0021500947,2016-03-08,UTA vs. ATL,L,20,2,4,0.5,0,0,,4,4,1.0,1,4,5,0,2,0,0,1,8,6,20.0,1,2015-16
22015,1626168,Trey Lyles,1610612762,UTA,Utah Jazz,0021500947,2016-03-08,UTA vs. ATL,L,6,0,1,0.0,0,0,,1,2,0.5,0,0,0,0,0,0,0,2,1,-7,1.0,1,2015-16
22015,201196,Ramon Sessions,1610612764,WAS,Washington Wizards,0021500948,2016-03-08,WAS @ POR,L,34,9,12,0.75,1,3,0.333,2,5,0.4,1,3,4,5,0,0,2,0,21,1,31.3,1,2015-16
22015,2594,Kyle Korver,1610612737,ATL,Atlanta Hawks,0021500947,2016-03-08,ATL @ UTA,W,26,3,7,0.429,2,5,0.4,0,0,,0,4,4,0,0,0,1,1,8,14,11.8,1,2015-16
22015,200757,Thabo Sefolosha,1610612737,ATL,Atlanta Hawks,0021500947,2016-03-08,ATL @ UTA,W,24,0,3,0.0,0,0,,1,2,0.5,2,6,8,1,1,1,3,1,1,-16,15.1,1,2015-16
22015,201952,Jeff Teague,1610612737,ATL,Atlanta Hawks,0021500947,2016-03-08,ATL @ UTA,W,32,9,18,0.5,3,6,0.5,3,4,0.75,0,3,3,6,2,1,4,2,24,7,41.6,1,2015-16
22015,203118,Mike Scott,1610612737,ATL,Atlanta Hawks,0021500947,2016-03-08,ATL @ UTA,W,9,1,2,0.5,0,0,,0,0,,0,1,1,0,0,0,1,2,2,-5,2.2,1,2015-16
22015,203952,Andrew Wiggins,1610612750,MIN,Minnesota Timberwolves,0021500945,2016-03-08,MIN vs. SAS,L,39,9,21,0.429,1,3,0.333,4,4,1.0,0,8,8,1,1,0,5,1,23,-17,32.1,1,2015-16
22015,204014,Damjan Rudez,1610612750,MIN,Minnesota Timberwolves,0021500945,2016-03-08,MIN vs. SAS,L,7,0,1,0.0,0,1,0.0,0,0,,0,2,2,0,0,0,0,0,0,0,2.4,1,2015-16
22015,1626145,Tyus Jones,1610612750,MIN,Minnesota Timberwolves,0021500945,2016-03-08,MIN vs. SAS,L,27,4,7,0.571,2,4,0.5,0,0,,0,0,0,6,0,0,0,1,10,1,19.0,1,2015-16
22015,203930,Sean Kilpatrick,1610612751,BKN,Brooklyn Nets,0021500944,2016-03-08,BKN @ TOR,L,15,3,7,0.429,2,4,0.5,0,0,,0,0,0,0,0,0,1,2,8,-10,7.0,1,2015-16
22015,2546,Carmelo Anthony,1610612752,NYK,New York Knicks,0021500946,2016-03-08,NYK @ DEN,L,39,9,18,0.5,1,4,0.25,11,11,1.0,2,5,7,4,0,3,4,2,30,-17,49.4,1,2015-16
22015,101181,Jose Calderon,1610612752,NYK,New York Knicks,0021500946,2016-03-08,NYK @ DEN,L,26,3,5,0.6,0,1,0.0,0,0,,1,3,4,4,0,1,0,1,6,-6,19.8,1,2015-16
22015,101141,Ersan Ilyasova,1610612753,ORL,Orlando Magic,0021500949,2016-03-08,ORL @ LAL,L,14,1,5,0.2,0,2,0.0,0,0,,0,4,4,1,0,0,0,4,2,-9,8.3,1,2015-16
22015,203468,CJ McCollum,1610612757,POR,Portland Trail Blazers,0021500948,2016-03-08,POR vs. WAS,W,36,7,16,0.438,2,5,0.4,2,2,1.0,0,3,3,2,0,0,6,4,18,4,18.6,1,2015-16
22015,203943,Noah Vonleh,1610612757,POR,Portland Trail Blazers,0021500948,2016-03-08,POR vs. WAS,W,11,0,2,0.0,0,0,,2,2,1.0,0,3,3,0,0,0,2,3,2,-2,3.6,1,2015-16
22015,2561,David West,1610612759,SAS,San Antonio Spurs,0021500945,2016-03-08,SAS @ MIN,W,31,7,9,0.778,0,0,,4,4,1.0,0,4,4,3,2,1,1,2,18,19,35.3,1,2015-16
22015,200746,LaMarcus Aldridge,1610612759,SAS,San Antonio Spurs,0021500945,2016-03-08,SAS @ MIN,W,29,11,13,0.846,0,0,,7,8,0.875,1,6,7,4,1,4,0,1,29,27,58.4,1,2015-16
22015,203613,Jonathon Simmons,1610612759,SAS,San Antonio Spurs,0021500945,2016-03-08,SAS @ MIN,W,18,2,5,0.4,0,0,,2,2,1.0,1,2,3,1,1,0,0,1,6,-3,14.1,1,2015-16
22015,202324,Derrick Favors,1610612762,UTA,Utah Jazz,0021500947,2016-03-08,UTA vs. ATL,L,36,7,15,0.467,0,0,,2,4,0.5,4,4,8,1,2,3,3,3,16,4,39.1,1,2015-16
22015,204060,Joe Ingles,1610612762,UTA,Utah Jazz,0021500947,2016-03-08,UTA vs. ATL,L,23,1,7,0.143,1,5,0.2,1,1,1.0,2,3,5,2,1,0,2,1,4,8,14.0,1,2015-16
22015,203530,Joffrey Lauvergne,1610612743,DEN,Denver Nuggets,0021500946,2016-03-08,DEN vs. NYK,W,14,1,3,0.333,0,0,,0,0,,0,6,6,4,1,0,0,5,2,-5,18.2,1,2015-16
22015,1897,Metta World Peace,1610612747,LAL,Los Angeles Lakers,0021500949,2016-03-08,LAL vs. ORL,W,16,1,1,1.0,1,1,1.0,1,2,0.5,0,2,2,2,0,1,0,5,4,1,12.4,1,2015-16
22015,101138,Brandon Bass,1610612747,LAL,Los Angeles Lakers,0021500949,2016-03-08,LAL vs. ORL,W,24,2,5,0.4,0,0,,4,4,1.0,0,5,5,3,0,0,2,1,8,8,16.5,1,2015-16
22015,203944,Julius Randle,1610612747,LAL,Los Angeles Lakers,0021500949,2016-03-08,LAL vs. ORL,W,30,9,16,0.563,0,2,0.0,5,6,0.833,3,8,11,1,2,0,2,3,23,7,41.7,1,2015-16
22015,203186,Willie Reed,1610612751,BKN,Brooklyn Nets,0021500944,2016-03-08,BKN @ TOR,L,16,5,7,0.714,0,0,,0,0,,2,2,4,2,1,0,0,0,10,-5,20.8,1,2015-16
22015,203095,Evan Fournier,1610612753,ORL,Orlando Magic,0021500949,2016-03-08,ORL @ LAL,L,40,8,11,0.727,1,4,0.25,6,7,0.857,0,4,4,3,0,0,1,3,23,-7,31.3,1,2015-16
22015,203473,Dewayne Dedmon,1610612753,ORL,Orlando Magic,0021500949,2016-03-08,ORL @ LAL,L,20,2,2,1.0,0,0,,1,2,0.5,2,8,10,0,1,1,1,3,5,-5,22.0,1,2015-16
22015,203901,Elfrid Payton,1610612753,ORL,Orlando Magic,0021500949,2016-03-08,ORL @ LAL,L,20,3,7,0.429,1,1,1.0,0,2,0.0,1,1,2,3,1,0,1,1,7,-6,15.9,1,2015-16
22015,202335,Patrick Patterson,1610612761,TOR,Toronto Raptors,0021500944,2016-03-08,TOR vs. BKN,W,24,4,8,0.5,1,4,0.25,2,3,0.667,1,2,3,2,1,1,0,1,11,7,23.6,1,2015-16
22015,202323,Evan Turner,1610612738,BOS,Boston Celtics,0021500953,2016-03-09,BOS vs. MEM,W,30,6,10,0.6,1,1,1.0,3,4,0.75,1,3,4,8,1,0,3,2,16,14,32.8,1,2015-16
22015,203092,Tyler Zeller,1610612738,BOS,Boston Celtics,0021500953,2016-03-09,BOS vs. MEM,W,26,3,4,0.75,0,0,,3,3,1.0,1,6,7,1,0,1,1,3,9,17,20.9,1,2015-16
22015,203935,Marcus Smart,1610612738,BOS,Boston Celtics,0021500953,2016-03-09,BOS vs. MEM,W,28,4,9,0.444,2,6,0.333,0,0,,2,3,5,3,1,0,2,5,10,17,21.5,1,2015-16
22015,1626179,Terry Rozier,1610612738,BOS,Boston Celtics,0021500953,2016-03-09,BOS vs. MEM,W,2,0,0,,0,0,,0,0,,0,2,2,1,0,0,0,0,0,0,3.9,1,2015-16
22015,101112,Channing Frye,1610612739,CLE,Cleveland Cavaliers,0021500957,2016-03-09,CLE @ SAC,W,10,1,3,0.333,1,3,0.333,0,0,,0,2,2,0,0,0,0,1,3,-6,5.4,1,2015-16
22015,2570,Kendrick Perkins,1610612740,NOP,New Orleans Pelicans,0021500950,2016-03-09,NOP @ CHA,L,14,1,1,1.0,0,0,,0,2,0.0,2,5,7,1,0,1,0,4,2,3,14.9,1,2015-16
22015,201962,Toney Douglas,1610612740,NOP,New Orleans Pelicans,0021500950,2016-03-09,NOP @ CHA,L,37,5,13,0.385,3,7,0.429,1,1,1.0,1,0,1,5,0,1,2,5,14,6,23.7,1,2015-16
22015,200826,J.J. Barea,1610612742,DAL,Dallas Mavericks,0021500954,2016-03-09,DAL vs. DET,L,13,3,5,0.6,1,1,1.0,0,0,,0,1,1,2,1,0,0,0,7,-14,14.2,1,2015-16
22015,2733,Shaun Livingston,1610612744,GSW,Golden State Warriors,0021500958,2016-03-09,GSW vs. UTA,W,17,2,3,0.667,0,0,,0,0,,1,0,1,4,1,1,1,1,4,7,16.2,1,2015-16
22015,201147,Corey Brewer,1610612745,HOU,Houston Rockets,0021500951,2016-03-09,HOU @ PHI,W,16,1,4,0.25,0,2,0.0,0,2,0.0,0,2,2,2,1,0,1,0,2,-3,9.4,1,2015-16
22015,203991,Clint Capela,1610612745,HOU,Houston Rockets,0021500951,2016-03-09,HOU @ PHI,W,10,1,1,1.0,0,0,,1,2,0.5,2,0,2,0,1,0,0,1,3,3,8.4,1,2015-16
22015,2037,Jamal Crawford,1610612746,LAC,LA Clippers,0021500955,2016-03-09,LAC @ OKC,L,27,6,12,0.5,2,4,0.5,2,2,1.0,1,2,3,2,1,0,1,0,16,-8,24.6,1,2015-16
22015,200755,JJ Redick,1610612746,LAC,LA Clippers,0021500955,2016-03-09,LAC @ OKC,L,29,6,13,0.462,5,8,0.625,5,6,0.833,0,1,1,3,2,0,2,0,22,-3,31.7,1,2015-16
22015,203143,Pablo Prigioni,1610612746,LAC,LA Clippers,0021500955,2016-03-09,LAC @ OKC,L,11,0,2,0.0,0,2,0.0,0,0,,1,0,1,3,1,0,1,0,0,-6,7.7,1,2015-16
22015,2548,Dwyane Wade,1610612748,MIA,Miami Heat,0021500952,2016-03-09,MIA @ MIL,L,34,6,14,0.429,0,1,0.0,6,6,1.0,0,3,3,6,2,0,6,5,18,-7,30.6,1,2015-16
22015,2736,Luol Deng,1610612748,MIA,Miami Heat,0021500952,2016-03-09,MIA @ MIL,L,38,9,17,0.529,2,4,0.5,0,0,,3,8,11,2,2,1,2,1,20,-12,43.2,1,2015-16
22015,202355,Hassan Whiteside,1610612748,MIA,Miami Heat,0021500952,2016-03-09,MIA @ MIL,L,29,9,13,0.692,0,0,,5,5,1.0,5,8,13,0,0,3,2,5,23,1,45.6,1,2015-16
22015,201573,Jerryd Bayless,1610612749,MIL,Milwaukee Bucks,0021500952,2016-03-09,MIL vs. MIA,W,40,2,7,0.286,1,2,0.5,1,2,0.5,1,1,2,3,0,0,0,3,6,7,12.9,1,2015-16
22015,203114,Khris Middleton,1610612749,MIL,Milwaukee Bucks,0021500952,2016-03-09,MIL vs. MIA,W,40,8,15,0.533,1,3,0.333,5,5,1.0,1,6,7,8,1,0,4,4,22,13,41.4,1,2015-16
22015,203507,Giannis Antetokounmpo,1610612749,MIL,Milwaukee Bucks,0021500952,2016-03-09,MIL vs. MIA,W,37,9,15,0.6,0,0,,6,10,0.6,2,5,7,6,2,0,2,4,24,5,45.4,1,2015-16
22015,101181,Jose Calderon,1610612752,NYK,New York Knicks,0021500956,2016-03-09,NYK @ PHX,W,34,4,6,0.667,2,3,0.667,0,0,,0,2,2,12,2,0,1,1,10,30,35.4,1,2015-16
22015,201577,Robin Lopez,1610612752,NYK,New York Knicks,0021500956,2016-03-09,NYK @ PHX,W,30,5,10,0.5,0,0,,3,4,0.75,4,4,8,3,0,5,0,2,13,7,42.1,1,2015-16
22015,1626170,Jerian Grant,1610612752,NYK,New York Knicks,0021500956,2016-03-09,NYK @ PHX,W,28,6,9,0.667,0,1,0.0,2,2,1.0,0,3,3,4,2,0,2,2,14,18,27.6,1,2015-16
22015,203924,Jerami Grant,1610612755,PHI,Philadelphia 76ers,0021500951,2016-03-09,PHI vs. HOU,L,36,5,12,0.417,1,3,0.333,2,4,0.5,0,3,3,2,1,1,2,3,13,-13,23.6,1,2015-16
22015,201978,Chase Budinger,1610612756,PHX,Phoenix Suns,0021500956,2016-03-09,PHX vs. NYK,L,8,1,2,0.5,0,1,0.0,0,0,,0,2,2,1,0,0,0,1,2,-13,5.9,1,2015-16
22015,2406,Caron Butler,1610612758,SAC,Sacramento Kings,0021500957,2016-03-09,SAC vs. CLE,L,11,2,4,0.5,1,2,0.5,2,3,0.667,0,2,2,1,0,0,0,3,7,-2,10.9,1,2015-16
22015,201954,Darren Collison,1610612758,SAC,Sacramento Kings,0021500957,2016-03-09,SAC vs. CLE,L,39,5,12,0.417,2,3,0.667,3,3,1.0,2,3,5,8,2,1,1,3,15,-5,41.0,1,2015-16
22015,200751,Randy Foye,1610612760,OKC,Oklahoma City Thunder,0021500955,2016-03-09,OKC vs. LAC,W,23,1,4,0.25,1,3,0.333,0,0,,0,3,3,3,0,1,0,1,3,10,14.1,1,2015-16
22015,201586,Serge Ibaka,1610612760,OKC,Oklahoma City Thunder,0021500955,2016-03-09,OKC vs. LAC,W,33,6,14,0.429,1,3,0.333,2,2,1.0,1,3,4,1,0,0,1,4,15,0,20.3,1,2015-16
22015,203956,Mitch McGary,1610612760,OKC,Oklahoma City Thunder,0021500955,2016-03-09,OKC vs. LAC,W,1,0,1,0.0,0,1,0.0,0,0,,0,0,0,0,0,0,0,0,0,0,0.0,1,2015-16
22015,202344,Trevor Booker,1610612762,UTA,Utah Jazz,0021500958,2016-03-09,UTA @ GSW,L,19,2,4,0.5,0,1,0.0,0,0,,3,4,7,1,0,0,1,3,4,-7,12.9,1,2015-16
22015,203504,Trey Burke,1610612762,UTA,Utah Jazz,0021500958,2016-03-09,UTA @ GSW,L,22,4,10,0.4,2,4,0.5,8,8,1.0,0,0,0,1,2,0,3,2,18,-10,22.5,1,2015-16
22015,1713,Vince Carter,1610612763,MEM,Memphis Grizzlies,0021500953,2016-03-09,MEM @ BOS,L,27,5,9,0.556,4,6,0.667,3,4,0.75,0,6,6,3,3,1,2,3,17,-19,38.7,1,2015-16
22015,2754,Tony Allen,1610612763,MEM,Memphis Grizzlies,0021500953,2016-03-09,MEM @ BOS,L,27,4,9,0.444,0,0,,4,6,0.667,2,3,5,2,2,0,4,2,12,-11,23.0,1,2015-16
22015,203798,PJ Hairston,1610612763,MEM,Memphis Grizzlies,0021500953,2016-03-09,MEM @ BOS,L,25,1,8,0.125,0,4,0.0,0,0,,2,1,3,0,1,0,0,0,2,-23,8.6,1,2015-16
22015,202694,Marcus Morris Sr.,1610612765,DET,Detroit Pistons,0021500954,2016-03-09,DET @ DAL,W,39,8,16,0.5,2,6,0.333,2,3,0.667,0,7,7,2,1,0,1,1,20,12,33.4,1,2015-16
22015,201584,Courtney Lee,1610612766,CHA,Charlotte Hornets,0021500950,2016-03-09,CHA vs. NOP,W,29,6,12,0.5,4,5,0.8,0,0,,1,5,6,1,1,0,0,2,16,2,27.7,1,2015-16
22015,202391,Jeremy Lin,1610612766,CHA,Charlotte Hornets,0021500950,2016-03-09,CHA vs. NOP,W,22,3,10,0.3,0,3,0.0,6,6,1.0,0,2,2,0,0,0,0,0,12,3,14.4,1,2015-16
22015,1626163,Frank Kaminsky,1610612766,CHA,Charlotte Hornets,0021500950,2016-03-09,CHA vs. NOP,W,18,4,8,0.5,2,3,0.667,0,0,,0,5,5,1,2,1,0,1,10,0,26.5,1,2015-16
22015,202738,Isaiah Thomas,1610612738,BOS,Boston Celtics,0021500953,2016-03-09,BOS vs. MEM,W,29,7,18,0.389,2,6,0.333,6,8,0.75,0,3,3,5,1,0,1,1,22,12,35.1,1,2015-16
22015,2210,Richard Jefferson,1610612739,CLE,Cleveland Cavaliers,0021500957,2016-03-09,CLE @ SAC,W,11,0,2,0.0,0,2,0.0,1,2,0.5,1,1,2,1,0,0,0,2,1,-9,4.9,1,2015-16
22015,203521,Matthew Dellavedova,1610612739,CLE,Cleveland Cavaliers,0021500957,2016-03-09,CLE @ SAC,W,25,2,6,0.333,2,4,0.5,1,1,1.0,0,0,0,1,0,0,0,2,7,1,8.5,1,2015-16
22015,101111,Charlie Villanueva,1610612742,DAL,Dallas Mavericks,0021500954,2016-03-09,DAL vs. DET,L,0,0,0,,0,0,,0,0,,0,0,0,0,0,0,0,1,0,0,0.0,1,2015-16
22015,201575,Brandon Rush,1610612744,GSW,Golden State Warriors,0021500958,2016-03-09,GSW vs. UTA,W,4,2,2,1.0,1,1,1.0,0,0,,0,1,1,0,0,0,1,0,5,-1,5.2,1,2015-16
22015,201578,Marreese Speights,1610612744,GSW,Golden State Warriors,0021500958,2016-03-09,GSW vs. UTA,W,15,6,10,0.6,1,4,0.25,3,4,0.75,2,3,5,4,0,0,0,3,16,17,28.0,1,2015-16
22015,201976,Patrick Beverley,1610612745,HOU,Houston Rockets,0021500951,2016-03-09,HOU @ PHI,W,32,6,14,0.429,4,7,0.571,0,0,,2,2,4,5,3,0,2,4,16,3,35.3,1,2015-16
22015,1626149,Montrezl Harrell,1610612745,HOU,Houston Rockets,0021500951,2016-03-09,HOU @ PHI,W,7,1,1,1.0,0,0,,0,0,,0,1,1,0,1,0,0,1,2,1,6.2,1,2015-16
22015,201145,Jeff Green,1610612746,LAC,LA Clippers,0021500955,2016-03-09,LAC @ OKC,L,26,10,13,0.769,3,5,0.6,0,0,,0,2,2,0,2,1,0,2,23,-2,34.4,1,2015-16
22015,203085,Austin Rivers,1610612746,LAC,LA Clippers,0021500955,2016-03-09,LAC @ OKC,L,19,1,4,0.25,1,3,0.333,2,2,1.0,0,1,1,0,0,0,1,3,5,-6,5.2,1,2015-16
22015,202328,Greg Monroe,1610612749,MIL,Milwaukee Bucks,0021500952,2016-03-09,MIL vs. MIA,W,23,4,9,0.444,0,0,,2,2,1.0,4,4,8,4,1,0,2,2,10,2,26.6,1,2015-16
22015,200811,Lou Amundson,1610612752,NYK,New York Knicks,0021500956,2016-03-09,NYK @ PHX,W,4,0,1,0.0,0,0,,0,0,,0,0,0,0,0,0,0,0,0,-2,0.0,1,2015-16
22015,203124,Kyle O'Quinn,1610612752,NYK,New York Knicks,0021500956,2016-03-09,NYK @ PHX,W,11,1,2,0.5,0,0,,2,2,1.0,0,4,4,4,1,0,1,2,4,16,16.8,1,2015-16
22015,202397,Ish Smith,1610612755,PHI,Philadelphia 76ers,0021500951,2016-03-09,PHI vs. HOU,L,35,9,18,0.5,2,7,0.286,1,1,1.0,0,2,2,5,1,0,6,3,21,-2,27.9,1,2015-16
22015,203138,Hollis Thompson,1610612755,PHI,Philadelphia 76ers,0021500951,2016-03-09,PHI vs. HOU,L,34,4,7,0.571,2,4,0.5,0,0,,0,7,7,2,0,0,0,2,10,-5,21.4,1,2015-16
22015,203477,Isaiah Canaan,1610612755,PHI,Philadelphia 76ers,0021500951,2016-03-09,PHI vs. HOU,L,24,4,13,0.308,4,9,0.444,2,2,1.0,0,1,1,4,0,0,1,3,14,-18,20.2,1,2015-16
22015,200782,P.J. Tucker,1610612756,PHX,Phoenix Suns,0021500956,2016-03-09,PHX vs. NYK,L,30,1,5,0.2,0,1,0.0,2,2,1.0,1,2,3,1,1,0,1,4,4,-16,11.1,1,2015-16
22015,201585,Kosta Koufos,1610612758,SAC,Sacramento Kings,0021500957,2016-03-09,SAC vs. CLE,L,11,2,2,1.0,0,0,,1,2,0.5,1,3,4,0,1,0,0,2,5,3,12.8,1,2015-16
22015,202326,DeMarcus Cousins,1610612758,SAC,Sacramento Kings,0021500957,2016-03-09,SAC vs. CLE,L,36,8,22,0.364,1,6,0.167,12,18,0.667,2,9,11,2,2,0,4,5,29,-11,47.2,1,2015-16
22015,202713,Kyle Singler,1610612760,OKC,Oklahoma City Thunder,0021500955,2016-03-09,OKC vs. LAC,W,20,3,6,0.5,0,0,,0,1,0.0,1,3,4,1,0,0,0,3,6,12,12.3,1,2015-16
22015,203500,Steven Adams,1610612760,OKC,Oklahoma City Thunder,0021500955,2016-03-09,OKC vs. LAC,W,30,4,8,0.5,0,0,,1,2,0.5,3,6,9,1,0,0,1,2,9,6,20.3,1,2015-16
22015,202324,Derrick Favors,1610612762,UTA,Utah Jazz,0021500958,2016-03-09,UTA @ GSW,L,27,5,12,0.417,0,0,,1,1,1.0,1,3,4,2,1,2,0,0,11,-17,27.8,1,2015-16
22015,202330,Gordon Hayward,1610612762,UTA,Utah Jazz,0021500958,2016-03-09,UTA @ GSW,L,32,5,15,0.333,2,6,0.333,4,5,0.8,0,6,6,2,1,0,3,0,16,-12,26.2,1,2015-16
22015,203210,JaMychal Green,1610612763,MEM,Memphis Grizzlies,0021500953,2016-03-09,MEM @ BOS,L,37,6,12,0.5,0,1,0.0,5,6,0.833,4,9,13,2,0,2,4,4,17,-6,37.6,1,2015-16
22015,202699,Tobias Harris,1610612765,DET,Detroit Pistons,0021500954,2016-03-09,DET @ DAL,W,39,6,11,0.545,2,6,0.333,5,5,1.0,1,6,7,5,1,0,2,2,19,1,35.9,1,2015-16
22015,2744,Al Jefferson,1610612766,CHA,Charlotte Hornets,0021500950,2016-03-09,CHA vs. NOP,W,18,1,3,0.333,0,0,,3,4,0.75,0,3,3,1,0,1,0,5,5,4,13.1,1,2015-16
22015,101107,Marvin Williams,1610612766,CHA,Charlotte Hornets,0021500950,2016-03-09,CHA vs. NOP,W,30,5,9,0.556,2,5,0.4,2,2,1.0,1,4,5,4,1,0,1,1,14,9,28.0,1,2015-16
22015,101161,Amir Johnson,1610612738,BOS,Boston Celtics,0021500953,2016-03-09,BOS vs. MEM,W,18,1,3,0.333,0,0,,1,2,0.5,1,1,2,2,0,1,2,2,3,2,9.4,1,2015-16
22015,203923,James Young,1610612738,BOS,Boston Celtics,0021500953,2016-03-09,BOS vs. MEM,W,2,0,0,,0,0,,0,0,,0,1,1,0,0,0,0,0,0,0,1.2,1,2015-16
22015,1626175,Jordan Mickey,1610612738,BOS,Boston Celtics,0021500953,2016-03-09,BOS vs. MEM,W,2,0,1,0.0,0,0,,0,0,,0,0,0,0,0,3,0,0,0,0,9.0,1,2015-16
22015,2544,LeBron James,1610612739,CLE,Cleveland Cavaliers,0021500957,2016-03-09,CLE @ SAC,W,37,8,19,0.421,1,5,0.2,8,9,0.889,4,7,11,6,0,0,5,1,25,16,42.2,1,2015-16
22015,202681,Kyrie Irving,1610612739,CLE,Cleveland Cavaliers,0021500957,2016-03-09,CLE @ SAC,W,39,11,22,0.5,3,10,0.3,5,6,0.833,0,1,1,4,1,0,2,0,30,8,38.2,1,2015-16
22015,101109,Raymond Felton,1610612742,DAL,Dallas Mavericks,0021500954,2016-03-09,DAL vs. DET,L,25,2,8,0.25,0,1,0.0,1,1,1.0,1,0,1,0,2,0,3,2,5,-10,9.2,1,2015-16
22015,201939,Stephen Curry,1610612744,GSW,Golden State Warriors,0021500958,2016-03-09,GSW vs. UTA,W,32,4,12,0.333,3,9,0.333,1,2,0.5,0,3,3,10,3,0,3,2,12,12,36.6,1,2015-16
22015,203084,Harrison Barnes,1610612744,GSW,Golden State Warriors,0021500958,2016-03-09,GSW vs. UTA,W,29,2,8,0.25,0,1,0.0,0,1,0.0,1,5,6,3,0,0,1,2,4,15,14.7,1,2015-16
22015,203110,Draymond Green,1610612744,GSW,Golden State Warriors,0021500958,2016-03-09,GSW vs. UTA,W,35,7,13,0.538,2,4,0.5,1,2,0.5,0,7,7,5,2,3,3,3,17,30,44.9,1,2015-16
22015,2772,Trevor Ariza,1610612745,HOU,Houston Rockets,0021500951,2016-03-09,HOU @ PHI,W,40,4,14,0.286,4,10,0.4,3,4,0.75,0,1,1,3,2,1,1,2,15,22,28.7,1,2015-16
22015,201563,Michael Beasley,1610612745,HOU,Houston Rockets,0021500951,2016-03-09,HOU @ PHI,W,9,2,3,0.667,0,0,,4,4,1.0,0,1,1,0,2,1,1,4,8,-2,17.2,1,2015-16
22015,201935,James Harden,1610612745,HOU,Houston Rockets,0021500951,2016-03-09,HOU @ PHI,W,41,8,26,0.308,0,8,0.0,13,13,1.0,2,7,9,8,1,1,4,4,29,19,53.8,1,2015-16
22015,202325,Wesley Johnson,1610612746,LAC,LA Clippers,0021500955,2016-03-09,LAC @ OKC,L,24,1,6,0.167,0,3,0.0,0,0,,0,3,3,2,0,0,0,3,2,-16,8.6,1,2015-16
22015,1626196,Josh Richardson,1610612748,MIA,Miami Heat,0021500952,2016-03-09,MIA @ MIL,L,24,4,6,0.667,3,4,0.75,3,4,0.75,0,2,2,2,2,1,0,2,14,6,28.4,1,2015-16
22015,1626173,Rashad Vaughn,1610612749,MIL,Milwaukee Bucks,0021500952,2016-03-09,MIL vs. MIA,W,4,0,1,0.0,0,1,0.0,0,0,,0,1,1,0,0,0,0,0,0,1,1.2,1,2015-16
22015,2756,Sasha Vujacic,1610612752,NYK,New York Knicks,0021500956,2016-03-09,NYK @ PHX,W,33,7,8,0.875,6,7,0.857,3,4,0.75,0,5,5,1,1,0,2,4,23,9,31.5,1,2015-16
22015,202682,Derrick Williams,1610612752,NYK,New York Knicks,0021500956,2016-03-09,NYK @ PHX,W,18,8,10,0.8,2,3,0.667,0,0,,0,1,1,2,1,0,1,0,18,24,24.2,1,2015-16
22015,2199,Tyson Chandler,1610612756,PHX,Phoenix Suns,0021500956,2016-03-09,PHX vs. NYK,L,26,2,4,0.5,0,0,,0,0,,3,6,9,1,0,0,3,2,4,-8,13.3,1,2015-16
22015,202720,Jon Leuer,1610612756,PHX,Phoenix Suns,0021500956,2016-03-09,PHX vs. NYK,L,12,1,5,0.2,0,0,,0,0,,1,2,3,2,1,0,1,0,2,-17,10.6,1,2015-16
22015,203098,John Jenkins,1610612756,PHX,Phoenix Suns,0021500956,2016-03-09,PHX vs. NYK,L,15,5,7,0.714,1,3,0.333,0,0,,0,0,0,1,0,0,0,1,11,-20,12.5,1,2015-16
22015,203515,Phil Pressey,1610612756,PHX,Phoenix Suns,0021500956,2016-03-09,PHX vs. NYK,L,6,0,0,,0,0,,0,0,,1,0,1,1,1,0,0,0,0,-2,5.7,1,2015-16
22015,1626164,Devin Booker,1610612756,PHX,Phoenix Suns,0021500956,2016-03-09,PHX vs. NYK,L,39,14,28,0.5,3,8,0.375,1,2,0.5,1,2,3,1,0,0,3,2,32,-25,34.1,1,2015-16
22015,203112,Quincy Acy,1610612758,SAC,Sacramento Kings,0021500957,2016-03-09,SAC vs. CLE,L,21,3,5,0.6,0,1,0.0,2,2,1.0,0,4,4,0,0,1,0,3,8,-6,15.8,1,2015-16
22015,202683,Enes Freedom,1610612760,OKC,Oklahoma City Thunder,0021500955,2016-03-09,OKC vs. LAC,W,17,7,10,0.7,0,0,,0,0,,2,5,7,0,2,0,0,0,14,6,28.4,1,2015-16
22015,203187,Chris Johnson,1610612762,UTA,Utah Jazz,0021500958,2016-03-09,UTA @ GSW,L,20,2,4,0.5,1,2,0.5,0,0,,1,2,3,0,1,0,2,2,5,-1,9.6,1,2015-16
22015,203497,Rudy Gobert,1610612762,UTA,Utah Jazz,0021500958,2016-03-09,UTA @ GSW,L,30,2,4,0.5,0,0,,5,9,0.556,8,7,15,1,1,1,0,2,9,-6,34.5,1,2015-16
22015,1626185,Jarell Martin,1610612763,MEM,Memphis Grizzlies,0021500953,2016-03-09,MEM @ BOS,L,23,7,10,0.7,0,0,,2,3,0.667,4,2,6,1,0,1,1,5,16,6,26.7,1,2015-16
22015,202704,Reggie Jackson,1610612765,DET,Detroit Pistons,0021500954,2016-03-09,DET @ DAL,W,29,4,13,0.308,2,3,0.667,1,3,0.333,3,1,4,4,0,0,0,2,11,-4,21.8,1,2015-16
22015,202689,Kemba Walker,1610612766,CHA,Charlotte Hornets,0021500950,2016-03-09,CHA vs. NOP,W,36,9,18,0.5,5,10,0.5,12,16,0.75,1,6,7,7,2,0,0,2,35,11,59.9,1,2015-16
22015,203469,Cody Zeller,1610612766,CHA,Charlotte Hornets,0021500950,2016-03-09,CHA vs. NOP,W,30,3,4,0.75,0,0,,7,9,0.778,1,7,8,0,0,1,2,3,13,5,23.6,1,2015-16
22015,202340,Avery Bradley,1610612738,BOS,Boston Celtics,0021500953,2016-03-09,BOS vs. MEM,W,36,6,14,0.429,3,8,0.375,0,0,,0,2,2,3,0,0,0,3,15,10,21.9,1,2015-16
22015,1626154,RJ Hunter,1610612738,BOS,Boston Celtics,0021500953,2016-03-09,BOS vs. MEM,W,2,1,1,1.0,1,1,1.0,0,0,,0,0,0,0,0,0,0,0,3,0,3.0,1,2015-16
22015,2747,JR Smith,1610612739,CLE,Cleveland Cavaliers,0021500957,2016-03-09,CLE @ SAC,W,28,6,13,0.462,3,9,0.333,0,0,,2,3,5,0,1,0,0,5,15,-2,24.0,1,2015-16
22015,201567,Kevin Love,1610612739,CLE,Cleveland Cavaliers,0021500957,2016-03-09,CLE @ SAC,W,35,4,13,0.308,2,8,0.25,7,7,1.0,1,9,10,3,2,1,4,3,17,19,38.5,1,2015-16
22015,202697,Iman Shumpert,1610612739,CLE,Cleveland Cavaliers,0021500957,2016-03-09,CLE @ SAC,W,19,1,4,0.25,1,3,0.333,1,2,0.5,0,5,5,2,0,0,0,2,4,6,13.0,1,2015-16
22015,201583,Ryan Anderson,1610612740,NOP,New Orleans Pelicans,0021500950,2016-03-09,NOP @ CHA,L,29,0,8,0.0,0,6,0.0,3,3,1.0,0,6,6,1,0,0,0,3,3,-4,11.7,1,2015-16
22015,201950,Jrue Holiday,1610612740,NOP,New Orleans Pelicans,0021500950,2016-03-09,NOP @ CHA,L,38,13,23,0.565,5,9,0.556,7,7,1.0,0,4,4,6,0,0,4,3,38,-4,47.8,1,2015-16
22015,202087,Alonzo Gee,1610612740,NOP,New Orleans Pelicans,0021500950,2016-03-09,NOP @ CHA,L,24,3,3,1.0,0,0,,0,0,,1,6,7,1,1,0,0,1,6,-2,18.9,1,2015-16
22015,203076,Anthony Davis,1610612740,NOP,New Orleans Pelicans,0021500950,2016-03-09,NOP @ CHA,L,39,14,26,0.538,2,7,0.286,10,12,0.833,1,12,13,5,0,1,2,2,40,-7,64.1,1,2015-16
22015,203111,Orlando Johnson,1610612740,NOP,New Orleans Pelicans,0021500950,2016-03-09,NOP @ CHA,L,21,2,7,0.286,0,3,0.0,1,2,0.5,0,3,3,0,0,0,2,1,5,-20,6.6,1,2015-16
22015,1717,Dirk Nowitzki,1610612742,DAL,Dallas Mavericks,0021500954,2016-03-09,DAL vs. DET,L,35,10,17,0.588,2,4,0.5,3,3,1.0,0,10,10,3,1,0,1,2,25,-3,43.5,1,2015-16
22015,2734,Devin Harris,1610612742,DAL,Dallas Mavericks,0021500954,2016-03-09,DAL vs. DET,L,11,1,4,0.25,0,2,0.0,0,0,,0,1,1,3,0,0,1,1,2,-7,6.7,1,2015-16
22015,101114,Deron Williams,1610612742,DAL,Dallas Mavericks,0021500954,2016-03-09,DAL vs. DET,L,37,3,13,0.231,1,6,0.167,1,2,0.5,1,4,5,9,0,1,2,3,8,9,28.5,1,2015-16
22015,2571,Leandro Barbosa,1610612744,GSW,Golden State Warriors,0021500958,2016-03-09,GSW vs. UTA,W,20,6,8,0.75,1,2,0.5,0,0,,0,0,0,2,1,0,0,4,13,5,19.0,1,2015-16
22015,101106,Andrew Bogut,1610612744,GSW,Golden State Warriors,0021500958,2016-03-09,GSW vs. UTA,W,14,3,4,0.75,0,0,,0,0,,1,3,4,2,0,3,1,2,6,1,21.8,1,2015-16
22015,203949,James Michael McAdoo,1610612744,GSW,Golden State Warriors,0021500958,2016-03-09,GSW vs. UTA,W,4,0,0,,0,0,,0,0,,0,0,0,1,0,0,1,2,0,-1,0.5,1,2015-16
22015,2730,Dwight Howard,1610612745,HOU,Houston Rockets,0021500951,2016-03-09,HOU @ PHI,W,33,9,12,0.75,0,0,,3,9,0.333,9,9,18,1,1,2,2,3,21,3,51.1,1,2015-16
22015,202700,Donatas Motiejunas,1610612745,HOU,Houston Rockets,0021500951,2016-03-09,HOU @ PHI,W,7,0,1,0.0,0,0,,0,0,,0,1,1,0,0,0,0,3,0,-4,1.2,1,2015-16
22015,203909,KJ McDaniels,1610612745,HOU,Houston Rockets,0021500951,2016-03-09,HOU @ PHI,W,17,3,4,0.75,0,1,0.0,6,6,1.0,2,1,3,0,0,0,1,2,12,14,14.6,1,2015-16
22015,101108,Chris Paul,1610612746,LAC,LA Clippers,0021500955,2016-03-09,LAC @ OKC,L,37,5,15,0.333,1,6,0.167,1,1,1.0,0,3,3,16,5,1,3,3,12,-11,54.6,1,2015-16
22015,201599,DeAndre Jordan,1610612746,LAC,LA Clippers,0021500955,2016-03-09,LAC @ OKC,L,33,7,7,1.0,0,0,,4,12,0.333,0,7,7,2,0,1,1,1,18,-7,31.4,1,2015-16
22015,2207,Joe Johnson,1610612748,MIA,Miami Heat,0021500952,2016-03-09,MIA @ MIL,L,34,5,9,0.556,1,2,0.5,0,0,,2,0,2,4,0,0,2,4,11,-1,17.4,1,2015-16
22015,2405,Amar'e Stoudemire,1610612748,MIA,Miami Heat,0021500952,2016-03-09,MIA @ MIL,L,18,3,5,0.6,0,0,,0,0,,0,1,1,1,0,3,1,2,6,-7,16.7,1,2015-16
22015,1626159,Justise Winslow,1610612748,MIA,Miami Heat,0021500952,2016-03-09,MIA @ MIL,L,26,2,7,0.286,0,1,0.0,2,2,1.0,0,4,4,2,0,0,1,1,6,4,12.8,1,2015-16
22015,2546,Carmelo Anthony,1610612752,NYK,New York Knicks,0021500956,2016-03-09,NYK @ PHX,W,31,9,15,0.6,3,4,0.75,2,3,0.667,1,6,7,1,1,1,2,0,23,9,36.9,1,2015-16
22015,202338,Kevin Seraphin,1610612752,NYK,New York Knicks,0021500956,2016-03-09,NYK @ PHX,W,4,1,3,0.333,0,0,,0,0,,1,1,2,0,0,1,0,0,2,-2,7.4,1,2015-16
22015,201171,Carl Landry,1610612755,PHI,Philadelphia 76ers,0021500951,2016-03-09,PHI vs. HOU,L,9,0,2,0.0,0,0,,6,8,0.75,3,3,6,0,0,0,1,1,6,0,12.2,1,2015-16
22015,203496,Robert Covington,1610612755,PHI,Philadelphia 76ers,0021500951,2016-03-09,PHI vs. HOU,L,35,4,10,0.4,3,8,0.375,6,8,0.75,0,7,7,4,4,1,2,4,17,0,44.4,1,2015-16
22015,101179,Ronnie Price,1610612756,PHX,Phoenix Suns,0021500956,2016-03-09,PHX vs. NYK,L,34,4,7,0.571,3,6,0.5,0,0,,0,0,0,6,2,0,2,3,11,-15,24.0,1,2015-16
22015,203141,Mirza Teletovic,1610612756,PHX,Phoenix Suns,0021500956,2016-03-09,PHX vs. NYK,L,30,4,13,0.308,2,8,0.25,1,3,0.333,1,3,4,0,1,0,0,3,11,-15,18.8,1,2015-16
22015,203462,Archie Goodwin,1610612756,PHX,Phoenix Suns,0021500956,2016-03-09,PHX vs. NYK,L,13,3,6,0.5,0,2,0.0,0,2,0.0,0,3,3,0,0,0,0,1,6,-6,9.6,1,2015-16
22015,200752,Rudy Gay,1610612758,SAC,Sacramento Kings,0021500957,2016-03-09,SAC vs. CLE,L,41,7,13,0.538,2,4,0.5,3,4,0.75,0,6,6,3,3,0,1,3,19,-7,38.7,1,2015-16
22015,200765,Rajon Rondo,1610612758,SAC,Sacramento Kings,0021500957,2016-03-09,SAC vs. CLE,L,37,5,14,0.357,1,3,0.333,0,0,,0,3,3,6,0,0,1,0,11,-17,22.6,1,2015-16
22015,201956,Omri Casspi,1610612758,SAC,Sacramento Kings,0021500957,2016-03-09,SAC vs. CLE,L,23,6,9,0.667,1,2,0.5,0,0,,0,1,1,0,0,0,2,3,13,3,12.2,1,2015-16
22015,1626161,Willie Cauley-Stein,1610612758,SAC,Sacramento Kings,0021500957,2016-03-09,SAC vs. CLE,L,12,2,2,1.0,0,0,,0,0,,0,1,1,0,0,0,0,4,4,1,5.2,1,2015-16
22015,1737,Nazr Mohammed,1610612760,OKC,Oklahoma City Thunder,0021500955,2016-03-09,OKC vs. LAC,W,1,0,0,,0,0,,0,0,,0,0,0,0,0,0,0,0,0,0,0.0,1,2015-16
22015,201142,Kevin Durant,1610612760,OKC,Oklahoma City Thunder,0021500955,2016-03-09,OKC vs. LAC,W,36,11,20,0.55,5,8,0.625,3,4,0.75,1,11,12,7,1,0,6,4,30,14,51.9,1,2015-16
22015,1626166,Cameron Payne,1610612760,OKC,Oklahoma City Thunder,0021500955,2016-03-09,OKC vs. LAC,W,4,0,1,0.0,0,0,,0,0,,0,0,0,0,0,0,1,0,0,-6,-1.0,1,2015-16
22015,202714,Shelvin Mack,1610612762,UTA,Utah Jazz,0021500958,2016-03-09,UTA @ GSW,L,28,3,9,0.333,1,1,1.0,0,0,,0,4,4,8,2,0,4,1,7,-11,25.8,1,2015-16
22015,203526,Raul Neto,1610612762,UTA,Utah Jazz,0021500958,2016-03-09,UTA @ GSW,L,21,3,9,0.333,1,2,0.5,1,2,0.5,0,1,1,1,0,0,2,2,8,-14,8.7,1,2015-16
22015,2440,Matt Barnes,1610612763,MEM,Memphis Grizzlies,0021500953,2016-03-09,MEM @ BOS,L,34,4,16,0.25,2,11,0.182,2,2,1.0,1,1,2,4,1,2,3,4,12,-17,26.4,1,2015-16
22015,200797,Ryan Hollins,1610612763,MEM,Memphis Grizzlies,0021500953,2016-03-09,MEM @ BOS,L,25,3,5,0.6,0,0,,1,2,0.5,2,4,6,0,0,0,1,0,7,-14,13.2,1,2015-16
22015,202362,Lance Stephenson,1610612763,MEM,Memphis Grizzlies,0021500953,2016-03-09,MEM @ BOS,L,21,1,8,0.125,0,1,0.0,0,0,,0,2,2,3,0,0,2,2,2,-18,6.9,1,2015-16
22015,203493,Reggie Bullock Jr.,1610612765,DET,Detroit Pistons,0021500954,2016-03-09,DET @ DAL,W,26,2,6,0.333,1,3,0.333,0,0,,2,6,8,0,0,0,2,1,5,12,12.6,1,2015-16
22015,201973,Jonas Jerebko,1610612738,BOS,Boston Celtics,0021500953,2016-03-09,BOS vs. MEM,W,23,3,4,0.75,3,4,0.75,2,2,1.0,1,4,5,0,1,1,1,4,11,22,22.0,1,2015-16
22015,203096,Jared Sullinger,1610612738,BOS,Boston Celtics,0021500953,2016-03-09,BOS vs. MEM,W,21,5,11,0.455,0,0,,2,3,0.667,0,5,5,2,3,0,2,3,12,7,28.0,1,2015-16
22015,202684,Tristan Thompson,1610612739,CLE,Cleveland Cavaliers,0021500957,2016-03-09,CLE @ SAC,W,37,6,8,0.75,0,0,,6,8,0.75,7,8,15,0,1,0,2,5,18,12,37.0,1,2015-16
22015,201600,Omer Asik,1610612740,NOP,New Orleans Pelicans,0021500950,2016-03-09,NOP @ CHA,L,6,0,0,,0,0,,0,0,,0,1,1,2,1,0,0,2,0,-12,7.2,1,2015-16
22015,2585,Zaza Pachulia,1610612742,DAL,Dallas Mavericks,0021500954,2016-03-09,DAL vs. DET,L,35,3,6,0.5,0,0,,4,5,0.8,3,10,13,1,0,0,0,3,10,8,27.1,1,2015-16
22015,101135,David Lee,1610612742,DAL,Dallas Mavericks,0021500954,2016-03-09,DAL vs. DET,L,13,2,4,0.5,0,0,,0,0,,1,3,4,1,1,1,0,2,4,-14,16.3,1,2015-16
22015,2738,Andre Iguodala,1610612744,GSW,Golden State Warriors,0021500958,2016-03-09,GSW vs. UTA,W,22,2,3,0.667,0,1,0.0,0,0,,0,4,4,3,1,0,1,0,4,8,15.3,1,2015-16
22015,2760,Anderson Varejao,1610612744,GSW,Golden State Warriors,0021500958,2016-03-09,GSW vs. UTA,W,13,4,6,0.667,0,0,,1,1,1.0,3,2,5,0,1,0,2,3,9,-1,16.0,1,2015-16
22015,202691,Klay Thompson,1610612744,GSW,Golden State Warriors,0021500958,2016-03-09,GSW vs. UTA,W,30,9,14,0.643,5,8,0.625,0,0,,0,1,1,1,1,0,1,0,23,14,27.7,1,2015-16
22015,203546,Ian Clark,1610612744,GSW,Golden State Warriors,0021500958,2016-03-09,GSW vs. UTA,W,5,1,1,1.0,0,0,,0,0,,1,1,2,1,0,0,0,1,2,-1,5.9,1,2015-16
22015,1718,Paul Pierce,1610612746,LAC,LA Clippers,0021500955,2016-03-09,LAC @ OKC,L,18,0,4,0.0,0,3,0.0,0,0,,0,2,2,1,0,1,0,3,0,4,6.9,1,2015-16
22015,202332,Cole Aldrich,1610612746,LAC,LA Clippers,0021500955,2016-03-09,LAC @ OKC,L,15,5,5,1.0,0,0,,0,0,,0,6,6,0,0,0,1,2,10,-5,16.2,1,2015-16
22015,1627293,Alex Stepheson,1610612746,LAC,LA Clippers,0021500955,2016-03-09,LAC @ OKC,L,1,0,0,,0,0,,0,0,,0,0,0,0,0,0,0,0,0,0,0.0,1,2015-16
22015,201609,Goran Dragic,1610612748,MIA,Miami Heat,0021500952,2016-03-09,MIA @ MIL,L,36,4,9,0.444,0,3,0.0,2,2,1.0,0,3,3,6,0,0,1,4,10,-14,21.6,1,2015-16
22015,203101,Miles Plumlee,1610612749,MIL,Milwaukee Bucks,0021500952,2016-03-09,MIL vs. MIA,W,24,8,12,0.667,0,0,,2,3,0.667,2,2,4,1,1,0,3,3,18,2,24.3,1,2015-16
22015,203948,Johnny O'Bryant III,1610612749,MIL,Milwaukee Bucks,0021500952,2016-03-09,MIL vs. MIA,W,8,1,1,1.0,0,0,,1,2,0.5,1,1,2,0,0,0,0,0,3,1,5.4,1,2015-16
22015,203953,Jabari Parker,1610612749,MIL,Milwaukee Bucks,0021500952,2016-03-09,MIL vs. MIA,W,38,7,13,0.538,1,1,1.0,8,11,0.727,1,2,3,0,2,0,1,1,23,-7,31.6,1,2015-16
22015,204001,Kristaps Porziņģis,1610612752,NYK,New York Knicks,0021500956,2016-03-09,NYK @ PHX,W,22,2,10,0.2,1,3,0.333,8,9,0.889,1,4,5,0,0,0,1,4,13,27,18.0,1,2015-16
22015,204038,Langston Galloway,1610612752,NYK,New York Knicks,0021500956,2016-03-09,NYK @ PHX,W,24,3,8,0.375,2,3,0.667,0,0,,0,6,6,4,0,2,0,3,8,19,27.2,1,2015-16
22015,203457,Nerlens Noel,1610612755,PHI,Philadelphia 76ers,0021500951,2016-03-09,PHI vs. HOU,L,32,7,17,0.412,0,0,,3,4,0.75,8,1,9,4,2,2,3,4,17,-9,42.8,1,2015-16
22015,204456,T.J. McConnell,1610612755,PHI,Philadelphia 76ers,0021500951,2016-03-09,PHI vs. HOU,L,13,2,3,0.667,0,1,0.0,1,1,1.0,1,2,3,2,0,0,2,1,5,-14,9.6,1,2015-16
22015,1626158,Richaun Holmes,1610612755,PHI,Philadelphia 76ers,0021500951,2016-03-09,PHI vs. HOU,L,9,0,1,0.0,0,0,,1,4,0.25,4,0,4,0,0,1,0,3,1,5,8.8,1,2015-16
22015,203458,Alex Len,1610612756,PHX,Phoenix Suns,0021500956,2016-03-09,PHX vs. NYK,L,28,4,12,0.333,0,0,,6,6,1.0,2,8,10,2,0,0,1,4,14,-18,28.0,1,2015-16
22015,202341,James Anderson,1610612758,SAC,Sacramento Kings,0021500957,2016-03-09,SAC vs. CLE,L,9,0,1,0.0,0,1,0.0,0,0,,0,1,1,0,0,0,0,1,0,-4,1.2,1,2015-16
22015,201566,Russell Westbrook,1610612760,OKC,Oklahoma City Thunder,0021500955,2016-03-09,OKC vs. LAC,W,37,9,15,0.6,0,2,0.0,7,7,1.0,2,9,11,19,2,1,7,2,25,0,68.7,1,2015-16
22015,203460,Andre Roberson,1610612760,OKC,Oklahoma City Thunder,0021500955,2016-03-09,OKC vs. LAC,W,26,6,7,0.857,1,2,0.5,0,0,,0,1,1,0,1,0,0,3,13,6,17.2,1,2015-16
22015,203481,Jeff Withey,1610612762,UTA,Utah Jazz,0021500958,2016-03-09,UTA @ GSW,L,5,0,1,0.0,0,0,,0,0,,0,0,0,1,0,0,0,1,0,1,1.5,1,2015-16
22015,201596,Mario Chalmers,1610612763,MEM,Memphis Grizzlies,0021500953,2016-03-09,MEM @ BOS,L,22,1,7,0.143,1,3,0.333,8,8,1.0,1,4,5,5,1,1,2,2,11,2,28.5,1,2015-16
22015,2581,Steve Blake,1610612765,DET,Detroit Pistons,0021500954,2016-03-09,DET @ DAL,W,19,3,4,0.75,1,1,1.0,0,0,,0,0,0,4,1,0,2,1,7,10,14.0,1,2015-16
22015,203083,Andre Drummond,1610612765,DET,Detroit Pistons,0021500954,2016-03-09,DET @ DAL,W,34,10,19,0.526,0,0,,5,14,0.357,6,11,17,1,1,1,3,3,25,0,49.9,1,2015-16
22015,203382,Aron Baynes,1610612765,DET,Detroit Pistons,0021500954,2016-03-09,DET @ DAL,W,14,0,0,,0,0,,1,2,0.5,1,2,3,0,0,2,0,2,1,6,10.6,1,2015-16
22015,203484,Kentavious Caldwell-Pope,1610612765,DET,Detroit Pistons,0021500954,2016-03-09,DET @ DAL,W,40,5,16,0.313,1,8,0.125,3,3,1.0,2,3,5,3,3,0,1,2,14,-7,32.5,1,2015-16
22015,203087,Jeremy Lamb,1610612766,CHA,Charlotte Hornets,0021500950,2016-03-09,CHA vs. NOP,W,16,1,5,0.2,0,2,0.0,0,0,,0,1,1,2,0,0,1,3,2,7,5.2,1,2015-16
22015,203109,Jae Crowder,1610612738,BOS,Boston Celtics,0021500953,2016-03-09,BOS vs. MEM,W,22,5,12,0.417,3,6,0.5,2,2,1.0,1,1,2,1,2,1,1,4,15,-1,26.9,1,2015-16
22015,201967,Dante Cunningham,1610612740,NOP,New Orleans Pelicans,0021500950,2016-03-09,NOP @ CHA,L,32,2,4,0.5,0,1,0.0,1,1,1.0,1,0,1,1,0,0,1,2,5,-5,6.7,1,2015-16
22015,202083,Wesley Matthews,1610612742,DAL,Dallas Mavericks,0021500954,2016-03-09,DAL vs. DET,L,33,4,9,0.444,2,7,0.286,0,0,,0,1,1,0,1,0,1,3,10,4,13.2,1,2015-16
22015,202718,Chandler Parsons,1610612742,DAL,Dallas Mavericks,0021500954,2016-03-09,DAL vs. DET,L,37,11,20,0.55,3,9,0.333,0,0,,1,3,4,6,0,0,0,2,25,-3,38.8,1,2015-16
22015,1891,Jason Terry,1610612745,HOU,Houston Rockets,0021500951,2016-03-09,HOU @ PHI,W,28,3,6,0.5,3,5,0.6,1,1,1.0,0,3,3,3,2,0,1,0,10,14,23.1,1,2015-16
22015,203898,Tyler Ennis,1610612749,MIL,Milwaukee Bucks,0021500952,2016-03-09,MIL vs. MIA,W,26,3,7,0.429,1,1,1.0,1,2,0.5,0,0,0,5,0,0,1,2,8,6,14.5,1,2015-16
22015,203917,Nik Stauskas,1610612755,PHI,Philadelphia 76ers,0021500951,2016-03-09,PHI vs. HOU,L,13,0,3,0.0,0,1,0.0,0,0,,0,0,0,0,0,0,1,4,0,-14,-1.0,1,2015-16
22015,201627,Anthony Morrow,1610612760,OKC,Oklahoma City Thunder,0021500955,2016-03-09,OKC vs. LAC,W,13,1,5,0.2,1,5,0.2,2,2,1.0,0,1,1,1,0,0,0,1,5,12,7.7,1,2015-16
22015,204060,Joe Ingles,1610612762,UTA,Utah Jazz,0021500958,2016-03-09,UTA @ GSW,L,22,2,4,0.5,1,2,0.5,0,0,,0,1,1,4,1,0,1,1,5,-15,14.2,1,2015-16
22015,1626168,Trey Lyles,1610612762,UTA,Utah Jazz,0021500958,2016-03-09,UTA @ GSW,L,15,4,7,0.571,0,2,0.0,3,6,0.5,1,0,1,0,0,1,2,2,11,-13,13.2,1,2015-16
22015,201587,Nicolas Batum,1610612766,CHA,Charlotte Hornets,0021500950,2016-03-09,CHA vs. NOP,W,41,6,13,0.462,2,7,0.286,1,1,1.0,0,6,6,5,0,0,1,1,15,4,28.7,1,2015-16
22015,201143,Al Horford,1610612737,ATL,Atlanta Hawks,0021500959,2016-03-10,ATL @ TOR,L,35,8,14,0.571,3,5,0.6,1,2,0.5,0,4,4,3,2,0,4,3,20,-5,31.3,1,2015-16
22015,2544,LeBron James,1610612739,CLE,Cleveland Cavaliers,0021500962,2016-03-10,CLE @ LAL,W,35,9,18,0.5,1,4,0.25,5,8,0.625,2,3,5,7,0,2,3,2,24,6,43.5,1,2015-16
22015,2747,JR Smith,1610612739,CLE,Cleveland Cavaliers,0021500962,2016-03-10,CLE @ LAL,W,34,5,10,0.5,4,7,0.571,3,4,0.75,0,2,2,2,2,1,0,4,17,7,31.4,1,2015-16
22015,203521,Matthew Dellavedova,1610612739,CLE,Cleveland Cavaliers,0021500962,2016-03-10,CLE @ LAL,W,17,4,9,0.444,3,5,0.6,0,0,,0,1,1,1,0,0,1,3,11,-1,12.7,1,2015-16
22015,201959,Taj Gibson,1610612741,CHI,Chicago Bulls,0021500960,2016-03-10,CHI @ SAS,L,22,3,7,0.429,0,0,,2,2,1.0,3,2,5,1,1,0,2,4,8,-13,16.5,1,2015-16
22015,202734,E'Twaun Moore,1610612741,CHI,Chicago Bulls,0021500960,2016-03-10,CHI @ SAS,L,36,8,12,0.667,4,5,0.8,0,0,,0,6,6,4,1,1,3,2,20,-9,36.2,1,2015-16
22015,201571,D.J. Augustin,1610612743,DEN,Denver Nuggets,0021500961,2016-03-10,DEN vs. PHX,W,20,1,4,0.25,1,3,0.333,1,2,0.5,0,6,6,6,0,0,2,4,4,14,18.2,1,2015-16
22015,203914,Gary Harris,1610612743,DEN,Denver Nuggets,0021500961,2016-03-10,DEN vs. PHX,W,32,5,11,0.455,2,5,0.4,0,0,,1,3,4,2,1,0,0,5,12,1,22.8,1,2015-16
22015,203994,Jusuf Nurkić,1610612743,DEN,Denver Nuggets,0021500961,2016-03-10,DEN vs. PHX,W,4,1,2,0.5,0,0,,0,0,,1,2,3,0,2,1,1,1,2,0,13.6,1,2015-16
22015,1626253,Axel Toupane,1610612743,DEN,Denver Nuggets,0021500961,2016-03-10,DEN vs. PHX,W,15,3,7,0.429,2,4,0.5,2,2,1.0,2,0,2,2,0,0,0,3,10,8,15.4,1,2015-16
22015,977,Kobe Bryant,1610612747,LAL,Los Angeles Lakers,0021500962,2016-03-10,LAL vs. CLE,L,32,11,16,0.688,3,4,0.75,1,2,0.5,1,4,5,2,1,1,0,1,26,-8,41.0,1,2015-16
22015,204028,Tarik Black,1610612747,LAL,Los Angeles Lakers,0021500962,2016-03-10,LAL vs. CLE,L,5,1,2,0.5,0,0,,0,0,,0,1,1,0,0,0,2,0,2,-8,1.2,1,2015-16
22015,202688,Brandon Knight,1610612756,PHX,Phoenix Suns,0021500961,2016-03-10,PHX @ DEN,L,25,2,9,0.222,2,6,0.333,4,4,1.0,0,2,2,5,0,1,3,1,10,-18,19.9,1,2015-16
22015,203515,Phil Pressey,1610612756,PHX,Phoenix Suns,0021500961,2016-03-10,PHX @ DEN,L,0,0,0,,0,0,,0,0,,0,0,0,0,0,0,0,1,0,0,0.0,1,2015-16
22015,1626164,Devin Booker,1610612756,PHX,Phoenix Suns,0021500961,2016-03-10,PHX @ DEN,L,44,12,24,0.5,1,5,0.2,10,11,0.909,0,3,3,5,1,1,5,3,35,-16,47.1,1,2015-16
22015,2755,Kevin Martin,1610612759,SAS,San Antonio Spurs,0021500960,2016-03-10,SAS vs. CHI,W,8,0,0,,0,0,,1,2,0.5,0,0,0,0,1,0,0,0,1,2,4.0,1,2015-16
22015,201988,Patty Mills,1610612759,SAS,San Antonio Spurs,0021500960,2016-03-10,SAS vs. CHI,W,17,2,9,0.222,1,5,0.2,0,0,,0,0,0,4,0,0,1,0,5,-7,10.0,1,2015-16
22015,202695,Kawhi Leonard,1610612759,SAS,San Antonio Spurs,0021500960,2016-03-10,SAS vs. CHI,W,39,10,15,0.667,4,5,0.8,5,5,1.0,1,6,7,2,2,2,1,1,29,16,51.4,1,2015-16
22015,203937,Kyle Anderson,1610612759,SAS,San Antonio Spurs,0021500960,2016-03-10,SAS vs. CHI,W,14,1,4,0.25,1,1,1.0,0,0,,0,4,4,2,2,0,0,1,3,-1,16.8,1,2015-16
22015,2449,Luis Scola,1610612761,TOR,Toronto Raptors,0021500959,2016-03-10,TOR vs. ATL,W,22,3,7,0.429,1,3,0.333,3,4,0.75,3,9,12,0,0,0,2,2,10,-5,22.4,1,2015-16
22015,201942,DeMar DeRozan,1610612761,TOR,Toronto Raptors,0021500959,2016-03-10,TOR vs. ATL,W,35,11,20,0.55,1,2,0.5,7,9,0.778,0,5,5,0,0,0,4,4,30,4,32.0,1,2015-16
22015,202335,Patrick Patterson,1610612761,TOR,Toronto Raptors,0021500959,2016-03-10,TOR vs. ATL,W,26,5,9,0.556,2,4,0.5,0,0,,2,2,4,1,0,1,0,2,12,13,21.3,1,2015-16
22015,202709,Cory Joseph,1610612761,TOR,Toronto Raptors,0021500959,2016-03-10,TOR vs. ATL,W,29,3,7,0.429,0,1,0.0,0,0,,0,3,3,3,2,0,3,4,6,8,17.1,1,2015-16
22015,203895,Jordan McRae,1610612739,CLE,Cleveland Cavaliers,0021500962,2016-03-10,CLE @ LAL,W,1,1,1,1.0,0,0,,0,0,,0,0,0,0,0,0,0,0,2,0,2.0,1,2015-16
22015,2200,Pau Gasol,1610612741,CHI,Chicago Bulls,0021500960,2016-03-10,CHI @ SAS,L,35,8,16,0.5,1,1,1.0,4,4,1.0,4,8,12,4,0,2,7,0,21,-2,40.4,1,2015-16
22015,2399,Mike Dunleavy,1610612741,CHI,Chicago Bulls,0021500960,2016-03-10,CHI @ SAS,L,29,2,8,0.25,1,5,0.2,2,3,0.667,0,6,6,3,0,0,1,3,7,-4,17.7,1,2015-16
22015,201589,Darrell Arthur,1610612743,DEN,Denver Nuggets,0021500961,2016-03-10,DEN vs. PHX,W,29,5,9,0.556,2,4,0.5,1,2,0.5,2,3,5,3,0,1,0,2,13,19,26.5,1,2015-16
22015,203903,Jordan Clarkson,1610612747,LAL,Los Angeles Lakers,0021500962,2016-03-10,LAL vs. CLE,L,34,2,12,0.167,0,6,0.0,1,1,1.0,0,1,1,1,2,0,0,0,5,-17,13.7,1,2015-16
22015,203944,Julius Randle,1610612747,LAL,Los Angeles Lakers,0021500962,2016-03-10,LAL vs. CLE,L,33,6,10,0.6,0,0,,3,3,1.0,1,8,9,1,2,0,4,4,15,-12,29.3,1,2015-16
22015,1626156,D'Angelo Russell,1610612747,LAL,Los Angeles Lakers,0021500962,2016-03-10,LAL vs. CLE,L,33,8,19,0.421,4,10,0.4,4,4,1.0,1,3,4,5,0,0,0,3,24,-1,36.3,1,2015-16
22015,1626273,Marcelo Huertas,1610612747,LAL,Los Angeles Lakers,0021500962,2016-03-10,LAL vs. CLE,L,28,6,10,0.6,0,1,0.0,1,1,1.0,0,3,3,5,1,2,1,4,13,-6,32.1,1,2015-16
22015,2199,Tyson Chandler,1610612756,PHX,Phoenix Suns,0021500961,2016-03-10,PHX @ DEN,L,22,2,4,0.5,0,0,,4,7,0.571,3,9,12,0,0,0,3,0,8,-1,19.4,1,2015-16
22015,1938,Manu Ginobili,1610612759,SAS,San Antonio Spurs,0021500960,2016-03-10,SAS vs. CHI,W,20,2,6,0.333,0,2,0.0,0,0,,0,1,1,2,2,0,1,1,4,6,13.2,1,2015-16
22015,2561,David West,1610612759,SAS,San Antonio Spurs,0021500960,2016-03-10,SAS vs. CHI,W,19,3,8,0.375,0,0,,2,2,1.0,4,2,6,1,0,1,1,3,8,13,18.7,1,2015-16
22015,2564,Boris Diaw,1610612759,SAS,San Antonio Spurs,0021500960,2016-03-10,SAS vs. CHI,W,3,1,2,0.5,0,1,0.0,0,0,,1,2,3,0,0,0,1,0,2,-3,4.6,1,2015-16
22015,201952,Jeff Teague,1610612737,ATL,Atlanta Hawks,0021500959,2016-03-10,ATL @ TOR,L,25,4,15,0.267,0,4,0.0,2,3,0.667,1,3,4,7,2,0,1,2,10,-7,30.3,1,2015-16
22015,203471,Dennis Schröder,1610612737,ATL,Atlanta Hawks,0021500959,2016-03-10,ATL @ TOR,L,25,5,9,0.556,0,1,0.0,1,1,1.0,0,2,2,5,1,0,3,4,11,-5,20.9,1,2015-16
22015,203488,Mike Muscala,1610612737,ATL,Atlanta Hawks,0021500959,2016-03-10,ATL @ TOR,L,7,1,2,0.5,0,0,,0,0,,0,0,0,0,0,0,0,2,2,-6,2.0,1,2015-16
22015,203501,Tim Hardaway Jr.,1610612737,ATL,Atlanta Hawks,0021500959,2016-03-10,ATL @ TOR,L,21,5,8,0.625,1,2,0.5,0,0,,0,0,0,0,0,0,0,0,11,-9,11.0,1,2015-16
22015,201619,Sasha Kaun,1610612739,CLE,Cleveland Cavaliers,0021500962,2016-03-10,CLE @ LAL,W,1,0,0,,0,0,,0,0,,0,0,0,0,0,0,0,0,0,-2,0.0,1,2015-16
22015,202697,Iman Shumpert,1610612739,CLE,Cleveland Cavaliers,0021500962,2016-03-10,CLE @ LAL,W,26,1,4,0.25,0,2,0.0,0,0,,0,5,5,1,0,0,1,4,2,3,8.5,1,2015-16
22015,201565,Derrick Rose,1610612741,CHI,Chicago Bulls,0021500960,2016-03-10,CHI @ SAS,L,36,9,21,0.429,1,2,0.5,2,2,1.0,2,1,3,6,0,0,2,0,21,-1,31.6,1,2015-16
22015,202702,Kenneth Faried,1610612743,DEN,Denver Nuggets,0021500961,2016-03-10,DEN vs. PHX,W,15,2,9,0.222,0,0,,0,0,,3,2,5,1,1,1,2,2,4,-4,15.5,1,2015-16
22015,203960,JaKarr Sampson,1610612743,DEN,Denver Nuggets,0021500961,2016-03-10,DEN vs. PHX,W,15,0,4,0.0,0,1,0.0,0,0,,0,2,2,1,1,2,0,1,0,-4,12.9,1,2015-16
22015,201579,Roy Hibbert,1610612747,LAL,Los Angeles Lakers,0021500962,2016-03-10,LAL vs. CLE,L,16,2,2,1.0,0,0,,0,0,,0,0,0,0,1,0,3,3,4,-11,4.0,1,2015-16
22015,101179,Ronnie Price,1610612756,PHX,Phoenix Suns,0021500961,2016-03-10,PHX @ DEN,L,38,3,8,0.375,2,7,0.286,0,2,0.0,2,1,3,5,2,0,0,3,8,-9,25.1,1,2015-16
22015,202720,Jon Leuer,1610612756,PHX,Phoenix Suns,0021500961,2016-03-10,PHX @ DEN,L,17,8,10,0.8,0,1,0.0,3,3,1.0,2,5,7,0,0,0,0,0,19,-9,27.4,1,2015-16
22015,203458,Alex Len,1610612756,PHX,Phoenix Suns,0021500961,2016-03-10,PHX @ DEN,L,33,2,13,0.154,0,0,,0,0,,3,10,13,1,0,1,1,4,4,-15,23.1,1,2015-16
22015,200768,Kyle Lowry,1610612761,TOR,Toronto Raptors,0021500959,2016-03-10,TOR vs. ATL,W,38,6,14,0.429,1,8,0.125,6,8,0.75,0,1,1,7,2,0,3,5,19,4,33.7,1,2015-16
22015,203082,Terrence Ross,1610612761,TOR,Toronto Raptors,0021500959,2016-03-10,TOR vs. ATL,W,26,5,12,0.417,2,5,0.4,0,0,,0,3,3,1,0,0,0,0,12,13,17.1,1,2015-16
22015,2743,Kris Humphries,1610612737,ATL,Atlanta Hawks,0021500959,2016-03-10,ATL @ TOR,L,15,2,6,0.333,0,1,0.0,5,6,0.833,2,2,4,0,0,0,0,3,9,-5,13.8,1,2015-16
22015,200757,Thabo Sefolosha,1610612737,ATL,Atlanta Hawks,0021500959,2016-03-10,ATL @ TOR,L,20,1,3,0.333,0,0,,1,2,0.5,1,3,4,0,0,0,1,2,3,-14,6.8,1,2015-16
22015,2592,James Jones,1610612739,CLE,Cleveland Cavaliers,0021500962,2016-03-10,CLE @ LAL,W,18,2,5,0.4,1,3,0.333,0,0,,1,1,2,0,0,0,0,0,5,-9,7.4,1,2015-16
22015,101112,Channing Frye,1610612739,CLE,Cleveland Cavaliers,0021500962,2016-03-10,CLE @ LAL,W,24,8,10,0.8,5,7,0.714,0,0,,1,6,7,1,1,0,0,3,21,23,33.9,1,2015-16
22015,202389,Timofey Mozgov,1610612739,CLE,Cleveland Cavaliers,0021500962,2016-03-10,CLE @ LAL,W,13,1,3,0.333,0,0,,0,0,,0,0,0,0,0,2,0,2,2,-7,8.0,1,2015-16
22015,202681,Kyrie Irving,1610612739,CLE,Cleveland Cavaliers,0021500962,2016-03-10,CLE @ LAL,W,37,11,20,0.55,2,7,0.286,2,2,1.0,1,1,2,9,0,1,2,2,26,19,42.9,1,2015-16
22015,202684,Tristan Thompson,1610612739,CLE,Cleveland Cavaliers,0021500962,2016-03-10,CLE @ LAL,W,34,3,5,0.6,0,0,,4,6,0.667,4,10,14,1,1,0,1,0,10,21,30.3,1,2015-16
22015,203926,Doug McDermott,1610612741,CHI,Chicago Bulls,0021500960,2016-03-10,CHI @ SAS,L,22,1,4,0.25,0,1,0.0,2,2,1.0,0,2,2,2,0,0,0,1,4,1,9.4,1,2015-16
22015,1897,Metta World Peace,1610612747,LAL,Los Angeles Lakers,0021500962,2016-03-10,LAL vs. CLE,L,14,1,3,0.333,0,1,0.0,4,6,0.667,1,2,3,1,1,0,0,1,6,-7,14.1,1,2015-16
22015,101138,Brandon Bass,1610612747,LAL,Los Angeles Lakers,0021500962,2016-03-10,LAL vs. CLE,L,24,5,5,1.0,0,0,,2,2,1.0,0,8,8,2,0,1,0,4,12,8,27.6,1,2015-16
22015,203462,Archie Goodwin,1610612756,PHX,Phoenix Suns,0021500961,2016-03-10,PHX @ DEN,L,20,3,5,0.6,0,0,,2,2,1.0,0,3,3,0,0,0,1,4,8,-14,10.6,1,2015-16
22015,2225,Tony Parker,1610612759,SAS,San Antonio Spurs,0021500960,2016-03-10,SAS vs. CHI,W,32,10,16,0.625,0,1,0.0,0,1,0.0,0,4,4,12,1,0,2,1,20,15,43.8,1,2015-16
22015,1626246,Boban Marjanovic,1610612759,SAS,San Antonio Spurs,0021500960,2016-03-10,SAS vs. CHI,W,1,0,1,0.0,0,0,,0,0,,0,0,0,0,0,0,0,0,0,-3,0.0,1,2015-16
22015,202685,Jonas Valančiūnas,1610612761,TOR,Toronto Raptors,0021500959,2016-03-10,TOR vs. ATL,W,24,3,5,0.6,0,0,,4,6,0.667,4,6,10,0,0,0,1,3,10,1,21.0,1,2015-16
22015,202687,Bismack Biyombo,1610612761,TOR,Toronto Raptors,0021500959,2016-03-10,TOR vs. ATL,W,24,1,5,0.2,0,0,,1,2,0.5,2,7,9,1,0,2,0,3,3,7,21.3,1,2015-16
22015,1626181,Norman Powell,1610612761,TOR,Toronto Raptors,0021500959,2016-03-10,TOR vs. ATL,W,17,1,3,0.333,0,1,0.0,0,0,,0,1,1,3,2,0,0,1,2,-5,13.7,1,2015-16
22015,200794,Paul Millsap,1610612737,ATL,Atlanta Hawks,0021500959,2016-03-10,ATL @ TOR,L,34,2,8,0.25,0,2,0.0,8,12,0.667,1,4,5,0,2,3,2,5,12,3,31.0,1,2015-16
22015,203145,Kent Bazemore,1610612737,ATL,Atlanta Hawks,0021500959,2016-03-10,ATL @ TOR,L,31,5,11,0.455,2,5,0.4,1,1,1.0,1,7,8,1,1,2,0,3,13,3,33.1,1,2015-16
22015,202703,Nikola Mirotic,1610612741,CHI,Chicago Bulls,0021500960,2016-03-10,CHI @ SAS,L,28,3,7,0.429,2,5,0.4,0,0,,1,9,10,2,2,1,3,3,8,4,29.0,1,2015-16
22015,203200,Justin Holiday,1610612741,CHI,Chicago Bulls,0021500960,2016-03-10,CHI @ SAS,L,21,5,8,0.625,2,3,0.667,0,0,,1,1,2,1,1,1,3,3,12,-11,18.9,1,2015-16
22015,1626171,Bobby Portis,1610612741,CHI,Chicago Bulls,0021500960,2016-03-10,CHI @ SAS,L,11,0,3,0.0,0,0,,0,0,,0,4,4,0,0,0,0,2,0,-5,4.8,1,2015-16
22015,203115,Will Barton,1610612743,DEN,Denver Nuggets,0021500961,2016-03-10,DEN vs. PHX,W,30,6,12,0.5,1,2,0.5,4,5,0.8,0,8,8,3,1,1,0,1,17,15,37.1,1,2015-16
22015,203530,Joffrey Lauvergne,1610612743,DEN,Denver Nuggets,0021500961,2016-03-10,DEN vs. PHX,W,19,2,5,0.4,0,0,,2,2,1.0,0,2,2,0,1,1,2,3,6,1,12.4,1,2015-16
22015,1626144,Emmanuel Mudiay,1610612743,DEN,Denver Nuggets,0021500961,2016-03-10,DEN vs. PHX,W,34,13,20,0.65,4,7,0.571,0,1,0.0,0,2,2,5,0,1,4,4,30,20,38.9,1,2015-16
22015,1626204,Larry Nance Jr.,1610612747,LAL,Los Angeles Lakers,0021500962,2016-03-10,LAL vs. CLE,L,20,0,1,0.0,0,0,,1,2,0.5,0,0,0,1,0,0,0,2,1,2,2.5,1,2015-16
22015,1495,Tim Duncan,1610612759,SAS,San Antonio Spurs,0021500960,2016-03-10,SAS vs. CHI,W,28,3,7,0.429,0,0,,1,3,0.333,1,2,3,4,2,0,0,1,7,3,22.6,1,2015-16
22015,1889,Andre Miller,1610612759,SAS,San Antonio Spurs,0021500960,2016-03-10,SAS vs. CHI,W,3,0,0,,0,0,,0,0,,0,0,0,0,0,0,0,0,0,-7,0.0,1,2015-16
22015,201980,Danny Green,1610612759,SAS,San Antonio Spurs,0021500960,2016-03-10,SAS vs. CHI,W,24,2,6,0.333,0,2,0.0,0,0,,1,1,2,1,2,0,0,2,4,-1,13.9,1,2015-16
22015,2594,Kyle Korver,1610612737,ATL,Atlanta Hawks,0021500959,2016-03-10,ATL @ TOR,L,26,2,6,0.333,1,3,0.333,0,0,,0,2,2,1,0,0,0,0,5,5,8.9,1,2015-16
22015,203999,Nikola Jokić,1610612743,DEN,Denver Nuggets,0021500961,2016-03-10,DEN vs. PHX,W,27,6,8,0.75,1,2,0.5,5,5,1.0,2,8,10,4,2,3,0,4,18,20,51.0,1,2015-16
22015,200782,P.J. Tucker,1610612756,PHX,Phoenix Suns,0021500961,2016-03-10,PHX @ DEN,L,19,0,9,0.0,0,5,0.0,1,2,0.5,6,0,6,1,1,0,1,0,1,-1,11.7,1,2015-16
22015,203141,Mirza Teletovic,1610612756,PHX,Phoenix Suns,0021500961,2016-03-10,PHX @ DEN,L,23,1,7,0.143,1,4,0.25,2,2,1.0,0,3,3,2,0,1,0,2,5,-7,14.6,1,2015-16
22015,200746,LaMarcus Aldridge,1610612759,SAS,San Antonio Spurs,0021500960,2016-03-10,SAS vs. CHI,W,33,10,19,0.526,0,0,,6,6,1.0,1,9,10,1,2,1,1,2,26,7,47.5,1,2015-16
22015,201973,Jonas Jerebko,1610612738,BOS,Boston Celtics,0021500965,2016-03-11,BOS vs. HOU,L,11,1,2,0.5,0,0,,0,0,,1,3,4,0,0,0,0,0,2,-10,6.8,1,2015-16
22015,202323,Evan Turner,1610612738,BOS,Boston Celtics,0021500965,2016-03-11,BOS vs. HOU,L,30,1,6,0.167,0,1,0.0,3,4,0.75,0,7,7,9,5,0,2,1,5,-3,39.9,1,2015-16
22015,203935,Marcus Smart,1610612738,BOS,Boston Celtics,0021500965,2016-03-11,BOS vs. HOU,L,29,2,8,0.25,0,4,0.0,3,4,0.75,1,3,4,0,1,0,1,2,7,3,13.8,1,2015-16
22015,1626179,Terry Rozier,1610612738,BOS,Boston Celtics,0021500965,2016-03-11,BOS vs. HOU,L,10,1,3,0.333,1,2,0.5,0,0,,3,4,7,3,0,0,1,0,3,-1,14.9,1,2015-16
22015,201962,Toney Douglas,1610612740,NOP,New Orleans Pelicans,0021500967,2016-03-11,NOP @ MEM,L,42,5,15,0.333,1,7,0.143,1,4,0.25,1,6,7,6,2,0,2,6,12,1,33.4,1,2015-16
22015,201967,Dante Cunningham,1610612740,NOP,New Orleans Pelicans,0021500967,2016-03-11,NOP @ MEM,L,46,7,11,0.636,2,5,0.4,1,2,0.5,1,5,6,1,2,4,2,5,17,-5,41.7,1,2015-16
22015,203111,Orlando Johnson,1610612740,NOP,New Orleans Pelicans,0021500967,2016-03-11,NOP @ MEM,L,5,0,4,0.0,0,0,,0,0,,0,1,1,0,0,0,0,1,0,-5,1.2,1,2015-16
22015,2399,Mike Dunleavy,1610612741,CHI,Chicago Bulls,0021500966,2016-03-11,CHI vs. MIA,L,25,3,4,0.75,1,2,0.5,1,1,1.0,0,2,2,2,1,0,2,1,8,-19,14.4,1,2015-16
22015,202703,Nikola Mirotic,1610612741,CHI,Chicago Bulls,0021500966,2016-03-11,CHI vs. MIA,L,19,1,4,0.25,0,2,0.0,4,4,1.0,0,3,3,1,1,0,1,2,6,-1,13.1,1,2015-16
22015,202734,E'Twaun Moore,1610612741,CHI,Chicago Bulls,0021500966,2016-03-11,CHI vs. MIA,L,27,3,8,0.375,0,2,0.0,0,0,,0,2,2,5,0,1,2,1,6,-16,16.9,1,2015-16
22015,203503,Tony Snell,1610612741,CHI,Chicago Bulls,0021500966,2016-03-11,CHI vs. MIA,L,10,2,3,0.667,1,2,0.5,0,0,,0,0,0,1,1,0,1,3,5,-6,8.5,1,2015-16
22015,2733,Shaun Livingston,1610612744,GSW,Golden State Warriors,0021500971,2016-03-11,GSW vs. POR,W,15,1,2,0.5,0,0,,1,1,1.0,1,0,1,0,0,2,1,0,3,-2,9.2,1,2015-16
22015,1891,Jason Terry,1610612745,HOU,Houston Rockets,0021500965,2016-03-11,HOU @ BOS,W,21,1,3,0.333,0,2,0.0,0,0,,0,0,0,1,0,0,1,0,2,-2,2.5,1,2015-16
22015,201563,Michael Beasley,1610612745,HOU,Houston Rockets,0021500965,2016-03-11,HOU @ BOS,W,15,9,19,0.474,0,0,,0,0,,5,3,8,0,1,0,1,3,18,-3,29.6,1,2015-16
22015,2037,Jamal Crawford,1610612746,LAC,LA Clippers,0021500972,2016-03-11,LAC vs. NYK,W,19,4,13,0.308,2,3,0.667,0,0,,0,1,1,1,0,0,1,2,10,-9,11.7,1,2015-16
22015,201145,Jeff Green,1610612746,LAC,LA Clippers,0021500972,2016-03-11,LAC vs. NYK,W,45,6,11,0.545,1,2,0.5,4,5,0.8,1,5,6,4,0,1,0,2,17,7,33.2,1,2015-16
22015,202325,Wesley Johnson,1610612746,LAC,LA Clippers,0021500972,2016-03-11,LAC vs. NYK,W,23,4,12,0.333,2,6,0.333,0,1,0.0,0,4,4,0,1,0,1,4,10,12,16.8,1,2015-16
22015,2736,Luol Deng,1610612748,MIA,Miami Heat,0021500966,2016-03-11,MIA @ CHI,W,32,7,12,0.583,3,5,0.6,2,2,1.0,1,5,6,2,4,0,1,3,19,29,40.2,1,2015-16
22015,101123,Gerald Green,1610612748,MIA,Miami Heat,0021500966,2016-03-11,MIA @ CHI,W,3,0,1,0.0,0,1,0.0,0,0,,0,0,0,0,0,0,0,1,0,0,0.0,1,2015-16
22015,1626159,Justise Winslow,1610612748,MIA,Miami Heat,0021500966,2016-03-11,MIA @ CHI,W,32,4,7,0.571,0,0,,0,2,0.0,1,5,6,4,3,0,0,3,8,14,30.2,1,2015-16
22015,2419,Tayshaun Prince,1610612750,MIN,Minnesota Timberwolves,0021500968,2016-03-11,MIN @ OKC,W,15,1,3,0.333,0,0,,0,0,,0,2,2,1,0,0,0,1,2,-13,5.9,1,2015-16
22015,201937,Ricky Rubio,1610612750,MIN,Minnesota Timberwolves,0021500968,2016-03-11,MIN @ OKC,W,36,4,9,0.444,3,6,0.5,2,2,1.0,0,8,8,12,3,0,0,2,13,16,49.6,1,2015-16
22015,203498,Shabazz Muhammad,1610612750,MIN,Minnesota Timberwolves,0021500968,2016-03-11,MIN @ OKC,W,15,3,9,0.333,0,3,0.0,0,0,,0,3,3,0,0,0,1,1,6,-12,8.6,1,2015-16
22015,1626145,Tyus Jones,1610612750,MIN,Minnesota Timberwolves,0021500968,2016-03-11,MIN @ OKC,W,12,2,7,0.286,1,4,0.25,0,0,,0,0,0,1,0,0,0,0,5,-13,6.5,1,2015-16
22015,201572,Brook Lopez,1610612751,BKN,Brooklyn Nets,0021500964,2016-03-11,BKN @ PHI,L,34,10,17,0.588,0,1,0.0,4,5,0.8,3,4,7,1,0,3,1,0,24,4,41.9,1,2015-16
22015,204038,Langston Galloway,1610612752,NYK,New York Knicks,0021500972,2016-03-11,NYK @ LAC,L,21,1,7,0.143,1,2,0.5,0,0,,2,3,5,2,2,1,2,3,3,-3,19.0,1,2015-16
22015,203095,Evan Fournier,1610612753,ORL,Orlando Magic,0021500970,2016-03-11,ORL @ SAC,W,38,6,15,0.4,2,4,0.5,2,3,0.667,1,6,7,6,1,0,1,4,16,3,35.4,1,2015-16
22015,203457,Nerlens Noel,1610612755,PHI,Philadelphia 76ers,0021500964,2016-03-11,PHI vs. BKN,W,34,6,10,0.6,0,0,,1,3,0.333,4,7,11,2,2,3,5,4,13,11,39.2,1,2015-16
22015,203477,Isaiah Canaan,1610612755,PHI,Philadelphia 76ers,0021500964,2016-03-11,PHI vs. BKN,W,27,2,7,0.286,0,5,0.0,0,0,,0,3,3,1,0,0,0,3,4,-16,9.1,1,2015-16
22015,1626158,Richaun Holmes,1610612755,PHI,Philadelphia 76ers,0021500964,2016-03-11,PHI vs. BKN,W,12,1,5,0.2,0,0,,0,0,,0,0,0,0,1,0,2,1,2,-10,3.0,1,2015-16
22015,202334,Ed Davis,1610612757,POR,Portland Trail Blazers,0021500971,2016-03-11,POR @ GSW,L,10,0,0,,0,0,,2,2,1.0,0,1,1,0,0,0,1,2,2,-9,2.2,1,2015-16
22015,203081,Damian Lillard,1610612757,POR,Portland Trail Blazers,0021500971,2016-03-11,POR @ GSW,L,30,5,19,0.263,4,9,0.444,3,3,1.0,1,1,2,5,1,1,2,2,17,-16,30.9,1,2015-16
22015,203943,Noah Vonleh,1610612757,POR,Portland Trail Blazers,0021500971,2016-03-11,POR @ GSW,L,17,1,6,0.167,1,4,0.25,0,2,0.0,0,5,5,0,0,1,0,4,3,-15,12.0,1,2015-16
22015,203552,Seth Curry,1610612758,SAC,Sacramento Kings,0021500970,2016-03-11,SAC vs. ORL,L,18,1,6,0.167,1,3,0.333,0,0,,1,2,3,0,1,0,0,0,3,1,9.6,1,2015-16
22015,2555,Nick Collison,1610612760,OKC,Oklahoma City Thunder,0021500968,2016-03-11,OKC vs. MIN,L,17,1,2,0.5,0,0,,1,2,0.5,3,5,8,2,0,0,2,1,3,12,13.6,1,2015-16
22015,202683,Enes Freedom,1610612760,OKC,Oklahoma City Thunder,0021500968,2016-03-11,OKC vs. MIN,L,21,7,9,0.778,0,0,,3,3,1.0,6,8,14,0,0,0,3,1,17,-2,30.8,1,2015-16
22015,203460,Andre Roberson,1610612760,OKC,Oklahoma City Thunder,0021500968,2016-03-11,OKC vs. MIN,L,14,1,4,0.25,0,1,0.0,0,0,,3,1,4,0,1,1,0,1,2,-11,12.8,1,2015-16
22015,203187,Chris Johnson,1610612762,UTA,Utah Jazz,0021500969,2016-03-11,UTA vs. WAS,W,14,2,4,0.5,0,0,,1,1,1.0,0,3,3,0,0,0,1,3,5,3,7.6,1,2015-16
22015,203504,Trey Burke,1610612762,UTA,Utah Jazz,0021500969,2016-03-11,UTA vs. WAS,W,6,1,3,0.333,0,1,0.0,0,0,,0,2,2,0,0,0,0,1,2,5,4.4,1,2015-16
22015,101187,Alan Anderson,1610612764,WAS,Washington Wizards,0021500969,2016-03-11,WAS @ UTA,L,16,1,7,0.143,1,4,0.25,0,0,,0,1,1,1,0,0,0,3,3,-4,5.7,1,2015-16
22015,202322,John Wall,1610612764,WAS,Washington Wizards,0021500969,2016-03-11,WAS @ UTA,L,34,9,18,0.5,1,4,0.25,5,6,0.833,0,4,4,9,1,0,4,2,24,-16,41.3,1,2015-16
22015,202694,Marcus Morris Sr.,1610612765,DET,Detroit Pistons,0021500963,2016-03-11,DET @ CHA,L,31,5,11,0.455,1,4,0.25,2,4,0.5,0,4,4,1,1,0,3,5,13,-13,19.3,1,2015-16
22015,201587,Nicolas Batum,1610612766,CHA,Charlotte Hornets,0021500963,2016-03-11,CHA vs. DET,W,37,6,15,0.4,1,5,0.2,4,5,0.8,0,5,5,11,2,0,2,1,17,18,43.5,1,2015-16
22015,201946,Tyler Hansbrough,1610612766,CHA,Charlotte Hornets,0021500963,2016-03-11,CHA vs. DET,W,3,2,2,1.0,0,0,,0,0,,0,1,1,0,0,0,0,0,4,0,5.2,1,2015-16
22015,1626171,Bobby Portis,1610612741,CHI,Chicago Bulls,0021500966,2016-03-11,CHI vs. MIA,L,18,2,3,0.667,0,1,0.0,1,2,0.5,1,3,4,2,1,0,0,2,5,-7,15.8,1,2015-16
22015,101106,Andrew Bogut,1610612744,GSW,Golden State Warriors,0021500971,2016-03-11,GSW vs. POR,W,18,2,7,0.286,0,0,,0,0,,3,6,9,5,1,2,1,3,4,19,30.3,1,2015-16
22015,203084,Harrison Barnes,1610612744,GSW,Golden State Warriors,0021500971,2016-03-11,GSW vs. POR,W,30,1,4,0.25,0,1,0.0,5,8,0.625,2,4,6,2,0,1,1,3,7,17,19.2,1,2015-16
22015,203546,Ian Clark,1610612744,GSW,Golden State Warriors,0021500971,2016-03-11,GSW vs. POR,W,6,1,5,0.2,0,2,0.0,2,2,1.0,1,3,4,0,0,0,0,2,4,1,8.8,1,2015-16
22015,2730,Dwight Howard,1610612745,HOU,Houston Rockets,0021500965,2016-03-11,HOU @ BOS,W,35,6,9,0.667,0,0,,0,2,0.0,2,10,12,2,1,1,3,2,12,6,32.4,1,2015-16
22015,202700,Donatas Motiejunas,1610612745,HOU,Houston Rockets,0021500965,2016-03-11,HOU @ BOS,W,10,1,3,0.333,0,2,0.0,0,0,,1,3,4,1,0,0,0,0,2,6,8.3,1,2015-16
22015,201177,Josh McRoberts,1610612748,MIA,Miami Heat,0021500966,2016-03-11,MIA @ CHI,W,3,0,1,0.0,0,1,0.0,0,0,,0,0,0,2,0,0,0,1,0,0,3.0,1,2015-16
22015,202355,Hassan Whiteside,1610612748,MIA,Miami Heat,0021500966,2016-03-11,MIA @ CHI,W,31,6,13,0.462,0,0,,1,2,0.5,3,13,16,2,1,3,0,0,13,24,47.2,1,2015-16
22015,202962,Greg Smith,1610612750,MIN,Minnesota Timberwolves,0021500968,2016-03-11,MIN @ OKC,W,12,1,2,0.5,0,0,,0,0,,0,1,1,0,0,0,0,1,2,-7,3.2,1,2015-16
22015,203940,Adreian Payne,1610612750,MIN,Minnesota Timberwolves,0021500968,2016-03-11,MIN @ OKC,W,4,0,1,0.0,0,0,,0,0,,0,0,0,0,0,0,0,3,0,-9,0.0,1,2015-16
22015,201152,Thaddeus Young,1610612751,BKN,Brooklyn Nets,0021500964,2016-03-11,BKN @ PHI,L,40,8,20,0.4,0,1,0.0,5,8,0.625,4,5,9,2,2,0,1,3,21,-1,39.8,1,2015-16
22015,202388,Donald Sloan,1610612751,BKN,Brooklyn Nets,0021500964,2016-03-11,BKN @ PHI,L,33,4,13,0.308,1,3,0.333,5,5,1.0,1,8,9,9,1,0,0,1,14,1,41.3,1,2015-16
22015,2546,Carmelo Anthony,1610612752,NYK,New York Knicks,0021500972,2016-03-11,NYK @ LAC,L,43,8,16,0.5,1,3,0.333,3,3,1.0,0,6,6,4,1,0,3,4,20,-7,33.2,1,2015-16
22015,202682,Derrick Williams,1610612752,NYK,New York Knicks,0021500972,2016-03-11,NYK @ LAC,L,16,4,9,0.444,0,1,0.0,5,7,0.714,2,4,6,1,0,0,0,0,13,-4,21.7,1,2015-16
22015,1626170,Jerian Grant,1610612752,NYK,New York Knicks,0021500972,2016-03-11,NYK @ LAC,L,12,2,4,0.5,0,0,,0,0,,0,1,1,1,1,0,1,1,4,3,8.7,1,2015-16
22015,203138,Hollis Thompson,1610612755,PHI,Philadelphia 76ers,0021500964,2016-03-11,PHI vs. BKN,W,33,5,11,0.455,1,4,0.25,0,0,,2,5,7,4,1,0,1,3,11,18,27.4,1,2015-16
22015,201954,Darren Collison,1610612758,SAC,Sacramento Kings,0021500970,2016-03-11,SAC vs. ORL,L,37,3,14,0.214,0,6,0.0,2,3,0.667,1,1,2,6,3,0,0,4,8,-14,28.4,1,2015-16
22015,200751,Randy Foye,1610612760,OKC,Oklahoma City Thunder,0021500968,2016-03-11,OKC vs. MIN,L,29,2,7,0.286,1,4,0.25,1,2,0.5,0,1,1,2,1,0,2,4,6,3,11.2,1,2015-16
22015,203500,Steven Adams,1610612760,OKC,Oklahoma City Thunder,0021500968,2016-03-11,OKC vs. MIN,L,25,4,5,0.8,0,0,,0,1,0.0,4,9,13,0,0,4,4,4,8,-13,31.6,1,2015-16
22015,202324,Derrick Favors,1610612762,UTA,Utah Jazz,0021500969,2016-03-11,UTA vs. WAS,W,32,4,9,0.444,0,0,,6,8,0.75,2,7,9,1,2,0,1,2,14,25,31.3,1,2015-16
22015,202330,Gordon Hayward,1610612762,UTA,Utah Jazz,0021500969,2016-03-11,UTA vs. WAS,W,34,4,7,0.571,1,2,0.5,9,10,0.9,0,2,2,3,1,0,4,2,18,18,23.9,1,2015-16
22015,2440,Matt Barnes,1610612763,MEM,Memphis Grizzlies,0021500967,2016-03-11,MEM vs. NOP,W,44,8,19,0.421,4,8,0.5,6,6,1.0,2,9,11,10,2,0,0,5,26,3,60.2,1,2015-16
22015,2754,Tony Allen,1610612763,MEM,Memphis Grizzlies,0021500967,2016-03-11,MEM vs. NOP,W,37,4,10,0.4,0,1,0.0,0,1,0.0,1,3,4,1,4,0,3,2,8,10,23.3,1,2015-16
22015,2403,Nene,1610612764,WAS,Washington Wizards,0021500969,2016-03-11,WAS @ UTA,L,19,4,5,0.8,0,0,,4,4,1.0,1,2,3,1,2,0,1,4,12,-4,22.1,1,2015-16
22015,101162,Marcin Gortat,1610612764,WAS,Washington Wizards,0021500969,2016-03-11,WAS @ UTA,L,19,3,3,1.0,0,0,,2,2,1.0,0,4,4,1,0,1,1,5,8,-6,16.3,1,2015-16
22015,2581,Steve Blake,1610612765,DET,Detroit Pistons,0021500963,2016-03-11,DET @ CHA,L,17,2,5,0.4,1,4,0.25,0,0,,0,3,3,2,0,0,0,1,5,1,11.6,1,2015-16
22015,202704,Reggie Jackson,1610612765,DET,Detroit Pistons,0021500963,2016-03-11,DET @ CHA,L,31,7,15,0.467,2,9,0.222,4,4,1.0,0,2,2,10,0,0,2,2,20,-16,35.4,1,2015-16
22015,201584,Courtney Lee,1610612766,CHA,Charlotte Hornets,0021500963,2016-03-11,CHA vs. DET,W,35,7,9,0.778,0,0,,1,1,1.0,0,6,6,1,1,1,1,4,15,23,28.7,1,2015-16
22015,203087,Jeremy Lamb,1610612766,CHA,Charlotte Hornets,0021500963,2016-03-11,CHA vs. DET,W,8,1,5,0.2,0,2,0.0,0,0,,1,3,4,0,0,0,0,0,2,-6,6.8,1,2015-16
22015,203268,Jorge Gutierrez,1610612766,CHA,Charlotte Hornets,0021500963,2016-03-11,CHA vs. DET,W,3,0,1,0.0,0,0,,0,0,,0,1,1,1,0,0,1,1,0,0,1.7,1,2015-16
22015,101161,Amir Johnson,1610612738,BOS,Boston Celtics,0021500965,2016-03-11,BOS vs. HOU,L,14,0,2,0.0,0,0,,0,0,,1,1,2,1,0,0,0,0,0,-1,3.9,1,2015-16
22015,203096,Jared Sullinger,1610612738,BOS,Boston Celtics,0021500965,2016-03-11,BOS vs. HOU,L,32,9,18,0.5,1,1,1.0,5,7,0.714,6,6,12,4,4,2,0,2,24,6,62.4,1,2015-16
22015,1626175,Jordan Mickey,1610612738,BOS,Boston Celtics,0021500965,2016-03-11,BOS vs. HOU,L,2,0,0,,0,0,,0,0,,0,0,0,0,0,0,0,0,0,3,0.0,1,2015-16
22015,202337,Luke Babbitt,1610612740,NOP,New Orleans Pelicans,0021500967,2016-03-11,NOP @ MEM,L,11,1,3,0.333,0,0,,0,0,,1,2,3,1,0,0,0,4,2,-6,7.1,1,2015-16
22015,2571,Leandro Barbosa,1610612744,GSW,Golden State Warriors,0021500971,2016-03-11,GSW vs. POR,W,16,0,1,0.0,0,1,0.0,2,2,1.0,0,0,0,1,0,0,0,1,2,-18,3.5,1,2015-16
22015,2760,Anderson Varejao,1610612744,GSW,Golden State Warriors,0021500971,2016-03-11,GSW vs. POR,W,11,2,5,0.4,0,0,,0,0,,1,5,6,1,0,0,0,2,4,2,12.7,1,2015-16
22015,201599,DeAndre Jordan,1610612746,LAC,LA Clippers,0021500972,2016-03-11,LAC vs. NYK,W,38,4,7,0.571,0,0,,2,2,1.0,4,15,19,0,1,6,2,4,10,7,51.8,1,2015-16
22015,2207,Joe Johnson,1610612748,MIA,Miami Heat,0021500966,2016-03-11,MIA @ CHI,W,29,5,10,0.5,2,3,0.667,3,4,0.75,1,2,3,2,4,0,3,2,15,1,30.6,1,2015-16
22015,202357,Nemanja Bjelica,1610612750,MIN,Minnesota Timberwolves,0021500968,2016-03-11,MIN @ OKC,W,7,0,1,0.0,0,1,0.0,0,0,,0,1,1,1,0,0,1,4,0,-12,1.7,1,2015-16
22015,203900,Markel Brown,1610612751,BKN,Brooklyn Nets,0021500964,2016-03-11,BKN @ PHI,L,28,2,7,0.286,1,2,0.5,0,0,,0,3,3,1,0,0,2,1,5,-16,8.1,1,2015-16
22015,1626191,Chris McCullough,1610612751,BKN,Brooklyn Nets,0021500964,2016-03-11,BKN @ PHI,L,8,0,2,0.0,0,0,,0,0,,1,0,1,0,0,1,0,1,0,-5,4.2,1,2015-16
22015,2756,Sasha Vujacic,1610612752,NYK,New York Knicks,0021500972,2016-03-11,NYK @ LAC,L,28,3,7,0.429,1,5,0.2,2,2,1.0,0,2,2,3,0,0,0,2,9,-6,15.9,1,2015-16
22015,201943,Brandon Jennings,1610612753,ORL,Orlando Magic,0021500970,2016-03-11,ORL @ SAC,W,14,2,3,0.667,0,1,0.0,0,0,,0,2,2,2,1,1,2,1,4,-1,13.4,1,2015-16
22015,201171,Carl Landry,1610612755,PHI,Philadelphia 76ers,0021500964,2016-03-11,PHI vs. BKN,W,25,7,9,0.778,0,0,,2,2,1.0,1,7,8,1,0,0,1,2,16,-1,26.1,1,2015-16
22015,202397,Ish Smith,1610612755,PHI,Philadelphia 76ers,0021500964,2016-03-11,PHI vs. BKN,W,32,4,13,0.308,1,5,0.2,1,2,0.5,1,6,7,9,0,0,0,3,10,0,31.9,1,2015-16
22015,201945,Gerald Henderson,1610612757,POR,Portland Trail Blazers,0021500971,2016-03-11,POR @ GSW,L,13,5,6,0.833,2,2,1.0,0,0,,0,0,0,2,0,0,0,2,12,-11,15.0,1,2015-16
22015,203086,Meyers Leonard,1610612757,POR,Portland Trail Blazers,0021500971,2016-03-11,POR @ GSW,L,27,3,7,0.429,2,2,1.0,2,2,1.0,1,12,13,3,0,0,1,4,10,4,29.1,1,2015-16
22015,203468,CJ McCollum,1610612757,POR,Portland Trail Blazers,0021500971,2016-03-11,POR @ GSW,L,26,6,15,0.4,3,6,0.5,3,3,1.0,1,2,3,2,1,0,1,2,18,-21,26.6,1,2015-16
22015,201158,Marco Belinelli,1610612758,SAC,Sacramento Kings,0021500970,2016-03-11,SAC vs. ORL,L,28,6,11,0.545,4,7,0.571,1,1,1.0,0,4,4,1,0,0,4,2,17,3,19.3,1,2015-16
22015,202344,Trevor Booker,1610612762,UTA,Utah Jazz,0021500969,2016-03-11,UTA vs. WAS,W,16,2,5,0.4,0,0,,1,1,1.0,2,2,4,1,0,2,1,2,5,2,16.3,1,2015-16
22015,203481,Jeff Withey,1610612762,UTA,Utah Jazz,0021500969,2016-03-11,UTA vs. WAS,W,2,1,2,0.5,0,0,,1,1,1.0,0,0,0,0,0,0,0,0,3,2,3.0,1,2015-16
22015,1626168,Trey Lyles,1610612762,UTA,Utah Jazz,0021500969,2016-03-11,UTA vs. WAS,W,18,4,6,0.667,0,1,0.0,0,0,,0,4,4,0,1,0,0,1,8,11,15.8,1,2015-16
22015,202362,Lance Stephenson,1610612763,MEM,Memphis Grizzlies,0021500967,2016-03-11,MEM vs. NOP,W,38,12,20,0.6,1,2,0.5,8,12,0.667,0,7,7,4,2,1,1,3,33,17,55.4,1,2015-16
22015,203798,PJ Hairston,1610612763,MEM,Memphis Grizzlies,0021500967,2016-03-11,MEM vs. NOP,W,24,4,10,0.4,0,1,0.0,0,1,0.0,1,3,4,1,1,0,1,5,8,-8,16.3,1,2015-16
22015,201162,Jared Dudley,1610612764,WAS,Washington Wizards,0021500969,2016-03-11,WAS @ UTA,L,20,1,3,0.333,0,2,0.0,0,2,0.0,0,2,2,0,3,0,2,2,2,-15,11.4,1,2015-16
22015,204067,Jarell Eddie,1610612764,WAS,Washington Wizards,0021500969,2016-03-11,WAS @ UTA,L,2,0,1,0.0,0,1,0.0,0,0,,0,0,0,0,0,0,0,0,0,-2,0.0,1,2015-16
22015,203493,Reggie Bullock Jr.,1610612765,DET,Detroit Pistons,0021500963,2016-03-11,DET @ CHA,L,18,0,2,0.0,0,1,0.0,0,0,,0,2,2,2,1,0,0,1,0,-3,8.4,1,2015-16
22015,2744,Al Jefferson,1610612766,CHA,Charlotte Hornets,0021500963,2016-03-11,CHA vs. DET,W,21,5,10,0.5,0,0,,2,4,0.5,0,4,4,1,1,0,0,5,12,-3,21.3,1,2015-16
22015,101107,Marvin Williams,1610612766,CHA,Charlotte Hornets,0021500963,2016-03-11,CHA vs. DET,W,25,7,12,0.583,5,8,0.625,3,4,0.75,3,3,6,0,0,0,1,4,22,0,28.2,1,2015-16
22015,203584,Troy Daniels,1610612766,CHA,Charlotte Hornets,0021500963,2016-03-11,CHA vs. DET,W,3,1,1,1.0,0,0,,0,0,,0,0,0,1,0,0,0,0,2,0,3.5,1,2015-16
22015,202738,Isaiah Thomas,1610612738,BOS,Boston Celtics,0021500965,2016-03-11,BOS vs. HOU,L,38,10,21,0.476,5,9,0.556,5,6,0.833,0,2,2,2,1,0,6,3,30,-3,32.4,1,2015-16
22015,201600,Omer Asik,1610612740,NOP,New Orleans Pelicans,0021500967,2016-03-11,NOP @ MEM,L,13,0,2,0.0,0,0,,0,0,,2,3,5,0,0,0,0,1,0,8,6.0,1,2015-16
22015,202087,Alonzo Gee,1610612740,NOP,New Orleans Pelicans,0021500967,2016-03-11,NOP @ MEM,L,25,0,0,,0,0,,0,2,0.0,0,4,4,0,1,0,0,2,0,-9,7.8,1,2015-16
22015,203076,Anthony Davis,1610612740,NOP,New Orleans Pelicans,0021500967,2016-03-11,NOP @ MEM,L,47,9,17,0.529,0,1,0.0,7,9,0.778,2,11,13,2,1,1,3,3,25,-10,46.6,1,2015-16
22015,1626245,Cristiano Felicio,1610612741,CHI,Chicago Bulls,0021500966,2016-03-11,CHI vs. MIA,L,4,0,1,0.0,0,0,,1,2,0.5,0,3,3,0,0,0,0,0,1,1,4.6,1,2015-16
22015,203110,Draymond Green,1610612744,GSW,Golden State Warriors,0021500971,2016-03-11,GSW vs. POR,W,33,4,11,0.364,0,4,0.0,9,9,1.0,3,10,13,7,2,1,2,2,17,17,50.1,1,2015-16
22015,203949,James Michael McAdoo,1610612744,GSW,Golden State Warriors,0021500971,2016-03-11,GSW vs. POR,W,9,0,0,,0,0,,3,4,0.75,1,2,3,0,0,0,0,0,3,-7,6.6,1,2015-16
22015,2772,Trevor Ariza,1610612745,HOU,Houston Rockets,0021500965,2016-03-11,HOU @ BOS,W,37,4,11,0.364,2,5,0.4,0,0,,1,7,8,4,2,0,0,2,10,7,31.6,1,2015-16
22015,201935,James Harden,1610612745,HOU,Houston Rockets,0021500965,2016-03-11,HOU @ BOS,W,36,9,19,0.474,1,6,0.167,13,15,0.867,0,3,3,4,1,1,6,4,32,1,41.6,1,2015-16
22015,101108,Chris Paul,1610612746,LAC,LA Clippers,0021500972,2016-03-11,LAC vs. NYK,W,34,9,17,0.529,4,7,0.571,2,4,0.5,0,4,4,15,2,0,4,1,24,8,53.3,1,2015-16
22015,203085,Austin Rivers,1610612746,LAC,LA Clippers,0021500972,2016-03-11,LAC vs. NYK,W,19,4,7,0.571,0,1,0.0,0,0,,1,1,2,2,2,0,1,2,8,6,18.4,1,2015-16
22015,203476,Gorgui Dieng,1610612750,MIN,Minnesota Timberwolves,0021500968,2016-03-11,MIN @ OKC,W,31,7,12,0.583,0,1,0.0,11,11,1.0,1,8,9,1,2,3,1,5,25,19,51.3,1,2015-16
22015,201961,Wayne Ellington,1610612751,BKN,Brooklyn Nets,0021500964,2016-03-11,BKN @ PHI,L,29,4,11,0.364,2,5,0.4,0,0,,1,4,5,4,1,0,1,1,10,5,24.0,1,2015-16
22015,203080,Thomas Robinson,1610612751,BKN,Brooklyn Nets,0021500964,2016-03-11,BKN @ PHI,L,14,0,1,0.0,0,0,,2,2,1.0,0,2,2,1,0,0,0,2,2,-10,5.9,1,2015-16
22015,203499,Shane Larkin,1610612751,BKN,Brooklyn Nets,0021500964,2016-03-11,BKN @ PHI,L,15,0,4,0.0,0,1,0.0,0,0,,0,0,0,3,4,0,3,2,0,-7,13.5,1,2015-16
22015,204001,Kristaps Porziņģis,1610612752,NYK,New York Knicks,0021500972,2016-03-11,NYK @ LAC,L,31,6,17,0.353,1,4,0.25,10,11,0.909,0,4,4,2,1,1,1,3,23,-2,35.8,1,2015-16
22015,201228,C.J. Watson,1610612753,ORL,Orlando Magic,0021500970,2016-03-11,ORL @ SAC,W,34,4,9,0.444,0,2,0.0,2,2,1.0,0,3,3,5,1,1,1,1,10,8,26.1,1,2015-16
22015,203932,Aaron Gordon,1610612753,ORL,Orlando Magic,0021500970,2016-03-11,ORL @ SAC,W,27,8,12,0.667,0,0,,4,10,0.4,3,8,11,1,1,0,2,4,20,4,35.7,1,2015-16
22015,1626209,Mario Hezonja,1610612753,ORL,Orlando Magic,0021500970,2016-03-11,ORL @ SAC,W,19,1,6,0.167,0,2,0.0,2,2,1.0,1,3,4,2,0,0,2,1,4,4,9.8,1,2015-16
22015,1882,Elton Brand,1610612755,PHI,Philadelphia 76ers,0021500964,2016-03-11,PHI vs. BKN,W,7,0,1,0.0,0,0,,0,0,,0,2,2,0,1,1,1,2,0,3,7.4,1,2015-16
22015,203917,Nik Stauskas,1610612755,PHI,Philadelphia 76ers,0021500964,2016-03-11,PHI vs. BKN,W,21,3,8,0.375,1,4,0.25,3,4,0.75,1,2,3,1,0,0,4,0,10,-5,11.1,1,2015-16
22015,203148,Brian Roberts,1610612757,POR,Portland Trail Blazers,0021500971,2016-03-11,POR @ GSW,L,14,4,7,0.571,2,2,1.0,1,2,0.5,0,1,1,2,0,0,0,0,11,8,15.2,1,2015-16
22015,203459,Allen Crabbe,1610612757,POR,Portland Trail Blazers,0021500971,2016-03-11,POR @ GSW,L,30,3,6,0.5,1,3,0.333,4,4,1.0,0,2,2,1,1,2,0,1,11,4,23.9,1,2015-16
22015,1626192,Pat Connaughton,1610612757,POR,Portland Trail Blazers,0021500971,2016-03-11,POR @ GSW,L,12,3,6,0.5,1,2,0.5,0,0,,2,0,2,2,0,0,0,0,7,8,12.4,1,2015-16
22015,2406,Caron Butler,1610612758,SAC,Sacramento Kings,0021500970,2016-03-11,SAC vs. ORL,L,1,0,0,,0,0,,0,0,,0,0,0,0,0,0,0,0,0,5,0.0,1,2015-16
22015,200752,Rudy Gay,1610612758,SAC,Sacramento Kings,0021500970,2016-03-11,SAC vs. ORL,L,29,2,9,0.222,0,0,,8,10,0.8,4,3,7,0,1,1,6,5,12,-6,20.4,1,2015-16
22015,200765,Rajon Rondo,1610612758,SAC,Sacramento Kings,0021500970,2016-03-11,SAC vs. ORL,L,39,7,14,0.5,2,5,0.4,0,0,,0,5,5,14,2,0,4,3,16,-6,45.0,1,2015-16
22015,201585,Kosta Koufos,1610612758,SAC,Sacramento Kings,0021500970,2016-03-11,SAC vs. ORL,L,24,8,10,0.8,0,0,,3,3,1.0,3,1,4,0,1,2,0,3,19,-3,32.8,1,2015-16
22015,203112,Quincy Acy,1610612758,SAC,Sacramento Kings,0021500970,2016-03-11,SAC vs. ORL,L,14,1,2,0.5,0,0,,1,1,1.0,1,3,4,1,0,0,1,2,3,-15,8.3,1,2015-16
22015,201566,Russell Westbrook,1610612760,OKC,Oklahoma City Thunder,0021500968,2016-03-11,OKC vs. MIN,L,37,8,19,0.421,3,6,0.5,7,8,0.875,0,4,4,8,0,0,5,4,26,-10,37.8,1,2015-16
22015,201586,Serge Ibaka,1610612760,OKC,Oklahoma City Thunder,0021500968,2016-03-11,OKC vs. MIN,L,20,0,4,0.0,0,1,0.0,0,0,,0,2,2,0,1,1,2,6,0,-13,6.4,1,2015-16
22015,202713,Kyle Singler,1610612760,OKC,Oklahoma City Thunder,0021500968,2016-03-11,OKC vs. MIN,L,21,1,6,0.167,0,4,0.0,1,2,0.5,0,2,2,1,0,0,0,1,3,11,6.9,1,2015-16
22015,202714,Shelvin Mack,1610612762,UTA,Utah Jazz,0021500969,2016-03-11,UTA vs. WAS,W,34,11,17,0.647,3,5,0.6,2,3,0.667,0,3,3,4,0,0,3,1,27,12,33.6,1,2015-16
22015,203497,Rudy Gobert,1610612762,UTA,Utah Jazz,0021500969,2016-03-11,UTA vs. WAS,W,28,1,1,1.0,0,0,,4,8,0.5,0,11,11,3,0,2,1,2,6,2,28.7,1,2015-16
22015,203210,JaMychal Green,1610612763,MEM,Memphis Grizzlies,0021500967,2016-03-11,MEM vs. NOP,W,38,9,15,0.6,0,0,,3,4,0.75,4,6,10,1,1,1,1,5,21,19,39.5,1,2015-16
22015,1626185,Jarell Martin,1610612763,MEM,Memphis Grizzlies,0021500967,2016-03-11,MEM vs. NOP,W,21,3,9,0.333,0,0,,0,2,0.0,0,2,2,2,2,1,0,1,6,-2,20.4,1,2015-16
22015,1627362,Briante Weber,1610612763,MEM,Memphis Grizzlies,0021500967,2016-03-11,MEM vs. NOP,W,40,4,6,0.667,0,0,,2,2,1.0,1,4,5,7,1,1,2,2,10,-4,30.5,1,2015-16
22015,201581,JJ Hickson,1610612764,WAS,Washington Wizards,0021500969,2016-03-11,WAS @ UTA,L,7,0,1,0.0,0,0,,1,4,0.25,2,1,3,1,1,0,0,1,1,-8,9.1,1,2015-16
22015,201977,Marcus Thornton,1610612764,WAS,Washington Wizards,0021500969,2016-03-11,WAS @ UTA,L,20,1,9,0.111,0,3,0.0,0,0,,0,0,0,1,1,0,0,2,2,-19,6.5,1,2015-16
22015,202066,Garrett Temple,1610612764,WAS,Washington Wizards,0021500969,2016-03-11,WAS @ UTA,L,21,2,2,1.0,2,2,1.0,0,0,,1,0,1,1,0,0,1,1,6,-8,7.7,1,2015-16
22015,203490,Otto Porter Jr.,1610612764,WAS,Washington Wizards,0021500969,2016-03-11,WAS @ UTA,L,30,3,7,0.429,0,3,0.0,0,0,,0,2,2,1,0,0,1,2,6,-15,8.9,1,2015-16
22015,1626162,Kelly Oubre Jr.,1610612764,WAS,Washington Wizards,0021500969,2016-03-11,WAS @ UTA,L,2,1,1,1.0,1,1,1.0,0,0,,0,1,1,0,0,0,0,0,3,-2,4.2,1,2015-16
22015,201229,Anthony Tolliver,1610612765,DET,Detroit Pistons,0021500963,2016-03-11,DET @ CHA,L,9,0,3,0.0,0,2,0.0,0,0,,0,0,0,0,1,0,0,0,0,5,3.0,1,2015-16
22015,203083,Andre Drummond,1610612765,DET,Detroit Pistons,0021500963,2016-03-11,DET @ CHA,L,23,1,1,1.0,0,0,,3,6,0.5,2,7,9,0,0,1,2,4,5,-12,16.8,1,2015-16
22015,202391,Jeremy Lin,1610612766,CHA,Charlotte Hornets,0021500963,2016-03-11,CHA vs. DET,W,22,3,7,0.429,2,4,0.5,0,0,,1,0,1,2,2,0,0,0,8,10,18.2,1,2015-16
22015,202689,Kemba Walker,1610612766,CHA,Charlotte Hornets,0021500963,2016-03-11,CHA vs. DET,W,32,3,11,0.273,1,5,0.2,9,9,1.0,0,1,1,8,1,0,3,2,16,5,29.2,1,2015-16
22015,203469,Cody Zeller,1610612766,CHA,Charlotte Hornets,0021500963,2016-03-11,CHA vs. DET,W,24,3,4,0.75,0,0,,4,4,1.0,3,1,4,2,2,2,0,1,10,18,29.8,1,2015-16
22015,1626151,Aaron Harrison,1610612766,CHA,Charlotte Hornets,0021500963,2016-03-11,CHA vs. DET,W,3,0,0,,0,0,,0,0,,0,0,0,1,0,0,1,0,0,0,0.5,1,2015-16
22015,1626163,Frank Kaminsky,1610612766,CHA,Charlotte Hornets,0021500963,2016-03-11,CHA vs. DET,W,25,4,6,0.667,1,1,1.0,1,2,0.5,1,3,4,0,0,2,1,1,10,10,19.8,1,2015-16
22015,202340,Avery Bradley,1610612738,BOS,Boston Celtics,0021500965,2016-03-11,BOS vs. HOU,L,38,7,17,0.412,1,8,0.125,1,2,0.5,1,2,3,2,2,0,2,5,16,0,26.6,1,2015-16
22015,203092,Tyler Zeller,1610612738,BOS,Boston Celtics,0021500965,2016-03-11,BOS vs. HOU,L,15,2,6,0.333,0,0,,3,3,1.0,0,0,0,2,0,0,1,3,7,-11,9.0,1,2015-16
22015,203109,Jae Crowder,1610612738,BOS,Boston Celtics,0021500965,2016-03-11,BOS vs. HOU,L,21,1,8,0.125,0,6,0.0,2,2,1.0,1,3,4,1,1,1,1,1,4,-3,15.3,1,2015-16
22015,201583,Ryan Anderson,1610612740,NOP,New Orleans Pelicans,0021500967,2016-03-11,NOP @ MEM,L,37,8,17,0.471,2,4,0.5,6,7,0.857,8,6,14,3,0,0,3,1,24,-12,42.3,1,2015-16
22015,2200,Pau Gasol,1610612741,CHI,Chicago Bulls,0021500966,2016-03-11,CHI vs. MIA,L,30,7,12,0.583,2,3,0.667,1,2,0.5,3,9,12,9,0,2,6,2,17,-15,44.9,1,2015-16
22015,201166,Aaron Brooks,1610612741,CHI,Chicago Bulls,0021500966,2016-03-11,CHI vs. MIA,L,21,4,12,0.333,1,3,0.333,2,2,1.0,0,1,1,3,0,0,1,0,11,-6,15.7,1,2015-16
22015,203926,Doug McDermott,1610612741,CHI,Chicago Bulls,0021500966,2016-03-11,CHI vs. MIA,L,23,4,9,0.444,2,4,0.5,0,0,,0,2,2,1,1,0,1,1,10,-19,15.9,1,2015-16
22015,2738,Andre Iguodala,1610612744,GSW,Golden State Warriors,0021500971,2016-03-11,GSW vs. POR,W,15,2,3,0.667,2,3,0.667,2,4,0.5,1,1,2,2,0,0,0,1,8,7,13.4,1,2015-16
22015,201939,Stephen Curry,1610612744,GSW,Golden State Warriors,0021500971,2016-03-11,GSW vs. POR,W,29,13,23,0.565,7,14,0.5,1,2,0.5,0,3,3,4,2,0,3,2,34,14,46.6,1,2015-16
22015,202691,Klay Thompson,1610612744,GSW,Golden State Warriors,0021500971,2016-03-11,GSW vs. POR,W,32,13,22,0.591,8,11,0.727,3,3,1.0,3,2,5,0,0,0,0,1,37,34,43.0,1,2015-16
22015,203991,Clint Capela,1610612745,HOU,Houston Rockets,0021500965,2016-03-11,HOU @ BOS,W,10,3,5,0.6,0,0,,0,2,0.0,1,0,1,0,0,1,0,2,6,0,10.2,1,2015-16
22015,200755,JJ Redick,1610612746,LAC,LA Clippers,0021500972,2016-03-11,LAC vs. NYK,W,31,6,15,0.4,4,10,0.4,4,4,1.0,0,2,2,1,0,0,1,1,20,13,22.9,1,2015-16
22015,202332,Cole Aldrich,1610612746,LAC,LA Clippers,0021500972,2016-03-11,LAC vs. NYK,W,23,1,3,0.333,0,0,,0,0,,4,2,6,0,1,1,3,6,2,-10,12.2,1,2015-16
22015,203143,Pablo Prigioni,1610612746,LAC,LA Clippers,0021500972,2016-03-11,LAC vs. NYK,W,7,0,0,,0,0,,0,0,,0,0,0,0,1,1,0,0,0,1,6.0,1,2015-16
22015,2548,Dwyane Wade,1610612748,MIA,Miami Heat,0021500966,2016-03-11,MIA @ CHI,W,31,3,15,0.2,0,0,,3,4,0.75,2,5,7,5,0,2,2,0,9,2,28.9,1,2015-16
22015,2617,Udonis Haslem,1610612748,MIA,Miami Heat,0021500966,2016-03-11,MIA @ CHI,W,3,0,1,0.0,0,0,,0,0,,0,0,0,0,0,0,0,0,0,0,0.0,1,2015-16
22015,201609,Goran Dragic,1610612748,MIA,Miami Heat,0021500966,2016-03-11,MIA @ CHI,W,31,10,16,0.625,1,2,0.5,5,6,0.833,0,3,3,9,1,1,1,0,26,29,48.1,1,2015-16
22015,1626196,Josh Richardson,1610612748,MIA,Miami Heat,0021500966,2016-03-11,MIA @ CHI,W,32,9,12,0.75,4,6,0.667,0,0,,1,1,2,4,1,0,0,3,22,13,33.4,1,2015-16
22015,203897,Zach LaVine,1610612750,MIN,Minnesota Timberwolves,0021500968,2016-03-11,MIN @ OKC,W,35,3,8,0.375,1,1,1.0,2,2,1.0,0,1,1,2,1,1,3,1,9,17,16.2,1,2015-16
22015,203952,Andrew Wiggins,1610612750,MIN,Minnesota Timberwolves,0021500968,2016-03-11,MIN @ OKC,W,35,8,19,0.421,2,5,0.4,2,4,0.5,0,0,0,4,5,0,3,2,20,12,38.0,1,2015-16
22015,1626157,Karl-Anthony Towns,1610612750,MIN,Minnesota Timberwolves,0021500968,2016-03-11,MIN @ OKC,W,39,8,15,0.533,0,0,,1,2,0.5,5,7,12,0,1,3,3,3,17,17,40.4,1,2015-16
22015,203508,Sergey Karasev,1610612751,BKN,Brooklyn Nets,0021500964,2016-03-11,BKN @ PHI,L,16,1,5,0.2,1,1,1.0,0,0,,1,1,2,1,0,0,2,1,3,8,4.9,1,2015-16
22015,101181,Jose Calderon,1610612752,NYK,New York Knicks,0021500972,2016-03-11,NYK @ LAC,L,38,1,7,0.143,0,5,0.0,0,0,,0,4,4,7,1,0,1,6,2,-7,19.3,1,2015-16
22015,203124,Kyle O'Quinn,1610612752,NYK,New York Knicks,0021500972,2016-03-11,NYK @ LAC,L,6,0,1,0.0,0,0,,0,0,,0,1,1,1,0,0,1,0,0,-2,1.7,1,2015-16
22015,101141,Ersan Ilyasova,1610612753,ORL,Orlando Magic,0021500970,2016-03-11,ORL @ SAC,W,21,4,5,0.8,1,2,0.5,1,2,0.5,3,3,6,0,0,1,1,5,10,3,19.2,1,2015-16
22015,201160,Jason Smith,1610612753,ORL,Orlando Magic,0021500970,2016-03-11,ORL @ SAC,W,23,6,9,0.667,0,0,,4,6,0.667,0,7,7,1,2,3,4,5,16,1,36.9,1,2015-16
22015,203506,Victor Oladipo,1610612753,ORL,Orlando Magic,0021500970,2016-03-11,ORL @ SAC,W,39,6,14,0.429,1,4,0.25,5,8,0.625,1,3,4,5,5,1,5,1,18,7,43.3,1,2015-16
22015,203496,Robert Covington,1610612755,PHI,Philadelphia 76ers,0021500964,2016-03-11,PHI vs. BKN,W,17,4,7,0.571,4,6,0.667,0,0,,0,4,4,0,0,0,0,0,12,11,16.8,1,2015-16
22015,203924,Jerami Grant,1610612755,PHI,Philadelphia 76ers,0021500964,2016-03-11,PHI vs. BKN,W,17,2,7,0.286,0,2,0.0,3,4,0.75,1,1,2,3,0,2,1,1,7,13,18.9,1,2015-16
22015,204456,T.J. McConnell,1610612755,PHI,Philadelphia 76ers,0021500964,2016-03-11,PHI vs. BKN,W,16,4,6,0.667,2,2,1.0,0,0,,1,1,2,4,0,0,1,1,10,6,17.4,1,2015-16
22015,202329,Al-Farouq Aminu,1610612757,POR,Portland Trail Blazers,0021500971,2016-03-11,POR @ GSW,L,21,3,6,0.5,3,4,0.75,0,0,,0,1,1,0,1,0,0,2,9,-25,13.2,1,2015-16
22015,203090,Maurice Harkless,1610612757,POR,Portland Trail Blazers,0021500971,2016-03-11,POR @ GSW,L,21,1,4,0.25,0,2,0.0,0,0,,0,0,0,0,0,0,0,4,2,8,2.0,1,2015-16
22015,203486,Mason Plumlee,1610612757,POR,Portland Trail Blazers,0021500971,2016-03-11,POR @ GSW,L,19,3,4,0.75,0,0,,4,5,0.8,2,7,9,3,0,0,3,0,10,-15,22.3,1,2015-16
22015,201956,Omri Casspi,1610612758,SAC,Sacramento Kings,0021500970,2016-03-11,SAC vs. ORL,L,28,3,13,0.231,1,4,0.25,3,3,1.0,0,2,2,0,1,0,0,2,10,3,15.4,1,2015-16
22015,201142,Kevin Durant,1610612760,OKC,Oklahoma City Thunder,0021500968,2016-03-11,OKC vs. MIN,L,38,11,20,0.55,2,5,0.4,4,4,1.0,0,6,6,1,0,1,6,2,28,-5,33.7,1,2015-16
22015,201627,Anthony Morrow,1610612760,OKC,Oklahoma City Thunder,0021500968,2016-03-11,OKC vs. MIN,L,18,1,8,0.125,0,6,0.0,1,3,0.333,0,0,0,1,0,0,0,0,3,13,4.5,1,2015-16
22015,203526,Raul Neto,1610612762,UTA,Utah Jazz,0021500969,2016-03-11,UTA vs. WAS,W,14,4,4,1.0,2,2,1.0,2,2,1.0,0,2,2,2,0,0,5,2,12,9,12.4,1,2015-16
22015,203918,Rodney Hood,1610612762,UTA,Utah Jazz,0021500969,2016-03-11,UTA vs. WAS,W,34,4,9,0.444,3,5,0.6,3,4,0.75,0,1,1,1,4,0,1,2,14,21,27.7,1,2015-16
22015,204060,Joe Ingles,1610612762,UTA,Utah Jazz,0021500969,2016-03-11,UTA vs. WAS,W,7,0,0,,0,0,,0,0,,0,1,1,0,2,0,1,1,0,-5,6.2,1,2015-16
22015,1713,Vince Carter,1610612763,MEM,Memphis Grizzlies,0021500967,2016-03-11,MEM vs. NOP,W,11,1,4,0.25,1,2,0.5,2,2,1.0,0,5,5,1,1,0,0,1,5,9,15.5,1,2015-16
22015,201196,Ramon Sessions,1610612764,WAS,Washington Wizards,0021500969,2016-03-11,WAS @ UTA,L,21,4,12,0.333,1,3,0.333,1,1,1.0,2,2,4,2,0,0,1,2,10,1,16.8,1,2015-16
22015,202693,Markieff Morris,1610612764,WAS,Washington Wizards,0021500969,2016-03-11,WAS @ UTA,L,29,6,11,0.545,1,1,1.0,3,3,1.0,0,4,4,2,1,0,3,4,16,-7,23.8,1,2015-16
22015,202699,Tobias Harris,1610612765,DET,Detroit Pistons,0021500963,2016-03-11,DET @ CHA,L,35,6,14,0.429,2,5,0.4,6,6,1.0,0,5,5,1,3,0,2,2,20,-14,34.5,1,2015-16
22015,203382,Aron Baynes,1610612765,DET,Detroit Pistons,0021500963,2016-03-11,DET @ CHA,L,25,3,6,0.5,0,0,,2,2,1.0,0,6,6,2,0,3,0,2,8,-3,27.2,1,2015-16
22015,203484,Kentavious Caldwell-Pope,1610612765,DET,Detroit Pistons,0021500963,2016-03-11,DET @ CHA,L,38,9,16,0.563,2,4,0.5,4,4,1.0,1,1,2,0,1,0,3,2,24,-16,26.4,1,2015-16
22015,1626169,Stanley Johnson,1610612765,DET,Detroit Pistons,0021500963,2016-03-11,DET @ CHA,L,9,1,1,1.0,1,1,1.0,0,0,,0,0,0,0,0,0,0,2,3,-7,3.0,1,2015-16
22015,201950,Jrue Holiday,1610612740,NOP,New Orleans Pelicans,0021500967,2016-03-11,NOP @ MEM,L,41,12,27,0.444,2,7,0.286,8,10,0.8,0,5,5,10,0,1,7,4,34,3,51.0,1,2015-16
22015,201959,Taj Gibson,1610612741,CHI,Chicago Bulls,0021500966,2016-03-11,CHI vs. MIA,L,25,6,10,0.6,0,0,,1,1,1.0,1,5,6,2,0,1,2,0,13,-22,24.2,1,2015-16
22015,203200,Justin Holiday,1610612741,CHI,Chicago Bulls,0021500966,2016-03-11,CHI vs. MIA,L,38,6,15,0.4,1,2,0.5,1,1,1.0,2,2,4,1,2,2,2,2,14,0,30.3,1,2015-16
22015,201575,Brandon Rush,1610612744,GSW,Golden State Warriors,0021500971,2016-03-11,GSW vs. POR,W,16,1,3,0.333,1,2,0.5,1,2,0.5,0,3,3,1,0,0,0,0,4,-7,9.1,1,2015-16
22015,201578,Marreese Speights,1610612744,GSW,Golden State Warriors,0021500971,2016-03-11,GSW vs. POR,W,11,0,3,0.0,0,2,0.0,1,2,0.5,0,1,1,0,0,0,0,3,1,3,2.2,1,2015-16
22015,201147,Corey Brewer,1610612745,HOU,Houston Rockets,0021500965,2016-03-11,HOU @ BOS,W,22,4,7,0.571,1,3,0.333,1,2,0.5,0,0,0,1,2,0,1,4,10,-3,16.5,1,2015-16
22015,201976,Patrick Beverley,1610612745,HOU,Houston Rockets,0021500965,2016-03-11,HOU @ BOS,W,39,2,8,0.25,1,6,0.167,3,4,0.75,4,8,12,4,1,0,4,3,8,6,27.4,1,2015-16
22015,203909,KJ McDaniels,1610612745,HOU,Houston Rockets,0021500965,2016-03-11,HOU @ BOS,W,14,1,4,0.25,0,2,0.0,0,0,,1,1,2,2,0,0,1,1,2,2,6.4,1,2015-16
22015,2405,Amar'e Stoudemire,1610612748,MIA,Miami Heat,0021500966,2016-03-11,MIA @ CHI,W,15,3,3,1.0,0,0,,0,0,,0,0,0,0,0,0,1,0,6,-2,5.0,1,2015-16
22015,203930,Sean Kilpatrick,1610612751,BKN,Brooklyn Nets,0021500964,2016-03-11,BKN @ PHI,L,24,4,7,0.571,0,3,0.0,2,2,1.0,0,3,3,0,0,0,2,2,10,-9,11.6,1,2015-16
22015,201577,Robin Lopez,1610612752,NYK,New York Knicks,0021500972,2016-03-11,NYK @ LAC,L,44,9,15,0.6,0,0,,2,2,1.0,10,9,19,2,1,1,5,1,20,-7,46.8,1,2015-16
22015,203473,Dewayne Dedmon,1610612753,ORL,Orlando Magic,0021500970,2016-03-11,ORL @ SAC,W,25,4,6,0.667,0,0,,1,1,1.0,3,4,7,0,0,1,1,1,9,6,19.4,1,2015-16
22015,1626161,Willie Cauley-Stein,1610612758,SAC,Sacramento Kings,0021500970,2016-03-11,SAC vs. ORL,L,21,4,9,0.444,0,0,,4,4,1.0,2,4,6,1,0,1,2,1,12,-3,21.7,1,2015-16
22015,200797,Ryan Hollins,1610612763,MEM,Memphis Grizzlies,0021500967,2016-03-11,MEM vs. NOP,W,13,2,3,0.667,0,0,,0,2,0.0,1,1,2,0,0,3,2,2,4,-9,13.4,1,2015-16
22015,1626199,Darrun Hilliard,1610612765,DET,Detroit Pistons,0021500963,2016-03-11,DET @ CHA,L,3,2,2,1.0,0,0,,1,1,1.0,0,0,0,1,0,0,0,0,5,3,6.5,1,2015-16
22015,2594,Kyle Korver,1610612737,ATL,Atlanta Hawks,0021500974,2016-03-12,ATL vs. MEM,W,31,6,8,0.75,3,4,0.75,0,0,,0,4,4,3,2,2,1,1,15,22,35.3,1,2015-16
22015,200794,Paul Millsap,1610612737,ATL,Atlanta Hawks,0021500974,2016-03-12,ATL vs. MEM,W,33,8,16,0.5,0,2,0.0,5,6,0.833,0,7,7,5,1,1,3,2,21,32,39.9,1,2015-16
22015,201143,Al Horford,1610612737,ATL,Atlanta Hawks,0021500974,2016-03-12,ATL vs. MEM,W,31,8,12,0.667,1,2,0.5,2,2,1.0,1,7,8,2,0,4,0,2,19,1,43.6,1,2015-16
22015,203145,Kent Bazemore,1610612737,ATL,Atlanta Hawks,0021500974,2016-03-12,ATL vs. MEM,W,28,0,9,0.0,0,6,0.0,0,0,,0,5,5,5,1,1,0,0,0,24,19.5,1,2015-16
22015,203488,Mike Muscala,1610612737,ATL,Atlanta Hawks,0021500974,2016-03-12,ATL vs. MEM,W,1,0,0,,0,0,,0,0,,0,0,0,0,0,0,0,0,0,-5,0.0,1,2015-16
22015,2570,Kendrick Perkins,1610612740,NOP,New Orleans Pelicans,0021500978,2016-03-12,NOP @ MIL,L,12,1,2,0.5,0,0,,0,1,0.0,0,1,1,1,0,0,0,1,2,9,4.7,1,2015-16
22015,201600,Omer Asik,1610612740,NOP,New Orleans Pelicans,0021500978,2016-03-12,NOP @ MIL,L,6,0,1,0.0,0,0,,0,0,,1,2,3,0,0,0,1,1,0,-8,2.6,1,2015-16
22015,201967,Dante Cunningham,1610612740,NOP,New Orleans Pelicans,0021500978,2016-03-12,NOP @ MIL,L,30,4,6,0.667,1,3,0.333,0,0,,1,2,3,0,0,1,1,2,9,-12,14.6,1,2015-16
22015,201571,D.J. Augustin,1610612743,DEN,Denver Nuggets,0021500980,2016-03-12,DEN vs. WAS,W,31,5,10,0.5,1,5,0.2,6,7,0.857,0,2,2,10,1,0,3,1,17,25,34.4,1,2015-16
22015,1626144,Emmanuel Mudiay,1610612743,DEN,Denver Nuggets,0021500980,2016-03-12,DEN vs. WAS,W,22,4,9,0.444,0,2,0.0,2,2,1.0,0,0,0,2,1,0,4,4,10,-11,12.0,1,2015-16
22015,201575,Brandon Rush,1610612744,GSW,Golden State Warriors,0021500981,2016-03-12,GSW vs. PHX,W,8,1,1,1.0,0,0,,0,0,,0,0,0,0,0,1,1,0,2,-10,4.0,1,2015-16
22015,201147,Corey Brewer,1610612745,HOU,Houston Rockets,0021500975,2016-03-12,HOU @ CHA,L,27,9,15,0.6,1,4,0.25,2,4,0.5,0,3,3,0,1,1,0,1,21,7,30.6,1,2015-16
22015,201935,James Harden,1610612745,HOU,Houston Rockets,0021500975,2016-03-12,HOU @ CHA,L,34,2,14,0.143,0,5,0.0,8,9,0.889,1,2,3,10,2,0,1,3,12,-23,35.6,1,2015-16
22015,202726,Andrew Goudelock,1610612745,HOU,Houston Rockets,0021500975,2016-03-12,HOU @ CHA,L,5,1,2,0.5,0,1,0.0,0,0,,0,0,0,0,1,0,0,0,2,6,5.0,1,2015-16
22015,203909,KJ McDaniels,1610612745,HOU,Houston Rockets,0021500975,2016-03-12,HOU @ CHA,L,14,1,3,0.333,1,2,0.5,2,2,1.0,1,2,3,1,0,0,0,2,5,1,10.1,1,2015-16
22015,2207,Joe Johnson,1610612748,MIA,Miami Heat,0021500977,2016-03-12,MIA @ TOR,L,43,11,21,0.524,4,7,0.571,2,2,1.0,1,3,4,5,0,0,4,5,28,-6,36.3,1,2015-16
22015,201573,Jerryd Bayless,1610612749,MIL,Milwaukee Bucks,0021500978,2016-03-12,MIL vs. NOP,W,40,7,13,0.538,3,7,0.429,0,0,,1,3,4,4,2,1,0,1,17,15,36.8,1,2015-16
22015,203948,Johnny O'Bryant III,1610612749,MIL,Milwaukee Bucks,0021500978,2016-03-12,MIL vs. NOP,W,15,0,4,0.0,0,0,,0,0,,0,0,0,0,1,0,0,1,0,3,3.0,1,2015-16
22015,201160,Jason Smith,1610612753,ORL,Orlando Magic,0021500982,2016-03-12,ORL @ POR,L,11,2,8,0.25,0,0,,2,4,0.5,1,0,1,0,0,0,1,3,6,-10,6.2,1,2015-16
22015,201228,C.J. Watson,1610612753,ORL,Orlando Magic,0021500982,2016-03-12,ORL @ POR,L,24,1,9,0.111,0,3,0.0,1,1,1.0,0,2,2,4,0,1,3,1,3,-23,11.4,1,2015-16
22015,203894,Shabazz Napier,1610612753,ORL,Orlando Magic,0021500982,2016-03-12,ORL @ POR,L,24,1,9,0.111,1,6,0.167,0,0,,0,1,1,3,0,0,0,0,3,-14,8.7,1,2015-16
22015,1626209,Mario Hezonja,1610612753,ORL,Orlando Magic,0021500982,2016-03-12,ORL @ POR,L,27,4,8,0.5,2,4,0.5,1,2,0.5,2,3,5,3,1,0,1,2,11,-28,23.5,1,2015-16
22015,101145,Monta Ellis,1610612754,IND,Indiana Pacers,0021500973,2016-03-12,IND @ DAL,W,37,7,13,0.538,0,4,0.0,3,3,1.0,0,5,5,7,3,1,3,3,17,17,42.5,1,2015-16
22015,201155,Rodney Stuckey,1610612754,IND,Indiana Pacers,0021500973,2016-03-12,IND @ DAL,W,23,2,5,0.4,1,2,0.5,5,5,1.0,0,1,1,2,2,1,3,2,10,-3,20.2,1,2015-16
22015,201941,Jordan Hill,1610612754,IND,Indiana Pacers,0021500973,2016-03-12,IND @ DAL,W,17,4,7,0.571,0,0,,3,3,1.0,2,1,3,1,1,0,2,2,11,-8,17.1,1,2015-16
22015,202397,Ish Smith,1610612755,PHI,Philadelphia 76ers,0021500976,2016-03-12,PHI vs. DET,L,31,6,14,0.429,2,4,0.5,2,2,1.0,0,4,4,2,0,0,3,2,16,-18,20.8,1,2015-16
22015,204456,T.J. McConnell,1610612755,PHI,Philadelphia 76ers,0021500976,2016-03-12,PHI vs. DET,L,17,3,6,0.5,0,1,0.0,0,0,,0,2,2,3,2,0,2,0,6,4,16.9,1,2015-16
22015,2199,Tyson Chandler,1610612756,PHX,Phoenix Suns,0021500981,2016-03-12,PHX @ GSW,L,30,6,9,0.667,0,0,,0,0,,0,12,12,2,2,1,1,2,12,1,37.4,1,2015-16
22015,203098,John Jenkins,1610612756,PHX,Phoenix Suns,0021500981,2016-03-12,PHX @ GSW,L,7,0,2,0.0,0,1,0.0,0,0,,1,3,4,0,0,0,0,0,0,9,4.8,1,2015-16
22015,202683,Enes Freedom,1610612760,OKC,Oklahoma City Thunder,0021500979,2016-03-12,OKC @ SAS,L,28,4,6,0.667,0,0,,3,3,1.0,4,13,17,0,0,0,1,1,11,-5,30.4,1,2015-16
22015,200768,Kyle Lowry,1610612761,TOR,Toronto Raptors,0021500977,2016-03-12,TOR vs. MIA,W,45,4,16,0.25,2,8,0.25,6,6,1.0,1,6,7,2,2,0,4,5,16,9,29.4,1,2015-16
22015,2440,Matt Barnes,1610612763,MEM,Memphis Grizzlies,0021500974,2016-03-12,MEM @ ATL,L,26,2,13,0.154,2,7,0.286,0,0,,0,6,6,0,1,1,4,2,6,-25,15.2,1,2015-16
22015,202362,Lance Stephenson,1610612763,MEM,Memphis Grizzlies,0021500974,2016-03-12,MEM @ ATL,L,30,7,12,0.583,0,2,0.0,4,4,1.0,0,8,8,6,0,0,1,1,18,-5,35.6,1,2015-16
22015,2403,Nene,1610612764,WAS,Washington Wizards,0021500980,2016-03-12,WAS @ DEN,L,25,2,7,0.286,0,0,,1,4,0.25,1,2,3,2,4,1,2,3,5,-11,24.6,1,2015-16
22015,101162,Marcin Gortat,1610612764,WAS,Washington Wizards,0021500980,2016-03-12,WAS @ DEN,L,8,1,5,0.2,0,0,,0,0,,1,1,2,0,0,0,0,4,2,0,4.4,1,2015-16
22015,201229,Anthony Tolliver,1610612765,DET,Detroit Pistons,0021500976,2016-03-12,DET @ PHI,W,1,0,0,,0,0,,0,0,,0,0,0,0,0,0,0,0,0,3,0.0,1,2015-16
22015,202689,Kemba Walker,1610612766,CHA,Charlotte Hornets,0021500975,2016-03-12,CHA vs. HOU,W,33,11,16,0.688,4,7,0.571,0,0,,0,5,5,6,0,0,2,2,26,32,39.0,1,2015-16
22015,201952,Jeff Teague,1610612737,ATL,Atlanta Hawks,0021500974,2016-03-12,ATL vs. MEM,W,29,7,14,0.5,4,7,0.571,0,0,,1,1,2,7,1,2,0,2,18,2,39.9,1,2015-16
22015,203471,Dennis Schröder,1610612737,ATL,Atlanta Hawks,0021500974,2016-03-12,ATL vs. MEM,W,3,0,2,0.0,0,1,0.0,0,0,,0,0,0,0,0,0,2,0,0,-5,-2.0,1,2015-16
22015,201950,Jrue Holiday,1610612740,NOP,New Orleans Pelicans,0021500978,2016-03-12,NOP @ MIL,L,29,4,13,0.308,0,6,0.0,0,0,,0,3,3,4,1,1,7,3,8,2,16.6,1,2015-16
22015,203076,Anthony Davis,1610612740,NOP,New Orleans Pelicans,0021500978,2016-03-12,NOP @ MIL,L,34,8,22,0.364,2,3,0.667,11,12,0.917,2,9,11,2,2,0,1,1,29,-24,50.2,1,2015-16
22015,203111,Orlando Johnson,1610612740,NOP,New Orleans Pelicans,0021500978,2016-03-12,NOP @ MIL,L,5,0,1,0.0,0,0,,0,0,,0,0,0,1,0,0,0,0,0,0,1.5,1,2015-16
22015,2585,Zaza Pachulia,1610612742,DAL,Dallas Mavericks,0021500973,2016-03-12,DAL vs. IND,L,17,3,9,0.333,0,0,,0,0,,4,5,9,1,0,0,0,1,6,-8,18.3,1,2015-16
22015,101135,David Lee,1610612742,DAL,Dallas Mavericks,0021500973,2016-03-12,DAL vs. IND,L,19,5,6,0.833,0,0,,0,0,,2,6,8,1,0,1,1,4,10,0,23.1,1,2015-16
22015,202083,Wesley Matthews,1610612742,DAL,Dallas Mavericks,0021500973,2016-03-12,DAL vs. IND,L,36,7,13,0.538,1,4,0.25,0,0,,0,5,5,6,2,0,2,1,15,-8,34.0,1,2015-16
22015,203530,Joffrey Lauvergne,1610612743,DEN,Denver Nuggets,0021500980,2016-03-12,DEN vs. WAS,W,9,1,3,0.333,0,0,,0,0,,1,4,5,0,1,0,1,2,2,-3,10.0,1,2015-16
22015,203999,Nikola Jokić,1610612743,DEN,Denver Nuggets,0021500980,2016-03-12,DEN vs. WAS,W,17,0,0,,0,0,,0,0,,0,5,5,3,0,0,2,4,0,-4,8.5,1,2015-16
22015,2760,Anderson Varejao,1610612744,GSW,Golden State Warriors,0021500981,2016-03-12,GSW vs. PHX,W,5,0,2,0.0,0,0,,1,2,0.5,0,0,0,0,0,0,1,1,1,-7,0.0,1,2015-16
22015,203110,Draymond Green,1610612744,GSW,Golden State Warriors,0021500981,2016-03-12,GSW vs. PHX,W,37,5,12,0.417,1,5,0.2,8,10,0.8,0,4,4,6,2,1,3,3,19,0,38.8,1,2015-16
22015,1891,Jason Terry,1610612745,HOU,Houston Rockets,0021500975,2016-03-12,HOU @ CHA,L,20,4,9,0.444,2,3,0.667,1,1,1.0,2,0,2,2,2,0,0,4,11,-4,22.4,1,2015-16
22015,2730,Dwight Howard,1610612745,HOU,Houston Rockets,0021500975,2016-03-12,HOU @ CHA,L,34,8,10,0.8,0,0,,0,2,0.0,4,9,13,4,0,0,4,2,16,-14,33.6,1,2015-16
22015,2772,Trevor Ariza,1610612745,HOU,Houston Rockets,0021500975,2016-03-12,HOU @ CHA,L,31,4,13,0.308,1,6,0.167,0,0,,1,4,5,1,2,0,1,2,9,-22,21.5,1,2015-16
22015,2736,Luol Deng,1610612748,MIA,Miami Heat,0021500977,2016-03-12,MIA @ TOR,L,37,7,18,0.389,2,8,0.25,4,5,0.8,2,3,5,1,2,1,3,4,20,-5,33.5,1,2015-16
22015,1626196,Josh Richardson,1610612748,MIA,Miami Heat,0021500977,2016-03-12,MIA @ TOR,L,26,3,7,0.429,1,2,0.5,1,3,0.333,2,1,3,0,2,0,0,5,8,-3,17.6,1,2015-16
22015,203996,Damien Inglis,1610612749,MIL,Milwaukee Bucks,0021500978,2016-03-12,MIL vs. NOP,W,3,1,1,1.0,0,0,,0,0,,0,1,1,0,0,0,0,0,2,-4,3.2,1,2015-16
22015,101141,Ersan Ilyasova,1610612753,ORL,Orlando Magic,0021500982,2016-03-12,ORL @ POR,L,29,1,7,0.143,0,1,0.0,2,4,0.5,4,5,9,1,0,0,2,3,4,-34,14.3,1,2015-16
22015,203094,Andrew Nicholson,1610612753,ORL,Orlando Magic,0021500982,2016-03-12,ORL @ POR,L,8,1,3,0.333,0,2,0.0,0,0,,1,1,2,0,0,0,0,0,2,-9,4.4,1,2015-16
22015,101133,Ian Mahinmi,1610612754,IND,Indiana Pacers,0021500973,2016-03-12,IND @ DAL,W,31,3,6,0.5,0,0,,4,4,1.0,0,3,3,1,1,2,1,5,10,13,23.1,1,2015-16
22015,101139,CJ Miles,1610612754,IND,Indiana Pacers,0021500973,2016-03-12,IND @ DAL,W,11,1,5,0.2,1,4,0.25,0,0,,0,0,0,0,0,1,1,1,3,-10,5.0,1,2015-16
22015,203138,Hollis Thompson,1610612755,PHI,Philadelphia 76ers,0021500976,2016-03-12,PHI vs. DET,L,35,1,7,0.143,1,4,0.25,0,0,,1,6,7,3,0,0,0,2,3,-4,15.9,1,2015-16
22015,203457,Nerlens Noel,1610612755,PHI,Philadelphia 76ers,0021500976,2016-03-12,PHI vs. DET,L,37,3,7,0.429,0,0,,6,8,0.75,2,4,6,4,2,1,2,2,12,-15,32.2,1,2015-16
22015,202688,Brandon Knight,1610612756,PHX,Phoenix Suns,0021500981,2016-03-12,PHX @ GSW,L,37,11,20,0.55,7,12,0.583,1,1,1.0,3,3,6,7,1,1,6,3,30,-10,47.7,1,2015-16
22015,203459,Allen Crabbe,1610612757,POR,Portland Trail Blazers,0021500982,2016-03-12,POR vs. ORL,W,24,6,8,0.75,2,4,0.5,4,4,1.0,1,4,5,1,0,0,1,2,18,30,24.5,1,2015-16
22015,203468,CJ McCollum,1610612757,POR,Portland Trail Blazers,0021500982,2016-03-12,POR vs. ORL,W,29,8,17,0.471,2,6,0.333,0,0,,1,0,1,3,0,0,3,0,18,11,20.7,1,2015-16
22015,201142,Kevin Durant,1610612760,OKC,Oklahoma City Thunder,0021500979,2016-03-12,OKC @ SAS,L,37,11,25,0.44,0,5,0.0,6,6,1.0,0,4,4,8,1,1,3,4,28,-2,47.8,1,2015-16
22015,202709,Cory Joseph,1610612761,TOR,Toronto Raptors,0021500977,2016-03-12,TOR vs. MIA,W,30,1,7,0.143,0,1,0.0,4,4,1.0,0,2,2,2,2,3,2,3,6,6,24.4,1,2015-16
22015,1626185,Jarell Martin,1610612763,MEM,Memphis Grizzlies,0021500974,2016-03-12,MEM @ ATL,L,20,3,10,0.3,0,0,,4,5,0.8,3,1,4,0,1,0,2,2,10,4,15.8,1,2015-16
22015,201196,Ramon Sessions,1610612764,WAS,Washington Wizards,0021500980,2016-03-12,WAS @ DEN,L,18,3,6,0.5,0,2,0.0,0,0,,0,3,3,1,0,0,2,1,6,-12,9.1,1,2015-16
22015,202322,John Wall,1610612764,WAS,Washington Wizards,0021500980,2016-03-12,WAS @ DEN,L,41,6,15,0.4,1,3,0.333,6,7,0.857,1,4,5,11,0,1,6,0,19,-18,38.5,1,2015-16
22015,202693,Markieff Morris,1610612764,WAS,Washington Wizards,0021500980,2016-03-12,WAS @ DEN,L,30,3,9,0.333,0,1,0.0,2,3,0.667,2,4,6,2,1,1,2,2,8,-4,22.2,1,2015-16
22015,204067,Jarell Eddie,1610612764,WAS,Washington Wizards,0021500980,2016-03-12,WAS @ DEN,L,0,0,0,,0,0,,0,0,,0,0,0,0,0,0,0,0,0,2,0.0,1,2015-16
22015,202699,Tobias Harris,1610612765,DET,Detroit Pistons,0021500976,2016-03-12,DET @ PHI,W,33,8,12,0.667,2,3,0.667,3,3,1.0,1,7,8,1,0,0,3,3,21,13,29.1,1,2015-16
22015,203382,Aron Baynes,1610612765,DET,Detroit Pistons,0021500976,2016-03-12,DET @ PHI,W,13,3,6,0.5,0,0,,1,2,0.5,3,4,7,0,0,2,0,0,7,7,21.4,1,2015-16
22015,1626169,Stanley Johnson,1610612765,DET,Detroit Pistons,0021500976,2016-03-12,DET @ PHI,W,14,0,2,0.0,0,0,,0,0,,1,4,5,1,0,0,1,0,0,-9,6.5,1,2015-16
22015,101107,Marvin Williams,1610612766,CHA,Charlotte Hornets,0021500975,2016-03-12,CHA vs. HOU,W,27,9,16,0.563,3,5,0.6,4,4,1.0,3,1,4,0,2,0,1,2,25,15,34.8,1,2015-16
22015,201946,Tyler Hansbrough,1610612766,CHA,Charlotte Hornets,0021500975,2016-03-12,CHA vs. HOU,W,3,1,1,1.0,0,0,,0,0,,0,1,1,0,0,0,0,0,2,-4,3.2,1,2015-16
22015,201583,Ryan Anderson,1610612740,NOP,New Orleans Pelicans,0021500978,2016-03-12,NOP @ MIL,L,34,5,18,0.278,1,9,0.111,2,2,1.0,3,3,6,0,1,2,3,2,13,-6,26.2,1,2015-16
22015,201962,Toney Douglas,1610612740,NOP,New Orleans Pelicans,0021500978,2016-03-12,NOP @ MIL,L,19,2,4,0.5,1,2,0.5,0,0,,0,6,6,4,2,0,3,2,5,-13,21.2,1,2015-16
22015,202087,Alonzo Gee,1610612740,NOP,New Orleans Pelicans,0021500978,2016-03-12,NOP @ MIL,L,34,4,5,0.8,0,1,0.0,2,4,0.5,2,3,5,4,0,0,0,4,10,1,22.0,1,2015-16
22015,200826,J.J. Barea,1610612742,DAL,Dallas Mavericks,0021500973,2016-03-12,DAL vs. IND,L,24,5,8,0.625,0,1,0.0,0,0,,1,2,3,5,0,0,2,0,10,4,19.1,1,2015-16
22015,201589,Darrell Arthur,1610612743,DEN,Denver Nuggets,0021500980,2016-03-12,DEN vs. WAS,W,29,6,12,0.5,3,5,0.6,2,2,1.0,3,3,6,2,1,1,1,2,17,34,32.2,1,2015-16
22015,202702,Kenneth Faried,1610612743,DEN,Denver Nuggets,0021500980,2016-03-12,DEN vs. WAS,W,21,4,6,0.667,0,0,,2,2,1.0,1,4,5,0,0,0,2,1,10,-15,14.0,1,2015-16
22015,203914,Gary Harris,1610612743,DEN,Denver Nuggets,0021500980,2016-03-12,DEN vs. WAS,W,31,8,13,0.615,0,3,0.0,1,1,1.0,1,4,5,2,1,1,3,2,17,-5,29.0,1,2015-16
22015,203994,Jusuf Nurkić,1610612743,DEN,Denver Nuggets,0021500980,2016-03-12,DEN vs. WAS,W,18,5,8,0.625,0,0,,7,9,0.778,2,2,4,1,1,2,2,3,17,21,30.3,1,2015-16
22015,1626253,Axel Toupane,1610612743,DEN,Denver Nuggets,0021500980,2016-03-12,DEN vs. WAS,W,19,2,5,0.4,2,4,0.5,2,2,1.0,0,0,0,1,3,2,0,4,8,24,24.5,1,2015-16
22015,201939,Stephen Curry,1610612744,GSW,Golden State Warriors,0021500981,2016-03-12,GSW vs. PHX,W,35,12,24,0.5,7,16,0.438,4,4,1.0,1,2,3,6,0,0,1,4,35,19,46.6,1,2015-16
22015,2405,Amar'e Stoudemire,1610612748,MIA,Miami Heat,0021500977,2016-03-12,MIA @ TOR,L,20,1,4,0.25,0,0,,2,2,1.0,3,2,5,0,1,0,1,4,4,-1,12.0,1,2015-16
22015,202328,Greg Monroe,1610612749,MIL,Milwaukee Bucks,0021500978,2016-03-12,MIL vs. NOP,W,27,6,10,0.6,0,0,,4,4,1.0,0,11,11,2,1,1,0,3,16,1,38.2,1,2015-16
22015,203114,Khris Middleton,1610612749,MIL,Milwaukee Bucks,0021500978,2016-03-12,MIL vs. NOP,W,41,9,16,0.563,0,4,0.0,1,1,1.0,1,9,10,8,3,0,1,3,19,22,51.0,1,2015-16
22015,203095,Evan Fournier,1610612753,ORL,Orlando Magic,0021500982,2016-03-12,ORL @ POR,L,26,6,12,0.5,1,4,0.25,2,2,1.0,0,4,4,2,0,0,5,1,15,-15,17.8,1,2015-16
22015,203473,Dewayne Dedmon,1610612753,ORL,Orlando Magic,0021500982,2016-03-12,ORL @ POR,L,15,1,2,0.5,0,0,,0,0,,2,6,8,0,0,1,0,1,2,-3,14.6,1,2015-16
22015,1626167,Myles Turner,1610612754,IND,Indiana Pacers,0021500973,2016-03-12,IND @ DAL,W,19,5,9,0.556,1,1,1.0,4,4,1.0,2,5,7,0,0,1,1,3,15,12,25.4,1,2015-16
22015,203477,Isaiah Canaan,1610612755,PHI,Philadelphia 76ers,0021500976,2016-03-12,PHI vs. DET,L,33,5,8,0.625,4,5,0.8,8,9,0.889,0,1,1,1,2,0,3,2,22,-21,27.7,1,2015-16
22015,201978,Chase Budinger,1610612756,PHX,Phoenix Suns,0021500981,2016-03-12,PHX @ GSW,L,12,2,3,0.667,1,2,0.5,0,0,,1,2,3,1,0,0,0,4,5,-18,10.1,1,2015-16
22015,1626164,Devin Booker,1610612756,PHX,Phoenix Suns,0021500981,2016-03-12,PHX @ GSW,L,37,7,19,0.368,0,5,0.0,4,5,0.8,0,0,0,11,0,1,0,5,18,-9,37.5,1,2015-16
22015,202329,Al-Farouq Aminu,1610612757,POR,Portland Trail Blazers,0021500982,2016-03-12,POR vs. ORL,W,23,4,8,0.5,3,5,0.6,0,0,,2,5,7,2,1,1,0,2,11,16,28.4,1,2015-16
22015,202334,Ed Davis,1610612757,POR,Portland Trail Blazers,0021500982,2016-03-12,POR vs. ORL,W,13,2,2,1.0,0,0,,0,0,,0,2,2,0,0,0,1,1,4,5,5.4,1,2015-16
22015,203148,Brian Roberts,1610612757,POR,Portland Trail Blazers,0021500982,2016-03-12,POR vs. ORL,W,8,1,2,0.5,1,1,1.0,0,0,,0,0,0,2,0,0,1,0,3,9,5.0,1,2015-16
22015,203486,Mason Plumlee,1610612757,POR,Portland Trail Blazers,0021500982,2016-03-12,POR vs. ORL,W,27,4,6,0.667,0,0,,1,2,0.5,2,9,11,3,0,0,1,4,9,20,25.7,1,2015-16
22015,1495,Tim Duncan,1610612759,SAS,San Antonio Spurs,0021500979,2016-03-12,SAS vs. OKC,W,22,5,7,0.714,0,0,,1,2,0.5,3,3,6,1,2,0,0,3,11,-5,25.7,1,2015-16
22015,1938,Manu Ginobili,1610612759,SAS,San Antonio Spurs,0021500979,2016-03-12,SAS vs. OKC,W,16,0,3,0.0,0,2,0.0,2,2,1.0,0,0,0,0,3,0,2,3,2,7,9.0,1,2015-16
22015,200746,LaMarcus Aldridge,1610612759,SAS,San Antonio Spurs,0021500979,2016-03-12,SAS vs. OKC,W,37,9,14,0.643,0,0,,6,6,1.0,2,7,9,3,0,1,3,2,24,2,39.3,1,2015-16
22015,201980,Danny Green,1610612759,SAS,San Antonio Spurs,0021500979,2016-03-12,SAS vs. OKC,W,30,1,10,0.1,1,9,0.111,2,2,1.0,1,3,4,1,2,0,1,3,5,13,16.3,1,2015-16
22015,201988,Patty Mills,1610612759,SAS,San Antonio Spurs,0021500979,2016-03-12,SAS vs. OKC,W,20,1,6,0.167,1,4,0.25,1,2,0.5,1,6,7,3,1,0,0,1,4,12,19.9,1,2015-16
22015,2555,Nick Collison,1610612760,OKC,Oklahoma City Thunder,0021500979,2016-03-12,OKC @ SAS,L,9,0,1,0.0,0,0,,0,0,,0,1,1,1,0,0,2,2,0,-5,0.7,1,2015-16
22015,201586,Serge Ibaka,1610612760,OKC,Oklahoma City Thunder,0021500979,2016-03-12,OKC @ SAS,L,37,3,13,0.231,0,3,0.0,1,2,0.5,2,10,12,0,3,0,1,3,7,1,29.4,1,2015-16
22015,2754,Tony Allen,1610612763,MEM,Memphis Grizzlies,0021500974,2016-03-12,MEM @ ATL,L,23,7,14,0.5,1,1,1.0,0,1,0.0,5,4,9,0,2,0,2,2,15,-14,29.8,1,2015-16
22015,1627362,Briante Weber,1610612763,MEM,Memphis Grizzlies,0021500974,2016-03-12,MEM @ ATL,L,32,1,5,0.2,0,2,0.0,0,0,,3,1,4,3,3,1,0,1,2,-15,23.3,1,2015-16
22015,201581,JJ Hickson,1610612764,WAS,Washington Wizards,0021500980,2016-03-12,WAS @ DEN,L,12,3,6,0.5,0,0,,4,5,0.8,2,2,4,0,0,0,1,2,10,-4,13.8,1,2015-16
22015,202066,Garrett Temple,1610612764,WAS,Washington Wizards,0021500980,2016-03-12,WAS @ DEN,L,34,4,8,0.5,2,5,0.4,2,2,1.0,2,3,5,0,1,0,2,6,12,-10,19.0,1,2015-16
22015,202694,Marcus Morris Sr.,1610612765,DET,Detroit Pistons,0021500976,2016-03-12,DET @ PHI,W,40,7,15,0.467,3,4,0.75,2,2,1.0,0,7,7,4,0,1,0,3,19,12,36.4,1,2015-16
22015,203083,Andre Drummond,1610612765,DET,Detroit Pistons,0021500976,2016-03-12,DET @ PHI,W,35,8,12,0.667,0,0,,3,4,0.75,3,12,15,1,1,0,2,4,19,7,39.5,1,2015-16
22015,203484,Kentavious Caldwell-Pope,1610612765,DET,Detroit Pistons,0021500976,2016-03-12,DET @ PHI,W,40,9,21,0.429,1,4,0.25,4,5,0.8,2,2,4,6,2,0,3,2,23,18,39.8,1,2015-16
22015,203493,Reggie Bullock Jr.,1610612765,DET,Detroit Pistons,0021500976,2016-03-12,DET @ PHI,W,17,4,7,0.571,0,1,0.0,0,0,,1,2,3,1,0,0,0,1,8,5,13.1,1,2015-16
22015,201587,Nicolas Batum,1610612766,CHA,Charlotte Hornets,0021500975,2016-03-12,CHA vs. HOU,W,34,5,10,0.5,2,4,0.5,2,2,1.0,0,8,8,8,1,1,1,1,14,1,40.6,1,2015-16
22015,202391,Jeremy Lin,1610612766,CHA,Charlotte Hornets,0021500975,2016-03-12,CHA vs. HOU,W,26,4,9,0.444,1,2,0.5,7,8,0.875,1,3,4,4,1,0,0,5,16,9,29.8,1,2015-16
22015,1626151,Aaron Harrison,1610612766,CHA,Charlotte Hornets,0021500975,2016-03-12,CHA vs. HOU,W,3,0,1,0.0,0,1,0.0,0,0,,0,0,0,0,0,0,0,1,0,-4,0.0,1,2015-16
22015,2550,Kirk Hinrich,1610612737,ATL,Atlanta Hawks,0021500974,2016-03-12,ATL vs. MEM,W,15,0,4,0.0,0,2,0.0,0,0,,1,2,3,3,1,0,0,0,0,15,11.1,1,2015-16
22015,203118,Mike Scott,1610612737,ATL,Atlanta Hawks,0021500974,2016-03-12,ATL vs. MEM,W,11,0,4,0.0,0,2,0.0,1,2,0.5,0,1,1,1,0,0,0,2,1,-20,3.7,1,2015-16
22015,101109,Raymond Felton,1610612742,DAL,Dallas Mavericks,0021500973,2016-03-12,DAL vs. IND,L,18,2,5,0.4,0,1,0.0,0,0,,0,1,1,1,0,0,1,4,4,-1,5.7,1,2015-16
22015,203115,Will Barton,1610612743,DEN,Denver Nuggets,0021500980,2016-03-12,DEN vs. WAS,W,30,6,12,0.5,1,3,0.333,1,2,0.5,1,9,10,2,1,1,2,1,14,23,33.0,1,2015-16
22015,2571,Leandro Barbosa,1610612744,GSW,Golden State Warriors,0021500981,2016-03-12,GSW vs. PHX,W,18,0,0,,0,0,,2,2,1.0,1,2,3,2,0,1,0,1,2,17,11.6,1,2015-16
22015,201578,Marreese Speights,1610612744,GSW,Golden State Warriors,0021500981,2016-03-12,GSW vs. PHX,W,18,10,14,0.714,0,1,0.0,5,6,0.833,1,8,9,0,2,1,0,2,25,14,44.8,1,2015-16
22015,203084,Harrison Barnes,1610612744,GSW,Golden State Warriors,0021500981,2016-03-12,GSW vs. PHX,W,35,3,7,0.429,0,3,0.0,2,2,1.0,2,7,9,4,0,0,1,5,8,10,23.8,1,2015-16
22015,203546,Ian Clark,1610612744,GSW,Golden State Warriors,0021500981,2016-03-12,GSW vs. PHX,W,5,0,0,,0,0,,0,0,,0,0,0,0,0,0,1,2,0,-7,-1.0,1,2015-16
22015,201563,Michael Beasley,1610612745,HOU,Houston Rockets,0021500975,2016-03-12,HOU @ CHA,L,15,6,9,0.667,0,1,0.0,3,3,1.0,1,1,2,0,0,1,2,0,15,-28,18.4,1,2015-16
22015,201976,Patrick Beverley,1610612745,HOU,Houston Rockets,0021500975,2016-03-12,HOU @ CHA,L,29,0,5,0.0,0,3,0.0,0,0,,0,2,2,1,0,2,1,5,0,-13,8.9,1,2015-16
22015,203991,Clint Capela,1610612745,HOU,Houston Rockets,0021500975,2016-03-12,HOU @ CHA,L,14,4,7,0.571,0,0,,1,5,0.2,3,1,4,1,0,1,0,0,9,-2,18.3,1,2015-16
22015,1626149,Montrezl Harrell,1610612745,HOU,Houston Rockets,0021500975,2016-03-12,HOU @ CHA,L,12,2,3,0.667,0,0,,1,2,0.5,0,1,1,1,0,0,0,1,5,15,7.7,1,2015-16
22015,101123,Gerald Green,1610612748,MIA,Miami Heat,0021500977,2016-03-12,MIA @ TOR,L,22,1,9,0.111,1,4,0.25,4,4,1.0,2,5,7,2,0,0,0,0,7,0,18.4,1,2015-16
22015,201609,Goran Dragic,1610612748,MIA,Miami Heat,0021500977,2016-03-12,MIA @ TOR,L,41,5,18,0.278,1,3,0.333,2,2,1.0,0,7,7,9,0,0,3,4,13,-9,31.9,1,2015-16
22015,202355,Hassan Whiteside,1610612748,MIA,Miami Heat,0021500977,2016-03-12,MIA @ TOR,L,33,5,12,0.417,0,0,,3,4,0.75,6,5,11,0,1,3,1,5,13,-9,37.2,1,2015-16
22015,1626159,Justise Winslow,1610612748,MIA,Miami Heat,0021500977,2016-03-12,MIA @ TOR,L,43,4,9,0.444,0,1,0.0,3,4,0.75,0,5,5,2,3,1,1,3,11,-7,31.0,1,2015-16
22015,203101,Miles Plumlee,1610612749,MIL,Milwaukee Bucks,0021500978,2016-03-12,MIL vs. NOP,W,21,3,4,0.75,0,0,,0,0,,0,4,4,1,1,2,0,2,6,10,21.3,1,2015-16
22015,1626173,Rashad Vaughn,1610612749,MIL,Milwaukee Bucks,0021500978,2016-03-12,MIL vs. NOP,W,10,0,2,0.0,0,0,,0,0,,0,0,0,0,0,0,0,1,0,-4,0.0,1,2015-16
22015,203906,Devyn Marble,1610612753,ORL,Orlando Magic,0021500982,2016-03-12,ORL @ POR,L,19,1,6,0.167,0,2,0.0,1,2,0.5,0,2,2,2,1,0,0,1,3,-15,11.4,1,2015-16
22015,203932,Aaron Gordon,1610612753,ORL,Orlando Magic,0021500982,2016-03-12,ORL @ POR,L,33,8,13,0.615,1,2,0.5,0,3,0.0,1,3,4,3,2,1,2,2,17,-18,33.3,1,2015-16
22015,201171,Carl Landry,1610612755,PHI,Philadelphia 76ers,0021500976,2016-03-12,PHI vs. DET,L,25,7,13,0.538,1,2,0.5,3,4,0.75,2,4,6,1,1,0,0,2,18,-9,29.7,1,2015-16
22015,201603,Sonny Weems,1610612755,PHI,Philadelphia 76ers,0021500976,2016-03-12,PHI vs. DET,L,8,1,5,0.2,0,1,0.0,0,0,,1,3,4,0,0,0,1,2,2,1,5.8,1,2015-16
22015,203917,Nik Stauskas,1610612755,PHI,Philadelphia 76ers,0021500976,2016-03-12,PHI vs. DET,L,26,5,10,0.5,1,5,0.2,4,4,1.0,0,2,2,4,1,0,0,2,15,-11,26.4,1,2015-16
22015,203141,Mirza Teletovic,1610612756,PHX,Phoenix Suns,0021500981,2016-03-12,PHX @ GSW,L,26,5,11,0.455,2,6,0.333,2,4,0.5,0,3,3,0,0,0,1,5,14,1,16.6,1,2015-16
22015,203090,Maurice Harkless,1610612757,POR,Portland Trail Blazers,0021500982,2016-03-12,POR vs. ORL,W,8,2,3,0.667,1,1,1.0,0,0,,0,2,2,0,0,0,1,2,5,9,6.4,1,2015-16
22015,2561,David West,1610612759,SAS,San Antonio Spurs,0021500979,2016-03-12,SAS vs. OKC,W,26,4,10,0.4,0,0,,0,0,,3,4,7,0,0,1,1,3,8,14,18.4,1,2015-16
22015,202695,Kawhi Leonard,1610612759,SAS,San Antonio Spurs,0021500979,2016-03-12,SAS vs. OKC,W,38,10,24,0.417,1,6,0.167,5,5,1.0,2,5,7,3,3,1,2,1,26,3,48.9,1,2015-16
22015,203937,Kyle Anderson,1610612759,SAS,San Antonio Spurs,0021500979,2016-03-12,SAS vs. OKC,W,9,1,3,0.333,0,0,,0,0,,0,2,2,0,1,0,0,0,2,3,7.4,1,2015-16
22015,200751,Randy Foye,1610612760,OKC,Oklahoma City Thunder,0021500979,2016-03-12,OKC @ SAS,L,15,1,4,0.25,0,1,0.0,2,2,1.0,1,3,4,1,1,0,2,1,4,-9,11.3,1,2015-16
22015,202713,Kyle Singler,1610612760,OKC,Oklahoma City Thunder,0021500979,2016-03-12,OKC @ SAS,L,19,0,5,0.0,0,4,0.0,0,0,,2,0,2,0,0,0,1,3,0,-10,1.4,1,2015-16
22015,203460,Andre Roberson,1610612760,OKC,Oklahoma City Thunder,0021500979,2016-03-12,OKC @ SAS,L,34,2,2,1.0,1,1,1.0,1,2,0.5,2,3,5,1,0,1,0,2,6,-4,16.5,1,2015-16
22015,2449,Luis Scola,1610612761,TOR,Toronto Raptors,0021500977,2016-03-12,TOR vs. MIA,W,16,2,4,0.5,0,0,,0,0,,0,0,0,2,1,0,1,1,4,-5,9.0,1,2015-16
22015,201942,DeMar DeRozan,1610612761,TOR,Toronto Raptors,0021500977,2016-03-12,TOR vs. MIA,W,43,13,26,0.5,0,2,0.0,12,15,0.8,0,10,10,7,2,1,3,1,38,4,66.5,1,2015-16
22015,201949,James Johnson,1610612761,TOR,Toronto Raptors,0021500977,2016-03-12,TOR vs. MIA,W,21,5,7,0.714,0,1,0.0,0,1,0.0,0,3,3,2,2,0,1,2,10,-1,21.6,1,2015-16
22015,202335,Patrick Patterson,1610612761,TOR,Toronto Raptors,0021500977,2016-03-12,TOR vs. MIA,W,37,3,8,0.375,3,4,0.75,0,0,,4,2,6,1,0,0,0,2,9,14,17.7,1,2015-16
22015,202687,Bismack Biyombo,1610612761,TOR,Toronto Raptors,0021500977,2016-03-12,TOR vs. MIA,W,21,0,0,,0,0,,2,4,0.5,0,4,4,0,1,2,1,2,2,3,14.8,1,2015-16
22015,200797,Ryan Hollins,1610612763,MEM,Memphis Grizzlies,0021500974,2016-03-12,MEM @ ATL,L,20,1,2,0.5,0,0,,0,0,,1,3,4,1,0,0,2,1,2,0,6.3,1,2015-16
22015,203492,Ray McCallum,1610612763,MEM,Memphis Grizzlies,0021500974,2016-03-12,MEM @ ATL,L,27,5,10,0.5,3,4,0.75,0,0,,1,3,4,2,2,1,2,2,13,6,27.8,1,2015-16
22015,201162,Jared Dudley,1610612764,WAS,Washington Wizards,0021500980,2016-03-12,WAS @ DEN,L,18,2,4,0.5,0,1,0.0,1,2,0.5,0,3,3,2,1,0,0,3,5,-12,14.6,1,2015-16
22015,201977,Marcus Thornton,1610612764,WAS,Washington Wizards,0021500980,2016-03-12,WAS @ DEN,L,19,3,8,0.375,2,6,0.333,0,0,,0,2,2,1,1,0,1,2,8,-18,13.9,1,2015-16
22015,2581,Steve Blake,1610612765,DET,Detroit Pistons,0021500976,2016-03-12,DET @ PHI,W,18,2,5,0.4,0,2,0.0,0,0,,0,0,0,2,2,0,2,3,4,-3,11.0,1,2015-16
22015,202704,Reggie Jackson,1610612765,DET,Detroit Pistons,0021500976,2016-03-12,DET @ PHI,W,30,8,11,0.727,3,4,0.75,5,6,0.833,1,2,3,10,1,0,2,4,24,17,43.6,1,2015-16
22015,203268,Jorge Gutierrez,1610612766,CHA,Charlotte Hornets,0021500975,2016-03-12,CHA vs. HOU,W,3,0,0,,0,0,,0,0,,0,1,1,1,0,0,0,0,0,-4,2.7,1,2015-16
22015,1626163,Frank Kaminsky,1610612766,CHA,Charlotte Hornets,0021500975,2016-03-12,CHA vs. HOU,W,21,2,6,0.333,1,5,0.2,0,0,,1,1,2,1,0,0,3,4,5,1,5.9,1,2015-16
22015,2743,Kris Humphries,1610612737,ATL,Atlanta Hawks,0021500974,2016-03-12,ATL vs. MEM,W,15,1,3,0.333,1,2,0.5,2,4,0.5,3,3,6,1,2,0,2,3,5,6,17.7,1,2015-16
22015,202337,Luke Babbitt,1610612740,NOP,New Orleans Pelicans,0021500978,2016-03-12,NOP @ MIL,L,38,7,17,0.412,1,5,0.2,1,2,0.5,2,7,9,3,1,0,0,3,16,-4,34.3,1,2015-16
22015,1717,Dirk Nowitzki,1610612742,DAL,Dallas Mavericks,0021500973,2016-03-12,DAL vs. IND,L,35,10,16,0.625,3,5,0.6,7,8,0.875,0,5,5,2,2,0,0,2,30,-1,45.0,1,2015-16
22015,2734,Devin Harris,1610612742,DAL,Dallas Mavericks,0021500973,2016-03-12,DAL vs. IND,L,17,1,5,0.2,0,3,0.0,3,4,0.75,0,1,1,1,0,0,1,2,5,-3,6.7,1,2015-16
22015,101114,Deron Williams,1610612742,DAL,Dallas Mavericks,0021500973,2016-03-12,DAL vs. IND,L,32,3,10,0.3,2,5,0.4,5,6,0.833,0,3,3,8,2,0,5,3,13,-10,29.6,1,2015-16
22015,202718,Chandler Parsons,1610612742,DAL,Dallas Mavericks,0021500973,2016-03-12,DAL vs. IND,L,41,5,13,0.385,2,3,0.667,0,0,,0,5,5,5,1,0,1,4,12,-8,27.5,1,2015-16
22015,203960,JaKarr Sampson,1610612743,DEN,Denver Nuggets,0021500980,2016-03-12,DEN vs. WAS,W,14,1,2,0.5,1,2,0.5,1,2,0.5,0,2,2,1,0,1,1,3,4,-9,9.9,1,2015-16
22015,202700,Donatas Motiejunas,1610612745,HOU,Houston Rockets,0021500975,2016-03-12,HOU @ CHA,L,5,2,3,0.667,0,1,0.0,0,0,,1,1,2,0,0,0,0,0,4,-3,6.4,1,2015-16
22015,203507,Giannis Antetokounmpo,1610612749,MIL,Milwaukee Bucks,0021500978,2016-03-12,MIL vs. NOP,W,37,6,15,0.4,0,0,,6,10,0.6,0,5,5,4,0,2,5,3,18,11,31.0,1,2015-16
22015,203898,Tyler Ennis,1610612749,MIL,Milwaukee Bucks,0021500978,2016-03-12,MIL vs. NOP,W,8,4,6,0.667,1,2,0.5,1,1,1.0,0,2,2,1,0,0,2,0,10,-4,11.9,1,2015-16
22015,203953,Jabari Parker,1610612749,MIL,Milwaukee Bucks,0021500978,2016-03-12,MIL vs. NOP,W,38,4,10,0.4,0,0,,7,8,0.875,3,2,5,2,3,0,6,2,15,5,27.0,1,2015-16
22015,203506,Victor Oladipo,1610612753,ORL,Orlando Magic,0021500982,2016-03-12,ORL @ POR,L,24,8,14,0.571,2,2,1.0,0,0,,0,1,1,1,2,1,1,2,18,-16,28.7,1,2015-16
22015,201588,George Hill,1610612754,IND,Indiana Pacers,0021500973,2016-03-12,IND @ DAL,W,36,5,10,0.5,3,7,0.429,3,4,0.75,0,3,3,3,1,0,2,3,16,0,25.1,1,2015-16
22015,202331,Paul George,1610612754,IND,Indiana Pacers,0021500973,2016-03-12,IND @ DAL,W,37,6,16,0.375,3,8,0.375,5,6,0.833,2,8,10,6,2,0,1,1,20,17,46.0,1,2015-16
22015,203524,Solomon Hill,1610612754,IND,Indiana Pacers,0021500973,2016-03-12,IND @ DAL,W,21,4,8,0.5,0,2,0.0,0,0,,2,5,7,2,0,0,0,2,8,-2,19.4,1,2015-16
22015,203088,Kendall Marshall,1610612755,PHI,Philadelphia 76ers,0021500976,2016-03-12,PHI vs. DET,L,14,3,5,0.6,1,3,0.333,0,0,,0,1,1,3,0,0,0,1,7,5,12.7,1,2015-16
22015,200782,P.J. Tucker,1610612756,PHX,Phoenix Suns,0021500981,2016-03-12,PHX @ GSW,L,27,2,3,0.667,1,1,1.0,1,2,0.5,0,1,1,1,0,0,0,3,6,9,8.7,1,2015-16
22015,202720,Jon Leuer,1610612756,PHX,Phoenix Suns,0021500981,2016-03-12,PHX @ GSW,L,10,0,2,0.0,0,1,0.0,0,0,,0,2,2,0,0,0,0,1,0,-11,2.4,1,2015-16
22015,203458,Alex Len,1610612756,PHX,Phoenix Suns,0021500981,2016-03-12,PHX @ GSW,L,31,10,18,0.556,0,0,,6,7,0.857,4,9,13,3,0,0,4,5,26,-12,42.1,1,2015-16
22015,2549,Chris Kaman,1610612757,POR,Portland Trail Blazers,0021500982,2016-03-12,POR vs. ORL,W,8,1,2,0.5,0,0,,0,0,,0,2,2,2,0,0,0,1,2,9,7.4,1,2015-16
22015,201945,Gerald Henderson,1610612757,POR,Portland Trail Blazers,0021500982,2016-03-12,POR vs. ORL,W,20,4,6,0.667,3,4,0.75,0,0,,0,4,4,4,1,1,1,2,11,19,26.8,1,2015-16
22015,203081,Damian Lillard,1610612757,POR,Portland Trail Blazers,0021500982,2016-03-12,POR vs. ORL,W,30,6,11,0.545,2,6,0.333,5,5,1.0,1,3,4,10,0,0,4,1,19,24,34.8,1,2015-16
22015,1626192,Pat Connaughton,1610612757,POR,Portland Trail Blazers,0021500982,2016-03-12,POR vs. ORL,W,8,2,3,0.667,0,1,0.0,0,0,,1,2,3,3,0,0,0,0,4,9,12.1,1,2015-16
22015,2225,Tony Parker,1610612759,SAS,San Antonio Spurs,0021500979,2016-03-12,SAS vs. OKC,W,28,0,4,0.0,0,1,0.0,4,6,0.667,1,1,2,4,0,0,2,0,4,-4,10.4,1,2015-16
22015,2564,Boris Diaw,1610612759,SAS,San Antonio Spurs,0021500979,2016-03-12,SAS vs. OKC,W,9,2,3,0.667,0,1,0.0,0,0,,0,0,0,2,0,0,0,1,4,5,7.0,1,2015-16
22015,2755,Kevin Martin,1610612759,SAS,San Antonio Spurs,0021500979,2016-03-12,SAS vs. OKC,W,4,1,1,1.0,1,1,1.0,0,0,,0,0,0,0,0,0,0,0,3,-10,3.0,1,2015-16
22015,203500,Steven Adams,1610612760,OKC,Oklahoma City Thunder,0021500979,2016-03-12,OKC @ SAS,L,22,5,8,0.625,0,0,,0,0,,4,1,5,0,0,0,0,4,10,-5,16.0,1,2015-16
22015,202685,Jonas Valančiūnas,1610612761,TOR,Toronto Raptors,0021500977,2016-03-12,TOR vs. MIA,W,32,7,11,0.636,0,0,,6,6,1.0,2,8,10,1,0,1,1,3,20,5,35.5,1,2015-16
22015,203082,Terrence Ross,1610612761,TOR,Toronto Raptors,0021500977,2016-03-12,TOR vs. MIA,W,20,2,5,0.4,1,2,0.5,2,2,1.0,0,0,0,0,0,0,0,4,7,5,7.0,1,2015-16
22015,203210,JaMychal Green,1610612763,MEM,Memphis Grizzlies,0021500974,2016-03-12,MEM @ ATL,L,24,2,13,0.154,0,1,0.0,0,0,,4,4,8,0,0,0,3,3,4,-23,10.6,1,2015-16
22015,203798,PJ Hairston,1610612763,MEM,Memphis Grizzlies,0021500974,2016-03-12,MEM @ ATL,L,20,4,11,0.364,0,6,0.0,1,2,0.5,1,4,5,1,0,0,0,0,9,1,16.5,1,2015-16
22015,203490,Otto Porter Jr.,1610612764,WAS,Washington Wizards,0021500980,2016-03-12,WAS @ DEN,L,33,8,16,0.5,2,3,0.667,5,6,0.833,2,0,2,1,5,0,2,5,23,5,39.9,1,2015-16
22015,1626162,Kelly Oubre Jr.,1610612764,WAS,Washington Wizards,0021500980,2016-03-12,WAS @ DEN,L,1,1,2,0.5,0,0,,0,0,,1,1,2,0,0,0,1,0,2,2,3.4,1,2015-16
22015,2744,Al Jefferson,1610612766,CHA,Charlotte Hornets,0021500975,2016-03-12,CHA vs. HOU,W,30,5,11,0.455,0,0,,0,0,,2,8,10,3,0,2,1,5,10,18,31.5,1,2015-16
22015,203087,Jeremy Lamb,1610612766,CHA,Charlotte Hornets,0021500975,2016-03-12,CHA vs. HOU,W,8,1,1,1.0,0,0,,0,0,,0,1,1,0,1,2,1,1,2,-5,11.2,1,2015-16
22015,203469,Cody Zeller,1610612766,CHA,Charlotte Hornets,0021500975,2016-03-12,CHA vs. HOU,W,15,3,4,0.75,0,0,,1,2,0.5,2,2,4,3,0,0,2,3,7,2,14.3,1,2015-16
22015,203584,Troy Daniels,1610612766,CHA,Charlotte Hornets,0021500975,2016-03-12,CHA vs. HOU,W,13,2,4,0.5,2,3,0.667,0,0,,1,1,2,1,1,0,0,1,6,10,12.9,1,2015-16
22015,200757,Thabo Sefolosha,1610612737,ATL,Atlanta Hawks,0021500974,2016-03-12,ATL vs. MEM,W,25,5,8,0.625,1,2,0.5,2,3,0.667,2,9,11,0,1,2,2,2,13,-5,33.2,1,2015-16
22015,203501,Tim Hardaway Jr.,1610612737,ATL,Atlanta Hawks,0021500974,2016-03-12,ATL vs. MEM,W,17,1,4,0.25,1,4,0.25,0,0,,0,0,0,0,0,0,1,0,3,-7,2.0,1,2015-16
22015,2733,Shaun Livingston,1610612744,GSW,Golden State Warriors,0021500981,2016-03-12,GSW vs. PHX,W,21,3,4,0.75,0,0,,1,2,0.5,0,3,3,6,1,1,0,1,7,16,25.6,1,2015-16
22015,101106,Andrew Bogut,1610612744,GSW,Golden State Warriors,0021500981,2016-03-12,GSW vs. PHX,W,20,2,3,0.667,0,0,,0,0,,1,4,5,1,0,4,0,2,4,-3,23.5,1,2015-16
22015,202691,Klay Thompson,1610612744,GSW,Golden State Warriors,0021500981,2016-03-12,GSW vs. PHX,W,37,6,17,0.353,3,8,0.375,5,5,1.0,1,5,6,3,1,0,0,4,20,-14,34.7,1,2015-16
22015,202730,Lavoy Allen,1610612754,IND,Indiana Pacers,0021500973,2016-03-12,IND @ DAL,W,8,1,2,0.5,0,0,,0,0,,1,2,3,2,0,0,0,3,2,-1,8.6,1,2015-16
22015,1882,Elton Brand,1610612755,PHI,Philadelphia 76ers,0021500976,2016-03-12,PHI vs. DET,L,15,5,9,0.556,0,0,,0,0,,0,3,3,3,3,1,1,1,10,-2,29.1,1,2015-16
22015,101179,Ronnie Price,1610612756,PHX,Phoenix Suns,0021500981,2016-03-12,PHX @ GSW,L,13,0,2,0.0,0,1,0.0,0,0,,0,0,0,0,0,0,0,1,0,-4,0.0,1,2015-16
22015,203462,Archie Goodwin,1610612756,PHX,Phoenix Suns,0021500981,2016-03-12,PHX @ GSW,L,8,2,3,0.667,0,0,,1,1,1.0,0,3,3,4,0,0,0,1,5,9,14.6,1,2015-16
22015,203086,Meyers Leonard,1610612757,POR,Portland Trail Blazers,0021500982,2016-03-12,POR vs. ORL,W,21,5,9,0.556,3,5,0.6,0,0,,0,5,5,4,0,0,0,2,13,15,25.0,1,2015-16
22015,203943,Noah Vonleh,1610612757,POR,Portland Trail Blazers,0021500982,2016-03-12,POR vs. ORL,W,21,2,7,0.286,0,2,0.0,0,0,,1,4,5,0,0,1,2,3,4,9,11.0,1,2015-16
22015,201566,Russell Westbrook,1610612760,OKC,Oklahoma City Thunder,0021500979,2016-03-12,OKC @ SAS,L,38,5,16,0.313,1,4,0.25,8,10,0.8,3,3,6,7,2,0,9,3,19,-1,33.7,1,2015-16
22015,201627,Anthony Morrow,1610612760,OKC,Oklahoma City Thunder,0021500979,2016-03-12,OKC @ SAS,L,0,0,1,0.0,0,0,,0,0,,0,0,0,0,0,0,0,0,0,0,0.0,1,2015-16
22015,1627293,Alex Stepheson,1610612763,MEM,Memphis Grizzlies,0021500974,2016-03-12,MEM @ ATL,L,19,1,5,0.2,0,0,,2,2,1.0,2,4,6,2,1,2,0,0,4,11,23.2,1,2015-16
22015,201584,Courtney Lee,1610612766,CHA,Charlotte Hornets,0021500975,2016-03-12,CHA vs. HOU,W,26,5,9,0.556,2,4,0.5,0,0,,0,2,2,1,0,0,0,0,12,9,15.9,1,2015-16
22015,203471,Dennis Schröder,1610612737,ATL,Atlanta Hawks,0021500984,2016-03-13,ATL vs. IND,W,19,4,8,0.5,0,1,0.0,0,0,,0,2,2,5,1,0,2,1,8,16,18.9,1,2015-16
22015,203488,Mike Muscala,1610612737,ATL,Atlanta Hawks,0021500984,2016-03-13,ATL vs. IND,W,12,3,5,0.6,0,0,,0,0,,3,2,5,0,0,0,0,0,6,-4,12.0,1,2015-16
22015,101112,Channing Frye,1610612739,CLE,Cleveland Cavaliers,0021500983,2016-03-13,CLE @ LAC,W,20,5,8,0.625,5,7,0.714,0,0,,0,5,5,2,0,0,1,3,15,22,23.0,1,2015-16
22015,201145,Jeff Green,1610612746,LAC,LA Clippers,0021500983,2016-03-13,LAC vs. CLE,L,27,2,10,0.2,0,4,0.0,3,5,0.6,1,2,3,5,0,0,0,4,7,11,18.1,1,2015-16
22015,201599,DeAndre Jordan,1610612746,LAC,LA Clippers,0021500983,2016-03-13,LAC vs. CLE,L,32,4,4,1.0,0,0,,3,4,0.75,2,9,11,1,0,1,1,3,11,-14,27.7,1,2015-16
22015,201579,Roy Hibbert,1610612747,LAL,Los Angeles Lakers,0021500987,2016-03-13,LAL vs. NYK,L,22,3,4,0.75,0,0,,1,1,1.0,2,4,6,0,0,0,0,4,7,-9,14.2,1,2015-16
22015,203527,Ryan Kelly,1610612747,LAL,Los Angeles Lakers,0021500987,2016-03-13,LAL vs. NYK,L,5,0,1,0.0,0,1,0.0,0,0,,0,0,0,0,0,0,0,1,0,9,0.0,1,2015-16
22015,1626156,D'Angelo Russell,1610612747,LAL,Los Angeles Lakers,0021500987,2016-03-13,LAL vs. NYK,L,22,1,7,0.143,1,2,0.5,1,2,0.5,0,2,2,2,1,0,1,2,4,-9,11.4,1,2015-16
22015,201573,Jerryd Bayless,1610612749,MIL,Milwaukee Bucks,0021500985,2016-03-13,MIL @ BKN,W,38,3,8,0.375,3,7,0.429,0,0,,1,2,3,2,3,0,2,1,9,10,22.6,1,2015-16
22015,202328,Greg Monroe,1610612749,MIL,Milwaukee Bucks,0021500985,2016-03-13,MIL @ BKN,W,27,6,13,0.462,0,0,,2,2,1.0,2,3,5,3,0,0,1,2,14,14,23.5,1,2015-16
22015,201152,Thaddeus Young,1610612751,BKN,Brooklyn Nets,0021500985,2016-03-13,BKN vs. MIL,L,37,8,15,0.533,1,2,0.5,0,0,,2,8,10,4,1,0,1,3,17,-12,37.0,1,2015-16
22015,202388,Donald Sloan,1610612751,BKN,Brooklyn Nets,0021500985,2016-03-13,BKN vs. MIL,L,28,3,6,0.5,1,3,0.333,0,0,,0,3,3,3,1,0,2,0,7,-14,16.1,1,2015-16
22015,203080,Thomas Robinson,1610612751,BKN,Brooklyn Nets,0021500985,2016-03-13,BKN vs. MIL,L,10,1,2,0.5,0,0,,1,1,1.0,0,4,4,0,0,1,2,2,3,-2,8.8,1,2015-16
22015,203900,Markel Brown,1610612751,BKN,Brooklyn Nets,0021500985,2016-03-13,BKN vs. MIL,L,21,2,7,0.286,1,5,0.2,0,0,,0,0,0,2,0,0,0,1,5,-10,8.0,1,2015-16
22015,202682,Derrick Williams,1610612752,NYK,New York Knicks,0021500987,2016-03-13,NYK @ LAL,W,32,3,10,0.3,0,1,0.0,2,6,0.333,0,9,9,1,2,1,0,2,8,9,29.3,1,2015-16
22015,101133,Ian Mahinmi,1610612754,IND,Indiana Pacers,0021500984,2016-03-13,IND @ ATL,L,21,4,5,0.8,0,0,,0,0,,1,6,7,0,0,1,1,0,8,-22,18.4,1,2015-16
22015,101139,CJ Miles,1610612754,IND,Indiana Pacers,0021500984,2016-03-13,IND @ ATL,L,24,3,9,0.333,2,7,0.286,0,0,,0,1,1,1,0,0,1,3,8,3,9.7,1,2015-16
22015,201155,Rodney Stuckey,1610612754,IND,Indiana Pacers,0021500984,2016-03-13,IND @ ATL,L,10,1,3,0.333,0,1,0.0,0,0,,0,0,0,0,1,0,2,0,2,-14,3.0,1,2015-16
22015,201588,George Hill,1610612754,IND,Indiana Pacers,0021500984,2016-03-13,IND @ ATL,L,23,2,8,0.25,0,4,0.0,1,1,1.0,2,2,4,2,1,0,1,0,5,-23,14.8,1,2015-16
22015,201941,Jordan Hill,1610612754,IND,Indiana Pacers,0021500984,2016-03-13,IND @ ATL,L,15,2,6,0.333,0,0,,0,0,,1,3,4,1,0,0,2,0,4,-11,8.3,1,2015-16
22015,1626202,Joe Young,1610612754,IND,Indiana Pacers,0021500984,2016-03-13,IND @ ATL,L,16,1,6,0.167,0,1,0.0,0,0,,0,3,3,4,1,0,1,3,2,-1,13.6,1,2015-16
22015,201954,Darren Collison,1610612758,SAC,Sacramento Kings,0021500986,2016-03-13,SAC vs. UTA,L,32,5,9,0.556,0,4,0.0,4,4,1.0,0,2,2,5,2,0,2,3,14,-1,27.9,1,2015-16
22015,203552,Seth Curry,1610612758,SAC,Sacramento Kings,0021500986,2016-03-13,SAC vs. UTA,L,17,2,4,0.5,1,2,0.5,0,0,,0,1,1,2,1,0,0,1,5,2,12.2,1,2015-16
22015,202344,Trevor Booker,1610612762,UTA,Utah Jazz,0021500986,2016-03-13,UTA @ SAC,W,25,3,10,0.3,0,4,0.0,4,4,1.0,2,6,8,1,1,2,0,1,10,-4,30.1,1,2015-16
22015,200757,Thabo Sefolosha,1610612737,ATL,Atlanta Hawks,0021500984,2016-03-13,ATL vs. IND,W,16,4,5,0.8,2,2,1.0,2,2,1.0,2,3,5,2,1,1,0,1,12,25,27.0,1,2015-16
22015,202684,Tristan Thompson,1610612739,CLE,Cleveland Cavaliers,0021500983,2016-03-13,CLE @ LAC,W,26,3,6,0.5,0,0,,4,6,0.667,6,5,11,2,0,2,0,1,10,23,32.2,1,2015-16
22015,203895,Jordan McRae,1610612739,CLE,Cleveland Cavaliers,0021500983,2016-03-13,CLE @ LAC,W,3,0,1,0.0,0,0,,0,0,,0,1,1,1,0,1,0,1,0,1,5.7,1,2015-16
22015,200755,JJ Redick,1610612746,LAC,LA Clippers,0021500983,2016-03-13,LAC vs. CLE,L,24,7,11,0.636,2,5,0.4,3,3,1.0,0,3,3,1,1,0,1,3,19,-1,26.1,1,2015-16
22015,203085,Austin Rivers,1610612746,LAC,LA Clippers,0021500983,2016-03-13,LAC vs. CLE,L,24,4,7,0.571,1,2,0.5,2,2,1.0,0,0,0,1,0,0,0,1,11,-24,12.5,1,2015-16
22015,1626204,Larry Nance Jr.,1610612747,LAL,Los Angeles Lakers,0021500987,2016-03-13,LAL vs. NYK,L,26,2,5,0.4,0,0,,0,1,0.0,2,5,7,0,0,1,0,1,4,4,15.4,1,2015-16
22015,203948,Johnny O'Bryant III,1610612749,MIL,Milwaukee Bucks,0021500985,2016-03-13,MIL @ BKN,W,14,1,6,0.167,0,0,,0,0,,1,2,3,0,0,0,0,2,2,-8,5.6,1,2015-16
22015,1626191,Chris McCullough,1610612751,BKN,Brooklyn Nets,0021500985,2016-03-13,BKN vs. MIL,L,11,1,1,1.0,1,1,1.0,1,2,0.5,0,0,0,0,0,2,0,2,4,3,10.0,1,2015-16
22015,201167,Arron Afflalo,1610612752,NYK,New York Knicks,0021500987,2016-03-13,NYK @ LAL,W,27,3,9,0.333,0,2,0.0,3,4,0.75,0,3,3,2,0,0,1,1,9,-3,14.6,1,2015-16
22015,1626170,Jerian Grant,1610612752,NYK,New York Knicks,0021500987,2016-03-13,NYK @ LAL,W,13,2,6,0.333,0,1,0.0,2,2,1.0,1,1,2,1,0,0,0,0,6,-3,9.9,1,2015-16
22015,202730,Lavoy Allen,1610612754,IND,Indiana Pacers,0021500984,2016-03-13,IND @ ATL,L,23,0,1,0.0,0,0,,1,2,0.5,2,2,4,1,0,1,3,1,1,-17,7.3,1,2015-16
22015,201158,Marco Belinelli,1610612758,SAC,Sacramento Kings,0021500986,2016-03-13,SAC vs. UTA,L,11,0,1,0.0,0,0,,0,0,,0,0,0,2,1,0,0,0,0,-7,6.0,1,2015-16
22015,203918,Rodney Hood,1610612762,UTA,Utah Jazz,0021500986,2016-03-13,UTA @ SAC,W,35,6,10,0.6,0,1,0.0,0,0,,1,2,3,1,0,0,2,1,12,15,15.1,1,2015-16
22015,2544,LeBron James,1610612739,CLE,Cleveland Cavaliers,0021500983,2016-03-13,CLE @ LAC,W,31,9,15,0.6,3,4,0.75,6,7,0.857,1,5,6,5,1,0,2,2,27,16,42.7,1,2015-16
22015,2592,James Jones,1610612739,CLE,Cleveland Cavaliers,0021500983,2016-03-13,CLE @ LAC,W,3,1,1,1.0,1,1,1.0,0,0,,0,0,0,0,0,0,0,0,3,1,3.0,1,2015-16
22015,2747,JR Smith,1610612739,CLE,Cleveland Cavaliers,0021500983,2016-03-13,CLE @ LAC,W,23,6,9,0.667,5,8,0.625,0,0,,0,1,1,1,0,0,0,3,17,11,19.7,1,2015-16
22015,202681,Kyrie Irving,1610612739,CLE,Cleveland Cavaliers,0021500983,2016-03-13,CLE @ LAC,W,31,7,17,0.412,2,7,0.286,1,1,1.0,0,2,2,5,1,0,2,3,17,11,27.9,1,2015-16
22015,2037,Jamal Crawford,1610612746,LAC,LA Clippers,0021500983,2016-03-13,LAC vs. CLE,L,25,3,11,0.273,2,6,0.333,0,0,,0,1,1,1,0,0,2,2,8,-27,8.7,1,2015-16
22015,101108,Chris Paul,1610612746,LAC,LA Clippers,0021500983,2016-03-13,LAC vs. CLE,L,30,5,11,0.455,3,6,0.5,4,4,1.0,0,5,5,10,2,0,4,2,17,-8,40.0,1,2015-16
22015,202325,Wesley Johnson,1610612746,LAC,LA Clippers,0021500983,2016-03-13,LAC vs. CLE,L,28,4,13,0.308,2,6,0.333,1,1,1.0,0,5,5,0,0,0,1,3,11,-26,16.0,1,2015-16
22015,202332,Cole Aldrich,1610612746,LAC,LA Clippers,0021500983,2016-03-13,LAC vs. CLE,L,12,2,4,0.5,0,0,,0,0,,2,3,5,1,0,2,1,3,4,-11,16.5,1,2015-16
22015,203143,Pablo Prigioni,1610612746,LAC,LA Clippers,0021500983,2016-03-13,LAC vs. CLE,L,16,0,3,0.0,0,2,0.0,0,0,,0,0,0,3,0,0,0,1,0,-10,4.5,1,2015-16
22015,101138,Brandon Bass,1610612747,LAL,Los Angeles Lakers,0021500987,2016-03-13,LAL vs. NYK,L,26,4,6,0.667,0,0,,3,3,1.0,1,4,5,1,0,1,0,2,11,6,21.5,1,2015-16
22015,203903,Jordan Clarkson,1610612747,LAL,Los Angeles Lakers,0021500987,2016-03-13,LAL vs. NYK,L,22,6,16,0.375,0,3,0.0,0,0,,2,1,3,2,3,0,1,3,12,-8,26.6,1,2015-16
22015,203944,Julius Randle,1610612747,LAL,Los Angeles Lakers,0021500987,2016-03-13,LAL vs. NYK,L,22,2,7,0.286,0,0,,3,4,0.75,1,7,8,1,0,0,3,3,7,-7,15.1,1,2015-16
22015,1626273,Marcelo Huertas,1610612747,LAL,Los Angeles Lakers,0021500987,2016-03-13,LAL vs. NYK,L,26,3,7,0.429,0,1,0.0,3,4,0.75,1,3,4,2,0,0,2,1,9,5,14.8,1,2015-16
22015,203507,Giannis Antetokounmpo,1610612749,MIL,Milwaukee Bucks,0021500985,2016-03-13,MIL @ BKN,W,41,12,16,0.75,0,0,,4,11,0.364,3,8,11,14,4,2,3,1,28,19,77.2,1,2015-16
22015,203898,Tyler Ennis,1610612749,MIL,Milwaukee Bucks,0021500985,2016-03-13,MIL @ BKN,W,15,1,3,0.333,0,1,0.0,0,0,,0,1,1,1,0,0,0,1,2,-2,4.7,1,2015-16
22015,1626173,Rashad Vaughn,1610612749,MIL,Milwaukee Bucks,0021500985,2016-03-13,MIL @ BKN,W,9,0,1,0.0,0,0,,0,0,,0,1,1,0,0,0,0,1,0,-6,1.2,1,2015-16
22015,203930,Sean Kilpatrick,1610612751,BKN,Brooklyn Nets,0021500985,2016-03-13,BKN vs. MIL,L,22,8,13,0.615,3,6,0.5,0,0,,0,1,1,1,0,0,1,2,19,-8,20.7,1,2015-16
22015,2546,Carmelo Anthony,1610612752,NYK,New York Knicks,0021500987,2016-03-13,NYK @ LAL,W,38,10,20,0.5,2,4,0.5,4,4,1.0,3,9,12,4,0,1,1,5,26,5,48.4,1,2015-16
22015,200765,Rajon Rondo,1610612758,SAC,Sacramento Kings,0021500986,2016-03-13,SAC vs. UTA,L,36,3,9,0.333,1,4,0.25,0,0,,1,3,4,9,0,0,5,3,7,-14,20.3,1,2015-16
22015,201956,Omri Casspi,1610612758,SAC,Sacramento Kings,0021500986,2016-03-13,SAC vs. UTA,L,26,8,12,0.667,4,4,1.0,0,0,,1,2,3,0,1,0,1,2,20,5,25.6,1,2015-16
22015,203112,Quincy Acy,1610612758,SAC,Sacramento Kings,0021500986,2016-03-13,SAC vs. UTA,L,11,1,2,0.5,0,0,,0,0,,0,1,1,0,0,0,0,2,2,-17,3.2,1,2015-16
22015,1626161,Willie Cauley-Stein,1610612758,SAC,Sacramento Kings,0021500986,2016-03-13,SAC vs. UTA,L,29,4,6,0.667,0,0,,2,6,0.333,2,5,7,0,1,1,0,1,10,4,24.4,1,2015-16
22015,203187,Chris Johnson,1610612762,UTA,Utah Jazz,0021500986,2016-03-13,UTA @ SAC,W,11,2,3,0.667,2,2,1.0,0,0,,1,0,1,1,0,0,1,0,6,2,7.7,1,2015-16
22015,204060,Joe Ingles,1610612762,UTA,Utah Jazz,0021500986,2016-03-13,UTA @ SAC,W,11,0,2,0.0,0,1,0.0,0,0,,0,3,3,3,1,0,1,1,0,1,10.1,1,2015-16
22015,1626168,Trey Lyles,1610612762,UTA,Utah Jazz,0021500986,2016-03-13,UTA @ SAC,W,11,1,3,0.333,1,2,0.5,0,0,,0,1,1,0,0,0,1,3,3,-10,3.2,1,2015-16
22015,2550,Kirk Hinrich,1610612737,ATL,Atlanta Hawks,0021500984,2016-03-13,ATL vs. IND,W,12,0,2,0.0,0,1,0.0,0,0,,0,3,3,2,0,0,2,1,0,-4,4.6,1,2015-16
22015,2594,Kyle Korver,1610612737,ATL,Atlanta Hawks,0021500984,2016-03-13,ATL vs. IND,W,24,5,13,0.385,4,9,0.444,0,0,,0,5,5,0,0,1,2,2,14,20,21.0,1,2015-16
22015,2743,Kris Humphries,1610612737,ATL,Atlanta Hawks,0021500984,2016-03-13,ATL vs. IND,W,22,3,6,0.5,1,1,1.0,0,0,,0,7,7,2,1,1,1,1,7,11,23.4,1,2015-16
22015,200794,Paul Millsap,1610612737,ATL,Atlanta Hawks,0021500984,2016-03-13,ATL vs. IND,W,30,7,14,0.5,2,4,0.5,2,2,1.0,2,7,9,4,3,3,0,1,18,29,52.8,1,2015-16
22015,201952,Jeff Teague,1610612737,ATL,Atlanta Hawks,0021500984,2016-03-13,ATL vs. IND,W,22,2,5,0.4,1,2,0.5,1,2,0.5,0,2,2,9,1,0,2,2,6,13,22.9,1,2015-16
22015,203501,Tim Hardaway Jr.,1610612737,ATL,Atlanta Hawks,0021500984,2016-03-13,ATL vs. IND,W,23,1,5,0.2,1,2,0.5,2,2,1.0,0,2,2,2,2,0,1,1,5,0,15.4,1,2015-16
22015,2210,Richard Jefferson,1610612739,CLE,Cleveland Cavaliers,0021500983,2016-03-13,CLE @ LAC,W,11,0,2,0.0,0,2,0.0,0,0,,0,0,0,0,0,1,0,1,0,5,3.0,1,2015-16
22015,201619,Sasha Kaun,1610612739,CLE,Cleveland Cavaliers,0021500983,2016-03-13,CLE @ LAC,W,2,0,1,0.0,0,0,,0,0,,1,1,2,0,0,0,1,0,0,-1,1.4,1,2015-16
22015,202389,Timofey Mozgov,1610612739,CLE,Cleveland Cavaliers,0021500983,2016-03-13,CLE @ LAC,W,14,1,4,0.25,0,0,,0,0,,0,3,3,1,1,0,1,1,2,-12,9.1,1,2015-16
22015,101150,Lou Williams,1610612747,LAL,Los Angeles Lakers,0021500987,2016-03-13,LAL vs. NYK,L,26,7,12,0.583,1,3,0.333,0,0,,0,1,1,5,1,0,1,1,15,6,25.7,1,2015-16
22015,203101,Miles Plumlee,1610612749,MIL,Milwaukee Bucks,0021500985,2016-03-13,MIL @ BKN,W,21,4,10,0.4,0,0,,4,5,0.8,5,2,7,0,0,1,1,0,12,-5,22.4,1,2015-16
22015,203953,Jabari Parker,1610612749,MIL,Milwaukee Bucks,0021500985,2016-03-13,MIL @ BKN,W,37,11,17,0.647,0,1,0.0,1,1,1.0,3,2,5,0,1,0,0,2,23,10,32.0,1,2015-16
22015,201572,Brook Lopez,1610612751,BKN,Brooklyn Nets,0021500985,2016-03-13,BKN vs. MIL,L,35,8,12,0.667,0,0,,4,4,1.0,1,2,3,2,0,2,3,2,20,-12,29.6,1,2015-16
22015,203499,Shane Larkin,1610612751,BKN,Brooklyn Nets,0021500985,2016-03-13,BKN vs. MIL,L,20,2,2,1.0,0,0,,0,0,,0,2,2,5,0,0,3,1,4,5,10.9,1,2015-16
22015,203508,Sergey Karasev,1610612751,BKN,Brooklyn Nets,0021500985,2016-03-13,BKN vs. MIL,L,20,2,3,0.667,2,3,0.667,2,2,1.0,0,1,1,1,1,1,1,1,8,14,15.7,1,2015-16
22015,101181,Jose Calderon,1610612752,NYK,New York Knicks,0021500987,2016-03-13,NYK @ LAL,W,35,4,7,0.571,1,3,0.333,0,0,,0,3,3,6,1,0,2,3,9,6,22.6,1,2015-16
22015,203124,Kyle O'Quinn,1610612752,NYK,New York Knicks,0021500987,2016-03-13,NYK @ LAL,W,12,1,3,0.333,0,0,,0,0,,0,3,3,0,0,1,1,2,2,-6,7.6,1,2015-16
22015,204038,Langston Galloway,1610612752,NYK,New York Knicks,0021500987,2016-03-13,NYK @ LAL,W,29,3,5,0.6,1,3,0.333,2,4,0.5,0,3,3,2,1,1,2,0,9,-10,19.6,1,2015-16
22015,202331,Paul George,1610612754,IND,Indiana Pacers,0021500984,2016-03-13,IND @ ATL,L,25,3,15,0.2,1,5,0.2,0,0,,0,2,2,6,2,0,1,1,7,-31,23.4,1,2015-16
22015,203524,Solomon Hill,1610612754,IND,Indiana Pacers,0021500984,2016-03-13,IND @ ATL,L,19,1,4,0.25,0,1,0.0,0,0,,0,2,2,4,1,0,1,2,2,7,12.4,1,2015-16
22015,1626167,Myles Turner,1610612754,IND,Indiana Pacers,0021500984,2016-03-13,IND @ ATL,L,28,9,17,0.529,0,1,0.0,1,2,0.5,0,5,5,0,2,1,1,2,19,-12,33.0,1,2015-16
22015,202326,DeMarcus Cousins,1610612758,SAC,Sacramento Kings,0021500986,2016-03-13,SAC vs. UTA,L,35,10,23,0.435,3,6,0.5,8,11,0.727,2,8,10,5,2,2,1,5,31,-9,61.5,1,2015-16
22015,203504,Trey Burke,1610612762,UTA,Utah Jazz,0021500986,2016-03-13,UTA @ SAC,W,10,2,3,0.667,1,2,0.5,0,0,,0,0,0,1,0,0,2,1,5,-10,4.5,1,2015-16
22015,203526,Raul Neto,1610612762,UTA,Utah Jazz,0021500986,2016-03-13,UTA @ SAC,W,8,1,2,0.5,0,1,0.0,1,1,1.0,0,0,0,2,0,0,0,0,3,8,6.0,1,2015-16
22015,201143,Al Horford,1610612737,ATL,Atlanta Hawks,0021500984,2016-03-13,ATL vs. IND,W,25,8,12,0.667,2,4,0.5,0,0,,1,3,4,1,0,0,0,0,18,24,24.3,1,2015-16
22015,203145,Kent Bazemore,1610612737,ATL,Atlanta Hawks,0021500984,2016-03-13,ATL vs. IND,W,18,3,5,0.6,2,2,1.0,0,0,,0,3,3,0,2,0,3,3,8,17,14.6,1,2015-16
22015,201567,Kevin Love,1610612739,CLE,Cleveland Cavaliers,0021500983,2016-03-13,CLE @ LAC,W,25,5,11,0.455,0,4,0.0,2,4,0.5,0,9,9,1,0,0,0,0,12,1,24.3,1,2015-16
22015,202697,Iman Shumpert,1610612739,CLE,Cleveland Cavaliers,0021500983,2016-03-13,CLE @ LAC,W,27,2,4,0.5,0,2,0.0,0,0,,1,6,7,1,0,0,0,1,4,17,13.9,1,2015-16
22015,201601,Luc Mbah a Moute,1610612746,LAC,LA Clippers,0021500983,2016-03-13,LAC vs. CLE,L,22,1,5,0.2,0,1,0.0,0,0,,0,1,1,0,2,1,0,1,2,-10,12.2,1,2015-16
22015,977,Kobe Bryant,1610612747,LAL,Los Angeles Lakers,0021500987,2016-03-13,LAL vs. NYK,L,27,5,15,0.333,1,4,0.25,3,4,0.75,0,2,2,0,1,0,1,2,14,-18,18.4,1,2015-16
22015,203114,Khris Middleton,1610612749,MIL,Milwaukee Bucks,0021500985,2016-03-13,MIL @ BKN,W,39,7,15,0.467,3,5,0.6,2,2,1.0,0,5,5,7,5,0,2,2,19,15,48.5,1,2015-16
22015,203996,Damien Inglis,1610612749,MIL,Milwaukee Bucks,0021500985,2016-03-13,MIL @ BKN,W,1,0,0,,0,0,,0,0,,0,0,0,0,0,0,0,0,0,-2,0.0,1,2015-16
22015,202711,Bojan Bogdanovic,1610612751,BKN,Brooklyn Nets,0021500985,2016-03-13,BKN vs. MIL,L,33,4,9,0.444,3,7,0.429,2,4,0.5,0,5,5,7,0,0,7,4,13,-14,22.5,1,2015-16
22015,203186,Willie Reed,1610612751,BKN,Brooklyn Nets,0021500985,2016-03-13,BKN vs. MIL,L,4,0,0,,0,0,,0,0,,0,2,2,0,0,0,0,0,0,5,2.4,1,2015-16
22015,203922,Glenn Robinson III,1610612754,IND,Indiana Pacers,0021500984,2016-03-13,IND @ ATL,L,12,3,4,0.75,1,2,0.5,0,0,,0,3,3,1,0,2,0,0,7,4,18.1,1,2015-16
22015,200752,Rudy Gay,1610612758,SAC,Sacramento Kings,0021500986,2016-03-13,SAC vs. UTA,L,31,3,9,0.333,0,1,0.0,0,0,,2,2,4,2,0,0,1,1,6,-9,12.8,1,2015-16
22015,201585,Kosta Koufos,1610612758,SAC,Sacramento Kings,0021500986,2016-03-13,SAC vs. UTA,L,13,2,6,0.333,0,0,,0,0,,0,4,4,0,0,2,0,2,4,1,14.8,1,2015-16
22015,202324,Derrick Favors,1610612762,UTA,Utah Jazz,0021500986,2016-03-13,UTA @ SAC,W,38,10,16,0.625,0,0,,8,10,0.8,5,9,14,4,3,1,1,2,28,7,61.8,1,2015-16
22015,202330,Gordon Hayward,1610612762,UTA,Utah Jazz,0021500986,2016-03-13,UTA @ SAC,W,39,9,19,0.474,4,9,0.444,5,5,1.0,1,3,4,3,1,0,1,4,27,2,38.3,1,2015-16
22015,202714,Shelvin Mack,1610612762,UTA,Utah Jazz,0021500986,2016-03-13,UTA @ SAC,W,30,5,11,0.455,4,6,0.667,0,0,,1,4,5,8,2,0,5,3,14,11,33.0,1,2015-16
22015,203497,Rudy Gobert,1610612762,UTA,Utah Jazz,0021500986,2016-03-13,UTA @ SAC,W,22,0,3,0.0,0,0,,0,2,0.0,0,8,8,2,0,0,2,6,0,23,10.6,1,2015-16
22015,203118,Mike Scott,1610612737,ATL,Atlanta Hawks,0021500984,2016-03-13,ATL vs. IND,W,17,0,5,0.0,0,2,0.0,2,2,1.0,1,2,3,0,0,0,2,0,2,-2,3.6,1,2015-16
22015,203521,Matthew Dellavedova,1610612739,CLE,Cleveland Cavaliers,0021500983,2016-03-13,CLE @ LAC,W,23,2,5,0.4,2,2,1.0,1,2,0.5,0,2,2,4,0,0,1,3,7,25,14.4,1,2015-16
22015,1897,Metta World Peace,1610612747,LAL,Los Angeles Lakers,0021500987,2016-03-13,LAL vs. NYK,L,16,1,5,0.2,0,2,0.0,2,2,1.0,1,6,7,1,0,0,0,0,4,6,13.9,1,2015-16
22015,2756,Sasha Vujacic,1610612752,NYK,New York Knicks,0021500987,2016-03-13,NYK @ LAL,W,18,1,8,0.125,1,7,0.143,2,2,1.0,0,2,2,1,1,0,0,2,5,8,11.9,1,2015-16
22015,201577,Robin Lopez,1610612752,NYK,New York Knicks,0021500987,2016-03-13,NYK @ LAL,W,36,6,7,0.857,0,0,,4,5,0.8,1,7,8,2,0,2,3,1,16,9,31.6,1,2015-16
22015,101145,Monta Ellis,1610612754,IND,Indiana Pacers,0021500984,2016-03-13,IND @ ATL,L,25,4,9,0.444,1,2,0.5,1,2,0.5,1,2,3,4,1,0,2,2,10,-28,20.6,1,2015-16
22015,2747,JR Smith,1610612739,CLE,Cleveland Cavaliers,0021500994,2016-03-14,CLE @ UTA,L,29,2,12,0.167,1,8,0.125,0,0,,0,1,1,1,1,0,1,2,5,-9,9.7,1,2015-16
22015,101112,Channing Frye,1610612739,CLE,Cleveland Cavaliers,0021500994,2016-03-14,CLE @ UTA,L,19,3,6,0.5,1,3,0.333,0,0,,0,4,4,2,0,2,0,3,7,0,20.8,1,2015-16
22015,202681,Kyrie Irving,1610612739,CLE,Cleveland Cavaliers,0021500994,2016-03-14,CLE @ UTA,L,34,7,23,0.304,1,10,0.1,0,0,,2,2,4,3,2,1,0,2,15,-17,33.3,1,2015-16
22015,202684,Tristan Thompson,1610612739,CLE,Cleveland Cavaliers,0021500994,2016-03-14,CLE @ UTA,L,20,1,1,1.0,0,0,,0,0,,1,2,3,0,0,0,0,3,2,-10,5.6,1,2015-16
22015,201962,Toney Douglas,1610612740,NOP,New Orleans Pelicans,0021500996,2016-03-14,NOP @ GSW,L,38,6,14,0.429,4,10,0.4,6,6,1.0,1,4,5,8,3,0,4,3,22,-3,45.0,1,2015-16
22015,202087,Alonzo Gee,1610612740,NOP,New Orleans Pelicans,0021500996,2016-03-14,NOP @ GSW,L,31,3,6,0.5,0,1,0.0,4,4,1.0,4,1,5,1,4,0,1,2,10,-8,28.5,1,2015-16
22015,203076,Anthony Davis,1610612740,NOP,New Orleans Pelicans,0021500996,2016-03-14,NOP @ GSW,L,29,6,20,0.3,0,0,,10,11,0.909,5,7,12,1,1,2,2,3,22,-30,44.9,1,2015-16
22015,202703,Nikola Mirotic,1610612741,CHI,Chicago Bulls,0021500991,2016-03-14,CHI @ TOR,W,32,5,12,0.417,3,8,0.375,4,4,1.0,1,4,5,2,1,1,3,3,17,0,29.0,1,2015-16
22015,1626245,Cristiano Felicio,1610612741,CHI,Chicago Bulls,0021500991,2016-03-14,CHI @ TOR,W,6,0,1,0.0,0,0,,0,0,,0,2,2,0,0,0,0,1,0,1,2.4,1,2015-16
22015,1626253,Axel Toupane,1610612743,DEN,Denver Nuggets,0021500990,2016-03-14,DEN @ MIA,L,13,1,2,0.5,1,1,1.0,1,2,0.5,0,1,1,1,0,0,0,0,4,-11,6.7,1,2015-16
22015,101106,Andrew Bogut,1610612744,GSW,Golden State Warriors,0021500996,2016-03-14,GSW vs. NOP,W,15,2,3,0.667,1,1,1.0,0,1,0.0,0,4,4,3,0,1,2,4,5,12,15.3,1,2015-16
22015,201578,Marreese Speights,1610612744,GSW,Golden State Warriors,0021500996,2016-03-14,GSW vs. NOP,W,18,5,11,0.455,1,2,0.5,3,4,0.75,3,4,7,3,1,0,3,4,14,2,26.9,1,2015-16
22015,1891,Jason Terry,1610612745,HOU,Houston Rockets,0021500992,2016-03-14,HOU vs. MEM,W,16,4,4,1.0,4,4,1.0,0,0,,0,0,0,2,0,0,2,2,12,11,13.0,1,2015-16
22015,2772,Trevor Ariza,1610612745,HOU,Houston Rockets,0021500992,2016-03-14,HOU vs. MEM,W,21,6,9,0.667,4,7,0.571,0,0,,0,2,2,1,1,0,0,0,16,30,22.9,1,2015-16
22015,201563,Michael Beasley,1610612745,HOU,Houston Rockets,0021500992,2016-03-14,HOU vs. MEM,W,27,4,8,0.5,1,3,0.333,2,2,1.0,0,9,9,2,3,1,2,3,11,12,34.8,1,2015-16
22015,201935,James Harden,1610612745,HOU,Houston Rockets,0021500992,2016-03-14,HOU vs. MEM,W,25,3,8,0.375,2,5,0.4,7,8,0.875,0,7,7,8,1,3,5,1,15,30,42.4,1,2015-16
22015,201976,Patrick Beverley,1610612745,HOU,Houston Rockets,0021500992,2016-03-14,HOU vs. MEM,W,26,4,8,0.5,2,5,0.4,0,0,,1,4,5,6,3,1,2,1,10,36,35.0,1,2015-16
22015,202700,Donatas Motiejunas,1610612745,HOU,Houston Rockets,0021500992,2016-03-14,HOU vs. MEM,W,21,7,14,0.5,1,2,0.5,3,5,0.6,2,4,6,2,1,0,0,2,18,37,31.2,1,2015-16
22015,203991,Clint Capela,1610612745,HOU,Houston Rockets,0021500992,2016-03-14,HOU vs. MEM,W,24,3,7,0.429,0,1,0.0,4,9,0.444,1,4,5,0,0,1,1,3,10,18,18.0,1,2015-16
22015,2736,Luol Deng,1610612748,MIA,Miami Heat,0021500990,2016-03-14,MIA vs. DEN,W,33,7,10,0.7,0,2,0.0,3,3,1.0,2,6,8,2,2,0,1,0,17,6,34.6,1,2015-16
22015,201177,Josh McRoberts,1610612748,MIA,Miami Heat,0021500990,2016-03-14,MIA vs. DEN,W,6,0,1,0.0,0,0,,0,0,,1,1,2,1,0,1,0,1,0,1,6.9,1,2015-16
22015,201609,Goran Dragic,1610612748,MIA,Miami Heat,0021500990,2016-03-14,MIA vs. DEN,W,33,5,10,0.5,1,4,0.25,0,2,0.0,0,2,2,8,0,0,1,3,11,-1,24.4,1,2015-16
22015,203476,Gorgui Dieng,1610612750,MIN,Minnesota Timberwolves,0021500995,2016-03-14,MIN @ PHX,L,33,3,8,0.375,0,0,,6,7,0.857,1,8,9,1,3,2,2,2,12,1,37.3,1,2015-16
22015,203498,Shabazz Muhammad,1610612750,MIN,Minnesota Timberwolves,0021500995,2016-03-14,MIN @ PHX,L,23,5,13,0.385,0,1,0.0,0,0,,2,2,4,0,1,1,2,1,10,8,18.8,1,2015-16
22015,203940,Adreian Payne,1610612750,MIN,Minnesota Timberwolves,0021500995,2016-03-14,MIN @ PHX,L,3,0,1,0.0,0,0,,0,0,,0,0,0,0,0,0,0,1,0,2,0.0,1,2015-16
22015,201978,Chase Budinger,1610612756,PHX,Phoenix Suns,0021500995,2016-03-14,PHX vs. MIN,W,8,2,5,0.4,0,2,0.0,0,0,,0,1,1,0,0,0,0,0,4,-4,5.2,1,2015-16
22015,203141,Mirza Teletovic,1610612756,PHX,Phoenix Suns,0021500995,2016-03-14,PHX vs. MIN,W,30,7,12,0.583,5,9,0.556,2,2,1.0,2,6,8,0,1,0,2,3,21,2,31.6,1,2015-16
22015,202334,Ed Davis,1610612757,POR,Portland Trail Blazers,0021500993,2016-03-14,POR @ OKC,L,15,1,4,0.25,0,0,,2,2,1.0,2,2,4,0,0,0,0,1,4,-26,8.8,1,2015-16
22015,1737,Nazr Mohammed,1610612760,OKC,Oklahoma City Thunder,0021500993,2016-03-14,OKC vs. POR,W,7,1,2,0.5,0,0,,0,0,,0,1,1,0,0,0,2,2,2,1,1.2,1,2015-16
22015,200751,Randy Foye,1610612760,OKC,Oklahoma City Thunder,0021500993,2016-03-14,OKC vs. POR,W,29,4,6,0.667,3,3,1.0,0,0,,1,3,4,2,0,1,3,3,11,22,18.8,1,2015-16
22015,201566,Russell Westbrook,1610612760,OKC,Oklahoma City Thunder,0021500993,2016-03-14,OKC vs. POR,W,28,7,11,0.636,0,0,,3,6,0.5,2,8,10,16,2,1,0,2,17,16,62.0,1,2015-16
22015,203460,Andre Roberson,1610612760,OKC,Oklahoma City Thunder,0021500993,2016-03-14,OKC vs. POR,W,13,1,2,0.5,1,2,0.5,0,0,,1,1,2,0,0,0,0,0,3,4,5.4,1,2015-16
22015,1626166,Cameron Payne,1610612760,OKC,Oklahoma City Thunder,0021500993,2016-03-14,OKC vs. POR,W,21,3,4,0.75,0,0,,0,0,,0,4,4,3,1,0,1,2,6,20,17.3,1,2015-16
22015,2449,Luis Scola,1610612761,TOR,Toronto Raptors,0021500991,2016-03-14,TOR vs. CHI,L,16,2,5,0.4,0,2,0.0,0,0,,0,2,2,0,0,0,0,1,4,-4,6.4,1,2015-16
22015,201574,Jason Thompson,1610612761,TOR,Toronto Raptors,0021500991,2016-03-14,TOR vs. CHI,L,12,2,2,1.0,0,0,,3,3,1.0,1,3,4,0,1,0,0,1,7,5,14.8,1,2015-16
22015,204060,Joe Ingles,1610612762,UTA,Utah Jazz,0021500994,2016-03-14,UTA vs. CLE,W,37,2,6,0.333,2,5,0.4,0,0,,0,5,5,4,0,0,1,1,6,6,17.0,1,2015-16
22015,1626185,Jarell Martin,1610612763,MEM,Memphis Grizzlies,0021500992,2016-03-14,MEM @ HOU,L,29,4,12,0.333,0,1,0.0,9,10,0.9,2,6,8,1,0,0,0,3,17,-18,28.1,1,2015-16
22015,2403,Nene,1610612764,WAS,Washington Wizards,0021500989,2016-03-14,WAS vs. DET,W,15,8,9,0.889,0,0,,4,4,1.0,0,3,3,3,1,0,1,4,20,7,30.1,1,2015-16
22015,201196,Ramon Sessions,1610612764,WAS,Washington Wizards,0021500989,2016-03-14,WAS vs. DET,W,24,5,9,0.556,0,1,0.0,4,5,0.8,0,2,2,4,1,0,2,2,14,15,23.4,1,2015-16
22015,202322,John Wall,1610612764,WAS,Washington Wizards,0021500989,2016-03-14,WAS vs. DET,W,28,6,12,0.5,0,1,0.0,3,3,1.0,0,5,5,12,1,0,1,2,15,27,41.0,1,2015-16
22015,202693,Markieff Morris,1610612764,WAS,Washington Wizards,0021500989,2016-03-14,WAS vs. DET,W,24,6,11,0.545,2,5,0.4,0,0,,1,3,4,3,1,1,1,2,14,36,28.3,1,2015-16
22015,203490,Otto Porter Jr.,1610612764,WAS,Washington Wizards,0021500989,2016-03-14,WAS vs. DET,W,32,5,9,0.556,1,2,0.5,0,0,,0,6,6,3,1,2,2,1,11,27,29.7,1,2015-16
22015,201202,Joel Anthony,1610612765,DET,Detroit Pistons,0021500989,2016-03-14,DET @ WAS,L,5,1,1,1.0,0,0,,0,0,,0,0,0,0,0,0,1,2,2,-4,1.0,1,2015-16
22015,201587,Nicolas Batum,1610612766,CHA,Charlotte Hornets,0021500988,2016-03-14,CHA vs. DAL,L,40,7,14,0.5,3,7,0.429,3,4,0.75,0,3,3,7,2,2,4,0,20,-11,42.1,1,2015-16
22015,1626163,Frank Kaminsky,1610612766,CHA,Charlotte Hornets,0021500988,2016-03-14,CHA vs. DAL,L,15,2,7,0.286,0,1,0.0,1,3,0.333,1,6,7,1,0,0,0,3,5,-7,14.9,1,2015-16
22015,201166,Aaron Brooks,1610612741,CHI,Chicago Bulls,0021500991,2016-03-14,CHI @ TOR,W,17,2,8,0.25,0,4,0.0,3,3,1.0,0,0,0,4,0,0,1,2,7,-10,12.0,1,2015-16
22015,202734,E'Twaun Moore,1610612741,CHI,Chicago Bulls,0021500991,2016-03-14,CHI @ TOR,W,31,8,11,0.727,1,2,0.5,0,0,,0,4,4,4,0,1,0,3,17,12,30.8,1,2015-16
22015,203926,Doug McDermott,1610612741,CHI,Chicago Bulls,0021500991,2016-03-14,CHI @ TOR,W,36,9,11,0.818,4,5,0.8,7,8,0.875,0,1,1,1,0,1,0,1,29,5,34.7,1,2015-16
22015,1626171,Bobby Portis,1610612741,CHI,Chicago Bulls,0021500991,2016-03-14,CHI @ TOR,W,23,3,6,0.5,0,1,0.0,0,0,,1,6,7,1,0,0,0,3,6,0,15.9,1,2015-16
22015,1717,Dirk Nowitzki,1610612742,DAL,Dallas Mavericks,0021500988,2016-03-14,DAL @ CHA,W,28,8,18,0.444,1,5,0.2,6,7,0.857,1,10,11,1,0,2,1,3,23,23,42.7,1,2015-16
22015,101114,Deron Williams,1610612742,DAL,Dallas Mavericks,0021500988,2016-03-14,DAL @ CHA,W,30,6,11,0.545,1,4,0.25,2,2,1.0,0,0,0,5,1,1,1,4,15,4,27.5,1,2015-16
22015,1626147,Justin Anderson,1610612742,DAL,Dallas Mavericks,0021500988,2016-03-14,DAL @ CHA,W,8,0,1,0.0,0,1,0.0,1,2,0.5,0,3,3,1,1,1,0,1,1,5,12.1,1,2015-16
22015,201589,Darrell Arthur,1610612743,DEN,Denver Nuggets,0021500990,2016-03-14,DEN @ MIA,L,27,3,4,0.75,1,2,0.5,0,0,,1,4,5,0,1,0,0,4,7,-14,16.0,1,2015-16
22015,203115,Will Barton,1610612743,DEN,Denver Nuggets,0021500990,2016-03-14,DEN @ MIA,L,20,0,6,0.0,0,2,0.0,0,0,,0,4,4,0,0,0,1,2,0,-20,3.8,1,2015-16
22015,202691,Klay Thompson,1610612744,GSW,Golden State Warriors,0021500996,2016-03-14,GSW vs. NOP,W,26,7,11,0.636,2,4,0.5,2,2,1.0,0,2,2,0,0,1,4,0,18,16,19.4,1,2015-16
22015,202355,Hassan Whiteside,1610612748,MIA,Miami Heat,0021500990,2016-03-14,MIA vs. DEN,W,31,6,7,0.857,0,0,,6,6,1.0,2,8,10,0,0,1,4,4,18,10,29.0,1,2015-16
22015,201937,Ricky Rubio,1610612750,MIN,Minnesota Timberwolves,0021500995,2016-03-14,MIN @ PHX,L,36,3,11,0.273,1,4,0.25,6,6,1.0,0,3,3,17,4,0,3,2,13,10,51.1,1,2015-16
22015,1626145,Tyus Jones,1610612750,MIN,Minnesota Timberwolves,0021500995,2016-03-14,MIN @ PHX,L,12,0,3,0.0,0,1,0.0,0,0,,0,1,1,1,1,0,2,2,0,-13,3.7,1,2015-16
22015,200782,P.J. Tucker,1610612756,PHX,Phoenix Suns,0021500995,2016-03-14,PHX vs. MIN,W,40,9,18,0.5,3,6,0.5,2,2,1.0,6,6,12,5,2,0,2,0,23,7,48.9,1,2015-16
22015,202688,Brandon Knight,1610612756,PHX,Phoenix Suns,0021500995,2016-03-14,PHX vs. MIN,W,41,3,18,0.167,2,11,0.182,0,0,,0,4,4,7,2,0,3,3,8,9,26.3,1,2015-16
22015,1626164,Devin Booker,1610612756,PHX,Phoenix Suns,0021500995,2016-03-14,PHX vs. MIN,W,43,6,14,0.429,1,4,0.25,3,3,1.0,0,3,3,6,0,0,6,5,16,16,22.6,1,2015-16
22015,2549,Chris Kaman,1610612757,POR,Portland Trail Blazers,0021500993,2016-03-14,POR @ OKC,L,10,2,3,0.667,0,0,,1,1,1.0,0,2,2,1,1,0,1,1,5,2,10.9,1,2015-16
22015,202329,Al-Farouq Aminu,1610612757,POR,Portland Trail Blazers,0021500993,2016-03-14,POR @ OKC,L,23,3,8,0.375,2,7,0.286,3,4,0.75,1,2,3,3,0,0,1,3,11,-10,18.1,1,2015-16
22015,203943,Noah Vonleh,1610612757,POR,Portland Trail Blazers,0021500993,2016-03-14,POR @ OKC,L,17,2,6,0.333,0,0,,0,0,,2,3,5,1,0,1,0,1,4,3,14.5,1,2015-16
22015,2555,Nick Collison,1610612760,OKC,Oklahoma City Thunder,0021500993,2016-03-14,OKC vs. POR,W,14,0,3,0.0,0,0,,0,0,,1,4,5,1,1,0,2,3,0,4,8.5,1,2015-16
22015,202713,Kyle Singler,1610612760,OKC,Oklahoma City Thunder,0021500993,2016-03-14,OKC vs. POR,W,19,2,4,0.5,0,1,0.0,0,0,,1,2,3,1,0,0,0,0,4,24,9.1,1,2015-16
22015,202685,Jonas Valančiūnas,1610612761,TOR,Toronto Raptors,0021500991,2016-03-14,TOR vs. CHI,L,10,3,3,1.0,0,0,,2,2,1.0,1,1,2,0,0,1,1,0,8,-2,12.4,1,2015-16
22015,203526,Raul Neto,1610612762,UTA,Utah Jazz,0021500994,2016-03-14,UTA vs. CLE,W,17,3,4,0.75,1,1,1.0,0,0,,0,2,2,3,0,0,0,1,7,-1,13.9,1,2015-16
22015,203918,Rodney Hood,1610612762,UTA,Utah Jazz,0021500994,2016-03-14,UTA vs. CLE,W,34,9,16,0.563,4,9,0.444,6,6,1.0,1,1,2,1,0,0,2,2,28,11,29.9,1,2015-16
22015,2754,Tony Allen,1610612763,MEM,Memphis Grizzlies,0021500992,2016-03-14,MEM @ HOU,L,26,2,10,0.2,0,2,0.0,1,2,0.5,0,5,5,0,3,0,2,4,5,-37,18.0,1,2015-16
22015,200797,Ryan Hollins,1610612763,MEM,Memphis Grizzlies,0021500992,2016-03-14,MEM @ HOU,L,26,4,7,0.571,0,0,,2,4,0.5,4,4,8,0,0,0,1,3,10,-35,18.6,1,2015-16
22015,1627362,Briante Weber,1610612763,MEM,Memphis Grizzlies,0021500992,2016-03-14,MEM @ HOU,L,35,1,8,0.125,0,0,,1,2,0.5,2,5,7,3,2,0,5,1,3,-43,16.9,1,2015-16
22015,101162,Marcin Gortat,1610612764,WAS,Washington Wizards,0021500989,2016-03-14,WAS vs. DET,W,25,8,13,0.615,0,0,,0,0,,1,5,6,2,1,0,0,4,16,28,29.2,1,2015-16
22015,201581,JJ Hickson,1610612764,WAS,Washington Wizards,0021500989,2016-03-14,WAS vs. DET,W,8,2,2,1.0,0,0,,1,2,0.5,0,1,1,1,1,0,1,1,5,8,9.7,1,2015-16
22015,202066,Garrett Temple,1610612764,WAS,Washington Wizards,0021500989,2016-03-14,WAS vs. DET,W,16,1,4,0.25,1,2,0.5,0,0,,0,2,2,1,0,0,0,2,3,8,6.9,1,2015-16
22015,203078,Bradley Beal,1610612764,WAS,Washington Wizards,0021500989,2016-03-14,WAS vs. DET,W,25,4,10,0.4,2,4,0.5,2,2,1.0,2,3,5,3,2,0,0,1,12,33,28.5,1,2015-16
22015,2581,Steve Blake,1610612765,DET,Detroit Pistons,0021500989,2016-03-14,DET @ WAS,L,28,1,7,0.143,1,3,0.333,0,0,,1,0,1,3,0,0,5,3,3,-19,3.7,1,2015-16
22015,201229,Anthony Tolliver,1610612765,DET,Detroit Pistons,0021500989,2016-03-14,DET @ WAS,L,20,1,4,0.25,0,3,0.0,0,0,,0,4,4,1,0,0,0,0,2,-12,8.3,1,2015-16
22015,202699,Tobias Harris,1610612765,DET,Detroit Pistons,0021500989,2016-03-14,DET @ WAS,L,23,3,10,0.3,0,4,0.0,2,2,1.0,0,1,1,2,0,0,1,1,8,-27,11.2,1,2015-16
22015,203484,Kentavious Caldwell-Pope,1610612765,DET,Detroit Pistons,0021500989,2016-03-14,DET @ WAS,L,30,8,13,0.615,0,1,0.0,2,4,0.5,1,2,3,0,0,0,0,1,18,-27,21.6,1,2015-16
22015,101107,Marvin Williams,1610612766,CHA,Charlotte Hornets,0021500988,2016-03-14,CHA vs. DAL,L,33,8,17,0.471,1,5,0.2,2,4,0.5,0,7,7,0,0,1,1,4,19,-4,29.4,1,2015-16
22015,2210,Richard Jefferson,1610612739,CLE,Cleveland Cavaliers,0021500994,2016-03-14,CLE @ UTA,L,9,2,3,0.667,1,2,0.5,0,0,,0,0,0,0,0,0,0,1,5,-7,5.0,1,2015-16
22015,201567,Kevin Love,1610612739,CLE,Cleveland Cavaliers,0021500994,2016-03-14,CLE @ UTA,L,34,4,11,0.364,2,7,0.286,2,2,1.0,1,8,9,2,0,0,3,2,12,-4,22.8,1,2015-16
22015,201619,Sasha Kaun,1610612739,CLE,Cleveland Cavaliers,0021500994,2016-03-14,CLE @ UTA,L,0,0,0,,0,0,,1,2,0.5,0,0,0,0,0,0,0,0,1,0,1.0,1,2015-16
22015,2570,Kendrick Perkins,1610612740,NOP,New Orleans Pelicans,0021500996,2016-03-14,NOP @ GSW,L,6,1,2,0.5,0,0,,0,0,,1,0,1,0,1,0,0,0,2,6,6.2,1,2015-16
22015,202710,Jimmy Butler III,1610612741,CHI,Chicago Bulls,0021500991,2016-03-14,CHI @ TOR,W,34,5,18,0.278,0,2,0.0,3,4,0.75,1,4,5,6,0,2,0,1,13,-9,34.0,1,2015-16
22015,203200,Justin Holiday,1610612741,CHI,Chicago Bulls,0021500991,2016-03-14,CHI @ TOR,W,14,2,4,0.5,1,2,0.5,0,0,,0,3,3,1,0,1,2,4,5,13,11.1,1,2015-16
22015,2734,Devin Harris,1610612742,DAL,Dallas Mavericks,0021500988,2016-03-14,DAL @ CHA,W,21,5,8,0.625,0,2,0.0,2,2,1.0,0,2,2,1,1,0,2,3,12,-8,16.9,1,2015-16
22015,101135,David Lee,1610612742,DAL,Dallas Mavericks,0021500988,2016-03-14,DAL @ CHA,W,26,6,8,0.75,0,0,,0,0,,2,5,7,0,0,1,2,5,12,8,21.4,1,2015-16
22015,202083,Wesley Matthews,1610612742,DAL,Dallas Mavericks,0021500988,2016-03-14,DAL @ CHA,W,38,1,8,0.125,1,3,0.333,2,2,1.0,0,5,5,2,0,0,1,3,5,19,13.0,1,2015-16
22015,201147,Corey Brewer,1610612745,HOU,Houston Rockets,0021500992,2016-03-14,HOU vs. MEM,W,15,0,4,0.0,0,1,0.0,2,2,1.0,1,1,2,0,0,0,0,0,2,11,4.4,1,2015-16
22015,202726,Andrew Goudelock,1610612745,HOU,Houston Rockets,0021500992,2016-03-14,HOU vs. MEM,W,17,5,7,0.714,1,2,0.5,0,0,,0,0,0,2,1,1,0,2,11,13,20.0,1,2015-16
22015,1626149,Montrezl Harrell,1610612745,HOU,Houston Rockets,0021500992,2016-03-14,HOU vs. MEM,W,12,4,5,0.8,0,1,0.0,0,0,,0,2,2,2,1,2,0,1,8,8,22.4,1,2015-16
22015,1626159,Justise Winslow,1610612748,MIA,Miami Heat,0021500990,2016-03-14,MIA vs. DEN,W,33,8,13,0.615,1,1,1.0,3,3,1.0,0,3,3,0,2,0,0,4,20,13,29.6,1,2015-16
22015,203897,Zach LaVine,1610612750,MIN,Minnesota Timberwolves,0021500995,2016-03-14,MIN @ PHX,L,32,10,15,0.667,3,7,0.429,5,6,0.833,0,3,3,1,0,0,1,5,28,-8,32.1,1,2015-16
22015,201945,Gerald Henderson,1610612757,POR,Portland Trail Blazers,0021500993,2016-03-14,POR @ OKC,L,18,2,6,0.333,0,2,0.0,0,0,,0,1,1,0,0,2,0,0,4,-31,11.2,1,2015-16
22015,203459,Allen Crabbe,1610612757,POR,Portland Trail Blazers,0021500993,2016-03-14,POR @ OKC,L,17,1,3,0.333,0,1,0.0,0,0,,0,1,1,0,1,0,0,1,2,-26,6.2,1,2015-16
22015,201586,Serge Ibaka,1610612760,OKC,Oklahoma City Thunder,0021500993,2016-03-14,OKC vs. POR,W,26,7,10,0.7,1,2,0.5,0,0,,1,6,7,0,0,3,0,4,15,16,32.4,1,2015-16
22015,202683,Enes Freedom,1610612760,OKC,Oklahoma City Thunder,0021500993,2016-03-14,OKC vs. POR,W,22,9,15,0.6,0,0,,8,8,1.0,2,5,7,1,2,0,3,2,26,28,38.9,1,2015-16
22015,203500,Steven Adams,1610612760,OKC,Oklahoma City Thunder,0021500993,2016-03-14,OKC vs. POR,W,19,5,6,0.833,0,0,,3,4,0.75,1,2,3,0,2,1,0,2,13,5,25.6,1,2015-16
22015,201949,James Johnson,1610612761,TOR,Toronto Raptors,0021500991,2016-03-14,TOR vs. CHI,L,17,0,3,0.0,0,0,,0,2,0.0,0,1,1,0,0,2,0,1,0,-11,7.2,1,2015-16
22015,202335,Patrick Patterson,1610612761,TOR,Toronto Raptors,0021500991,2016-03-14,TOR vs. CHI,L,32,4,9,0.444,3,7,0.429,2,2,1.0,1,5,6,2,0,0,0,2,13,5,23.2,1,2015-16
22015,203082,Terrence Ross,1610612761,TOR,Toronto Raptors,0021500991,2016-03-14,TOR vs. CHI,L,18,1,4,0.25,1,3,0.333,0,0,,0,2,2,1,0,0,0,3,3,7,6.9,1,2015-16
22015,1626181,Norman Powell,1610612761,TOR,Toronto Raptors,0021500991,2016-03-14,TOR vs. CHI,L,4,0,2,0.0,0,1,0.0,0,0,,0,1,1,0,0,0,0,1,0,0,1.2,1,2015-16
22015,1626168,Trey Lyles,1610612762,UTA,Utah Jazz,0021500994,2016-03-14,UTA vs. CLE,W,13,5,8,0.625,2,4,0.5,0,0,,1,0,1,0,1,0,1,3,12,12,15.2,1,2015-16
22015,2440,Matt Barnes,1610612763,MEM,Memphis Grizzlies,0021500992,2016-03-14,MEM @ HOU,L,25,5,12,0.417,2,5,0.4,2,2,1.0,3,4,7,2,0,0,2,0,14,-32,23.4,1,2015-16
22015,203210,JaMychal Green,1610612763,MEM,Memphis Grizzlies,0021500992,2016-03-14,MEM @ HOU,L,28,4,17,0.235,1,5,0.2,0,0,,3,1,4,2,0,0,4,4,9,-38,12.8,1,2015-16
22015,203798,PJ Hairston,1610612763,MEM,Memphis Grizzlies,0021500992,2016-03-14,MEM @ HOU,L,18,3,8,0.375,0,3,0.0,0,0,,0,2,2,2,0,0,2,2,6,-11,9.4,1,2015-16
22015,1627293,Alex Stepheson,1610612763,MEM,Memphis Grizzlies,0021500992,2016-03-14,MEM @ HOU,L,25,5,17,0.294,0,0,,2,8,0.25,13,2,15,0,0,0,0,6,12,-15,30.0,1,2015-16
22015,101187,Alan Anderson,1610612764,WAS,Washington Wizards,0021500989,2016-03-14,WAS vs. DET,W,4,1,1,1.0,1,1,1.0,0,1,0.0,0,2,2,0,0,0,1,0,3,3,4.4,1,2015-16
22015,201162,Jared Dudley,1610612764,WAS,Washington Wizards,0021500989,2016-03-14,WAS vs. DET,W,24,1,3,0.333,0,1,0.0,0,0,,0,0,0,1,0,0,0,2,2,7,3.5,1,2015-16
22015,1626162,Kelly Oubre Jr.,1610612764,WAS,Washington Wizards,0021500989,2016-03-14,WAS vs. DET,W,10,2,4,0.5,0,0,,0,1,0.0,0,3,3,0,2,0,1,0,4,10,12.6,1,2015-16
22015,1626199,Darrun Hilliard,1610612765,DET,Detroit Pistons,0021500989,2016-03-14,DET @ WAS,L,12,3,5,0.6,0,1,0.0,4,4,1.0,0,0,0,0,0,0,0,0,10,-13,10.0,1,2015-16
22015,203584,Troy Daniels,1610612766,CHA,Charlotte Hornets,0021500988,2016-03-14,CHA vs. DAL,L,15,2,4,0.5,2,4,0.5,0,0,,0,1,1,1,1,1,0,1,6,-5,14.7,1,2015-16
22015,202697,Iman Shumpert,1610612739,CLE,Cleveland Cavaliers,0021500994,2016-03-14,CLE @ UTA,L,19,1,3,0.333,1,2,0.5,0,0,,0,1,1,2,1,0,0,0,3,0,10.2,1,2015-16
22015,201950,Jrue Holiday,1610612740,NOP,New Orleans Pelicans,0021500996,2016-03-14,NOP @ GSW,L,28,5,16,0.313,1,5,0.2,2,2,1.0,0,4,4,4,2,0,1,1,13,-28,28.8,1,2015-16
22015,201967,Dante Cunningham,1610612740,NOP,New Orleans Pelicans,0021500996,2016-03-14,NOP @ GSW,L,21,1,6,0.167,0,3,0.0,0,0,,2,1,3,0,0,1,0,4,2,-9,8.6,1,2015-16
22015,202337,Luke Babbitt,1610612740,NOP,New Orleans Pelicans,0021500996,2016-03-14,NOP @ GSW,L,35,5,11,0.455,1,2,0.5,1,2,0.5,1,4,5,1,2,0,0,2,12,-8,25.5,1,2015-16
22015,203503,Tony Snell,1610612741,CHI,Chicago Bulls,0021500991,2016-03-14,CHI @ TOR,W,12,1,4,0.25,0,1,0.0,0,0,,0,1,1,1,0,0,1,1,2,-2,3.7,1,2015-16
22015,2585,Zaza Pachulia,1610612742,DAL,Dallas Mavericks,0021500988,2016-03-14,DAL @ CHA,W,6,1,2,0.5,0,1,0.0,0,0,,0,2,2,0,0,0,0,1,2,-8,4.4,1,2015-16
22015,202718,Chandler Parsons,1610612742,DAL,Dallas Mavericks,0021500988,2016-03-14,DAL @ CHA,W,37,9,14,0.643,5,9,0.556,1,2,0.5,2,7,9,4,3,1,2,2,24,3,50.8,1,2015-16
22015,201571,D.J. Augustin,1610612743,DEN,Denver Nuggets,0021500990,2016-03-14,DEN @ MIA,L,25,6,14,0.429,1,3,0.333,0,0,,1,0,1,3,2,0,2,3,13,-11,22.7,1,2015-16
22015,202702,Kenneth Faried,1610612743,DEN,Denver Nuggets,0021500990,2016-03-14,DEN @ MIA,L,26,11,11,1.0,0,0,,2,3,0.667,6,5,11,2,0,1,3,3,24,8,40.2,1,2015-16
22015,203960,JaKarr Sampson,1610612743,DEN,Denver Nuggets,0021500990,2016-03-14,DEN @ MIA,L,23,4,6,0.667,0,1,0.0,0,0,,0,1,1,0,1,0,0,3,8,16,12.2,1,2015-16
22015,203999,Nikola Jokić,1610612743,DEN,Denver Nuggets,0021500990,2016-03-14,DEN @ MIA,L,28,5,10,0.5,1,2,0.5,1,2,0.5,3,5,8,4,2,1,1,2,12,4,35.6,1,2015-16
22015,2571,Leandro Barbosa,1610612744,GSW,Golden State Warriors,0021500996,2016-03-14,GSW vs. NOP,W,22,4,6,0.667,1,1,1.0,0,0,,0,3,3,1,0,0,1,2,9,2,13.1,1,2015-16
22015,2733,Shaun Livingston,1610612744,GSW,Golden State Warriors,0021500996,2016-03-14,GSW vs. NOP,W,16,1,2,0.5,0,0,,2,3,0.667,0,1,1,4,0,0,1,4,4,6,10.2,1,2015-16
22015,201575,Brandon Rush,1610612744,GSW,Golden State Warriors,0021500996,2016-03-14,GSW vs. NOP,W,18,3,6,0.5,2,4,0.5,0,0,,0,1,1,2,0,0,0,0,8,-11,12.2,1,2015-16
22015,203084,Harrison Barnes,1610612744,GSW,Golden State Warriors,0021500996,2016-03-14,GSW vs. NOP,W,32,2,5,0.4,0,0,,2,2,1.0,0,3,3,4,2,1,0,2,6,20,24.6,1,2015-16
22015,203110,Draymond Green,1610612744,GSW,Golden State Warriors,0021500996,2016-03-14,GSW vs. NOP,W,31,5,10,0.5,1,3,0.333,3,3,1.0,1,11,12,4,0,3,4,1,14,27,39.4,1,2015-16
22015,203949,James Michael McAdoo,1610612744,GSW,Golden State Warriors,0021500996,2016-03-14,GSW vs. NOP,W,13,5,6,0.833,0,0,,1,1,1.0,3,2,5,1,0,0,2,2,11,0,16.5,1,2015-16
22015,2207,Joe Johnson,1610612748,MIA,Miami Heat,0021500990,2016-03-14,MIA vs. DEN,W,30,6,11,0.545,2,5,0.4,4,5,0.8,0,2,2,5,1,0,1,2,18,-10,29.9,1,2015-16
22015,2405,Amar'e Stoudemire,1610612748,MIA,Miami Heat,0021500990,2016-03-14,MIA vs. DEN,W,11,2,2,1.0,0,0,,0,0,,0,0,0,1,0,0,1,2,4,-5,4.5,1,2015-16
22015,1626196,Josh Richardson,1610612748,MIA,Miami Heat,0021500990,2016-03-14,MIA vs. DEN,W,33,6,10,0.6,4,5,0.8,1,2,0.5,1,3,4,2,2,3,1,3,17,17,38.8,1,2015-16
22015,1626157,Karl-Anthony Towns,1610612750,MIN,Minnesota Timberwolves,0021500995,2016-03-14,MIN @ PHX,L,35,6,13,0.462,0,0,,5,7,0.714,2,8,10,2,1,0,3,3,17,-7,32.0,1,2015-16
22015,2199,Tyson Chandler,1610612756,PHX,Phoenix Suns,0021500995,2016-03-14,PHX vs. MIN,W,30,5,7,0.714,0,0,,4,5,0.8,5,6,11,1,1,2,2,6,14,0,35.7,1,2015-16
22015,101179,Ronnie Price,1610612756,PHX,Phoenix Suns,0021500995,2016-03-14,PHX vs. MIN,W,4,0,0,,0,0,,0,0,,0,0,0,0,0,0,0,2,0,-9,0.0,1,2015-16
22015,203458,Alex Len,1610612756,PHX,Phoenix Suns,0021500995,2016-03-14,PHX vs. MIN,W,26,3,8,0.375,0,1,0.0,3,4,0.75,3,8,11,2,1,0,5,5,9,2,23.2,1,2015-16
22015,203086,Meyers Leonard,1610612757,POR,Portland Trail Blazers,0021500993,2016-03-14,POR @ OKC,L,19,1,7,0.143,1,3,0.333,0,0,,1,5,6,0,0,2,1,4,3,-19,15.2,1,2015-16
22015,203148,Brian Roberts,1610612757,POR,Portland Trail Blazers,0021500993,2016-03-14,POR @ OKC,L,12,1,5,0.2,0,1,0.0,5,5,1.0,0,3,3,1,0,0,2,0,7,-4,10.1,1,2015-16
22015,203468,CJ McCollum,1610612757,POR,Portland Trail Blazers,0021500993,2016-03-14,POR @ OKC,L,29,5,17,0.294,1,5,0.2,4,4,1.0,2,1,3,1,1,0,0,1,15,-17,23.1,1,2015-16
22015,203486,Mason Plumlee,1610612757,POR,Portland Trail Blazers,0021500993,2016-03-14,POR @ OKC,L,23,2,6,0.333,0,0,,4,4,1.0,5,3,8,1,0,1,2,0,8,-10,20.1,1,2015-16
22015,1626192,Pat Connaughton,1610612757,POR,Portland Trail Blazers,0021500993,2016-03-14,POR @ OKC,L,8,1,2,0.5,0,0,,1,1,1.0,0,0,0,0,0,0,0,0,3,2,3.0,1,2015-16
22015,202687,Bismack Biyombo,1610612761,TOR,Toronto Raptors,0021500991,2016-03-14,TOR vs. CHI,L,26,3,5,0.6,0,0,,0,0,,4,2,6,0,0,6,0,2,6,-10,31.2,1,2015-16
22015,202324,Derrick Favors,1610612762,UTA,Utah Jazz,0021500994,2016-03-14,UTA vs. CLE,W,32,7,15,0.467,0,0,,5,7,0.714,2,3,5,0,1,3,3,1,19,-3,34.0,1,2015-16
22015,203497,Rudy Gobert,1610612762,UTA,Utah Jazz,0021500994,2016-03-14,UTA vs. CLE,W,32,2,4,0.5,0,0,,1,1,1.0,2,9,11,2,0,0,1,2,5,18,20.2,1,2015-16
22015,201977,Marcus Thornton,1610612764,WAS,Washington Wizards,0021500989,2016-03-14,WAS vs. DET,W,6,2,3,0.667,1,1,1.0,0,0,,1,0,1,1,0,0,0,1,5,6,7.7,1,2015-16
22015,203493,Reggie Bullock Jr.,1610612765,DET,Detroit Pistons,0021500989,2016-03-14,DET @ WAS,L,11,3,5,0.6,0,2,0.0,0,0,,1,0,1,1,1,0,0,0,6,-7,11.7,1,2015-16
22015,201584,Courtney Lee,1610612766,CHA,Charlotte Hornets,0021500988,2016-03-14,CHA vs. DAL,L,31,4,7,0.571,2,4,0.5,2,2,1.0,1,2,3,0,2,0,1,1,12,-10,20.6,1,2015-16
22015,202391,Jeremy Lin,1610612766,CHA,Charlotte Hornets,0021500988,2016-03-14,CHA vs. DAL,L,19,0,3,0.0,0,1,0.0,1,4,0.25,0,2,2,0,0,1,1,1,1,-3,5.4,1,2015-16
22015,202689,Kemba Walker,1610612766,CHA,Charlotte Hornets,0021500988,2016-03-14,CHA vs. DAL,L,40,8,18,0.444,2,8,0.25,7,9,0.778,1,3,4,9,2,1,5,2,25,-4,47.3,1,2015-16
22015,201583,Ryan Anderson,1610612740,NOP,New Orleans Pelicans,0021500996,2016-03-14,NOP @ GSW,L,31,6,13,0.462,0,2,0.0,7,9,0.778,2,2,4,2,0,0,0,3,19,-3,26.8,1,2015-16
22015,203111,Orlando Johnson,1610612740,NOP,New Orleans Pelicans,0021500996,2016-03-14,NOP @ GSW,L,22,2,5,0.4,1,2,0.5,0,0,,1,0,1,1,1,0,0,1,5,-7,10.7,1,2015-16
22015,201959,Taj Gibson,1610612741,CHI,Chicago Bulls,0021500991,2016-03-14,CHI @ TOR,W,35,6,8,0.75,0,0,,1,1,1.0,5,5,10,3,1,1,1,3,13,0,34.5,1,2015-16
22015,101109,Raymond Felton,1610612742,DAL,Dallas Mavericks,0021500988,2016-03-14,DAL @ CHA,W,32,4,11,0.364,1,4,0.25,0,1,0.0,1,2,3,12,3,0,5,2,9,17,34.6,1,2015-16
22015,200826,J.J. Barea,1610612742,DAL,Dallas Mavericks,0021500988,2016-03-14,DAL @ CHA,W,14,2,6,0.333,0,1,0.0,0,0,,0,0,0,4,0,0,0,2,4,-8,10.0,1,2015-16
22015,203530,Joffrey Lauvergne,1610612743,DEN,Denver Nuggets,0021500990,2016-03-14,DEN @ MIA,L,12,4,7,0.571,0,0,,2,2,1.0,2,1,3,0,0,0,0,2,10,-13,13.6,1,2015-16
22015,1626144,Emmanuel Mudiay,1610612743,DEN,Denver Nuggets,0021500990,2016-03-14,DEN @ MIA,L,33,9,19,0.474,2,4,0.5,3,5,0.6,0,3,3,10,0,0,5,2,23,4,36.6,1,2015-16
22015,2760,Anderson Varejao,1610612744,GSW,Golden State Warriors,0021500996,2016-03-14,GSW vs. NOP,W,7,2,2,1.0,0,0,,3,3,1.0,0,3,3,0,0,0,0,2,7,-4,10.6,1,2015-16
22015,201939,Stephen Curry,1610612744,GSW,Golden State Warriors,0021500996,2016-03-14,GSW vs. NOP,W,31,10,16,0.625,4,9,0.444,3,4,0.75,1,4,5,5,2,0,1,1,27,27,45.5,1,2015-16
22015,2730,Dwight Howard,1610612745,HOU,Houston Rockets,0021500992,2016-03-14,HOU vs. MEM,W,24,2,4,0.5,0,0,,3,6,0.5,3,10,13,3,1,5,0,4,7,31,45.1,1,2015-16
22015,203909,KJ McDaniels,1610612745,HOU,Houston Rockets,0021500992,2016-03-14,HOU vs. MEM,W,12,4,7,0.571,1,2,0.5,1,2,0.5,0,2,2,1,1,0,1,3,10,8,15.9,1,2015-16
22015,2548,Dwyane Wade,1610612748,MIA,Miami Heat,0021500990,2016-03-14,MIA vs. DEN,W,31,7,15,0.467,0,0,,5,7,0.714,0,2,2,5,2,1,5,1,19,-6,32.9,1,2015-16
22015,2419,Tayshaun Prince,1610612750,MIN,Minnesota Timberwolves,0021500995,2016-03-14,MIN @ PHX,L,19,1,4,0.25,0,1,0.0,0,0,,1,0,1,1,1,0,1,1,2,3,6.7,1,2015-16
22015,202357,Nemanja Bjelica,1610612750,MIN,Minnesota Timberwolves,0021500995,2016-03-14,MIN @ PHX,L,6,0,2,0.0,0,2,0.0,0,0,,0,1,1,0,0,0,1,1,0,-15,0.2,1,2015-16
22015,203952,Andrew Wiggins,1610612750,MIN,Minnesota Timberwolves,0021500995,2016-03-14,MIN @ PHX,L,41,9,14,0.643,0,0,,4,4,1.0,0,4,4,2,2,1,1,2,22,4,37.8,1,2015-16
22015,203462,Archie Goodwin,1610612756,PHX,Phoenix Suns,0021500995,2016-03-14,PHX vs. MIN,W,9,1,5,0.2,0,1,0.0,2,4,0.5,2,1,3,0,0,1,2,0,4,-10,8.6,1,2015-16
22015,203090,Maurice Harkless,1610612757,POR,Portland Trail Blazers,0021500993,2016-03-14,POR @ OKC,L,18,3,8,0.375,0,2,0.0,1,2,0.5,1,0,1,1,1,0,0,4,7,-12,12.7,1,2015-16
22015,200768,Kyle Lowry,1610612761,TOR,Toronto Raptors,0021500991,2016-03-14,TOR vs. CHI,L,41,10,20,0.5,2,5,0.4,11,13,0.846,1,10,11,7,3,0,3,4,33,-1,62.7,1,2015-16
22015,202344,Trevor Booker,1610612762,UTA,Utah Jazz,0021500994,2016-03-14,UTA vs. CLE,W,19,0,0,,0,0,,0,0,,2,4,6,0,0,1,1,1,0,-9,9.2,1,2015-16
22015,202714,Shelvin Mack,1610612762,UTA,Utah Jazz,0021500994,2016-03-14,UTA vs. CLE,W,37,7,14,0.5,3,5,0.6,0,0,,0,7,7,10,1,0,3,2,17,18,40.4,1,2015-16
22015,203187,Chris Johnson,1610612762,UTA,Utah Jazz,0021500994,2016-03-14,UTA vs. CLE,W,16,0,4,0.0,0,3,0.0,0,0,,0,1,1,0,0,0,0,2,0,-7,1.2,1,2015-16
22015,203504,Trey Burke,1610612762,UTA,Utah Jazz,0021500994,2016-03-14,UTA vs. CLE,W,3,0,0,,0,0,,0,0,,0,0,0,0,0,0,0,0,0,0,0.0,1,2015-16
22015,203492,Ray McCallum,1610612763,MEM,Memphis Grizzlies,0021500992,2016-03-14,MEM @ HOU,L,28,2,10,0.2,1,1,1.0,0,0,,1,1,2,4,2,0,3,2,5,-16,16.4,1,2015-16
22015,202694,Marcus Morris Sr.,1610612765,DET,Detroit Pistons,0021500989,2016-03-14,DET @ WAS,L,22,3,5,0.6,1,2,0.5,2,4,0.5,0,5,5,2,1,0,2,0,9,-21,19.0,1,2015-16
22015,202704,Reggie Jackson,1610612765,DET,Detroit Pistons,0021500989,2016-03-14,DET @ WAS,L,20,3,7,0.429,1,3,0.333,1,2,0.5,0,1,1,1,0,1,5,5,8,-24,8.7,1,2015-16
22015,203083,Andre Drummond,1610612765,DET,Detroit Pistons,0021500989,2016-03-14,DET @ WAS,L,27,3,9,0.333,0,0,,1,2,0.5,5,7,12,2,1,0,3,4,7,-28,24.4,1,2015-16
22015,203382,Aron Baynes,1610612765,DET,Detroit Pistons,0021500989,2016-03-14,DET @ WAS,L,17,1,2,0.5,0,0,,2,4,0.5,3,2,5,1,0,2,2,3,4,-11,15.5,1,2015-16
22015,2744,Al Jefferson,1610612766,CHA,Charlotte Hornets,0021500988,2016-03-14,CHA vs. DAL,L,21,1,3,0.333,0,0,,5,6,0.833,0,4,4,0,1,1,1,0,7,-7,16.8,1,2015-16
22015,203469,Cody Zeller,1610612766,CHA,Charlotte Hornets,0021500988,2016-03-14,CHA vs. DAL,L,27,0,3,0.0,0,0,,1,2,0.5,4,5,9,0,1,0,2,4,1,-4,12.8,1,2015-16
22015,2544,LeBron James,1610612739,CLE,Cleveland Cavaliers,0021500994,2016-03-14,CLE @ UTA,L,37,10,20,0.5,2,6,0.333,1,2,0.5,6,6,12,3,1,0,3,0,23,6,41.9,1,2015-16
22015,202389,Timofey Mozgov,1610612739,CLE,Cleveland Cavaliers,0021500994,2016-03-14,CLE @ UTA,L,16,3,3,1.0,0,0,,1,2,0.5,3,0,3,0,1,0,1,2,7,-6,12.6,1,2015-16
22015,203521,Matthew Dellavedova,1610612739,CLE,Cleveland Cavaliers,0021500994,2016-03-14,CLE @ UTA,L,23,2,6,0.333,1,5,0.2,0,0,,0,2,2,5,0,0,0,1,5,2,14.9,1,2015-16
22015,203914,Gary Harris,1610612743,DEN,Denver Nuggets,0021500990,2016-03-14,DEN @ MIA,L,34,6,14,0.429,1,5,0.2,5,6,0.833,0,3,3,2,3,0,0,0,18,12,33.6,1,2015-16
22015,203546,Ian Clark,1610612744,GSW,Golden State Warriors,0021500996,2016-03-14,GSW vs. NOP,W,9,1,3,0.333,0,1,0.0,0,0,,0,0,0,3,1,0,0,0,2,-7,9.5,1,2015-16
22015,202720,Jon Leuer,1610612756,PHX,Phoenix Suns,0021500995,2016-03-14,PHX vs. MIN,W,10,4,8,0.5,0,1,0.0,0,0,,1,3,4,1,1,0,1,2,8,2,16.3,1,2015-16
22015,203081,Damian Lillard,1610612757,POR,Portland Trail Blazers,0021500993,2016-03-14,POR @ OKC,L,32,7,16,0.438,3,6,0.5,4,4,1.0,0,2,2,4,0,1,4,3,21,-22,28.4,1,2015-16
22015,201142,Kevin Durant,1610612760,OKC,Oklahoma City Thunder,0021500993,2016-03-14,OKC vs. POR,W,26,6,15,0.4,1,5,0.2,7,7,1.0,0,5,5,7,0,0,2,0,20,21,34.5,1,2015-16
22015,201627,Anthony Morrow,1610612760,OKC,Oklahoma City Thunder,0021500993,2016-03-14,OKC vs. POR,W,16,4,5,0.8,3,4,0.75,0,1,0.0,0,1,1,0,2,0,0,0,11,9,18.2,1,2015-16
22015,201942,DeMar DeRozan,1610612761,TOR,Toronto Raptors,0021500991,2016-03-14,TOR vs. CHI,L,39,10,22,0.455,0,1,0.0,7,7,1.0,1,4,5,2,1,0,1,3,27,-3,38.0,1,2015-16
22015,202709,Cory Joseph,1610612761,TOR,Toronto Raptors,0021500991,2016-03-14,TOR vs. CHI,L,26,2,8,0.25,0,1,0.0,2,2,1.0,1,1,2,0,0,0,0,0,6,4,8.4,1,2015-16
22015,1626169,Stanley Johnson,1610612765,DET,Detroit Pistons,0021500989,2016-03-14,DET @ WAS,L,26,2,11,0.182,0,4,0.0,0,0,,0,6,6,4,2,1,1,2,4,-22,25.2,1,2015-16
22015,201973,Jonas Jerebko,1610612738,BOS,Boston Celtics,0021500997,2016-03-15,BOS @ IND,L,26,7,12,0.583,2,5,0.4,1,2,0.5,1,2,3,2,0,0,1,2,17,-8,22.6,1,2015-16
22015,203092,Tyler Zeller,1610612738,BOS,Boston Celtics,0021500997,2016-03-15,BOS @ IND,L,14,2,9,0.222,0,0,,0,0,,3,3,6,0,0,0,0,2,4,-12,11.2,1,2015-16
22015,203096,Jared Sullinger,1610612738,BOS,Boston Celtics,0021500997,2016-03-15,BOS @ IND,L,30,5,11,0.455,1,3,0.333,4,6,0.667,3,8,11,3,2,0,2,2,15,4,36.7,1,2015-16
22015,201571,D.J. Augustin,1610612743,DEN,Denver Nuggets,0021500998,2016-03-15,DEN @ ORL,L,33,2,9,0.222,2,4,0.5,6,6,1.0,0,4,4,8,3,0,3,2,12,13,34.8,1,2015-16
22015,203960,JaKarr Sampson,1610612743,DEN,Denver Nuggets,0021500998,2016-03-15,DEN @ ORL,L,9,1,2,0.5,0,1,0.0,0,0,,0,0,0,0,0,0,1,1,2,-6,1.0,1,2015-16
22015,203999,Nikola Jokić,1610612743,DEN,Denver Nuggets,0021500998,2016-03-15,DEN @ ORL,L,25,5,8,0.625,1,1,1.0,3,3,1.0,3,3,6,4,1,1,2,3,14,-5,31.2,1,2015-16
22015,200755,JJ Redick,1610612746,LAC,LA Clippers,0021501001,2016-03-15,LAC @ SAS,L,29,5,9,0.556,2,3,0.667,2,2,1.0,0,1,1,1,0,0,1,1,14,-4,15.7,1,2015-16
22015,1897,Metta World Peace,1610612747,LAL,Los Angeles Lakers,0021501002,2016-03-15,LAL vs. SAC,L,19,1,6,0.167,0,3,0.0,0,0,,1,1,2,1,0,0,2,1,2,-28,3.9,1,2015-16
22015,101150,Lou Williams,1610612747,LAL,Los Angeles Lakers,0021501002,2016-03-15,LAL vs. SAC,L,24,3,9,0.333,2,6,0.333,9,11,0.818,1,3,4,2,1,1,2,2,17,15,28.8,1,2015-16
22015,203944,Julius Randle,1610612747,LAL,Los Angeles Lakers,0021501002,2016-03-15,LAL vs. SAC,L,31,5,12,0.417,0,0,,4,6,0.667,4,7,11,3,2,0,2,4,14,-15,35.7,1,2015-16
22015,203089,John Henson,1610612749,MIL,Milwaukee Bucks,0021501000,2016-03-15,MIL vs. TOR,L,6,2,3,0.667,0,0,,0,0,,1,0,1,0,1,0,1,0,4,3,7.2,1,2015-16
22015,202388,Donald Sloan,1610612751,BKN,Brooklyn Nets,0021500999,2016-03-15,BKN vs. PHI,W,24,3,5,0.6,0,1,0.0,3,4,0.75,0,2,2,3,1,0,1,1,9,14,17.9,1,2015-16
22015,203499,Shane Larkin,1610612751,BKN,Brooklyn Nets,0021500999,2016-03-15,BKN vs. PHI,W,24,4,6,0.667,0,0,,2,2,1.0,0,0,0,2,3,0,1,0,10,3,21.0,1,2015-16
22015,203900,Markel Brown,1610612751,BKN,Brooklyn Nets,0021500999,2016-03-15,BKN vs. PHI,W,24,2,6,0.333,0,2,0.0,4,4,1.0,0,5,5,2,1,0,2,2,8,-4,18.0,1,2015-16
22015,1626191,Chris McCullough,1610612751,BKN,Brooklyn Nets,0021500999,2016-03-15,BKN vs. PHI,W,7,0,1,0.0,0,0,,1,2,0.5,0,1,1,0,1,0,0,2,1,1,5.2,1,2015-16
22015,101145,Monta Ellis,1610612754,IND,Indiana Pacers,0021500997,2016-03-15,IND vs. BOS,W,34,5,12,0.417,2,5,0.4,4,4,1.0,2,5,7,6,2,0,4,2,16,-5,35.4,1,2015-16
22015,202730,Lavoy Allen,1610612754,IND,Indiana Pacers,0021500997,2016-03-15,IND vs. BOS,W,26,2,4,0.5,0,0,,0,2,0.0,2,5,7,1,1,3,1,3,4,19,24.9,1,2015-16
22015,202397,Ish Smith,1610612755,PHI,Philadelphia 76ers,0021500999,2016-03-15,PHI @ BKN,L,30,6,13,0.462,2,5,0.4,4,5,0.8,1,2,3,6,0,0,2,2,18,-24,28.6,1,2015-16
22015,203138,Hollis Thompson,1610612755,PHI,Philadelphia 76ers,0021500999,2016-03-15,PHI @ BKN,L,32,5,11,0.455,2,6,0.333,2,2,1.0,0,3,3,2,0,0,1,1,14,-16,19.6,1,2015-16
22015,203477,Isaiah Canaan,1610612755,PHI,Philadelphia 76ers,0021500999,2016-03-15,PHI @ BKN,L,32,5,10,0.5,5,10,0.5,5,5,1.0,1,1,2,1,0,0,1,2,20,-5,22.9,1,2015-16
22015,203917,Nik Stauskas,1610612755,PHI,Philadelphia 76ers,0021500999,2016-03-15,PHI @ BKN,L,30,6,13,0.462,2,6,0.333,4,4,1.0,1,6,7,1,2,1,2,1,18,-9,34.9,1,2015-16
22015,200752,Rudy Gay,1610612758,SAC,Sacramento Kings,0021501002,2016-03-15,SAC @ LAL,W,36,9,16,0.563,0,2,0.0,2,2,1.0,1,7,8,3,3,1,1,4,20,18,45.1,1,2015-16
22015,201158,Marco Belinelli,1610612758,SAC,Sacramento Kings,0021501002,2016-03-15,SAC @ LAL,W,15,3,10,0.3,1,2,0.5,2,2,1.0,1,1,2,1,1,0,1,1,9,-12,14.9,1,2015-16
22015,201585,Kosta Koufos,1610612758,SAC,Sacramento Kings,0021501002,2016-03-15,SAC @ LAL,W,12,3,4,0.75,0,0,,0,1,0.0,2,2,4,0,0,0,0,0,6,-3,10.8,1,2015-16
22015,203112,Quincy Acy,1610612758,SAC,Sacramento Kings,0021501002,2016-03-15,SAC @ LAL,W,5,0,1,0.0,0,1,0.0,1,2,0.5,0,1,1,0,0,0,0,0,1,-5,2.2,1,2015-16
22015,1938,Manu Ginobili,1610612759,SAS,San Antonio Spurs,0021501001,2016-03-15,SAS vs. LAC,W,16,5,8,0.625,2,5,0.4,1,2,0.5,0,1,1,2,0,0,1,3,13,1,16.2,1,2015-16
22015,201574,Jason Thompson,1610612761,TOR,Toronto Raptors,0021501000,2016-03-15,TOR @ MIL,W,23,1,3,0.333,0,0,,0,0,,2,4,6,0,1,1,1,5,2,5,14.2,1,2015-16
22015,1626144,Emmanuel Mudiay,1610612743,DEN,Denver Nuggets,0021500998,2016-03-15,DEN @ ORL,L,27,5,12,0.417,2,5,0.4,2,2,1.0,0,2,2,4,0,0,3,3,14,-13,19.4,1,2015-16
22015,101108,Chris Paul,1610612746,LAC,LA Clippers,0021501001,2016-03-15,LAC @ SAS,L,33,9,16,0.563,1,3,0.333,3,3,1.0,0,4,4,8,3,0,3,1,22,2,44.8,1,2015-16
22015,201599,DeAndre Jordan,1610612746,LAC,LA Clippers,0021501001,2016-03-15,LAC @ SAS,L,37,7,8,0.875,0,0,,2,4,0.5,3,11,14,0,0,1,4,2,16,-2,31.8,1,2015-16
22015,201579,Roy Hibbert,1610612747,LAL,Los Angeles Lakers,0021501002,2016-03-15,LAL vs. SAC,L,14,1,3,0.333,0,0,,1,2,0.5,2,1,3,0,0,1,1,4,3,-19,8.6,1,2015-16
22015,204028,Tarik Black,1610612747,LAL,Los Angeles Lakers,0021501002,2016-03-15,LAL vs. SAC,L,12,3,3,1.0,0,0,,0,0,,0,3,3,1,0,2,1,4,6,-3,16.1,1,2015-16
22015,201573,Jerryd Bayless,1610612749,MIL,Milwaukee Bucks,0021501000,2016-03-15,MIL vs. TOR,L,28,3,9,0.333,1,3,0.333,4,4,1.0,0,0,0,0,1,0,0,4,11,-11,14.0,1,2015-16
22015,201572,Brook Lopez,1610612751,BKN,Brooklyn Nets,0021500999,2016-03-15,BKN vs. PHI,W,37,7,17,0.412,1,1,1.0,3,4,0.75,5,5,10,4,1,0,2,3,18,25,37.0,1,2015-16
22015,201961,Wayne Ellington,1610612751,BKN,Brooklyn Nets,0021500999,2016-03-15,BKN vs. PHI,W,17,3,8,0.375,2,6,0.333,0,0,,1,4,5,3,2,0,0,1,8,12,24.5,1,2015-16
22015,203508,Sergey Karasev,1610612751,BKN,Brooklyn Nets,0021500999,2016-03-15,BKN vs. PHI,W,5,0,1,0.0,0,1,0.0,0,0,,0,1,1,1,1,0,0,0,0,4,5.7,1,2015-16
22015,201228,C.J. Watson,1610612753,ORL,Orlando Magic,0021500998,2016-03-15,ORL vs. DEN,W,21,1,6,0.167,0,2,0.0,0,0,,0,1,1,3,0,0,1,2,2,-8,6.7,1,2015-16
22015,203932,Aaron Gordon,1610612753,ORL,Orlando Magic,0021500998,2016-03-15,ORL vs. DEN,W,27,7,10,0.7,2,4,0.5,0,0,,1,2,3,0,1,2,1,1,16,14,27.6,1,2015-16
22015,1626209,Mario Hezonja,1610612753,ORL,Orlando Magic,0021500998,2016-03-15,ORL vs. DEN,W,14,1,4,0.25,0,3,0.0,0,0,,0,2,2,3,1,0,3,1,2,-5,8.9,1,2015-16
22015,202331,Paul George,1610612754,IND,Indiana Pacers,0021500997,2016-03-15,IND vs. BOS,W,35,9,16,0.563,2,3,0.667,5,6,0.833,1,6,7,4,4,1,3,4,25,3,51.4,1,2015-16
22015,203524,Solomon Hill,1610612754,IND,Indiana Pacers,0021500997,2016-03-15,IND vs. BOS,W,18,1,1,1.0,0,0,,0,0,,1,2,3,0,0,0,1,0,2,8,4.6,1,2015-16
22015,1882,Elton Brand,1610612755,PHI,Philadelphia 76ers,0021500999,2016-03-15,PHI @ BKN,L,13,2,6,0.333,0,0,,0,0,,0,0,0,3,0,0,0,2,4,-7,8.5,1,2015-16
22015,201603,Sonny Weems,1610612755,PHI,Philadelphia 76ers,0021500999,2016-03-15,PHI @ BKN,L,9,0,2,0.0,0,1,0.0,0,0,,0,0,0,0,0,0,1,1,0,1,-1.0,1,2015-16
22015,203088,Kendall Marshall,1610612755,PHI,Philadelphia 76ers,0021500999,2016-03-15,PHI @ BKN,L,19,2,3,0.667,0,0,,0,0,,0,1,1,2,0,1,2,3,4,-9,9.2,1,2015-16
22015,1626161,Willie Cauley-Stein,1610612758,SAC,Sacramento Kings,0021501002,2016-03-15,SAC @ LAL,W,32,3,3,1.0,0,0,,2,2,1.0,0,7,7,0,1,1,0,2,8,17,22.4,1,2015-16
22015,2225,Tony Parker,1610612759,SAS,San Antonio Spurs,0021501001,2016-03-15,SAS vs. LAC,W,24,1,5,0.2,0,1,0.0,0,0,,0,2,2,5,0,0,2,3,2,4,9.9,1,2015-16
22015,2561,David West,1610612759,SAS,San Antonio Spurs,0021501001,2016-03-15,SAS vs. LAC,W,17,4,7,0.571,0,0,,0,0,,4,2,6,1,0,2,0,1,8,19,22.7,1,2015-16
22015,201980,Danny Green,1610612759,SAS,San Antonio Spurs,0021501001,2016-03-15,SAS vs. LAC,W,26,4,5,0.8,4,5,0.8,0,0,,0,0,0,1,1,0,2,4,12,23,14.5,1,2015-16
22015,1626246,Boban Marjanovic,1610612759,SAS,San Antonio Spurs,0021501001,2016-03-15,SAS vs. LAC,W,4,0,0,,0,0,,3,4,0.75,1,0,1,1,0,0,0,0,3,3,5.7,1,2015-16
22015,203115,Will Barton,1610612743,DEN,Denver Nuggets,0021500998,2016-03-15,DEN @ ORL,L,32,5,8,0.625,0,1,0.0,5,6,0.833,1,3,4,0,0,0,2,1,15,4,17.8,1,2015-16
22015,203914,Gary Harris,1610612743,DEN,Denver Nuggets,0021500998,2016-03-15,DEN @ ORL,L,36,6,12,0.5,2,5,0.4,4,5,0.8,1,2,3,3,3,0,3,1,18,-8,32.1,1,2015-16
22015,2037,Jamal Crawford,1610612746,LAC,LA Clippers,0021501001,2016-03-15,LAC @ SAS,L,22,1,9,0.111,0,3,0.0,4,4,1.0,0,1,1,3,0,0,0,2,6,-20,11.7,1,2015-16
22015,201145,Jeff Green,1610612746,LAC,LA Clippers,0021501001,2016-03-15,LAC @ SAS,L,31,5,13,0.385,3,7,0.429,2,2,1.0,1,1,2,0,0,1,2,4,15,-6,18.4,1,2015-16
22015,202325,Wesley Johnson,1610612746,LAC,LA Clippers,0021501001,2016-03-15,LAC @ SAS,L,21,0,2,0.0,0,1,0.0,0,0,,0,0,0,1,0,1,0,0,0,-16,4.5,1,2015-16
22015,203527,Ryan Kelly,1610612747,LAL,Los Angeles Lakers,0021501002,2016-03-15,LAL vs. SAC,L,21,0,4,0.0,0,1,0.0,0,0,,0,3,3,0,1,0,0,2,0,10,6.6,1,2015-16
22015,203507,Giannis Antetokounmpo,1610612749,MIL,Milwaukee Bucks,0021501000,2016-03-15,MIL vs. TOR,L,35,6,12,0.5,0,1,0.0,6,11,0.545,2,10,12,9,0,3,1,4,18,-5,53.9,1,2015-16
22015,203898,Tyler Ennis,1610612749,MIL,Milwaukee Bucks,0021501000,2016-03-15,MIL vs. TOR,L,28,4,8,0.5,0,2,0.0,2,3,0.667,1,3,4,3,0,0,1,2,10,-13,18.3,1,2015-16
22015,1626173,Rashad Vaughn,1610612749,MIL,Milwaukee Bucks,0021501000,2016-03-15,MIL vs. TOR,L,13,0,2,0.0,0,2,0.0,0,0,,0,1,1,1,1,0,1,1,0,-8,4.7,1,2015-16
22015,202711,Bojan Bogdanovic,1610612751,BKN,Brooklyn Nets,0021500999,2016-03-15,BKN vs. PHI,W,37,17,27,0.63,4,9,0.444,6,7,0.857,2,6,8,2,0,0,3,2,44,19,53.6,1,2015-16
22015,201943,Brandon Jennings,1610612753,ORL,Orlando Magic,0021500998,2016-03-15,ORL vs. DEN,W,27,3,7,0.429,1,4,0.25,5,6,0.833,1,2,3,11,1,0,1,2,12,14,34.1,1,2015-16
22015,1626167,Myles Turner,1610612754,IND,Indiana Pacers,0021500997,2016-03-15,IND vs. BOS,W,21,3,9,0.333,0,1,0.0,0,0,,0,3,3,1,1,1,1,3,6,-13,16.1,1,2015-16
22015,1626202,Joe Young,1610612754,IND,Indiana Pacers,0021500997,2016-03-15,IND vs. BOS,W,9,2,4,0.5,1,1,1.0,0,0,,0,3,3,1,0,0,0,0,5,2,10.1,1,2015-16
22015,204456,T.J. McConnell,1610612755,PHI,Philadelphia 76ers,0021500999,2016-03-15,PHI @ BKN,L,20,4,7,0.571,0,1,0.0,0,0,,1,3,4,5,2,0,3,1,8,8,23.3,1,2015-16
22015,200765,Rajon Rondo,1610612758,SAC,Sacramento Kings,0021501002,2016-03-15,SAC @ LAL,W,37,2,8,0.25,1,5,0.2,4,4,1.0,1,5,6,12,4,0,6,3,9,13,40.2,1,2015-16
22015,201954,Darren Collison,1610612758,SAC,Sacramento Kings,0021501002,2016-03-15,SAC @ LAL,W,41,10,14,0.714,1,2,0.5,1,2,0.5,0,1,1,6,1,0,5,3,22,16,30.2,1,2015-16
22015,1495,Tim Duncan,1610612759,SAS,San Antonio Spurs,0021501001,2016-03-15,SAS vs. LAC,W,22,3,5,0.6,0,0,,0,0,,4,3,7,2,0,0,0,2,6,0,17.4,1,2015-16
22015,202687,Bismack Biyombo,1610612761,TOR,Toronto Raptors,0021501000,2016-03-15,TOR @ MIL,W,25,6,7,0.857,0,0,,0,0,,2,11,13,1,0,2,0,2,12,13,35.1,1,2015-16
22015,202709,Cory Joseph,1610612761,TOR,Toronto Raptors,0021501000,2016-03-15,TOR @ MIL,W,25,3,8,0.375,0,0,,0,0,,3,1,4,6,1,0,1,1,6,9,21.8,1,2015-16
22015,202323,Evan Turner,1610612738,BOS,Boston Celtics,0021500997,2016-03-15,BOS @ IND,L,27,2,7,0.286,0,0,,2,2,1.0,2,3,5,5,0,0,1,3,6,-8,18.5,1,2015-16
22015,202738,Isaiah Thomas,1610612738,BOS,Boston Celtics,0021500997,2016-03-15,BOS @ IND,L,35,5,18,0.278,3,11,0.273,8,8,1.0,2,4,6,8,2,1,3,4,21,4,46.2,1,2015-16
22015,203935,Marcus Smart,1610612738,BOS,Boston Celtics,0021500997,2016-03-15,BOS @ IND,L,32,4,12,0.333,1,8,0.125,3,4,0.75,2,2,4,2,1,1,3,2,12,0,22.8,1,2015-16
22015,201589,Darrell Arthur,1610612743,DEN,Denver Nuggets,0021500998,2016-03-15,DEN @ ORL,L,28,6,11,0.545,1,4,0.25,0,0,,0,4,4,2,1,0,0,4,13,0,23.8,1,2015-16
22015,202702,Kenneth Faried,1610612743,DEN,Denver Nuggets,0021500998,2016-03-15,DEN @ ORL,L,15,3,5,0.6,0,0,,1,2,0.5,1,4,5,1,0,0,2,2,7,-11,12.5,1,2015-16
22015,1626253,Axel Toupane,1610612743,DEN,Denver Nuggets,0021500998,2016-03-15,DEN @ ORL,L,13,1,4,0.25,1,2,0.5,0,0,,0,1,1,0,0,0,0,0,3,-3,4.2,1,2015-16
22015,203085,Austin Rivers,1610612746,LAC,LA Clippers,0021501001,2016-03-15,LAC @ SAS,L,18,1,5,0.2,1,1,1.0,1,2,0.5,0,0,0,1,0,0,2,1,4,-18,3.5,1,2015-16
22015,203903,Jordan Clarkson,1610612747,LAL,Los Angeles Lakers,0021501002,2016-03-15,LAL vs. SAC,L,26,5,16,0.313,2,8,0.25,0,0,,0,1,1,1,1,0,2,1,12,-16,15.7,1,2015-16
22015,1626204,Larry Nance Jr.,1610612747,LAL,Los Angeles Lakers,0021501002,2016-03-15,LAL vs. SAC,L,25,6,7,0.857,0,1,0.0,0,0,,0,9,9,1,1,0,2,0,12,17,25.3,1,2015-16
22015,1626273,Marcelo Huertas,1610612747,LAL,Los Angeles Lakers,0021501002,2016-03-15,LAL vs. SAC,L,20,4,10,0.4,0,2,0.0,0,0,,1,4,5,6,0,1,5,0,8,2,21.0,1,2015-16
22015,202328,Greg Monroe,1610612749,MIL,Milwaukee Bucks,0021501000,2016-03-15,MIL vs. TOR,L,29,4,8,0.5,0,0,,0,1,0.0,2,7,9,0,0,0,0,1,8,-10,18.8,1,2015-16
22015,203114,Khris Middleton,1610612749,MIL,Milwaukee Bucks,0021501000,2016-03-15,MIL vs. TOR,L,31,5,10,0.5,0,2,0.0,2,2,1.0,1,0,1,3,3,0,1,2,12,-4,25.7,1,2015-16
22015,203953,Jabari Parker,1610612749,MIL,Milwaukee Bucks,0021501000,2016-03-15,MIL vs. TOR,L,37,7,16,0.438,1,2,0.5,3,3,1.0,0,4,4,2,0,0,0,2,18,-22,25.8,1,2015-16
22015,203996,Damien Inglis,1610612749,MIL,Milwaukee Bucks,0021501000,2016-03-15,MIL vs. TOR,L,4,0,1,0.0,0,1,0.0,0,0,,0,0,0,0,1,0,1,0,0,0,2.0,1,2015-16
22015,201152,Thaddeus Young,1610612751,BKN,Brooklyn Nets,0021500999,2016-03-15,BKN vs. PHI,W,33,5,9,0.556,0,0,,4,4,1.0,4,12,16,4,2,3,0,6,14,21,54.2,1,2015-16
22015,203080,Thomas Robinson,1610612751,BKN,Brooklyn Nets,0021500999,2016-03-15,BKN vs. PHI,W,9,0,1,0.0,0,0,,0,0,,1,0,1,0,0,0,2,3,0,-6,-0.8,1,2015-16
22015,101141,Ersan Ilyasova,1610612753,ORL,Orlando Magic,0021500998,2016-03-15,ORL vs. DEN,W,21,2,2,1.0,0,0,,2,3,0.667,0,4,4,1,1,0,1,1,6,-8,14.3,1,2015-16
22015,203506,Victor Oladipo,1610612753,ORL,Orlando Magic,0021500998,2016-03-15,ORL vs. DEN,W,39,9,16,0.563,0,3,0.0,5,6,0.833,0,4,4,6,1,2,1,4,23,11,44.8,1,2015-16
22015,101133,Ian Mahinmi,1610612754,IND,Indiana Pacers,0021500997,2016-03-15,IND vs. BOS,W,25,5,10,0.5,0,0,,3,4,0.75,2,4,6,1,0,0,0,0,13,-10,21.7,1,2015-16
22015,201588,George Hill,1610612754,IND,Indiana Pacers,0021500997,2016-03-15,IND vs. BOS,W,30,2,9,0.222,0,2,0.0,6,8,0.75,1,4,5,3,0,1,2,4,10,-1,21.5,1,2015-16
22015,201171,Carl Landry,1610612755,PHI,Philadelphia 76ers,0021500999,2016-03-15,PHI @ BKN,L,26,3,7,0.429,0,1,0.0,4,6,0.667,2,6,8,4,1,1,0,3,10,-5,31.6,1,2015-16
22015,201956,Omri Casspi,1610612758,SAC,Sacramento Kings,0021501002,2016-03-15,SAC @ LAL,W,20,4,11,0.364,0,3,0.0,1,3,0.333,0,4,4,1,4,1,0,1,9,-10,30.3,1,2015-16
22015,202326,DeMarcus Cousins,1610612758,SAC,Sacramento Kings,0021501002,2016-03-15,SAC @ LAL,W,36,4,10,0.4,1,1,1.0,13,15,0.867,0,8,8,3,3,4,3,2,22,11,54.1,1,2015-16
22015,203552,Seth Curry,1610612758,SAC,Sacramento Kings,0021501002,2016-03-15,SAC @ LAL,W,6,0,2,0.0,0,2,0.0,0,0,,0,0,0,0,0,1,0,1,0,-5,3.0,1,2015-16
22015,2564,Boris Diaw,1610612759,SAS,San Antonio Spurs,0021501001,2016-03-15,SAS vs. LAC,W,13,0,1,0.0,0,0,,0,0,,1,1,2,0,0,0,1,0,0,10,1.4,1,2015-16
22015,2755,Kevin Martin,1610612759,SAS,San Antonio Spurs,0021501001,2016-03-15,SAS vs. LAC,W,12,2,5,0.4,0,1,0.0,2,2,1.0,0,1,1,0,0,0,1,1,6,10,6.2,1,2015-16
22015,202695,Kawhi Leonard,1610612759,SAS,San Antonio Spurs,0021501001,2016-03-15,SAS vs. LAC,W,34,9,15,0.6,0,3,0.0,2,2,1.0,0,5,5,4,3,0,3,2,20,8,38.0,1,2015-16
22015,203937,Kyle Anderson,1610612759,SAS,San Antonio Spurs,0021501001,2016-03-15,SAS vs. LAC,W,14,3,6,0.5,0,0,,0,0,,1,3,4,0,0,2,0,2,6,14,16.8,1,2015-16
22015,200768,Kyle Lowry,1610612761,TOR,Toronto Raptors,0021501000,2016-03-15,TOR @ MIL,W,28,5,9,0.556,4,6,0.667,11,13,0.846,1,3,4,11,0,0,2,1,25,21,44.3,1,2015-16
22015,202335,Patrick Patterson,1610612761,TOR,Toronto Raptors,0021501000,2016-03-15,TOR @ MIL,W,20,6,11,0.545,2,4,0.5,0,0,,2,4,6,2,1,2,1,3,14,6,32.2,1,2015-16
22015,203082,Terrence Ross,1610612761,TOR,Toronto Raptors,0021501000,2016-03-15,TOR @ MIL,W,30,4,12,0.333,3,9,0.333,0,0,,1,2,3,1,0,1,1,2,11,11,18.1,1,2015-16
22015,101161,Amir Johnson,1610612738,BOS,Boston Celtics,0021500997,2016-03-15,BOS @ IND,L,23,4,6,0.667,0,0,,0,0,,3,6,9,0,0,0,1,2,8,7,17.8,1,2015-16
22015,202340,Avery Bradley,1610612738,BOS,Boston Celtics,0021500997,2016-03-15,BOS @ IND,L,39,5,13,0.385,0,2,0.0,0,0,,0,3,3,2,1,0,2,4,10,-2,17.6,1,2015-16
22015,203530,Joffrey Lauvergne,1610612743,DEN,Denver Nuggets,0021500998,2016-03-15,DEN @ ORL,L,23,6,9,0.667,0,1,0.0,0,0,,1,7,8,1,0,0,0,2,12,-1,23.1,1,2015-16
22015,201601,Luc Mbah a Moute,1610612746,LAC,LA Clippers,0021501001,2016-03-15,LAC @ SAS,L,23,0,1,0.0,0,0,,0,4,0.0,0,1,1,0,1,1,0,3,0,-3,7.2,1,2015-16
22015,202332,Cole Aldrich,1610612746,LAC,LA Clippers,0021501001,2016-03-15,LAC @ SAS,L,14,3,4,0.75,0,0,,1,1,1.0,1,3,4,0,1,0,1,3,7,-18,13.8,1,2015-16
22015,203143,Pablo Prigioni,1610612746,LAC,LA Clippers,0021501001,2016-03-15,LAC @ SAS,L,13,1,2,0.5,1,1,1.0,0,0,,0,0,0,1,0,0,0,0,3,-20,4.5,1,2015-16
22015,203135,Robert Sacre,1610612747,LAL,Los Angeles Lakers,0021501002,2016-03-15,LAL vs. SAC,L,22,5,5,1.0,0,0,,0,0,,1,4,5,2,0,0,0,3,10,14,19.0,1,2015-16
22015,1626156,D'Angelo Russell,1610612747,LAL,Los Angeles Lakers,0021501002,2016-03-15,LAL vs. SAC,L,25,4,9,0.444,1,5,0.2,5,7,0.714,0,3,3,3,4,0,5,2,14,-17,29.1,1,2015-16
22015,203948,Johnny O'Bryant III,1610612749,MIL,Milwaukee Bucks,0021501000,2016-03-15,MIL vs. TOR,L,15,1,3,0.333,0,0,,0,0,,1,1,2,0,1,0,0,0,2,-9,7.4,1,2015-16
22015,201160,Jason Smith,1610612753,ORL,Orlando Magic,0021500998,2016-03-15,ORL vs. DEN,W,28,10,15,0.667,0,0,,5,6,0.833,4,9,13,1,0,0,1,5,25,-11,41.1,1,2015-16
22015,203095,Evan Fournier,1610612753,ORL,Orlando Magic,0021500998,2016-03-15,ORL vs. DEN,W,42,11,19,0.579,5,9,0.556,3,4,0.75,0,3,3,3,1,0,3,2,30,6,38.1,1,2015-16
22015,203473,Dewayne Dedmon,1610612753,ORL,Orlando Magic,0021500998,2016-03-15,ORL vs. DEN,W,20,0,2,0.0,0,0,,0,0,,0,2,2,0,1,0,1,2,0,17,4.4,1,2015-16
22015,201155,Rodney Stuckey,1610612754,IND,Indiana Pacers,0021500997,2016-03-15,IND vs. BOS,W,19,3,6,0.5,0,0,,1,2,0.5,1,0,1,1,1,0,1,0,7,5,11.7,1,2015-16
22015,201941,Jordan Hill,1610612754,IND,Indiana Pacers,0021500997,2016-03-15,IND vs. BOS,W,23,7,13,0.538,0,0,,1,2,0.5,1,2,3,0,0,1,0,2,15,17,21.6,1,2015-16
22015,203457,Nerlens Noel,1610612755,PHI,Philadelphia 76ers,0021500999,2016-03-15,PHI @ BKN,L,29,8,16,0.5,0,0,,2,4,0.5,3,3,6,2,1,1,5,5,18,-19,29.2,1,2015-16
22015,1889,Andre Miller,1610612759,SAS,San Antonio Spurs,0021501001,2016-03-15,SAS vs. LAC,W,4,0,0,,0,0,,0,0,,0,2,2,1,0,0,0,0,0,1,3.9,1,2015-16
22015,200746,LaMarcus Aldridge,1610612759,SAS,San Antonio Spurs,0021501001,2016-03-15,SAS vs. LAC,W,29,7,16,0.438,0,1,0.0,3,4,0.75,1,5,6,2,2,0,0,1,17,-2,33.2,1,2015-16
22015,201988,Patty Mills,1610612759,SAS,San Antonio Spurs,0021501001,2016-03-15,SAS vs. LAC,W,23,6,9,0.667,2,4,0.5,1,2,0.5,0,5,5,6,0,0,0,2,15,14,30.0,1,2015-16
22015,201949,James Johnson,1610612761,TOR,Toronto Raptors,0021501000,2016-03-15,TOR @ MIL,W,24,5,10,0.5,1,2,0.5,0,0,,2,0,2,2,0,0,0,3,11,1,16.4,1,2015-16
22015,203512,Lucas Nogueira,1610612761,TOR,Toronto Raptors,0021501000,2016-03-15,TOR @ MIL,W,4,0,0,,0,0,,0,0,,0,0,0,0,0,0,1,0,0,0,-1.0,1,2015-16
22015,1626153,Delon Wright,1610612761,TOR,Toronto Raptors,0021501000,2016-03-15,TOR @ MIL,W,3,0,1,0.0,0,0,,2,2,1.0,0,1,1,0,0,0,1,0,2,2,2.2,1,2015-16
22015,1626181,Norman Powell,1610612761,TOR,Toronto Raptors,0021501000,2016-03-15,TOR @ MIL,W,35,6,15,0.4,3,7,0.429,2,2,1.0,0,3,3,2,1,2,0,3,17,10,32.6,1,2015-16
22015,1626179,Terry Rozier,1610612738,BOS,Boston Celtics,0021500997,2016-03-15,BOS @ IND,L,12,1,3,0.333,0,1,0.0,0,0,,1,1,2,1,0,1,0,0,2,-9,8.9,1,2015-16
22015,1626262,Coty Clarke,1610612738,BOS,Boston Celtics,0021500997,2016-03-15,BOS @ IND,L,3,1,3,0.333,1,1,1.0,0,0,,0,1,1,0,0,0,0,0,3,-1,4.2,1,2015-16
22015,203101,Miles Plumlee,1610612749,MIL,Milwaukee Bucks,0021501000,2016-03-15,MIL vs. TOR,L,14,2,5,0.4,0,0,,2,2,1.0,2,1,3,0,0,0,1,0,6,-11,8.6,1,2015-16
22015,203930,Sean Kilpatrick,1610612751,BKN,Brooklyn Nets,0021500999,2016-03-15,BKN vs. PHI,W,23,6,9,0.667,3,4,0.75,4,4,1.0,1,2,3,2,0,0,1,0,19,-4,24.6,1,2015-16
22015,2449,Luis Scola,1610612761,TOR,Toronto Raptors,0021501000,2016-03-15,TOR @ MIL,W,25,3,7,0.429,1,2,0.5,0,0,,0,6,6,2,0,0,1,3,7,12,16.2,1,2015-16
22015,200794,Paul Millsap,1610612737,ATL,Atlanta Hawks,0021501007,2016-03-16,ATL @ DET,W,34,6,15,0.4,0,2,0.0,1,3,0.333,3,7,10,1,4,1,1,2,13,1,40.5,1,2015-16
22015,101161,Amir Johnson,1610612738,BOS,Boston Celtics,0021501003,2016-03-16,BOS vs. OKC,L,25,5,7,0.714,0,0,,1,1,1.0,5,7,12,5,0,1,1,2,11,-10,34.9,1,2015-16
22015,203482,Kelly Olynyk,1610612738,BOS,Boston Celtics,0021501003,2016-03-16,BOS vs. OKC,L,22,1,7,0.143,0,2,0.0,6,7,0.857,1,3,4,1,0,0,1,1,8,-22,13.3,1,2015-16
22015,1626179,Terry Rozier,1610612738,BOS,Boston Celtics,0021501003,2016-03-16,BOS vs. OKC,L,15,1,3,0.333,1,1,1.0,2,2,1.0,1,0,1,3,0,0,0,1,5,4,10.7,1,2015-16
22015,202697,Iman Shumpert,1610612739,CLE,Cleveland Cavaliers,0021501005,2016-03-16,CLE vs. DAL,W,32,1,2,0.5,0,0,,0,0,,2,2,4,5,3,1,2,3,2,-5,24.3,1,2015-16
22015,2570,Kendrick Perkins,1610612740,NOP,New Orleans Pelicans,0021501010,2016-03-16,NOP @ SAC,W,19,2,4,0.5,0,0,,0,0,,0,6,6,0,0,0,1,0,4,15,10.2,1,2015-16
22015,201600,Omer Asik,1610612740,NOP,New Orleans Pelicans,0021501010,2016-03-16,NOP @ SAC,W,21,2,3,0.667,0,0,,1,2,0.5,1,3,4,1,1,0,0,1,5,-1,14.3,1,2015-16
22015,203111,Orlando Johnson,1610612740,NOP,New Orleans Pelicans,0021501010,2016-03-16,NOP @ SAC,W,2,0,0,,0,0,,0,0,,0,1,1,0,0,0,1,1,0,-3,0.2,1,2015-16
22015,201565,Derrick Rose,1610612741,CHI,Chicago Bulls,0021501006,2016-03-16,CHI @ WAS,L,29,7,19,0.368,0,1,0.0,2,2,1.0,0,3,3,4,2,0,4,0,16,-5,27.6,1,2015-16
22015,201959,Taj Gibson,1610612741,CHI,Chicago Bulls,0021501006,2016-03-16,CHI @ WAS,L,7,1,4,0.25,0,0,,1,1,1.0,1,4,5,1,1,0,2,2,3,-18,11.5,1,2015-16
22015,203503,Tony Snell,1610612741,CHI,Chicago Bulls,0021501006,2016-03-16,CHI @ WAS,L,2,0,0,,0,0,,0,0,,0,0,0,0,0,0,0,0,0,-3,0.0,1,2015-16
22015,1626245,Cristiano Felicio,1610612741,CHI,Chicago Bulls,0021501006,2016-03-16,CHI @ WAS,L,17,1,4,0.25,0,0,,0,0,,3,3,6,1,1,0,0,1,2,-7,13.7,1,2015-16
22015,2734,Devin Harris,1610612742,DAL,Dallas Mavericks,0021501005,2016-03-16,DAL @ CLE,L,28,2,6,0.333,2,3,0.667,0,0,,0,6,6,0,1,2,1,3,6,-1,21.2,1,2015-16
22015,101114,Deron Williams,1610612742,DAL,Dallas Mavericks,0021501005,2016-03-16,DAL @ CLE,L,25,1,5,0.2,1,2,0.5,1,2,0.5,0,1,1,5,1,1,2,2,4,-2,16.7,1,2015-16
22015,101135,David Lee,1610612742,DAL,Dallas Mavericks,0021501005,2016-03-16,DAL @ CLE,L,22,8,11,0.727,0,0,,4,4,1.0,1,2,3,1,0,0,0,2,20,2,25.1,1,2015-16
22015,2733,Shaun Livingston,1610612744,GSW,Golden State Warriors,0021501011,2016-03-16,GSW vs. NYK,W,16,1,2,0.5,0,0,,0,0,,1,3,4,4,0,0,0,1,2,22,12.8,1,2015-16
22015,203949,James Michael McAdoo,1610612744,GSW,Golden State Warriors,0021501011,2016-03-16,GSW vs. NYK,W,8,3,4,0.75,1,1,1.0,0,0,,0,1,1,1,1,0,1,2,7,4,11.7,1,2015-16
22015,2730,Dwight Howard,1610612745,HOU,Houston Rockets,0021501009,2016-03-16,HOU vs. LAC,L,33,2,4,0.5,0,0,,2,4,0.5,2,5,7,1,0,0,3,4,6,-20,12.9,1,2015-16
22015,201147,Corey Brewer,1610612745,HOU,Houston Rockets,0021501009,2016-03-16,HOU vs. LAC,L,22,2,6,0.333,0,2,0.0,2,2,1.0,0,4,4,2,0,0,2,4,6,-2,11.8,1,2015-16
22015,203909,KJ McDaniels,1610612745,HOU,Houston Rockets,0021501009,2016-03-16,HOU vs. LAC,L,6,0,1,0.0,0,1,0.0,0,0,,0,0,0,0,0,0,1,2,0,-3,-1.0,1,2015-16
22015,203991,Clint Capela,1610612745,HOU,Houston Rockets,0021501009,2016-03-16,HOU vs. LAC,L,7,1,1,1.0,0,0,,1,2,0.5,3,0,3,0,0,0,1,0,3,3,5.6,1,2015-16
22015,201599,DeAndre Jordan,1610612746,LAC,LA Clippers,0021501009,2016-03-16,LAC @ HOU,W,37,8,8,1.0,0,0,,7,13,0.538,3,13,16,1,1,2,1,2,23,12,51.7,1,2015-16
22015,202325,Wesley Johnson,1610612746,LAC,LA Clippers,0021501009,2016-03-16,LAC @ HOU,W,16,5,5,1.0,2,2,1.0,0,0,,0,3,3,0,1,0,0,1,12,4,18.6,1,2015-16
22015,2419,Tayshaun Prince,1610612750,MIN,Minnesota Timberwolves,0021501008,2016-03-16,MIN @ MEM,W,22,2,4,0.5,0,0,,2,2,1.0,1,2,3,2,1,0,0,1,6,-10,15.6,1,2015-16
22015,202962,Greg Smith,1610612750,MIN,Minnesota Timberwolves,0021501008,2016-03-16,MIN @ MEM,W,13,2,4,0.5,0,0,,0,0,,0,2,2,0,0,0,0,3,4,3,6.4,1,2015-16
22015,203498,Shabazz Muhammad,1610612750,MIN,Minnesota Timberwolves,0021501008,2016-03-16,MIN @ MEM,W,15,1,5,0.2,0,2,0.0,0,2,0.0,2,1,3,0,0,0,1,1,2,2,4.6,1,2015-16
22015,201228,C.J. Watson,1610612753,ORL,Orlando Magic,0021501004,2016-03-16,ORL @ CHA,L,26,1,3,0.333,1,1,1.0,4,4,1.0,0,3,3,7,0,0,0,3,7,-7,21.1,1,2015-16
22015,201943,Brandon Jennings,1610612753,ORL,Orlando Magic,0021501004,2016-03-16,ORL @ CHA,L,24,5,11,0.455,3,7,0.429,3,3,1.0,1,7,8,4,0,0,2,3,16,-9,29.6,1,2015-16
22015,200752,Rudy Gay,1610612758,SAC,Sacramento Kings,0021501010,2016-03-16,SAC vs. NOP,L,32,4,11,0.364,0,0,,4,5,0.8,2,3,5,3,1,0,2,2,12,-21,23.5,1,2015-16
22015,201954,Darren Collison,1610612758,SAC,Sacramento Kings,0021501010,2016-03-16,SAC vs. NOP,L,27,8,15,0.533,3,3,1.0,4,4,1.0,0,1,1,4,0,0,0,4,23,-13,30.2,1,2015-16
22015,200797,Ryan Hollins,1610612763,MEM,Memphis Grizzlies,0021501008,2016-03-16,MEM vs. MIN,L,24,6,8,0.75,0,0,,0,0,,5,0,5,1,1,2,1,2,12,-10,27.5,1,2015-16
22015,1626185,Jarell Martin,1610612763,MEM,Memphis Grizzlies,0021501008,2016-03-16,MEM vs. MIN,L,24,5,9,0.556,0,1,0.0,2,3,0.667,3,5,8,1,0,1,0,1,12,-2,26.1,1,2015-16
22015,201581,JJ Hickson,1610612764,WAS,Washington Wizards,0021501006,2016-03-16,WAS vs. CHI,W,6,0,3,0.0,0,0,,2,2,1.0,0,0,0,1,1,0,0,0,2,3,6.5,1,2015-16
22015,1626162,Kelly Oubre Jr.,1610612764,WAS,Washington Wizards,0021501006,2016-03-16,WAS vs. CHI,W,2,0,0,,0,0,,0,0,,0,0,0,0,1,0,1,1,0,0,2.0,1,2015-16
22015,201229,Anthony Tolliver,1610612765,DET,Detroit Pistons,0021501007,2016-03-16,DET vs. ATL,L,14,1,2,0.5,1,2,0.5,0,0,,0,0,0,0,0,0,0,2,3,-4,3.0,1,2015-16
22015,202694,Marcus Morris Sr.,1610612765,DET,Detroit Pistons,0021501007,2016-03-16,DET vs. ATL,L,37,5,10,0.5,1,2,0.5,3,3,1.0,1,3,4,2,1,0,2,5,14,-7,22.8,1,2015-16
22015,2744,Al Jefferson,1610612766,CHA,Charlotte Hornets,0021501004,2016-03-16,CHA vs. ORL,W,19,3,12,0.25,0,0,,1,2,0.5,3,5,8,3,0,0,0,1,7,-6,21.1,1,2015-16
22015,201143,Al Horford,1610612737,ATL,Atlanta Hawks,0021501007,2016-03-16,ATL @ DET,W,35,9,15,0.6,2,5,0.4,1,2,0.5,2,9,11,4,0,1,0,2,21,24,43.2,1,2015-16
22015,203118,Mike Scott,1610612737,ATL,Atlanta Hawks,0021501007,2016-03-16,ATL @ DET,W,15,2,6,0.333,0,2,0.0,0,0,,0,2,2,3,0,1,0,2,4,-4,13.9,1,2015-16
22015,1626154,RJ Hunter,1610612738,BOS,Boston Celtics,0021501003,2016-03-16,BOS vs. OKC,L,11,1,3,0.333,1,3,0.333,0,0,,0,2,2,1,1,0,0,0,3,8,9.9,1,2015-16
22015,1626175,Jordan Mickey,1610612738,BOS,Boston Celtics,0021501003,2016-03-16,BOS vs. OKC,L,9,2,3,0.667,0,0,,1,1,1.0,1,1,2,0,0,1,0,0,5,7,10.4,1,2015-16
22015,202684,Tristan Thompson,1610612739,CLE,Cleveland Cavaliers,0021501005,2016-03-16,CLE vs. DAL,W,37,0,2,0.0,0,0,,0,0,,4,4,8,2,0,0,1,5,0,-17,11.6,1,2015-16
22015,203521,Matthew Dellavedova,1610612739,CLE,Cleveland Cavaliers,0021501005,2016-03-16,CLE vs. DAL,W,23,4,8,0.5,0,4,0.0,0,1,0.0,0,1,1,7,1,0,3,0,8,5,19.7,1,2015-16
22015,2399,Mike Dunleavy,1610612741,CHI,Chicago Bulls,0021501006,2016-03-16,CHI @ WAS,L,18,0,4,0.0,0,3,0.0,0,0,,0,2,2,0,0,1,1,3,0,-16,4.4,1,2015-16
22015,202703,Nikola Mirotic,1610612741,CHI,Chicago Bulls,0021501006,2016-03-16,CHI @ WAS,L,24,3,6,0.5,1,3,0.333,0,0,,0,1,1,1,0,0,1,1,7,-16,8.7,1,2015-16
22015,203200,Justin Holiday,1610612741,CHI,Chicago Bulls,0021501006,2016-03-16,CHI @ WAS,L,30,6,10,0.6,1,2,0.5,0,0,,1,5,6,1,0,1,3,3,13,-3,21.7,1,2015-16
22015,203926,Doug McDermott,1610612741,CHI,Chicago Bulls,0021501006,2016-03-16,CHI @ WAS,L,31,6,10,0.6,3,6,0.5,5,5,1.0,0,1,1,2,1,0,0,2,20,-9,27.2,1,2015-16
22015,2585,Zaza Pachulia,1610612742,DAL,Dallas Mavericks,0021501005,2016-03-16,DAL @ CLE,L,13,3,6,0.5,0,0,,2,2,1.0,0,4,4,0,1,0,0,1,8,10,15.8,1,2015-16
22015,203939,Dwight Powell,1610612742,DAL,Dallas Mavericks,0021501005,2016-03-16,DAL @ CLE,L,3,1,1,1.0,0,0,,0,0,,0,0,0,0,0,0,0,2,2,-5,2.0,1,2015-16
22015,201575,Brandon Rush,1610612744,GSW,Golden State Warriors,0021501011,2016-03-16,GSW vs. NYK,W,20,3,8,0.375,1,4,0.25,0,0,,0,4,4,0,1,1,1,0,7,2,16.8,1,2015-16
22015,201578,Marreese Speights,1610612744,GSW,Golden State Warriors,0021501011,2016-03-16,GSW vs. NYK,W,16,4,8,0.5,3,5,0.6,2,2,1.0,1,2,3,2,0,1,2,1,13,19,20.6,1,2015-16
22015,201939,Stephen Curry,1610612744,GSW,Golden State Warriors,0021501011,2016-03-16,GSW vs. NYK,W,28,12,20,0.6,8,13,0.615,2,2,1.0,0,6,6,4,0,0,2,2,34,31,45.2,1,2015-16
22015,202691,Klay Thompson,1610612744,GSW,Golden State Warriors,0021501011,2016-03-16,GSW vs. NYK,W,26,7,17,0.412,5,9,0.556,0,0,,3,4,7,0,0,1,1,0,19,11,29.4,1,2015-16
22015,203084,Harrison Barnes,1610612744,GSW,Golden State Warriors,0021501011,2016-03-16,GSW vs. NYK,W,32,2,7,0.286,0,2,0.0,4,4,1.0,3,3,6,1,0,0,1,1,8,19,15.7,1,2015-16
22015,203110,Draymond Green,1610612744,GSW,Golden State Warriors,0021501011,2016-03-16,GSW vs. NYK,W,29,3,8,0.375,0,2,0.0,0,0,,1,10,11,10,0,2,1,2,6,31,39.2,1,2015-16
22015,1891,Jason Terry,1610612745,HOU,Houston Rockets,0021501009,2016-03-16,HOU vs. LAC,L,26,5,10,0.5,1,5,0.2,0,0,,0,2,2,3,1,0,0,2,11,4,20.9,1,2015-16
22015,1626145,Tyus Jones,1610612750,MIN,Minnesota Timberwolves,0021501008,2016-03-16,MIN @ MEM,W,19,3,4,0.75,0,1,0.0,4,6,0.667,0,0,0,5,1,2,2,0,10,10,24.5,1,2015-16
22015,1626157,Karl-Anthony Towns,1610612750,MIN,Minnesota Timberwolves,0021501008,2016-03-16,MIN @ MEM,W,40,5,8,0.625,0,0,,8,9,0.889,2,8,10,4,2,1,4,3,18,-4,41.0,1,2015-16
22015,200811,Lou Amundson,1610612752,NYK,New York Knicks,0021501011,2016-03-16,NYK @ GSW,L,8,0,2,0.0,0,0,,2,2,1.0,2,0,2,1,0,2,1,1,2,-4,10.9,1,2015-16
22015,201167,Arron Afflalo,1610612752,NYK,New York Knicks,0021501011,2016-03-16,NYK @ GSW,L,35,7,14,0.5,1,2,0.5,0,2,0.0,1,1,2,4,1,0,0,1,15,-24,26.4,1,2015-16
22015,201577,Robin Lopez,1610612752,NYK,New York Knicks,0021501011,2016-03-16,NYK @ GSW,L,14,1,4,0.25,0,0,,0,0,,2,2,4,0,1,0,2,0,2,-19,7.8,1,2015-16
22015,203124,Kyle O'Quinn,1610612752,NYK,New York Knicks,0021501011,2016-03-16,NYK @ GSW,L,6,0,1,0.0,0,0,,0,0,,0,0,0,2,0,0,0,1,0,-12,3.0,1,2015-16
22015,203095,Evan Fournier,1610612753,ORL,Orlando Magic,0021501004,2016-03-16,ORL @ CHA,L,28,4,11,0.364,0,5,0.0,1,2,0.5,0,3,3,1,1,0,1,2,9,-11,16.1,1,2015-16
22015,203506,Victor Oladipo,1610612753,ORL,Orlando Magic,0021501004,2016-03-16,ORL @ CHA,L,42,10,18,0.556,2,4,0.5,3,4,0.75,0,5,5,3,1,3,1,1,25,-3,46.5,1,2015-16
22015,1626209,Mario Hezonja,1610612753,ORL,Orlando Magic,0021501004,2016-03-16,ORL @ CHA,L,30,5,10,0.5,1,3,0.333,0,0,,0,4,4,3,0,1,1,1,11,-1,22.3,1,2015-16
22015,201585,Kosta Koufos,1610612758,SAC,Sacramento Kings,0021501010,2016-03-16,SAC vs. NOP,L,5,1,1,1.0,0,0,,0,0,,0,0,0,0,0,0,1,1,2,-1,1.0,1,2015-16
22015,201956,Omri Casspi,1610612758,SAC,Sacramento Kings,0021501010,2016-03-16,SAC vs. NOP,L,27,5,12,0.417,2,4,0.5,0,0,,0,6,6,1,1,0,1,1,12,-1,22.7,1,2015-16
22015,203552,Seth Curry,1610612758,SAC,Sacramento Kings,0021501010,2016-03-16,SAC vs. NOP,L,34,5,11,0.455,1,4,0.25,0,0,,0,2,2,5,0,0,2,1,11,-12,18.9,1,2015-16
22015,1737,Nazr Mohammed,1610612760,OKC,Oklahoma City Thunder,0021501003,2016-03-16,OKC @ BOS,W,2,1,1,1.0,0,0,,0,0,,0,1,1,0,0,0,0,0,2,4,3.2,1,2015-16
22015,2555,Nick Collison,1610612760,OKC,Oklahoma City Thunder,0021501003,2016-03-16,OKC @ BOS,W,4,0,0,,0,0,,0,0,,2,1,3,2,0,0,0,0,0,6,6.6,1,2015-16
22015,200751,Randy Foye,1610612760,OKC,Oklahoma City Thunder,0021501003,2016-03-16,OKC @ BOS,W,28,4,6,0.667,3,5,0.6,2,2,1.0,0,4,4,0,0,0,1,4,13,-6,16.8,1,2015-16
22015,202683,Enes Freedom,1610612760,OKC,Oklahoma City Thunder,0021501003,2016-03-16,OKC @ BOS,W,26,7,15,0.467,0,1,0.0,3,3,1.0,7,5,12,1,0,1,2,3,17,5,33.9,1,2015-16
22015,202713,Kyle Singler,1610612760,OKC,Oklahoma City Thunder,0021501003,2016-03-16,OKC @ BOS,W,23,4,7,0.571,0,2,0.0,0,0,,0,2,2,1,1,0,1,3,8,-3,13.9,1,2015-16
22015,203460,Andre Roberson,1610612760,OKC,Oklahoma City Thunder,0021501003,2016-03-16,OKC @ BOS,W,18,2,2,1.0,0,0,,0,0,,1,3,4,0,0,1,0,2,4,20,11.8,1,2015-16
22015,2440,Matt Barnes,1610612763,MEM,Memphis Grizzlies,0021501008,2016-03-16,MEM vs. MIN,L,37,6,21,0.286,1,7,0.143,1,3,0.333,6,4,10,3,1,3,3,5,14,-8,39.5,1,2015-16
22015,202362,Lance Stephenson,1610612763,MEM,Memphis Grizzlies,0021501008,2016-03-16,MEM vs. MIN,L,36,8,18,0.444,0,2,0.0,8,9,0.889,4,7,11,7,0,0,1,4,24,11,46.7,1,2015-16
22015,202066,Garrett Temple,1610612764,WAS,Washington Wizards,0021501006,2016-03-16,WAS vs. CHI,W,30,5,8,0.625,5,6,0.833,0,0,,0,6,6,4,1,0,0,1,15,10,31.2,1,2015-16
22015,203490,Otto Porter Jr.,1610612764,WAS,Washington Wizards,0021501006,2016-03-16,WAS vs. CHI,W,36,5,9,0.556,3,4,0.75,1,2,0.5,0,5,5,2,1,2,0,3,14,35,32.0,1,2015-16
22015,203083,Andre Drummond,1610612765,DET,Detroit Pistons,0021501007,2016-03-16,DET vs. ATL,L,34,5,12,0.417,0,0,,8,17,0.471,5,13,18,0,0,1,2,3,18,1,40.6,1,2015-16
22015,203469,Cody Zeller,1610612766,CHA,Charlotte Hornets,0021501004,2016-03-16,CHA vs. ORL,W,29,5,7,0.714,0,0,,3,4,0.75,3,10,13,0,0,1,1,2,13,14,30.6,1,2015-16
22015,2743,Kris Humphries,1610612737,ATL,Atlanta Hawks,0021501007,2016-03-16,ATL @ DET,W,12,3,6,0.5,1,2,0.5,0,0,,2,1,3,0,0,0,1,3,7,-15,9.6,1,2015-16
22015,203145,Kent Bazemore,1610612737,ATL,Atlanta Hawks,0021501007,2016-03-16,ATL @ DET,W,27,5,9,0.556,2,4,0.5,3,4,0.75,0,10,10,0,1,0,1,4,15,1,29.0,1,2015-16
22015,202323,Evan Turner,1610612738,BOS,Boston Celtics,0021501003,2016-03-16,BOS vs. OKC,L,21,2,6,0.333,0,1,0.0,0,0,,0,1,1,1,0,0,0,3,4,-21,6.7,1,2015-16
22015,202340,Avery Bradley,1610612738,BOS,Boston Celtics,0021501003,2016-03-16,BOS vs. OKC,L,26,5,11,0.455,0,1,0.0,4,5,0.8,1,1,2,2,1,0,1,3,14,-19,21.4,1,2015-16
22015,203092,Tyler Zeller,1610612738,BOS,Boston Celtics,0021501003,2016-03-16,BOS vs. OKC,L,18,5,9,0.556,0,0,,6,6,1.0,1,2,3,0,0,2,0,3,16,-3,25.6,1,2015-16
22015,203935,Marcus Smart,1610612738,BOS,Boston Celtics,0021501003,2016-03-16,BOS vs. OKC,L,23,1,10,0.1,0,4,0.0,0,0,,3,4,7,1,1,0,1,3,2,-15,13.9,1,2015-16
22015,2210,Richard Jefferson,1610612739,CLE,Cleveland Cavaliers,0021501005,2016-03-16,CLE vs. DAL,W,18,2,5,0.4,1,4,0.25,1,1,1.0,0,5,5,1,0,0,2,1,6,16,11.5,1,2015-16
22015,201950,Jrue Holiday,1610612740,NOP,New Orleans Pelicans,0021501010,2016-03-16,NOP @ SAC,W,28,7,14,0.5,1,3,0.333,2,2,1.0,0,0,0,4,0,0,3,1,17,6,20.0,1,2015-16
22015,2772,Trevor Ariza,1610612745,HOU,Houston Rockets,0021501009,2016-03-16,HOU vs. LAC,L,36,5,11,0.455,2,5,0.4,4,4,1.0,2,4,6,4,0,1,0,4,16,-11,32.2,1,2015-16
22015,201976,Patrick Beverley,1610612745,HOU,Houston Rockets,0021501009,2016-03-16,HOU vs. LAC,L,26,3,5,0.6,1,1,1.0,0,0,,1,0,1,2,3,0,0,4,7,-24,20.2,1,2015-16
22015,1718,Paul Pierce,1610612746,LAC,LA Clippers,0021501009,2016-03-16,LAC @ HOU,W,18,3,6,0.5,1,1,1.0,0,0,,0,2,2,1,0,0,3,1,7,-2,7.9,1,2015-16
22015,200755,JJ Redick,1610612746,LAC,LA Clippers,0021501009,2016-03-16,LAC @ HOU,W,32,7,15,0.467,5,9,0.556,6,6,1.0,0,0,0,3,1,0,2,3,25,11,30.5,1,2015-16
22015,201145,Jeff Green,1610612746,LAC,LA Clippers,0021501009,2016-03-16,LAC @ HOU,W,16,0,4,0.0,0,1,0.0,0,0,,0,0,0,0,1,1,1,4,0,16,5.0,1,2015-16
22015,203476,Gorgui Dieng,1610612750,MIN,Minnesota Timberwolves,0021501008,2016-03-16,MIN @ MEM,W,32,6,8,0.75,0,0,,3,4,0.75,1,5,6,7,0,3,1,3,15,20,40.7,1,2015-16
22015,204038,Langston Galloway,1610612752,NYK,New York Knicks,0021501011,2016-03-16,NYK @ GSW,L,33,6,13,0.462,2,4,0.5,0,0,,0,3,3,4,1,0,1,2,14,-17,25.6,1,2015-16
22015,2406,Caron Butler,1610612758,SAC,Sacramento Kings,0021501010,2016-03-16,SAC vs. NOP,L,10,1,3,0.333,0,1,0.0,2,2,1.0,1,0,1,2,1,0,0,2,4,10,11.2,1,2015-16
22015,1626161,Willie Cauley-Stein,1610612758,SAC,Sacramento Kings,0021501010,2016-03-16,SAC vs. NOP,L,24,1,5,0.2,0,0,,0,0,,3,4,7,2,0,0,0,1,2,-15,13.4,1,2015-16
22015,201586,Serge Ibaka,1610612760,OKC,Oklahoma City Thunder,0021501003,2016-03-16,OKC @ BOS,W,24,5,11,0.455,2,4,0.5,2,2,1.0,1,1,2,0,2,0,1,2,14,11,21.4,1,2015-16
22015,2754,Tony Allen,1610612763,MEM,Memphis Grizzlies,0021501008,2016-03-16,MEM vs. MIN,L,33,4,9,0.444,0,3,0.0,2,2,1.0,0,3,3,2,0,1,0,2,10,-7,19.6,1,2015-16
22015,203492,Ray McCallum,1610612763,MEM,Memphis Grizzlies,0021501008,2016-03-16,MEM vs. MIN,L,16,2,5,0.4,2,4,0.5,0,0,,0,0,0,1,0,0,1,1,6,-8,6.5,1,2015-16
22015,2403,Nene,1610612764,WAS,Washington Wizards,0021501006,2016-03-16,WAS vs. CHI,W,23,4,7,0.571,0,0,,4,8,0.5,0,4,4,1,1,1,2,2,12,23,22.3,1,2015-16
22015,203078,Bradley Beal,1610612764,WAS,Washington Wizards,0021501006,2016-03-16,WAS vs. CHI,W,31,7,17,0.412,1,3,0.333,5,5,1.0,2,5,7,2,3,0,1,3,20,-2,39.4,1,2015-16
22015,2581,Steve Blake,1610612765,DET,Detroit Pistons,0021501007,2016-03-16,DET vs. ATL,L,18,3,5,0.6,0,2,0.0,0,0,,0,2,2,2,0,0,0,4,6,-5,11.4,1,2015-16
22015,202704,Reggie Jackson,1610612765,DET,Detroit Pistons,0021501007,2016-03-16,DET vs. ATL,L,30,7,17,0.412,0,6,0.0,3,3,1.0,0,0,0,10,0,1,3,5,17,1,32.0,1,2015-16
22015,203382,Aron Baynes,1610612765,DET,Detroit Pistons,0021501007,2016-03-16,DET vs. ATL,L,14,3,6,0.5,0,0,,0,0,,2,3,5,1,1,0,0,1,6,-3,16.5,1,2015-16
22015,1626169,Stanley Johnson,1610612765,DET,Detroit Pistons,0021501007,2016-03-16,DET vs. ATL,L,20,2,5,0.4,1,1,1.0,2,2,1.0,0,4,4,3,0,0,3,0,7,1,13.3,1,2015-16
22015,203584,Troy Daniels,1610612766,CHA,Charlotte Hornets,0021501004,2016-03-16,CHA vs. ORL,W,15,1,6,0.167,0,5,0.0,0,0,,1,3,4,0,0,0,0,0,2,-8,6.8,1,2015-16
22015,200757,Thabo Sefolosha,1610612737,ATL,Atlanta Hawks,0021501007,2016-03-16,ATL @ DET,W,28,2,7,0.286,1,5,0.2,4,5,0.8,1,5,6,0,1,0,1,4,9,-6,18.2,1,2015-16
22015,203471,Dennis Schröder,1610612737,ATL,Atlanta Hawks,0021501007,2016-03-16,ATL @ DET,W,21,6,13,0.462,2,5,0.4,4,4,1.0,0,1,1,7,2,0,4,2,18,3,31.7,1,2015-16
22015,202738,Isaiah Thomas,1610612738,BOS,Boston Celtics,0021501003,2016-03-16,BOS vs. OKC,L,29,11,19,0.579,3,4,0.75,4,5,0.8,0,2,2,1,0,0,3,1,29,-17,29.9,1,2015-16
22015,203096,Jared Sullinger,1610612738,BOS,Boston Celtics,0021501003,2016-03-16,BOS vs. OKC,L,20,6,12,0.5,0,0,,0,0,,2,2,4,0,0,0,1,2,12,-12,15.8,1,2015-16
22015,1626262,Coty Clarke,1610612738,BOS,Boston Celtics,0021501003,2016-03-16,BOS vs. OKC,L,0,0,0,,0,0,,0,0,,0,0,0,0,0,0,1,0,0,0,-1.0,1,2015-16
22015,201567,Kevin Love,1610612739,CLE,Cleveland Cavaliers,0021501005,2016-03-16,CLE vs. DAL,W,34,8,19,0.421,2,6,0.333,5,6,0.833,4,14,18,1,0,2,2,3,23,16,50.1,1,2015-16
22015,201583,Ryan Anderson,1610612740,NOP,New Orleans Pelicans,0021501010,2016-03-16,NOP @ SAC,W,28,11,21,0.524,5,6,0.833,2,2,1.0,2,3,5,3,0,0,1,2,29,14,38.5,1,2015-16
22015,202087,Alonzo Gee,1610612740,NOP,New Orleans Pelicans,0021501010,2016-03-16,NOP @ SAC,W,24,3,4,0.75,1,1,1.0,0,0,,0,4,4,2,1,1,1,2,7,19,19.8,1,2015-16
22015,204025,Tim Frazier,1610612740,NOP,New Orleans Pelicans,0021501010,2016-03-16,NOP @ SAC,W,27,6,10,0.6,0,2,0.0,2,2,1.0,0,3,3,9,1,0,0,2,14,4,34.1,1,2015-16
22015,201166,Aaron Brooks,1610612741,CHI,Chicago Bulls,0021501006,2016-03-16,CHI @ WAS,L,9,3,6,0.5,1,2,0.5,1,2,0.5,1,0,1,2,1,0,3,1,8,-5,12.2,1,2015-16
22015,202710,Jimmy Butler III,1610612741,CHI,Chicago Bulls,0021501006,2016-03-16,CHI @ WAS,L,29,4,12,0.333,0,2,0.0,9,11,0.818,1,5,6,3,3,0,1,1,17,-26,36.7,1,2015-16
22015,1626171,Bobby Portis,1610612741,CHI,Chicago Bulls,0021501006,2016-03-16,CHI @ WAS,L,25,3,8,0.375,0,1,0.0,2,2,1.0,1,4,5,3,1,1,0,3,8,-1,24.5,1,2015-16
22015,1717,Dirk Nowitzki,1610612742,DAL,Dallas Mavericks,0021501005,2016-03-16,DAL @ CLE,L,35,7,17,0.412,1,6,0.167,5,6,0.833,0,4,4,3,0,3,1,1,20,5,37.3,1,2015-16
22015,101109,Raymond Felton,1610612742,DAL,Dallas Mavericks,0021501005,2016-03-16,DAL @ CLE,L,17,3,6,0.5,0,2,0.0,0,0,,1,0,1,0,0,0,0,1,6,-14,7.2,1,2015-16
22015,200826,J.J. Barea,1610612742,DAL,Dallas Mavericks,0021501005,2016-03-16,DAL @ CLE,L,23,7,10,0.7,3,3,1.0,0,0,,0,3,3,4,0,0,2,3,17,4,24.6,1,2015-16
22015,202083,Wesley Matthews,1610612742,DAL,Dallas Mavericks,0021501005,2016-03-16,DAL @ CLE,L,23,1,4,0.25,0,2,0.0,3,3,1.0,0,3,3,1,0,0,1,1,5,-6,9.1,1,2015-16
22015,2760,Anderson Varejao,1610612744,GSW,Golden State Warriors,0021501011,2016-03-16,GSW vs. NYK,W,10,2,3,0.667,0,0,,0,1,0.0,0,0,0,2,0,2,0,0,4,-2,13.0,1,2015-16
22015,101106,Andrew Bogut,1610612744,GSW,Golden State Warriors,0021501011,2016-03-16,GSW vs. NYK,W,22,5,6,0.833,0,0,,0,0,,3,4,7,4,1,1,2,4,10,19,28.4,1,2015-16
22015,203546,Ian Clark,1610612744,GSW,Golden State Warriors,0021501011,2016-03-16,GSW vs. NYK,W,12,2,3,0.667,0,0,,0,0,,0,1,1,2,1,0,1,0,4,-1,10.2,1,2015-16
22015,201563,Michael Beasley,1610612745,HOU,Houston Rockets,0021501009,2016-03-16,HOU vs. LAC,L,19,7,12,0.583,0,0,,2,4,0.5,3,5,8,1,0,0,0,2,16,-10,27.1,1,2015-16
22015,2037,Jamal Crawford,1610612746,LAC,LA Clippers,0021501009,2016-03-16,LAC @ HOU,W,27,4,9,0.444,2,6,0.333,4,4,1.0,0,1,1,7,1,1,0,1,14,9,31.7,1,2015-16
22015,202332,Cole Aldrich,1610612746,LAC,LA Clippers,0021501009,2016-03-16,LAC @ HOU,W,10,1,1,1.0,0,0,,0,0,,0,0,0,1,1,3,0,3,2,3,15.5,1,2015-16
22015,203085,Austin Rivers,1610612746,LAC,LA Clippers,0021501009,2016-03-16,LAC @ HOU,W,19,4,8,0.5,2,5,0.4,2,2,1.0,0,3,3,1,0,0,0,3,12,4,17.1,1,2015-16
22015,2756,Sasha Vujacic,1610612752,NYK,New York Knicks,0021501011,2016-03-16,NYK @ GSW,L,21,2,8,0.25,0,3,0.0,0,0,,1,3,4,1,1,0,1,0,4,-9,12.3,1,2015-16
22015,202682,Derrick Williams,1610612752,NYK,New York Knicks,0021501011,2016-03-16,NYK @ GSW,L,14,2,3,0.667,1,1,1.0,1,2,0.5,0,2,2,2,0,0,0,0,6,-23,11.4,1,2015-16
22015,1626170,Jerian Grant,1610612752,NYK,New York Knicks,0021501011,2016-03-16,NYK @ GSW,L,19,4,8,0.5,0,3,0.0,0,0,,1,2,3,2,2,0,0,0,8,-8,20.6,1,2015-16
22015,201160,Jason Smith,1610612753,ORL,Orlando Magic,0021501004,2016-03-16,ORL @ CHA,L,19,2,11,0.182,0,0,,4,4,1.0,0,4,4,2,0,2,1,1,8,-13,20.8,1,2015-16
22015,203906,Devyn Marble,1610612753,ORL,Orlando Magic,0021501004,2016-03-16,ORL @ CHA,L,15,3,5,0.6,3,3,1.0,0,0,,0,1,1,0,1,0,0,1,9,14,13.2,1,2015-16
22015,203932,Aaron Gordon,1610612753,ORL,Orlando Magic,0021501004,2016-03-16,ORL @ CHA,L,13,0,3,0.0,0,0,,0,0,,0,2,2,0,0,0,0,2,0,-13,2.4,1,2015-16
22015,202341,James Anderson,1610612758,SAC,Sacramento Kings,0021501010,2016-03-16,SAC vs. NOP,L,34,7,9,0.778,3,4,0.75,0,0,,1,3,4,1,1,0,1,1,17,-15,25.3,1,2015-16
22015,201142,Kevin Durant,1610612760,OKC,Oklahoma City Thunder,0021501003,2016-03-16,OKC @ BOS,W,30,9,19,0.474,2,5,0.4,8,9,0.889,1,6,7,9,0,2,1,3,28,30,54.9,1,2015-16
22015,201566,Russell Westbrook,1610612760,OKC,Oklahoma City Thunder,0021501003,2016-03-16,OKC @ BOS,W,26,8,16,0.5,4,7,0.571,4,8,0.5,1,4,5,5,3,0,2,1,24,15,44.5,1,2015-16
22015,201627,Anthony Morrow,1610612760,OKC,Oklahoma City Thunder,0021501003,2016-03-16,OKC @ BOS,W,7,2,3,0.667,0,1,0.0,0,0,,0,0,0,0,0,0,0,0,4,1,4.0,1,2015-16
22015,203079,Dion Waiters,1610612760,OKC,Oklahoma City Thunder,0021501003,2016-03-16,OKC @ BOS,W,11,1,5,0.2,1,2,0.5,2,2,1.0,1,0,1,0,0,0,0,1,5,4,6.2,1,2015-16
22015,203500,Steven Adams,1610612760,OKC,Oklahoma City Thunder,0021501003,2016-03-16,OKC @ BOS,W,20,2,3,0.667,0,0,,1,2,0.5,2,6,8,1,1,0,0,1,5,12,19.1,1,2015-16
22015,203210,JaMychal Green,1610612763,MEM,Memphis Grizzlies,0021501008,2016-03-16,MEM vs. MIN,L,31,7,17,0.412,1,2,0.5,3,4,0.75,8,2,10,3,0,0,2,2,18,-6,32.5,1,2015-16
22015,1627362,Briante Weber,1610612763,MEM,Memphis Grizzlies,0021501008,2016-03-16,MEM vs. MIN,L,34,6,13,0.462,0,1,0.0,0,0,,1,2,3,4,1,1,2,3,12,0,25.6,1,2015-16
22015,101162,Marcin Gortat,1610612764,WAS,Washington Wizards,0021501006,2016-03-16,WAS vs. CHI,W,18,4,9,0.444,0,0,,1,1,1.0,2,4,6,0,1,1,0,3,9,-5,22.2,1,2015-16
22015,201196,Ramon Sessions,1610612764,WAS,Washington Wizards,0021501006,2016-03-16,WAS vs. CHI,W,18,0,4,0.0,0,0,,0,0,,0,0,0,1,0,0,1,0,0,-9,0.5,1,2015-16
22015,201977,Marcus Thornton,1610612764,WAS,Washington Wizards,0021501006,2016-03-16,WAS vs. CHI,W,7,1,1,1.0,1,1,1.0,0,0,,0,1,1,0,0,1,0,0,3,10,7.2,1,2015-16
22015,202322,John Wall,1610612764,WAS,Washington Wizards,0021501006,2016-03-16,WAS vs. CHI,W,39,11,19,0.579,2,3,0.667,5,6,0.833,1,9,10,12,3,1,8,0,29,38,63.0,1,2015-16
22015,202693,Markieff Morris,1610612764,WAS,Washington Wizards,0021501006,2016-03-16,WAS vs. CHI,W,14,5,8,0.625,1,2,0.5,0,0,,3,3,6,2,0,0,1,5,11,8,20.2,1,2015-16
22015,202699,Tobias Harris,1610612765,DET,Detroit Pistons,0021501007,2016-03-16,DET vs. ATL,L,34,6,12,0.5,2,4,0.5,5,5,1.0,1,10,11,5,0,0,1,3,19,0,38.7,1,2015-16
22015,203484,Kentavious Caldwell-Pope,1610612765,DET,Detroit Pistons,0021501007,2016-03-16,DET vs. ATL,L,39,7,15,0.467,3,8,0.375,7,9,0.778,0,4,4,0,1,2,2,2,24,-4,35.8,1,2015-16
22015,101107,Marvin Williams,1610612766,CHA,Charlotte Hornets,0021501004,2016-03-16,CHA vs. ORL,W,30,10,21,0.476,4,10,0.4,2,2,1.0,4,5,9,2,1,1,0,1,26,14,45.8,1,2015-16
22015,201584,Courtney Lee,1610612766,CHA,Charlotte Hornets,0021501004,2016-03-16,CHA vs. ORL,W,28,2,9,0.222,1,5,0.2,1,1,1.0,0,1,1,5,0,1,2,2,6,20,15.7,1,2015-16
22015,202391,Jeremy Lin,1610612766,CHA,Charlotte Hornets,0021501004,2016-03-16,CHA vs. ORL,W,25,2,7,0.286,0,4,0.0,1,2,0.5,0,2,2,2,0,1,2,2,5,-4,11.4,1,2015-16
22015,2594,Kyle Korver,1610612737,ATL,Atlanta Hawks,0021501007,2016-03-16,ATL @ DET,W,28,1,5,0.2,1,3,0.333,1,1,1.0,0,1,1,1,1,0,0,5,4,19,9.7,1,2015-16
22015,201952,Jeff Teague,1610612737,ATL,Atlanta Hawks,0021501007,2016-03-16,ATL @ DET,W,28,4,10,0.4,2,3,0.667,12,13,0.923,0,2,2,9,1,0,4,1,22,0,36.9,1,2015-16
22015,203923,James Young,1610612738,BOS,Boston Celtics,0021501003,2016-03-16,BOS vs. OKC,L,22,0,3,0.0,0,3,0.0,0,0,,1,1,2,2,1,0,2,3,0,-5,6.4,1,2015-16
22015,101112,Channing Frye,1610612739,CLE,Cleveland Cavaliers,0021501005,2016-03-16,CLE vs. DAL,W,18,5,7,0.714,3,5,0.6,1,1,1.0,1,2,3,0,1,0,1,2,14,1,19.6,1,2015-16
22015,202681,Kyrie Irving,1610612739,CLE,Cleveland Cavaliers,0021501005,2016-03-16,CLE vs. DAL,W,39,13,28,0.464,3,10,0.3,4,4,1.0,1,4,5,1,1,1,4,2,33,5,42.5,1,2015-16
22015,201962,Toney Douglas,1610612740,NOP,New Orleans Pelicans,0021501010,2016-03-16,NOP @ SAC,W,21,4,7,0.571,3,4,0.75,0,0,,1,2,3,3,1,1,0,3,11,11,25.1,1,2015-16
22015,201967,Dante Cunningham,1610612740,NOP,New Orleans Pelicans,0021501010,2016-03-16,NOP @ SAC,W,26,3,6,0.5,0,1,0.0,0,0,,0,1,1,2,0,0,0,0,6,-3,10.2,1,2015-16
22015,202337,Luke Babbitt,1610612740,NOP,New Orleans Pelicans,0021501010,2016-03-16,NOP @ SAC,W,13,1,1,1.0,1,1,1.0,0,0,,0,1,1,0,0,0,0,0,3,11,4.2,1,2015-16
22015,203076,Anthony Davis,1610612740,NOP,New Orleans Pelicans,0021501010,2016-03-16,NOP @ SAC,W,31,10,20,0.5,1,3,0.333,6,8,0.75,3,11,14,2,1,2,1,2,27,2,54.8,1,2015-16
22015,202718,Chandler Parsons,1610612742,DAL,Dallas Mavericks,0021501005,2016-03-16,DAL @ CLE,L,36,3,9,0.333,0,3,0.0,0,0,,1,4,5,10,2,0,3,2,6,-2,30.0,1,2015-16
22015,1626147,Justin Anderson,1610612742,DAL,Dallas Mavericks,0021501005,2016-03-16,DAL @ CLE,L,15,1,4,0.25,0,1,0.0,2,2,1.0,1,1,2,0,1,1,0,0,4,4,12.4,1,2015-16
22015,2571,Leandro Barbosa,1610612744,GSW,Golden State Warriors,0021501011,2016-03-16,GSW vs. NYK,W,22,2,5,0.4,0,1,0.0,3,3,1.0,0,4,4,2,0,0,0,0,7,25,14.8,1,2015-16
22015,201935,James Harden,1610612745,HOU,Houston Rockets,0021501009,2016-03-16,HOU vs. LAC,L,44,11,23,0.478,5,10,0.5,6,8,0.75,0,5,5,8,1,1,8,2,33,-10,49.0,1,2015-16
22015,1626149,Montrezl Harrell,1610612745,HOU,Houston Rockets,0021501009,2016-03-16,HOU vs. LAC,L,14,4,7,0.571,0,0,,0,0,,2,1,3,1,0,1,0,0,8,4,16.1,1,2015-16
22015,101108,Chris Paul,1610612746,LAC,LA Clippers,0021501009,2016-03-16,LAC @ HOU,W,32,5,13,0.385,0,5,0.0,5,6,0.833,1,3,4,16,2,0,3,0,15,9,46.8,1,2015-16
22015,201601,Luc Mbah a Moute,1610612746,LAC,LA Clippers,0021501009,2016-03-16,LAC @ HOU,W,33,6,7,0.857,0,1,0.0,0,1,0.0,3,1,4,1,1,0,0,2,12,14,21.3,1,2015-16
22015,201937,Ricky Rubio,1610612750,MIN,Minnesota Timberwolves,0021501008,2016-03-16,MIN @ MEM,W,28,3,6,0.5,2,3,0.667,7,8,0.875,1,2,3,11,1,0,2,5,15,-4,36.1,1,2015-16
22015,203897,Zach LaVine,1610612750,MIN,Minnesota Timberwolves,0021501008,2016-03-16,MIN @ MEM,W,41,11,19,0.579,6,10,0.6,0,0,,0,3,3,1,0,0,0,1,28,7,33.1,1,2015-16
22015,2546,Carmelo Anthony,1610612752,NYK,New York Knicks,0021501011,2016-03-16,NYK @ GSW,L,30,7,13,0.538,3,4,0.75,1,2,0.5,1,5,6,6,0,0,2,3,18,-20,32.2,1,2015-16
22015,202338,Kevin Seraphin,1610612752,NYK,New York Knicks,0021501011,2016-03-16,NYK @ GSW,L,19,5,10,0.5,0,0,,2,2,1.0,2,1,3,3,0,0,0,0,12,-1,20.1,1,2015-16
22015,203094,Andrew Nicholson,1610612753,ORL,Orlando Magic,0021501004,2016-03-16,ORL @ CHA,L,23,5,10,0.5,1,2,0.5,2,2,1.0,0,7,7,3,1,2,2,5,13,13,32.9,1,2015-16
22015,203473,Dewayne Dedmon,1610612753,ORL,Orlando Magic,0021501004,2016-03-16,ORL @ CHA,L,19,0,1,0.0,0,0,,1,2,0.5,1,2,3,0,0,1,0,1,1,-10,7.6,1,2015-16
22015,202326,DeMarcus Cousins,1610612758,SAC,Sacramento Kings,0021501010,2016-03-16,SAC vs. NOP,L,34,8,21,0.381,0,2,0.0,4,4,1.0,1,11,12,5,2,2,4,2,20,-17,49.9,1,2015-16
22015,203112,Quincy Acy,1610612758,SAC,Sacramento Kings,0021501010,2016-03-16,SAC vs. NOP,L,14,2,2,1.0,0,0,,1,2,0.5,0,1,1,0,1,0,0,3,5,10,9.2,1,2015-16
22015,1627293,Alex Stepheson,1610612763,MEM,Memphis Grizzlies,0021501008,2016-03-16,MEM vs. MIN,L,5,0,0,,0,0,,0,0,,0,1,1,0,0,0,0,1,0,0,1.2,1,2015-16
22015,201587,Nicolas Batum,1610612766,CHA,Charlotte Hornets,0021501004,2016-03-16,CHA vs. ORL,W,38,10,17,0.588,3,6,0.5,3,4,0.75,2,5,7,9,0,0,1,0,26,14,46.9,1,2015-16
22015,1626163,Frank Kaminsky,1610612766,CHA,Charlotte Hornets,0021501004,2016-03-16,CHA vs. ORL,W,18,1,5,0.2,0,1,0.0,4,4,1.0,2,5,7,1,2,0,1,2,6,-6,20.9,1,2015-16
22015,203501,Tim Hardaway Jr.,1610612737,ATL,Atlanta Hawks,0021501007,2016-03-16,ATL @ DET,W,11,1,3,0.333,1,3,0.333,2,2,1.0,0,0,0,0,0,0,0,1,5,-3,5.0,1,2015-16
22015,2747,JR Smith,1610612739,CLE,Cleveland Cavaliers,0021501005,2016-03-16,CLE vs. DAL,W,40,6,17,0.353,1,8,0.125,0,0,,1,3,4,4,3,0,1,3,13,-16,31.8,1,2015-16
22015,202734,E'Twaun Moore,1610612741,CHI,Chicago Bulls,0021501006,2016-03-16,CHI @ WAS,L,20,1,4,0.25,0,0,,0,0,,1,3,4,2,0,0,3,3,2,4,6.8,1,2015-16
22015,202700,Donatas Motiejunas,1610612745,HOU,Houston Rockets,0021501009,2016-03-16,HOU vs. LAC,L,8,0,2,0.0,0,1,0.0,0,0,,0,0,0,1,0,0,0,1,0,-11,1.5,1,2015-16
22015,203952,Andrew Wiggins,1610612750,MIN,Minnesota Timberwolves,0021501008,2016-03-16,MIN @ MEM,W,31,7,13,0.538,2,5,0.4,0,0,,0,3,3,1,0,2,3,3,16,6,24.1,1,2015-16
22015,101181,Jose Calderon,1610612752,NYK,New York Knicks,0021501011,2016-03-16,NYK @ GSW,L,15,1,4,0.25,0,0,,0,0,,1,1,2,1,1,0,0,1,2,-19,8.9,1,2015-16
22015,204001,Kristaps Porziņģis,1610612752,NYK,New York Knicks,0021501011,2016-03-16,NYK @ GSW,L,26,1,11,0.091,0,2,0.0,0,0,,0,7,7,3,0,1,2,2,2,-24,15.9,1,2015-16
22015,1626166,Cameron Payne,1610612760,OKC,Oklahoma City Thunder,0021501003,2016-03-16,OKC @ BOS,W,22,2,8,0.25,0,2,0.0,2,2,1.0,0,4,4,4,0,1,2,4,6,6,17.8,1,2015-16
22015,201162,Jared Dudley,1610612764,WAS,Washington Wizards,0021501006,2016-03-16,WAS vs. CHI,W,16,1,3,0.333,0,2,0.0,0,0,,1,1,2,0,0,0,1,1,2,-6,3.4,1,2015-16
22015,202689,Kemba Walker,1610612766,CHA,Charlotte Hornets,0021501004,2016-03-16,CHA vs. ORL,W,38,6,16,0.375,3,6,0.5,1,2,0.5,0,8,8,1,0,0,1,2,16,2,26.1,1,2015-16
22015,202734,E'Twaun Moore,1610612741,CHI,Chicago Bulls,0021501016,2016-03-17,CHI vs. BKN,W,2,0,0,,0,0,,0,0,,0,1,1,0,0,0,0,1,0,6,1.2,1,2015-16
22015,203914,Gary Harris,1610612743,DEN,Denver Nuggets,0021501015,2016-03-17,DEN @ ATL,L,32,6,15,0.4,1,3,0.333,2,3,0.667,3,1,4,2,1,0,0,4,15,-19,25.8,1,2015-16
22015,203960,JaKarr Sampson,1610612743,DEN,Denver Nuggets,0021501015,2016-03-17,DEN @ ATL,L,13,3,5,0.6,0,0,,2,2,1.0,0,5,5,0,0,0,1,2,8,-24,13.0,1,2015-16
22015,203999,Nikola Jokić,1610612743,DEN,Denver Nuggets,0021501015,2016-03-17,DEN @ ATL,L,22,4,7,0.571,0,1,0.0,0,0,,1,4,5,2,1,1,1,2,8,-25,22.0,1,2015-16
22015,1626253,Axel Toupane,1610612743,DEN,Denver Nuggets,0021501015,2016-03-17,DEN @ ATL,L,16,0,4,0.0,0,3,0.0,0,0,,0,2,2,0,1,0,1,2,0,1,4.4,1,2015-16
22015,2736,Luol Deng,1610612748,MIA,Miami Heat,0021501014,2016-03-17,MIA vs. CHA,L,35,7,13,0.538,2,5,0.4,6,6,1.0,3,6,9,3,1,1,3,4,22,9,40.3,1,2015-16
22015,201609,Goran Dragic,1610612748,MIA,Miami Heat,0021501014,2016-03-17,MIA vs. CHA,L,36,8,16,0.5,0,3,0.0,0,0,,0,7,7,8,2,0,4,1,16,4,38.4,1,2015-16
22015,1626159,Justise Winslow,1610612748,MIA,Miami Heat,0021501014,2016-03-17,MIA vs. CHA,L,31,1,2,0.5,0,0,,1,1,1.0,1,2,3,3,1,2,0,1,3,4,20.1,1,2015-16
22015,203996,Damien Inglis,1610612749,MIL,Milwaukee Bucks,0021501017,2016-03-17,MIL vs. MEM,W,22,3,5,0.6,0,2,0.0,4,4,1.0,0,5,5,2,0,3,0,0,10,11,28.0,1,2015-16
22015,1626173,Rashad Vaughn,1610612749,MIL,Milwaukee Bucks,0021501017,2016-03-17,MIL vs. MEM,W,21,2,6,0.333,1,4,0.25,0,0,,0,4,4,0,0,1,2,2,5,14,10.8,1,2015-16
22015,201572,Brook Lopez,1610612751,BKN,Brooklyn Nets,0021501016,2016-03-17,BKN @ CHI,L,31,4,8,0.5,0,0,,1,1,1.0,1,2,3,2,0,0,1,2,9,9,14.6,1,2015-16
22015,1626191,Chris McCullough,1610612751,BKN,Brooklyn Nets,0021501016,2016-03-17,BKN @ CHI,L,15,2,4,0.5,1,1,1.0,0,0,,2,1,3,1,1,0,0,2,5,-22,13.1,1,2015-16
22015,201588,George Hill,1610612754,IND,Indiana Pacers,0021501012,2016-03-17,IND vs. TOR,L,41,6,10,0.6,3,5,0.6,3,4,0.75,0,2,2,2,0,1,0,3,18,-5,26.4,1,2015-16
22015,203963,Shayne Whittington,1610612754,IND,Indiana Pacers,0021501012,2016-03-17,IND vs. TOR,L,4,0,1,0.0,0,1,0.0,0,0,,0,0,0,0,0,0,0,1,0,1,0.0,1,2015-16
22015,202397,Ish Smith,1610612755,PHI,Philadelphia 76ers,0021501013,2016-03-17,PHI vs. WAS,L,39,9,25,0.36,2,7,0.286,0,0,,0,2,2,7,3,0,1,1,20,5,40.9,1,2015-16
22015,203477,Isaiah Canaan,1610612755,PHI,Philadelphia 76ers,0021501013,2016-03-17,PHI vs. WAS,L,34,4,10,0.4,1,6,0.167,6,7,0.857,1,3,4,4,1,0,2,2,15,10,26.8,1,2015-16
22015,201978,Chase Budinger,1610612756,PHX,Phoenix Suns,0021501019,2016-03-17,PHX @ UTA,L,7,1,2,0.5,0,0,,0,0,,0,1,1,1,0,0,0,0,2,-1,4.7,1,2015-16
22015,203098,John Jenkins,1610612756,PHX,Phoenix Suns,0021501019,2016-03-17,PHX @ UTA,L,7,1,4,0.25,0,1,0.0,0,0,,0,0,0,0,0,0,1,0,2,-1,1.0,1,2015-16
22015,1626210,Alan Williams,1610612756,PHX,Phoenix Suns,0021501019,2016-03-17,PHX @ UTA,L,2,0,0,,0,0,,1,2,0.5,0,0,0,0,1,0,0,0,1,0,4.0,1,2015-16
22015,203090,Maurice Harkless,1610612757,POR,Portland Trail Blazers,0021501018,2016-03-17,POR @ SAS,L,9,1,4,0.25,0,2,0.0,0,0,,0,1,1,0,1,1,0,1,2,5,9.2,1,2015-16
22015,203468,CJ McCollum,1610612757,POR,Portland Trail Blazers,0021501018,2016-03-17,POR @ SAS,L,39,10,20,0.5,4,6,0.667,2,2,1.0,1,6,7,2,1,2,3,1,26,-16,43.4,1,2015-16
22015,1495,Tim Duncan,1610612759,SAS,San Antonio Spurs,0021501018,2016-03-17,SAS vs. POR,W,21,5,6,0.833,0,0,,1,1,1.0,0,7,7,0,0,2,0,2,11,23,25.4,1,2015-16
22015,1889,Andre Miller,1610612759,SAS,San Antonio Spurs,0021501018,2016-03-17,SAS vs. POR,W,2,0,0,,0,0,,0,0,,0,0,0,0,0,0,0,0,0,-6,0.0,1,2015-16
22015,1938,Manu Ginobili,1610612759,SAS,San Antonio Spurs,0021501018,2016-03-17,SAS vs. POR,W,18,0,4,0.0,0,1,0.0,2,2,1.0,0,2,2,3,1,0,2,3,2,-10,9.9,1,2015-16
22015,2561,David West,1610612759,SAS,San Antonio Spurs,0021501018,2016-03-17,SAS vs. POR,W,17,1,7,0.143,0,1,0.0,0,0,,0,1,1,2,0,2,1,2,2,2,11.2,1,2015-16
22015,202695,Kawhi Leonard,1610612759,SAS,San Antonio Spurs,0021501018,2016-03-17,SAS vs. POR,W,31,8,11,0.727,4,4,1.0,2,2,1.0,0,2,2,1,0,3,0,1,22,21,34.9,1,2015-16
22015,202687,Bismack Biyombo,1610612761,TOR,Toronto Raptors,0021501012,2016-03-17,TOR @ IND,W,42,5,6,0.833,0,0,,6,11,0.545,9,16,25,0,0,2,0,2,16,17,52.0,1,2015-16
22015,203918,Rodney Hood,1610612762,UTA,Utah Jazz,0021501019,2016-03-17,UTA vs. PHX,W,30,4,13,0.308,0,4,0.0,0,1,0.0,0,3,3,0,1,0,2,0,8,16,12.6,1,2015-16
22015,202362,Lance Stephenson,1610612763,MEM,Memphis Grizzlies,0021501017,2016-03-17,MEM @ MIL,L,38,8,21,0.381,0,1,0.0,3,3,1.0,1,6,7,6,1,0,3,4,19,-7,36.4,1,2015-16
22015,1627362,Briante Weber,1610612763,MEM,Memphis Grizzlies,0021501017,2016-03-17,MEM @ MIL,L,15,1,4,0.25,0,1,0.0,0,0,,1,3,4,2,1,0,0,1,2,-4,12.8,1,2015-16
22015,201162,Jared Dudley,1610612764,WAS,Washington Wizards,0021501013,2016-03-17,WAS @ PHI,W,16,1,3,0.333,0,2,0.0,0,0,,1,2,3,1,0,0,0,4,2,0,7.1,1,2015-16
22015,203469,Cody Zeller,1610612766,CHA,Charlotte Hornets,0021501014,2016-03-17,CHA @ MIA,W,14,3,6,0.5,0,0,,0,0,,1,2,3,0,0,0,0,1,6,11,9.6,1,2015-16
22015,203471,Dennis Schröder,1610612737,ATL,Atlanta Hawks,0021501015,2016-03-17,ATL vs. DEN,W,19,4,9,0.444,1,4,0.25,2,2,1.0,0,3,3,3,0,0,2,1,11,-6,17.1,1,2015-16
22015,201959,Taj Gibson,1610612741,CHI,Chicago Bulls,0021501016,2016-03-17,CHI vs. BKN,W,27,6,10,0.6,0,0,,0,0,,4,2,6,2,1,2,2,2,12,-4,29.2,1,2015-16
22015,202703,Nikola Mirotic,1610612741,CHI,Chicago Bulls,0021501016,2016-03-17,CHI vs. BKN,W,20,4,6,0.667,1,3,0.333,0,0,,0,3,3,0,0,2,2,3,9,-6,16.6,1,2015-16
22015,2405,Amar'e Stoudemire,1610612748,MIA,Miami Heat,0021501014,2016-03-17,MIA vs. CHA,L,21,3,3,1.0,0,0,,0,0,,0,3,3,0,0,0,0,1,6,-11,9.6,1,2015-16
22015,202355,Hassan Whiteside,1610612748,MIA,Miami Heat,0021501014,2016-03-17,MIA vs. CHA,L,27,6,10,0.6,0,0,,5,6,0.833,0,7,7,0,1,1,3,3,17,8,28.4,1,2015-16
22015,203507,Giannis Antetokounmpo,1610612749,MIL,Milwaukee Bucks,0021501017,2016-03-17,MIL vs. MEM,W,30,6,9,0.667,0,1,0.0,3,4,0.75,2,4,6,11,1,3,3,2,15,-1,47.7,1,2015-16
22015,201152,Thaddeus Young,1610612751,BKN,Brooklyn Nets,0021501016,2016-03-17,BKN @ CHI,L,31,7,11,0.636,0,0,,2,2,1.0,4,10,14,1,2,2,0,2,16,9,46.3,1,2015-16
22015,203499,Shane Larkin,1610612751,BKN,Brooklyn Nets,0021501016,2016-03-17,BKN @ CHI,L,18,1,5,0.2,0,1,0.0,0,1,0.0,0,2,2,4,0,0,0,0,2,-25,10.4,1,2015-16
22015,203508,Sergey Karasev,1610612751,BKN,Brooklyn Nets,0021501016,2016-03-17,BKN @ CHI,L,32,4,11,0.364,1,7,0.143,2,2,1.0,0,5,5,5,0,0,1,2,11,1,23.5,1,2015-16
22015,101145,Monta Ellis,1610612754,IND,Indiana Pacers,0021501012,2016-03-17,IND vs. TOR,L,43,3,11,0.273,0,1,0.0,2,4,0.5,1,6,7,7,4,0,2,3,8,-5,36.9,1,2015-16
22015,202331,Paul George,1610612754,IND,Indiana Pacers,0021501012,2016-03-17,IND vs. TOR,L,42,7,24,0.292,1,9,0.111,3,6,0.5,1,8,9,4,2,1,4,4,18,-9,39.8,1,2015-16
22015,203457,Nerlens Noel,1610612755,PHI,Philadelphia 76ers,0021501013,2016-03-17,PHI vs. WAS,L,35,7,11,0.636,0,0,,0,2,0.0,4,12,16,2,7,0,2,4,14,12,55.2,1,2015-16
22015,203917,Nik Stauskas,1610612755,PHI,Philadelphia 76ers,0021501013,2016-03-17,PHI vs. WAS,L,13,2,4,0.5,0,2,0.0,0,0,,1,2,3,0,0,0,0,1,4,-14,7.6,1,2015-16
22015,203458,Alex Len,1610612756,PHX,Phoenix Suns,0021501019,2016-03-17,PHX @ UTA,L,30,4,15,0.267,0,1,0.0,2,3,0.667,2,10,12,2,0,0,3,1,10,-21,24.4,1,2015-16
22015,203462,Archie Goodwin,1610612756,PHX,Phoenix Suns,0021501019,2016-03-17,PHX @ UTA,L,8,0,2,0.0,0,1,0.0,0,0,,1,0,1,0,0,0,1,0,0,-6,0.2,1,2015-16
22015,203081,Damian Lillard,1610612757,POR,Portland Trail Blazers,0021501018,2016-03-17,POR @ SAS,L,40,7,19,0.368,3,7,0.429,6,6,1.0,0,3,3,6,0,1,2,4,23,-1,36.6,1,2015-16
22015,2564,Boris Diaw,1610612759,SAS,San Antonio Spurs,0021501018,2016-03-17,SAS vs. POR,W,14,4,7,0.571,0,1,0.0,1,1,1.0,1,2,3,0,0,0,0,1,9,-9,12.6,1,2015-16
22015,2755,Kevin Martin,1610612759,SAS,San Antonio Spurs,0021501018,2016-03-17,SAS vs. POR,W,21,3,9,0.333,0,3,0.0,2,3,0.667,1,3,4,3,1,0,0,2,8,-4,20.3,1,2015-16
22015,201980,Danny Green,1610612759,SAS,San Antonio Spurs,0021501018,2016-03-17,SAS vs. POR,W,24,2,3,0.667,1,2,0.5,2,2,1.0,1,4,5,3,2,3,0,3,7,15,32.5,1,2015-16
22015,1626246,Boban Marjanovic,1610612759,SAS,San Antonio Spurs,0021501018,2016-03-17,SAS vs. POR,W,2,0,0,,0,0,,0,0,,0,0,0,0,0,0,0,1,0,-6,0.0,1,2015-16
22015,2449,Luis Scola,1610612761,TOR,Toronto Raptors,0021501012,2016-03-17,TOR @ IND,W,20,4,10,0.4,1,3,0.333,0,0,,0,2,2,1,0,0,1,2,9,5,11.9,1,2015-16
22015,200768,Kyle Lowry,1610612761,TOR,Toronto Raptors,0021501012,2016-03-17,TOR @ IND,W,43,8,21,0.381,4,11,0.364,8,9,0.889,0,8,8,4,3,0,8,3,28,12,44.6,1,2015-16
22015,201574,Jason Thompson,1610612761,TOR,Toronto Raptors,0021501012,2016-03-17,TOR @ IND,W,11,0,0,,0,0,,4,4,1.0,1,1,2,0,0,0,1,3,4,-12,5.4,1,2015-16
22015,202324,Derrick Favors,1610612762,UTA,Utah Jazz,0021501019,2016-03-17,UTA vs. PHX,W,27,5,11,0.455,0,0,,2,2,1.0,1,4,5,0,2,1,1,3,12,20,26.0,1,2015-16
22015,202344,Trevor Booker,1610612762,UTA,Utah Jazz,0021501019,2016-03-17,UTA vs. PHX,W,15,4,7,0.571,0,0,,0,0,,1,3,4,2,1,0,0,1,8,10,18.8,1,2015-16
22015,203481,Jeff Withey,1610612762,UTA,Utah Jazz,0021501019,2016-03-17,UTA vs. PHX,W,5,0,2,0.0,0,0,,0,0,,0,3,3,1,0,0,0,1,0,-1,5.1,1,2015-16
22015,203497,Rudy Gobert,1610612762,UTA,Utah Jazz,0021501019,2016-03-17,UTA vs. PHX,W,30,4,6,0.667,0,0,,1,2,0.5,5,11,16,0,0,3,2,1,9,26,35.2,1,2015-16
22015,203504,Trey Burke,1610612762,UTA,Utah Jazz,0021501019,2016-03-17,UTA vs. PHX,W,12,1,6,0.167,1,3,0.333,0,0,,0,2,2,2,0,0,1,3,3,0,7.4,1,2015-16
22015,200797,Ryan Hollins,1610612763,MEM,Memphis Grizzlies,0021501017,2016-03-17,MEM @ MIL,L,25,2,5,0.4,0,0,,2,2,1.0,3,7,10,0,0,0,2,1,6,4,16.0,1,2015-16
22015,204098,Xavier Munford,1610612763,MEM,Memphis Grizzlies,0021501017,2016-03-17,MEM @ MIL,L,11,0,3,0.0,0,1,0.0,2,2,1.0,0,1,1,0,2,0,1,2,2,4,8.2,1,2015-16
22015,1627293,Alex Stepheson,1610612763,MEM,Memphis Grizzlies,0021501017,2016-03-17,MEM @ MIL,L,11,2,4,0.5,0,0,,0,0,,3,1,4,0,0,1,0,1,4,-2,11.8,1,2015-16
22015,201587,Nicolas Batum,1610612766,CHA,Charlotte Hornets,0021501014,2016-03-17,CHA @ MIA,W,38,7,19,0.368,2,7,0.286,3,3,1.0,0,5,5,7,0,0,3,1,19,14,32.5,1,2015-16
22015,202391,Jeremy Lin,1610612766,CHA,Charlotte Hornets,0021501014,2016-03-17,CHA @ MIA,W,17,1,6,0.167,0,1,0.0,4,4,1.0,1,2,3,1,0,0,2,4,6,2,9.1,1,2015-16
22015,202689,Kemba Walker,1610612766,CHA,Charlotte Hornets,0021501014,2016-03-17,CHA @ MIA,W,43,7,18,0.389,4,9,0.444,3,3,1.0,1,6,7,7,0,0,1,4,21,13,38.9,1,2015-16
22015,1626163,Frank Kaminsky,1610612766,CHA,Charlotte Hornets,0021501014,2016-03-17,CHA @ MIA,W,16,3,4,0.75,0,0,,0,0,,0,1,1,1,0,0,0,1,6,-13,8.7,1,2015-16
22015,201143,Al Horford,1610612737,ATL,Atlanta Hawks,0021501015,2016-03-17,ATL vs. DEN,W,29,5,10,0.5,0,0,,1,1,1.0,0,3,3,3,0,3,0,2,11,23,28.1,1,2015-16
22015,201166,Aaron Brooks,1610612741,CHI,Chicago Bulls,0021501016,2016-03-17,CHI vs. BKN,W,16,5,7,0.714,2,3,0.667,0,0,,0,0,0,3,1,0,1,2,12,13,18.5,1,2015-16
22015,203200,Justin Holiday,1610612741,CHI,Chicago Bulls,0021501016,2016-03-17,CHI vs. BKN,W,16,2,8,0.25,1,3,0.333,0,0,,0,3,3,2,0,0,0,1,5,8,11.6,1,2015-16
22015,203926,Doug McDermott,1610612741,CHI,Chicago Bulls,0021501016,2016-03-17,CHI vs. BKN,W,28,8,16,0.5,5,8,0.625,4,4,1.0,0,3,3,1,0,0,0,1,25,24,30.1,1,2015-16
22015,203115,Will Barton,1610612743,DEN,Denver Nuggets,0021501015,2016-03-17,DEN @ ATL,L,31,2,7,0.286,2,2,1.0,0,0,,0,6,6,6,1,0,4,3,6,6,21.2,1,2015-16
22015,203530,Joffrey Lauvergne,1610612743,DEN,Denver Nuggets,0021501015,2016-03-17,DEN @ ATL,L,30,6,8,0.75,0,1,0.0,4,4,1.0,1,5,6,1,0,1,0,0,16,6,27.7,1,2015-16
22015,1626144,Emmanuel Mudiay,1610612743,DEN,Denver Nuggets,0021501015,2016-03-17,DEN @ ATL,L,23,3,11,0.273,1,4,0.25,5,6,0.833,0,2,2,2,1,0,1,1,12,-23,19.4,1,2015-16
22015,2548,Dwyane Wade,1610612748,MIA,Miami Heat,0021501014,2016-03-17,MIA vs. CHA,L,31,3,13,0.231,0,1,0.0,5,6,0.833,0,3,3,3,0,2,3,1,11,-16,22.1,1,2015-16
22015,1626196,Josh Richardson,1610612748,MIA,Miami Heat,0021501014,2016-03-17,MIA vs. CHA,L,25,7,9,0.778,3,4,0.75,1,4,0.25,1,3,4,1,0,1,2,5,18,7,25.3,1,2015-16
22015,202328,Greg Monroe,1610612749,MIL,Milwaukee Bucks,0021501017,2016-03-17,MIL vs. MEM,W,27,5,6,0.833,0,0,,4,6,0.667,0,10,10,0,0,1,1,0,14,1,28.0,1,2015-16
22015,203101,Miles Plumlee,1610612749,MIL,Milwaukee Bucks,0021501017,2016-03-17,MIL vs. MEM,W,21,4,5,0.8,0,0,,1,2,0.5,2,5,7,1,1,3,1,2,9,9,29.9,1,2015-16
22015,203930,Sean Kilpatrick,1610612751,BKN,Brooklyn Nets,0021501016,2016-03-17,BKN @ CHI,L,21,3,7,0.429,1,3,0.333,5,6,0.833,0,1,1,1,1,0,0,1,12,-23,17.7,1,2015-16
22015,201155,Rodney Stuckey,1610612754,IND,Indiana Pacers,0021501012,2016-03-17,IND vs. TOR,L,17,1,5,0.2,0,0,,1,2,0.5,0,1,1,3,2,0,1,1,3,-1,13.7,1,2015-16
22015,203524,Solomon Hill,1610612754,IND,Indiana Pacers,0021501012,2016-03-17,IND vs. TOR,L,33,4,8,0.5,1,3,0.333,3,3,1.0,0,7,7,2,1,0,0,5,12,2,26.4,1,2015-16
22015,201171,Carl Landry,1610612755,PHI,Philadelphia 76ers,0021501013,2016-03-17,PHI vs. WAS,L,11,0,2,0.0,0,0,,0,0,,0,1,1,0,0,0,0,2,0,-15,1.2,1,2015-16
22015,201603,Sonny Weems,1610612755,PHI,Philadelphia 76ers,0021501013,2016-03-17,PHI vs. WAS,L,16,2,4,0.5,0,2,0.0,0,0,,0,1,1,0,0,0,1,0,4,-8,4.2,1,2015-16
22015,203088,Kendall Marshall,1610612755,PHI,Philadelphia 76ers,0021501013,2016-03-17,PHI vs. WAS,L,9,1,4,0.25,0,1,0.0,1,1,1.0,0,1,1,1,4,0,1,2,3,10,16.7,1,2015-16
22015,203924,Jerami Grant,1610612755,PHI,Philadelphia 76ers,0021501013,2016-03-17,PHI vs. WAS,L,30,2,6,0.333,0,2,0.0,9,14,0.643,0,5,5,0,1,3,3,2,13,1,28.0,1,2015-16
22015,2199,Tyson Chandler,1610612756,PHX,Phoenix Suns,0021501019,2016-03-17,PHX @ UTA,L,23,2,3,0.667,0,0,,0,0,,2,0,2,1,1,0,4,4,4,-33,6.9,1,2015-16
22015,101179,Ronnie Price,1610612756,PHX,Phoenix Suns,0021501019,2016-03-17,PHX @ UTA,L,24,1,5,0.2,0,3,0.0,1,4,0.25,0,3,3,1,1,0,1,5,3,-3,10.1,1,2015-16
22015,200782,P.J. Tucker,1610612756,PHX,Phoenix Suns,0021501019,2016-03-17,PHX @ UTA,L,33,3,6,0.5,1,2,0.5,0,0,,1,2,3,2,2,0,1,3,7,-26,18.6,1,2015-16
22015,2549,Chris Kaman,1610612757,POR,Portland Trail Blazers,0021501018,2016-03-17,POR @ SAS,L,15,5,6,0.833,0,0,,2,2,1.0,3,2,5,1,0,1,1,2,12,-8,21.5,1,2015-16
22015,202329,Al-Farouq Aminu,1610612757,POR,Portland Trail Blazers,0021501018,2016-03-17,POR @ SAS,L,27,3,10,0.3,2,5,0.4,0,0,,2,4,6,4,0,1,2,1,8,-14,22.2,1,2015-16
22015,203486,Mason Plumlee,1610612757,POR,Portland Trail Blazers,0021501018,2016-03-17,POR @ SAS,L,28,3,8,0.375,0,0,,6,9,0.667,2,6,8,5,2,0,3,4,12,-4,32.1,1,2015-16
22015,2225,Tony Parker,1610612759,SAS,San Antonio Spurs,0021501018,2016-03-17,SAS vs. POR,W,27,7,13,0.538,0,0,,4,4,1.0,0,1,1,16,2,0,2,1,18,21,47.2,1,2015-16
22015,203937,Kyle Anderson,1610612759,SAS,San Antonio Spurs,0021501018,2016-03-17,SAS vs. POR,W,15,0,0,,0,0,,0,0,,0,4,4,4,1,0,1,4,0,-10,12.8,1,2015-16
22015,202335,Patrick Patterson,1610612761,TOR,Toronto Raptors,0021501012,2016-03-17,TOR @ IND,W,33,1,3,0.333,0,1,0.0,0,0,,2,1,3,0,0,0,0,3,2,2,5.6,1,2015-16
22015,1626181,Norman Powell,1610612761,TOR,Toronto Raptors,0021501012,2016-03-17,TOR @ IND,W,20,3,9,0.333,0,1,0.0,0,0,,2,3,5,1,0,0,0,3,6,7,13.5,1,2015-16
22015,203187,Chris Johnson,1610612762,UTA,Utah Jazz,0021501019,2016-03-17,UTA vs. PHX,W,21,1,5,0.2,1,2,0.5,0,0,,1,3,4,1,1,1,1,1,3,15,14.3,1,2015-16
22015,203526,Raul Neto,1610612762,UTA,Utah Jazz,0021501019,2016-03-17,UTA vs. PHX,W,26,5,7,0.714,2,3,0.667,1,2,0.5,0,0,0,1,1,0,3,4,13,18,14.5,1,2015-16
22015,1626168,Trey Lyles,1610612762,UTA,Utah Jazz,0021501019,2016-03-17,UTA vs. PHX,W,19,6,10,0.6,3,6,0.5,2,2,1.0,0,2,2,1,2,0,2,1,17,13,24.9,1,2015-16
22015,2754,Tony Allen,1610612763,MEM,Memphis Grizzlies,0021501017,2016-03-17,MEM @ MIL,L,34,5,11,0.455,0,0,,3,3,1.0,2,2,4,2,2,0,0,4,13,-9,26.8,1,2015-16
22015,203210,JaMychal Green,1610612763,MEM,Memphis Grizzlies,0021501017,2016-03-17,MEM @ MIL,L,37,5,14,0.357,0,0,,1,1,1.0,5,1,6,2,1,1,0,2,11,-9,27.2,1,2015-16
22015,203492,Ray McCallum,1610612763,MEM,Memphis Grizzlies,0021501017,2016-03-17,MEM @ MIL,L,15,2,5,0.4,0,1,0.0,0,0,,0,1,1,0,0,0,2,0,4,-6,3.2,1,2015-16
22015,202066,Garrett Temple,1610612764,WAS,Washington Wizards,0021501013,2016-03-17,WAS @ PHI,W,40,4,11,0.364,2,8,0.25,0,0,,0,3,3,4,1,1,3,1,10,0,22.6,1,2015-16
22015,101107,Marvin Williams,1610612766,CHA,Charlotte Hornets,0021501014,2016-03-17,CHA @ MIA,W,32,4,8,0.5,4,5,0.8,0,2,0.0,2,3,5,1,2,0,0,1,12,16,25.5,1,2015-16
22015,201584,Courtney Lee,1610612766,CHA,Charlotte Hornets,0021501014,2016-03-17,CHA @ MIA,W,37,3,6,0.5,2,3,0.667,5,6,0.833,0,3,3,1,0,0,1,4,13,-8,17.1,1,2015-16
22015,2743,Kris Humphries,1610612737,ATL,Atlanta Hawks,0021501015,2016-03-17,ATL vs. DEN,W,17,3,8,0.375,0,2,0.0,5,6,0.833,2,1,3,0,0,0,1,5,11,-5,13.6,1,2015-16
22015,200757,Thabo Sefolosha,1610612737,ATL,Atlanta Hawks,0021501015,2016-03-17,ATL vs. DEN,W,25,5,7,0.714,2,3,0.667,2,2,1.0,1,2,3,2,1,0,1,3,14,-6,22.6,1,2015-16
22015,201952,Jeff Teague,1610612737,ATL,Atlanta Hawks,0021501015,2016-03-17,ATL vs. DEN,W,27,6,16,0.375,2,6,0.333,2,2,1.0,1,2,3,8,1,0,3,2,16,21,31.6,1,2015-16
22015,203488,Mike Muscala,1610612737,ATL,Atlanta Hawks,0021501015,2016-03-17,ATL vs. DEN,W,3,0,1,0.0,0,0,,1,2,0.5,1,0,1,1,0,0,0,0,1,3,3.7,1,2015-16
22015,1626245,Cristiano Felicio,1610612741,CHI,Chicago Bulls,0021501016,2016-03-17,CHI vs. BKN,W,21,2,3,0.667,0,0,,2,2,1.0,4,6,10,3,1,2,0,1,6,20,31.5,1,2015-16
22015,201571,D.J. Augustin,1610612743,DEN,Denver Nuggets,0021501015,2016-03-17,DEN @ ATL,L,29,7,12,0.583,2,5,0.4,1,2,0.5,0,1,1,7,0,1,2,4,17,5,29.7,1,2015-16
22015,201589,Darrell Arthur,1610612743,DEN,Denver Nuggets,0021501015,2016-03-17,DEN @ ATL,L,18,3,8,0.375,0,3,0.0,0,0,,1,0,1,0,0,0,2,1,6,-24,5.2,1,2015-16
22015,203994,Jusuf Nurkić,1610612743,DEN,Denver Nuggets,0021501015,2016-03-17,DEN @ ATL,L,26,5,10,0.5,0,0,,0,0,,3,4,7,2,1,1,2,3,10,7,25.4,1,2015-16
22015,201573,Jerryd Bayless,1610612749,MIL,Milwaukee Bucks,0021501017,2016-03-17,MIL vs. MEM,W,25,3,8,0.375,2,5,0.4,2,4,0.5,0,1,1,2,0,0,1,2,10,-1,13.2,1,2015-16
22015,203898,Tyler Ennis,1610612749,MIL,Milwaukee Bucks,0021501017,2016-03-17,MIL vs. MEM,W,23,6,10,0.6,0,0,,1,1,1.0,1,4,5,3,1,0,0,2,13,11,26.5,1,2015-16
22015,203953,Jabari Parker,1610612749,MIL,Milwaukee Bucks,0021501017,2016-03-17,MIL vs. MEM,W,28,3,11,0.273,0,1,0.0,1,2,0.5,1,2,3,0,0,1,0,1,7,-8,13.6,1,2015-16
22015,202388,Donald Sloan,1610612751,BKN,Brooklyn Nets,0021501016,2016-03-17,BKN @ CHI,L,30,6,10,0.6,1,2,0.5,0,0,,0,0,0,3,2,0,2,4,13,9,21.5,1,2015-16
22015,202711,Bojan Bogdanovic,1610612751,BKN,Brooklyn Nets,0021501016,2016-03-17,BKN @ CHI,L,29,10,17,0.588,2,5,0.4,4,4,1.0,1,2,3,5,1,0,1,4,26,7,39.1,1,2015-16
22015,202730,Lavoy Allen,1610612754,IND,Indiana Pacers,0021501012,2016-03-17,IND vs. TOR,L,13,1,3,0.333,0,0,,0,0,,0,2,2,1,0,0,3,5,2,-18,2.9,1,2015-16
22015,1626167,Myles Turner,1610612754,IND,Indiana Pacers,0021501012,2016-03-17,IND vs. TOR,L,18,4,7,0.571,0,1,0.0,1,1,1.0,4,6,10,1,0,0,2,5,9,0,20.5,1,2015-16
22015,1626202,Joe Young,1610612754,IND,Indiana Pacers,0021501012,2016-03-17,IND vs. TOR,L,5,0,3,0.0,0,1,0.0,0,0,,1,1,2,1,0,0,1,1,0,-2,2.9,1,2015-16
22015,202688,Brandon Knight,1610612756,PHX,Phoenix Suns,0021501019,2016-03-17,PHX @ UTA,L,33,6,16,0.375,3,7,0.429,2,2,1.0,1,7,8,2,0,1,6,0,17,-24,26.6,1,2015-16
22015,1626164,Devin Booker,1610612756,PHX,Phoenix Suns,0021501019,2016-03-17,PHX @ UTA,L,32,3,14,0.214,1,5,0.2,0,0,,1,2,3,3,2,0,3,2,7,-41,18.1,1,2015-16
22015,202334,Ed Davis,1610612757,POR,Portland Trail Blazers,0021501018,2016-03-17,POR @ SAS,L,17,1,4,0.25,0,0,,3,7,0.429,3,6,9,3,1,0,0,0,5,-5,23.3,1,2015-16
22015,200746,LaMarcus Aldridge,1610612759,SAS,San Antonio Spurs,0021501018,2016-03-17,SAS vs. POR,W,26,9,14,0.643,0,0,,4,5,0.8,0,6,6,1,1,1,1,2,22,16,35.7,1,2015-16
22015,204060,Joe Ingles,1610612762,UTA,Utah Jazz,0021501019,2016-03-17,UTA vs. PHX,W,27,6,8,0.75,3,5,0.6,0,0,,0,4,4,2,6,0,2,1,15,20,38.8,1,2015-16
22015,2440,Matt Barnes,1610612763,MEM,Memphis Grizzlies,0021501017,2016-03-17,MEM @ MIL,L,35,7,18,0.389,3,9,0.333,3,4,0.75,1,6,7,3,1,1,5,2,20,-7,33.9,1,2015-16
22015,2403,Nene,1610612764,WAS,Washington Wizards,0021501013,2016-03-17,WAS @ PHI,W,14,1,5,0.2,0,0,,1,4,0.25,4,7,11,1,0,0,1,0,3,2,16.7,1,2015-16
22015,202322,John Wall,1610612764,WAS,Washington Wizards,0021501013,2016-03-17,WAS @ PHI,W,37,4,17,0.235,0,3,0.0,8,8,1.0,1,12,13,14,2,0,9,3,16,4,49.6,1,2015-16
22015,203490,Otto Porter Jr.,1610612764,WAS,Washington Wizards,0021501013,2016-03-17,WAS @ PHI,W,33,5,8,0.625,2,3,0.667,0,0,,2,3,5,1,3,0,0,2,12,0,28.5,1,2015-16
22015,2744,Al Jefferson,1610612766,CHA,Charlotte Hornets,0021501014,2016-03-17,CHA @ MIA,W,27,10,16,0.625,0,0,,1,3,0.333,3,7,10,1,1,0,1,2,21,-4,36.5,1,2015-16
22015,201946,Tyler Hansbrough,1610612766,CHA,Charlotte Hornets,0021501014,2016-03-17,CHA @ MIA,W,7,1,1,1.0,0,0,,0,0,,1,0,1,0,0,0,0,1,2,-4,3.2,1,2015-16
22015,2550,Kirk Hinrich,1610612737,ATL,Atlanta Hawks,0021501015,2016-03-17,ATL vs. DEN,W,15,0,0,,0,0,,0,0,,0,2,2,1,0,1,1,0,0,-12,5.9,1,2015-16
22015,2594,Kyle Korver,1610612737,ATL,Atlanta Hawks,0021501015,2016-03-17,ATL vs. DEN,W,27,4,5,0.8,3,3,1.0,0,0,,0,1,1,4,0,0,0,0,11,30,18.2,1,2015-16
22015,200794,Paul Millsap,1610612737,ATL,Atlanta Hawks,0021501015,2016-03-17,ATL vs. DEN,W,29,6,10,0.6,2,3,0.667,2,2,1.0,0,11,11,4,0,4,3,0,16,25,44.2,1,2015-16
22015,203118,Mike Scott,1610612737,ATL,Atlanta Hawks,0021501015,2016-03-17,ATL vs. DEN,W,20,1,3,0.333,0,1,0.0,2,3,0.667,1,2,3,2,2,0,1,3,4,-8,15.6,1,2015-16
22015,203501,Tim Hardaway Jr.,1610612737,ATL,Atlanta Hawks,0021501015,2016-03-17,ATL vs. DEN,W,30,6,11,0.545,2,4,0.5,7,8,0.875,1,6,7,4,1,0,0,0,21,25,38.4,1,2015-16
22015,2399,Mike Dunleavy,1610612741,CHI,Chicago Bulls,0021501016,2016-03-17,CHI vs. BKN,W,20,1,4,0.25,1,3,0.333,0,0,,0,4,4,2,1,1,1,1,3,-8,15.8,1,2015-16
22015,201565,Derrick Rose,1610612741,CHI,Chicago Bulls,0021501016,2016-03-17,CHI vs. BKN,W,29,5,12,0.417,1,1,1.0,1,1,1.0,0,3,3,5,1,0,1,1,12,-3,25.1,1,2015-16
22015,202710,Jimmy Butler III,1610612741,CHI,Chicago Bulls,0021501016,2016-03-17,CHI vs. BKN,W,32,7,12,0.583,0,1,0.0,8,8,1.0,0,3,3,7,1,0,1,1,22,8,38.1,1,2015-16
22015,203089,John Henson,1610612749,MIL,Milwaukee Bucks,0021501017,2016-03-17,MIL vs. MEM,W,14,1,2,0.5,0,0,,1,2,0.5,2,0,2,0,2,4,1,1,3,19,22.4,1,2015-16
22015,201941,Jordan Hill,1610612754,IND,Indiana Pacers,0021501012,2016-03-17,IND vs. TOR,L,37,5,10,0.5,0,0,,1,1,1.0,2,4,6,0,0,3,1,3,11,-3,26.2,1,2015-16
22015,203138,Hollis Thompson,1610612755,PHI,Philadelphia 76ers,0021501013,2016-03-17,PHI vs. WAS,L,35,5,15,0.333,3,11,0.273,2,2,1.0,1,4,5,0,0,0,0,4,15,-11,21.0,1,2015-16
22015,204456,T.J. McConnell,1610612755,PHI,Philadelphia 76ers,0021501013,2016-03-17,PHI vs. WAS,L,18,3,10,0.3,0,2,0.0,0,0,,1,1,2,3,0,0,1,2,6,-15,11.9,1,2015-16
22015,202720,Jon Leuer,1610612756,PHX,Phoenix Suns,0021501019,2016-03-17,PHX @ UTA,L,18,6,8,0.75,1,1,1.0,1,3,0.333,2,6,8,0,2,0,1,0,14,-13,28.6,1,2015-16
22015,203141,Mirza Teletovic,1610612756,PHX,Phoenix Suns,0021501019,2016-03-17,PHX @ UTA,L,22,1,7,0.143,0,5,0.0,0,0,,0,2,2,2,0,0,0,1,2,-1,7.4,1,2015-16
22015,203148,Brian Roberts,1610612757,POR,Portland Trail Blazers,0021501018,2016-03-17,POR @ SAS,L,3,0,1,0.0,0,0,,0,0,,0,0,0,1,0,0,0,0,0,2,1.5,1,2015-16
22015,203459,Allen Crabbe,1610612757,POR,Portland Trail Blazers,0021501018,2016-03-17,POR @ SAS,L,26,2,5,0.4,0,1,0.0,0,0,,1,1,2,1,0,0,0,4,4,10,7.9,1,2015-16
22015,201988,Patty Mills,1610612759,SAS,San Antonio Spurs,0021501018,2016-03-17,SAS vs. POR,W,21,6,12,0.5,3,4,0.75,2,2,1.0,1,1,2,2,0,0,0,2,17,-13,22.4,1,2015-16
22015,202709,Cory Joseph,1610612761,TOR,Toronto Raptors,0021501012,2016-03-17,TOR @ IND,W,30,0,5,0.0,0,0,,0,0,,0,4,4,1,0,0,1,2,0,0,5.3,1,2015-16
22015,203082,Terrence Ross,1610612761,TOR,Toronto Raptors,0021501012,2016-03-17,TOR @ IND,W,21,2,8,0.25,2,5,0.4,2,2,1.0,0,3,3,1,2,2,2,1,8,-6,23.1,1,2015-16
22015,1626185,Jarell Martin,1610612763,MEM,Memphis Grizzlies,0021501017,2016-03-17,MEM @ MIL,L,18,2,7,0.286,0,0,,1,2,0.5,2,1,3,1,0,0,2,2,5,-14,8.1,1,2015-16
22015,101162,Marcin Gortat,1610612764,WAS,Washington Wizards,0021501013,2016-03-17,WAS @ PHI,W,34,8,10,0.8,0,0,,0,2,0.0,2,11,13,0,0,0,3,2,16,3,28.6,1,2015-16
22015,201196,Ramon Sessions,1610612764,WAS,Washington Wizards,0021501013,2016-03-17,WAS @ PHI,W,18,3,7,0.429,0,0,,2,2,1.0,1,3,4,2,1,0,0,0,8,2,18.8,1,2015-16
22015,201977,Marcus Thornton,1610612764,WAS,Washington Wizards,0021501013,2016-03-17,WAS @ PHI,W,22,7,16,0.438,2,8,0.25,2,3,0.667,0,5,5,0,1,0,3,3,18,8,24.0,1,2015-16
22015,202693,Markieff Morris,1610612764,WAS,Washington Wizards,0021501013,2016-03-17,WAS @ PHI,W,26,7,13,0.538,0,3,0.0,0,0,,1,2,3,2,0,0,3,2,14,6,17.6,1,2015-16
22015,203584,Troy Daniels,1610612766,CHA,Charlotte Hornets,0021501014,2016-03-17,CHA @ MIA,W,8,1,2,0.5,1,1,1.0,0,0,,0,1,1,0,0,0,0,0,3,-12,4.2,1,2015-16
22015,1626171,Bobby Portis,1610612741,CHI,Chicago Bulls,0021501016,2016-03-17,CHI vs. BKN,W,28,6,16,0.375,0,2,0.0,0,0,,8,6,14,1,0,1,1,2,12,22,32.3,1,2015-16
22015,2207,Joe Johnson,1610612748,MIA,Miami Heat,0021501014,2016-03-17,MIA vs. CHA,L,34,5,9,0.556,2,4,0.5,1,1,1.0,1,2,3,4,0,1,0,1,13,-20,25.6,1,2015-16
22015,203114,Khris Middleton,1610612749,MIL,Milwaukee Bucks,0021501017,2016-03-17,MIL vs. MEM,W,30,4,13,0.308,2,6,0.333,0,0,,1,0,1,2,2,1,3,3,10,-5,20.2,1,2015-16
22015,203948,Johnny O'Bryant III,1610612749,MIL,Milwaukee Bucks,0021501017,2016-03-17,MIL vs. MEM,W,0,0,0,,0,0,,0,0,,0,0,0,0,0,0,0,0,0,0,0.0,1,2015-16
22015,203080,Thomas Robinson,1610612751,BKN,Brooklyn Nets,0021501016,2016-03-17,BKN @ CHI,L,17,2,6,0.333,0,0,,2,4,0.5,3,3,6,0,0,1,3,0,6,-23,13.2,1,2015-16
22015,203900,Markel Brown,1610612751,BKN,Brooklyn Nets,0021501016,2016-03-17,BKN @ CHI,L,16,1,7,0.143,0,2,0.0,0,0,,1,1,2,0,0,0,1,1,2,-22,3.4,1,2015-16
22015,101139,CJ Miles,1610612754,IND,Indiana Pacers,0021501012,2016-03-17,IND vs. TOR,L,12,4,9,0.444,3,7,0.429,2,2,1.0,0,2,2,0,0,2,0,1,13,5,21.4,1,2015-16
22015,201945,Gerald Henderson,1610612757,POR,Portland Trail Blazers,0021501018,2016-03-17,POR @ SAS,L,25,3,5,0.6,1,1,1.0,3,4,0.75,0,4,4,0,0,0,1,4,10,5,13.8,1,2015-16
22015,203943,Noah Vonleh,1610612757,POR,Portland Trail Blazers,0021501018,2016-03-17,POR @ SAS,L,11,4,7,0.571,0,0,,0,0,,2,2,4,0,0,0,1,1,8,-14,11.8,1,2015-16
22015,201942,DeMar DeRozan,1610612761,TOR,Toronto Raptors,0021501012,2016-03-17,TOR @ IND,W,44,9,26,0.346,0,1,0.0,10,12,0.833,1,4,5,3,0,1,1,2,28,10,40.5,1,2015-16
22015,202714,Shelvin Mack,1610612762,UTA,Utah Jazz,0021501019,2016-03-17,UTA vs. PHX,W,29,7,13,0.538,1,2,0.5,0,0,,1,7,8,10,0,0,2,2,15,33,37.6,1,2015-16
22015,203923,James Young,1610612738,BOS,Boston Celtics,0021501023,2016-03-18,BOS @ TOR,L,3,1,2,0.5,1,2,0.5,0,0,,0,0,0,0,0,0,0,0,3,5,3.0,1,2015-16
22015,203935,Marcus Smart,1610612738,BOS,Boston Celtics,0021501023,2016-03-18,BOS @ TOR,L,22,3,9,0.333,1,2,0.5,0,0,,0,4,4,1,0,0,0,3,7,-12,13.3,1,2015-16
22015,2544,LeBron James,1610612739,CLE,Cleveland Cavaliers,0021501020,2016-03-18,CLE @ ORL,W,36,6,15,0.4,0,3,0.0,6,6,1.0,1,6,7,8,1,1,4,3,18,-5,40.4,1,2015-16
22015,202681,Kyrie Irving,1610612739,CLE,Cleveland Cavaliers,0021501020,2016-03-18,CLE @ ORL,W,40,9,17,0.529,2,3,0.667,6,6,1.0,0,1,1,5,0,0,5,1,26,7,29.7,1,2015-16
22015,203521,Matthew Dellavedova,1610612739,CLE,Cleveland Cavaliers,0021501020,2016-03-18,CLE @ ORL,W,21,0,2,0.0,0,1,0.0,1,2,0.5,0,4,4,1,0,0,2,2,1,6,5.3,1,2015-16
22015,204025,Tim Frazier,1610612740,NOP,New Orleans Pelicans,0021501025,2016-03-18,NOP vs. POR,L,27,4,6,0.667,1,1,1.0,4,5,0.8,0,3,3,4,0,0,4,2,13,1,18.6,1,2015-16
22015,101111,Charlie Villanueva,1610612742,DAL,Dallas Mavericks,0021501026,2016-03-18,DAL vs. GSW,L,1,0,0,,0,0,,0,0,,0,0,0,0,0,0,0,0,0,-2,0.0,1,2015-16
22015,101135,David Lee,1610612742,DAL,Dallas Mavericks,0021501026,2016-03-18,DAL vs. GSW,L,27,7,8,0.875,0,0,,2,2,1.0,7,9,16,0,0,1,1,2,16,-24,37.2,1,2015-16
22015,2571,Leandro Barbosa,1610612744,GSW,Golden State Warriors,0021501026,2016-03-18,GSW @ DAL,W,17,2,5,0.4,1,2,0.5,0,0,,0,1,1,2,0,1,0,2,5,22,12.2,1,2015-16
22015,2760,Anderson Varejao,1610612744,GSW,Golden State Warriors,0021501026,2016-03-18,GSW @ DAL,W,9,0,1,0.0,0,0,,0,0,,0,2,2,0,0,1,1,3,0,9,4.4,1,2015-16
22015,101106,Andrew Bogut,1610612744,GSW,Golden State Warriors,0021501026,2016-03-18,GSW @ DAL,W,9,0,1,0.0,0,0,,2,2,1.0,0,2,2,0,0,0,1,1,2,0,3.4,1,2015-16
22015,203546,Ian Clark,1610612744,GSW,Golden State Warriors,0021501026,2016-03-18,GSW @ DAL,W,3,0,1,0.0,0,1,0.0,0,0,,0,1,1,2,0,0,0,0,0,3,4.2,1,2015-16
22015,204028,Tarik Black,1610612747,LAL,Los Angeles Lakers,0021501027,2016-03-18,LAL vs. PHX,L,5,0,0,,0,0,,0,0,,0,0,0,1,0,0,0,1,0,-3,1.5,1,2015-16
22015,1626273,Marcelo Huertas,1610612747,LAL,Los Angeles Lakers,0021501027,2016-03-18,LAL vs. PHX,L,21,2,5,0.4,0,1,0.0,1,1,1.0,1,2,3,10,2,0,3,1,5,5,26.6,1,2015-16
22015,203952,Andrew Wiggins,1610612750,MIN,Minnesota Timberwolves,0021501024,2016-03-18,MIN @ HOU,L,36,8,12,0.667,1,2,0.5,4,4,1.0,1,1,2,5,3,0,4,1,21,-9,35.9,1,2015-16
22015,203138,Hollis Thompson,1610612755,PHI,Philadelphia 76ers,0021501021,2016-03-18,PHI vs. OKC,L,29,5,12,0.417,2,8,0.25,4,5,0.8,1,3,4,3,2,0,0,3,16,-17,31.3,1,2015-16
22015,203457,Nerlens Noel,1610612755,PHI,Philadelphia 76ers,0021501021,2016-03-18,PHI vs. OKC,L,35,5,15,0.333,0,0,,2,3,0.667,5,4,9,2,1,2,2,3,12,-17,32.8,1,2015-16
22015,202720,Jon Leuer,1610612756,PHX,Phoenix Suns,0021501027,2016-03-18,PHX @ LAL,W,15,1,2,0.5,0,1,0.0,3,4,0.75,1,2,3,2,0,2,0,0,5,5,17.6,1,2015-16
22015,202341,James Anderson,1610612758,SAC,Sacramento Kings,0021501022,2016-03-18,SAC @ DET,L,29,4,8,0.5,2,5,0.4,0,0,,0,2,2,0,1,1,0,2,10,0,18.4,1,2015-16
22015,203998,Bruno Caboclo,1610612761,TOR,Toronto Raptors,0021501023,2016-03-18,TOR vs. BOS,W,2,0,0,,0,0,,0,0,,0,0,0,0,0,0,0,0,0,-4,0.0,1,2015-16
22015,2581,Steve Blake,1610612765,DET,Detroit Pistons,0021501022,2016-03-18,DET vs. SAC,W,14,0,1,0.0,0,1,0.0,0,0,,1,0,1,7,0,0,1,0,0,-5,10.7,1,2015-16
22015,202694,Marcus Morris Sr.,1610612765,DET,Detroit Pistons,0021501022,2016-03-18,DET vs. SAC,W,39,8,13,0.615,6,7,0.857,2,2,1.0,0,3,3,2,2,0,3,1,24,7,33.6,1,2015-16
22015,1626169,Stanley Johnson,1610612765,DET,Detroit Pistons,0021501022,2016-03-18,DET vs. SAC,W,22,3,7,0.429,0,3,0.0,0,1,0.0,1,1,2,1,1,1,1,3,6,-10,14.9,1,2015-16
22015,101161,Amir Johnson,1610612738,BOS,Boston Celtics,0021501023,2016-03-18,BOS @ TOR,L,26,3,5,0.6,0,0,,0,0,,1,5,6,0,2,1,2,1,6,-20,20.2,1,2015-16
22015,202738,Isaiah Thomas,1610612738,BOS,Boston Celtics,0021501023,2016-03-18,BOS @ TOR,L,33,7,16,0.438,2,5,0.4,4,4,1.0,0,3,3,3,1,0,3,1,20,-16,28.1,1,2015-16
22015,101112,Channing Frye,1610612739,CLE,Cleveland Cavaliers,0021501020,2016-03-18,CLE @ ORL,W,21,5,8,0.625,4,6,0.667,0,0,,0,1,1,2,0,1,0,3,14,9,21.2,1,2015-16
22015,201950,Jrue Holiday,1610612740,NOP,New Orleans Pelicans,0021501025,2016-03-18,NOP vs. POR,L,38,11,19,0.579,4,4,1.0,4,4,1.0,0,2,2,6,2,0,1,5,30,3,46.4,1,2015-16
22015,201967,Dante Cunningham,1610612740,NOP,New Orleans Pelicans,0021501025,2016-03-18,NOP vs. POR,L,28,1,4,0.25,0,2,0.0,1,2,0.5,1,6,7,1,1,1,0,3,3,1,18.9,1,2015-16
22015,202087,Alonzo Gee,1610612740,NOP,New Orleans Pelicans,0021501025,2016-03-18,NOP vs. POR,L,28,0,1,0.0,0,0,,0,0,,0,5,5,2,1,0,2,2,0,-4,10.0,1,2015-16
22015,1626257,Salah Mejri,1610612742,DAL,Dallas Mavericks,0021501026,2016-03-18,DAL vs. GSW,L,1,0,0,,0,0,,0,0,,0,0,0,0,0,0,0,0,0,-2,0.0,1,2015-16
22015,201578,Marreese Speights,1610612744,GSW,Golden State Warriors,0021501026,2016-03-18,GSW @ DAL,W,17,6,8,0.75,1,2,0.5,0,0,,0,5,5,2,0,1,1,2,13,17,24.0,1,2015-16
22015,202691,Klay Thompson,1610612744,GSW,Golden State Warriors,0021501026,2016-03-18,GSW @ DAL,W,34,14,22,0.636,10,15,0.667,1,1,1.0,0,6,6,2,2,1,3,3,39,2,55.2,1,2015-16
22015,203949,James Michael McAdoo,1610612744,GSW,Golden State Warriors,0021501026,2016-03-18,GSW @ DAL,W,12,1,4,0.25,0,0,,1,2,0.5,2,1,3,1,0,0,1,2,3,-12,7.1,1,2015-16
22015,1891,Jason Terry,1610612745,HOU,Houston Rockets,0021501024,2016-03-18,HOU vs. MIN,W,22,1,6,0.167,0,3,0.0,0,0,,0,0,0,1,1,0,0,1,2,-12,6.5,1,2015-16
22015,203903,Jordan Clarkson,1610612747,LAL,Los Angeles Lakers,0021501027,2016-03-18,LAL vs. PHX,L,25,2,13,0.154,1,5,0.2,3,3,1.0,1,0,1,2,0,0,1,0,8,-14,11.2,1,2015-16
22015,2419,Tayshaun Prince,1610612750,MIN,Minnesota Timberwolves,0021501024,2016-03-18,MIN @ HOU,L,13,1,3,0.333,0,1,0.0,0,0,,0,1,1,2,1,0,0,0,2,4,9.2,1,2015-16
22015,202962,Greg Smith,1610612750,MIN,Minnesota Timberwolves,0021501024,2016-03-18,MIN @ HOU,L,8,0,0,,0,0,,0,2,0.0,0,2,2,0,1,0,1,2,0,6,4.4,1,2015-16
22015,101141,Ersan Ilyasova,1610612753,ORL,Orlando Magic,0021501020,2016-03-18,ORL vs. CLE,L,20,3,8,0.375,0,3,0.0,1,2,0.5,2,3,5,2,1,0,2,0,7,-10,17.0,1,2015-16
22015,202397,Ish Smith,1610612755,PHI,Philadelphia 76ers,0021501021,2016-03-18,PHI vs. OKC,L,29,3,9,0.333,0,2,0.0,0,1,0.0,1,3,4,7,1,0,1,1,6,-21,23.3,1,2015-16
22015,203917,Nik Stauskas,1610612755,PHI,Philadelphia 76ers,0021501021,2016-03-18,PHI vs. OKC,L,34,9,15,0.6,5,7,0.714,0,0,,1,3,4,3,3,0,2,0,23,0,39.3,1,2015-16
22015,203924,Jerami Grant,1610612755,PHI,Philadelphia 76ers,0021501021,2016-03-18,PHI vs. OKC,L,34,4,14,0.286,0,3,0.0,7,12,0.583,2,5,7,2,0,3,2,2,15,-1,33.4,1,2015-16
22015,204456,T.J. McConnell,1610612755,PHI,Philadelphia 76ers,0021501021,2016-03-18,PHI vs. OKC,L,19,3,4,0.75,0,0,,2,2,1.0,0,1,1,5,1,0,1,2,8,7,18.7,1,2015-16
22015,2199,Tyson Chandler,1610612756,PHX,Phoenix Suns,0021501027,2016-03-18,PHX @ LAL,W,33,6,10,0.6,0,0,,0,1,0.0,9,8,17,1,2,2,3,2,12,0,42.9,1,2015-16
22015,101179,Ronnie Price,1610612756,PHX,Phoenix Suns,0021501027,2016-03-18,PHX @ LAL,W,22,2,8,0.25,0,4,0.0,0,0,,0,4,4,2,0,0,0,2,4,6,11.8,1,2015-16
22015,203141,Mirza Teletovic,1610612756,PHX,Phoenix Suns,0021501027,2016-03-18,PHX @ LAL,W,20,2,7,0.286,1,4,0.25,0,0,,0,7,7,3,0,0,2,3,5,8,15.9,1,2015-16
22015,201945,Gerald Henderson,1610612757,POR,Portland Trail Blazers,0021501025,2016-03-18,POR @ NOP,W,28,6,10,0.6,0,2,0.0,7,8,0.875,0,6,6,0,1,0,1,1,19,-7,28.2,1,2015-16
22015,202334,Ed Davis,1610612757,POR,Portland Trail Blazers,0021501025,2016-03-18,POR @ NOP,W,21,4,5,0.8,0,0,,2,2,1.0,4,6,10,0,1,2,0,3,10,-2,31.0,1,2015-16
22015,2406,Caron Butler,1610612758,SAC,Sacramento Kings,0021501022,2016-03-18,SAC @ DET,L,18,2,4,0.5,0,0,,5,5,1.0,1,3,4,2,0,0,0,4,9,3,16.8,1,2015-16
22015,200752,Rudy Gay,1610612758,SAC,Sacramento Kings,0021501022,2016-03-18,SAC @ DET,L,34,7,12,0.583,1,1,1.0,4,4,1.0,1,2,3,0,0,1,2,2,19,-15,23.6,1,2015-16
22015,200765,Rajon Rondo,1610612758,SAC,Sacramento Kings,0021501022,2016-03-18,SAC @ DET,L,37,5,10,0.5,0,1,0.0,0,0,,0,8,8,13,3,0,5,4,10,-8,43.1,1,2015-16
22015,201954,Darren Collison,1610612758,SAC,Sacramento Kings,0021501022,2016-03-18,SAC @ DET,L,32,4,9,0.444,1,3,0.333,1,1,1.0,0,0,0,2,1,0,1,0,10,-3,15.0,1,2015-16
22015,2555,Nick Collison,1610612760,OKC,Oklahoma City Thunder,0021501021,2016-03-18,OKC @ PHI,W,18,3,5,0.6,0,0,,0,0,,1,3,4,1,0,0,2,2,6,5,10.3,1,2015-16
22015,203956,Mitch McGary,1610612760,OKC,Oklahoma City Thunder,0021501021,2016-03-18,OKC @ PHI,W,6,2,3,0.667,0,0,,0,0,,0,1,1,0,0,0,0,1,4,-2,5.2,1,2015-16
22015,1626166,Cameron Payne,1610612760,OKC,Oklahoma City Thunder,0021501021,2016-03-18,OKC @ PHI,W,8,1,2,0.5,0,1,0.0,0,0,,0,0,0,1,0,0,0,1,2,-12,3.5,1,2015-16
22015,2449,Luis Scola,1610612761,TOR,Toronto Raptors,0021501023,2016-03-18,TOR vs. BOS,W,21,7,12,0.583,3,5,0.6,0,0,,1,2,3,0,1,0,0,2,17,2,23.6,1,2015-16
22015,201942,DeMar DeRozan,1610612761,TOR,Toronto Raptors,0021501023,2016-03-18,TOR vs. BOS,W,32,6,14,0.429,1,2,0.5,2,2,1.0,0,7,7,6,1,0,3,4,15,4,32.4,1,2015-16
22015,202340,Avery Bradley,1610612738,BOS,Boston Celtics,0021501023,2016-03-18,BOS @ TOR,L,33,4,13,0.308,0,2,0.0,0,0,,2,2,4,2,3,1,1,1,8,-26,26.8,1,2015-16
22015,1626175,Jordan Mickey,1610612738,BOS,Boston Celtics,0021501023,2016-03-18,BOS @ TOR,L,9,0,2,0.0,0,0,,0,2,0.0,0,0,0,0,0,1,0,2,0,2,3.0,1,2015-16
22015,2210,Richard Jefferson,1610612739,CLE,Cleveland Cavaliers,0021501020,2016-03-18,CLE @ ORL,W,13,1,1,1.0,0,0,,0,0,,0,0,0,0,1,0,0,2,2,9,5.0,1,2015-16
22015,202684,Tristan Thompson,1610612739,CLE,Cleveland Cavaliers,0021501020,2016-03-18,CLE @ ORL,W,28,3,6,0.5,0,0,,5,9,0.556,4,11,15,1,4,2,2,2,11,14,46.5,1,2015-16
22015,2570,Kendrick Perkins,1610612740,NOP,New Orleans Pelicans,0021501025,2016-03-18,NOP vs. POR,L,18,0,1,0.0,0,0,,0,2,0.0,0,5,5,1,1,1,0,3,0,-1,13.5,1,2015-16
22015,202337,Luke Babbitt,1610612740,NOP,New Orleans Pelicans,0021501025,2016-03-18,NOP vs. POR,L,7,1,1,1.0,1,1,1.0,0,0,,0,1,1,0,0,0,0,2,3,4,4.2,1,2015-16
22015,203076,Anthony Davis,1610612740,NOP,New Orleans Pelicans,0021501025,2016-03-18,NOP vs. POR,L,14,8,18,0.444,0,1,0.0,3,3,1.0,1,0,1,0,0,0,0,2,19,-11,20.2,1,2015-16
22015,202083,Wesley Matthews,1610612742,DAL,Dallas Mavericks,0021501026,2016-03-18,DAL vs. GSW,L,32,2,9,0.222,0,5,0.0,2,3,0.667,0,4,4,1,1,0,2,4,6,-1,13.3,1,2015-16
22015,202718,Chandler Parsons,1610612742,DAL,Dallas Mavericks,0021501026,2016-03-18,DAL vs. GSW,L,22,4,8,0.5,2,4,0.5,4,4,1.0,1,2,3,0,3,0,1,0,14,14,25.6,1,2015-16
22015,201575,Brandon Rush,1610612744,GSW,Golden State Warriors,0021501026,2016-03-18,GSW @ DAL,W,15,0,1,0.0,0,1,0.0,0,0,,0,2,2,1,0,1,0,2,0,4,6.9,1,2015-16
22015,203110,Draymond Green,1610612744,GSW,Golden State Warriors,0021501026,2016-03-18,GSW @ DAL,W,36,5,8,0.625,2,2,1.0,3,3,1.0,0,4,4,8,1,1,4,2,15,17,33.8,1,2015-16
22015,2772,Trevor Ariza,1610612745,HOU,Houston Rockets,0021501024,2016-03-18,HOU vs. MIN,W,35,5,10,0.5,1,5,0.2,4,6,0.667,0,2,2,4,1,0,0,2,15,9,26.4,1,2015-16
22015,201147,Corey Brewer,1610612745,HOU,Houston Rockets,0021501024,2016-03-18,HOU vs. MIN,W,8,0,0,,0,0,,0,0,,0,0,0,0,0,1,1,0,0,-6,2.0,1,2015-16
22015,203909,KJ McDaniels,1610612745,HOU,Houston Rockets,0021501024,2016-03-18,HOU vs. MIN,W,6,0,1,0.0,0,1,0.0,0,0,,1,0,1,0,0,0,1,0,0,2,0.2,1,2015-16
22015,203991,Clint Capela,1610612745,HOU,Houston Rockets,0021501024,2016-03-18,HOU vs. MIN,W,14,4,5,0.8,0,0,,0,0,,1,2,3,0,1,1,0,0,8,-3,17.6,1,2015-16
22015,203527,Ryan Kelly,1610612747,LAL,Los Angeles Lakers,0021501027,2016-03-18,LAL vs. PHX,L,21,2,5,0.4,0,1,0.0,4,6,0.667,0,9,9,0,0,0,1,1,8,1,17.8,1,2015-16
22015,203476,Gorgui Dieng,1610612750,MIN,Minnesota Timberwolves,0021501024,2016-03-18,MIN @ HOU,L,36,3,11,0.273,0,0,,7,8,0.875,3,6,9,5,2,1,1,4,13,-9,39.3,1,2015-16
22015,203940,Adreian Payne,1610612750,MIN,Minnesota Timberwolves,0021501024,2016-03-18,MIN @ HOU,L,6,0,2,0.0,0,0,,0,0,,1,1,2,2,0,0,0,0,0,2,5.4,1,2015-16
22015,201160,Jason Smith,1610612753,ORL,Orlando Magic,0021501020,2016-03-18,ORL vs. CLE,L,25,4,10,0.4,0,0,,2,2,1.0,1,4,5,1,3,1,1,4,10,-10,28.5,1,2015-16
22015,201943,Brandon Jennings,1610612753,ORL,Orlando Magic,0021501020,2016-03-18,ORL vs. CLE,L,32,1,8,0.125,0,2,0.0,0,0,,0,1,1,7,1,0,2,0,2,4,14.7,1,2015-16
22015,203095,Evan Fournier,1610612753,ORL,Orlando Magic,0021501020,2016-03-18,ORL vs. CLE,L,36,6,15,0.4,2,3,0.667,4,4,1.0,2,2,4,2,2,0,1,6,18,5,30.8,1,2015-16
22015,203473,Dewayne Dedmon,1610612753,ORL,Orlando Magic,0021501020,2016-03-18,ORL vs. CLE,L,18,2,3,0.667,0,0,,2,2,1.0,0,6,6,1,0,1,1,2,6,5,16.7,1,2015-16
22015,203506,Victor Oladipo,1610612753,ORL,Orlando Magic,0021501020,2016-03-18,ORL vs. CLE,L,39,16,22,0.727,6,7,0.857,7,8,0.875,1,4,5,3,3,2,3,3,45,-1,67.5,1,2015-16
22015,1626209,Mario Hezonja,1610612753,ORL,Orlando Magic,0021501020,2016-03-18,ORL vs. CLE,L,16,1,3,0.333,1,3,0.333,0,0,,0,0,0,2,1,0,2,2,3,-10,7.0,1,2015-16
22015,1882,Elton Brand,1610612755,PHI,Philadelphia 76ers,0021501021,2016-03-18,PHI vs. OKC,L,8,1,3,0.333,0,0,,1,2,0.5,0,1,1,0,0,0,0,2,3,-2,4.2,1,2015-16
22015,200782,P.J. Tucker,1610612756,PHX,Phoenix Suns,0021501027,2016-03-18,PHX @ LAL,W,33,5,11,0.455,2,6,0.333,1,2,0.5,0,6,6,0,1,1,1,3,13,0,25.2,1,2015-16
22015,2549,Chris Kaman,1610612757,POR,Portland Trail Blazers,0021501025,2016-03-18,POR @ NOP,W,1,0,0,,0,0,,0,0,,0,1,1,0,0,0,0,2,0,-1,1.2,1,2015-16
22015,203112,Quincy Acy,1610612758,SAC,Sacramento Kings,0021501022,2016-03-18,SAC @ DET,L,18,1,3,0.333,0,0,,4,6,0.667,2,1,3,1,1,0,1,2,6,-6,13.1,1,2015-16
22015,203552,Seth Curry,1610612758,SAC,Sacramento Kings,0021501022,2016-03-18,SAC @ DET,L,4,1,1,1.0,0,0,,0,0,,0,0,0,0,0,0,0,0,2,2,2.0,1,2015-16
22015,201566,Russell Westbrook,1610612760,OKC,Oklahoma City Thunder,0021501021,2016-03-18,OKC @ PHI,W,32,8,20,0.4,2,5,0.4,2,4,0.5,3,12,15,10,1,2,5,2,20,27,57.0,1,2015-16
22015,203460,Andre Roberson,1610612760,OKC,Oklahoma City Thunder,0021501021,2016-03-18,OKC @ PHI,W,20,2,4,0.5,1,3,0.333,0,0,,0,4,4,0,1,0,1,2,5,6,11.8,1,2015-16
22015,200768,Kyle Lowry,1610612761,TOR,Toronto Raptors,0021501023,2016-03-18,TOR vs. BOS,W,37,9,14,0.643,5,8,0.625,9,14,0.643,1,3,4,5,2,1,3,2,32,20,50.3,1,2015-16
22015,202335,Patrick Patterson,1610612761,TOR,Toronto Raptors,0021501023,2016-03-18,TOR vs. BOS,W,20,3,5,0.6,1,2,0.5,0,0,,0,2,2,0,0,1,1,2,7,15,11.4,1,2015-16
22015,203082,Terrence Ross,1610612761,TOR,Toronto Raptors,0021501023,2016-03-18,TOR vs. BOS,W,25,4,10,0.4,1,5,0.2,0,0,,0,2,2,2,2,0,0,1,9,16,20.4,1,2015-16
22015,1626153,Delon Wright,1610612761,TOR,Toronto Raptors,0021501023,2016-03-18,TOR vs. BOS,W,2,0,0,,0,0,,0,0,,0,0,0,0,0,0,0,0,0,-4,0.0,1,2015-16
22015,202699,Tobias Harris,1610612765,DET,Detroit Pistons,0021501022,2016-03-18,DET vs. SAC,W,35,6,14,0.429,1,4,0.25,4,4,1.0,0,5,5,3,0,0,1,3,17,17,26.5,1,2015-16
22015,203083,Andre Drummond,1610612765,DET,Detroit Pistons,0021501022,2016-03-18,DET vs. SAC,W,28,7,9,0.778,0,0,,0,1,0.0,4,7,11,1,2,3,2,5,14,11,41.7,1,2015-16
22015,202323,Evan Turner,1610612738,BOS,Boston Celtics,0021501023,2016-03-18,BOS @ TOR,L,31,4,9,0.444,0,1,0.0,4,4,1.0,0,5,5,2,2,0,2,2,12,-12,25.0,1,2015-16
22015,203482,Kelly Olynyk,1610612738,BOS,Boston Celtics,0021501023,2016-03-18,BOS @ TOR,L,30,2,7,0.286,1,4,0.25,0,0,,1,3,4,3,0,0,2,3,5,2,12.3,1,2015-16
22015,1626154,RJ Hunter,1610612738,BOS,Boston Celtics,0021501023,2016-03-18,BOS @ TOR,L,14,3,3,1.0,2,2,1.0,0,0,,0,0,0,1,0,0,3,0,8,3,6.5,1,2015-16
22015,201583,Ryan Anderson,1610612740,NOP,New Orleans Pelicans,0021501025,2016-03-18,NOP vs. POR,L,37,10,21,0.476,2,9,0.222,8,8,1.0,1,6,7,3,0,1,0,1,30,10,45.9,1,2015-16
22015,201962,Toney Douglas,1610612740,NOP,New Orleans Pelicans,0021501025,2016-03-18,NOP vs. POR,L,31,4,10,0.4,2,3,0.667,2,4,0.5,0,1,1,6,2,0,0,4,12,-16,28.2,1,2015-16
22015,2585,Zaza Pachulia,1610612742,DAL,Dallas Mavericks,0021501026,2016-03-18,DAL vs. GSW,L,3,0,1,0.0,0,0,,2,2,1.0,1,0,1,0,0,0,0,0,2,-3,3.2,1,2015-16
22015,101114,Deron Williams,1610612742,DAL,Dallas Mavericks,0021501026,2016-03-18,DAL vs. GSW,L,28,4,13,0.308,1,4,0.25,2,2,1.0,0,3,3,7,0,0,2,3,11,-3,23.1,1,2015-16
22015,1626147,Justin Anderson,1610612742,DAL,Dallas Mavericks,0021501026,2016-03-18,DAL vs. GSW,L,14,0,2,0.0,0,1,0.0,0,0,,1,2,3,0,0,1,0,0,0,-17,6.6,1,2015-16
22015,2733,Shaun Livingston,1610612744,GSW,Golden State Warriors,0021501026,2016-03-18,GSW @ DAL,W,18,1,5,0.2,0,0,,0,0,,1,1,2,5,2,0,0,0,2,25,17.9,1,2015-16
22015,201563,Michael Beasley,1610612745,HOU,Houston Rockets,0021501024,2016-03-18,HOU vs. MIN,W,26,8,14,0.571,1,1,1.0,0,0,,1,5,6,0,0,1,0,3,17,-8,27.2,1,2015-16
22015,201976,Patrick Beverley,1610612745,HOU,Houston Rockets,0021501024,2016-03-18,HOU vs. MIN,W,36,6,10,0.6,5,9,0.556,1,2,0.5,2,3,5,10,1,1,3,5,18,12,42.0,1,2015-16
22015,202700,Donatas Motiejunas,1610612745,HOU,Houston Rockets,0021501024,2016-03-18,HOU vs. MIN,W,26,8,12,0.667,1,2,0.5,0,0,,3,6,9,1,1,2,1,3,17,9,37.3,1,2015-16
22015,1897,Metta World Peace,1610612747,LAL,Los Angeles Lakers,0021501027,2016-03-18,LAL vs. PHX,L,22,2,6,0.333,1,4,0.25,1,2,0.5,0,3,3,1,1,0,1,2,6,-6,13.1,1,2015-16
22015,1626156,D'Angelo Russell,1610612747,LAL,Los Angeles Lakers,0021501027,2016-03-18,LAL vs. PHX,L,21,2,10,0.2,0,2,0.0,5,6,0.833,1,2,3,4,0,0,2,1,9,-6,16.6,1,2015-16
22015,201937,Ricky Rubio,1610612750,MIN,Minnesota Timberwolves,0021501024,2016-03-18,MIN @ HOU,L,32,6,9,0.667,1,4,0.25,1,1,1.0,0,3,3,6,0,1,5,1,14,-12,24.6,1,2015-16
22015,203897,Zach LaVine,1610612750,MIN,Minnesota Timberwolves,0021501024,2016-03-18,MIN @ HOU,L,35,6,15,0.4,3,5,0.6,0,0,,1,1,2,3,4,1,0,3,15,-12,36.9,1,2015-16
22015,1626145,Tyus Jones,1610612750,MIN,Minnesota Timberwolves,0021501024,2016-03-18,MIN @ HOU,L,16,1,4,0.25,0,1,0.0,0,0,,0,2,2,4,0,0,0,1,2,7,10.4,1,2015-16
22015,1626157,Karl-Anthony Towns,1610612750,MIN,Minnesota Timberwolves,0021501024,2016-03-18,MIN @ HOU,L,40,13,22,0.591,0,2,0.0,6,7,0.857,4,7,11,1,2,1,1,2,32,-9,54.7,1,2015-16
22015,201171,Carl Landry,1610612755,PHI,Philadelphia 76ers,0021501021,2016-03-18,PHI vs. OKC,L,12,2,7,0.286,0,1,0.0,0,0,,0,0,0,0,0,0,0,0,4,0,4.0,1,2015-16
22015,203477,Isaiah Canaan,1610612755,PHI,Philadelphia 76ers,0021501021,2016-03-18,PHI vs. OKC,L,31,3,9,0.333,3,7,0.429,1,2,0.5,0,4,4,2,3,0,0,1,10,-21,26.8,1,2015-16
22015,203098,John Jenkins,1610612756,PHX,Phoenix Suns,0021501027,2016-03-18,PHX @ LAL,W,5,2,2,1.0,1,1,1.0,4,4,1.0,0,0,0,0,0,0,0,0,9,-5,9.0,1,2015-16
22015,1626164,Devin Booker,1610612756,PHX,Phoenix Suns,0021501027,2016-03-18,PHX @ LAL,W,36,5,18,0.278,1,5,0.2,10,10,1.0,1,4,5,7,1,0,2,4,21,9,38.5,1,2015-16
22015,202329,Al-Farouq Aminu,1610612757,POR,Portland Trail Blazers,0021501025,2016-03-18,POR @ NOP,W,29,2,5,0.4,1,4,0.25,2,2,1.0,2,3,5,1,1,0,0,1,7,9,17.5,1,2015-16
22015,203081,Damian Lillard,1610612757,POR,Portland Trail Blazers,0021501025,2016-03-18,POR @ NOP,W,35,9,19,0.474,3,8,0.375,12,12,1.0,0,8,8,6,0,1,4,3,33,-4,50.6,1,2015-16
22015,203459,Allen Crabbe,1610612757,POR,Portland Trail Blazers,0021501025,2016-03-18,POR @ NOP,W,28,0,5,0.0,0,3,0.0,1,2,0.5,0,3,3,0,0,0,0,2,1,-7,4.6,1,2015-16
22015,203468,CJ McCollum,1610612757,POR,Portland Trail Blazers,0021501025,2016-03-18,POR @ NOP,W,36,11,23,0.478,4,7,0.571,4,5,0.8,0,3,3,6,0,0,2,5,30,21,40.6,1,2015-16
22015,203486,Mason Plumlee,1610612757,POR,Portland Trail Blazers,0021501025,2016-03-18,POR @ NOP,W,30,2,4,0.5,0,0,,7,8,0.875,0,6,6,4,0,0,2,3,11,6,22.2,1,2015-16
22015,203943,Noah Vonleh,1610612757,POR,Portland Trail Blazers,0021501025,2016-03-18,POR @ NOP,W,12,2,2,1.0,1,1,1.0,1,1,1.0,0,1,1,0,0,0,1,4,6,9,6.2,1,2015-16
22015,201585,Kosta Koufos,1610612758,SAC,Sacramento Kings,0021501022,2016-03-18,SAC @ DET,L,17,4,5,0.8,0,0,,1,2,0.5,1,4,5,0,0,1,0,1,9,5,18.0,1,2015-16
22015,202326,DeMarcus Cousins,1610612758,SAC,Sacramento Kings,0021501022,2016-03-18,SAC @ DET,L,35,11,21,0.524,0,3,0.0,9,11,0.818,2,8,10,3,2,1,2,5,31,-17,54.5,1,2015-16
22015,203500,Steven Adams,1610612760,OKC,Oklahoma City Thunder,0021501021,2016-03-18,OKC @ PHI,W,26,6,10,0.6,0,0,,0,0,,4,7,11,1,0,3,0,1,12,29,35.7,1,2015-16
22015,202687,Bismack Biyombo,1610612761,TOR,Toronto Raptors,0021501023,2016-03-18,TOR vs. BOS,W,24,1,4,0.25,0,0,,2,2,1.0,3,8,11,2,0,2,0,3,4,6,26.2,1,2015-16
22015,203512,Lucas Nogueira,1610612761,TOR,Toronto Raptors,0021501023,2016-03-18,TOR vs. BOS,W,7,1,2,0.5,0,0,,0,2,0.0,2,0,2,0,0,2,1,0,2,-5,9.4,1,2015-16
22015,1626181,Norman Powell,1610612761,TOR,Toronto Raptors,0021501023,2016-03-18,TOR vs. BOS,W,22,3,5,0.6,2,3,0.667,2,2,1.0,0,2,2,0,0,0,2,1,10,-3,10.4,1,2015-16
22015,202704,Reggie Jackson,1610612765,DET,Detroit Pistons,0021501022,2016-03-18,DET vs. SAC,W,34,8,23,0.348,1,4,0.25,2,2,1.0,2,5,7,9,0,0,5,4,19,12,35.9,1,2015-16
22015,203493,Reggie Bullock Jr.,1610612765,DET,Detroit Pistons,0021501022,2016-03-18,DET vs. SAC,W,11,1,1,1.0,1,1,1.0,0,0,,1,4,5,0,0,0,0,0,3,-3,9.0,1,2015-16
22015,203092,Tyler Zeller,1610612738,BOS,Boston Celtics,0021501023,2016-03-18,BOS @ TOR,L,11,2,4,0.5,0,0,,2,2,1.0,1,3,4,0,0,0,0,1,6,2,10.8,1,2015-16
22015,203096,Jared Sullinger,1610612738,BOS,Boston Celtics,0021501023,2016-03-18,BOS @ TOR,L,17,3,7,0.429,0,1,0.0,0,0,,1,3,4,1,0,0,2,3,6,-11,10.3,1,2015-16
22015,1626179,Terry Rozier,1610612738,BOS,Boston Celtics,0021501023,2016-03-18,BOS @ TOR,L,10,3,4,0.75,1,1,1.0,0,0,,1,2,3,5,0,0,0,1,7,8,18.1,1,2015-16
22015,2747,JR Smith,1610612739,CLE,Cleveland Cavaliers,0021501020,2016-03-18,CLE @ ORL,W,24,3,7,0.429,2,5,0.4,0,0,,0,0,0,2,0,0,1,2,8,-3,10.0,1,2015-16
22015,202389,Timofey Mozgov,1610612739,CLE,Cleveland Cavaliers,0021501020,2016-03-18,CLE @ ORL,W,13,3,4,0.75,0,0,,1,2,0.5,2,2,4,0,0,0,1,2,7,-14,10.8,1,2015-16
22015,202697,Iman Shumpert,1610612739,CLE,Cleveland Cavaliers,0021501020,2016-03-18,CLE @ ORL,W,22,3,6,0.5,2,5,0.4,0,0,,1,2,3,2,1,0,1,1,8,12,16.6,1,2015-16
22015,201600,Omer Asik,1610612740,NOP,New Orleans Pelicans,0021501025,2016-03-18,NOP vs. POR,L,13,1,2,0.5,0,0,,0,0,,0,2,2,0,0,1,0,2,2,-12,7.4,1,2015-16
22015,1717,Dirk Nowitzki,1610612742,DAL,Dallas Mavericks,0021501026,2016-03-18,DAL vs. GSW,L,33,9,16,0.563,3,6,0.5,3,3,1.0,1,8,9,4,0,3,0,2,24,-2,49.8,1,2015-16
22015,2734,Devin Harris,1610612742,DAL,Dallas Mavericks,0021501026,2016-03-18,DAL vs. GSW,L,20,2,7,0.286,0,2,0.0,4,4,1.0,0,2,2,0,0,1,2,2,8,-18,11.4,1,2015-16
22015,101109,Raymond Felton,1610612742,DAL,Dallas Mavericks,0021501026,2016-03-18,DAL vs. GSW,L,27,6,11,0.545,1,2,0.5,0,0,,0,2,2,6,0,2,0,1,13,-8,30.4,1,2015-16
22015,201939,Stephen Curry,1610612744,GSW,Golden State Warriors,0021501026,2016-03-18,GSW @ DAL,W,34,12,26,0.462,6,12,0.5,1,1,1.0,1,8,9,10,2,0,1,2,31,7,61.8,1,2015-16
22015,203084,Harrison Barnes,1610612744,GSW,Golden State Warriors,0021501026,2016-03-18,GSW @ DAL,W,36,7,13,0.538,2,3,0.667,4,5,0.8,1,4,5,2,1,1,0,2,20,-4,35.0,1,2015-16
22015,201935,James Harden,1610612745,HOU,Houston Rockets,0021501024,2016-03-18,HOU vs. MIN,W,38,11,20,0.55,3,8,0.375,4,4,1.0,0,5,5,14,3,0,9,2,29,10,56.0,1,2015-16
22015,101138,Brandon Bass,1610612747,LAL,Los Angeles Lakers,0021501027,2016-03-18,LAL vs. PHX,L,24,5,11,0.455,0,0,,0,0,,4,2,6,0,0,1,0,1,10,1,20.2,1,2015-16
22015,201579,Roy Hibbert,1610612747,LAL,Los Angeles Lakers,0021501027,2016-03-18,LAL vs. PHX,L,18,2,2,1.0,0,0,,2,2,1.0,1,7,8,0,1,1,0,3,6,-3,21.6,1,2015-16
22015,203944,Julius Randle,1610612747,LAL,Los Angeles Lakers,0021501027,2016-03-18,LAL vs. PHX,L,26,1,9,0.111,0,0,,0,0,,0,9,9,0,0,0,1,1,2,-8,11.8,1,2015-16
22015,1626204,Larry Nance Jr.,1610612747,LAL,Los Angeles Lakers,0021501027,2016-03-18,LAL vs. PHX,L,28,3,8,0.375,0,1,0.0,0,0,,3,2,5,0,0,3,2,4,6,3,19.0,1,2015-16
22015,203498,Shabazz Muhammad,1610612750,MIN,Minnesota Timberwolves,0021501024,2016-03-18,MIN @ HOU,L,18,5,7,0.714,1,1,1.0,1,2,0.5,1,0,1,2,1,0,0,0,12,7,19.2,1,2015-16
22015,203906,Devyn Marble,1610612753,ORL,Orlando Magic,0021501020,2016-03-18,ORL vs. CLE,L,5,0,1,0.0,0,1,0.0,0,0,,0,0,0,1,1,0,0,1,0,-8,4.5,1,2015-16
22015,203932,Aaron Gordon,1610612753,ORL,Orlando Magic,0021501020,2016-03-18,ORL vs. CLE,L,31,2,8,0.25,1,2,0.5,2,4,0.5,3,7,10,3,0,0,1,2,7,5,22.5,1,2015-16
22015,201603,Sonny Weems,1610612755,PHI,Philadelphia 76ers,0021501021,2016-03-18,PHI vs. OKC,L,10,0,1,0.0,0,1,0.0,0,0,,0,2,2,0,0,0,0,3,0,2,2.4,1,2015-16
22015,202688,Brandon Knight,1610612756,PHX,Phoenix Suns,0021501027,2016-03-18,PHX @ LAL,W,33,7,20,0.35,3,8,0.375,5,5,1.0,3,3,6,3,1,1,0,3,22,0,39.7,1,2015-16
22015,203458,Alex Len,1610612756,PHX,Phoenix Suns,0021501027,2016-03-18,PHX @ LAL,W,28,1,9,0.111,0,0,,0,0,,2,5,7,1,0,0,3,4,2,-3,8.9,1,2015-16
22015,203090,Maurice Harkless,1610612757,POR,Portland Trail Blazers,0021501025,2016-03-18,POR @ NOP,W,20,0,5,0.0,0,2,0.0,0,0,,0,2,2,0,1,0,2,2,0,1,3.4,1,2015-16
22015,201158,Marco Belinelli,1610612758,SAC,Sacramento Kings,0021501022,2016-03-18,SAC @ DET,L,17,1,6,0.167,0,2,0.0,0,0,,0,0,0,0,0,0,0,0,2,4,2.0,1,2015-16
22015,200751,Randy Foye,1610612760,OKC,Oklahoma City Thunder,0021501021,2016-03-18,OKC @ PHI,W,27,2,6,0.333,1,5,0.2,4,4,1.0,2,0,2,5,1,1,0,4,9,6,24.9,1,2015-16
22015,202713,Kyle Singler,1610612760,OKC,Oklahoma City Thunder,0021501021,2016-03-18,OKC @ PHI,W,21,1,3,0.333,0,0,,0,0,,3,2,5,1,0,0,1,2,2,2,8.5,1,2015-16
22015,203079,Dion Waiters,1610612760,OKC,Oklahoma City Thunder,0021501021,2016-03-18,OKC @ PHI,W,24,3,10,0.3,1,3,0.333,2,4,0.5,0,1,1,2,0,0,0,1,9,3,13.2,1,2015-16
22015,202709,Cory Joseph,1610612761,TOR,Toronto Raptors,0021501023,2016-03-18,TOR vs. BOS,W,26,2,8,0.25,0,1,0.0,0,0,,0,2,2,2,3,0,2,1,4,13,16.4,1,2015-16
22015,203382,Aron Baynes,1610612765,DET,Detroit Pistons,0021501022,2016-03-18,DET vs. SAC,W,20,3,8,0.375,0,0,,3,4,0.75,4,5,9,0,0,2,0,2,9,-4,25.8,1,2015-16
22015,203484,Kentavious Caldwell-Pope,1610612765,DET,Detroit Pistons,0021501022,2016-03-18,DET vs. SAC,W,37,8,16,0.5,3,6,0.5,4,4,1.0,3,3,6,2,2,0,2,4,23,10,37.2,1,2015-16
22015,1626262,Coty Clarke,1610612738,BOS,Boston Celtics,0021501023,2016-03-18,BOS @ TOR,L,3,1,1,1.0,1,1,1.0,0,0,,0,0,0,0,0,0,0,0,3,5,3.0,1,2015-16
22015,201567,Kevin Love,1610612739,CLE,Cleveland Cavaliers,0021501020,2016-03-18,CLE @ ORL,W,23,5,10,0.5,3,5,0.6,1,2,0.5,1,5,6,2,0,0,3,3,14,-5,21.2,1,2015-16
22015,200826,J.J. Barea,1610612742,DAL,Dallas Mavericks,0021501026,2016-03-18,DAL vs. GSW,L,28,6,16,0.375,2,4,0.5,2,2,1.0,0,3,3,7,0,0,4,1,16,-20,26.1,1,2015-16
22015,203939,Dwight Powell,1610612742,DAL,Dallas Mavericks,0021501026,2016-03-18,DAL vs. GSW,L,2,1,2,0.5,0,1,0.0,0,0,,0,0,0,0,0,0,0,0,2,-4,2.0,1,2015-16
22015,2730,Dwight Howard,1610612745,HOU,Houston Rockets,0021501024,2016-03-18,HOU vs. MIN,W,29,5,7,0.714,0,0,,0,2,0.0,5,6,11,1,1,1,2,3,10,12,28.7,1,2015-16
22015,101150,Lou Williams,1610612747,LAL,Los Angeles Lakers,0021501027,2016-03-18,LAL vs. PHX,L,29,10,17,0.588,4,9,0.444,6,6,1.0,1,2,3,3,0,1,1,6,30,5,40.1,1,2015-16
22015,201228,C.J. Watson,1610612753,ORL,Orlando Magic,0021501020,2016-03-18,ORL vs. CLE,L,16,2,4,0.5,1,1,1.0,0,0,,0,0,0,2,0,0,0,4,5,-10,8.0,1,2015-16
22015,201978,Chase Budinger,1610612756,PHX,Phoenix Suns,0021501027,2016-03-18,PHX @ LAL,W,15,1,2,0.5,0,1,0.0,0,0,,1,1,2,0,0,0,0,0,2,5,4.4,1,2015-16
22015,201142,Kevin Durant,1610612760,OKC,Oklahoma City Thunder,0021501021,2016-03-18,OKC @ PHI,W,34,11,16,0.688,1,4,0.25,3,3,1.0,1,12,13,6,0,1,5,4,26,13,48.6,1,2015-16
22015,202683,Enes Freedom,1610612760,OKC,Oklahoma City Thunder,0021501021,2016-03-18,OKC @ PHI,W,23,6,10,0.6,1,1,1.0,3,3,1.0,2,5,7,0,0,1,6,4,16,-7,21.4,1,2015-16
22015,201574,Jason Thompson,1610612761,TOR,Toronto Raptors,0021501023,2016-03-18,TOR vs. BOS,W,24,1,3,0.333,0,2,0.0,3,3,1.0,0,5,5,1,1,2,0,3,5,10,21.5,1,2015-16
22015,203501,Tim Hardaway Jr.,1610612737,ATL,Atlanta Hawks,0021501029,2016-03-19,ATL vs. HOU,W,20,7,11,0.636,5,7,0.714,1,1,1.0,0,3,3,0,2,0,0,1,20,11,29.6,1,2015-16
22015,2544,LeBron James,1610612739,CLE,Cleveland Cavaliers,0021501033,2016-03-19,CLE @ MIA,L,27,13,20,0.65,0,3,0.0,0,0,,0,3,3,3,1,0,3,1,26,-23,34.1,1,2015-16
22015,201619,Sasha Kaun,1610612739,CLE,Cleveland Cavaliers,0021501033,2016-03-19,CLE @ MIA,L,3,0,0,,0,0,,1,2,0.5,0,0,0,0,0,0,0,0,1,2,1.0,1,2015-16
22015,201166,Aaron Brooks,1610612741,CHI,Chicago Bulls,0021501034,2016-03-19,CHI vs. UTA,W,17,2,4,0.5,0,2,0.0,0,0,,0,1,1,2,0,0,2,2,4,2,6.2,1,2015-16
22015,203914,Gary Harris,1610612743,DEN,Denver Nuggets,0021501028,2016-03-19,DEN @ CHA,W,37,5,7,0.714,1,2,0.5,2,2,1.0,2,2,4,1,0,0,3,1,13,-2,16.3,1,2015-16
22015,203949,James Michael McAdoo,1610612744,GSW,Golden State Warriors,0021501036,2016-03-19,GSW @ SAS,L,9,2,2,1.0,0,0,,0,0,,1,0,1,1,0,0,0,3,4,-1,6.7,1,2015-16
22015,1891,Jason Terry,1610612745,HOU,Houston Rockets,0021501029,2016-03-19,HOU @ ATL,L,17,1,4,0.25,1,3,0.333,0,0,,0,0,0,1,1,0,0,1,3,-9,7.5,1,2015-16
22015,201147,Corey Brewer,1610612745,HOU,Houston Rockets,0021501029,2016-03-19,HOU @ ATL,L,13,0,3,0.0,0,2,0.0,0,0,,0,0,0,0,0,1,2,2,0,-12,1.0,1,2015-16
22015,201563,Michael Beasley,1610612745,HOU,Houston Rockets,0021501029,2016-03-19,HOU @ ATL,L,28,12,18,0.667,0,0,,6,6,1.0,2,7,9,0,0,0,5,3,30,-11,35.8,1,2015-16
22015,201935,James Harden,1610612745,HOU,Houston Rockets,0021501029,2016-03-19,HOU @ ATL,L,37,7,17,0.412,3,5,0.6,8,8,1.0,1,5,6,8,1,1,3,2,25,-4,47.2,1,2015-16
22015,200755,JJ Redick,1610612746,LAC,LA Clippers,0021501035,2016-03-19,LAC @ MEM,L,24,4,9,0.444,1,3,0.333,0,0,,0,1,1,3,0,1,1,3,9,-18,16.7,1,2015-16
22015,201601,Luc Mbah a Moute,1610612746,LAC,LA Clippers,0021501035,2016-03-19,LAC @ MEM,L,17,1,3,0.333,0,0,,0,0,,1,0,1,1,0,0,2,0,2,-7,2.7,1,2015-16
22015,202332,Cole Aldrich,1610612746,LAC,LA Clippers,0021501035,2016-03-19,LAC @ MEM,L,14,0,2,0.0,0,0,,2,2,1.0,1,3,4,2,2,4,2,2,2,13,25.8,1,2015-16
22015,203085,Austin Rivers,1610612746,LAC,LA Clippers,0021501035,2016-03-19,LAC @ MEM,L,21,2,5,0.4,1,3,0.333,5,6,0.833,1,3,4,2,0,0,2,1,10,12,15.8,1,2015-16
22015,203912,C.J. Wilcox,1610612746,LAC,LA Clippers,0021501035,2016-03-19,LAC @ MEM,L,1,1,1,1.0,0,0,,1,2,0.5,0,0,0,0,0,0,0,0,3,1,3.0,1,2015-16
22015,2207,Joe Johnson,1610612748,MIA,Miami Heat,0021501033,2016-03-19,MIA vs. CLE,W,31,7,11,0.636,4,6,0.667,0,0,,1,2,3,2,2,0,0,0,18,30,30.6,1,2015-16
22015,201177,Josh McRoberts,1610612748,MIA,Miami Heat,0021501033,2016-03-19,MIA vs. CLE,W,12,0,1,0.0,0,0,,2,2,1.0,0,0,0,1,1,0,0,1,2,0,6.5,1,2015-16
22015,201609,Goran Dragic,1610612748,MIA,Miami Heat,0021501033,2016-03-19,MIA vs. CLE,W,29,7,12,0.583,0,0,,4,4,1.0,1,3,4,11,1,0,2,1,18,15,40.3,1,2015-16
22015,1626196,Josh Richardson,1610612748,MIA,Miami Heat,0021501033,2016-03-19,MIA vs. CLE,W,32,6,9,0.667,4,6,0.667,3,4,0.75,0,2,2,2,1,1,2,0,19,10,28.4,1,2015-16
22015,202711,Bojan Bogdanovic,1610612751,BKN,Brooklyn Nets,0021501030,2016-03-19,BKN @ DET,L,33,7,16,0.438,3,7,0.429,2,2,1.0,0,5,5,2,0,0,2,2,19,-5,26.0,1,2015-16
22015,203186,Willie Reed,1610612751,BKN,Brooklyn Nets,0021501030,2016-03-19,BKN @ DET,L,28,3,6,0.5,0,0,,7,8,0.875,0,6,6,0,0,2,1,4,13,-3,25.2,1,2015-16
22015,203508,Sergey Karasev,1610612751,BKN,Brooklyn Nets,0021501030,2016-03-19,BKN @ DET,L,15,1,1,1.0,0,0,,0,0,,0,1,1,1,0,0,0,2,2,-7,4.7,1,2015-16
22015,203930,Sean Kilpatrick,1610612751,BKN,Brooklyn Nets,0021501030,2016-03-19,BKN @ DET,L,21,5,8,0.625,2,2,1.0,3,4,0.75,0,2,2,0,0,0,1,2,15,-10,16.4,1,2015-16
22015,204038,Langston Galloway,1610612752,NYK,New York Knicks,0021501032,2016-03-19,NYK @ WAS,L,20,4,10,0.4,1,3,0.333,0,1,0.0,0,2,2,4,1,2,0,2,9,7,26.4,1,2015-16
22015,101139,CJ Miles,1610612754,IND,Indiana Pacers,0021501031,2016-03-19,IND vs. OKC,L,5,0,2,0.0,0,1,0.0,0,0,,0,1,1,1,1,0,0,0,0,-8,5.7,1,2015-16
22015,1495,Tim Duncan,1610612759,SAS,San Antonio Spurs,0021501036,2016-03-19,SAS vs. GSW,W,8,0,1,0.0,0,0,,1,2,0.5,2,0,2,0,0,0,2,1,1,-3,1.4,1,2015-16
22015,2561,David West,1610612759,SAS,San Antonio Spurs,0021501036,2016-03-19,SAS vs. GSW,W,8,0,2,0.0,0,0,,0,0,,0,1,1,1,0,0,0,0,0,-5,2.7,1,2015-16
22015,203460,Andre Roberson,1610612760,OKC,Oklahoma City Thunder,0021501031,2016-03-19,OKC @ IND,W,29,1,2,0.5,0,1,0.0,2,2,1.0,0,2,2,1,0,0,0,4,4,7,7.9,1,2015-16
22015,200797,Ryan Hollins,1610612763,MEM,Memphis Grizzlies,0021501035,2016-03-19,MEM vs. LAC,W,14,1,1,1.0,0,0,,2,4,0.5,2,1,3,0,1,1,0,1,4,14,13.6,1,2015-16
22015,202362,Lance Stephenson,1610612763,MEM,Memphis Grizzlies,0021501035,2016-03-19,MEM vs. LAC,W,28,4,9,0.444,0,0,,4,5,0.8,1,2,3,1,2,1,1,2,12,27,25.1,1,2015-16
22015,204098,Xavier Munford,1610612763,MEM,Memphis Grizzlies,0021501035,2016-03-19,MEM vs. LAC,W,20,3,5,0.6,0,1,0.0,1,2,0.5,2,1,3,1,0,0,0,2,7,-8,12.1,1,2015-16
22015,201196,Ramon Sessions,1610612764,WAS,Washington Wizards,0021501032,2016-03-19,WAS vs. NYK,W,9,2,6,0.333,0,1,0.0,0,0,,0,1,1,0,0,0,1,0,4,-9,4.2,1,2015-16
22015,202066,Garrett Temple,1610612764,WAS,Washington Wizards,0021501032,2016-03-19,WAS vs. NYK,W,16,1,1,1.0,1,1,1.0,2,2,1.0,0,7,7,0,0,2,2,2,5,8,17.4,1,2015-16
22015,203490,Otto Porter Jr.,1610612764,WAS,Washington Wizards,0021501032,2016-03-19,WAS vs. NYK,W,30,6,15,0.4,3,7,0.429,0,0,,2,4,6,1,0,0,0,2,15,16,23.7,1,2015-16
22015,2581,Steve Blake,1610612765,DET,Detroit Pistons,0021501030,2016-03-19,DET vs. BKN,W,23,0,4,0.0,0,2,0.0,0,0,,0,3,3,4,0,0,2,1,0,26,7.6,1,2015-16
22015,202694,Marcus Morris Sr.,1610612765,DET,Detroit Pistons,0021501030,2016-03-19,DET vs. BKN,W,24,4,8,0.5,1,2,0.5,0,0,,2,1,3,2,0,1,1,2,9,-10,17.6,1,2015-16
22015,2744,Al Jefferson,1610612766,CHA,Charlotte Hornets,0021501028,2016-03-19,CHA vs. DEN,L,19,4,6,0.667,0,0,,2,2,1.0,1,5,6,1,0,3,1,5,10,-2,26.7,1,2015-16
22015,101107,Marvin Williams,1610612766,CHA,Charlotte Hornets,0021501028,2016-03-19,CHA vs. DEN,L,32,2,9,0.222,0,4,0.0,1,2,0.5,2,3,5,1,1,2,1,1,5,-6,20.5,1,2015-16
22015,201584,Courtney Lee,1610612766,CHA,Charlotte Hornets,0021501028,2016-03-19,CHA vs. DEN,L,29,3,10,0.3,1,4,0.25,0,0,,1,3,4,3,1,2,1,2,7,5,24.3,1,2015-16
22015,200794,Paul Millsap,1610612737,ATL,Atlanta Hawks,0021501029,2016-03-19,ATL vs. HOU,W,33,5,11,0.455,0,3,0.0,1,2,0.5,2,8,10,6,0,2,2,3,11,12,36.0,1,2015-16
22015,203118,Mike Scott,1610612737,ATL,Atlanta Hawks,0021501029,2016-03-19,ATL vs. HOU,W,16,2,4,0.5,1,3,0.333,1,2,0.5,1,3,4,2,2,0,0,2,6,1,19.8,1,2015-16
22015,2592,James Jones,1610612739,CLE,Cleveland Cavaliers,0021501033,2016-03-19,CLE @ MIA,L,11,2,4,0.5,2,3,0.667,1,1,1.0,0,1,1,0,0,0,0,0,7,7,8.2,1,2015-16
22015,201567,Kevin Love,1610612739,CLE,Cleveland Cavaliers,0021501033,2016-03-19,CLE @ MIA,L,16,3,7,0.429,1,4,0.25,0,0,,0,1,1,1,0,0,1,3,7,-13,8.7,1,2015-16
22015,202681,Kyrie Irving,1610612739,CLE,Cleveland Cavaliers,0021501033,2016-03-19,CLE @ MIA,L,27,5,8,0.625,1,2,0.5,3,3,1.0,0,0,0,4,3,0,4,0,14,-21,25.0,1,2015-16
22015,203895,Jordan McRae,1610612739,CLE,Cleveland Cavaliers,0021501033,2016-03-19,CLE @ MIA,L,16,0,3,0.0,0,0,,1,2,0.5,0,3,3,2,0,0,2,1,1,8,5.6,1,2015-16
22015,203926,Doug McDermott,1610612741,CHI,Chicago Bulls,0021501034,2016-03-19,CHI vs. UTA,W,22,3,9,0.333,1,2,0.5,0,0,,1,4,5,2,0,0,0,1,7,0,16.0,1,2015-16
22015,1626245,Cristiano Felicio,1610612741,CHI,Chicago Bulls,0021501034,2016-03-19,CHI vs. UTA,W,12,2,3,0.667,0,0,,0,0,,0,2,2,0,1,0,1,1,4,9,8.4,1,2015-16
22015,201571,D.J. Augustin,1610612743,DEN,Denver Nuggets,0021501028,2016-03-19,DEN @ CHA,W,23,8,11,0.727,3,5,0.6,5,7,0.714,0,1,1,3,1,0,2,2,24,9,30.7,1,2015-16
22015,203960,JaKarr Sampson,1610612743,DEN,Denver Nuggets,0021501028,2016-03-19,DEN @ CHA,W,23,3,4,0.75,0,0,,1,1,1.0,0,3,3,0,0,0,1,3,7,-5,9.6,1,2015-16
22015,1626144,Emmanuel Mudiay,1610612743,DEN,Denver Nuggets,0021501028,2016-03-19,DEN @ CHA,W,34,4,16,0.25,1,2,0.5,2,4,0.5,2,5,7,4,0,0,1,1,11,0,24.4,1,2015-16
22015,2571,Leandro Barbosa,1610612744,GSW,Golden State Warriors,0021501036,2016-03-19,GSW @ SAS,L,14,2,4,0.5,2,4,0.5,3,4,0.75,0,4,4,1,0,0,1,2,9,8,14.3,1,2015-16
22015,201578,Marreese Speights,1610612744,GSW,Golden State Warriors,0021501036,2016-03-19,GSW @ SAS,L,11,2,6,0.333,0,0,,0,0,,0,1,1,0,1,0,1,2,4,9,7.2,1,2015-16
22015,202691,Klay Thompson,1610612744,GSW,Golden State Warriors,0021501036,2016-03-19,GSW @ SAS,L,38,7,20,0.35,1,7,0.143,0,0,,0,5,5,1,1,1,2,2,15,-6,26.5,1,2015-16
22015,203084,Harrison Barnes,1610612744,GSW,Golden State Warriors,0021501036,2016-03-19,GSW @ SAS,L,30,3,10,0.3,2,4,0.5,0,0,,0,2,2,3,2,0,1,5,8,-17,19.9,1,2015-16
22015,203546,Ian Clark,1610612744,GSW,Golden State Warriors,0021501036,2016-03-19,GSW @ SAS,L,6,1,2,0.5,0,1,0.0,0,0,,0,0,0,0,0,0,0,1,2,-8,2.0,1,2015-16
22015,2730,Dwight Howard,1610612745,HOU,Houston Rockets,0021501029,2016-03-19,HOU @ ATL,L,35,2,7,0.286,0,0,,4,7,0.571,3,14,17,0,4,1,4,3,8,-14,39.4,1,2015-16
22015,203909,KJ McDaniels,1610612745,HOU,Houston Rockets,0021501029,2016-03-19,HOU @ ATL,L,2,0,1,0.0,0,0,,0,0,,1,1,2,0,0,0,0,0,0,-1,2.4,1,2015-16
22015,201145,Jeff Green,1610612746,LAC,LA Clippers,0021501035,2016-03-19,LAC @ MEM,L,21,2,5,0.4,1,3,0.333,3,4,0.75,0,1,1,0,1,0,0,2,8,-12,12.2,1,2015-16
22015,203143,Pablo Prigioni,1610612746,LAC,LA Clippers,0021501035,2016-03-19,LAC @ MEM,L,1,0,0,,0,0,,0,0,,0,0,0,0,0,0,0,1,0,-1,0.0,1,2015-16
22015,2736,Luol Deng,1610612748,MIA,Miami Heat,0021501033,2016-03-19,MIA vs. CLE,W,23,1,3,0.333,1,2,0.5,0,0,,0,3,3,1,0,2,1,1,3,14,13.1,1,2015-16
22015,203499,Shane Larkin,1610612751,BKN,Brooklyn Nets,0021501030,2016-03-19,BKN @ DET,L,24,5,10,0.5,0,2,0.0,1,2,0.5,0,0,0,5,0,0,1,0,11,-8,17.5,1,2015-16
22015,2546,Carmelo Anthony,1610612752,NYK,New York Knicks,0021501032,2016-03-19,NYK @ WAS,L,40,7,21,0.333,2,6,0.333,4,4,1.0,0,7,7,5,1,0,3,2,20,-13,35.9,1,2015-16
22015,2756,Sasha Vujacic,1610612752,NYK,New York Knicks,0021501032,2016-03-19,NYK @ WAS,L,13,0,1,0.0,0,0,,0,0,,0,3,3,1,0,0,1,1,0,-5,4.1,1,2015-16
22015,1938,Manu Ginobili,1610612759,SAS,San Antonio Spurs,0021501036,2016-03-19,SAS vs. GSW,W,18,3,5,0.6,3,5,0.6,0,0,,0,3,3,0,1,0,3,3,9,-10,12.6,1,2015-16
22015,201988,Patty Mills,1610612759,SAS,San Antonio Spurs,0021501036,2016-03-19,SAS vs. GSW,W,21,1,5,0.2,1,4,0.25,0,0,,1,0,1,1,0,0,0,3,3,0,5.7,1,2015-16
22015,201586,Serge Ibaka,1610612760,OKC,Oklahoma City Thunder,0021501031,2016-03-19,OKC @ IND,W,23,4,6,0.667,0,1,0.0,0,0,,0,4,4,0,0,1,0,2,8,-10,15.8,1,2015-16
22015,201627,Anthony Morrow,1610612760,OKC,Oklahoma City Thunder,0021501031,2016-03-19,OKC @ IND,W,8,3,3,1.0,1,1,1.0,0,0,,0,0,0,0,0,0,1,3,7,5,6.0,1,2015-16
22015,203079,Dion Waiters,1610612760,OKC,Oklahoma City Thunder,0021501031,2016-03-19,OKC @ IND,W,18,4,6,0.667,1,2,0.5,0,0,,0,1,1,1,0,0,5,2,9,0,6.7,1,2015-16
22015,1626166,Cameron Payne,1610612760,OKC,Oklahoma City Thunder,0021501031,2016-03-19,OKC @ IND,W,10,0,1,0.0,0,0,,2,2,1.0,0,0,0,0,0,0,0,1,2,3,2.0,1,2015-16
22015,202330,Gordon Hayward,1610612762,UTA,Utah Jazz,0021501034,2016-03-19,UTA @ CHI,L,37,4,13,0.308,1,4,0.25,0,0,,0,3,3,5,0,0,1,1,9,-6,19.1,1,2015-16
22015,202714,Shelvin Mack,1610612762,UTA,Utah Jazz,0021501034,2016-03-19,UTA @ CHI,L,34,5,11,0.455,2,3,0.667,3,4,0.75,2,3,5,8,1,0,2,0,15,-5,34.0,1,2015-16
22015,203497,Rudy Gobert,1610612762,UTA,Utah Jazz,0021501034,2016-03-19,UTA @ CHI,L,27,1,4,0.25,0,0,,0,0,,2,5,7,1,1,1,1,0,2,-14,16.9,1,2015-16
22015,2216,Zach Randolph,1610612763,MEM,Memphis Grizzlies,0021501035,2016-03-19,MEM vs. LAC,W,36,10,19,0.526,0,1,0.0,8,8,1.0,3,8,11,10,0,0,2,4,28,25,54.2,1,2015-16
22015,2754,Tony Allen,1610612763,MEM,Memphis Grizzlies,0021501035,2016-03-19,MEM vs. LAC,W,32,7,10,0.7,1,2,0.5,7,9,0.778,2,2,4,0,1,0,2,4,22,20,27.8,1,2015-16
22015,203382,Aron Baynes,1610612765,DET,Detroit Pistons,0021501030,2016-03-19,DET vs. BKN,W,19,8,13,0.615,0,0,,5,5,1.0,5,2,7,1,0,1,0,5,21,9,33.9,1,2015-16
22015,202391,Jeremy Lin,1610612766,CHA,Charlotte Hornets,0021501028,2016-03-19,CHA vs. DEN,L,25,6,10,0.6,2,2,1.0,2,4,0.5,0,3,3,0,1,0,2,2,16,-11,20.6,1,2015-16
22015,201143,Al Horford,1610612737,ATL,Atlanta Hawks,0021501029,2016-03-19,ATL vs. HOU,W,33,10,19,0.526,2,5,0.4,0,0,,4,5,9,1,1,2,2,1,22,17,41.3,1,2015-16
22015,203145,Kent Bazemore,1610612737,ATL,Atlanta Hawks,0021501029,2016-03-19,ATL vs. HOU,W,16,2,5,0.4,0,2,0.0,0,0,,0,2,2,2,1,0,0,4,4,-12,12.4,1,2015-16
22015,202697,Iman Shumpert,1610612739,CLE,Cleveland Cavaliers,0021501033,2016-03-19,CLE @ MIA,L,22,1,4,0.25,0,2,0.0,2,2,1.0,1,2,3,4,0,0,0,2,4,-10,13.6,1,2015-16
22015,202703,Nikola Mirotic,1610612741,CHI,Chicago Bulls,0021501034,2016-03-19,CHI vs. UTA,W,33,5,12,0.417,2,6,0.333,3,4,0.75,0,6,6,3,0,2,0,2,15,-5,32.7,1,2015-16
22015,202710,Jimmy Butler III,1610612741,CHI,Chicago Bulls,0021501034,2016-03-19,CHI vs. UTA,W,33,6,14,0.429,0,0,,1,2,0.5,0,5,5,6,0,0,1,1,13,5,27.0,1,2015-16
22015,201589,Darrell Arthur,1610612743,DEN,Denver Nuggets,0021501028,2016-03-19,DEN @ CHA,W,35,5,10,0.5,2,3,0.667,1,2,0.5,0,8,8,3,2,2,1,2,13,2,38.1,1,2015-16
22015,203999,Nikola Jokić,1610612743,DEN,Denver Nuggets,0021501028,2016-03-19,DEN @ CHA,W,25,5,16,0.313,1,2,0.5,0,0,,6,8,14,4,0,1,1,6,11,6,35.8,1,2015-16
22015,1626253,Axel Toupane,1610612743,DEN,Denver Nuggets,0021501028,2016-03-19,DEN @ CHA,W,10,0,2,0.0,0,1,0.0,0,0,,1,0,1,1,0,0,0,1,0,7,2.7,1,2015-16
22015,2760,Anderson Varejao,1610612744,GSW,Golden State Warriors,0021501036,2016-03-19,GSW @ SAS,L,6,0,1,0.0,0,0,,0,0,,0,1,1,1,0,0,0,1,0,-12,2.7,1,2015-16
22015,201575,Brandon Rush,1610612744,GSW,Golden State Warriors,0021501036,2016-03-19,GSW @ SAS,L,27,4,6,0.667,2,3,0.667,0,0,,1,2,3,0,1,0,0,0,10,-4,16.6,1,2015-16
22015,201976,Patrick Beverley,1610612745,HOU,Houston Rockets,0021501029,2016-03-19,HOU @ ATL,L,39,2,9,0.222,0,4,0.0,0,0,,2,1,3,5,0,0,1,3,4,-3,14.1,1,2015-16
22015,1718,Paul Pierce,1610612746,LAC,LA Clippers,0021501035,2016-03-19,LAC @ MEM,L,28,3,7,0.429,3,7,0.429,3,4,0.75,0,2,2,2,2,0,1,4,12,-4,22.4,1,2015-16
22015,2617,Udonis Haslem,1610612748,MIA,Miami Heat,0021501033,2016-03-19,MIA vs. CLE,W,6,1,2,0.5,0,0,,0,0,,1,2,3,0,0,0,0,0,2,-9,5.6,1,2015-16
22015,101123,Gerald Green,1610612748,MIA,Miami Heat,0021501033,2016-03-19,MIA vs. CLE,W,11,3,8,0.375,2,4,0.5,0,0,,0,2,2,1,0,0,0,3,8,-7,11.9,1,2015-16
22015,1626159,Justise Winslow,1610612748,MIA,Miami Heat,0021501033,2016-03-19,MIA vs. CLE,W,31,2,8,0.25,0,1,0.0,0,2,0.0,2,1,3,4,1,0,0,3,4,3,16.6,1,2015-16
22015,201961,Wayne Ellington,1610612751,BKN,Brooklyn Nets,0021501030,2016-03-19,BKN @ DET,L,27,0,3,0.0,0,1,0.0,1,1,1.0,0,3,3,3,1,0,0,1,1,-2,12.1,1,2015-16
22015,202388,Donald Sloan,1610612751,BKN,Brooklyn Nets,0021501030,2016-03-19,BKN @ DET,L,24,3,6,0.5,0,1,0.0,0,0,,0,1,1,9,0,0,1,2,6,-4,19.7,1,2015-16
22015,101145,Monta Ellis,1610612754,IND,Indiana Pacers,0021501031,2016-03-19,IND vs. OKC,L,42,4,10,0.4,2,5,0.4,1,1,1.0,1,5,6,7,3,0,4,5,11,-4,33.7,1,2015-16
22015,201588,George Hill,1610612754,IND,Indiana Pacers,0021501031,2016-03-19,IND vs. OKC,L,38,6,10,0.6,3,6,0.5,5,6,0.833,0,3,3,9,2,0,1,2,20,8,42.1,1,2015-16
22015,202331,Paul George,1610612754,IND,Indiana Pacers,0021501031,2016-03-19,IND vs. OKC,L,41,14,29,0.483,4,10,0.4,13,15,0.867,2,5,7,4,2,0,2,2,45,4,63.4,1,2015-16
22015,2225,Tony Parker,1610612759,SAS,San Antonio Spurs,0021501036,2016-03-19,SAS vs. GSW,W,29,2,8,0.25,2,4,0.5,0,0,,0,3,3,6,0,0,2,4,6,11,16.6,1,2015-16
22015,2564,Boris Diaw,1610612759,SAS,San Antonio Spurs,0021501036,2016-03-19,SAS vs. GSW,W,35,6,7,0.857,0,0,,2,2,1.0,1,7,8,2,1,1,2,2,14,20,30.6,1,2015-16
22015,201980,Danny Green,1610612759,SAS,San Antonio Spurs,0021501036,2016-03-19,SAS vs. GSW,W,32,4,10,0.4,1,5,0.2,1,2,0.5,1,3,4,2,1,3,1,0,10,20,28.8,1,2015-16
22015,200751,Randy Foye,1610612760,OKC,Oklahoma City Thunder,0021501031,2016-03-19,OKC @ IND,W,29,4,8,0.5,2,5,0.4,2,3,0.667,0,2,2,1,1,1,1,1,12,9,20.9,1,2015-16
22015,201566,Russell Westbrook,1610612760,OKC,Oklahoma City Thunder,0021501031,2016-03-19,OKC @ IND,W,36,4,17,0.235,3,9,0.333,3,4,0.75,3,8,11,14,1,0,7,4,14,-2,44.2,1,2015-16
22015,202344,Trevor Booker,1610612762,UTA,Utah Jazz,0021501034,2016-03-19,UTA @ CHI,L,12,1,3,0.333,0,1,0.0,0,0,,1,2,3,1,0,0,0,2,2,0,7.1,1,2015-16
22015,1713,Vince Carter,1610612763,MEM,Memphis Grizzlies,0021501035,2016-03-19,MEM vs. LAC,W,26,2,7,0.286,1,4,0.25,4,5,0.8,0,3,3,2,0,0,1,0,9,-17,14.6,1,2015-16
22015,1626185,Jarell Martin,1610612763,MEM,Memphis Grizzlies,0021501035,2016-03-19,MEM vs. LAC,W,12,3,7,0.429,0,0,,0,0,,6,1,7,1,0,0,2,5,6,-14,13.9,1,2015-16
22015,201162,Jared Dudley,1610612764,WAS,Washington Wizards,0021501032,2016-03-19,WAS vs. NYK,W,12,0,3,0.0,0,2,0.0,0,0,,1,1,2,1,0,0,0,1,0,-10,3.9,1,2015-16
22015,203078,Bradley Beal,1610612764,WAS,Washington Wizards,0021501032,2016-03-19,WAS vs. NYK,W,32,4,12,0.333,1,4,0.25,1,2,0.5,0,3,3,6,1,0,0,1,10,2,25.6,1,2015-16
22015,1626169,Stanley Johnson,1610612765,DET,Detroit Pistons,0021501030,2016-03-19,DET vs. BKN,W,31,3,6,0.5,1,2,0.5,3,3,1.0,0,7,7,6,4,0,0,3,10,22,39.4,1,2015-16
22015,203584,Troy Daniels,1610612766,CHA,Charlotte Hornets,0021501028,2016-03-19,CHA vs. DEN,L,14,1,4,0.25,0,3,0.0,0,0,,0,1,1,2,0,0,1,0,2,-12,5.2,1,2015-16
22015,2550,Kirk Hinrich,1610612737,ATL,Atlanta Hawks,0021501029,2016-03-19,ATL vs. HOU,W,1,0,1,0.0,0,1,0.0,0,0,,0,0,0,0,0,0,0,0,0,1,0.0,1,2015-16
22015,200757,Thabo Sefolosha,1610612737,ATL,Atlanta Hawks,0021501029,2016-03-19,ATL vs. HOU,W,22,4,8,0.5,1,4,0.25,1,2,0.5,1,3,4,5,5,0,0,1,10,12,37.3,1,2015-16
22015,201952,Jeff Teague,1610612737,ATL,Atlanta Hawks,0021501029,2016-03-19,ATL vs. HOU,W,25,2,7,0.286,0,3,0.0,1,2,0.5,0,2,2,7,0,1,4,0,5,7,16.9,1,2015-16
22015,2747,JR Smith,1610612739,CLE,Cleveland Cavaliers,0021501033,2016-03-19,CLE @ MIA,L,19,1,2,0.5,0,1,0.0,0,0,,0,0,0,0,1,0,0,1,2,-18,5.0,1,2015-16
22015,101112,Channing Frye,1610612739,CLE,Cleveland Cavaliers,0021501033,2016-03-19,CLE @ MIA,L,16,1,2,0.5,1,2,0.5,0,0,,0,4,4,0,0,0,1,2,3,-6,6.8,1,2015-16
22015,203521,Matthew Dellavedova,1610612739,CLE,Cleveland Cavaliers,0021501033,2016-03-19,CLE @ MIA,L,25,4,12,0.333,2,3,0.667,0,0,,0,1,1,3,0,0,2,2,10,-24,13.7,1,2015-16
22015,201565,Derrick Rose,1610612741,CHI,Chicago Bulls,0021501034,2016-03-19,CHI vs. UTA,W,31,10,15,0.667,2,2,1.0,0,0,,1,2,3,4,0,0,3,2,22,5,28.6,1,2015-16
22015,201959,Taj Gibson,1610612741,CHI,Chicago Bulls,0021501034,2016-03-19,CHI vs. UTA,W,31,7,9,0.778,0,0,,1,1,1.0,6,4,10,3,2,2,1,2,15,6,42.5,1,2015-16
22015,203200,Justin Holiday,1610612741,CHI,Chicago Bulls,0021501034,2016-03-19,CHI vs. UTA,W,15,1,4,0.25,0,2,0.0,0,0,,0,2,2,1,0,0,1,0,2,2,4.9,1,2015-16
22015,1626171,Bobby Portis,1610612741,CHI,Chicago Bulls,0021501034,2016-03-19,CHI vs. UTA,W,20,3,7,0.429,1,2,0.5,2,3,0.667,3,2,5,2,0,2,0,0,9,4,24.0,1,2015-16
22015,203994,Jusuf Nurkić,1610612743,DEN,Denver Nuggets,0021501028,2016-03-19,DEN @ CHA,W,18,3,10,0.3,0,0,,4,5,0.8,1,2,3,1,1,1,3,2,10,6,18.1,1,2015-16
22015,203110,Draymond Green,1610612744,GSW,Golden State Warriors,0021501036,2016-03-19,GSW @ SAS,L,39,5,10,0.5,1,5,0.2,0,1,0.0,2,7,9,8,1,1,3,3,11,-1,36.8,1,2015-16
22015,2772,Trevor Ariza,1610612745,HOU,Houston Rockets,0021501029,2016-03-19,HOU @ ATL,L,37,2,10,0.2,1,6,0.167,2,2,1.0,0,3,3,0,4,0,2,0,7,-7,20.6,1,2015-16
22015,203991,Clint Capela,1610612745,HOU,Houston Rockets,0021501029,2016-03-19,HOU @ ATL,L,10,2,5,0.4,0,0,,1,2,0.5,4,1,5,0,0,0,0,0,5,0,11.0,1,2015-16
22015,2037,Jamal Crawford,1610612746,LAC,LA Clippers,0021501035,2016-03-19,LAC @ MEM,L,28,2,9,0.222,1,5,0.2,2,2,1.0,0,3,3,1,1,0,0,2,7,1,15.1,1,2015-16
22015,101108,Chris Paul,1610612746,LAC,LA Clippers,0021501035,2016-03-19,LAC @ MEM,L,32,7,14,0.5,3,5,0.6,8,9,0.889,0,3,3,6,1,0,3,2,25,-20,37.6,1,2015-16
22015,201599,DeAndre Jordan,1610612746,LAC,LA Clippers,0021501035,2016-03-19,LAC @ MEM,L,33,6,6,1.0,0,0,,4,10,0.4,1,6,7,1,1,2,1,5,16,-25,33.9,1,2015-16
22015,201965,Jeff Ayres,1610612746,LAC,LA Clippers,0021501035,2016-03-19,LAC @ MEM,L,1,0,0,,0,0,,0,0,,0,1,1,0,0,0,0,0,0,1,1.2,1,2015-16
22015,2405,Amar'e Stoudemire,1610612748,MIA,Miami Heat,0021501033,2016-03-19,MIA vs. CLE,W,12,3,4,0.75,0,0,,2,2,1.0,2,3,5,1,0,0,2,4,8,9,13.5,1,2015-16
22015,202355,Hassan Whiteside,1610612748,MIA,Miami Heat,0021501033,2016-03-19,MIA vs. CLE,W,24,6,9,0.667,0,0,,4,5,0.8,4,9,13,2,0,2,2,0,16,12,38.6,1,2015-16
22015,203080,Thomas Robinson,1610612751,BKN,Brooklyn Nets,0021501030,2016-03-19,BKN @ DET,L,22,1,4,0.25,0,0,,0,2,0.0,2,3,5,2,0,0,2,2,2,-14,9.0,1,2015-16
22015,203156,Henry Sims,1610612751,BKN,Brooklyn Nets,0021501030,2016-03-19,BKN @ DET,L,20,5,9,0.556,0,0,,0,0,,3,5,8,0,1,1,1,5,10,-9,24.6,1,2015-16
22015,101181,Jose Calderon,1610612752,NYK,New York Knicks,0021501032,2016-03-19,NYK @ WAS,L,24,4,8,0.5,2,3,0.667,0,0,,0,1,1,2,0,0,1,3,10,-15,13.2,1,2015-16
22015,201577,Robin Lopez,1610612752,NYK,New York Knicks,0021501032,2016-03-19,NYK @ WAS,L,34,3,6,0.5,0,0,,3,4,0.75,5,2,7,2,0,3,0,1,9,-12,29.4,1,2015-16
22015,202338,Kevin Seraphin,1610612752,NYK,New York Knicks,0021501032,2016-03-19,NYK @ WAS,L,14,2,4,0.5,0,0,,2,2,1.0,1,8,9,1,0,1,1,3,6,2,20.3,1,2015-16
22015,202682,Derrick Williams,1610612752,NYK,New York Knicks,0021501032,2016-03-19,NYK @ WAS,L,18,2,7,0.286,1,3,0.333,0,0,,0,2,2,3,0,0,2,1,5,4,9.9,1,2015-16
22015,101133,Ian Mahinmi,1610612754,IND,Indiana Pacers,0021501031,2016-03-19,IND vs. OKC,L,36,5,13,0.385,0,0,,1,4,0.25,1,4,5,0,1,0,3,3,11,10,17.0,1,2015-16
22015,201155,Rodney Stuckey,1610612754,IND,Indiana Pacers,0021501031,2016-03-19,IND vs. OKC,L,15,4,4,1.0,0,0,,0,0,,0,0,0,4,0,0,1,2,8,-12,13.0,1,2015-16
22015,201941,Jordan Hill,1610612754,IND,Indiana Pacers,0021501031,2016-03-19,IND vs. OKC,L,8,1,3,0.333,0,0,,0,2,0.0,0,2,2,0,0,0,0,0,2,-11,4.4,1,2015-16
22015,2755,Kevin Martin,1610612759,SAS,San Antonio Spurs,0021501036,2016-03-19,SAS vs. GSW,W,3,0,0,,0,0,,0,0,,0,0,0,0,0,0,0,0,0,-2,0.0,1,2015-16
22015,202683,Enes Freedom,1610612760,OKC,Oklahoma City Thunder,0021501031,2016-03-19,OKC @ IND,W,24,6,11,0.545,0,1,0.0,3,3,1.0,3,7,10,0,0,1,1,3,15,13,29.0,1,2015-16
22015,203500,Steven Adams,1610612760,OKC,Oklahoma City Thunder,0021501031,2016-03-19,OKC @ IND,W,26,5,6,0.833,0,0,,1,2,0.5,1,1,2,1,3,0,0,2,11,-9,23.9,1,2015-16
22015,203187,Chris Johnson,1610612762,UTA,Utah Jazz,0021501034,2016-03-19,UTA @ CHI,L,12,1,3,0.333,0,1,0.0,1,2,0.5,3,0,3,0,0,0,1,3,3,4,5.6,1,2015-16
22015,203526,Raul Neto,1610612762,UTA,Utah Jazz,0021501034,2016-03-19,UTA @ CHI,L,13,4,5,0.8,1,1,1.0,0,0,,0,1,1,1,1,0,0,1,9,-1,14.7,1,2015-16
22015,203918,Rodney Hood,1610612762,UTA,Utah Jazz,0021501034,2016-03-19,UTA @ CHI,L,38,5,17,0.294,3,10,0.3,1,1,1.0,1,2,3,1,1,0,0,0,14,-8,22.1,1,2015-16
22015,203492,Ray McCallum,1610612763,MEM,Memphis Grizzlies,0021501035,2016-03-19,MEM vs. LAC,W,35,6,12,0.5,2,5,0.4,0,0,,0,2,2,3,0,2,2,3,14,15,24.9,1,2015-16
22015,2403,Nene,1610612764,WAS,Washington Wizards,0021501032,2016-03-19,WAS vs. NYK,W,15,2,2,1.0,0,0,,3,6,0.5,1,2,3,2,2,0,1,3,7,-13,18.6,1,2015-16
22015,202322,John Wall,1610612764,WAS,Washington Wizards,0021501032,2016-03-19,WAS vs. NYK,W,39,8,17,0.471,2,3,0.667,6,6,1.0,0,2,2,10,1,1,1,1,24,19,46.4,1,2015-16
22015,202693,Markieff Morris,1610612764,WAS,Washington Wizards,0021501032,2016-03-19,WAS vs. NYK,W,36,8,15,0.533,1,6,0.167,0,0,,2,2,4,1,3,0,2,2,17,20,30.3,1,2015-16
22015,202699,Tobias Harris,1610612765,DET,Detroit Pistons,0021501030,2016-03-19,DET vs. BKN,W,24,6,14,0.429,1,2,0.5,0,0,,3,3,6,2,0,1,0,0,13,-4,26.2,1,2015-16
22015,203493,Reggie Bullock Jr.,1610612765,DET,Detroit Pistons,0021501030,2016-03-19,DET vs. BKN,W,9,0,1,0.0,0,1,0.0,4,4,1.0,0,2,2,1,1,1,0,0,4,-5,13.9,1,2015-16
22015,201587,Nicolas Batum,1610612766,CHA,Charlotte Hornets,0021501028,2016-03-19,CHA vs. DEN,L,40,9,18,0.5,5,10,0.5,1,2,0.5,1,7,8,9,1,1,4,1,24,-5,49.1,1,2015-16
22015,1626163,Frank Kaminsky,1610612766,CHA,Charlotte Hornets,0021501028,2016-03-19,CHA vs. DEN,L,16,1,2,0.5,0,0,,2,2,1.0,0,2,2,1,0,0,0,1,4,-2,7.9,1,2015-16
22015,2594,Kyle Korver,1610612737,ATL,Atlanta Hawks,0021501029,2016-03-19,ATL vs. HOU,W,36,4,9,0.444,3,7,0.429,0,0,,0,2,2,3,0,0,2,2,11,12,15.9,1,2015-16
22015,2743,Kris Humphries,1610612737,ATL,Atlanta Hawks,0021501029,2016-03-19,ATL vs. HOU,W,14,3,4,0.75,0,0,,0,1,0.0,1,2,3,2,0,1,0,3,6,-6,15.6,1,2015-16
22015,203471,Dennis Schröder,1610612737,ATL,Atlanta Hawks,0021501029,2016-03-19,ATL vs. HOU,W,22,5,9,0.556,2,3,0.667,2,2,1.0,0,1,1,4,1,0,6,3,14,4,18.2,1,2015-16
22015,203488,Mike Muscala,1610612737,ATL,Atlanta Hawks,0021501029,2016-03-19,ATL vs. HOU,W,1,0,0,,0,0,,0,0,,0,0,0,0,0,0,0,0,0,1,0.0,1,2015-16
22015,202389,Timofey Mozgov,1610612739,CLE,Cleveland Cavaliers,0021501033,2016-03-19,CLE @ MIA,L,11,2,2,1.0,0,0,,0,0,,1,3,4,0,0,3,1,2,4,7,16.8,1,2015-16
22015,202684,Tristan Thompson,1610612739,CLE,Cleveland Cavaliers,0021501033,2016-03-19,CLE @ MIA,L,18,1,2,0.5,0,0,,0,0,,1,1,2,1,0,0,0,4,2,-9,5.9,1,2015-16
22015,203115,Will Barton,1610612743,DEN,Denver Nuggets,0021501028,2016-03-19,DEN @ CHA,W,23,5,11,0.455,1,3,0.333,1,2,0.5,1,5,6,2,1,0,1,1,12,11,24.2,1,2015-16
22015,203530,Joffrey Lauvergne,1610612743,DEN,Denver Nuggets,0021501028,2016-03-19,DEN @ CHA,W,13,0,0,,0,0,,0,0,,1,3,4,0,1,0,0,2,0,6,7.8,1,2015-16
22015,2733,Shaun Livingston,1610612744,GSW,Golden State Warriors,0021501036,2016-03-19,GSW @ SAS,L,22,1,3,0.333,0,0,,0,0,,1,4,5,3,4,1,0,2,2,2,27.5,1,2015-16
22015,201939,Stephen Curry,1610612744,GSW,Golden State Warriors,0021501036,2016-03-19,GSW @ SAS,L,38,4,18,0.222,1,12,0.083,5,5,1.0,2,4,6,6,2,0,2,0,14,-10,34.2,1,2015-16
22015,202700,Donatas Motiejunas,1610612745,HOU,Houston Rockets,0021501029,2016-03-19,HOU @ ATL,L,21,4,9,0.444,0,3,0.0,5,6,0.833,2,4,6,1,1,0,0,3,13,2,24.7,1,2015-16
22015,1626149,Montrezl Harrell,1610612745,HOU,Houston Rockets,0021501029,2016-03-19,HOU @ ATL,L,2,1,1,1.0,0,0,,0,0,,0,0,0,0,0,0,0,0,2,-1,2.0,1,2015-16
22015,202325,Wesley Johnson,1610612746,LAC,LA Clippers,0021501035,2016-03-19,LAC @ MEM,L,19,3,5,0.6,2,4,0.5,0,0,,0,3,3,0,0,1,2,5,8,4,12.6,1,2015-16
22015,2548,Dwyane Wade,1610612748,MIA,Miami Heat,0021501033,2016-03-19,MIA vs. CLE,W,28,10,17,0.588,0,0,,4,4,1.0,2,2,4,4,1,0,2,1,24,28,35.8,1,2015-16
22015,201152,Thaddeus Young,1610612751,BKN,Brooklyn Nets,0021501030,2016-03-19,BKN @ DET,L,26,12,17,0.706,0,1,0.0,0,2,0.0,1,8,9,2,1,2,0,2,24,2,46.8,1,2015-16
22015,201167,Arron Afflalo,1610612752,NYK,New York Knicks,0021501032,2016-03-19,NYK @ WAS,L,35,3,10,0.3,2,3,0.667,2,2,1.0,0,3,3,1,0,0,3,2,10,-5,12.1,1,2015-16
22015,204001,Kristaps Porziņģis,1610612752,NYK,New York Knicks,0021501032,2016-03-19,NYK @ WAS,L,39,7,14,0.5,2,3,0.667,4,4,1.0,3,4,7,2,0,3,5,3,20,-11,35.4,1,2015-16
22015,1626170,Jerian Grant,1610612752,NYK,New York Knicks,0021501032,2016-03-19,NYK @ WAS,L,3,0,0,,0,0,,0,0,,0,1,1,0,0,0,1,0,0,-2,0.2,1,2015-16
22015,202730,Lavoy Allen,1610612754,IND,Indiana Pacers,0021501031,2016-03-19,IND vs. OKC,L,10,2,2,1.0,0,0,,0,0,,1,1,2,0,0,0,0,1,4,-5,6.4,1,2015-16
22015,203524,Solomon Hill,1610612754,IND,Indiana Pacers,0021501031,2016-03-19,IND vs. OKC,L,13,0,0,,0,0,,0,0,,0,0,0,2,1,0,0,2,0,-6,6.0,1,2015-16
22015,1626167,Myles Turner,1610612754,IND,Indiana Pacers,0021501031,2016-03-19,IND vs. OKC,L,31,4,10,0.4,0,0,,2,2,1.0,3,5,8,1,1,2,1,1,10,4,29.1,1,2015-16
22015,200746,LaMarcus Aldridge,1610612759,SAS,San Antonio Spurs,0021501036,2016-03-19,SAS vs. GSW,W,37,11,25,0.44,0,0,,4,4,1.0,3,10,13,0,1,0,2,2,26,12,42.6,1,2015-16
22015,202695,Kawhi Leonard,1610612759,SAS,San Antonio Spurs,0021501036,2016-03-19,SAS vs. GSW,W,39,5,14,0.357,1,3,0.333,7,8,0.875,6,8,14,4,0,2,4,4,18,7,42.8,1,2015-16
22015,203937,Kyle Anderson,1610612759,SAS,San Antonio Spurs,0021501036,2016-03-19,SAS vs. GSW,W,10,0,1,0.0,0,0,,0,0,,0,4,4,1,0,0,1,0,0,-10,5.3,1,2015-16
22015,204060,Joe Ingles,1610612762,UTA,Utah Jazz,0021501034,2016-03-19,UTA @ CHI,L,18,1,7,0.143,1,5,0.2,0,0,,2,4,6,2,0,1,2,3,3,0,14.2,1,2015-16
22015,203210,JaMychal Green,1610612763,MEM,Memphis Grizzlies,0021501035,2016-03-19,MEM vs. LAC,W,27,4,10,0.4,0,1,0.0,3,3,1.0,2,5,7,4,4,1,3,4,11,-1,37.4,1,2015-16
22015,1627362,Briante Weber,1610612763,MEM,Memphis Grizzlies,0021501035,2016-03-19,MEM vs. LAC,W,11,0,2,0.0,0,1,0.0,0,0,,0,1,1,1,1,0,0,3,0,-6,5.7,1,2015-16
22015,101162,Marcin Gortat,1610612764,WAS,Washington Wizards,0021501032,2016-03-19,WAS vs. NYK,W,33,7,10,0.7,0,0,,1,1,1.0,2,9,11,2,0,1,1,3,15,23,33.2,1,2015-16
22015,201229,Anthony Tolliver,1610612765,DET,Detroit Pistons,0021501030,2016-03-19,DET vs. BKN,W,17,6,9,0.667,4,7,0.571,1,3,0.333,2,2,4,2,0,0,0,2,17,16,24.8,1,2015-16
22015,202704,Reggie Jackson,1610612765,DET,Detroit Pistons,0021501030,2016-03-19,DET vs. BKN,W,25,6,14,0.429,2,4,0.5,0,0,,0,0,0,4,0,0,0,0,14,-14,20.0,1,2015-16
22015,203083,Andre Drummond,1610612765,DET,Detroit Pistons,0021501030,2016-03-19,DET vs. BKN,W,29,8,14,0.571,0,0,,0,6,0.0,3,6,9,0,0,0,1,2,16,3,25.8,1,2015-16
22015,203484,Kentavious Caldwell-Pope,1610612765,DET,Detroit Pistons,0021501030,2016-03-19,DET vs. BKN,W,39,5,11,0.455,1,4,0.25,0,0,,0,4,4,8,0,0,2,2,11,17,25.8,1,2015-16
22015,202689,Kemba Walker,1610612766,CHA,Charlotte Hornets,0021501028,2016-03-19,CHA vs. DEN,L,36,6,18,0.333,1,9,0.111,2,2,1.0,2,5,7,5,2,0,1,3,15,-1,35.9,1,2015-16
22015,203469,Cody Zeller,1610612766,CHA,Charlotte Hornets,0021501028,2016-03-19,CHA vs. DEN,L,29,3,6,0.5,0,0,,4,6,0.667,1,1,2,0,0,5,0,3,10,-6,27.4,1,2015-16
22015,2210,Richard Jefferson,1610612739,CLE,Cleveland Cavaliers,0021501033,2016-03-19,CLE @ MIA,L,29,7,10,0.7,3,4,0.75,3,3,1.0,0,4,4,1,1,0,0,4,20,-5,29.3,1,2015-16
22015,2399,Mike Dunleavy,1610612741,CHI,Chicago Bulls,0021501034,2016-03-19,CHI vs. UTA,W,26,0,3,0.0,0,3,0.0,1,1,1.0,0,3,3,1,1,0,2,1,1,7,7.1,1,2015-16
22015,201142,Kevin Durant,1610612760,OKC,Oklahoma City Thunder,0021501031,2016-03-19,OKC @ IND,W,37,11,20,0.55,3,8,0.375,8,10,0.8,2,11,13,8,3,1,3,3,33,4,69.6,1,2015-16
22015,202324,Derrick Favors,1610612762,UTA,Utah Jazz,0021501034,2016-03-19,UTA @ CHI,L,36,11,18,0.611,0,0,,2,5,0.4,2,4,6,2,1,2,3,3,24,-1,40.2,1,2015-16
22015,1626168,Trey Lyles,1610612762,UTA,Utah Jazz,0021501034,2016-03-19,UTA @ CHI,L,14,2,5,0.4,0,2,0.0,0,0,,2,1,3,1,0,0,0,1,4,-4,9.1,1,2015-16
22015,101187,Alan Anderson,1610612764,WAS,Washington Wizards,0021501032,2016-03-19,WAS vs. NYK,W,18,1,6,0.167,0,5,0.0,0,0,,0,3,3,1,0,0,0,1,2,-6,7.1,1,2015-16
22015,202323,Evan Turner,1610612738,BOS,Boston Celtics,0021501039,2016-03-20,BOS @ PHI,W,35,8,15,0.533,1,1,1.0,0,0,,0,9,9,6,0,0,1,1,17,21,35.8,1,2015-16
22015,202738,Isaiah Thomas,1610612738,BOS,Boston Celtics,0021501039,2016-03-20,BOS @ PHI,W,33,7,18,0.389,2,7,0.286,10,10,1.0,0,6,6,8,1,0,1,2,26,15,47.2,1,2015-16
22015,203096,Jared Sullinger,1610612738,BOS,Boston Celtics,0021501039,2016-03-20,BOS @ PHI,W,36,7,15,0.467,2,2,1.0,1,2,0.5,6,7,13,1,1,0,2,5,17,15,35.1,1,2015-16
22015,101111,Charlie Villanueva,1610612742,DAL,Dallas Mavericks,0021501037,2016-03-20,DAL vs. POR,W,13,2,6,0.333,0,2,0.0,2,2,1.0,1,1,2,0,0,1,0,2,6,9,11.4,1,2015-16
22015,101114,Deron Williams,1610612742,DAL,Dallas Mavericks,0021501037,2016-03-20,DAL vs. POR,W,43,11,18,0.611,4,6,0.667,5,5,1.0,0,3,3,16,3,0,5,0,31,20,62.6,1,2015-16
22015,203114,Khris Middleton,1610612749,MIL,Milwaukee Bucks,0021501041,2016-03-20,MIL vs. UTA,L,30,6,10,0.6,1,2,0.5,0,0,,0,0,0,0,3,0,3,2,13,-12,19.0,1,2015-16
22015,203898,Tyler Ennis,1610612749,MIL,Milwaukee Bucks,0021501041,2016-03-20,MIL vs. UTA,L,20,2,4,0.5,1,1,1.0,0,0,,0,2,2,6,2,0,2,2,5,6,20.4,1,2015-16
22015,101181,Jose Calderon,1610612752,NYK,New York Knicks,0021501042,2016-03-20,NYK vs. SAC,L,33,1,4,0.25,1,2,0.5,0,0,,0,3,3,4,1,0,2,1,3,4,13.6,1,2015-16
22015,204001,Kristaps Porziņģis,1610612752,NYK,New York Knicks,0021501042,2016-03-20,NYK vs. SAC,L,35,6,17,0.353,0,4,0.0,1,2,0.5,2,5,7,2,0,2,1,3,13,-2,29.4,1,2015-16
22015,204038,Langston Galloway,1610612752,NYK,New York Knicks,0021501042,2016-03-20,NYK vs. SAC,L,23,3,7,0.429,0,1,0.0,0,0,,1,2,3,2,1,0,1,2,6,-14,14.6,1,2015-16
22015,203094,Andrew Nicholson,1610612753,ORL,Orlando Magic,0021501038,2016-03-20,ORL @ TOR,L,21,6,14,0.429,1,5,0.2,2,2,1.0,0,9,9,1,0,2,2,2,15,-15,31.3,1,2015-16
22015,203506,Victor Oladipo,1610612753,ORL,Orlando Magic,0021501038,2016-03-20,ORL @ TOR,L,42,9,19,0.474,1,5,0.2,2,2,1.0,1,5,6,3,0,2,2,3,21,5,36.7,1,2015-16
22015,203901,Elfrid Payton,1610612753,ORL,Orlando Magic,0021501038,2016-03-20,ORL @ TOR,L,17,1,3,0.333,0,1,0.0,0,1,0.0,2,0,2,4,1,1,4,1,2,-3,12.4,1,2015-16
22015,203906,Devyn Marble,1610612753,ORL,Orlando Magic,0021501038,2016-03-20,ORL @ TOR,L,12,2,2,1.0,0,0,,0,0,,0,0,0,0,0,0,0,2,4,12,4.0,1,2015-16
22015,1626209,Mario Hezonja,1610612753,ORL,Orlando Magic,0021501038,2016-03-20,ORL @ TOR,L,5,1,1,1.0,0,0,,0,0,,0,0,0,1,0,0,0,1,2,-6,3.5,1,2015-16
22015,202397,Ish Smith,1610612755,PHI,Philadelphia 76ers,0021501039,2016-03-20,PHI vs. BOS,L,35,5,14,0.357,0,2,0.0,4,5,0.8,0,3,3,8,0,0,3,2,14,-14,26.6,1,2015-16
22015,203924,Jerami Grant,1610612755,PHI,Philadelphia 76ers,0021501039,2016-03-20,PHI vs. BOS,L,26,3,12,0.25,1,2,0.5,4,4,1.0,3,5,8,2,0,2,2,2,11,-19,27.6,1,2015-16
22015,203459,Allen Crabbe,1610612757,POR,Portland Trail Blazers,0021501037,2016-03-20,POR @ DAL,L,36,7,13,0.538,6,10,0.6,4,5,0.8,1,4,5,0,0,0,1,4,24,-6,29.0,1,2015-16
22015,200765,Rajon Rondo,1610612758,SAC,Sacramento Kings,0021501042,2016-03-20,SAC @ NYK,W,34,1,5,0.2,0,1,0.0,0,0,,2,4,6,6,2,0,4,2,2,11,20.2,1,2015-16
22015,202326,DeMarcus Cousins,1610612758,SAC,Sacramento Kings,0021501042,2016-03-20,SAC @ NYK,W,37,11,23,0.478,1,3,0.333,1,2,0.5,5,15,20,4,1,2,1,1,24,14,62.0,1,2015-16
22015,201942,DeMar DeRozan,1610612761,TOR,Toronto Raptors,0021501038,2016-03-20,TOR vs. ORL,W,37,6,16,0.375,0,2,0.0,13,16,0.813,1,3,4,5,1,0,3,3,25,3,37.3,1,2015-16
22015,202330,Gordon Hayward,1610612762,UTA,Utah Jazz,0021501041,2016-03-20,UTA @ MIL,W,36,6,16,0.375,3,10,0.3,3,3,1.0,2,2,4,2,2,0,2,2,18,17,29.8,1,2015-16
22015,202714,Shelvin Mack,1610612762,UTA,Utah Jazz,0021501041,2016-03-20,UTA @ MIL,W,38,5,11,0.455,1,3,0.333,2,3,0.667,0,4,4,12,1,0,6,2,13,7,32.8,1,2015-16
22015,101161,Amir Johnson,1610612738,BOS,Boston Celtics,0021501039,2016-03-20,BOS @ PHI,W,24,9,10,0.9,0,0,,0,0,,2,6,8,0,0,2,1,5,18,19,32.6,1,2015-16
22015,203092,Tyler Zeller,1610612738,BOS,Boston Celtics,0021501039,2016-03-20,BOS @ PHI,W,10,0,1,0.0,0,0,,3,4,0.75,1,2,3,0,0,0,1,2,3,-10,5.6,1,2015-16
22015,1626179,Terry Rozier,1610612738,BOS,Boston Celtics,0021501039,2016-03-20,BOS @ PHI,W,13,0,2,0.0,0,0,,0,0,,3,1,4,4,0,0,2,2,0,-3,8.8,1,2015-16
22015,2570,Kendrick Perkins,1610612740,NOP,New Orleans Pelicans,0021501040,2016-03-20,NOP vs. LAC,W,16,1,1,1.0,0,0,,1,2,0.5,0,3,3,1,1,0,0,5,3,3,11.1,1,2015-16
22015,201600,Omer Asik,1610612740,NOP,New Orleans Pelicans,0021501040,2016-03-20,NOP vs. LAC,W,30,6,9,0.667,0,0,,3,5,0.6,1,13,14,2,0,0,3,4,15,7,31.8,1,2015-16
22015,1626257,Salah Mejri,1610612742,DAL,Dallas Mavericks,0021501037,2016-03-20,DAL vs. POR,W,33,4,6,0.667,0,0,,5,9,0.556,3,11,14,1,1,6,2,5,13,30,50.3,1,2015-16
22015,1718,Paul Pierce,1610612746,LAC,LA Clippers,0021501040,2016-03-20,LAC @ NOP,L,20,4,9,0.444,0,4,0.0,1,3,0.333,0,2,2,1,0,0,1,2,9,-2,11.9,1,2015-16
22015,101108,Chris Paul,1610612746,LAC,LA Clippers,0021501040,2016-03-20,LAC @ NOP,L,36,5,14,0.357,3,7,0.429,11,13,0.846,0,6,6,13,4,0,1,5,24,0,61.7,1,2015-16
22015,202332,Cole Aldrich,1610612746,LAC,LA Clippers,0021501040,2016-03-20,LAC @ NOP,L,13,0,2,0.0,0,0,,2,2,1.0,2,2,4,0,0,3,2,2,2,-8,13.8,1,2015-16
22015,203143,Pablo Prigioni,1610612746,LAC,LA Clippers,0021501040,2016-03-20,LAC @ NOP,L,12,3,6,0.5,2,5,0.4,1,1,1.0,1,1,2,0,2,0,1,3,9,-4,16.4,1,2015-16
22015,202328,Greg Monroe,1610612749,MIL,Milwaukee Bucks,0021501041,2016-03-20,MIL vs. UTA,L,22,3,8,0.375,0,0,,2,2,1.0,1,3,4,2,0,1,1,0,8,-8,17.8,1,2015-16
22015,203089,John Henson,1610612749,MIL,Milwaukee Bucks,0021501041,2016-03-20,MIL vs. UTA,L,26,3,6,0.5,0,0,,2,2,1.0,0,2,2,0,0,3,0,2,8,-3,19.4,1,2015-16
22015,203101,Miles Plumlee,1610612749,MIL,Milwaukee Bucks,0021501041,2016-03-20,MIL vs. UTA,L,23,3,4,0.75,0,0,,1,4,0.25,1,2,3,0,0,3,0,0,7,1,19.6,1,2015-16
22015,203507,Giannis Antetokounmpo,1610612749,MIL,Milwaukee Bucks,0021501041,2016-03-20,MIL vs. UTA,L,29,5,10,0.5,0,1,0.0,2,2,1.0,0,3,3,7,2,2,2,1,12,-5,36.1,1,2015-16
22015,203953,Jabari Parker,1610612749,MIL,Milwaukee Bucks,0021501041,2016-03-20,MIL vs. UTA,L,35,8,14,0.571,0,0,,3,3,1.0,0,8,8,2,1,1,2,3,19,-16,35.6,1,2015-16
22015,203996,Damien Inglis,1610612749,MIL,Milwaukee Bucks,0021501041,2016-03-20,MIL vs. UTA,L,8,1,3,0.333,0,0,,0,0,,0,2,2,0,0,0,1,0,2,3,3.4,1,2015-16
22015,200811,Lou Amundson,1610612752,NYK,New York Knicks,0021501042,2016-03-20,NYK vs. SAC,L,8,0,3,0.0,0,0,,0,0,,2,0,2,2,0,1,0,1,0,-6,8.4,1,2015-16
22015,203921,Cleanthony Early,1610612752,NYK,New York Knicks,0021501042,2016-03-20,NYK vs. SAC,L,0,0,0,,0,0,,0,0,,0,0,0,0,0,0,0,0,0,0,0.0,1,2015-16
22015,201943,Brandon Jennings,1610612753,ORL,Orlando Magic,0021501038,2016-03-20,ORL @ TOR,L,31,4,7,0.571,1,3,0.333,0,3,0.0,0,4,4,7,0,0,2,3,9,-2,22.3,1,2015-16
22015,203468,CJ McCollum,1610612757,POR,Portland Trail Blazers,0021501037,2016-03-20,POR @ DAL,L,43,9,22,0.409,3,8,0.375,1,2,0.5,0,1,1,8,2,1,4,2,22,-24,40.2,1,2015-16
22015,203082,Terrence Ross,1610612761,TOR,Toronto Raptors,0021501038,2016-03-20,TOR vs. ORL,W,28,5,10,0.5,1,4,0.25,2,2,1.0,1,2,3,1,0,1,1,3,13,13,20.1,1,2015-16
22015,204060,Joe Ingles,1610612762,UTA,Utah Jazz,0021501041,2016-03-20,UTA @ MIL,W,19,4,4,1.0,4,4,1.0,0,0,,0,3,3,1,0,0,1,1,12,-4,16.1,1,2015-16
22015,1626175,Jordan Mickey,1610612738,BOS,Boston Celtics,0021501039,2016-03-20,BOS @ PHI,W,0,0,0,,0,0,,0,0,,0,0,0,0,0,0,0,0,0,0,0.0,1,2015-16
22015,201582,Alexis Ajinca,1610612740,NOP,New Orleans Pelicans,0021501040,2016-03-20,NOP vs. LAC,W,2,0,0,,0,0,,0,0,,0,0,0,0,0,0,1,2,0,-5,-1.0,1,2015-16
22015,201950,Jrue Holiday,1610612740,NOP,New Orleans Pelicans,0021501040,2016-03-20,NOP vs. LAC,W,39,7,17,0.412,3,6,0.5,5,6,0.833,1,1,2,8,1,1,5,4,22,1,37.4,1,2015-16
22015,201967,Dante Cunningham,1610612740,NOP,New Orleans Pelicans,0021501040,2016-03-20,NOP vs. LAC,W,40,6,10,0.6,1,5,0.2,6,7,0.857,3,3,6,0,2,0,0,3,19,5,32.2,1,2015-16
22015,202337,Luke Babbitt,1610612740,NOP,New Orleans Pelicans,0021501040,2016-03-20,NOP vs. LAC,W,29,4,9,0.444,1,2,0.5,5,5,1.0,2,6,8,0,0,0,2,4,14,5,21.6,1,2015-16
22015,1717,Dirk Nowitzki,1610612742,DAL,Dallas Mavericks,0021501037,2016-03-20,DAL vs. POR,W,39,16,26,0.615,3,5,0.6,5,5,1.0,0,8,8,4,2,0,2,5,40,7,59.6,1,2015-16
22015,101135,David Lee,1610612742,DAL,Dallas Mavericks,0021501037,2016-03-20,DAL vs. POR,W,15,1,2,0.5,0,0,,0,0,,3,5,8,2,0,1,2,2,2,-13,15.6,1,2015-16
22015,200826,J.J. Barea,1610612742,DAL,Dallas Mavericks,0021501037,2016-03-20,DAL vs. POR,W,24,4,9,0.444,1,3,0.333,0,0,,0,3,3,2,0,0,2,0,9,-8,13.6,1,2015-16
22015,202083,Wesley Matthews,1610612742,DAL,Dallas Mavericks,0021501037,2016-03-20,DAL vs. POR,W,42,5,10,0.5,5,7,0.714,0,0,,0,5,5,3,0,0,1,4,15,17,24.5,1,2015-16
22015,201601,Luc Mbah a Moute,1610612746,LAC,LA Clippers,0021501040,2016-03-20,LAC @ NOP,L,15,1,4,0.25,0,2,0.0,0,0,,0,0,0,1,0,1,0,0,2,-10,6.5,1,2015-16
22015,203099,Jared Cunningham,1610612749,MIL,Milwaukee Bucks,0021501041,2016-03-20,MIL vs. UTA,L,16,0,1,0.0,0,1,0.0,4,4,1.0,0,1,1,1,1,0,1,0,4,1,8.7,1,2015-16
22015,2756,Sasha Vujacic,1610612752,NYK,New York Knicks,0021501042,2016-03-20,NYK vs. SAC,L,13,0,5,0.0,0,3,0.0,0,0,,3,3,6,2,0,0,1,1,0,-6,9.2,1,2015-16
22015,203095,Evan Fournier,1610612753,ORL,Orlando Magic,0021501038,2016-03-20,ORL @ TOR,L,37,6,10,0.6,3,3,1.0,6,6,1.0,0,1,1,1,0,0,1,1,21,-21,22.7,1,2015-16
22015,204456,T.J. McConnell,1610612755,PHI,Philadelphia 76ers,0021501039,2016-03-20,PHI vs. BOS,L,17,2,3,0.667,1,1,1.0,0,0,,0,0,0,2,1,1,1,1,5,2,13.0,1,2015-16
22015,201945,Gerald Henderson,1610612757,POR,Portland Trail Blazers,0021501037,2016-03-20,POR @ DAL,L,25,3,11,0.273,1,5,0.2,1,2,0.5,2,2,4,0,2,1,1,0,8,-3,20.8,1,2015-16
22015,202329,Al-Farouq Aminu,1610612757,POR,Portland Trail Blazers,0021501037,2016-03-20,POR @ DAL,L,35,4,12,0.333,4,12,0.333,0,0,,1,4,5,5,0,0,1,2,12,-9,24.5,1,2015-16
22015,203081,Damian Lillard,1610612757,POR,Portland Trail Blazers,0021501037,2016-03-20,POR @ DAL,L,44,8,26,0.308,4,10,0.4,6,6,1.0,2,2,4,8,1,0,5,2,26,-5,40.8,1,2015-16
22015,201158,Marco Belinelli,1610612758,SAC,Sacramento Kings,0021501042,2016-03-20,SAC @ NYK,W,29,2,8,0.25,1,4,0.25,3,3,1.0,0,3,3,3,1,0,0,2,8,7,19.1,1,2015-16
22015,201585,Kosta Koufos,1610612758,SAC,Sacramento Kings,0021501042,2016-03-20,SAC @ NYK,W,17,3,5,0.6,0,0,,0,0,,2,2,4,0,0,0,1,1,6,3,9.8,1,2015-16
22015,202341,James Anderson,1610612758,SAC,Sacramento Kings,0021501042,2016-03-20,SAC @ NYK,W,2,0,0,,0,0,,0,0,,0,0,0,0,0,0,0,0,0,-6,0.0,1,2015-16
22015,200768,Kyle Lowry,1610612761,TOR,Toronto Raptors,0021501038,2016-03-20,TOR vs. ORL,W,40,5,15,0.333,1,4,0.25,7,10,0.7,0,5,5,7,3,0,3,1,18,3,40.5,1,2015-16
22015,201574,Jason Thompson,1610612761,TOR,Toronto Raptors,0021501038,2016-03-20,TOR vs. ORL,W,28,2,7,0.286,0,0,,4,5,0.8,5,5,10,1,2,0,1,3,8,13,26.5,1,2015-16
22015,202687,Bismack Biyombo,1610612761,TOR,Toronto Raptors,0021501038,2016-03-20,TOR vs. ORL,W,36,5,7,0.714,0,0,,2,6,0.333,5,6,11,1,0,6,1,4,12,-3,43.7,1,2015-16
22015,1626181,Norman Powell,1610612761,TOR,Toronto Raptors,0021501038,2016-03-20,TOR vs. ORL,W,23,1,6,0.167,1,4,0.25,0,0,,1,2,3,0,0,0,0,3,3,-9,6.6,1,2015-16
22015,203187,Chris Johnson,1610612762,UTA,Utah Jazz,0021501041,2016-03-20,UTA @ MIL,W,4,0,2,0.0,0,2,0.0,0,0,,0,0,0,1,0,0,0,0,0,5,1.5,1,2015-16
22015,203526,Raul Neto,1610612762,UTA,Utah Jazz,0021501041,2016-03-20,UTA @ MIL,W,10,1,5,0.2,1,5,0.2,0,0,,0,0,0,0,0,0,1,0,3,2,2.0,1,2015-16
22015,202340,Avery Bradley,1610612738,BOS,Boston Celtics,0021501039,2016-03-20,BOS @ PHI,W,39,7,13,0.538,3,5,0.6,3,3,1.0,1,2,3,4,4,1,0,2,20,12,44.6,1,2015-16
22015,201962,Toney Douglas,1610612740,NOP,New Orleans Pelicans,0021501040,2016-03-20,NOP vs. LAC,W,37,5,12,0.417,1,6,0.167,4,6,0.667,0,7,7,9,1,0,4,3,15,8,35.9,1,2015-16
22015,202087,Alonzo Gee,1610612740,NOP,New Orleans Pelicans,0021501040,2016-03-20,NOP vs. LAC,W,28,1,5,0.2,0,1,0.0,2,2,1.0,1,6,7,0,0,0,3,4,4,-3,9.4,1,2015-16
22015,204025,Tim Frazier,1610612740,NOP,New Orleans Pelicans,0021501040,2016-03-20,NOP vs. LAC,W,20,5,8,0.625,1,1,1.0,6,7,0.857,2,5,7,2,4,0,5,5,17,-1,35.4,1,2015-16
22015,2585,Zaza Pachulia,1610612742,DAL,Dallas Mavericks,0021501037,2016-03-20,DAL vs. POR,W,5,0,2,0.0,0,0,,0,0,,1,1,2,0,0,0,0,0,0,-5,2.4,1,2015-16
22015,2734,Devin Harris,1610612742,DAL,Dallas Mavericks,0021501037,2016-03-20,DAL vs. POR,W,21,2,2,1.0,1,1,1.0,0,0,,0,3,3,2,0,0,1,1,5,-11,10.6,1,2015-16
22015,1626147,Justin Anderson,1610612742,DAL,Dallas Mavericks,0021501037,2016-03-20,DAL vs. POR,W,6,0,1,0.0,0,0,,0,0,,0,0,0,0,0,0,0,0,0,-1,0.0,1,2015-16
22015,200755,JJ Redick,1610612746,LAC,LA Clippers,0021501040,2016-03-20,LAC @ NOP,L,32,9,11,0.818,4,5,0.8,2,2,1.0,1,1,2,1,1,0,1,5,24,5,29.9,1,2015-16
22015,201599,DeAndre Jordan,1610612746,LAC,LA Clippers,0021501040,2016-03-20,LAC @ NOP,L,34,3,5,0.6,0,0,,6,11,0.545,3,6,9,2,0,1,1,2,12,5,27.8,1,2015-16
22015,202325,Wesley Johnson,1610612746,LAC,LA Clippers,0021501040,2016-03-20,LAC @ NOP,L,19,0,8,0.0,0,6,0.0,0,0,,0,3,3,0,2,0,2,3,0,-9,7.6,1,2015-16
22015,203085,Austin Rivers,1610612746,LAC,LA Clippers,0021501040,2016-03-20,LAC @ NOP,L,25,3,11,0.273,0,5,0.0,3,6,0.5,0,3,3,0,2,0,0,2,9,-3,18.6,1,2015-16
22015,201573,Jerryd Bayless,1610612749,MIL,Milwaukee Bucks,0021501041,2016-03-20,MIL vs. UTA,L,28,3,5,0.6,1,3,0.333,0,0,,0,1,1,3,1,0,1,1,7,-15,14.7,1,2015-16
22015,203948,Johnny O'Bryant III,1610612749,MIL,Milwaukee Bucks,0021501041,2016-03-20,MIL vs. UTA,L,3,0,0,,0,0,,0,0,,0,1,1,0,0,0,0,0,0,3,1.2,1,2015-16
22015,201577,Robin Lopez,1610612752,NYK,New York Knicks,0021501042,2016-03-20,NYK vs. SAC,L,38,9,20,0.45,0,0,,5,7,0.714,7,13,20,0,1,2,2,2,23,-1,54.0,1,2015-16
22015,1626170,Jerian Grant,1610612752,NYK,New York Knicks,0021501042,2016-03-20,NYK vs. SAC,L,27,6,15,0.4,2,5,0.4,0,0,,0,1,1,2,2,1,3,1,14,-2,24.2,1,2015-16
22015,101141,Ersan Ilyasova,1610612753,ORL,Orlando Magic,0021501038,2016-03-20,ORL @ TOR,L,32,4,13,0.308,1,2,0.5,1,2,0.5,2,7,9,1,1,0,0,6,10,2,25.3,1,2015-16
22015,203138,Hollis Thompson,1610612755,PHI,Philadelphia 76ers,0021501039,2016-03-20,PHI vs. BOS,L,32,7,11,0.636,3,4,0.75,1,1,1.0,0,1,1,2,0,1,1,2,18,-12,24.2,1,2015-16
22015,203943,Noah Vonleh,1610612757,POR,Portland Trail Blazers,0021501037,2016-03-20,POR @ DAL,L,14,0,1,0.0,0,0,,0,0,,2,1,3,0,0,0,0,2,0,-1,3.6,1,2015-16
22015,203497,Rudy Gobert,1610612762,UTA,Utah Jazz,0021501041,2016-03-20,UTA @ MIL,W,34,4,7,0.571,0,0,,4,4,1.0,6,8,14,2,2,2,3,2,12,17,40.8,1,2015-16
22015,203918,Rodney Hood,1610612762,UTA,Utah Jazz,0021501041,2016-03-20,UTA @ MIL,W,36,4,13,0.308,2,10,0.2,0,0,,2,3,5,2,2,1,3,2,10,0,25.0,1,2015-16
22015,203482,Kelly Olynyk,1610612738,BOS,Boston Celtics,0021501039,2016-03-20,BOS @ PHI,W,20,2,8,0.25,0,4,0.0,0,0,,1,1,2,0,0,0,2,1,4,-2,4.4,1,2015-16
22015,101109,Raymond Felton,1610612742,DAL,Dallas Mavericks,0021501037,2016-03-20,DAL vs. POR,W,25,4,7,0.571,1,1,1.0,2,2,1.0,0,2,2,1,1,0,1,2,11,15,16.9,1,2015-16
22015,201167,Arron Afflalo,1610612752,NYK,New York Knicks,0021501042,2016-03-20,NYK vs. SAC,L,31,2,8,0.25,1,3,0.333,1,1,1.0,2,4,6,0,0,0,3,2,6,9,10.2,1,2015-16
22015,203124,Kyle O'Quinn,1610612752,NYK,New York Knicks,0021501042,2016-03-20,NYK vs. SAC,L,10,1,3,0.333,0,0,,2,2,1.0,2,2,4,0,0,0,0,1,4,-7,8.8,1,2015-16
22015,1882,Elton Brand,1610612755,PHI,Philadelphia 76ers,0021501039,2016-03-20,PHI vs. BOS,L,15,2,5,0.4,0,0,,1,1,1.0,1,2,3,1,1,2,0,3,5,5,19.1,1,2015-16
22015,201171,Carl Landry,1610612755,PHI,Philadelphia 76ers,0021501039,2016-03-20,PHI vs. BOS,L,25,10,18,0.556,0,1,0.0,6,6,1.0,5,3,8,0,0,0,0,2,26,2,35.6,1,2015-16
22015,203088,Kendall Marshall,1610612755,PHI,Philadelphia 76ers,0021501039,2016-03-20,PHI vs. BOS,L,11,1,3,0.333,0,1,0.0,0,0,,0,0,0,1,0,0,0,0,2,-5,3.5,1,2015-16
22015,203917,Nik Stauskas,1610612755,PHI,Philadelphia 76ers,0021501039,2016-03-20,PHI vs. BOS,L,27,4,8,0.5,2,4,0.5,2,5,0.4,0,6,6,3,0,0,1,1,12,-10,22.7,1,2015-16
22015,202334,Ed Davis,1610612757,POR,Portland Trail Blazers,0021501037,2016-03-20,POR @ DAL,L,20,2,3,0.667,0,0,,2,4,0.5,3,4,7,2,2,1,1,2,6,7,25.4,1,2015-16
22015,203090,Maurice Harkless,1610612757,POR,Portland Trail Blazers,0021501037,2016-03-20,POR @ DAL,L,15,4,6,0.667,0,1,0.0,0,0,,0,3,3,0,1,0,0,3,8,5,14.6,1,2015-16
22015,203148,Brian Roberts,1610612757,POR,Portland Trail Blazers,0021501037,2016-03-20,POR @ DAL,L,1,0,1,0.0,0,0,,0,0,,1,0,1,0,0,0,0,0,0,-4,1.2,1,2015-16
22015,203486,Mason Plumlee,1610612757,POR,Portland Trail Blazers,0021501037,2016-03-20,POR @ DAL,L,32,5,9,0.556,0,0,,4,9,0.444,10,9,19,2,1,1,1,5,14,-20,44.8,1,2015-16
22015,200752,Rudy Gay,1610612758,SAC,Sacramento Kings,0021501042,2016-03-20,SAC @ NYK,W,39,8,21,0.381,1,6,0.167,0,0,,1,3,4,0,2,1,3,2,17,4,27.8,1,2015-16
22015,201956,Omri Casspi,1610612758,SAC,Sacramento Kings,0021501042,2016-03-20,SAC @ NYK,W,19,5,9,0.556,1,4,0.25,4,6,0.667,2,3,5,0,1,0,1,3,15,6,23.0,1,2015-16
22015,203112,Quincy Acy,1610612758,SAC,Sacramento Kings,0021501042,2016-03-20,SAC @ NYK,W,23,1,4,0.25,0,2,0.0,1,1,1.0,0,4,4,1,1,0,1,2,3,3,11.3,1,2015-16
22015,2449,Luis Scola,1610612761,TOR,Toronto Raptors,0021501038,2016-03-20,TOR vs. ORL,W,32,8,15,0.533,3,6,0.5,1,4,0.25,1,7,8,1,1,0,1,1,20,0,33.1,1,2015-16
22015,1626153,Delon Wright,1610612761,TOR,Toronto Raptors,0021501038,2016-03-20,TOR vs. ORL,W,16,3,5,0.6,0,0,,0,2,0.0,0,1,1,2,1,0,0,0,6,5,13.2,1,2015-16
22015,202324,Derrick Favors,1610612762,UTA,Utah Jazz,0021501041,2016-03-20,UTA @ MIL,W,32,5,13,0.385,0,0,,2,2,1.0,5,4,9,0,1,1,1,3,12,3,27.8,1,2015-16
22015,202344,Trevor Booker,1610612762,UTA,Utah Jazz,0021501041,2016-03-20,UTA @ MIL,W,8,0,1,0.0,0,0,,0,0,,0,1,1,0,0,0,0,1,0,-8,1.2,1,2015-16
22015,1626168,Trey Lyles,1610612762,UTA,Utah Jazz,0021501041,2016-03-20,UTA @ MIL,W,23,5,11,0.455,2,4,0.5,2,2,1.0,1,3,4,4,0,0,0,0,14,6,24.8,1,2015-16
22015,203935,Marcus Smart,1610612738,BOS,Boston Celtics,0021501039,2016-03-20,BOS @ PHI,W,29,6,12,0.5,2,6,0.333,1,2,0.5,0,5,5,5,2,0,3,4,15,8,31.5,1,2015-16
22015,2037,Jamal Crawford,1610612746,LAC,LA Clippers,0021501040,2016-03-20,LAC @ NOP,L,33,5,12,0.417,1,5,0.2,3,4,0.75,0,4,4,3,1,0,3,4,14,6,23.3,1,2015-16
22015,202682,Derrick Williams,1610612752,NYK,New York Knicks,0021501042,2016-03-20,NYK vs. SAC,L,22,4,9,0.444,0,1,0.0,3,3,1.0,0,3,3,2,0,1,1,2,11,-15,19.6,1,2015-16
22015,201160,Jason Smith,1610612753,ORL,Orlando Magic,0021501038,2016-03-20,ORL @ TOR,L,9,3,4,0.75,0,0,,0,0,,0,1,1,0,0,0,1,5,6,0,6.2,1,2015-16
22015,203473,Dewayne Dedmon,1610612753,ORL,Orlando Magic,0021501038,2016-03-20,ORL @ TOR,L,16,2,4,0.5,0,0,,0,0,,2,3,5,1,1,1,0,4,4,3,17.5,1,2015-16
22015,203932,Aaron Gordon,1610612753,ORL,Orlando Magic,0021501038,2016-03-20,ORL @ TOR,L,18,2,6,0.333,1,3,0.333,1,2,0.5,0,3,3,1,1,2,0,2,6,0,20.1,1,2015-16
22015,203457,Nerlens Noel,1610612755,PHI,Philadelphia 76ers,0021501039,2016-03-20,PHI vs. BOS,L,24,2,8,0.25,0,0,,0,4,0.0,2,6,8,5,2,1,2,6,4,-14,28.1,1,2015-16
22015,203477,Isaiah Canaan,1610612755,PHI,Philadelphia 76ers,0021501039,2016-03-20,PHI vs. BOS,L,27,3,10,0.3,1,6,0.167,1,1,1.0,1,2,3,4,1,0,1,0,8,-10,19.6,1,2015-16
22015,201954,Darren Collison,1610612758,SAC,Sacramento Kings,0021501042,2016-03-20,SAC @ NYK,W,40,4,13,0.308,3,5,0.6,2,2,1.0,0,3,3,6,3,0,0,2,13,-2,34.6,1,2015-16
22015,200757,Thabo Sefolosha,1610612737,ATL,Atlanta Hawks,0021501048,2016-03-21,ATL vs. WAS,L,29,2,3,0.667,1,1,1.0,0,0,,0,8,8,3,0,2,1,1,5,-4,24.1,1,2015-16
22015,200794,Paul Millsap,1610612737,ATL,Atlanta Hawks,0021501048,2016-03-21,ATL vs. WAS,L,28,5,9,0.556,0,1,0.0,3,3,1.0,0,2,2,0,1,1,2,4,13,-11,19.4,1,2015-16
22015,201143,Al Horford,1610612737,ATL,Atlanta Hawks,0021501048,2016-03-21,ATL vs. WAS,L,36,6,12,0.5,2,5,0.4,0,0,,0,9,9,9,3,1,1,2,14,-12,49.3,1,2015-16
22015,202323,Evan Turner,1610612738,BOS,Boston Celtics,0021501046,2016-03-21,BOS vs. ORL,W,32,7,11,0.636,2,2,1.0,0,0,,0,5,5,4,0,1,2,2,16,20,29.0,1,2015-16
22015,202340,Avery Bradley,1610612738,BOS,Boston Celtics,0021501046,2016-03-21,BOS vs. ORL,W,37,9,15,0.6,1,4,0.25,3,4,0.75,1,8,9,3,1,0,3,1,22,11,37.3,1,2015-16
22015,1626179,Terry Rozier,1610612738,BOS,Boston Celtics,0021501046,2016-03-21,BOS vs. ORL,W,14,0,2,0.0,0,0,,0,0,,0,0,0,1,1,0,0,0,0,-13,4.5,1,2015-16
22015,2592,James Jones,1610612739,CLE,Cleveland Cavaliers,0021501044,2016-03-21,CLE vs. DEN,W,8,2,2,1.0,2,2,1.0,0,0,,0,1,1,0,0,1,0,0,6,10,10.2,1,2015-16
22015,2747,JR Smith,1610612739,CLE,Cleveland Cavaliers,0021501044,2016-03-21,CLE vs. DEN,W,29,6,12,0.5,3,6,0.5,0,0,,1,3,4,5,4,0,1,3,15,21,38.3,1,2015-16
22015,202389,Timofey Mozgov,1610612739,CLE,Cleveland Cavaliers,0021501044,2016-03-21,CLE vs. DEN,W,21,3,4,0.75,0,0,,3,3,1.0,2,2,4,0,2,0,2,1,9,26,17.8,1,2015-16
22015,201959,Taj Gibson,1610612741,CHI,Chicago Bulls,0021501049,2016-03-21,CHI vs. SAC,W,33,7,13,0.538,0,0,,4,4,1.0,3,0,3,2,4,1,1,2,18,12,38.6,1,2015-16
22015,2034,Mike Miller,1610612743,DEN,Denver Nuggets,0021501044,2016-03-21,DEN @ CLE,L,5,1,2,0.5,1,2,0.5,0,0,,0,0,0,0,0,0,1,0,3,-5,2.0,1,2015-16
22015,203999,Nikola Jokić,1610612743,DEN,Denver Nuggets,0021501044,2016-03-21,DEN @ CLE,L,23,4,12,0.333,0,1,0.0,3,3,1.0,1,3,4,3,3,0,2,2,11,-24,27.3,1,2015-16
22015,2733,Shaun Livingston,1610612744,GSW,Golden State Warriors,0021501050,2016-03-21,GSW @ MIN,W,19,4,6,0.667,0,0,,0,0,,0,2,2,4,3,2,0,2,8,2,31.4,1,2015-16
22015,202691,Klay Thompson,1610612744,GSW,Golden State Warriors,0021501050,2016-03-21,GSW @ MIN,W,30,5,14,0.357,5,5,1.0,2,2,1.0,0,5,5,2,1,0,2,2,17,3,27.0,1,2015-16
22015,203546,Ian Clark,1610612744,GSW,Golden State Warriors,0021501050,2016-03-21,GSW @ MIN,W,8,0,1,0.0,0,1,0.0,1,2,0.5,0,2,2,2,0,1,2,0,1,7,7.4,1,2015-16
22015,203949,James Michael McAdoo,1610612744,GSW,Golden State Warriors,0021501050,2016-03-21,GSW @ MIN,W,18,3,8,0.375,0,0,,1,2,0.5,4,2,6,0,1,0,0,2,7,3,17.2,1,2015-16
22015,201573,Jerryd Bayless,1610612749,MIL,Milwaukee Bucks,0021501047,2016-03-21,MIL @ DET,L,37,2,5,0.4,1,1,1.0,0,2,0.0,0,3,3,6,0,0,1,1,5,3,16.6,1,2015-16
22015,202328,Greg Monroe,1610612749,MIL,Milwaukee Bucks,0021501047,2016-03-21,MIL @ DET,L,34,9,15,0.6,0,0,,0,0,,2,8,10,1,2,2,2,1,18,16,41.5,1,2015-16
22015,203476,Gorgui Dieng,1610612750,MIN,Minnesota Timberwolves,0021501050,2016-03-21,MIN vs. GSW,L,28,2,7,0.286,0,1,0.0,4,4,1.0,2,5,7,1,2,2,2,3,8,9,27.9,1,2015-16
22015,203498,Shabazz Muhammad,1610612750,MIN,Minnesota Timberwolves,0021501050,2016-03-21,MIN vs. GSW,L,16,2,6,0.333,0,1,0.0,0,0,,1,1,2,1,0,0,0,1,4,-3,7.9,1,2015-16
22015,203897,Zach LaVine,1610612750,MIN,Minnesota Timberwolves,0021501050,2016-03-21,MIN vs. GSW,L,40,7,13,0.538,2,5,0.4,3,4,0.75,0,2,2,4,1,0,2,1,19,0,28.4,1,2015-16
22015,203506,Victor Oladipo,1610612753,ORL,Orlando Magic,0021501046,2016-03-21,ORL @ BOS,L,39,10,17,0.588,1,4,0.25,4,4,1.0,1,7,8,1,5,1,5,4,25,-13,49.1,1,2015-16
22015,203906,Devyn Marble,1610612753,ORL,Orlando Magic,0021501046,2016-03-21,ORL @ BOS,L,7,0,2,0.0,0,0,,0,2,0.0,0,1,1,0,0,0,0,1,0,4,1.2,1,2015-16
22015,1626209,Mario Hezonja,1610612753,ORL,Orlando Magic,0021501046,2016-03-21,ORL @ BOS,L,17,1,3,0.333,0,0,,1,1,1.0,2,5,7,1,0,1,3,2,3,6,12.9,1,2015-16
22015,101133,Ian Mahinmi,1610612754,IND,Indiana Pacers,0021501045,2016-03-21,IND vs. PHI,W,31,6,8,0.75,0,0,,0,1,0.0,2,8,10,0,0,1,4,2,12,4,23.0,1,2015-16
22015,101145,Monta Ellis,1610612754,IND,Indiana Pacers,0021501045,2016-03-21,IND vs. PHI,W,33,5,12,0.417,3,7,0.429,0,0,,0,3,3,5,2,0,2,1,13,13,28.1,1,2015-16
22015,201588,George Hill,1610612754,IND,Indiana Pacers,0021501045,2016-03-21,IND vs. PHI,W,25,6,8,0.75,0,2,0.0,0,0,,1,3,4,4,0,0,0,2,12,18,22.8,1,2015-16
22015,203524,Solomon Hill,1610612754,IND,Indiana Pacers,0021501045,2016-03-21,IND vs. PHI,W,3,0,0,,0,0,,0,0,,0,0,0,0,0,0,0,0,0,6,0.0,1,2015-16
22015,203477,Isaiah Canaan,1610612755,PHI,Philadelphia 76ers,0021501045,2016-03-21,PHI @ IND,L,30,6,14,0.429,3,7,0.429,0,0,,2,2,4,0,0,0,2,0,15,-8,17.8,1,2015-16
22015,1626164,Devin Booker,1610612756,PHX,Phoenix Suns,0021501051,2016-03-21,PHX vs. MEM,L,33,5,13,0.385,2,8,0.25,6,8,0.75,1,3,4,2,0,0,2,5,18,-21,23.8,1,2015-16
22015,200797,Ryan Hollins,1610612763,MEM,Memphis Grizzlies,0021501051,2016-03-21,MEM @ PHX,W,19,4,4,1.0,0,0,,1,1,1.0,2,1,3,0,0,0,0,3,9,-2,12.6,1,2015-16
22015,202362,Lance Stephenson,1610612763,MEM,Memphis Grizzlies,0021501051,2016-03-21,MEM @ PHX,W,22,6,8,0.75,0,1,0.0,4,4,1.0,1,1,2,0,0,0,4,2,16,5,14.4,1,2015-16
22015,1626185,Jarell Martin,1610612763,MEM,Memphis Grizzlies,0021501051,2016-03-21,MEM @ PHX,W,5,0,1,0.0,0,0,,2,2,1.0,0,0,0,0,0,0,0,1,2,-10,2.0,1,2015-16
22015,1626162,Kelly Oubre Jr.,1610612764,WAS,Washington Wizards,0021501048,2016-03-21,WAS @ ATL,W,1,1,2,0.5,0,1,0.0,0,0,,1,0,1,0,0,0,0,0,2,0,3.2,1,2015-16
22015,202699,Tobias Harris,1610612765,DET,Detroit Pistons,0021501047,2016-03-21,DET vs. MIL,W,37,4,12,0.333,0,2,0.0,5,5,1.0,2,4,6,2,0,0,0,2,13,-4,23.2,1,2015-16
22015,203484,Kentavious Caldwell-Pope,1610612765,DET,Detroit Pistons,0021501047,2016-03-21,DET vs. MIL,W,38,6,18,0.333,2,11,0.182,1,2,0.5,2,1,3,3,1,0,1,0,15,-3,25.1,1,2015-16
22015,2743,Kris Humphries,1610612737,ATL,Atlanta Hawks,0021501048,2016-03-21,ATL vs. WAS,L,5,1,2,0.5,0,0,,0,0,,0,3,3,0,0,0,0,0,2,-2,5.6,1,2015-16
22015,201952,Jeff Teague,1610612737,ATL,Atlanta Hawks,0021501048,2016-03-21,ATL vs. WAS,L,31,7,17,0.412,3,9,0.333,6,8,0.75,1,2,3,4,1,0,2,1,23,-20,33.6,1,2015-16
22015,203471,Dennis Schröder,1610612737,ATL,Atlanta Hawks,0021501048,2016-03-21,ATL vs. WAS,L,18,3,9,0.333,1,3,0.333,2,2,1.0,0,1,1,2,0,0,4,1,9,5,9.2,1,2015-16
22015,101161,Amir Johnson,1610612738,BOS,Boston Celtics,0021501046,2016-03-21,BOS vs. ORL,W,34,5,6,0.833,0,0,,1,1,1.0,4,7,11,2,0,3,2,2,11,21,34.2,1,2015-16
22015,201973,Jonas Jerebko,1610612738,BOS,Boston Celtics,0021501046,2016-03-21,BOS vs. ORL,W,19,0,3,0.0,0,1,0.0,0,0,,1,4,5,1,1,1,1,1,0,-10,12.5,1,2015-16
22015,202738,Isaiah Thomas,1610612738,BOS,Boston Celtics,0021501046,2016-03-21,BOS vs. ORL,W,34,9,18,0.5,0,2,0.0,10,12,0.833,1,4,5,7,1,0,4,1,28,24,43.5,1,2015-16
22015,2210,Richard Jefferson,1610612739,CLE,Cleveland Cavaliers,0021501044,2016-03-21,CLE vs. DEN,W,22,4,9,0.444,1,5,0.2,0,0,,0,2,2,2,0,0,2,2,9,2,12.4,1,2015-16
22015,202681,Kyrie Irving,1610612739,CLE,Cleveland Cavaliers,0021501044,2016-03-21,CLE vs. DEN,W,24,4,12,0.333,0,1,0.0,0,0,,1,1,2,3,0,0,2,1,8,6,12.9,1,2015-16
22015,2399,Mike Dunleavy,1610612741,CHI,Chicago Bulls,0021501049,2016-03-21,CHI vs. SAC,W,27,3,8,0.375,3,6,0.5,0,0,,0,1,1,1,1,0,1,3,9,16,13.7,1,2015-16
22015,201565,Derrick Rose,1610612741,CHI,Chicago Bulls,0021501049,2016-03-21,CHI vs. SAC,W,33,9,15,0.6,0,1,0.0,0,2,0.0,0,5,5,4,1,0,1,0,18,18,32.0,1,2015-16
22015,203507,Giannis Antetokounmpo,1610612749,MIL,Milwaukee Bucks,0021501047,2016-03-21,MIL @ DET,L,37,10,17,0.588,1,3,0.333,0,0,,1,11,12,5,0,2,0,1,21,8,48.9,1,2015-16
22015,2419,Tayshaun Prince,1610612750,MIN,Minnesota Timberwolves,0021501050,2016-03-21,MIN vs. GSW,L,20,1,1,1.0,0,0,,2,2,1.0,1,2,3,3,0,0,0,1,4,-14,12.1,1,2015-16
22015,201937,Ricky Rubio,1610612750,MIN,Minnesota Timberwolves,0021501050,2016-03-21,MIN vs. GSW,L,33,5,9,0.556,3,7,0.429,7,7,1.0,0,4,4,11,4,1,6,4,20,1,50.3,1,2015-16
22015,203095,Evan Fournier,1610612753,ORL,Orlando Magic,0021501046,2016-03-21,ORL @ BOS,L,33,5,15,0.333,1,6,0.167,2,4,0.5,0,0,0,2,2,0,1,2,13,-19,21.0,1,2015-16
22015,203901,Elfrid Payton,1610612753,ORL,Orlando Magic,0021501046,2016-03-21,ORL @ BOS,L,31,4,9,0.444,0,1,0.0,0,1,0.0,0,1,1,6,0,1,2,3,8,1,19.2,1,2015-16
22015,201155,Rodney Stuckey,1610612754,IND,Indiana Pacers,0021501045,2016-03-21,IND vs. PHI,W,18,3,12,0.25,2,4,0.5,1,2,0.5,0,2,2,1,1,0,1,2,9,-1,14.9,1,2015-16
22015,201951,Ty Lawson,1610612754,IND,Indiana Pacers,0021501045,2016-03-21,IND vs. PHI,W,15,2,3,0.667,2,2,1.0,0,0,,0,2,2,2,0,0,1,2,6,3,10.4,1,2015-16
22015,202730,Lavoy Allen,1610612754,IND,Indiana Pacers,0021501045,2016-03-21,IND vs. PHI,W,19,0,2,0.0,0,0,,2,2,1.0,1,4,5,1,0,1,0,3,2,-1,12.5,1,2015-16
22015,201171,Carl Landry,1610612755,PHI,Philadelphia 76ers,0021501045,2016-03-21,PHI @ IND,L,22,2,6,0.333,0,0,,0,0,,1,6,7,0,0,2,1,4,4,-5,17.4,1,2015-16
22015,201978,Chase Budinger,1610612756,PHX,Phoenix Suns,0021501051,2016-03-21,PHX vs. MEM,L,11,1,1,1.0,1,1,1.0,0,0,,0,1,1,0,1,0,1,1,3,11,6.2,1,2015-16
22015,202688,Brandon Knight,1610612756,PHX,Phoenix Suns,0021501051,2016-03-21,PHX vs. MEM,L,35,4,17,0.235,3,8,0.375,2,2,1.0,0,6,6,7,1,0,2,3,13,-12,31.7,1,2015-16
22015,203458,Alex Len,1610612756,PHX,Phoenix Suns,0021501051,2016-03-21,PHX vs. MEM,L,28,3,8,0.375,0,0,,3,4,0.75,1,5,6,2,0,3,3,0,9,-13,25.2,1,2015-16
22015,200746,LaMarcus Aldridge,1610612759,SAS,San Antonio Spurs,0021501043,2016-03-21,SAS @ CHA,L,35,9,17,0.529,0,0,,0,0,,2,10,12,5,0,1,3,2,18,7,39.9,1,2015-16
22015,201162,Jared Dudley,1610612764,WAS,Washington Wizards,0021501048,2016-03-21,WAS @ ATL,W,21,2,4,0.5,0,1,0.0,1,2,0.5,0,4,4,2,0,0,0,1,5,-3,12.8,1,2015-16
22015,202322,John Wall,1610612764,WAS,Washington Wizards,0021501048,2016-03-21,WAS @ ATL,W,36,10,21,0.476,3,5,0.6,4,5,0.8,0,3,3,14,2,0,4,2,27,14,53.6,1,2015-16
22015,2744,Al Jefferson,1610612766,CHA,Charlotte Hornets,0021501043,2016-03-21,CHA vs. SAS,W,19,1,9,0.111,0,0,,1,2,0.5,3,3,6,2,0,1,1,1,3,5,15.2,1,2015-16
22015,2594,Kyle Korver,1610612737,ATL,Atlanta Hawks,0021501048,2016-03-21,ATL vs. WAS,L,19,1,2,0.5,1,2,0.5,0,1,0.0,0,1,1,1,0,0,0,0,3,-11,5.7,1,2015-16
22015,203935,Marcus Smart,1610612738,BOS,Boston Celtics,0021501046,2016-03-21,BOS vs. ORL,W,27,1,11,0.091,0,5,0.0,1,1,1.0,0,3,3,1,1,0,1,2,3,-6,10.1,1,2015-16
22015,2200,Pau Gasol,1610612741,CHI,Chicago Bulls,0021501049,2016-03-21,CHI vs. SAC,W,25,4,10,0.4,0,0,,6,8,0.75,3,11,14,3,1,3,0,3,14,15,47.3,1,2015-16
22015,201166,Aaron Brooks,1610612741,CHI,Chicago Bulls,0021501049,2016-03-21,CHI vs. SAC,W,15,1,4,0.25,0,1,0.0,0,2,0.0,1,2,3,6,1,0,2,1,2,-11,15.6,1,2015-16
22015,202710,Jimmy Butler III,1610612741,CHI,Chicago Bulls,0021501049,2016-03-21,CHI vs. SAC,W,35,3,10,0.3,0,1,0.0,5,7,0.714,2,1,3,8,5,0,0,0,11,16,41.6,1,2015-16
22015,201571,D.J. Augustin,1610612743,DEN,Denver Nuggets,0021501044,2016-03-21,DEN @ CLE,L,25,3,10,0.3,1,2,0.5,1,1,1.0,0,2,2,5,1,0,1,0,8,-6,19.9,1,2015-16
22015,203530,Joffrey Lauvergne,1610612743,DEN,Denver Nuggets,0021501044,2016-03-21,DEN @ CLE,L,19,3,7,0.429,0,1,0.0,3,3,1.0,1,3,4,0,0,0,1,0,9,1,12.8,1,2015-16
22015,203994,Jusuf Nurkić,1610612743,DEN,Denver Nuggets,0021501044,2016-03-21,DEN @ CLE,L,26,5,7,0.714,0,0,,1,4,0.25,2,5,7,3,1,3,4,3,11,-13,31.9,1,2015-16
22015,2571,Leandro Barbosa,1610612744,GSW,Golden State Warriors,0021501050,2016-03-21,GSW @ MIN,W,18,4,7,0.571,0,2,0.0,1,2,0.5,0,1,1,1,0,0,1,0,9,0,10.7,1,2015-16
22015,203084,Harrison Barnes,1610612744,GSW,Golden State Warriors,0021501050,2016-03-21,GSW @ MIN,W,31,3,7,0.429,0,2,0.0,0,0,,1,6,7,2,1,0,0,1,6,-7,20.4,1,2015-16
22015,203110,Draymond Green,1610612744,GSW,Golden State Warriors,0021501050,2016-03-21,GSW @ MIN,W,37,10,13,0.769,0,1,0.0,4,8,0.5,4,5,9,6,3,3,4,4,24,8,57.8,1,2015-16
22015,203089,John Henson,1610612749,MIL,Milwaukee Bucks,0021501047,2016-03-21,MIL @ DET,L,14,1,2,0.5,0,0,,1,2,0.5,0,1,1,3,0,1,1,2,3,-17,10.7,1,2015-16
22015,203953,Jabari Parker,1610612749,MIL,Milwaukee Bucks,0021501047,2016-03-21,MIL @ DET,L,35,2,7,0.286,1,1,1.0,0,0,,2,4,6,2,0,2,2,4,5,8,19.2,1,2015-16
22015,203996,Damien Inglis,1610612749,MIL,Milwaukee Bucks,0021501047,2016-03-21,MIL @ DET,L,13,1,3,0.333,0,0,,0,0,,0,3,3,1,0,0,0,1,2,-9,7.1,1,2015-16
22015,203952,Andrew Wiggins,1610612750,MIN,Minnesota Timberwolves,0021501050,2016-03-21,MIN vs. GSW,L,41,8,21,0.381,1,3,0.333,8,11,0.727,0,5,5,4,1,1,1,2,25,-1,42.0,1,2015-16
22015,1626145,Tyus Jones,1610612750,MIN,Minnesota Timberwolves,0021501050,2016-03-21,MIN vs. GSW,L,15,0,2,0.0,0,1,0.0,0,0,,0,0,0,0,0,0,1,2,0,-6,-1.0,1,2015-16
22015,1626157,Karl-Anthony Towns,1610612750,MIN,Minnesota Timberwolves,0021501050,2016-03-21,MIN vs. GSW,L,38,11,19,0.579,1,1,1.0,1,2,0.5,3,8,11,2,0,1,2,5,24,-9,41.2,1,2015-16
22015,203932,Aaron Gordon,1610612753,ORL,Orlando Magic,0021501046,2016-03-21,ORL @ BOS,L,29,6,14,0.429,1,2,0.5,0,0,,3,5,8,0,1,0,0,3,13,-13,25.6,1,2015-16
22015,101139,CJ Miles,1610612754,IND,Indiana Pacers,0021501045,2016-03-21,IND vs. PHI,W,18,2,6,0.333,2,4,0.5,0,0,,0,1,1,1,0,0,0,2,6,7,8.7,1,2015-16
22015,1882,Elton Brand,1610612755,PHI,Philadelphia 76ers,0021501045,2016-03-21,PHI @ IND,L,13,1,3,0.333,0,0,,0,0,,0,0,0,0,0,0,0,1,2,-18,2.0,1,2015-16
22015,203457,Nerlens Noel,1610612755,PHI,Philadelphia 76ers,0021501045,2016-03-21,PHI @ IND,L,25,3,5,0.6,0,0,,2,4,0.5,2,6,8,2,0,0,3,4,8,0,17.6,1,2015-16
22015,204456,T.J. McConnell,1610612755,PHI,Philadelphia 76ers,0021501045,2016-03-21,PHI @ IND,L,21,2,5,0.4,0,1,0.0,0,0,,0,3,3,4,0,0,2,1,4,-5,11.6,1,2015-16
22015,2199,Tyson Chandler,1610612756,PHX,Phoenix Suns,0021501051,2016-03-21,PHX vs. MEM,L,12,1,2,0.5,0,0,,0,0,,0,1,1,0,1,1,0,1,2,1,9.2,1,2015-16
22015,101179,Ronnie Price,1610612756,PHX,Phoenix Suns,0021501051,2016-03-21,PHX vs. MEM,L,15,2,3,0.667,2,3,0.667,0,0,,1,0,1,3,0,0,1,3,6,11,10.7,1,2015-16
22015,201158,Marco Belinelli,1610612758,SAC,Sacramento Kings,0021501049,2016-03-21,SAC @ CHI,L,22,4,10,0.4,1,5,0.2,0,1,0.0,1,1,2,4,1,0,0,1,9,-3,20.4,1,2015-16
22015,201954,Darren Collison,1610612758,SAC,Sacramento Kings,0021501049,2016-03-21,SAC @ CHI,L,32,6,10,0.6,4,5,0.8,3,3,1.0,1,3,4,4,0,0,1,2,19,5,28.8,1,2015-16
22015,201956,Omri Casspi,1610612758,SAC,Sacramento Kings,0021501049,2016-03-21,SAC @ CHI,L,22,2,6,0.333,1,3,0.333,2,4,0.5,3,5,8,3,1,0,0,1,7,11,24.1,1,2015-16
22015,202341,James Anderson,1610612758,SAC,Sacramento Kings,0021501049,2016-03-21,SAC @ CHI,L,16,1,6,0.167,0,4,0.0,0,0,,0,2,2,2,0,0,2,0,2,-12,5.4,1,2015-16
22015,203112,Quincy Acy,1610612758,SAC,Sacramento Kings,0021501049,2016-03-21,SAC @ CHI,L,11,1,2,0.5,0,1,0.0,0,0,,0,1,1,0,0,0,0,2,2,-3,3.2,1,2015-16
22015,1495,Tim Duncan,1610612759,SAS,San Antonio Spurs,0021501043,2016-03-21,SAS @ CHA,L,31,7,11,0.636,0,0,,2,5,0.4,3,7,10,2,2,4,1,2,16,1,48.0,1,2015-16
22015,1938,Manu Ginobili,1610612759,SAS,San Antonio Spurs,0021501043,2016-03-21,SAS @ CHA,L,23,1,3,0.333,1,2,0.5,0,0,,0,2,2,3,1,1,3,2,3,-1,12.9,1,2015-16
22015,2561,David West,1610612759,SAS,San Antonio Spurs,0021501043,2016-03-21,SAS @ CHA,L,15,3,4,0.75,0,0,,0,0,,0,2,2,1,1,2,1,1,6,-8,17.9,1,2015-16
22015,201980,Danny Green,1610612759,SAS,San Antonio Spurs,0021501043,2016-03-21,SAS @ CHA,L,22,0,7,0.0,0,5,0.0,2,2,1.0,1,2,3,1,1,1,1,1,2,2,12.1,1,2015-16
22015,201988,Patty Mills,1610612759,SAS,San Antonio Spurs,0021501043,2016-03-21,SAS @ CHA,L,16,1,5,0.2,0,2,0.0,0,0,,1,2,3,1,0,0,3,1,2,-13,4.1,1,2015-16
22015,202695,Kawhi Leonard,1610612759,SAS,San Antonio Spurs,0021501043,2016-03-21,SAS @ CHA,L,31,6,14,0.429,1,4,0.25,2,2,1.0,0,6,6,0,2,0,1,3,15,4,27.2,1,2015-16
22015,1713,Vince Carter,1610612763,MEM,Memphis Grizzlies,0021501051,2016-03-21,MEM @ PHX,W,22,3,8,0.375,2,6,0.333,0,0,,0,2,2,1,1,0,0,5,8,-6,14.9,1,2015-16
22015,2216,Zach Randolph,1610612763,MEM,Memphis Grizzlies,0021501051,2016-03-21,MEM @ PHX,W,30,7,15,0.467,0,0,,0,0,,0,13,13,2,1,1,2,2,14,10,36.6,1,2015-16
22015,2440,Matt Barnes,1610612763,MEM,Memphis Grizzlies,0021501051,2016-03-21,MEM @ PHX,W,35,4,11,0.364,2,3,0.667,2,3,0.667,1,8,9,3,1,2,4,4,12,6,32.3,1,2015-16
22015,2754,Tony Allen,1610612763,MEM,Memphis Grizzlies,0021501051,2016-03-21,MEM @ PHX,W,28,4,11,0.364,0,0,,4,4,1.0,3,1,4,2,2,1,2,2,12,16,26.8,1,2015-16
22015,203210,JaMychal Green,1610612763,MEM,Memphis Grizzlies,0021501051,2016-03-21,MEM @ PHX,W,22,3,12,0.25,0,1,0.0,0,0,,3,4,7,1,1,0,0,1,6,2,18.9,1,2015-16
22015,204098,Xavier Munford,1610612763,MEM,Memphis Grizzlies,0021501051,2016-03-21,MEM @ PHX,W,10,1,2,0.5,1,2,0.5,0,0,,0,1,1,1,1,0,0,1,3,3,8.7,1,2015-16
22015,101162,Marcin Gortat,1610612764,WAS,Washington Wizards,0021501048,2016-03-21,WAS @ ATL,W,30,6,9,0.667,0,0,,3,4,0.75,3,4,7,0,1,0,2,1,15,19,24.4,1,2015-16
22015,201587,Nicolas Batum,1610612766,CHA,Charlotte Hornets,0021501043,2016-03-21,CHA vs. SAS,W,35,5,9,0.556,0,1,0.0,5,7,0.714,2,4,6,3,1,1,5,3,15,-9,27.7,1,2015-16
22015,202689,Kemba Walker,1610612766,CHA,Charlotte Hornets,0021501043,2016-03-21,CHA vs. SAS,W,30,2,11,0.182,0,4,0.0,2,3,0.667,0,1,1,2,2,0,3,2,6,-13,13.2,1,2015-16
22015,203087,Jeremy Lamb,1610612766,CHA,Charlotte Hornets,0021501043,2016-03-21,CHA vs. SAS,W,16,1,5,0.2,1,1,1.0,1,2,0.5,1,6,7,2,1,2,0,2,4,10,24.4,1,2015-16
22015,203469,Cody Zeller,1610612766,CHA,Charlotte Hornets,0021501043,2016-03-21,CHA vs. SAS,W,29,3,6,0.5,0,0,,0,0,,4,10,14,3,1,0,0,1,6,-2,30.3,1,2015-16
22015,2544,LeBron James,1610612739,CLE,Cleveland Cavaliers,0021501044,2016-03-21,CLE vs. DEN,W,33,12,19,0.632,1,2,0.5,8,11,0.727,3,8,11,11,0,0,3,2,33,38,59.7,1,2015-16
22015,202697,Iman Shumpert,1610612739,CLE,Cleveland Cavaliers,0021501044,2016-03-21,CLE vs. DEN,W,23,2,4,0.5,1,2,0.5,0,0,,0,4,4,4,1,1,1,3,5,10,20.8,1,2015-16
22015,202703,Nikola Mirotic,1610612741,CHI,Chicago Bulls,0021501049,2016-03-21,CHI vs. SAC,W,21,2,8,0.25,2,4,0.5,0,0,,0,3,3,2,0,2,3,3,6,-6,15.6,1,2015-16
22015,203200,Justin Holiday,1610612741,CHI,Chicago Bulls,0021501049,2016-03-21,CHI vs. SAC,W,15,3,6,0.5,3,4,0.75,0,0,,0,1,1,0,0,1,0,1,9,-11,13.2,1,2015-16
22015,1626171,Bobby Portis,1610612741,CHI,Chicago Bulls,0021501049,2016-03-21,CHI vs. SAC,W,15,3,6,0.5,0,0,,0,0,,2,4,6,1,0,0,0,0,6,-5,14.7,1,2015-16
22015,201589,Darrell Arthur,1610612743,DEN,Denver Nuggets,0021501044,2016-03-21,DEN @ CLE,L,27,1,4,0.25,0,1,0.0,2,4,0.5,2,3,5,3,0,0,1,3,4,-14,13.5,1,2015-16
22015,203115,Will Barton,1610612743,DEN,Denver Nuggets,0021501044,2016-03-21,DEN @ CLE,L,26,9,12,0.75,4,5,0.8,5,6,0.833,1,3,4,1,2,0,4,2,27,-3,35.3,1,2015-16
22015,203114,Khris Middleton,1610612749,MIL,Milwaukee Bucks,0021501047,2016-03-21,MIL @ DET,L,32,11,16,0.688,2,3,0.667,3,3,1.0,0,1,1,4,1,0,3,5,27,18,34.2,1,2015-16
22015,101141,Ersan Ilyasova,1610612753,ORL,Orlando Magic,0021501046,2016-03-21,ORL @ BOS,L,10,2,4,0.5,1,1,1.0,0,0,,3,2,5,0,0,1,0,0,5,1,14.0,1,2015-16
22015,201943,Brandon Jennings,1610612753,ORL,Orlando Magic,0021501046,2016-03-21,ORL @ BOS,L,17,1,5,0.2,0,2,0.0,0,0,,1,0,1,3,0,1,0,2,2,-12,10.7,1,2015-16
22015,203094,Andrew Nicholson,1610612753,ORL,Orlando Magic,0021501046,2016-03-21,ORL @ BOS,L,15,5,8,0.625,1,2,0.5,2,3,0.667,1,5,6,0,0,1,0,0,13,-4,23.2,1,2015-16
22015,201603,Sonny Weems,1610612755,PHI,Philadelphia 76ers,0021501045,2016-03-21,PHI @ IND,L,16,2,2,1.0,0,0,,1,2,0.5,0,3,3,1,0,0,0,1,5,-7,10.1,1,2015-16
22015,202397,Ish Smith,1610612755,PHI,Philadelphia 76ers,0021501045,2016-03-21,PHI @ IND,L,31,2,15,0.133,0,1,0.0,0,0,,3,6,9,4,3,0,1,2,4,-14,28.8,1,2015-16
22015,200782,P.J. Tucker,1610612756,PHX,Phoenix Suns,0021501051,2016-03-21,PHX vs. MEM,L,37,4,9,0.444,1,3,0.333,6,7,0.857,2,2,4,2,4,2,3,1,15,-17,37.8,1,2015-16
22015,203098,John Jenkins,1610612756,PHX,Phoenix Suns,0021501051,2016-03-21,PHX vs. MEM,L,13,3,4,0.75,1,1,1.0,1,2,0.5,0,4,4,4,0,0,1,0,8,10,17.8,1,2015-16
22015,2406,Caron Butler,1610612758,SAC,Sacramento Kings,0021501049,2016-03-21,SAC @ CHI,L,21,5,11,0.455,0,5,0.0,0,0,,0,2,2,1,3,0,0,1,10,-3,22.9,1,2015-16
22015,200765,Rajon Rondo,1610612758,SAC,Sacramento Kings,0021501049,2016-03-21,SAC @ CHI,L,31,7,13,0.538,0,1,0.0,0,0,,2,2,4,5,0,0,6,3,14,-9,20.3,1,2015-16
22015,1626161,Willie Cauley-Stein,1610612758,SAC,Sacramento Kings,0021501049,2016-03-21,SAC @ CHI,L,5,0,2,0.0,0,0,,0,0,,1,0,1,0,0,0,1,0,0,-3,0.2,1,2015-16
22015,2564,Boris Diaw,1610612759,SAS,San Antonio Spurs,0021501043,2016-03-21,SAS @ CHA,L,15,0,5,0.0,0,0,,0,0,,0,3,3,3,0,0,0,0,0,-6,8.1,1,2015-16
22015,203937,Kyle Anderson,1610612759,SAS,San Antonio Spurs,0021501043,2016-03-21,SAS @ CHA,L,7,0,1,0.0,0,0,,0,0,,0,1,1,0,0,0,0,1,0,-3,1.2,1,2015-16
22015,203492,Ray McCallum,1610612763,MEM,Memphis Grizzlies,0021501051,2016-03-21,MEM @ PHX,W,25,3,10,0.3,1,3,0.333,2,3,0.667,0,1,1,7,2,0,1,4,9,0,25.7,1,2015-16
22015,203078,Bradley Beal,1610612764,WAS,Washington Wizards,0021501048,2016-03-21,WAS @ ATL,W,34,10,15,0.667,5,6,0.833,0,0,,0,3,3,1,0,0,0,2,25,25,30.1,1,2015-16
22015,201229,Anthony Tolliver,1610612765,DET,Detroit Pistons,0021501047,2016-03-21,DET vs. MIL,W,16,4,9,0.444,3,8,0.375,0,0,,0,1,1,0,0,1,1,4,11,10,14.2,1,2015-16
22015,202694,Marcus Morris Sr.,1610612765,DET,Detroit Pistons,0021501047,2016-03-21,DET vs. MIL,W,37,8,9,0.889,4,4,1.0,1,3,0.333,0,3,3,4,1,1,1,1,21,-2,35.6,1,2015-16
22015,203083,Andre Drummond,1610612765,DET,Detroit Pistons,0021501047,2016-03-21,DET vs. MIL,W,33,7,16,0.438,0,0,,0,1,0.0,6,10,16,0,1,0,0,0,14,-3,36.2,1,2015-16
22015,1626169,Stanley Johnson,1610612765,DET,Detroit Pistons,0021501047,2016-03-21,DET vs. MIL,W,16,1,6,0.167,0,2,0.0,2,2,1.0,0,0,0,0,2,0,5,4,4,2,5.0,1,2015-16
22015,101107,Marvin Williams,1610612766,CHA,Charlotte Hornets,0021501043,2016-03-21,CHA vs. SAS,W,22,2,7,0.286,2,4,0.5,0,0,,0,2,2,2,0,1,1,1,6,-5,13.4,1,2015-16
22015,1626163,Frank Kaminsky,1610612766,CHA,Charlotte Hornets,0021501043,2016-03-21,CHA vs. SAS,W,26,2,9,0.222,0,3,0.0,1,2,0.5,0,1,1,0,1,0,0,0,5,8,9.2,1,2015-16
22015,203118,Mike Scott,1610612737,ATL,Atlanta Hawks,0021501048,2016-03-21,ATL vs. WAS,L,25,4,6,0.667,1,2,0.5,0,0,,1,1,2,2,0,1,0,2,9,-5,17.4,1,2015-16
22015,203145,Kent Bazemore,1610612737,ATL,Atlanta Hawks,0021501048,2016-03-21,ATL vs. WAS,L,21,2,8,0.25,0,4,0.0,2,3,0.667,0,0,0,1,0,1,2,1,6,-17,8.5,1,2015-16
22015,203488,Mike Muscala,1610612737,ATL,Atlanta Hawks,0021501048,2016-03-21,ATL vs. WAS,L,1,1,2,0.5,0,1,0.0,0,0,,0,0,0,0,0,0,0,0,2,0,2.0,1,2015-16
22015,203501,Tim Hardaway Jr.,1610612737,ATL,Atlanta Hawks,0021501048,2016-03-21,ATL vs. WAS,L,26,6,8,0.75,4,5,0.8,0,0,,0,4,4,1,0,0,2,3,16,2,20.3,1,2015-16
22015,203482,Kelly Olynyk,1610612738,BOS,Boston Celtics,0021501046,2016-03-21,BOS vs. ORL,W,21,7,12,0.583,4,6,0.667,4,4,1.0,2,3,5,2,2,0,0,5,22,5,37.0,1,2015-16
22015,101112,Channing Frye,1610612739,CLE,Cleveland Cavaliers,0021501044,2016-03-21,CLE vs. DEN,W,25,5,9,0.556,3,7,0.429,1,2,0.5,0,3,3,2,0,1,0,2,14,20,23.6,1,2015-16
22015,201619,Sasha Kaun,1610612739,CLE,Cleveland Cavaliers,0021501044,2016-03-21,CLE vs. DEN,W,5,2,2,1.0,0,0,,0,0,,0,2,2,1,1,0,0,0,4,5,10.9,1,2015-16
22015,202684,Tristan Thompson,1610612739,CLE,Cleveland Cavaliers,0021501044,2016-03-21,CLE vs. DEN,W,22,4,5,0.8,0,0,,0,0,,1,6,7,1,2,1,0,3,8,2,26.9,1,2015-16
22015,203521,Matthew Dellavedova,1610612739,CLE,Cleveland Cavaliers,0021501044,2016-03-21,CLE vs. DEN,W,23,3,7,0.429,3,5,0.6,1,1,1.0,0,3,3,7,0,0,0,2,10,20,24.1,1,2015-16
22015,203895,Jordan McRae,1610612739,CLE,Cleveland Cavaliers,0021501044,2016-03-21,CLE vs. DEN,W,5,1,1,1.0,1,1,1.0,0,0,,0,0,0,2,0,0,1,0,3,5,5.0,1,2015-16
22015,203926,Doug McDermott,1610612741,CHI,Chicago Bulls,0021501049,2016-03-21,CHI vs. SAC,W,21,6,11,0.545,4,7,0.571,0,0,,0,1,1,1,0,0,1,3,16,-9,17.7,1,2015-16
22015,203960,JaKarr Sampson,1610612743,DEN,Denver Nuggets,0021501044,2016-03-21,DEN @ CLE,L,10,1,3,0.333,0,0,,0,0,,1,0,1,0,0,0,0,1,2,-17,3.2,1,2015-16
22015,1626144,Emmanuel Mudiay,1610612743,DEN,Denver Nuggets,0021501044,2016-03-21,DEN @ CLE,L,26,1,11,0.091,1,3,0.333,2,2,1.0,1,2,3,3,1,0,2,1,5,-26,14.1,1,2015-16
22015,2760,Anderson Varejao,1610612744,GSW,Golden State Warriors,0021501050,2016-03-21,GSW @ MIN,W,10,2,2,1.0,0,0,,1,2,0.5,0,0,0,1,0,0,1,1,5,-7,5.5,1,2015-16
22015,201578,Marreese Speights,1610612744,GSW,Golden State Warriors,0021501050,2016-03-21,GSW @ MIN,W,13,4,6,0.667,0,0,,0,0,,1,1,2,2,0,3,0,2,8,6,22.4,1,2015-16
22015,201939,Stephen Curry,1610612744,GSW,Golden State Warriors,0021501050,2016-03-21,GSW @ MIN,W,35,6,17,0.353,2,9,0.222,5,6,0.833,3,4,7,11,3,1,5,4,19,0,50.9,1,2015-16
22015,203099,Jared Cunningham,1610612749,MIL,Milwaukee Bucks,0021501047,2016-03-21,MIL @ DET,L,14,1,3,0.333,0,1,0.0,0,0,,0,1,1,0,1,0,2,1,2,-17,4.2,1,2015-16
22015,203101,Miles Plumlee,1610612749,MIL,Milwaukee Bucks,0021501047,2016-03-21,MIL @ DET,L,14,2,3,0.667,0,0,,0,0,,0,2,2,0,0,0,1,2,4,-11,5.4,1,2015-16
22015,203898,Tyler Ennis,1610612749,MIL,Milwaukee Bucks,0021501047,2016-03-21,MIL @ DET,L,11,2,5,0.4,0,0,,0,0,,0,1,1,1,1,0,1,2,4,-4,8.7,1,2015-16
22015,202962,Greg Smith,1610612750,MIN,Minnesota Timberwolves,0021501050,2016-03-21,MIN vs. GSW,L,9,0,4,0.0,0,0,,0,0,,3,0,3,0,0,0,1,1,0,-2,2.6,1,2015-16
22015,201160,Jason Smith,1610612753,ORL,Orlando Magic,0021501046,2016-03-21,ORL @ BOS,L,27,2,8,0.25,0,1,0.0,2,2,1.0,2,1,3,2,0,1,0,3,6,1,15.6,1,2015-16
22015,203473,Dewayne Dedmon,1610612753,ORL,Orlando Magic,0021501046,2016-03-21,ORL @ BOS,L,15,3,8,0.375,0,0,,2,2,1.0,1,4,5,0,1,0,0,0,8,-7,17.0,1,2015-16
22015,201941,Jordan Hill,1610612754,IND,Indiana Pacers,0021501045,2016-03-21,IND vs. PHI,W,17,2,5,0.4,0,0,,2,2,1.0,2,4,6,0,0,0,1,0,6,12,12.2,1,2015-16
22015,202331,Paul George,1610612754,IND,Indiana Pacers,0021501045,2016-03-21,IND vs. PHI,W,35,4,16,0.25,1,5,0.2,6,6,1.0,0,6,6,3,2,0,1,3,15,8,31.7,1,2015-16
22015,1626167,Myles Turner,1610612754,IND,Indiana Pacers,0021501045,2016-03-21,IND vs. PHI,W,26,5,9,0.556,0,2,0.0,0,0,,1,5,6,1,2,3,2,3,10,11,31.7,1,2015-16
22015,203138,Hollis Thompson,1610612755,PHI,Philadelphia 76ers,0021501045,2016-03-21,PHI @ IND,L,33,6,13,0.462,1,5,0.2,2,2,1.0,1,5,6,2,1,0,1,2,15,-4,27.2,1,2015-16
22015,203917,Nik Stauskas,1610612755,PHI,Philadelphia 76ers,0021501045,2016-03-21,PHI @ IND,L,15,1,5,0.2,0,3,0.0,2,2,1.0,0,0,0,0,0,1,4,0,4,-12,3.0,1,2015-16
22015,203924,Jerami Grant,1610612755,PHI,Philadelphia 76ers,0021501045,2016-03-21,PHI @ IND,L,34,6,12,0.5,0,1,0.0,2,4,0.5,1,3,4,2,0,1,1,2,14,-7,23.8,1,2015-16
22015,202720,Jon Leuer,1610612756,PHX,Phoenix Suns,0021501051,2016-03-21,PHX vs. MEM,L,32,5,11,0.455,1,2,0.5,2,5,0.4,4,9,13,0,0,3,2,4,13,-2,35.6,1,2015-16
22015,203141,Mirza Teletovic,1610612756,PHX,Phoenix Suns,0021501051,2016-03-21,PHX vs. MEM,L,23,2,8,0.25,0,2,0.0,6,6,1.0,0,5,5,2,1,1,2,0,10,2,23.0,1,2015-16
22015,201585,Kosta Koufos,1610612758,SAC,Sacramento Kings,0021501049,2016-03-21,SAC @ CHI,L,12,1,3,0.333,0,0,,0,0,,1,2,3,0,0,0,0,2,2,7,5.6,1,2015-16
22015,202326,DeMarcus Cousins,1610612758,SAC,Sacramento Kings,0021501049,2016-03-21,SAC @ CHI,L,35,6,14,0.429,0,1,0.0,7,7,1.0,4,14,18,3,1,2,8,3,19,-11,46.1,1,2015-16
22015,2755,Kevin Martin,1610612759,SAS,San Antonio Spurs,0021501043,2016-03-21,SAS @ CHA,L,10,2,4,0.5,1,2,0.5,2,2,1.0,0,0,0,0,1,1,0,1,7,-4,13.0,1,2015-16
22015,200770,Jordan Farmar,1610612763,MEM,Memphis Grizzlies,0021501051,2016-03-21,MEM @ PHX,W,23,4,8,0.5,2,4,0.5,2,2,1.0,0,3,3,1,1,0,0,2,12,6,20.1,1,2015-16
22015,2403,Nene,1610612764,WAS,Washington Wizards,0021501048,2016-03-21,WAS @ ATL,W,18,3,6,0.5,0,0,,0,2,0.0,0,4,4,3,0,0,0,1,6,-4,15.3,1,2015-16
22015,202066,Garrett Temple,1610612764,WAS,Washington Wizards,0021501048,2016-03-21,WAS @ ATL,W,25,2,5,0.4,1,4,0.25,0,0,,1,2,3,1,1,1,1,5,5,-4,15.1,1,2015-16
22015,202693,Markieff Morris,1610612764,WAS,Washington Wizards,0021501048,2016-03-21,WAS @ ATL,W,27,5,11,0.455,2,3,0.667,2,5,0.4,0,7,7,0,3,1,1,3,14,18,33.4,1,2015-16
22015,2581,Steve Blake,1610612765,DET,Detroit Pistons,0021501047,2016-03-21,DET vs. MIL,W,20,1,3,0.333,0,2,0.0,1,1,1.0,0,0,0,4,0,0,0,1,3,9,9.0,1,2015-16
22015,202704,Reggie Jackson,1610612765,DET,Detroit Pistons,0021501047,2016-03-21,DET vs. MIL,W,28,3,8,0.375,0,4,0.0,3,3,1.0,0,5,5,5,1,0,3,2,9,-8,22.5,1,2015-16
22015,203382,Aron Baynes,1610612765,DET,Detroit Pistons,0021501047,2016-03-21,DET vs. MIL,W,15,1,4,0.25,0,0,,0,0,,0,5,5,0,0,1,1,0,2,4,10.0,1,2015-16
22015,201584,Courtney Lee,1610612766,CHA,Charlotte Hornets,0021501043,2016-03-21,CHA vs. SAS,W,33,8,13,0.615,1,2,0.5,0,0,,0,2,2,2,4,0,1,1,17,12,33.4,1,2015-16
22015,202391,Jeremy Lin,1610612766,CHA,Charlotte Hornets,0021501043,2016-03-21,CHA vs. SAS,W,31,11,18,0.611,4,4,1.0,3,3,1.0,0,7,7,2,1,0,3,1,29,9,40.4,1,2015-16
22015,203096,Jared Sullinger,1610612738,BOS,Boston Celtics,0021501046,2016-03-21,BOS vs. ORL,W,21,2,7,0.286,0,2,0.0,1,2,0.5,0,3,3,1,1,1,1,2,5,3,15.1,1,2015-16
22015,203914,Gary Harris,1610612743,DEN,Denver Nuggets,0021501044,2016-03-21,DEN @ CLE,L,34,4,12,0.333,1,6,0.167,2,2,1.0,0,2,2,1,2,0,0,2,11,-45,20.9,1,2015-16
22015,1626253,Axel Toupane,1610612743,DEN,Denver Nuggets,0021501044,2016-03-21,DEN @ CLE,L,20,0,1,0.0,0,1,0.0,0,0,,1,2,3,0,0,1,0,2,0,-13,6.6,1,2015-16
22015,201575,Brandon Rush,1610612744,GSW,Golden State Warriors,0021501050,2016-03-21,GSW @ MIN,W,20,2,6,0.333,1,4,0.25,0,0,,0,3,3,0,1,0,1,2,5,10,10.6,1,2015-16
22015,200752,Rudy Gay,1610612758,SAC,Sacramento Kings,0021501049,2016-03-21,SAC @ CHI,L,33,7,11,0.636,3,4,0.75,1,1,1.0,1,4,5,1,0,0,1,4,18,-14,24.5,1,2015-16
22015,2225,Tony Parker,1610612759,SAS,San Antonio Spurs,0021501043,2016-03-21,SAS @ CHA,L,36,8,15,0.533,1,2,0.5,2,2,1.0,2,3,5,7,1,2,3,3,19,6,41.5,1,2015-16
22015,201196,Ramon Sessions,1610612764,WAS,Washington Wizards,0021501048,2016-03-21,WAS @ ATL,W,12,1,3,0.333,0,0,,0,0,,0,2,2,3,1,0,1,0,2,-2,10.9,1,2015-16
22015,203490,Otto Porter Jr.,1610612764,WAS,Washington Wizards,0021501048,2016-03-21,WAS @ ATL,W,36,6,15,0.4,2,5,0.4,2,2,1.0,4,6,10,3,2,1,0,2,16,12,41.5,1,2015-16
22015,201582,Alexis Ajinca,1610612740,NOP,New Orleans Pelicans,0021501053,2016-03-22,NOP vs. MIA,L,12,1,4,0.25,0,0,,2,3,0.667,2,0,2,0,0,0,0,0,4,-6,6.4,1,2015-16
22015,201950,Jrue Holiday,1610612740,NOP,New Orleans Pelicans,0021501053,2016-03-22,NOP vs. MIA,L,36,7,23,0.304,3,8,0.375,7,7,1.0,0,5,5,7,4,0,1,2,24,-17,51.5,1,2015-16
22015,201967,Dante Cunningham,1610612740,NOP,New Orleans Pelicans,0021501053,2016-03-22,NOP vs. MIA,L,27,1,3,0.333,0,1,0.0,2,2,1.0,1,3,4,3,0,0,1,4,4,-17,12.3,1,2015-16
22015,101138,Brandon Bass,1610612747,LAL,Los Angeles Lakers,0021501055,2016-03-22,LAL vs. MEM,W,27,7,10,0.7,0,1,0.0,4,4,1.0,2,4,6,1,2,0,2,1,18,5,30.7,1,2015-16
22015,1626159,Justise Winslow,1610612748,MIA,Miami Heat,0021501053,2016-03-22,MIA @ NOP,W,31,4,6,0.667,0,2,0.0,0,0,,0,6,6,3,1,0,1,0,8,11,21.7,1,2015-16
22015,201961,Wayne Ellington,1610612751,BKN,Brooklyn Nets,0021501052,2016-03-22,BKN vs. CHA,L,13,1,4,0.25,0,1,0.0,0,0,,1,2,3,0,0,0,0,1,2,-13,5.6,1,2015-16
22015,202711,Bojan Bogdanovic,1610612751,BKN,Brooklyn Nets,0021501052,2016-03-22,BKN vs. CHA,L,29,4,8,0.5,3,6,0.5,9,9,1.0,0,3,3,0,0,0,1,4,20,-17,22.6,1,2015-16
22015,200751,Randy Foye,1610612760,OKC,Oklahoma City Thunder,0021501054,2016-03-22,OKC vs. HOU,W,24,0,5,0.0,0,4,0.0,0,0,,0,0,0,1,2,0,0,2,0,12,7.5,1,2015-16
22015,202683,Enes Freedom,1610612760,OKC,Oklahoma City Thunder,0021501054,2016-03-22,OKC vs. HOU,W,22,3,4,0.75,0,0,,4,6,0.667,1,9,10,0,1,0,0,1,10,9,25.0,1,2015-16
22015,1626166,Cameron Payne,1610612760,OKC,Oklahoma City Thunder,0021501054,2016-03-22,OKC vs. HOU,W,11,2,6,0.333,1,4,0.25,0,0,,0,0,0,0,0,0,0,1,5,9,5.0,1,2015-16
22015,2754,Tony Allen,1610612763,MEM,Memphis Grizzlies,0021501055,2016-03-22,MEM @ LAL,L,31,12,12,1.0,0,0,,3,5,0.6,0,4,4,5,1,0,5,4,27,-7,37.3,1,2015-16
22015,200770,Jordan Farmar,1610612763,MEM,Memphis Grizzlies,0021501055,2016-03-22,MEM @ LAL,L,31,2,9,0.222,2,6,0.333,2,2,1.0,0,1,1,5,2,0,3,2,8,-2,19.7,1,2015-16
22015,203492,Ray McCallum,1610612763,MEM,Memphis Grizzlies,0021501055,2016-03-22,MEM @ LAL,L,17,0,2,0.0,0,2,0.0,0,0,,0,0,0,3,0,0,1,2,0,-5,3.5,1,2015-16
22015,2570,Kendrick Perkins,1610612740,NOP,New Orleans Pelicans,0021501053,2016-03-22,NOP vs. MIA,L,23,2,3,0.667,0,0,,0,0,,2,3,5,0,0,0,3,3,4,-4,7.0,1,2015-16
22015,1891,Jason Terry,1610612745,HOU,Houston Rockets,0021501054,2016-03-22,HOU @ OKC,L,18,3,6,0.5,2,3,0.667,0,0,,1,0,1,0,0,0,1,2,8,-7,8.2,1,2015-16
22015,201147,Corey Brewer,1610612745,HOU,Houston Rockets,0021501054,2016-03-22,HOU @ OKC,L,21,1,6,0.167,0,2,0.0,1,2,0.5,0,4,4,0,0,0,0,3,3,-4,7.8,1,2015-16
22015,201976,Patrick Beverley,1610612745,HOU,Houston Rockets,0021501054,2016-03-22,HOU @ OKC,L,33,6,12,0.5,4,8,0.5,0,0,,0,3,3,2,1,0,1,5,16,1,24.6,1,2015-16
22015,204028,Tarik Black,1610612747,LAL,Los Angeles Lakers,0021501055,2016-03-22,LAL vs. MEM,W,14,0,0,,0,0,,0,0,,1,4,5,3,1,0,2,3,0,-3,11.5,1,2015-16
22015,1626156,D'Angelo Russell,1610612747,LAL,Los Angeles Lakers,0021501055,2016-03-22,LAL vs. MEM,W,22,5,10,0.5,0,2,0.0,1,1,1.0,1,1,2,0,1,0,3,1,11,2,13.4,1,2015-16
22015,1626273,Marcelo Huertas,1610612747,LAL,Los Angeles Lakers,0021501055,2016-03-22,LAL vs. MEM,W,19,1,2,0.5,0,1,0.0,2,2,1.0,0,0,0,7,0,0,2,1,4,-6,12.5,1,2015-16
22015,202388,Donald Sloan,1610612751,BKN,Brooklyn Nets,0021501052,2016-03-22,BKN vs. CHA,L,27,0,5,0.0,0,2,0.0,0,0,,0,3,3,6,0,0,0,1,0,-9,12.6,1,2015-16
22015,203499,Shane Larkin,1610612751,BKN,Brooklyn Nets,0021501052,2016-03-22,BKN vs. CHA,L,21,2,4,0.5,1,1,1.0,2,2,1.0,0,3,3,5,1,0,1,2,7,4,20.1,1,2015-16
22015,1713,Vince Carter,1610612763,MEM,Memphis Grizzlies,0021501055,2016-03-22,MEM @ LAL,L,14,1,5,0.2,1,2,0.5,1,2,0.5,4,3,7,0,1,0,1,1,4,2,14.4,1,2015-16
22015,2216,Zach Randolph,1610612763,MEM,Memphis Grizzlies,0021501055,2016-03-22,MEM @ LAL,L,38,7,17,0.412,0,0,,2,4,0.5,3,3,6,5,3,1,2,4,16,-4,40.7,1,2015-16
22015,201150,Spencer Hawes,1610612766,CHA,Charlotte Hornets,0021501052,2016-03-22,CHA @ BKN,W,20,1,5,0.2,0,1,0.0,0,0,,1,4,5,1,0,1,1,3,2,5,11.5,1,2015-16
22015,201962,Toney Douglas,1610612740,NOP,New Orleans Pelicans,0021501053,2016-03-22,NOP vs. MIA,L,31,4,16,0.25,1,3,0.333,5,6,0.833,1,8,9,1,1,0,2,4,14,-4,27.3,1,2015-16
22015,201935,James Harden,1610612745,HOU,Houston Rockets,0021501054,2016-03-22,HOU @ OKC,L,40,7,17,0.412,2,8,0.25,8,8,1.0,0,7,7,16,4,0,5,6,24,1,63.4,1,2015-16
22015,203991,Clint Capela,1610612745,HOU,Houston Rockets,0021501054,2016-03-22,HOU @ OKC,L,10,2,3,0.667,0,0,,1,2,0.5,1,1,2,0,1,1,0,1,5,1,13.4,1,2015-16
22015,202355,Hassan Whiteside,1610612748,MIA,Miami Heat,0021501053,2016-03-22,MIA @ NOP,W,30,10,11,0.909,0,0,,4,6,0.667,5,9,14,0,1,3,4,4,24,12,48.8,1,2015-16
22015,201572,Brook Lopez,1610612751,BKN,Brooklyn Nets,0021501052,2016-03-22,BKN vs. CHA,L,39,11,19,0.579,0,1,0.0,7,7,1.0,4,5,9,6,0,0,3,4,29,-2,45.8,1,2015-16
22015,201566,Russell Westbrook,1610612760,OKC,Oklahoma City Thunder,0021501054,2016-03-22,OKC vs. HOU,W,37,7,18,0.389,0,7,0.0,7,8,0.875,3,9,12,15,1,0,4,1,21,-5,56.9,1,2015-16
22015,201586,Serge Ibaka,1610612760,OKC,Oklahoma City Thunder,0021501054,2016-03-22,OKC vs. HOU,W,29,6,15,0.4,1,4,0.25,2,4,0.5,2,7,9,0,1,3,2,2,15,-4,35.8,1,2015-16
22015,2365,Chris Andersen,1610612763,MEM,Memphis Grizzlies,0021501055,2016-03-22,MEM @ LAL,L,16,4,5,0.8,0,0,,0,0,,1,2,3,0,0,0,0,0,8,-4,11.6,1,2015-16
22015,202362,Lance Stephenson,1610612763,MEM,Memphis Grizzlies,0021501055,2016-03-22,MEM @ LAL,L,21,5,12,0.417,1,1,1.0,5,5,1.0,2,4,6,0,2,0,2,1,16,-7,27.2,1,2015-16
22015,201587,Nicolas Batum,1610612766,CHA,Charlotte Hornets,0021501052,2016-03-22,CHA @ BKN,W,39,7,16,0.438,4,9,0.444,5,5,1.0,0,2,2,2,1,0,0,4,23,-2,31.4,1,2015-16
22015,202087,Alonzo Gee,1610612740,NOP,New Orleans Pelicans,0021501053,2016-03-22,NOP vs. MIA,L,26,3,3,1.0,0,0,,1,1,1.0,1,1,2,0,0,1,2,4,7,-1,10.4,1,2015-16
22015,204025,Tim Frazier,1610612740,NOP,New Orleans Pelicans,0021501053,2016-03-22,NOP vs. MIA,L,28,3,10,0.3,1,2,0.5,4,4,1.0,0,2,2,4,0,0,1,2,11,-7,18.4,1,2015-16
22015,202700,Donatas Motiejunas,1610612745,HOU,Houston Rockets,0021501054,2016-03-22,HOU @ OKC,L,21,4,9,0.444,1,2,0.5,2,2,1.0,3,2,5,1,0,0,3,3,11,-1,15.5,1,2015-16
22015,1897,Metta World Peace,1610612747,LAL,Los Angeles Lakers,0021501055,2016-03-22,LAL vs. MEM,W,13,1,4,0.25,0,1,0.0,0,0,,0,1,1,0,1,0,1,4,2,-5,5.2,1,2015-16
22015,201579,Roy Hibbert,1610612747,LAL,Los Angeles Lakers,0021501055,2016-03-22,LAL vs. MEM,W,21,1,2,0.5,0,0,,2,2,1.0,3,1,4,1,0,0,0,3,4,2,10.3,1,2015-16
22015,203903,Jordan Clarkson,1610612747,LAL,Los Angeles Lakers,0021501055,2016-03-22,LAL vs. MEM,W,33,8,13,0.615,2,3,0.667,4,4,1.0,2,3,5,1,2,0,3,2,22,14,32.5,1,2015-16
22015,2405,Amar'e Stoudemire,1610612748,MIA,Miami Heat,0021501053,2016-03-22,MIA @ NOP,W,15,6,8,0.75,0,0,,4,4,1.0,5,4,9,0,0,2,1,2,16,3,31.8,1,2015-16
22015,101123,Gerald Green,1610612748,MIA,Miami Heat,0021501053,2016-03-22,MIA @ NOP,W,5,0,1,0.0,0,1,0.0,0,0,,0,0,0,0,0,0,0,0,0,-2,0.0,1,2015-16
22015,201177,Josh McRoberts,1610612748,MIA,Miami Heat,0021501053,2016-03-22,MIA @ NOP,W,3,0,1,0.0,0,0,,0,0,,0,0,0,0,0,0,0,3,0,-1,0.0,1,2015-16
22015,201152,Thaddeus Young,1610612751,BKN,Brooklyn Nets,0021501052,2016-03-22,BKN vs. CHA,L,36,5,12,0.417,0,0,,0,0,,1,7,8,1,0,0,6,4,10,-8,15.1,1,2015-16
22015,203080,Thomas Robinson,1610612751,BKN,Brooklyn Nets,0021501052,2016-03-22,BKN vs. CHA,L,13,0,1,0.0,0,0,,0,2,0.0,0,4,4,0,0,1,0,2,0,3,7.8,1,2015-16
22015,203900,Markel Brown,1610612751,BKN,Brooklyn Nets,0021501052,2016-03-22,BKN vs. CHA,L,12,0,4,0.0,0,1,0.0,2,2,1.0,0,4,4,0,2,0,3,0,2,-5,9.8,1,2015-16
22015,203930,Sean Kilpatrick,1610612751,BKN,Brooklyn Nets,0021501052,2016-03-22,BKN vs. CHA,L,27,9,12,0.75,4,5,0.8,3,3,1.0,0,2,2,1,0,1,0,1,25,16,31.9,1,2015-16
22015,2440,Matt Barnes,1610612763,MEM,Memphis Grizzlies,0021501055,2016-03-22,MEM @ LAL,L,32,4,10,0.4,0,3,0.0,1,2,0.5,0,0,0,3,0,1,2,2,9,-13,14.5,1,2015-16
22015,2744,Al Jefferson,1610612766,CHA,Charlotte Hornets,0021501052,2016-03-22,CHA @ BKN,W,24,5,8,0.625,0,0,,0,0,,0,4,4,4,0,0,0,3,10,-3,20.8,1,2015-16
22015,201584,Courtney Lee,1610612766,CHA,Charlotte Hornets,0021501052,2016-03-22,CHA @ BKN,W,27,3,7,0.429,1,3,0.333,0,0,,0,5,5,3,3,0,0,2,7,20,26.5,1,2015-16
22015,202391,Jeremy Lin,1610612766,CHA,Charlotte Hornets,0021501052,2016-03-22,CHA @ BKN,W,30,8,12,0.667,1,2,0.5,4,6,0.667,0,2,2,4,1,0,2,1,21,-9,30.4,1,2015-16
22015,202689,Kemba Walker,1610612766,CHA,Charlotte Hornets,0021501052,2016-03-22,CHA @ BKN,W,37,4,14,0.286,1,5,0.2,5,6,0.833,0,3,3,4,2,0,2,0,14,2,27.6,1,2015-16
22015,203087,Jeremy Lamb,1610612766,CHA,Charlotte Hornets,0021501052,2016-03-22,CHA @ BKN,W,11,2,4,0.5,1,3,0.333,1,2,0.5,1,1,2,0,0,1,1,2,6,3,10.4,1,2015-16
22015,1626163,Frank Kaminsky,1610612766,CHA,Charlotte Hornets,0021501052,2016-03-22,CHA @ BKN,W,28,5,11,0.455,2,5,0.4,2,2,1.0,1,6,7,1,0,2,1,2,14,1,28.9,1,2015-16
22015,202337,Luke Babbitt,1610612740,NOP,New Orleans Pelicans,0021501053,2016-03-22,NOP vs. MIA,L,35,10,19,0.526,2,2,1.0,1,2,0.5,3,1,4,1,1,0,2,5,23,-12,30.3,1,2015-16
22015,2772,Trevor Ariza,1610612745,HOU,Houston Rockets,0021501054,2016-03-22,HOU @ OKC,L,40,5,18,0.278,3,12,0.25,0,0,,4,4,8,4,3,0,1,4,13,-3,36.6,1,2015-16
22015,203909,KJ McDaniels,1610612745,HOU,Houston Rockets,0021501054,2016-03-22,HOU @ OKC,L,2,0,1,0.0,0,1,0.0,0,0,,0,0,0,0,0,0,0,0,0,-1,0.0,1,2015-16
22015,977,Kobe Bryant,1610612747,LAL,Los Angeles Lakers,0021501055,2016-03-22,LAL vs. MEM,W,30,7,18,0.389,2,5,0.4,4,4,1.0,0,2,2,1,1,1,4,4,20,11,25.9,1,2015-16
22015,101150,Lou Williams,1610612747,LAL,Los Angeles Lakers,0021501055,2016-03-22,LAL vs. MEM,W,26,3,10,0.3,2,6,0.333,5,6,0.833,0,1,1,2,1,0,1,0,13,5,19.2,1,2015-16
22015,203944,Julius Randle,1610612747,LAL,Los Angeles Lakers,0021501055,2016-03-22,LAL vs. MEM,W,34,6,8,0.75,0,0,,1,1,1.0,2,12,14,5,1,3,2,4,13,10,47.3,1,2015-16
22015,2548,Dwyane Wade,1610612748,MIA,Miami Heat,0021501053,2016-03-22,MIA @ NOP,W,31,10,21,0.476,0,0,,5,6,0.833,2,5,7,3,1,0,1,3,25,11,39.9,1,2015-16
22015,2736,Luol Deng,1610612748,MIA,Miami Heat,0021501053,2016-03-22,MIA @ NOP,W,29,1,7,0.143,0,4,0.0,3,3,1.0,0,3,3,4,0,0,0,2,5,-7,14.6,1,2015-16
22015,201609,Goran Dragic,1610612748,MIA,Miami Heat,0021501053,2016-03-22,MIA @ NOP,W,36,8,18,0.444,3,7,0.429,2,2,1.0,2,6,8,5,1,0,3,4,21,14,38.1,1,2015-16
22015,1626196,Josh Richardson,1610612748,MIA,Miami Heat,0021501053,2016-03-22,MIA @ NOP,W,24,3,8,0.375,0,3,0.0,0,0,,0,1,1,0,0,0,1,3,6,11,6.2,1,2015-16
22015,203156,Henry Sims,1610612751,BKN,Brooklyn Nets,0021501052,2016-03-22,BKN vs. CHA,L,8,0,1,0.0,0,0,,0,0,,0,2,2,0,0,0,1,2,0,-2,1.4,1,2015-16
22015,1626178,Rondae Hollis-Jefferson,1610612751,BKN,Brooklyn Nets,0021501052,2016-03-22,BKN vs. CHA,L,15,2,4,0.5,0,1,0.0,1,2,0.5,0,3,3,2,1,0,1,3,5,8,13.6,1,2015-16
22015,201142,Kevin Durant,1610612760,OKC,Oklahoma City Thunder,0021501054,2016-03-22,OKC vs. HOU,W,37,8,19,0.421,1,5,0.2,6,8,0.75,2,5,7,4,0,0,4,1,23,7,33.4,1,2015-16
22015,201627,Anthony Morrow,1610612760,OKC,Oklahoma City Thunder,0021501054,2016-03-22,OKC vs. HOU,W,10,3,6,0.5,2,4,0.5,0,0,,0,0,0,0,0,0,1,1,8,0,7.0,1,2015-16
22015,203079,Dion Waiters,1610612760,OKC,Oklahoma City Thunder,0021501054,2016-03-22,OKC vs. HOU,W,25,7,11,0.636,3,6,0.5,0,0,,2,2,4,1,2,1,1,1,17,9,31.3,1,2015-16
22015,203500,Steven Adams,1610612760,OKC,Oklahoma City Thunder,0021501054,2016-03-22,OKC vs. HOU,W,26,3,4,0.75,0,0,,2,3,0.667,3,0,3,0,2,2,1,2,8,-3,22.6,1,2015-16
22015,200797,Ryan Hollins,1610612763,MEM,Memphis Grizzlies,0021501055,2016-03-22,MEM @ LAL,L,4,0,0,,0,0,,0,0,,0,2,2,0,0,0,1,1,0,-2,1.4,1,2015-16
22015,203210,JaMychal Green,1610612763,MEM,Memphis Grizzlies,0021501055,2016-03-22,MEM @ LAL,L,20,3,5,0.6,0,1,0.0,0,0,,2,0,2,2,1,0,0,5,6,-2,14.4,1,2015-16
22015,204098,Xavier Munford,1610612763,MEM,Memphis Grizzlies,0021501055,2016-03-22,MEM @ LAL,L,3,0,0,,0,0,,0,0,,0,0,0,0,1,0,1,1,0,4,2.0,1,2015-16
22015,1626185,Jarell Martin,1610612763,MEM,Memphis Grizzlies,0021501055,2016-03-22,MEM @ LAL,L,12,2,3,0.667,0,0,,2,3,0.667,1,1,2,0,2,0,2,3,6,5,12.4,1,2015-16
22015,203469,Cody Zeller,1610612766,CHA,Charlotte Hornets,0021501052,2016-03-22,CHA @ BKN,W,24,4,5,0.8,0,0,,0,0,,0,6,6,2,0,1,1,4,8,8,20.2,1,2015-16
22015,201600,Omer Asik,1610612740,NOP,New Orleans Pelicans,0021501053,2016-03-22,NOP vs. MIA,L,21,3,6,0.5,0,0,,2,5,0.4,1,8,9,0,1,0,0,1,8,-2,21.8,1,2015-16
22015,2730,Dwight Howard,1610612745,HOU,Houston Rockets,0021501054,2016-03-22,HOU @ OKC,L,38,7,8,0.875,0,0,,2,3,0.667,2,11,13,2,0,1,1,2,16,-5,36.6,1,2015-16
22015,201563,Michael Beasley,1610612745,HOU,Houston Rockets,0021501054,2016-03-22,HOU @ OKC,L,16,5,12,0.417,1,1,1.0,0,0,,2,2,4,1,0,1,3,1,11,-2,17.3,1,2015-16
22015,2207,Joe Johnson,1610612748,MIA,Miami Heat,0021501053,2016-03-22,MIA @ NOP,W,35,2,7,0.286,0,2,0.0,4,6,0.667,0,5,5,6,1,0,1,1,8,18,25.0,1,2015-16
22015,203460,Andre Roberson,1610612760,OKC,Oklahoma City Thunder,0021501054,2016-03-22,OKC vs. HOU,W,20,2,3,0.667,0,1,0.0,0,0,,0,1,1,1,1,1,0,5,4,-14,12.7,1,2015-16
22015,201952,Jeff Teague,1610612737,ATL,Atlanta Hawks,0021501056,2016-03-23,ATL @ WAS,W,26,3,10,0.3,2,5,0.4,1,4,0.25,1,5,6,6,1,0,2,2,9,-8,26.2,1,2015-16
22015,203145,Kent Bazemore,1610612737,ATL,Atlanta Hawks,0021501056,2016-03-23,ATL @ WAS,W,11,1,3,0.333,0,1,0.0,0,0,,0,0,0,1,0,0,0,2,2,-7,3.5,1,2015-16
22015,203471,Dennis Schröder,1610612737,ATL,Atlanta Hawks,0021501056,2016-03-23,ATL @ WAS,W,20,7,9,0.778,1,2,0.5,8,9,0.889,0,4,4,8,1,0,3,1,23,26,39.8,1,2015-16
22015,203096,Jared Sullinger,1610612738,BOS,Boston Celtics,0021501057,2016-03-23,BOS vs. TOR,W,27,3,12,0.25,1,1,1.0,2,2,1.0,2,9,11,3,0,0,1,4,9,11,25.7,1,2015-16
22015,2747,JR Smith,1610612739,CLE,Cleveland Cavaliers,0021501059,2016-03-23,CLE vs. MIL,W,37,5,10,0.5,3,7,0.429,0,0,,3,0,3,4,1,0,1,3,13,2,24.6,1,2015-16
22015,202681,Kyrie Irving,1610612739,CLE,Cleveland Cavaliers,0021501059,2016-03-23,CLE vs. MIL,W,38,5,10,0.5,1,4,0.25,5,5,1.0,1,7,8,8,1,0,2,2,16,10,38.6,1,2015-16
22015,202684,Tristan Thompson,1610612739,CLE,Cleveland Cavaliers,0021501059,2016-03-23,CLE vs. MIL,W,30,6,9,0.667,0,0,,1,1,1.0,5,5,10,0,0,2,0,2,13,-5,31.0,1,2015-16
22015,2200,Pau Gasol,1610612741,CHI,Chicago Bulls,0021501060,2016-03-23,CHI vs. NYK,L,25,2,7,0.286,0,1,0.0,0,0,,0,5,5,4,1,1,0,2,4,-14,22.0,1,2015-16
22015,202710,Jimmy Butler III,1610612741,CHI,Chicago Bulls,0021501060,2016-03-23,CHI vs. NYK,L,36,3,11,0.273,0,1,0.0,1,2,0.5,1,3,4,8,2,1,0,1,7,-11,32.8,1,2015-16
22015,203200,Justin Holiday,1610612741,CHI,Chicago Bulls,0021501060,2016-03-23,CHI vs. NYK,L,12,0,2,0.0,0,1,0.0,0,0,,1,1,2,2,0,1,0,1,0,3,8.4,1,2015-16
22015,203926,Doug McDermott,1610612741,CHI,Chicago Bulls,0021501060,2016-03-23,CHI vs. NYK,L,20,2,5,0.4,1,4,0.25,2,2,1.0,0,4,4,1,0,0,0,1,7,0,13.3,1,2015-16
22015,1717,Dirk Nowitzki,1610612742,DAL,Dallas Mavericks,0021501067,2016-03-23,DAL @ POR,L,36,9,16,0.563,2,5,0.4,1,1,1.0,0,9,9,3,0,1,3,1,21,1,36.3,1,2015-16
22015,2734,Devin Harris,1610612742,DAL,Dallas Mavericks,0021501067,2016-03-23,DAL @ POR,L,20,5,8,0.625,1,3,0.333,0,0,,0,4,4,0,2,0,1,3,11,-3,20.8,1,2015-16
22015,101111,Charlie Villanueva,1610612742,DAL,Dallas Mavericks,0021501067,2016-03-23,DAL @ POR,L,9,1,3,0.333,0,1,0.0,1,1,1.0,2,2,4,0,0,1,2,2,3,-7,8.8,1,2015-16
22015,101135,David Lee,1610612742,DAL,Dallas Mavericks,0021501067,2016-03-23,DAL @ POR,L,13,2,5,0.4,0,0,,0,0,,3,2,5,0,0,0,1,1,4,-5,9.0,1,2015-16
22015,202083,Wesley Matthews,1610612742,DAL,Dallas Mavericks,0021501067,2016-03-23,DAL @ POR,L,41,8,15,0.533,6,10,0.6,0,0,,0,5,5,1,2,1,0,0,22,-4,38.5,1,2015-16
22015,1626257,Salah Mejri,1610612742,DAL,Dallas Mavericks,0021501067,2016-03-23,DAL @ POR,L,30,6,12,0.5,0,0,,2,2,1.0,3,9,12,1,1,3,4,2,14,4,37.9,1,2015-16
22015,203960,JaKarr Sampson,1610612743,DEN,Denver Nuggets,0021501064,2016-03-23,DEN vs. PHI,W,17,3,5,0.6,0,0,,3,4,0.75,0,2,2,0,0,2,0,3,9,-1,17.4,1,2015-16
22015,1626253,Axel Toupane,1610612743,DEN,Denver Nuggets,0021501064,2016-03-23,DEN vs. PHI,W,15,1,4,0.25,1,3,0.333,0,0,,0,2,2,1,0,0,1,2,3,-15,5.9,1,2015-16
22015,2571,Leandro Barbosa,1610612744,GSW,Golden State Warriors,0021501066,2016-03-23,GSW vs. LAC,W,15,2,5,0.4,1,2,0.5,2,2,1.0,0,1,1,0,2,0,1,1,7,-3,13.2,1,2015-16
22015,101106,Andrew Bogut,1610612744,GSW,Golden State Warriors,0021501066,2016-03-23,GSW vs. LAC,W,20,2,4,0.5,0,0,,0,0,,5,5,10,4,0,2,0,3,4,18,28.0,1,2015-16
22015,201575,Brandon Rush,1610612744,GSW,Golden State Warriors,0021501066,2016-03-23,GSW vs. LAC,W,18,0,3,0.0,0,3,0.0,0,0,,0,3,3,1,0,1,0,2,0,8,8.1,1,2015-16
22015,201578,Marreese Speights,1610612744,GSW,Golden State Warriors,0021501066,2016-03-23,GSW vs. LAC,W,12,1,6,0.167,1,3,0.333,1,2,0.5,2,3,5,1,0,2,0,3,4,-5,17.5,1,2015-16
22015,201939,Stephen Curry,1610612744,GSW,Golden State Warriors,0021501066,2016-03-23,GSW vs. LAC,W,37,12,23,0.522,4,10,0.4,5,6,0.833,0,4,4,5,3,0,1,3,33,4,53.3,1,2015-16
22015,2772,Trevor Ariza,1610612745,HOU,Houston Rockets,0021501061,2016-03-23,HOU vs. UTA,L,38,5,8,0.625,2,4,0.5,0,0,,0,3,3,1,0,1,2,4,12,-9,18.1,1,2015-16
22015,1718,Paul Pierce,1610612746,LAC,LA Clippers,0021501066,2016-03-23,LAC @ GSW,L,17,1,3,0.333,1,3,0.333,0,0,,1,2,3,1,1,0,1,1,3,-6,10.1,1,2015-16
22015,2037,Jamal Crawford,1610612746,LAC,LA Clippers,0021501066,2016-03-23,LAC @ GSW,L,32,4,11,0.364,2,4,0.5,2,3,0.667,0,1,1,6,2,1,2,1,12,-4,29.2,1,2015-16
22015,101108,Chris Paul,1610612746,LAC,LA Clippers,0021501066,2016-03-23,LAC @ GSW,L,35,4,16,0.25,1,6,0.167,4,5,0.8,1,5,6,8,1,0,3,4,13,4,32.2,1,2015-16
22015,203903,Jordan Clarkson,1610612747,LAL,Los Angeles Lakers,0021501065,2016-03-23,LAL @ PHX,L,30,5,14,0.357,1,5,0.2,2,2,1.0,1,1,2,2,0,0,1,4,13,-14,17.4,1,2015-16
22015,2207,Joe Johnson,1610612748,MIA,Miami Heat,0021501063,2016-03-23,MIA @ SAS,L,33,2,6,0.333,1,4,0.25,0,0,,0,2,2,5,1,0,0,0,5,-21,17.9,1,2015-16
22015,2548,Dwyane Wade,1610612748,MIA,Miami Heat,0021501063,2016-03-23,MIA @ SAS,L,25,8,13,0.615,0,0,,0,1,0.0,1,4,5,3,0,1,3,0,16,-23,26.5,1,2015-16
22015,101123,Gerald Green,1610612748,MIA,Miami Heat,0021501063,2016-03-23,MIA @ SAS,L,15,5,9,0.556,1,2,0.5,2,2,1.0,0,3,3,0,1,0,0,1,13,5,19.6,1,2015-16
22015,201177,Josh McRoberts,1610612748,MIA,Miami Heat,0021501063,2016-03-23,MIA @ SAS,L,30,4,7,0.571,1,2,0.5,0,0,,0,3,3,3,0,0,2,4,9,-15,15.1,1,2015-16
22015,202328,Greg Monroe,1610612749,MIL,Milwaukee Bucks,0021501059,2016-03-23,MIL @ CLE,L,26,6,9,0.667,0,0,,2,2,1.0,0,2,2,1,1,0,3,2,14,-14,17.9,1,2015-16
22015,203099,Jared Cunningham,1610612749,MIL,Milwaukee Bucks,0021501059,2016-03-23,MIL @ CLE,L,11,2,6,0.333,1,3,0.333,2,3,0.667,0,3,3,0,0,0,0,2,7,-7,10.6,1,2015-16
22015,203507,Giannis Antetokounmpo,1610612749,MIL,Milwaukee Bucks,0021501059,2016-03-23,MIL @ CLE,L,39,11,19,0.579,0,3,0.0,2,2,1.0,2,4,6,6,0,1,2,4,24,-6,41.2,1,2015-16
22015,203953,Jabari Parker,1610612749,MIL,Milwaukee Bucks,0021501059,2016-03-23,MIL @ CLE,L,27,5,8,0.625,1,1,1.0,1,2,0.5,1,0,1,3,4,0,2,3,12,-10,27.7,1,2015-16
22015,201937,Ricky Rubio,1610612750,MIN,Minnesota Timberwolves,0021501062,2016-03-23,MIN vs. SAC,W,26,2,7,0.286,1,3,0.333,2,2,1.0,0,5,5,12,3,0,3,4,7,13,37.0,1,2015-16
22015,202962,Greg Smith,1610612750,MIN,Minnesota Timberwolves,0021501062,2016-03-23,MIN vs. SAC,W,14,3,4,0.75,0,0,,1,4,0.25,1,4,5,0,0,0,0,2,7,-5,13.0,1,2015-16
22015,1626145,Tyus Jones,1610612750,MIN,Minnesota Timberwolves,0021501062,2016-03-23,MIN vs. SAC,W,22,1,5,0.2,0,1,0.0,1,2,0.5,0,0,0,5,3,0,2,1,3,-4,17.5,1,2015-16
22015,202338,Kevin Seraphin,1610612752,NYK,New York Knicks,0021501060,2016-03-23,NYK @ CHI,W,12,0,2,0.0,0,0,,2,2,1.0,0,5,5,2,1,1,1,1,2,-8,16.0,1,2015-16
22015,202682,Derrick Williams,1610612752,NYK,New York Knicks,0021501060,2016-03-23,NYK @ CHI,W,15,5,7,0.714,0,1,0.0,0,0,,1,0,1,1,0,0,0,1,10,0,12.7,1,2015-16
22015,201160,Jason Smith,1610612753,ORL,Orlando Magic,0021501058,2016-03-23,ORL @ DET,L,23,6,13,0.462,0,0,,0,0,,1,2,3,4,0,0,0,3,12,-13,21.6,1,2015-16
22015,203138,Hollis Thompson,1610612755,PHI,Philadelphia 76ers,0021501064,2016-03-23,PHI @ DEN,L,33,5,12,0.417,4,7,0.571,0,0,,2,1,3,1,0,1,0,4,14,-13,22.1,1,2015-16
22015,203477,Isaiah Canaan,1610612755,PHI,Philadelphia 76ers,0021501064,2016-03-23,PHI @ DEN,L,27,4,11,0.364,3,10,0.3,0,0,,0,2,2,3,0,0,1,1,11,-15,16.9,1,2015-16
22015,202720,Jon Leuer,1610612756,PHX,Phoenix Suns,0021501065,2016-03-23,PHX vs. LAL,W,41,8,15,0.533,2,4,0.5,4,4,1.0,4,10,14,0,1,1,4,2,22,15,40.8,1,2015-16
22015,203141,Mirza Teletovic,1610612756,PHX,Phoenix Suns,0021501065,2016-03-23,PHX vs. LAL,W,26,6,8,0.75,5,6,0.833,0,0,,0,1,1,3,1,0,0,4,17,4,25.7,1,2015-16
22015,202334,Ed Davis,1610612757,POR,Portland Trail Blazers,0021501067,2016-03-23,POR vs. DAL,W,21,6,7,0.857,0,0,,4,4,1.0,5,4,9,2,3,0,3,3,16,4,35.8,1,2015-16
22015,203090,Maurice Harkless,1610612757,POR,Portland Trail Blazers,0021501067,2016-03-23,POR vs. DAL,W,25,5,13,0.385,0,4,0.0,4,4,1.0,1,3,4,2,1,1,0,1,14,12,27.8,1,2015-16
22015,203486,Mason Plumlee,1610612757,POR,Portland Trail Blazers,0021501067,2016-03-23,POR vs. DAL,W,27,5,9,0.556,0,0,,0,0,,2,6,8,1,3,2,1,0,10,2,35.1,1,2015-16
22015,201585,Kosta Koufos,1610612758,SAC,Sacramento Kings,0021501062,2016-03-23,SAC @ MIN,L,38,7,16,0.438,0,0,,1,4,0.25,8,7,15,0,0,2,2,4,15,-18,37.0,1,2015-16
22015,1495,Tim Duncan,1610612759,SAS,San Antonio Spurs,0021501063,2016-03-23,SAS vs. MIA,W,24,1,2,0.5,0,0,,2,2,1.0,1,8,9,4,1,0,2,0,4,24,21.8,1,2015-16
22015,1938,Manu Ginobili,1610612759,SAS,San Antonio Spurs,0021501063,2016-03-23,SAS vs. MIA,W,14,1,3,0.333,0,0,,0,0,,0,0,0,5,0,0,0,1,2,11,9.5,1,2015-16
22015,200746,LaMarcus Aldridge,1610612759,SAS,San Antonio Spurs,0021501063,2016-03-23,SAS vs. MIA,W,25,4,9,0.444,0,0,,0,0,,2,3,5,1,2,1,2,1,8,20,22.5,1,2015-16
22015,201574,Jason Thompson,1610612761,TOR,Toronto Raptors,0021501057,2016-03-23,TOR @ BOS,L,24,3,5,0.6,0,0,,0,1,0.0,3,7,10,1,0,1,1,2,6,-4,21.5,1,2015-16
22015,201949,James Johnson,1610612761,TOR,Toronto Raptors,0021501057,2016-03-23,TOR @ BOS,L,7,1,3,0.333,1,2,0.5,0,2,0.0,1,0,1,1,0,1,0,0,3,0,8.7,1,2015-16
22015,202687,Bismack Biyombo,1610612761,TOR,Toronto Raptors,0021501057,2016-03-23,TOR @ BOS,L,27,0,3,0.0,0,0,,0,2,0.0,5,8,13,1,0,1,0,3,0,-12,20.1,1,2015-16
22015,1626181,Norman Powell,1610612761,TOR,Toronto Raptors,0021501057,2016-03-23,TOR @ BOS,L,12,1,3,0.333,0,2,0.0,0,0,,0,2,2,3,0,1,1,1,2,-2,10.9,1,2015-16
22015,202330,Gordon Hayward,1610612762,UTA,Utah Jazz,0021501061,2016-03-23,UTA @ HOU,W,40,5,11,0.455,2,4,0.5,10,12,0.833,1,5,6,5,4,1,1,2,22,7,50.7,1,2015-16
22015,203187,Chris Johnson,1610612762,UTA,Utah Jazz,0021501061,2016-03-23,UTA @ HOU,W,5,0,1,0.0,0,0,,0,0,,0,0,0,0,0,0,0,2,0,-6,0.0,1,2015-16
22015,2403,Nene,1610612764,WAS,Washington Wizards,0021501056,2016-03-23,WAS vs. ATL,L,13,1,5,0.2,0,0,,0,0,,0,3,3,1,1,0,0,2,2,-19,10.1,1,2015-16
22015,202693,Markieff Morris,1610612764,WAS,Washington Wizards,0021501056,2016-03-23,WAS vs. ATL,L,26,8,12,0.667,3,6,0.5,0,0,,4,5,9,1,2,0,5,6,19,-2,32.3,1,2015-16
22015,203490,Otto Porter Jr.,1610612764,WAS,Washington Wizards,0021501056,2016-03-23,WAS vs. ATL,L,34,5,10,0.5,1,4,0.25,0,0,,0,6,6,0,0,0,1,2,11,-10,17.2,1,2015-16
22015,1626162,Kelly Oubre Jr.,1610612764,WAS,Washington Wizards,0021501056,2016-03-23,WAS vs. ATL,L,2,1,3,0.333,1,2,0.5,0,0,,1,1,2,1,0,0,1,0,3,0,5.9,1,2015-16
22015,202694,Marcus Morris Sr.,1610612765,DET,Detroit Pistons,0021501058,2016-03-23,DET vs. ORL,W,38,6,11,0.545,2,4,0.5,1,1,1.0,0,5,5,4,2,0,1,3,15,16,32.0,1,2015-16
22015,203118,Mike Scott,1610612737,ATL,Atlanta Hawks,0021501056,2016-03-23,ATL @ WAS,W,18,4,7,0.571,2,3,0.667,0,0,,2,5,7,0,0,0,1,1,10,17,17.4,1,2015-16
22015,101161,Amir Johnson,1610612738,BOS,Boston Celtics,0021501057,2016-03-23,BOS vs. TOR,W,34,5,6,0.833,0,0,,1,4,0.25,2,12,14,5,1,2,2,4,11,17,42.3,1,2015-16
22015,202323,Evan Turner,1610612738,BOS,Boston Celtics,0021501057,2016-03-23,BOS vs. TOR,W,33,7,13,0.538,1,2,0.5,2,2,1.0,1,3,4,7,2,2,1,0,17,11,43.3,1,2015-16
22015,203482,Kelly Olynyk,1610612738,BOS,Boston Celtics,0021501057,2016-03-23,BOS vs. TOR,W,18,1,4,0.25,0,1,0.0,1,2,0.5,0,2,2,1,0,0,0,2,3,0,6.9,1,2015-16
22015,2399,Mike Dunleavy,1610612741,CHI,Chicago Bulls,0021501060,2016-03-23,CHI vs. NYK,L,28,3,7,0.429,1,4,0.25,0,0,,0,4,4,2,0,0,2,0,7,-8,12.8,1,2015-16
22015,201166,Aaron Brooks,1610612741,CHI,Chicago Bulls,0021501060,2016-03-23,CHI vs. NYK,L,16,4,6,0.667,2,3,0.667,0,0,,0,0,0,5,1,0,2,0,10,-4,18.5,1,2015-16
22015,201565,Derrick Rose,1610612741,CHI,Chicago Bulls,0021501060,2016-03-23,CHI vs. NYK,L,32,9,17,0.529,2,5,0.4,1,1,1.0,0,3,3,4,0,0,0,1,21,-4,30.6,1,2015-16
22015,203115,Will Barton,1610612743,DEN,Denver Nuggets,0021501064,2016-03-23,DEN vs. PHI,W,26,0,3,0.0,0,1,0.0,2,2,1.0,1,3,4,3,0,0,5,1,2,-12,6.3,1,2015-16
22015,203999,Nikola Jokić,1610612743,DEN,Denver Nuggets,0021501064,2016-03-23,DEN vs. PHI,W,27,5,6,0.833,0,0,,8,12,0.667,1,7,8,5,1,0,1,1,18,9,37.1,1,2015-16
22015,203084,Harrison Barnes,1610612744,GSW,Golden State Warriors,0021501066,2016-03-23,GSW vs. LAC,W,37,3,11,0.273,2,4,0.5,3,4,0.75,0,6,6,2,0,0,1,0,11,22,20.2,1,2015-16
22015,201976,Patrick Beverley,1610612745,HOU,Houston Rockets,0021501061,2016-03-23,HOU vs. UTA,L,32,2,7,0.286,1,4,0.25,0,0,,0,1,1,6,1,0,3,3,5,-10,15.2,1,2015-16
22015,202700,Donatas Motiejunas,1610612745,HOU,Houston Rockets,0021501061,2016-03-23,HOU vs. UTA,L,18,3,10,0.3,2,5,0.4,1,4,0.25,1,2,3,1,1,0,1,2,9,-4,16.1,1,2015-16
22015,101138,Brandon Bass,1610612747,LAL,Los Angeles Lakers,0021501065,2016-03-23,LAL @ PHX,L,25,4,5,0.8,0,0,,2,2,1.0,1,2,3,0,1,1,0,0,10,-3,19.6,1,2015-16
22015,201579,Roy Hibbert,1610612747,LAL,Los Angeles Lakers,0021501065,2016-03-23,LAL @ PHX,L,23,1,6,0.167,0,0,,1,2,0.5,3,2,5,0,1,1,0,2,3,-9,15.0,1,2015-16
22015,1626156,D'Angelo Russell,1610612747,LAL,Los Angeles Lakers,0021501065,2016-03-23,LAL @ PHX,L,31,6,18,0.333,1,5,0.2,1,2,0.5,3,0,3,3,1,2,2,4,14,-11,29.1,1,2015-16
22015,203948,Johnny O'Bryant III,1610612749,MIL,Milwaukee Bucks,0021501059,2016-03-23,MIL @ CLE,L,2,0,0,,0,0,,0,0,,0,0,0,0,0,0,0,0,0,-1,0.0,1,2015-16
22015,203996,Damien Inglis,1610612749,MIL,Milwaukee Bucks,0021501059,2016-03-23,MIL @ CLE,L,9,1,3,0.333,0,1,0.0,0,0,,1,3,4,0,0,0,0,1,2,-3,6.8,1,2015-16
22015,203952,Andrew Wiggins,1610612750,MIN,Minnesota Timberwolves,0021501062,2016-03-23,MIN vs. SAC,W,41,10,15,0.667,0,0,,3,6,0.5,2,2,4,3,0,0,0,0,23,13,32.3,1,2015-16
22015,1626157,Karl-Anthony Towns,1610612750,MIN,Minnesota Timberwolves,0021501062,2016-03-23,MIN vs. SAC,W,29,11,17,0.647,0,0,,4,5,0.8,2,9,11,2,0,4,3,5,26,14,51.2,1,2015-16
22015,101181,Jose Calderon,1610612752,NYK,New York Knicks,0021501060,2016-03-23,NYK @ CHI,W,37,3,6,0.5,2,4,0.5,3,4,0.75,0,4,4,8,1,0,0,1,11,12,30.8,1,2015-16
22015,1626170,Jerian Grant,1610612752,NYK,New York Knicks,0021501060,2016-03-23,NYK @ CHI,W,17,3,5,0.6,2,3,0.667,0,0,,1,2,3,0,0,0,2,1,8,-5,9.6,1,2015-16
22015,203094,Andrew Nicholson,1610612753,ORL,Orlando Magic,0021501058,2016-03-23,ORL @ DET,L,4,1,2,0.5,1,1,1.0,0,0,,1,1,2,0,0,0,1,0,3,-1,4.4,1,2015-16
22015,203473,Dewayne Dedmon,1610612753,ORL,Orlando Magic,0021501058,2016-03-23,ORL @ DET,L,16,0,1,0.0,0,0,,2,2,1.0,2,4,6,0,1,2,1,3,2,-5,17.2,1,2015-16
22015,203906,Devyn Marble,1610612753,ORL,Orlando Magic,0021501058,2016-03-23,ORL @ DET,L,3,0,2,0.0,0,1,0.0,0,0,,0,0,0,0,0,0,0,0,0,-2,0.0,1,2015-16
22015,1882,Elton Brand,1610612755,PHI,Philadelphia 76ers,0021501064,2016-03-23,PHI @ DEN,L,3,0,1,0.0,0,0,,0,0,,0,2,2,0,0,0,1,1,0,-9,1.4,1,2015-16
22015,202397,Ish Smith,1610612755,PHI,Philadelphia 76ers,0021501064,2016-03-23,PHI @ DEN,L,28,1,9,0.111,1,1,1.0,2,2,1.0,2,5,7,8,0,1,1,1,5,-8,27.4,1,2015-16
22015,200782,P.J. Tucker,1610612756,PHX,Phoenix Suns,0021501065,2016-03-23,PHX vs. LAL,W,43,3,9,0.333,0,3,0.0,0,3,0.0,6,7,13,6,1,0,0,2,6,16,33.6,1,2015-16
22015,203148,Brian Roberts,1610612757,POR,Portland Trail Blazers,0021501067,2016-03-23,POR vs. DAL,W,9,1,2,0.5,0,0,,0,0,,0,1,1,1,1,0,0,0,2,-4,7.7,1,2015-16
22015,200765,Rajon Rondo,1610612758,SAC,Sacramento Kings,0021501062,2016-03-23,SAC @ MIN,L,38,10,16,0.625,2,4,0.5,3,6,0.5,0,8,8,12,3,0,6,5,25,-16,55.6,1,2015-16
22015,201954,Darren Collison,1610612758,SAC,Sacramento Kings,0021501062,2016-03-23,SAC @ MIN,L,27,4,10,0.4,1,2,0.5,3,4,0.75,1,2,3,4,1,0,1,1,12,2,23.6,1,2015-16
22015,202695,Kawhi Leonard,1610612759,SAS,San Antonio Spurs,0021501063,2016-03-23,SAS vs. MIA,W,24,12,21,0.571,3,7,0.429,5,7,0.714,2,6,8,0,1,1,1,1,32,16,46.6,1,2015-16
22015,202324,Derrick Favors,1610612762,UTA,Utah Jazz,0021501061,2016-03-23,UTA @ HOU,W,36,7,15,0.467,0,0,,3,4,0.75,6,9,15,4,0,3,3,2,17,8,47.0,1,2015-16
22015,203526,Raul Neto,1610612762,UTA,Utah Jazz,0021501061,2016-03-23,UTA @ HOU,W,15,3,6,0.5,3,4,0.75,0,0,,1,2,3,0,0,0,1,1,9,4,11.6,1,2015-16
22015,203918,Rodney Hood,1610612762,UTA,Utah Jazz,0021501061,2016-03-23,UTA @ HOU,W,38,2,11,0.182,1,7,0.143,2,2,1.0,0,5,5,4,1,0,4,4,7,7,18.0,1,2015-16
22015,1626169,Stanley Johnson,1610612765,DET,Detroit Pistons,0021501058,2016-03-23,DET vs. ORL,W,29,4,9,0.444,3,6,0.5,2,2,1.0,1,7,8,2,1,0,5,3,13,4,23.6,1,2015-16
22015,200757,Thabo Sefolosha,1610612737,ATL,Atlanta Hawks,0021501056,2016-03-23,ATL @ WAS,W,25,3,3,1.0,1,1,1.0,1,2,0.5,1,4,5,2,1,1,0,2,8,15,23.0,1,2015-16
22015,201143,Al Horford,1610612737,ATL,Atlanta Hawks,0021501056,2016-03-23,ATL @ WAS,W,29,4,7,0.571,3,6,0.5,2,2,1.0,0,3,3,3,0,0,3,1,13,-2,18.1,1,2015-16
22015,203501,Tim Hardaway Jr.,1610612737,ATL,Atlanta Hawks,0021501056,2016-03-23,ATL @ WAS,W,25,5,11,0.455,2,8,0.25,2,3,0.667,0,1,1,1,1,0,1,1,14,30,18.7,1,2015-16
22015,202340,Avery Bradley,1610612738,BOS,Boston Celtics,0021501057,2016-03-23,BOS vs. TOR,W,37,7,14,0.5,2,4,0.5,0,0,,1,7,8,2,0,0,1,1,16,10,27.6,1,2015-16
22015,2544,LeBron James,1610612739,CLE,Cleveland Cavaliers,0021501059,2016-03-23,CLE vs. MIL,W,37,9,22,0.409,1,4,0.25,7,10,0.7,5,1,6,8,2,1,2,0,26,12,52.2,1,2015-16
22015,202389,Timofey Mozgov,1610612739,CLE,Cleveland Cavaliers,0021501059,2016-03-23,CLE vs. MIL,W,21,5,6,0.833,0,0,,0,0,,1,2,3,2,0,1,1,1,10,12,18.6,1,2015-16
22015,203521,Matthew Dellavedova,1610612739,CLE,Cleveland Cavaliers,0021501059,2016-03-23,CLE vs. MIL,W,18,1,3,0.333,0,1,0.0,4,4,1.0,0,0,0,2,0,0,2,3,6,4,7.0,1,2015-16
22015,203895,Jordan McRae,1610612739,CLE,Cleveland Cavaliers,0021501059,2016-03-23,CLE vs. MIL,W,0,0,0,,0,0,,0,0,,0,0,0,0,0,0,0,0,0,-2,0.0,1,2015-16
22015,201589,Darrell Arthur,1610612743,DEN,Denver Nuggets,0021501064,2016-03-23,DEN vs. PHI,W,32,5,13,0.385,1,2,0.5,0,0,,2,5,7,0,2,2,3,2,11,12,28.4,1,2015-16
22015,203914,Gary Harris,1610612743,DEN,Denver Nuggets,0021501064,2016-03-23,DEN vs. PHI,W,35,6,11,0.545,1,2,0.5,5,5,1.0,2,3,5,0,0,0,0,1,18,-1,24.0,1,2015-16
22015,203110,Draymond Green,1610612744,GSW,Golden State Warriors,0021501066,2016-03-23,GSW vs. LAC,W,37,4,8,0.5,0,2,0.0,4,6,0.667,1,11,12,4,2,0,4,4,12,7,34.4,1,2015-16
22015,201147,Corey Brewer,1610612745,HOU,Houston Rockets,0021501061,2016-03-23,HOU vs. UTA,L,17,4,6,0.667,2,3,0.667,0,1,0.0,0,2,2,1,1,0,0,2,10,0,16.9,1,2015-16
22015,201935,James Harden,1610612745,HOU,Houston Rockets,0021501061,2016-03-23,HOU vs. UTA,L,42,8,19,0.421,2,6,0.333,8,9,0.889,0,7,7,10,8,0,5,3,26,-8,68.4,1,2015-16
22015,203991,Clint Capela,1610612745,HOU,Houston Rockets,0021501061,2016-03-23,HOU vs. UTA,L,19,4,5,0.8,0,0,,2,4,0.5,1,4,5,0,2,2,0,3,10,10,28.0,1,2015-16
22015,201601,Luc Mbah a Moute,1610612746,LAC,LA Clippers,0021501066,2016-03-23,LAC @ GSW,L,8,1,2,0.5,0,0,,0,0,,1,0,1,0,0,0,0,2,2,-11,3.2,1,2015-16
22015,201965,Jeff Ayres,1610612746,LAC,LA Clippers,0021501066,2016-03-23,LAC @ GSW,L,2,1,1,1.0,0,0,,0,0,,1,0,1,0,0,0,0,0,2,0,3.2,1,2015-16
22015,202332,Cole Aldrich,1610612746,LAC,LA Clippers,0021501066,2016-03-23,LAC @ GSW,L,7,1,2,0.5,0,0,,0,0,,1,1,2,0,0,2,2,1,2,-19,8.4,1,2015-16
22015,203944,Julius Randle,1610612747,LAL,Los Angeles Lakers,0021501065,2016-03-23,LAL @ PHX,L,31,7,14,0.5,0,1,0.0,5,5,1.0,4,11,15,1,1,0,4,5,19,-22,37.5,1,2015-16
22015,1626204,Larry Nance Jr.,1610612747,LAL,Los Angeles Lakers,0021501065,2016-03-23,LAL @ PHX,L,18,2,5,0.4,0,1,0.0,0,0,,0,5,5,0,0,1,0,1,4,8,13.0,1,2015-16
22015,2405,Amar'e Stoudemire,1610612748,MIA,Miami Heat,0021501063,2016-03-23,MIA @ SAS,L,14,1,5,0.2,0,0,,0,0,,0,4,4,0,0,2,1,1,2,-11,11.8,1,2015-16
22015,203898,Tyler Ennis,1610612749,MIL,Milwaukee Bucks,0021501059,2016-03-23,MIL @ CLE,L,15,2,6,0.333,1,1,1.0,0,0,,0,2,2,0,0,0,1,2,5,-3,6.4,1,2015-16
22015,203897,Zach LaVine,1610612750,MIN,Minnesota Timberwolves,0021501062,2016-03-23,MIN vs. SAC,W,44,7,12,0.583,4,7,0.571,5,10,0.5,0,0,0,4,0,0,6,0,23,15,23.0,1,2015-16
22015,201577,Robin Lopez,1610612752,NYK,New York Knicks,0021501060,2016-03-23,NYK @ CHI,W,33,5,11,0.455,0,0,,1,1,1.0,9,4,13,3,0,4,0,2,11,13,43.1,1,2015-16
22015,101141,Ersan Ilyasova,1610612753,ORL,Orlando Magic,0021501058,2016-03-23,ORL @ DET,L,24,3,4,0.75,2,3,0.667,0,0,,1,2,3,1,0,0,0,1,8,6,13.1,1,2015-16
22015,203506,Victor Oladipo,1610612753,ORL,Orlando Magic,0021501058,2016-03-23,ORL @ DET,L,41,5,18,0.278,1,4,0.25,3,3,1.0,1,2,3,5,3,1,1,3,14,-12,36.1,1,2015-16
22015,203932,Aaron Gordon,1610612753,ORL,Orlando Magic,0021501058,2016-03-23,ORL @ DET,L,29,5,15,0.333,1,4,0.25,4,4,1.0,6,5,11,3,0,0,0,0,15,-19,32.7,1,2015-16
22015,1626209,Mario Hezonja,1610612753,ORL,Orlando Magic,0021501058,2016-03-23,ORL @ DET,L,23,3,7,0.429,2,4,0.5,0,0,,0,2,2,0,2,0,1,3,8,2,15.4,1,2015-16
22015,201171,Carl Landry,1610612755,PHI,Philadelphia 76ers,0021501064,2016-03-23,PHI @ DEN,L,24,6,11,0.545,0,0,,4,4,1.0,0,7,7,1,0,0,0,4,16,-1,25.9,1,2015-16
22015,203496,Robert Covington,1610612755,PHI,Philadelphia 76ers,0021501064,2016-03-23,PHI @ DEN,L,27,6,15,0.4,3,10,0.3,1,2,0.5,2,7,9,1,1,1,1,4,16,4,33.3,1,2015-16
22015,203917,Nik Stauskas,1610612755,PHI,Philadelphia 76ers,0021501064,2016-03-23,PHI @ DEN,L,21,2,6,0.333,0,3,0.0,1,1,1.0,1,3,4,3,1,1,0,3,5,15,20.3,1,2015-16
22015,203459,Allen Crabbe,1610612757,POR,Portland Trail Blazers,0021501067,2016-03-23,POR vs. DAL,W,21,2,4,0.5,2,2,1.0,0,0,,1,1,2,1,1,1,0,2,6,0,15.9,1,2015-16
22015,201956,Omri Casspi,1610612758,SAC,Sacramento Kings,0021501062,2016-03-23,SAC @ MIN,L,26,4,9,0.444,1,2,0.5,3,6,0.5,1,3,4,1,0,1,1,2,12,-3,20.3,1,2015-16
22015,1626161,Willie Cauley-Stein,1610612758,SAC,Sacramento Kings,0021501062,2016-03-23,SAC @ MIN,L,21,1,4,0.25,0,0,,0,0,,1,4,5,0,0,1,0,2,2,12,11.0,1,2015-16
22015,1626246,Boban Marjanovic,1610612759,SAS,San Antonio Spurs,0021501063,2016-03-23,SAS vs. MIA,W,14,9,12,0.75,0,0,,1,1,1.0,3,1,4,0,1,0,0,1,19,-3,26.8,1,2015-16
22015,203497,Rudy Gobert,1610612762,UTA,Utah Jazz,0021501061,2016-03-23,UTA @ HOU,W,23,1,7,0.143,0,0,,0,0,,4,3,7,1,0,0,4,2,2,-14,7.9,1,2015-16
22015,1626168,Trey Lyles,1610612762,UTA,Utah Jazz,0021501061,2016-03-23,UTA @ HOU,W,10,0,5,0.0,0,3,0.0,0,0,,0,3,3,0,0,0,1,0,0,-9,2.6,1,2015-16
22015,201581,JJ Hickson,1610612764,WAS,Washington Wizards,0021501056,2016-03-23,WAS vs. ATL,L,2,0,0,,0,0,,0,0,,0,0,0,1,0,0,0,1,0,0,1.5,1,2015-16
22015,203078,Bradley Beal,1610612764,WAS,Washington Wizards,0021501056,2016-03-23,WAS vs. ATL,L,31,2,8,0.25,0,1,0.0,3,3,1.0,0,0,0,3,0,0,0,2,7,-6,11.5,1,2015-16
22015,2581,Steve Blake,1610612765,DET,Detroit Pistons,0021501058,2016-03-23,DET vs. ORL,W,16,1,2,0.5,0,1,0.0,0,0,,0,1,1,7,0,0,0,0,2,0,13.7,1,2015-16
22015,203382,Aron Baynes,1610612765,DET,Detroit Pistons,0021501058,2016-03-23,DET vs. ORL,W,13,4,5,0.8,0,0,,5,5,1.0,1,1,2,0,0,1,1,0,13,5,17.4,1,2015-16
22015,2550,Kirk Hinrich,1610612737,ATL,Atlanta Hawks,0021501056,2016-03-23,ATL @ WAS,W,2,0,0,,0,0,,0,0,,0,1,1,2,0,0,0,0,0,0,4.2,1,2015-16
22015,2743,Kris Humphries,1610612737,ATL,Atlanta Hawks,0021501056,2016-03-23,ATL @ WAS,W,17,4,6,0.667,0,2,0.0,1,2,0.5,1,3,4,1,2,2,1,1,9,16,26.3,1,2015-16
22015,200794,Paul Millsap,1610612737,ATL,Atlanta Hawks,0021501056,2016-03-23,ATL @ WAS,W,32,8,16,0.5,1,4,0.25,0,0,,2,7,9,6,3,0,5,3,17,11,40.8,1,2015-16
22015,203488,Mike Muscala,1610612737,ATL,Atlanta Hawks,0021501056,2016-03-23,ATL @ WAS,W,2,1,1,1.0,0,0,,0,0,,0,0,0,0,0,1,0,1,2,0,5.0,1,2015-16
22015,202738,Isaiah Thomas,1610612738,BOS,Boston Celtics,0021501057,2016-03-23,BOS vs. TOR,W,36,8,17,0.471,3,8,0.375,4,6,0.667,0,2,2,4,2,0,1,3,23,21,36.4,1,2015-16
22015,202697,Iman Shumpert,1610612739,CLE,Cleveland Cavaliers,0021501059,2016-03-23,CLE vs. MIL,W,14,1,4,0.25,1,3,0.333,2,2,1.0,0,2,2,0,1,1,0,1,5,1,13.4,1,2015-16
22015,202703,Nikola Mirotic,1610612741,CHI,Chicago Bulls,0021501060,2016-03-23,CHI vs. NYK,L,34,10,17,0.588,9,13,0.692,6,7,0.857,2,4,6,0,1,0,0,2,35,1,45.2,1,2015-16
22015,1626171,Bobby Portis,1610612741,CHI,Chicago Bulls,0021501060,2016-03-23,CHI vs. NYK,L,17,3,6,0.5,0,0,,0,2,0.0,1,3,4,3,0,1,2,1,6,9,16.3,1,2015-16
22015,101114,Deron Williams,1610612742,DAL,Dallas Mavericks,0021501067,2016-03-23,DAL @ POR,L,39,4,15,0.267,0,5,0.0,4,5,0.8,1,2,3,11,1,0,3,5,12,-4,32.1,1,2015-16
22015,201571,D.J. Augustin,1610612743,DEN,Denver Nuggets,0021501064,2016-03-23,DEN vs. PHI,W,26,1,5,0.2,0,4,0.0,7,8,0.875,0,2,2,5,2,0,2,2,9,6,22.9,1,2015-16
22015,202691,Klay Thompson,1610612744,GSW,Golden State Warriors,0021501066,2016-03-23,GSW vs. LAC,W,36,12,21,0.571,7,10,0.7,1,1,1.0,0,4,4,3,1,0,3,2,32,23,41.3,1,2015-16
22015,203949,James Michael McAdoo,1610612744,GSW,Golden State Warriors,0021501066,2016-03-23,GSW vs. LAC,W,0,0,0,,0,0,,0,0,,0,0,0,0,0,0,0,0,0,-3,0.0,1,2015-16
22015,1891,Jason Terry,1610612745,HOU,Houston Rockets,0021501061,2016-03-23,HOU vs. UTA,L,16,0,2,0.0,0,1,0.0,0,0,,1,0,1,1,0,0,0,0,0,8,2.7,1,2015-16
22015,203909,KJ McDaniels,1610612745,HOU,Houston Rockets,0021501061,2016-03-23,HOU vs. UTA,L,3,0,1,0.0,0,0,,0,0,,0,1,1,1,0,0,0,0,0,2,2.7,1,2015-16
22015,201599,DeAndre Jordan,1610612746,LAC,LA Clippers,0021501066,2016-03-23,LAC @ GSW,L,38,7,10,0.7,0,0,,5,10,0.5,2,18,20,3,0,2,0,5,19,1,53.5,1,2015-16
22015,203143,Pablo Prigioni,1610612746,LAC,LA Clippers,0021501066,2016-03-23,LAC @ GSW,L,3,1,2,0.5,1,1,1.0,0,0,,0,0,0,0,0,0,0,0,3,-1,3.0,1,2015-16
22015,977,Kobe Bryant,1610612747,LAL,Los Angeles Lakers,0021501065,2016-03-23,LAL @ PHX,L,28,5,13,0.385,3,8,0.375,4,4,1.0,0,3,3,2,0,1,1,1,17,-23,25.6,1,2015-16
22015,101150,Lou Williams,1610612747,LAL,Los Angeles Lakers,0021501065,2016-03-23,LAL @ PHX,L,20,3,7,0.429,2,5,0.4,3,4,0.75,2,0,2,5,1,0,2,1,11,-3,21.9,1,2015-16
22015,202355,Hassan Whiteside,1610612748,MIA,Miami Heat,0021501063,2016-03-23,MIA @ SAS,L,34,5,9,0.556,0,0,,2,4,0.5,4,10,14,1,1,2,2,2,12,-13,37.3,1,2015-16
22015,1626159,Justise Winslow,1610612748,MIA,Miami Heat,0021501063,2016-03-23,MIA @ SAS,L,31,3,7,0.429,1,1,1.0,3,5,0.6,0,2,2,3,0,0,0,4,10,-10,16.9,1,2015-16
22015,203101,Miles Plumlee,1610612749,MIL,Milwaukee Bucks,0021501059,2016-03-23,MIL @ CLE,L,22,2,4,0.5,0,0,,0,0,,2,1,3,0,0,2,1,4,4,5,12.6,1,2015-16
22015,2419,Tayshaun Prince,1610612750,MIN,Minnesota Timberwolves,0021501062,2016-03-23,MIN vs. SAC,W,11,0,0,,0,0,,0,0,,0,1,1,0,0,0,1,1,0,3,0.2,1,2015-16
22015,2756,Sasha Vujacic,1610612752,NYK,New York Knicks,0021501060,2016-03-23,NYK @ CHI,W,13,2,2,1.0,2,2,1.0,0,0,,0,5,5,1,1,1,0,2,6,14,19.5,1,2015-16
22015,201167,Arron Afflalo,1610612752,NYK,New York Knicks,0021501060,2016-03-23,NYK @ CHI,W,35,5,13,0.385,1,3,0.333,1,1,1.0,1,7,8,7,0,0,1,1,12,-6,31.1,1,2015-16
22015,204001,Kristaps Porziņģis,1610612752,NYK,New York Knicks,0021501060,2016-03-23,NYK @ CHI,W,31,11,16,0.688,3,6,0.5,4,6,0.667,2,8,10,1,0,0,3,5,29,12,39.5,1,2015-16
22015,204038,Langston Galloway,1610612752,NYK,New York Knicks,0021501060,2016-03-23,NYK @ CHI,W,9,1,3,0.333,0,0,,0,0,,0,1,1,0,1,0,0,0,2,2,6.2,1,2015-16
22015,201943,Brandon Jennings,1610612753,ORL,Orlando Magic,0021501058,2016-03-23,ORL @ DET,L,11,2,4,0.5,0,1,0.0,2,2,1.0,0,1,1,0,1,0,1,1,6,-8,9.2,1,2015-16
22015,203095,Evan Fournier,1610612753,ORL,Orlando Magic,0021501058,2016-03-23,ORL @ DET,L,29,5,10,0.5,1,3,0.333,3,4,0.75,0,1,1,1,1,0,0,2,14,-20,19.7,1,2015-16
22015,203901,Elfrid Payton,1610612753,ORL,Orlando Magic,0021501058,2016-03-23,ORL @ DET,L,34,9,21,0.429,0,3,0.0,2,4,0.5,5,5,10,10,1,0,1,3,20,-6,49.0,1,2015-16
22015,201603,Sonny Weems,1610612755,PHI,Philadelphia 76ers,0021501064,2016-03-23,PHI @ DEN,L,13,2,5,0.4,2,2,1.0,0,0,,0,1,1,0,0,0,1,0,6,11,6.2,1,2015-16
22015,204456,T.J. McConnell,1610612755,PHI,Philadelphia 76ers,0021501064,2016-03-23,PHI @ DEN,L,20,7,10,0.7,1,1,1.0,2,2,1.0,1,2,3,5,2,0,2,2,17,5,32.1,1,2015-16
22015,202688,Brandon Knight,1610612756,PHX,Phoenix Suns,0021501065,2016-03-23,PHX vs. LAL,W,36,9,19,0.474,2,7,0.286,5,8,0.625,2,6,8,7,1,2,1,2,25,21,53.1,1,2015-16
22015,203098,John Jenkins,1610612756,PHX,Phoenix Suns,0021501065,2016-03-23,PHX vs. LAL,W,7,2,4,0.5,1,1,1.0,0,0,,0,1,1,1,0,0,1,2,5,-10,6.7,1,2015-16
22015,201945,Gerald Henderson,1610612757,POR,Portland Trail Blazers,0021501067,2016-03-23,POR vs. DAL,W,23,4,9,0.444,0,2,0.0,2,2,1.0,2,1,3,1,0,0,1,1,10,3,14.1,1,2015-16
22015,203081,Damian Lillard,1610612757,POR,Portland Trail Blazers,0021501067,2016-03-23,POR vs. DAL,W,38,9,19,0.474,4,9,0.444,5,5,1.0,0,6,6,6,1,2,7,1,27,2,45.2,1,2015-16
22015,200752,Rudy Gay,1610612758,SAC,Sacramento Kings,0021501062,2016-03-23,SAC @ MIN,L,32,4,15,0.267,1,4,0.25,2,3,0.667,1,1,2,3,1,0,4,4,11,-16,16.9,1,2015-16
22015,2225,Tony Parker,1610612759,SAS,San Antonio Spurs,0021501063,2016-03-23,SAS vs. MIA,W,24,2,5,0.4,0,0,,1,2,0.5,0,3,3,5,0,0,0,1,5,19,16.1,1,2015-16
22015,2561,David West,1610612759,SAS,San Antonio Spurs,0021501063,2016-03-23,SAS vs. MIA,W,11,1,2,0.5,0,0,,0,0,,0,4,4,2,0,0,0,1,2,-5,9.8,1,2015-16
22015,2564,Boris Diaw,1610612759,SAS,San Antonio Spurs,0021501063,2016-03-23,SAS vs. MIA,W,20,3,4,0.75,0,0,,2,3,0.667,0,2,2,0,0,1,1,2,8,11,12.4,1,2015-16
22015,201980,Danny Green,1610612759,SAS,San Antonio Spurs,0021501063,2016-03-23,SAS vs. MIA,W,22,3,6,0.5,3,4,0.75,0,0,,1,2,3,1,1,0,1,1,9,18,16.1,1,2015-16
22015,203937,Kyle Anderson,1610612759,SAS,San Antonio Spurs,0021501063,2016-03-23,SAS vs. MIA,W,22,1,5,0.2,0,0,,0,0,,1,1,2,3,0,1,0,1,2,-1,11.9,1,2015-16
22015,2449,Luis Scola,1610612761,TOR,Toronto Raptors,0021501057,2016-03-23,TOR @ BOS,L,24,3,5,0.6,3,5,0.6,0,0,,0,2,2,1,0,1,3,3,9,-8,12.9,1,2015-16
22015,202709,Cory Joseph,1610612761,TOR,Toronto Raptors,0021501057,2016-03-23,TOR @ BOS,L,32,4,16,0.25,0,3,0.0,1,2,0.5,2,4,6,4,0,0,0,2,9,-18,22.2,1,2015-16
22015,202714,Shelvin Mack,1610612762,UTA,Utah Jazz,0021501061,2016-03-23,UTA @ HOU,W,33,6,12,0.5,3,7,0.429,1,2,0.5,0,2,2,3,2,0,6,1,16,-2,22.9,1,2015-16
22015,204060,Joe Ingles,1610612762,UTA,Utah Jazz,0021501061,2016-03-23,UTA @ HOU,W,15,2,3,0.667,2,3,0.667,0,0,,0,2,2,1,0,0,1,3,6,1,8.9,1,2015-16
22015,101162,Marcin Gortat,1610612764,WAS,Washington Wizards,0021501056,2016-03-23,WAS vs. ATL,L,33,5,10,0.5,0,0,,4,5,0.8,4,10,14,3,1,1,1,0,14,-2,40.3,1,2015-16
22015,201162,Jared Dudley,1610612764,WAS,Washington Wizards,0021501056,2016-03-23,WAS vs. ATL,L,22,3,6,0.5,1,3,0.333,0,0,,0,3,3,2,0,0,2,1,7,-19,11.6,1,2015-16
22015,202066,Garrett Temple,1610612764,WAS,Washington Wizards,0021501056,2016-03-23,WAS vs. ATL,L,5,0,2,0.0,0,1,0.0,0,0,,0,0,0,0,0,0,0,4,0,-15,0.0,1,2015-16
22015,201229,Anthony Tolliver,1610612765,DET,Detroit Pistons,0021501058,2016-03-23,DET vs. ORL,W,15,0,1,0.0,0,1,0.0,0,0,,0,3,3,1,0,0,0,0,0,3,5.1,1,2015-16
22015,203083,Andre Drummond,1610612765,DET,Detroit Pistons,0021501058,2016-03-23,DET vs. ORL,W,35,14,20,0.7,0,0,,2,3,0.667,5,9,14,1,0,2,1,4,30,11,53.3,1,2015-16
22015,2594,Kyle Korver,1610612737,ATL,Atlanta Hawks,0021501056,2016-03-23,ATL @ WAS,W,32,5,11,0.455,5,10,0.5,0,0,,0,1,1,2,1,1,0,2,15,7,25.2,1,2015-16
22015,201973,Jonas Jerebko,1610612738,BOS,Boston Celtics,0021501057,2016-03-23,BOS vs. TOR,W,10,1,2,0.5,0,1,0.0,1,2,0.5,0,0,0,0,0,1,1,0,3,-3,5.0,1,2015-16
22015,203935,Marcus Smart,1610612738,BOS,Boston Celtics,0021501057,2016-03-23,BOS vs. TOR,W,25,1,8,0.125,0,1,0.0,0,0,,1,1,2,1,0,0,0,4,2,2,5.9,1,2015-16
22015,1626179,Terry Rozier,1610612738,BOS,Boston Celtics,0021501057,2016-03-23,BOS vs. TOR,W,13,2,4,0.5,1,2,0.5,0,1,0.0,0,3,3,1,0,0,1,0,5,-8,9.1,1,2015-16
22015,101112,Channing Frye,1610612739,CLE,Cleveland Cavaliers,0021501059,2016-03-23,CLE vs. MIL,W,13,0,5,0.0,0,5,0.0,0,0,,0,0,0,1,0,1,0,2,0,-3,4.5,1,2015-16
22015,201567,Kevin Love,1610612739,CLE,Cleveland Cavaliers,0021501059,2016-03-23,CLE vs. MIL,W,31,8,14,0.571,4,10,0.4,4,5,0.8,2,8,10,4,1,2,4,3,24,14,47.0,1,2015-16
22015,200826,J.J. Barea,1610612742,DAL,Dallas Mavericks,0021501067,2016-03-23,DAL @ POR,L,25,6,14,0.429,0,2,0.0,2,2,1.0,2,0,2,5,1,0,1,2,14,4,25.9,1,2015-16
22015,1626147,Justin Anderson,1610612742,DAL,Dallas Mavericks,0021501067,2016-03-23,DAL @ POR,L,5,0,2,0.0,0,2,0.0,0,0,,0,2,2,0,0,0,1,0,0,0,1.4,1,2015-16
22015,203530,Joffrey Lauvergne,1610612743,DEN,Denver Nuggets,0021501064,2016-03-23,DEN vs. PHI,W,4,1,2,0.5,0,0,,0,0,,0,0,0,0,0,0,1,1,2,-15,1.0,1,2015-16
22015,203994,Jusuf Nurkić,1610612743,DEN,Denver Nuggets,0021501064,2016-03-23,DEN vs. PHI,W,16,1,4,0.25,0,0,,3,4,0.75,0,5,5,0,2,4,2,5,5,6,27.0,1,2015-16
22015,1626144,Emmanuel Mudiay,1610612743,DEN,Denver Nuggets,0021501064,2016-03-23,DEN vs. PHI,W,42,10,23,0.435,3,5,0.6,4,5,0.8,1,10,11,4,0,1,1,1,27,16,48.2,1,2015-16
22015,2733,Shaun Livingston,1610612744,GSW,Golden State Warriors,0021501066,2016-03-23,GSW vs. LAC,W,26,3,6,0.5,0,0,,5,7,0.714,3,2,5,3,1,0,2,2,11,9,22.5,1,2015-16
22015,201563,Michael Beasley,1610612745,HOU,Houston Rockets,0021501061,2016-03-23,HOU vs. UTA,L,20,5,10,0.5,0,0,,0,2,0.0,0,1,1,0,0,0,1,1,10,10,10.2,1,2015-16
22015,200755,JJ Redick,1610612746,LAC,LA Clippers,0021501066,2016-03-23,LAC @ GSW,L,30,4,13,0.308,1,6,0.167,0,0,,1,4,5,0,0,1,1,5,9,-13,17.0,1,2015-16
22015,202325,Wesley Johnson,1610612746,LAC,LA Clippers,0021501066,2016-03-23,LAC @ GSW,L,17,2,6,0.333,0,3,0.0,0,0,,0,0,0,0,0,0,0,0,4,-5,4.0,1,2015-16
22015,1897,Metta World Peace,1610612747,LAL,Los Angeles Lakers,0021501065,2016-03-23,LAL @ PHX,L,19,2,7,0.286,0,2,0.0,4,5,0.8,0,1,1,0,1,0,0,3,8,13,12.2,1,2015-16
22015,1626196,Josh Richardson,1610612748,MIA,Miami Heat,0021501063,2016-03-23,MIA @ SAS,L,34,7,13,0.538,3,4,0.75,0,0,,1,1,2,4,3,1,0,2,17,-13,37.4,1,2015-16
22015,201573,Jerryd Bayless,1610612749,MIL,Milwaukee Bucks,0021501059,2016-03-23,MIL @ CLE,L,33,6,9,0.667,3,4,0.75,0,0,,1,4,5,1,0,0,0,1,15,-6,22.5,1,2015-16
22015,203114,Khris Middleton,1610612749,MIL,Milwaukee Bucks,0021501059,2016-03-23,MIL @ CLE,L,37,3,7,0.429,1,3,0.333,2,2,1.0,1,1,2,11,2,0,2,3,9,-2,31.9,1,2015-16
22015,202357,Nemanja Bjelica,1610612750,MIN,Minnesota Timberwolves,0021501062,2016-03-23,MIN vs. SAC,W,4,2,4,0.5,0,1,0.0,0,0,,1,1,2,0,0,0,1,2,4,-5,5.4,1,2015-16
22015,203498,Shabazz Muhammad,1610612750,MIN,Minnesota Timberwolves,0021501062,2016-03-23,MIN vs. SAC,W,11,2,6,0.333,0,1,0.0,0,0,,2,1,3,0,0,0,0,2,4,-10,7.6,1,2015-16
22015,2546,Carmelo Anthony,1610612752,NYK,New York Knicks,0021501060,2016-03-23,NYK @ CHI,W,39,10,22,0.455,4,6,0.667,0,1,0.0,0,3,3,5,0,0,3,2,24,6,32.1,1,2015-16
22015,203894,Shabazz Napier,1610612753,ORL,Orlando Magic,0021501058,2016-03-23,ORL @ DET,L,3,0,1,0.0,0,1,0.0,0,0,,0,2,2,0,0,0,0,0,0,-2,2.4,1,2015-16
22015,203924,Jerami Grant,1610612755,PHI,Philadelphia 76ers,0021501064,2016-03-23,PHI @ DEN,L,29,2,10,0.2,1,2,0.5,2,2,1.0,0,3,3,3,2,0,2,4,7,-7,19.1,1,2015-16
22015,1626158,Richaun Holmes,1610612755,PHI,Philadelphia 76ers,0021501064,2016-03-23,PHI @ DEN,L,15,2,4,0.5,0,1,0.0,2,2,1.0,0,4,4,1,1,0,0,3,6,13,15.3,1,2015-16
22015,201978,Chase Budinger,1610612756,PHX,Phoenix Suns,0021501065,2016-03-23,PHX vs. LAL,W,5,0,0,,0,0,,0,0,,0,1,1,0,0,0,1,1,0,-4,0.2,1,2015-16
22015,203458,Alex Len,1610612756,PHX,Phoenix Suns,0021501065,2016-03-23,PHX vs. LAL,W,29,5,13,0.385,0,0,,0,1,0.0,3,5,8,4,1,0,3,4,10,5,25.6,1,2015-16
22015,202329,Al-Farouq Aminu,1610612757,POR,Portland Trail Blazers,0021501067,2016-03-23,POR vs. DAL,W,36,3,12,0.25,1,7,0.143,3,4,0.75,0,11,11,1,2,2,1,2,10,-2,35.7,1,2015-16
22015,203468,CJ McCollum,1610612757,POR,Portland Trail Blazers,0021501067,2016-03-23,POR vs. DAL,W,37,5,14,0.357,0,3,0.0,4,6,0.667,0,1,1,4,0,0,0,2,14,8,21.2,1,2015-16
22015,203943,Noah Vonleh,1610612757,POR,Portland Trail Blazers,0021501067,2016-03-23,POR vs. DAL,W,3,0,0,,0,0,,0,0,,0,1,1,0,0,0,0,0,0,5,1.2,1,2015-16
22015,201158,Marco Belinelli,1610612758,SAC,Sacramento Kings,0021501062,2016-03-23,SAC @ MIN,L,24,6,12,0.5,2,6,0.333,0,0,,0,0,0,2,1,0,2,3,14,7,18.0,1,2015-16
22015,1889,Andre Miller,1610612759,SAS,San Antonio Spurs,0021501063,2016-03-23,SAS vs. MIA,W,9,0,2,0.0,0,0,,0,0,,0,1,1,2,0,0,1,1,0,-2,3.2,1,2015-16
22015,2755,Kevin Martin,1610612759,SAS,San Antonio Spurs,0021501063,2016-03-23,SAS vs. MIA,W,15,3,5,0.6,2,2,1.0,4,4,1.0,0,1,1,1,0,0,1,1,12,5,13.7,1,2015-16
22015,201988,Patty Mills,1610612759,SAS,San Antonio Spurs,0021501063,2016-03-23,SAS vs. MIA,W,15,2,5,0.4,0,1,0.0,5,5,1.0,0,2,2,2,1,0,1,0,9,7,16.4,1,2015-16
22015,201942,DeMar DeRozan,1610612761,TOR,Toronto Raptors,0021501057,2016-03-23,TOR @ BOS,L,36,6,16,0.375,1,3,0.333,8,9,0.889,0,0,0,2,1,0,2,0,21,-10,25.0,1,2015-16
22015,202685,Jonas Valančiūnas,1610612761,TOR,Toronto Raptors,0021501057,2016-03-23,TOR @ BOS,L,21,5,10,0.5,0,0,,0,1,0.0,3,4,7,0,1,2,2,1,10,0,25.4,1,2015-16
22015,203082,Terrence Ross,1610612761,TOR,Toronto Raptors,0021501057,2016-03-23,TOR @ BOS,L,36,5,18,0.278,1,6,0.167,2,3,0.667,0,3,3,0,1,0,0,3,13,-10,19.6,1,2015-16
22015,1626153,Delon Wright,1610612761,TOR,Toronto Raptors,0021501057,2016-03-23,TOR @ BOS,L,20,3,10,0.3,0,1,0.0,0,0,,1,7,8,0,0,0,2,0,6,4,13.6,1,2015-16
22015,202344,Trevor Booker,1610612762,UTA,Utah Jazz,0021501061,2016-03-23,UTA @ HOU,W,26,5,6,0.833,0,1,0.0,0,0,,1,4,5,4,1,1,1,2,10,14,27.0,1,2015-16
22015,201196,Ramon Sessions,1610612764,WAS,Washington Wizards,0021501056,2016-03-23,WAS vs. ATL,L,11,0,3,0.0,0,1,0.0,2,2,1.0,0,1,1,2,0,0,1,1,2,-14,5.2,1,2015-16
22015,201977,Marcus Thornton,1610612764,WAS,Washington Wizards,0021501056,2016-03-23,WAS vs. ATL,L,23,8,16,0.5,5,10,0.5,2,2,1.0,1,1,2,1,1,0,0,1,23,-11,29.9,1,2015-16
22015,202322,John Wall,1610612764,WAS,Washington Wizards,0021501056,2016-03-23,WAS vs. ATL,L,37,6,17,0.353,1,2,0.5,0,0,,0,3,3,10,2,1,7,2,13,-7,33.6,1,2015-16
22015,202699,Tobias Harris,1610612765,DET,Detroit Pistons,0021501058,2016-03-23,DET vs. ORL,W,33,7,14,0.5,1,3,0.333,3,3,1.0,1,3,4,3,0,2,0,1,18,13,33.3,1,2015-16
22015,1626199,Darrun Hilliard,1610612765,DET,Detroit Pistons,0021501058,2016-03-23,DET vs. ORL,W,29,2,4,0.5,2,3,0.667,5,8,0.625,0,6,6,3,1,0,1,2,11,12,24.7,1,2015-16
22015,203092,Tyler Zeller,1610612738,BOS,Boston Celtics,0021501057,2016-03-23,BOS vs. TOR,W,7,0,0,,0,0,,2,2,1.0,0,2,2,0,0,0,0,0,2,-1,4.4,1,2015-16
22015,201959,Taj Gibson,1610612741,CHI,Chicago Bulls,0021501060,2016-03-23,CHI vs. NYK,L,20,2,4,0.5,0,0,,6,7,0.857,1,1,2,0,2,1,0,3,10,-12,21.4,1,2015-16
22015,101109,Raymond Felton,1610612742,DAL,Dallas Mavericks,0021501067,2016-03-23,DAL @ POR,L,20,1,6,0.167,0,2,0.0,0,0,,0,1,1,0,1,0,1,1,2,-16,5.2,1,2015-16
22015,2730,Dwight Howard,1610612745,HOU,Houston Rockets,0021501061,2016-03-23,HOU vs. UTA,L,35,2,6,0.333,0,0,,1,2,0.5,1,7,8,1,0,6,2,3,5,-9,32.1,1,2015-16
22015,201145,Jeff Green,1610612746,LAC,LA Clippers,0021501066,2016-03-23,LAC @ GSW,L,25,4,9,0.444,1,2,0.5,4,5,0.8,0,3,3,1,4,1,1,1,13,-10,32.1,1,2015-16
22015,203085,Austin Rivers,1610612746,LAC,LA Clippers,0021501066,2016-03-23,LAC @ GSW,L,24,6,10,0.6,1,3,0.333,3,4,0.75,0,4,4,2,0,0,0,2,16,-16,23.8,1,2015-16
22015,1626273,Marcelo Huertas,1610612747,LAL,Los Angeles Lakers,0021501065,2016-03-23,LAL @ PHX,L,15,4,4,1.0,0,0,,0,0,,0,2,2,0,0,0,0,3,8,4,10.4,1,2015-16
22015,201609,Goran Dragic,1610612748,MIA,Miami Heat,0021501063,2016-03-23,MIA @ SAS,L,25,2,8,0.25,0,1,0.0,0,0,,0,1,1,4,2,0,6,2,4,-19,11.2,1,2015-16
22015,203089,John Henson,1610612749,MIL,Milwaukee Bucks,0021501059,2016-03-23,MIL @ CLE,L,20,5,9,0.556,0,0,,2,4,0.5,2,1,3,1,1,1,3,2,12,2,20.1,1,2015-16
22015,203476,Gorgui Dieng,1610612750,MIN,Minnesota Timberwolves,0021501062,2016-03-23,MIN vs. SAC,W,37,7,10,0.7,0,0,,2,3,0.667,1,11,12,3,2,2,1,1,16,11,45.9,1,2015-16
22015,101179,Ronnie Price,1610612756,PHX,Phoenix Suns,0021501065,2016-03-23,PHX vs. LAL,W,12,2,3,0.667,2,3,0.667,0,0,,0,3,3,3,0,0,1,0,6,-9,13.1,1,2015-16
22015,1626164,Devin Booker,1610612756,PHX,Phoenix Suns,0021501065,2016-03-23,PHX vs. LAL,W,41,12,22,0.545,1,4,0.25,3,4,0.75,0,3,3,7,1,1,2,4,28,22,46.1,1,2015-16
22015,202341,James Anderson,1610612758,SAC,Sacramento Kings,0021501062,2016-03-23,SAC @ MIN,L,12,2,4,0.5,0,1,0.0,0,0,,0,1,1,0,0,0,0,1,4,-6,5.2,1,2015-16
22015,203112,Quincy Acy,1610612758,SAC,Sacramento Kings,0021501062,2016-03-23,SAC @ MIN,L,22,4,5,0.8,1,1,1.0,0,0,,2,0,2,1,0,0,1,3,9,-7,11.9,1,2015-16
22015,202704,Reggie Jackson,1610612765,DET,Detroit Pistons,0021501058,2016-03-23,DET vs. ORL,W,32,5,14,0.357,3,6,0.5,3,3,1.0,1,1,2,9,0,0,6,2,16,16,25.9,1,2015-16
22015,201967,Dante Cunningham,1610612740,NOP,New Orleans Pelicans,0021501068,2016-03-24,NOP @ IND,L,38,4,13,0.308,1,5,0.2,0,0,,1,1,2,1,2,0,0,1,9,-4,18.9,1,2015-16
22015,202337,Luke Babbitt,1610612740,NOP,New Orleans Pelicans,0021501068,2016-03-24,NOP @ IND,L,24,1,8,0.125,0,3,0.0,0,0,,0,3,3,1,1,0,2,2,2,-2,8.1,1,2015-16
22015,203926,Doug McDermott,1610612741,CHI,Chicago Bulls,0021501070,2016-03-24,CHI @ NYK,L,14,0,3,0.0,0,2,0.0,1,2,0.5,0,0,0,0,0,0,0,0,1,-5,1.0,1,2015-16
22015,1626171,Bobby Portis,1610612741,CHI,Chicago Bulls,0021501070,2016-03-24,CHI @ NYK,L,17,0,4,0.0,0,1,0.0,0,0,,2,2,4,1,0,0,1,1,0,-1,5.3,1,2015-16
22015,1626245,Cristiano Felicio,1610612741,CHI,Chicago Bulls,0021501070,2016-03-24,CHI @ NYK,L,21,3,5,0.6,0,0,,0,0,,0,1,1,0,0,1,0,0,6,-16,10.2,1,2015-16
22015,201601,Luc Mbah a Moute,1610612746,LAC,LA Clippers,0021501072,2016-03-24,LAC vs. POR,W,14,1,3,0.333,0,0,,0,0,,0,2,2,0,0,0,0,2,2,-19,4.4,1,2015-16
22015,203085,Austin Rivers,1610612746,LAC,LA Clippers,0021501072,2016-03-24,LAC vs. POR,W,25,3,7,0.429,0,2,0.0,0,0,,1,2,3,2,0,0,2,1,6,1,10.6,1,2015-16
22015,201572,Brook Lopez,1610612751,BKN,Brooklyn Nets,0021501069,2016-03-24,BKN vs. CLE,W,32,8,15,0.533,0,0,,6,8,0.75,2,5,7,5,1,0,1,4,22,8,39.9,1,2015-16
22015,203156,Henry Sims,1610612751,BKN,Brooklyn Nets,0021501069,2016-03-24,BKN vs. CLE,W,16,1,5,0.2,0,0,,2,3,0.667,0,2,2,1,0,3,1,1,4,1,15.9,1,2015-16
22015,101181,Jose Calderon,1610612752,NYK,New York Knicks,0021501070,2016-03-24,NYK vs. CHI,W,33,4,9,0.444,3,5,0.6,1,2,0.5,1,6,7,7,1,0,2,3,12,17,31.9,1,2015-16
22015,201167,Arron Afflalo,1610612752,NYK,New York Knicks,0021501070,2016-03-24,NYK vs. CHI,W,29,5,9,0.556,1,2,0.5,0,0,,0,3,3,2,0,0,2,0,11,4,15.6,1,2015-16
22015,101145,Monta Ellis,1610612754,IND,Indiana Pacers,0021501068,2016-03-24,IND vs. NOP,W,32,3,12,0.25,1,3,0.333,2,2,1.0,0,4,4,4,3,1,1,2,9,12,30.8,1,2015-16
22015,201951,Ty Lawson,1610612754,IND,Indiana Pacers,0021501068,2016-03-24,IND vs. NOP,W,15,2,6,0.333,0,1,0.0,0,0,,0,1,1,2,3,0,1,0,4,0,16.2,1,2015-16
22015,201945,Gerald Henderson,1610612757,POR,Portland Trail Blazers,0021501072,2016-03-24,POR @ LAC,L,24,3,8,0.375,1,2,0.5,2,4,0.5,1,2,3,0,1,0,2,2,9,1,13.6,1,2015-16
22015,203148,Brian Roberts,1610612757,POR,Portland Trail Blazers,0021501072,2016-03-24,POR @ LAC,L,6,0,3,0.0,0,2,0.0,0,0,,0,1,1,0,0,0,0,2,0,-7,1.2,1,2015-16
22015,203468,CJ McCollum,1610612757,POR,Portland Trail Blazers,0021501072,2016-03-24,POR @ LAC,L,37,6,12,0.5,1,4,0.25,4,6,0.667,0,0,0,6,3,0,4,4,17,1,31.0,1,2015-16
22015,201566,Russell Westbrook,1610612760,OKC,Oklahoma City Thunder,0021501071,2016-03-24,OKC vs. UTA,W,27,6,15,0.4,1,3,0.333,2,3,0.667,1,6,7,9,3,0,2,1,15,16,43.9,1,2015-16
22015,203500,Steven Adams,1610612760,OKC,Oklahoma City Thunder,0021501071,2016-03-24,OKC vs. UTA,W,22,7,11,0.636,0,0,,0,0,,2,5,7,0,1,0,1,0,14,18,24.4,1,2015-16
22015,202324,Derrick Favors,1610612762,UTA,Utah Jazz,0021501071,2016-03-24,UTA @ OKC,L,22,3,8,0.375,0,0,,1,1,1.0,0,2,2,0,2,0,3,2,7,-15,12.4,1,2015-16
22015,203497,Rudy Gobert,1610612762,UTA,Utah Jazz,0021501071,2016-03-24,UTA @ OKC,L,16,1,2,0.5,0,0,,2,4,0.5,1,5,6,0,0,1,1,3,4,-10,13.2,1,2015-16
22015,204060,Joe Ingles,1610612762,UTA,Utah Jazz,0021501071,2016-03-24,UTA @ OKC,L,19,0,2,0.0,0,2,0.0,0,0,,1,6,7,2,1,0,2,1,0,-7,12.4,1,2015-16
22015,2210,Richard Jefferson,1610612739,CLE,Cleveland Cavaliers,0021501069,2016-03-24,CLE @ BKN,L,10,2,3,0.667,2,3,0.667,0,0,,0,3,3,0,0,0,1,2,6,-9,8.6,1,2015-16
22015,202681,Kyrie Irving,1610612739,CLE,Cleveland Cavaliers,0021501069,2016-03-24,CLE @ BKN,L,36,6,22,0.273,1,8,0.125,0,0,,1,4,5,4,0,0,0,3,13,-3,25.0,1,2015-16
22015,203521,Matthew Dellavedova,1610612739,CLE,Cleveland Cavaliers,0021501069,2016-03-24,CLE @ BKN,L,16,1,3,0.333,1,2,0.5,0,0,,0,2,2,4,0,1,3,2,3,-1,11.4,1,2015-16
22015,2570,Kendrick Perkins,1610612740,NOP,New Orleans Pelicans,0021501068,2016-03-24,NOP @ IND,L,19,0,3,0.0,0,0,,1,2,0.5,1,4,5,2,0,0,0,2,1,3,10.0,1,2015-16
22015,202703,Nikola Mirotic,1610612741,CHI,Chicago Bulls,0021501070,2016-03-24,CHI @ NYK,L,24,2,9,0.222,0,3,0.0,4,4,1.0,2,4,6,3,0,0,1,3,8,-5,18.7,1,2015-16
22015,101108,Chris Paul,1610612746,LAC,LA Clippers,0021501072,2016-03-24,LAC vs. POR,W,31,8,15,0.533,0,2,0.0,9,9,1.0,1,4,5,7,1,0,4,2,25,5,40.5,1,2015-16
22015,200755,JJ Redick,1610612746,LAC,LA Clippers,0021501072,2016-03-24,LAC vs. POR,W,25,5,11,0.455,1,3,0.333,0,0,,0,4,4,0,1,0,1,2,11,12,17.8,1,2015-16
22015,202325,Wesley Johnson,1610612746,LAC,LA Clippers,0021501072,2016-03-24,LAC vs. POR,W,14,1,1,1.0,0,0,,2,2,1.0,1,3,4,1,0,0,0,4,4,1,10.3,1,2015-16
22015,201152,Thaddeus Young,1610612751,BKN,Brooklyn Nets,0021501069,2016-03-24,BKN vs. CLE,W,31,4,9,0.444,0,0,,0,0,,3,3,6,2,2,0,1,3,8,3,23.2,1,2015-16
22015,203508,Sergey Karasev,1610612751,BKN,Brooklyn Nets,0021501069,2016-03-24,BKN vs. CLE,W,18,1,5,0.2,1,3,0.333,0,0,,0,4,4,2,0,0,1,1,3,-6,9.8,1,2015-16
22015,203900,Markel Brown,1610612751,BKN,Brooklyn Nets,0021501069,2016-03-24,BKN vs. CLE,W,13,3,4,0.75,1,1,1.0,2,2,1.0,1,3,4,1,1,2,0,1,9,11,24.3,1,2015-16
22015,1626191,Chris McCullough,1610612751,BKN,Brooklyn Nets,0021501069,2016-03-24,BKN vs. CLE,W,17,2,6,0.333,1,2,0.5,0,0,,3,3,6,1,2,0,0,2,5,6,19.7,1,2015-16
22015,204038,Langston Galloway,1610612752,NYK,New York Knicks,0021501070,2016-03-24,NYK vs. CHI,W,16,1,2,0.5,0,1,0.0,4,4,1.0,0,4,4,1,0,1,0,1,6,-10,15.3,1,2015-16
22015,1626170,Jerian Grant,1610612752,NYK,New York Knicks,0021501070,2016-03-24,NYK vs. CHI,W,12,2,4,0.5,0,2,0.0,0,0,,0,0,0,0,0,0,1,0,4,0,3.0,1,2015-16
22015,203081,Damian Lillard,1610612757,POR,Portland Trail Blazers,0021501072,2016-03-24,POR @ LAC,L,35,4,16,0.25,2,8,0.25,8,9,0.889,1,2,3,8,1,0,3,1,18,-3,33.6,1,2015-16
22015,202330,Gordon Hayward,1610612762,UTA,Utah Jazz,0021501071,2016-03-24,UTA @ OKC,L,23,2,6,0.333,0,3,0.0,2,2,1.0,0,2,2,5,0,0,3,1,6,-15,12.9,1,2015-16
22015,203481,Jeff Withey,1610612762,UTA,Utah Jazz,0021501071,2016-03-24,UTA @ OKC,L,17,4,6,0.667,0,0,,0,0,,3,2,5,0,1,1,0,3,8,-1,20.0,1,2015-16
22015,203918,Rodney Hood,1610612762,UTA,Utah Jazz,0021501071,2016-03-24,UTA @ OKC,L,29,4,9,0.444,2,5,0.4,1,1,1.0,0,2,2,1,0,0,1,1,11,-18,13.9,1,2015-16
22015,2544,LeBron James,1610612739,CLE,Cleveland Cavaliers,0021501069,2016-03-24,CLE @ BKN,L,35,13,16,0.813,1,2,0.5,3,4,0.75,1,5,6,5,1,0,4,2,30,-8,43.7,1,2015-16
22015,201567,Kevin Love,1610612739,CLE,Cleveland Cavaliers,0021501069,2016-03-24,CLE @ BKN,L,33,5,14,0.357,0,5,0.0,1,2,0.5,3,9,12,3,0,1,2,1,11,-8,30.9,1,2015-16
22015,202697,Iman Shumpert,1610612739,CLE,Cleveland Cavaliers,0021501069,2016-03-24,CLE @ BKN,L,16,1,3,0.333,1,3,0.333,0,0,,1,4,5,0,0,0,0,2,3,-8,9.0,1,2015-16
22015,201582,Alexis Ajinca,1610612740,NOP,New Orleans Pelicans,0021501068,2016-03-24,NOP @ IND,L,36,10,20,0.5,0,0,,2,2,1.0,2,7,9,2,1,0,5,4,22,-11,33.8,1,2015-16
22015,201600,Omer Asik,1610612740,NOP,New Orleans Pelicans,0021501068,2016-03-24,NOP @ IND,L,24,1,4,0.25,0,0,,0,2,0.0,1,14,15,0,0,0,1,1,2,-13,19.0,1,2015-16
22015,201962,Toney Douglas,1610612740,NOP,New Orleans Pelicans,0021501068,2016-03-24,NOP @ IND,L,29,5,13,0.385,1,5,0.2,2,2,1.0,1,4,5,3,3,0,1,4,13,-8,31.5,1,2015-16
22015,201959,Taj Gibson,1610612741,CHI,Chicago Bulls,0021501070,2016-03-24,CHI @ NYK,L,26,4,8,0.5,0,0,,2,2,1.0,1,5,6,1,1,0,0,4,10,-6,21.7,1,2015-16
22015,203200,Justin Holiday,1610612741,CHI,Chicago Bulls,0021501070,2016-03-24,CHI @ NYK,L,13,2,4,0.5,1,2,0.5,0,0,,0,5,5,1,1,0,0,1,5,2,15.5,1,2015-16
22015,201145,Jeff Green,1610612746,LAC,LA Clippers,0021501072,2016-03-24,LAC vs. POR,W,26,2,7,0.286,0,2,0.0,0,0,,0,4,4,4,0,1,1,4,4,-3,16.8,1,2015-16
22015,202332,Cole Aldrich,1610612746,LAC,LA Clippers,0021501072,2016-03-24,LAC vs. POR,W,15,3,5,0.6,0,0,,1,1,1.0,1,4,5,1,1,2,1,3,7,5,22.5,1,2015-16
22015,2546,Carmelo Anthony,1610612752,NYK,New York Knicks,0021501070,2016-03-24,NYK vs. CHI,W,35,9,17,0.529,3,9,0.333,5,5,1.0,2,5,7,4,1,0,2,2,26,17,41.4,1,2015-16
22015,101139,CJ Miles,1610612754,IND,Indiana Pacers,0021501068,2016-03-24,IND vs. NOP,W,26,7,14,0.5,3,8,0.375,2,2,1.0,0,3,3,1,0,0,1,2,19,2,23.1,1,2015-16
22015,201588,George Hill,1610612754,IND,Indiana Pacers,0021501068,2016-03-24,IND vs. NOP,W,33,2,6,0.333,2,5,0.4,0,0,,0,4,4,8,0,1,5,2,6,8,20.8,1,2015-16
22015,1626167,Myles Turner,1610612754,IND,Indiana Pacers,0021501068,2016-03-24,IND vs. NOP,W,33,11,17,0.647,0,0,,2,2,1.0,1,15,16,1,0,3,3,1,24,10,50.7,1,2015-16
22015,203943,Noah Vonleh,1610612757,POR,Portland Trail Blazers,0021501072,2016-03-24,POR @ LAC,L,10,2,2,1.0,0,0,,0,0,,1,1,2,0,0,0,0,2,4,4,6.4,1,2015-16
22015,201627,Anthony Morrow,1610612760,OKC,Oklahoma City Thunder,0021501071,2016-03-24,OKC vs. UTA,W,8,1,2,0.5,0,1,0.0,0,0,,0,0,0,1,0,1,0,1,2,0,6.5,1,2015-16
22015,203962,Josh Huestis,1610612760,OKC,Oklahoma City Thunder,0021501071,2016-03-24,OKC vs. UTA,W,5,1,1,1.0,1,1,1.0,0,2,0.0,0,0,0,0,0,0,1,1,3,-3,2.0,1,2015-16
22015,2747,JR Smith,1610612739,CLE,Cleveland Cavaliers,0021501069,2016-03-24,CLE @ BKN,L,32,3,10,0.3,2,8,0.25,0,0,,0,2,2,2,1,0,2,2,8,-1,14.4,1,2015-16
22015,101112,Channing Frye,1610612739,CLE,Cleveland Cavaliers,0021501069,2016-03-24,CLE @ BKN,L,14,1,7,0.143,1,6,0.167,2,2,1.0,1,1,2,1,0,0,0,1,5,2,8.9,1,2015-16
22015,203895,Jordan McRae,1610612739,CLE,Cleveland Cavaliers,0021501069,2016-03-24,CLE @ BKN,L,0,1,1,1.0,1,1,1.0,0,0,,0,0,0,0,0,0,0,0,3,3,3.0,1,2015-16
22015,201166,Aaron Brooks,1610612741,CHI,Chicago Bulls,0021501070,2016-03-24,CHI @ NYK,L,18,3,7,0.429,0,3,0.0,0,0,,1,2,3,1,1,0,0,0,6,-8,14.1,1,2015-16
22015,202710,Jimmy Butler III,1610612741,CHI,Chicago Bulls,0021501070,2016-03-24,CHI @ NYK,L,39,7,15,0.467,1,3,0.333,4,6,0.667,1,2,3,3,3,1,4,3,19,-11,35.1,1,2015-16
22015,201599,DeAndre Jordan,1610612746,LAC,LA Clippers,0021501072,2016-03-24,LAC vs. POR,W,32,3,7,0.429,0,1,0.0,6,16,0.375,5,8,13,3,3,1,5,5,12,0,39.1,1,2015-16
22015,202711,Bojan Bogdanovic,1610612751,BKN,Brooklyn Nets,0021501069,2016-03-24,BKN vs. CLE,W,26,4,11,0.364,3,8,0.375,1,2,0.5,0,1,1,0,0,0,3,2,12,7,10.2,1,2015-16
22015,203930,Sean Kilpatrick,1610612751,BKN,Brooklyn Nets,0021501069,2016-03-24,BKN vs. CLE,W,22,4,13,0.308,0,6,0.0,2,2,1.0,0,0,0,1,1,0,0,0,10,2,14.5,1,2015-16
22015,2756,Sasha Vujacic,1610612752,NYK,New York Knicks,0021501070,2016-03-24,NYK vs. CHI,W,19,3,5,0.6,3,3,1.0,0,0,,0,1,1,3,2,0,2,1,9,8,18.7,1,2015-16
22015,202682,Derrick Williams,1610612752,NYK,New York Knicks,0021501070,2016-03-24,NYK vs. CHI,W,17,5,8,0.625,1,3,0.333,2,2,1.0,0,3,3,0,0,0,2,1,13,-1,14.6,1,2015-16
22015,101133,Ian Mahinmi,1610612754,IND,Indiana Pacers,0021501068,2016-03-24,IND vs. NOP,W,30,1,4,0.25,0,0,,1,2,0.5,1,2,3,2,2,0,0,2,3,8,15.6,1,2015-16
22015,201155,Rodney Stuckey,1610612754,IND,Indiana Pacers,0021501068,2016-03-24,IND vs. NOP,W,18,2,5,0.4,0,0,,4,4,1.0,0,0,0,2,0,0,0,1,8,-5,11.0,1,2015-16
22015,201941,Jordan Hill,1610612754,IND,Indiana Pacers,0021501068,2016-03-24,IND vs. NOP,W,15,2,6,0.333,0,0,,0,0,,1,3,4,2,1,0,1,1,4,1,13.8,1,2015-16
22015,202730,Lavoy Allen,1610612754,IND,Indiana Pacers,0021501068,2016-03-24,IND vs. NOP,W,9,0,0,,0,0,,0,0,,0,3,3,2,0,0,0,0,0,-3,6.6,1,2015-16
22015,202329,Al-Farouq Aminu,1610612757,POR,Portland Trail Blazers,0021501072,2016-03-24,POR @ LAC,L,20,2,4,0.5,0,1,0.0,2,2,1.0,0,6,6,0,1,0,0,1,6,-6,16.2,1,2015-16
22015,203459,Allen Crabbe,1610612757,POR,Portland Trail Blazers,0021501072,2016-03-24,POR @ LAC,L,30,2,11,0.182,2,5,0.4,1,2,0.5,0,4,4,3,0,0,2,3,7,-8,14.3,1,2015-16
22015,1626192,Pat Connaughton,1610612757,POR,Portland Trail Blazers,0021501072,2016-03-24,POR @ LAC,L,0,0,0,,0,0,,0,0,,0,0,0,0,0,0,0,0,0,0,0.0,1,2015-16
22015,1737,Nazr Mohammed,1610612760,OKC,Oklahoma City Thunder,0021501071,2016-03-24,OKC vs. UTA,W,4,0,0,,0,0,,2,2,1.0,0,0,0,0,0,0,0,1,2,-3,2.0,1,2015-16
22015,201142,Kevin Durant,1610612760,OKC,Oklahoma City Thunder,0021501071,2016-03-24,OKC vs. UTA,W,30,7,11,0.636,2,4,0.5,4,5,0.8,1,7,8,9,2,1,5,0,20,30,47.1,1,2015-16
22015,201586,Serge Ibaka,1610612760,OKC,Oklahoma City Thunder,0021501071,2016-03-24,OKC vs. UTA,W,27,4,6,0.667,2,4,0.5,0,0,,1,2,3,2,3,1,1,2,10,16,27.6,1,2015-16
22015,203079,Dion Waiters,1610612760,OKC,Oklahoma City Thunder,0021501071,2016-03-24,OKC vs. UTA,W,29,8,16,0.5,1,4,0.25,0,2,0.0,1,1,2,3,3,0,1,2,17,3,31.9,1,2015-16
22015,202344,Trevor Booker,1610612762,UTA,Utah Jazz,0021501071,2016-03-24,UTA @ OKC,L,16,4,6,0.667,1,2,0.5,0,2,0.0,3,0,3,2,0,0,0,3,9,-11,15.6,1,2015-16
22015,202714,Shelvin Mack,1610612762,UTA,Utah Jazz,0021501071,2016-03-24,UTA @ OKC,L,24,3,9,0.333,0,3,0.0,0,0,,0,2,2,4,3,0,5,3,6,-12,18.4,1,2015-16
22015,203526,Raul Neto,1610612762,UTA,Utah Jazz,0021501071,2016-03-24,UTA @ OKC,L,21,2,2,1.0,1,1,1.0,0,2,0.0,0,2,2,2,0,0,2,1,5,-2,8.4,1,2015-16
22015,202389,Timofey Mozgov,1610612739,CLE,Cleveland Cavaliers,0021501069,2016-03-24,CLE @ BKN,L,20,3,5,0.6,0,0,,1,1,1.0,1,3,4,0,1,0,1,3,7,4,13.8,1,2015-16
22015,202684,Tristan Thompson,1610612739,CLE,Cleveland Cavaliers,0021501069,2016-03-24,CLE @ BKN,L,26,3,5,0.6,0,0,,0,0,,3,1,4,3,0,0,1,2,6,-16,14.3,1,2015-16
22015,202087,Alonzo Gee,1610612740,NOP,New Orleans Pelicans,0021501068,2016-03-24,NOP @ IND,L,41,7,13,0.538,1,2,0.5,2,3,0.667,1,2,3,1,0,0,1,0,17,0,21.1,1,2015-16
22015,2399,Mike Dunleavy,1610612741,CHI,Chicago Bulls,0021501070,2016-03-24,CHI @ NYK,L,29,3,10,0.3,3,7,0.429,0,0,,0,4,4,2,1,0,1,1,9,-4,18.8,1,2015-16
22015,201565,Derrick Rose,1610612741,CHI,Chicago Bulls,0021501070,2016-03-24,CHI @ NYK,L,39,13,24,0.542,1,4,0.25,3,4,0.75,0,2,2,3,2,0,1,1,30,-6,41.9,1,2015-16
22015,1718,Paul Pierce,1610612746,LAC,LA Clippers,0021501072,2016-03-24,LAC vs. POR,W,15,0,5,0.0,0,3,0.0,0,0,,1,3,4,0,2,1,1,2,0,2,12.8,1,2015-16
22015,2037,Jamal Crawford,1610612746,LAC,LA Clippers,0021501072,2016-03-24,LAC vs. POR,W,33,11,21,0.524,3,6,0.5,0,0,,0,1,1,2,1,0,1,2,25,11,31.2,1,2015-16
22015,203143,Pablo Prigioni,1610612746,LAC,LA Clippers,0021501072,2016-03-24,LAC vs. POR,W,9,0,0,,0,0,,0,0,,1,1,2,1,0,0,0,2,0,-5,3.9,1,2015-16
22015,203499,Shane Larkin,1610612751,BKN,Brooklyn Nets,0021501069,2016-03-24,BKN vs. CLE,W,31,7,10,0.7,1,1,1.0,1,2,0.5,0,3,3,7,0,0,2,1,16,-4,28.1,1,2015-16
22015,1626178,Rondae Hollis-Jefferson,1610612751,BKN,Brooklyn Nets,0021501069,2016-03-24,BKN vs. CLE,W,17,5,8,0.625,0,0,,0,0,,1,6,7,2,3,0,0,1,10,4,30.4,1,2015-16
22015,204001,Kristaps Porziņģis,1610612752,NYK,New York Knicks,0021501070,2016-03-24,NYK vs. CHI,W,35,7,15,0.467,2,5,0.4,3,3,1.0,1,9,10,0,0,3,1,2,19,14,39.0,1,2015-16
22015,202331,Paul George,1610612754,IND,Indiana Pacers,0021501068,2016-03-24,IND vs. NOP,W,20,6,9,0.667,1,3,0.333,2,3,0.667,0,4,4,2,1,1,1,0,15,7,27.8,1,2015-16
22015,202334,Ed Davis,1610612757,POR,Portland Trail Blazers,0021501072,2016-03-24,POR @ LAC,L,23,5,7,0.714,0,0,,2,3,0.667,2,6,8,0,2,2,0,3,12,3,33.6,1,2015-16
22015,203090,Maurice Harkless,1610612757,POR,Portland Trail Blazers,0021501072,2016-03-24,POR @ LAC,L,31,5,8,0.625,0,2,0.0,0,0,,3,5,8,1,0,1,1,4,10,15,23.1,1,2015-16
22015,200751,Randy Foye,1610612760,OKC,Oklahoma City Thunder,0021501071,2016-03-24,OKC vs. UTA,W,23,2,4,0.5,1,3,0.333,1,2,0.5,0,0,0,2,1,0,2,1,6,4,10.0,1,2015-16
22015,202683,Enes Freedom,1610612760,OKC,Oklahoma City Thunder,0021501071,2016-03-24,OKC vs. UTA,W,22,5,10,0.5,0,0,,4,5,0.8,4,3,7,0,0,0,0,4,14,7,22.4,1,2015-16
22015,203460,Andre Roberson,1610612760,OKC,Oklahoma City Thunder,0021501071,2016-03-24,OKC vs. UTA,W,22,1,3,0.333,0,1,0.0,0,0,,0,4,4,0,0,1,0,1,2,16,9.8,1,2015-16
22015,1626166,Cameron Payne,1610612760,OKC,Oklahoma City Thunder,0021501071,2016-03-24,OKC vs. UTA,W,21,3,4,0.75,1,1,1.0,1,1,1.0,0,1,1,1,0,0,1,2,8,6,9.7,1,2015-16
22015,203504,Trey Burke,1610612762,UTA,Utah Jazz,0021501071,2016-03-24,UTA @ OKC,L,12,5,9,0.556,1,3,0.333,6,7,0.857,0,1,1,0,0,0,0,1,17,-1,18.2,1,2015-16
22015,1626168,Trey Lyles,1610612762,UTA,Utah Jazz,0021501071,2016-03-24,UTA @ OKC,L,26,6,12,0.5,0,2,0.0,2,2,1.0,1,2,3,2,0,1,1,2,14,-5,22.6,1,2015-16
22015,204025,Tim Frazier,1610612740,NOP,New Orleans Pelicans,0021501068,2016-03-24,NOP @ IND,L,29,7,11,0.636,1,1,1.0,3,3,1.0,2,3,5,5,0,0,6,2,18,-5,25.5,1,2015-16
22015,202388,Donald Sloan,1610612751,BKN,Brooklyn Nets,0021501069,2016-03-24,BKN vs. CLE,W,17,2,3,0.667,1,1,1.0,0,0,,0,6,6,6,0,0,0,0,5,13,21.2,1,2015-16
22015,201577,Robin Lopez,1610612752,NYK,New York Knicks,0021501070,2016-03-24,NYK vs. CHI,W,34,2,4,0.5,0,0,,0,0,,0,7,7,1,0,3,4,2,4,14,18.9,1,2015-16
22015,202338,Kevin Seraphin,1610612752,NYK,New York Knicks,0021501070,2016-03-24,NYK vs. CHI,W,10,1,3,0.333,0,0,,0,0,,1,2,3,1,0,2,1,0,2,-3,12.1,1,2015-16
22015,203524,Solomon Hill,1610612754,IND,Indiana Pacers,0021501068,2016-03-24,IND vs. NOP,W,9,0,0,,0,0,,0,0,,0,2,2,0,0,0,0,1,0,0,2.4,1,2015-16
22015,203486,Mason Plumlee,1610612757,POR,Portland Trail Blazers,0021501072,2016-03-24,POR @ LAC,L,25,3,9,0.333,0,0,,5,6,0.833,1,5,6,0,2,2,3,3,11,-10,27.2,1,2015-16
22015,203187,Chris Johnson,1610612762,UTA,Utah Jazz,0021501071,2016-03-24,UTA @ OKC,L,15,1,2,0.5,0,1,0.0,2,2,1.0,0,1,1,0,1,0,0,1,4,-13,8.2,1,2015-16
22015,200757,Thabo Sefolosha,1610612737,ATL,Atlanta Hawks,0021501076,2016-03-25,ATL vs. MIL,W,24,4,8,0.5,2,5,0.4,0,0,,1,6,7,3,1,0,0,2,10,11,25.9,1,2015-16
22015,200794,Paul Millsap,1610612737,ATL,Atlanta Hawks,0021501076,2016-03-25,ATL vs. MIL,W,34,7,16,0.438,0,1,0.0,0,0,,7,6,13,3,2,3,2,2,14,12,47.1,1,2015-16
22015,101109,Raymond Felton,1610612742,DAL,Dallas Mavericks,0021501080,2016-03-25,DAL @ GSW,L,38,7,16,0.438,1,4,0.25,2,2,1.0,2,3,5,5,0,1,1,3,17,-7,32.5,1,2015-16
22015,203939,Dwight Powell,1610612742,DAL,Dallas Mavericks,0021501080,2016-03-25,DAL @ GSW,L,24,2,7,0.286,0,1,0.0,1,2,0.5,2,5,7,4,0,0,1,4,5,14,18.4,1,2015-16
22015,1626147,Justin Anderson,1610612742,DAL,Dallas Mavericks,0021501080,2016-03-25,DAL @ GSW,L,25,3,7,0.429,2,3,0.667,2,2,1.0,1,2,3,3,0,2,0,0,10,9,24.1,1,2015-16
22015,1626257,Salah Mejri,1610612742,DAL,Dallas Mavericks,0021501080,2016-03-25,DAL @ GSW,L,16,0,1,0.0,0,0,,1,2,0.5,2,1,3,1,1,2,2,2,1,-13,13.1,1,2015-16
22015,1626144,Emmanuel Mudiay,1610612743,DEN,Denver Nuggets,0021501081,2016-03-25,DEN @ LAL,W,21,3,8,0.375,0,1,0.0,3,4,0.75,0,3,3,3,1,0,1,0,9,-7,19.1,1,2015-16
22015,1626253,Axel Toupane,1610612743,DEN,Denver Nuggets,0021501081,2016-03-25,DEN @ LAL,W,23,3,5,0.6,2,4,0.5,0,0,,1,1,2,1,0,1,0,4,8,26,14.9,1,2015-16
22015,2733,Shaun Livingston,1610612744,GSW,Golden State Warriors,0021501080,2016-03-25,GSW vs. DAL,W,21,3,6,0.5,0,0,,0,0,,0,2,2,4,0,1,1,2,6,0,16.4,1,2015-16
22015,1891,Jason Terry,1610612745,HOU,Houston Rockets,0021501077,2016-03-25,HOU vs. TOR,W,23,2,7,0.286,1,2,0.5,0,0,,1,4,5,3,0,0,1,1,5,0,14.5,1,2015-16
22015,202700,Donatas Motiejunas,1610612745,HOU,Houston Rockets,0021501077,2016-03-25,HOU vs. TOR,W,15,5,8,0.625,1,1,1.0,0,0,,1,2,3,1,0,0,0,0,11,7,16.1,1,2015-16
22015,203944,Julius Randle,1610612747,LAL,Los Angeles Lakers,0021501081,2016-03-25,LAL vs. DEN,L,34,6,10,0.6,0,0,,1,2,0.5,0,18,18,10,0,1,2,2,13,2,50.6,1,2015-16
22015,1626159,Justise Winslow,1610612748,MIA,Miami Heat,0021501075,2016-03-25,MIA vs. ORL,W,35,1,6,0.167,0,1,0.0,3,5,0.6,3,5,8,3,1,0,2,4,5,8,20.1,1,2015-16
22015,203101,Miles Plumlee,1610612749,MIL,Milwaukee Bucks,0021501076,2016-03-25,MIL @ ATL,L,18,2,3,0.667,0,0,,0,0,,3,4,7,0,0,0,2,0,4,-3,10.4,1,2015-16
22015,203498,Shabazz Muhammad,1610612750,MIN,Minnesota Timberwolves,0021501073,2016-03-25,MIN @ WAS,W,15,2,4,0.5,0,1,0.0,2,2,1.0,1,2,3,1,0,0,2,1,6,-10,9.1,1,2015-16
22015,203094,Andrew Nicholson,1610612753,ORL,Orlando Magic,0021501075,2016-03-25,ORL @ MIA,L,18,8,12,0.667,2,5,0.4,1,1,1.0,0,6,6,1,0,0,2,3,19,0,25.7,1,2015-16
22015,203906,Devyn Marble,1610612753,ORL,Orlando Magic,0021501075,2016-03-25,ORL @ MIA,L,13,0,1,0.0,0,0,,0,0,,0,0,0,1,2,0,0,3,0,-3,7.5,1,2015-16
22015,201954,Darren Collison,1610612758,SAC,Sacramento Kings,0021501079,2016-03-25,SAC vs. PHX,W,26,5,10,0.5,0,1,0.0,1,1,1.0,0,3,3,3,3,0,1,1,11,11,27.1,1,2015-16
22015,1495,Tim Duncan,1610612759,SAS,San Antonio Spurs,0021501078,2016-03-25,SAS vs. MEM,W,31,6,8,0.75,0,0,,0,1,0.0,2,6,8,7,1,0,1,0,12,-1,34.1,1,2015-16
22015,201942,DeMar DeRozan,1610612761,TOR,Toronto Raptors,0021501077,2016-03-25,TOR @ HOU,L,37,6,13,0.462,1,2,0.5,5,6,0.833,2,3,5,4,2,0,1,3,18,5,35.0,1,2015-16
22015,2440,Matt Barnes,1610612763,MEM,Memphis Grizzlies,0021501078,2016-03-25,MEM @ SAS,L,35,5,10,0.5,2,5,0.4,2,2,1.0,2,4,6,3,1,1,4,4,14,3,27.7,1,2015-16
22015,203210,JaMychal Green,1610612763,MEM,Memphis Grizzlies,0021501078,2016-03-25,MEM @ SAS,L,25,10,18,0.556,0,1,0.0,0,0,,0,2,2,3,0,2,1,2,20,-2,31.9,1,2015-16
22015,201977,Marcus Thornton,1610612764,WAS,Washington Wizards,0021501073,2016-03-25,WAS vs. MIN,L,14,1,3,0.333,0,2,0.0,1,2,0.5,0,1,1,1,2,0,0,0,3,13,11.7,1,2015-16
22015,2581,Steve Blake,1610612765,DET,Detroit Pistons,0021501074,2016-03-25,DET vs. CHA,W,19,0,3,0.0,0,2,0.0,0,0,,0,1,1,5,1,1,2,0,0,6,12.7,1,2015-16
22015,202699,Tobias Harris,1610612765,DET,Detroit Pistons,0021501074,2016-03-25,DET vs. CHA,W,28,1,7,0.143,0,4,0.0,5,5,1.0,1,6,7,5,1,1,0,3,7,5,28.9,1,2015-16
22015,2743,Kris Humphries,1610612737,ATL,Atlanta Hawks,0021501076,2016-03-25,ATL vs. MIL,W,18,3,6,0.5,1,3,0.333,4,4,1.0,1,3,4,1,0,0,1,3,11,14,16.3,1,2015-16
22015,201143,Al Horford,1610612737,ATL,Atlanta Hawks,0021501076,2016-03-25,ATL vs. MIL,W,31,7,12,0.583,0,1,0.0,0,0,,3,5,8,3,2,2,1,1,14,-4,39.1,1,2015-16
22015,203471,Dennis Schröder,1610612737,ATL,Atlanta Hawks,0021501076,2016-03-25,ATL vs. MIL,W,14,3,9,0.333,0,3,0.0,3,3,1.0,0,0,0,1,2,0,0,5,9,8,16.5,1,2015-16
22015,203501,Tim Hardaway Jr.,1610612737,ATL,Atlanta Hawks,0021501076,2016-03-25,ATL vs. MIL,W,18,2,5,0.4,1,4,0.25,2,4,0.5,0,1,1,2,1,0,0,1,7,-1,14.2,1,2015-16
22015,2585,Zaza Pachulia,1610612742,DAL,Dallas Mavericks,0021501080,2016-03-25,DAL @ GSW,L,25,5,12,0.417,0,0,,2,2,1.0,4,9,13,3,0,0,2,2,12,5,30.1,1,2015-16
22015,203914,Gary Harris,1610612743,DEN,Denver Nuggets,0021501081,2016-03-25,DEN @ LAL,W,24,6,13,0.462,1,4,0.25,0,1,0.0,2,1,3,2,2,0,1,2,13,-11,24.6,1,2015-16
22015,2571,Leandro Barbosa,1610612744,GSW,Golden State Warriors,0021501080,2016-03-25,GSW vs. DAL,W,20,2,5,0.4,1,3,0.333,0,0,,1,0,1,1,0,1,0,2,5,-11,10.7,1,2015-16
22015,101106,Andrew Bogut,1610612744,GSW,Golden State Warriors,0021501080,2016-03-25,GSW vs. DAL,W,18,2,2,1.0,0,0,,0,0,,1,1,2,2,0,1,1,4,4,10,11.4,1,2015-16
22015,203084,Harrison Barnes,1610612744,GSW,Golden State Warriors,0021501080,2016-03-25,GSW vs. DAL,W,34,5,11,0.455,1,2,0.5,0,0,,3,4,7,2,0,0,0,3,11,1,22.4,1,2015-16
22015,201976,Patrick Beverley,1610612745,HOU,Houston Rockets,0021501077,2016-03-25,HOU vs. TOR,W,36,6,10,0.6,5,7,0.714,0,0,,1,3,4,5,0,2,2,3,17,9,33.3,1,2015-16
22015,203991,Clint Capela,1610612745,HOU,Houston Rockets,0021501077,2016-03-25,HOU vs. TOR,W,16,3,7,0.429,0,0,,2,8,0.25,7,3,10,0,0,1,0,4,8,-5,23.0,1,2015-16
22015,1626156,D'Angelo Russell,1610612747,LAL,Los Angeles Lakers,0021501081,2016-03-25,LAL vs. DEN,L,12,1,4,0.25,0,0,,0,0,,0,1,1,0,0,0,3,1,2,-10,0.2,1,2015-16
22015,2548,Dwyane Wade,1610612748,MIA,Miami Heat,0021501075,2016-03-25,MIA vs. ORL,W,25,2,9,0.222,0,1,0.0,7,8,0.875,0,3,3,4,1,1,0,1,11,6,26.6,1,2015-16
22015,2736,Luol Deng,1610612748,MIA,Miami Heat,0021501075,2016-03-25,MIA vs. ORL,W,35,4,13,0.308,0,3,0.0,2,2,1.0,5,8,13,5,1,1,0,0,10,3,39.1,1,2015-16
22015,201177,Josh McRoberts,1610612748,MIA,Miami Heat,0021501075,2016-03-25,MIA vs. ORL,W,1,0,0,,0,0,,0,0,,0,1,1,0,0,0,1,0,0,0,0.2,1,2015-16
22015,202355,Hassan Whiteside,1610612748,MIA,Miami Heat,0021501075,2016-03-25,MIA vs. ORL,W,29,10,15,0.667,0,0,,6,7,0.857,2,10,12,0,1,5,1,3,26,9,57.4,1,2015-16
22015,201573,Jerryd Bayless,1610612749,MIL,Milwaukee Bucks,0021501076,2016-03-25,MIL @ ATL,L,31,3,6,0.5,2,4,0.5,4,4,1.0,0,4,4,3,2,2,1,3,12,-6,32.3,1,2015-16
22015,203089,John Henson,1610612749,MIL,Milwaukee Bucks,0021501076,2016-03-25,MIL @ ATL,L,26,7,11,0.636,0,0,,3,4,0.75,8,2,10,1,0,3,2,1,17,-1,37.5,1,2015-16
22015,203476,Gorgui Dieng,1610612750,MIN,Minnesota Timberwolves,0021501073,2016-03-25,MIN @ WAS,W,40,8,11,0.727,1,2,0.5,1,1,1.0,1,8,9,5,0,2,0,5,18,16,42.3,1,2015-16
22015,1626145,Tyus Jones,1610612750,MIN,Minnesota Timberwolves,0021501073,2016-03-25,MIN @ WAS,W,14,3,6,0.5,0,1,0.0,2,2,1.0,0,0,0,6,2,0,1,2,8,-7,22.0,1,2015-16
22015,101179,Ronnie Price,1610612756,PHX,Phoenix Suns,0021501079,2016-03-25,PHX @ SAC,L,23,2,6,0.333,1,3,0.333,2,2,1.0,2,1,3,5,0,0,0,2,7,-14,18.1,1,2015-16
22015,200782,P.J. Tucker,1610612756,PHX,Phoenix Suns,0021501079,2016-03-25,PHX @ SAC,L,27,2,4,0.5,0,1,0.0,0,0,,1,7,8,1,1,0,1,2,4,-17,17.1,1,2015-16
22015,202720,Jon Leuer,1610612756,PHX,Phoenix Suns,0021501079,2016-03-25,PHX @ SAC,L,16,3,7,0.429,1,2,0.5,0,0,,1,3,4,0,0,0,1,4,7,2,10.8,1,2015-16
22015,201956,Omri Casspi,1610612758,SAC,Sacramento Kings,0021501079,2016-03-25,SAC vs. PHX,W,30,1,7,0.143,0,1,0.0,5,6,0.833,2,6,8,5,0,0,2,2,7,9,22.1,1,2015-16
22015,202341,James Anderson,1610612758,SAC,Sacramento Kings,0021501079,2016-03-25,SAC vs. PHX,W,14,0,2,0.0,0,1,0.0,0,0,,2,1,3,1,0,0,1,2,0,1,4.1,1,2015-16
22015,203112,Quincy Acy,1610612758,SAC,Sacramento Kings,0021501079,2016-03-25,SAC vs. PHX,W,19,4,9,0.444,2,5,0.4,4,4,1.0,0,7,7,0,0,2,1,4,14,9,27.4,1,2015-16
22015,1626161,Willie Cauley-Stein,1610612758,SAC,Sacramento Kings,0021501079,2016-03-25,SAC vs. PHX,W,29,11,19,0.579,0,2,0.0,4,6,0.667,3,3,6,0,3,2,3,5,26,7,45.2,1,2015-16
22015,203937,Kyle Anderson,1610612759,SAS,San Antonio Spurs,0021501078,2016-03-25,SAS vs. MEM,W,24,3,5,0.6,0,1,0.0,0,0,,0,3,3,0,1,1,0,1,6,1,15.6,1,2015-16
22015,202709,Cory Joseph,1610612761,TOR,Toronto Raptors,0021501077,2016-03-25,TOR @ HOU,L,22,4,10,0.4,2,4,0.5,2,2,1.0,1,2,3,2,0,0,4,2,12,-10,14.6,1,2015-16
22015,2365,Chris Andersen,1610612763,MEM,Memphis Grizzlies,0021501078,2016-03-25,MEM @ SAS,L,37,6,10,0.6,1,2,0.5,0,0,,3,4,7,2,1,0,0,1,13,-4,27.4,1,2015-16
22015,200770,Jordan Farmar,1610612763,MEM,Memphis Grizzlies,0021501078,2016-03-25,MEM @ SAS,L,23,4,7,0.571,1,2,0.5,2,2,1.0,0,2,2,5,3,0,2,2,11,-6,27.9,1,2015-16
22015,202362,Lance Stephenson,1610612763,MEM,Memphis Grizzlies,0021501078,2016-03-25,MEM @ SAS,L,28,8,15,0.533,1,2,0.5,0,1,0.0,0,1,1,3,3,0,0,4,17,0,31.7,1,2015-16
22015,203492,Ray McCallum,1610612763,MEM,Memphis Grizzlies,0021501078,2016-03-25,MEM @ SAS,L,21,3,10,0.3,1,3,0.333,0,0,,0,4,4,1,1,0,1,0,7,0,15.3,1,2015-16
22015,1626185,Jarell Martin,1610612763,MEM,Memphis Grizzlies,0021501078,2016-03-25,MEM @ SAS,L,16,1,1,1.0,0,0,,1,2,0.5,1,1,2,2,0,0,0,1,3,-3,8.4,1,2015-16
22015,202322,John Wall,1610612764,WAS,Washington Wizards,0021501073,2016-03-25,WAS vs. MIN,L,49,8,22,0.364,3,7,0.429,3,3,1.0,1,2,3,16,2,0,4,3,22,1,51.6,1,2015-16
22015,203083,Andre Drummond,1610612765,DET,Detroit Pistons,0021501074,2016-03-25,DET vs. CHA,W,29,9,14,0.643,0,0,,0,2,0.0,5,9,14,0,0,3,0,1,18,17,43.8,1,2015-16
22015,203493,Reggie Bullock Jr.,1610612765,DET,Detroit Pistons,0021501074,2016-03-25,DET vs. CHA,W,2,0,0,,0,0,,0,0,,0,0,0,0,0,0,0,1,0,-8,0.0,1,2015-16
22015,201150,Spencer Hawes,1610612766,CHA,Charlotte Hornets,0021501074,2016-03-25,CHA @ DET,L,9,2,6,0.333,1,1,1.0,0,0,,1,3,4,2,0,0,0,0,5,19,12.8,1,2015-16
22015,201587,Nicolas Batum,1610612766,CHA,Charlotte Hornets,0021501074,2016-03-25,CHA @ DET,L,27,4,12,0.333,1,3,0.333,1,1,1.0,0,7,7,7,1,0,2,1,10,-10,29.9,1,2015-16
22015,202689,Kemba Walker,1610612766,CHA,Charlotte Hornets,0021501074,2016-03-25,CHA @ DET,L,30,9,18,0.5,6,9,0.667,5,5,1.0,0,2,2,5,0,0,0,1,29,-17,38.9,1,2015-16
22015,203087,Jeremy Lamb,1610612766,CHA,Charlotte Hornets,0021501074,2016-03-25,CHA @ DET,L,22,3,6,0.5,2,3,0.667,3,6,0.5,0,5,5,1,3,0,0,3,11,5,27.5,1,2015-16
22015,203469,Cody Zeller,1610612766,CHA,Charlotte Hornets,0021501074,2016-03-25,CHA @ DET,L,21,4,5,0.8,0,0,,0,0,,3,3,6,0,0,1,0,3,8,-4,18.2,1,2015-16
22015,203118,Mike Scott,1610612737,ATL,Atlanta Hawks,0021501076,2016-03-25,ATL vs. MIL,W,13,2,9,0.222,1,5,0.2,0,0,,2,1,3,2,0,1,0,1,5,0,14.6,1,2015-16
22015,200826,J.J. Barea,1610612742,DAL,Dallas Mavericks,0021501080,2016-03-25,DAL @ GSW,L,32,8,16,0.5,5,8,0.625,0,0,,1,2,3,6,0,0,2,2,21,-14,31.6,1,2015-16
22015,202083,Wesley Matthews,1610612742,DAL,Dallas Mavericks,0021501080,2016-03-25,DAL @ GSW,L,33,8,16,0.5,6,11,0.545,4,4,1.0,0,3,3,3,0,0,0,3,26,-16,34.1,1,2015-16
22015,201571,D.J. Augustin,1610612743,DEN,Denver Nuggets,0021501081,2016-03-25,DEN @ LAL,W,27,6,9,0.667,5,7,0.714,3,6,0.5,0,3,3,8,1,0,1,2,20,18,37.6,1,2015-16
22015,201589,Darrell Arthur,1610612743,DEN,Denver Nuggets,0021501081,2016-03-25,DEN @ LAL,W,23,1,8,0.125,0,1,0.0,2,2,1.0,0,3,3,3,0,2,1,1,4,0,17.1,1,2015-16
22015,203115,Will Barton,1610612743,DEN,Denver Nuggets,0021501081,2016-03-25,DEN @ LAL,W,28,7,12,0.583,1,3,0.333,1,2,0.5,0,5,5,4,0,0,1,2,16,17,27.0,1,2015-16
22015,203960,JaKarr Sampson,1610612743,DEN,Denver Nuggets,0021501081,2016-03-25,DEN @ LAL,W,22,4,9,0.444,1,1,1.0,2,2,1.0,2,1,3,1,0,2,0,2,11,-10,22.1,1,2015-16
22015,203994,Jusuf Nurkić,1610612743,DEN,Denver Nuggets,0021501081,2016-03-25,DEN @ LAL,W,26,7,11,0.636,0,1,0.0,4,6,0.667,2,2,4,5,1,2,3,3,18,13,36.3,1,2015-16
22015,2730,Dwight Howard,1610612745,HOU,Houston Rockets,0021501077,2016-03-25,HOU vs. TOR,W,23,1,2,0.5,0,0,,0,5,0.0,2,3,5,1,0,2,2,6,2,1,13.5,1,2015-16
22015,977,Kobe Bryant,1610612747,LAL,Los Angeles Lakers,0021501081,2016-03-25,LAL vs. DEN,L,29,10,22,0.455,4,9,0.444,4,5,0.8,0,4,4,0,0,0,1,2,28,-6,31.8,1,2015-16
22015,1897,Metta World Peace,1610612747,LAL,Los Angeles Lakers,0021501081,2016-03-25,LAL vs. DEN,L,14,2,6,0.333,0,2,0.0,3,3,1.0,1,2,3,0,2,0,0,1,7,-2,16.6,1,2015-16
22015,101138,Brandon Bass,1610612747,LAL,Los Angeles Lakers,0021501081,2016-03-25,LAL vs. DEN,L,27,2,5,0.4,0,0,,6,6,1.0,2,2,4,3,0,1,3,2,10,0,19.3,1,2015-16
22015,101150,Lou Williams,1610612747,LAL,Los Angeles Lakers,0021501081,2016-03-25,LAL vs. DEN,L,30,4,8,0.5,2,3,0.667,4,6,0.667,1,0,1,3,2,0,1,0,14,8,24.7,1,2015-16
22015,101123,Gerald Green,1610612748,MIA,Miami Heat,0021501075,2016-03-25,MIA vs. ORL,W,2,1,2,0.5,1,1,1.0,0,0,,0,0,0,0,0,0,0,1,3,-4,3.0,1,2015-16
22015,202328,Greg Monroe,1610612749,MIL,Milwaukee Bucks,0021501076,2016-03-25,MIL @ ATL,L,24,2,7,0.286,0,0,,3,6,0.5,1,2,3,3,0,0,1,2,7,-6,14.1,1,2015-16
22015,202962,Greg Smith,1610612750,MIN,Minnesota Timberwolves,0021501073,2016-03-25,MIN @ WAS,W,15,2,3,0.667,0,0,,1,1,1.0,2,0,2,0,0,0,0,3,5,-11,7.4,1,2015-16
22015,203473,Dewayne Dedmon,1610612753,ORL,Orlando Magic,0021501075,2016-03-25,ORL @ MIA,L,18,3,7,0.429,0,0,,4,5,0.8,4,2,6,1,1,0,1,3,10,-3,20.7,1,2015-16
22015,203894,Shabazz Napier,1610612753,ORL,Orlando Magic,0021501075,2016-03-25,ORL @ MIA,L,2,1,1,1.0,0,0,,1,3,0.333,1,0,1,1,0,0,0,0,3,4,5.7,1,2015-16
22015,203901,Elfrid Payton,1610612753,ORL,Orlando Magic,0021501075,2016-03-25,ORL @ MIA,L,34,6,9,0.667,0,0,,2,4,0.5,4,3,7,7,0,0,4,2,14,-7,28.9,1,2015-16
22015,203932,Aaron Gordon,1610612753,ORL,Orlando Magic,0021501075,2016-03-25,ORL @ MIA,L,35,2,7,0.286,0,2,0.0,0,0,,2,4,6,2,0,0,1,2,4,-8,13.2,1,2015-16
22015,201978,Chase Budinger,1610612756,PHX,Phoenix Suns,0021501079,2016-03-25,PHX @ SAC,L,24,2,7,0.286,0,2,0.0,2,2,1.0,3,1,4,3,0,0,0,3,6,-8,15.3,1,2015-16
22015,203098,John Jenkins,1610612756,PHX,Phoenix Suns,0021501079,2016-03-25,PHX @ SAC,L,29,4,10,0.4,3,3,1.0,0,0,,3,5,8,2,0,0,3,0,11,-20,20.6,1,2015-16
22015,200752,Rudy Gay,1610612758,SAC,Sacramento Kings,0021501079,2016-03-25,SAC vs. PHX,W,28,5,10,0.5,2,3,0.667,3,6,0.5,0,5,5,3,2,0,1,0,15,22,30.5,1,2015-16
22015,203552,Seth Curry,1610612758,SAC,Sacramento Kings,0021501079,2016-03-25,SAC vs. PHX,W,26,4,10,0.4,2,5,0.4,2,2,1.0,2,2,4,1,0,1,1,1,12,10,20.3,1,2015-16
22015,2588,Matt Bonner,1610612759,SAS,San Antonio Spurs,0021501078,2016-03-25,SAS vs. MEM,W,2,0,1,0.0,0,1,0.0,0,0,,0,0,0,0,0,0,0,0,0,-7,0.0,1,2015-16
22015,203613,Jonathon Simmons,1610612759,SAS,San Antonio Spurs,0021501078,2016-03-25,SAS vs. MEM,W,20,3,7,0.429,1,2,0.5,1,2,0.5,1,2,3,1,0,0,0,1,8,-4,13.1,1,2015-16
22015,200768,Kyle Lowry,1610612761,TOR,Toronto Raptors,0021501077,2016-03-25,TOR @ HOU,L,42,4,19,0.211,3,10,0.3,4,9,0.444,0,2,2,8,1,1,0,4,15,-3,35.4,1,2015-16
22015,201949,James Johnson,1610612761,TOR,Toronto Raptors,0021501077,2016-03-25,TOR @ HOU,L,9,1,3,0.333,0,1,0.0,0,0,,0,1,1,2,1,0,0,1,2,-7,9.2,1,2015-16
22015,202335,Patrick Patterson,1610612761,TOR,Toronto Raptors,0021501077,2016-03-25,TOR @ HOU,L,20,5,7,0.714,0,2,0.0,1,1,1.0,1,2,3,1,0,0,0,1,11,-3,16.1,1,2015-16
22015,1626181,Norman Powell,1610612761,TOR,Toronto Raptors,0021501077,2016-03-25,TOR @ HOU,L,39,5,13,0.385,3,6,0.5,0,0,,0,4,4,2,1,1,3,3,13,5,23.8,1,2015-16
22015,200797,Ryan Hollins,1610612763,MEM,Memphis Grizzlies,0021501078,2016-03-25,MEM @ SAS,L,12,0,0,,0,0,,0,0,,1,0,1,0,1,0,0,4,0,-1,4.2,1,2015-16
22015,204098,Xavier Munford,1610612763,MEM,Memphis Grizzlies,0021501078,2016-03-25,MEM @ SAS,L,7,0,0,,0,0,,0,0,,0,3,3,2,0,0,0,0,0,-2,6.6,1,2015-16
22015,101162,Marcin Gortat,1610612764,WAS,Washington Wizards,0021501073,2016-03-25,WAS vs. MIN,L,43,8,11,0.727,0,0,,3,8,0.375,8,6,14,2,1,0,5,2,19,-2,36.8,1,2015-16
22015,201196,Ramon Sessions,1610612764,WAS,Washington Wizards,0021501073,2016-03-25,WAS vs. MIN,L,9,3,6,0.5,0,0,,0,0,,0,0,0,2,0,0,1,2,6,-4,8.0,1,2015-16
22015,202694,Marcus Morris Sr.,1610612765,DET,Detroit Pistons,0021501074,2016-03-25,DET vs. CHA,W,35,8,14,0.571,3,7,0.429,1,3,0.333,2,5,7,0,0,0,3,3,20,-3,25.4,1,2015-16
22015,203382,Aron Baynes,1610612765,DET,Detroit Pistons,0021501074,2016-03-25,DET vs. CHA,W,19,5,8,0.625,0,0,,6,7,0.857,3,5,8,0,0,0,2,5,16,-10,23.6,1,2015-16
22015,201584,Courtney Lee,1610612766,CHA,Charlotte Hornets,0021501074,2016-03-25,CHA @ DET,L,28,3,6,0.5,2,4,0.5,0,0,,0,1,1,1,1,0,1,1,8,-14,12.7,1,2015-16
22015,202391,Jeremy Lin,1610612766,CHA,Charlotte Hornets,0021501074,2016-03-25,CHA @ DET,L,23,2,11,0.182,0,3,0.0,0,0,,0,3,3,3,0,1,3,1,4,-20,12.1,1,2015-16
22015,203268,Jorge Gutierrez,1610612766,CHA,Charlotte Hornets,0021501074,2016-03-25,CHA @ DET,L,5,1,1,1.0,0,0,,1,2,0.5,0,0,0,2,2,0,0,1,3,16,12.0,1,2015-16
22015,203584,Troy Daniels,1610612766,CHA,Charlotte Hornets,0021501074,2016-03-25,CHA @ DET,L,9,1,5,0.2,1,3,0.333,1,1,1.0,0,1,1,0,0,0,0,1,4,19,5.2,1,2015-16
22015,2594,Kyle Korver,1610612737,ATL,Atlanta Hawks,0021501076,2016-03-25,ATL vs. MIL,W,31,2,6,0.333,0,4,0.0,0,0,,2,2,4,4,0,0,0,1,4,14,14.8,1,2015-16
22015,201952,Jeff Teague,1610612737,ATL,Atlanta Hawks,0021501076,2016-03-25,ATL vs. MIL,W,34,7,17,0.412,0,5,0.0,4,4,1.0,0,1,1,6,1,0,6,4,18,3,25.2,1,2015-16
22015,101111,Charlie Villanueva,1610612742,DAL,Dallas Mavericks,0021501080,2016-03-25,DAL @ GSW,L,24,6,13,0.462,4,8,0.5,0,0,,1,4,5,0,1,1,1,0,16,-1,27.0,1,2015-16
22015,101135,David Lee,1610612742,DAL,Dallas Mavericks,0021501080,2016-03-25,DAL @ GSW,L,24,4,8,0.5,0,0,,4,7,0.571,2,7,9,6,1,0,2,3,12,-17,32.8,1,2015-16
22015,201575,Brandon Rush,1610612744,GSW,Golden State Warriors,0021501080,2016-03-25,GSW vs. DAL,W,16,0,4,0.0,0,3,0.0,0,0,,1,2,3,1,0,1,0,0,0,1,8.1,1,2015-16
22015,201578,Marreese Speights,1610612744,GSW,Golden State Warriors,0021501080,2016-03-25,GSW vs. DAL,W,12,1,4,0.25,1,2,0.5,2,2,1.0,0,3,3,0,1,1,0,0,5,-3,14.6,1,2015-16
22015,201939,Stephen Curry,1610612744,GSW,Golden State Warriors,0021501080,2016-03-25,GSW vs. DAL,W,35,9,18,0.5,5,12,0.417,10,11,0.909,0,8,8,8,4,0,3,0,33,15,63.6,1,2015-16
22015,201579,Roy Hibbert,1610612747,LAL,Los Angeles Lakers,0021501081,2016-03-25,LAL vs. DEN,L,21,1,5,0.2,0,0,,3,4,0.75,2,3,5,1,0,0,0,4,5,-11,12.5,1,2015-16
22015,203903,Jordan Clarkson,1610612747,LAL,Los Angeles Lakers,0021501081,2016-03-25,LAL vs. DEN,L,35,8,16,0.5,4,7,0.571,0,0,,0,4,4,1,1,0,0,3,20,-17,29.3,1,2015-16
22015,2405,Amar'e Stoudemire,1610612748,MIA,Miami Heat,0021501075,2016-03-25,MIA vs. ORL,W,16,6,7,0.857,0,0,,1,3,0.333,2,3,5,0,1,0,0,3,13,5,22.0,1,2015-16
22015,201609,Goran Dragic,1610612748,MIA,Miami Heat,0021501075,2016-03-25,MIA vs. ORL,W,36,9,13,0.692,1,3,0.333,3,7,0.429,0,0,0,8,4,0,5,4,22,6,41.0,1,2015-16
22015,2419,Tayshaun Prince,1610612750,MIN,Minnesota Timberwolves,0021501073,2016-03-25,MIN @ WAS,W,14,2,3,0.667,0,1,0.0,0,0,,1,2,3,2,0,0,1,0,4,-3,9.6,1,2015-16
22015,201228,C.J. Watson,1610612753,ORL,Orlando Magic,0021501075,2016-03-25,ORL @ MIA,L,19,1,2,0.5,1,2,0.5,0,0,,1,0,1,1,0,0,0,3,3,-1,5.7,1,2015-16
22015,203095,Evan Fournier,1610612753,ORL,Orlando Magic,0021501075,2016-03-25,ORL @ MIA,L,36,6,17,0.353,1,3,0.333,7,8,0.875,2,5,7,2,0,0,2,3,20,-9,29.4,1,2015-16
22015,203141,Mirza Teletovic,1610612756,PHX,Phoenix Suns,0021501079,2016-03-25,PHX @ SAC,L,26,5,16,0.313,2,9,0.222,0,0,,2,5,7,0,0,0,1,3,12,-18,19.4,1,2015-16
22015,1626164,Devin Booker,1610612756,PHX,Phoenix Suns,0021501079,2016-03-25,PHX @ SAC,L,34,11,21,0.524,2,8,0.25,2,4,0.5,0,5,5,4,2,1,9,3,26,-16,38.0,1,2015-16
22015,201158,Marco Belinelli,1610612758,SAC,Sacramento Kings,0021501079,2016-03-25,SAC vs. PHX,W,10,0,3,0.0,0,1,0.0,0,0,,0,0,0,2,0,0,0,0,0,7,3.0,1,2015-16
22015,1889,Andre Miller,1610612759,SAS,San Antonio Spurs,0021501078,2016-03-25,SAS vs. MEM,W,16,2,4,0.5,0,1,0.0,0,0,,0,0,0,3,1,0,1,2,4,5,10.5,1,2015-16
22015,2225,Tony Parker,1610612759,SAS,San Antonio Spurs,0021501078,2016-03-25,SAS vs. MEM,W,33,5,11,0.455,0,1,0.0,4,4,1.0,0,3,3,5,1,1,5,1,14,11,26.1,1,2015-16
22015,2755,Kevin Martin,1610612759,SAS,San Antonio Spurs,0021501078,2016-03-25,SAS vs. MEM,W,34,4,13,0.308,3,8,0.375,2,2,1.0,0,3,3,2,0,0,2,3,13,11,17.6,1,2015-16
22015,202685,Jonas Valančiūnas,1610612761,TOR,Toronto Raptors,0021501077,2016-03-25,TOR @ HOU,L,30,6,15,0.4,0,0,,4,6,0.667,8,10,18,2,2,1,0,6,16,-6,49.6,1,2015-16
22015,202687,Bismack Biyombo,1610612761,TOR,Toronto Raptors,0021501077,2016-03-25,TOR @ HOU,L,18,2,3,0.667,0,0,,2,2,1.0,0,4,4,1,1,2,0,2,6,3,21.3,1,2015-16
22015,1713,Vince Carter,1610612763,MEM,Memphis Grizzlies,0021501078,2016-03-25,MEM @ SAS,L,13,4,6,0.667,0,2,0.0,2,2,1.0,0,1,1,1,0,0,2,1,10,-10,10.7,1,2015-16
22015,202693,Markieff Morris,1610612764,WAS,Washington Wizards,0021501073,2016-03-25,WAS vs. MIN,L,10,2,4,0.5,1,1,1.0,2,2,1.0,0,3,3,0,0,0,1,0,7,-2,9.6,1,2015-16
22015,203078,Bradley Beal,1610612764,WAS,Washington Wizards,0021501073,2016-03-25,WAS vs. MIN,L,46,9,18,0.5,4,7,0.571,4,4,1.0,0,4,4,5,1,0,2,2,26,-12,39.3,1,2015-16
22015,201229,Anthony Tolliver,1610612765,DET,Detroit Pistons,0021501074,2016-03-25,DET vs. CHA,W,20,4,9,0.444,3,7,0.429,0,0,,1,7,8,0,0,1,1,0,11,2,22.6,1,2015-16
22015,2744,Al Jefferson,1610612766,CHA,Charlotte Hornets,0021501074,2016-03-25,CHA @ DET,L,20,4,12,0.333,0,0,,0,0,,1,6,7,1,1,0,1,4,8,-22,19.9,1,2015-16
22015,203145,Kent Bazemore,1610612737,ATL,Atlanta Hawks,0021501076,2016-03-25,ATL vs. MIL,W,23,4,9,0.444,0,1,0.0,1,2,0.5,1,3,4,1,1,0,1,1,9,-2,17.3,1,2015-16
22015,203999,Nikola Jokić,1610612743,DEN,Denver Nuggets,0021501081,2016-03-25,DEN @ LAL,W,22,4,9,0.444,0,2,0.0,0,0,,2,10,12,4,0,0,1,3,8,-2,27.4,1,2015-16
22015,202691,Klay Thompson,1610612744,GSW,Golden State Warriors,0021501080,2016-03-25,GSW vs. DAL,W,35,13,25,0.52,9,16,0.563,5,6,0.833,1,4,5,1,1,1,1,1,40,12,52.5,1,2015-16
22015,203546,Ian Clark,1610612744,GSW,Golden State Warriors,0021501080,2016-03-25,GSW vs. DAL,W,2,1,2,0.5,1,2,0.5,0,0,,0,0,0,0,0,0,0,1,3,3,3.0,1,2015-16
22015,203949,James Michael McAdoo,1610612744,GSW,Golden State Warriors,0021501080,2016-03-25,GSW vs. DAL,W,1,0,0,,0,0,,0,0,,0,0,0,0,0,0,0,1,0,2,0.0,1,2015-16
22015,2772,Trevor Ariza,1610612745,HOU,Houston Rockets,0021501077,2016-03-25,HOU vs. TOR,W,37,1,8,0.125,1,4,0.25,3,3,1.0,1,3,4,1,1,1,3,1,6,-1,15.3,1,2015-16
22015,201147,Corey Brewer,1610612745,HOU,Houston Rockets,0021501077,2016-03-25,HOU vs. TOR,W,20,4,5,0.8,1,1,1.0,1,3,0.333,0,2,2,1,0,2,0,1,10,7,19.9,1,2015-16
22015,201563,Michael Beasley,1610612745,HOU,Houston Rockets,0021501077,2016-03-25,HOU vs. TOR,W,28,9,12,0.75,0,0,,3,6,0.5,0,5,5,0,1,2,1,4,21,-5,35.0,1,2015-16
22015,201935,James Harden,1610612745,HOU,Houston Rockets,0021501077,2016-03-25,HOU vs. TOR,W,42,11,22,0.5,3,7,0.429,7,10,0.7,0,10,10,13,1,1,7,3,32,2,62.5,1,2015-16
22015,1626204,Larry Nance Jr.,1610612747,LAL,Los Angeles Lakers,0021501081,2016-03-25,LAL vs. DEN,L,20,2,6,0.333,0,1,0.0,0,0,,1,2,3,0,1,1,0,3,4,-16,13.6,1,2015-16
22015,1626273,Marcelo Huertas,1610612747,LAL,Los Angeles Lakers,0021501081,2016-03-25,LAL vs. DEN,L,19,1,3,0.333,0,1,0.0,0,0,,0,0,0,5,0,0,1,1,2,-3,8.5,1,2015-16
22015,2207,Joe Johnson,1610612748,MIA,Miami Heat,0021501075,2016-03-25,MIA vs. ORL,W,26,2,6,0.333,0,1,0.0,0,0,,0,1,1,1,0,0,1,1,4,8,5.7,1,2015-16
22015,2617,Udonis Haslem,1610612748,MIA,Miami Heat,0021501075,2016-03-25,MIA vs. ORL,W,1,0,0,,0,0,,0,0,,0,0,0,0,0,0,0,0,0,0,0.0,1,2015-16
22015,1626196,Josh Richardson,1610612748,MIA,Miami Heat,0021501075,2016-03-25,MIA vs. ORL,W,33,5,9,0.556,3,5,0.6,1,1,1.0,0,2,2,2,0,0,1,3,14,14,18.4,1,2015-16
22015,203507,Giannis Antetokounmpo,1610612749,MIL,Milwaukee Bucks,0021501076,2016-03-25,MIL @ ATL,L,40,5,14,0.357,0,1,0.0,1,2,0.5,0,7,7,4,1,3,2,3,11,-2,35.4,1,2015-16
22015,203953,Jabari Parker,1610612749,MIL,Milwaukee Bucks,0021501076,2016-03-25,MIL @ ATL,L,37,8,18,0.444,0,1,0.0,3,6,0.5,2,6,8,1,0,0,4,2,19,-21,26.1,1,2015-16
22015,201937,Ricky Rubio,1610612750,MIN,Minnesota Timberwolves,0021501073,2016-03-25,MIN @ WAS,W,44,4,12,0.333,1,5,0.2,4,4,1.0,0,5,5,7,2,0,3,5,13,10,32.5,1,2015-16
22015,203897,Zach LaVine,1610612750,MIN,Minnesota Timberwolves,0021501073,2016-03-25,MIN @ WAS,W,45,10,17,0.588,5,9,0.556,0,0,,0,0,0,4,2,0,1,1,25,8,36.0,1,2015-16
22015,203952,Andrew Wiggins,1610612750,MIN,Minnesota Timberwolves,0021501073,2016-03-25,MIN @ WAS,W,43,4,14,0.286,0,4,0.0,8,8,1.0,2,5,7,3,1,0,2,1,16,13,29.9,1,2015-16
22015,1626157,Karl-Anthony Towns,1610612750,MIN,Minnesota Timberwolves,0021501073,2016-03-25,MIN @ WAS,W,48,12,21,0.571,1,2,0.5,2,2,1.0,1,9,10,5,1,0,4,3,27,3,45.5,1,2015-16
22015,201160,Jason Smith,1610612753,ORL,Orlando Magic,0021501075,2016-03-25,ORL @ MIA,L,11,3,10,0.3,0,0,,2,2,1.0,0,2,2,0,1,1,0,2,8,-9,16.4,1,2015-16
22015,201943,Brandon Jennings,1610612753,ORL,Orlando Magic,0021501075,2016-03-25,ORL @ MIA,L,17,2,7,0.286,2,4,0.5,2,5,0.4,0,3,3,3,1,0,2,0,8,-8,17.1,1,2015-16
22015,203458,Alex Len,1610612756,PHX,Phoenix Suns,0021501079,2016-03-25,PHX @ SAC,L,25,4,13,0.308,0,0,,6,8,0.75,3,4,7,2,0,1,2,4,14,-3,26.4,1,2015-16
22015,203462,Archie Goodwin,1610612756,PHX,Phoenix Suns,0021501079,2016-03-25,PHX @ SAC,L,23,0,7,0.0,0,4,0.0,1,3,0.333,1,5,6,3,0,0,4,2,1,-4,8.7,1,2015-16
22015,1626210,Alan Williams,1610612756,PHX,Phoenix Suns,0021501079,2016-03-25,PHX @ SAC,L,11,2,3,0.667,0,0,,2,4,0.5,2,3,5,0,1,0,1,4,6,-12,14.0,1,2015-16
22015,200765,Rajon Rondo,1610612758,SAC,Sacramento Kings,0021501079,2016-03-25,SAC vs. PHX,W,30,1,2,0.5,0,0,,0,0,,1,4,5,12,2,1,1,4,2,18,34.0,1,2015-16
22015,202326,DeMarcus Cousins,1610612758,SAC,Sacramento Kings,0021501079,2016-03-25,SAC vs. PHX,W,28,9,18,0.5,1,3,0.333,10,14,0.714,2,9,11,1,0,1,1,3,29,16,45.7,1,2015-16
22015,1938,Manu Ginobili,1610612759,SAS,San Antonio Spurs,0021501078,2016-03-25,SAS vs. MEM,W,24,5,7,0.714,3,4,0.75,0,0,,0,0,0,5,1,0,3,0,13,3,20.5,1,2015-16
22015,1626246,Boban Marjanovic,1610612759,SAS,San Antonio Spurs,0021501078,2016-03-25,SAS vs. MEM,W,2,0,0,,0,0,,0,0,,0,0,0,0,0,0,0,0,0,-7,0.0,1,2015-16
22015,2754,Tony Allen,1610612763,MEM,Memphis Grizzlies,0021501078,2016-03-25,MEM @ SAS,L,24,3,6,0.5,1,1,1.0,2,4,0.5,1,1,2,1,1,1,0,0,9,-5,18.9,1,2015-16
22015,201162,Jared Dudley,1610612764,WAS,Washington Wizards,0021501073,2016-03-25,WAS vs. MIN,L,31,4,8,0.5,2,5,0.4,0,0,,0,3,3,6,0,0,0,2,10,9,22.6,1,2015-16
22015,202704,Reggie Jackson,1610612765,DET,Detroit Pistons,0021501074,2016-03-25,DET vs. CHA,W,29,6,19,0.316,0,5,0.0,5,5,1.0,1,5,6,7,0,0,4,4,17,1,30.7,1,2015-16
22015,1626169,Stanley Johnson,1610612765,DET,Detroit Pistons,0021501074,2016-03-25,DET vs. CHA,W,22,1,4,0.25,0,1,0.0,0,0,,0,4,4,1,0,0,0,4,2,16,8.3,1,2015-16
22015,201946,Tyler Hansbrough,1610612766,CHA,Charlotte Hornets,0021501074,2016-03-25,CHA @ DET,L,8,1,2,0.5,0,0,,3,4,0.75,2,1,3,0,0,0,0,3,5,19,8.6,1,2015-16
22015,1626163,Frank Kaminsky,1610612766,CHA,Charlotte Hornets,0021501074,2016-03-25,CHA @ DET,L,17,1,3,0.333,1,2,0.5,0,0,,0,1,1,0,0,0,0,2,3,-21,4.2,1,2015-16
22015,203530,Joffrey Lauvergne,1610612743,DEN,Denver Nuggets,0021501081,2016-03-25,DEN @ LAL,W,25,4,10,0.4,0,2,0.0,1,1,1.0,4,6,10,0,0,0,0,3,9,11,21.0,1,2015-16
22015,2760,Anderson Varejao,1610612744,GSW,Golden State Warriors,0021501080,2016-03-25,GSW vs. DAL,W,10,0,0,,0,0,,2,2,1.0,0,2,2,1,0,2,0,1,2,-5,11.9,1,2015-16
22015,203110,Draymond Green,1610612744,GSW,Golden State Warriors,0021501080,2016-03-25,GSW vs. DAL,W,35,7,11,0.636,3,5,0.6,2,2,1.0,0,7,7,10,2,2,1,1,19,15,53.4,1,2015-16
22015,203099,Jared Cunningham,1610612749,MIL,Milwaukee Bucks,0021501076,2016-03-25,MIL @ ATL,L,15,1,4,0.25,1,2,0.5,0,0,,0,4,4,0,0,0,0,1,3,-6,7.8,1,2015-16
22015,203114,Khris Middleton,1610612749,MIL,Milwaukee Bucks,0021501076,2016-03-25,MIL @ ATL,L,36,4,14,0.286,0,4,0.0,2,2,1.0,0,4,4,2,1,1,2,0,10,-4,21.8,1,2015-16
22015,203898,Tyler Ennis,1610612749,MIL,Milwaukee Bucks,0021501076,2016-03-25,MIL @ ATL,L,13,3,7,0.429,0,1,0.0,1,2,0.5,2,0,2,2,0,0,1,4,7,-6,11.4,1,2015-16
22015,202357,Nemanja Bjelica,1610612750,MIN,Minnesota Timberwolves,0021501073,2016-03-25,MIN @ WAS,W,13,4,5,0.8,0,1,0.0,2,2,1.0,0,3,3,0,1,0,0,1,10,-4,16.6,1,2015-16
22015,1626209,Mario Hezonja,1610612753,ORL,Orlando Magic,0021501075,2016-03-25,ORL @ MIA,L,37,4,11,0.364,0,2,0.0,0,0,,0,3,3,1,2,0,2,3,8,-11,17.1,1,2015-16
22015,2561,David West,1610612759,SAS,San Antonio Spurs,0021501078,2016-03-25,SAS vs. MEM,W,21,4,5,0.8,0,0,,0,0,,0,5,5,1,0,0,1,3,8,1,14.5,1,2015-16
22015,200746,LaMarcus Aldridge,1610612759,SAS,San Antonio Spurs,0021501078,2016-03-25,SAS vs. MEM,W,33,12,16,0.75,0,0,,8,9,0.889,5,7,12,1,2,3,1,1,32,17,61.9,1,2015-16
22015,2449,Luis Scola,1610612761,TOR,Toronto Raptors,0021501077,2016-03-25,TOR @ HOU,L,23,6,11,0.545,4,6,0.667,0,0,,3,2,5,1,1,0,2,2,16,1,24.5,1,2015-16
22015,2403,Nene,1610612764,WAS,Washington Wizards,0021501073,2016-03-25,WAS vs. MIN,L,32,8,12,0.667,0,1,0.0,3,4,0.75,0,3,3,4,1,1,1,4,19,-9,33.6,1,2015-16
22015,202066,Garrett Temple,1610612764,WAS,Washington Wizards,0021501073,2016-03-25,WAS vs. MIN,L,11,1,3,0.333,1,3,0.333,0,0,,0,1,1,0,0,0,0,2,3,-8,4.2,1,2015-16
22015,203490,Otto Porter Jr.,1610612764,WAS,Washington Wizards,0021501073,2016-03-25,WAS vs. MIN,L,45,6,13,0.462,2,3,0.667,0,0,,4,9,13,1,0,1,0,5,14,-1,34.1,1,2015-16
22015,203484,Kentavious Caldwell-Pope,1610612765,DET,Detroit Pistons,0021501074,2016-03-25,DET vs. CHA,W,37,8,13,0.615,2,4,0.5,3,4,0.75,2,5,7,4,2,0,2,1,21,9,39.4,1,2015-16
22015,101107,Marvin Williams,1610612766,CHA,Charlotte Hornets,0021501074,2016-03-25,CHA @ DET,L,22,2,6,0.333,0,2,0.0,3,3,1.0,0,2,2,2,0,0,0,0,7,-5,12.4,1,2015-16
22015,200794,Paul Millsap,1610612737,ATL,Atlanta Hawks,0021501085,2016-03-26,ATL @ DET,W,29,8,13,0.615,3,4,0.75,4,5,0.8,0,9,9,5,4,4,0,3,23,8,65.3,1,2015-16
22015,202323,Evan Turner,1610612738,BOS,Boston Celtics,0021501090,2016-03-26,BOS @ PHX,W,35,6,14,0.429,0,1,0.0,5,6,0.833,2,9,11,3,0,1,3,3,17,1,34.7,1,2015-16
22015,202738,Isaiah Thomas,1610612738,BOS,Boston Celtics,0021501090,2016-03-26,BOS @ PHX,W,33,8,20,0.4,2,7,0.286,10,11,0.909,3,3,6,3,0,0,4,2,28,5,35.7,1,2015-16
22015,203096,Jared Sullinger,1610612738,BOS,Boston Celtics,0021501090,2016-03-26,BOS @ PHX,W,22,2,8,0.25,0,0,,0,0,,2,3,5,1,3,0,5,1,4,0,15.5,1,2015-16
22015,2590,Mo Williams,1610612739,CLE,Cleveland Cavaliers,0021501086,2016-03-26,CLE @ NYK,W,13,3,6,0.5,2,2,1.0,0,0,,1,1,2,2,1,0,0,1,8,13,16.4,1,2015-16
22015,101112,Channing Frye,1610612739,CLE,Cleveland Cavaliers,0021501086,2016-03-26,CLE @ NYK,W,14,3,7,0.429,0,3,0.0,0,0,,2,2,4,1,1,0,1,3,6,1,14.3,1,2015-16
22015,201619,Sasha Kaun,1610612739,CLE,Cleveland Cavaliers,0021501086,2016-03-26,CLE @ NYK,W,1,0,0,,0,0,,0,0,,0,0,0,0,0,0,0,0,0,0,0.0,1,2015-16
22015,202703,Nikola Mirotic,1610612741,CHI,Chicago Bulls,0021501083,2016-03-26,CHI @ ORL,L,20,1,7,0.143,1,7,0.143,1,2,0.5,0,4,4,0,0,0,1,0,4,-21,7.8,1,2015-16
22015,202710,Jimmy Butler III,1610612741,CHI,Chicago Bulls,0021501083,2016-03-26,CHI @ ORL,L,30,5,10,0.5,0,1,0.0,2,4,0.5,0,5,5,1,2,1,1,2,12,-7,27.5,1,2015-16
22015,1626171,Bobby Portis,1610612741,CHI,Chicago Bulls,0021501083,2016-03-26,CHI @ ORL,L,19,1,8,0.125,0,1,0.0,2,2,1.0,3,4,7,0,0,0,0,2,4,-16,12.4,1,2015-16
22015,203898,Tyler Ennis,1610612749,MIL,Milwaukee Bucks,0021501089,2016-03-26,MIL vs. CHA,L,28,4,10,0.4,1,4,0.25,0,0,,0,4,4,12,1,0,2,0,9,-2,32.8,1,2015-16
22015,201937,Ricky Rubio,1610612750,MIN,Minnesota Timberwolves,0021501087,2016-03-26,MIN vs. UTA,L,31,9,12,0.75,2,2,1.0,3,4,0.75,1,4,5,6,4,1,4,2,23,7,49.0,1,2015-16
22015,203952,Andrew Wiggins,1610612750,MIN,Minnesota Timberwolves,0021501087,2016-03-26,MIN vs. UTA,L,33,4,12,0.333,0,1,0.0,5,7,0.714,1,3,4,2,0,0,1,2,13,1,19.8,1,2015-16
22015,203499,Shane Larkin,1610612751,BKN,Brooklyn Nets,0021501082,2016-03-26,BKN vs. IND,W,27,4,6,0.667,0,1,0.0,6,6,1.0,0,1,1,5,3,0,3,3,14,5,28.7,1,2015-16
22015,203508,Sergey Karasev,1610612751,BKN,Brooklyn Nets,0021501082,2016-03-26,BKN vs. IND,W,26,5,7,0.714,1,3,0.333,6,7,0.857,2,5,7,4,2,0,3,2,17,13,34.4,1,2015-16
22015,202682,Derrick Williams,1610612752,NYK,New York Knicks,0021501086,2016-03-26,NYK vs. CLE,L,24,2,7,0.286,0,1,0.0,7,9,0.778,1,7,8,2,1,0,1,2,11,-5,25.6,1,2015-16
22015,201228,C.J. Watson,1610612753,ORL,Orlando Magic,0021501083,2016-03-26,ORL vs. CHI,W,28,2,5,0.4,1,2,0.5,1,2,0.5,0,5,5,3,0,0,1,1,6,19,15.5,1,2015-16
22015,203906,Devyn Marble,1610612753,ORL,Orlando Magic,0021501083,2016-03-26,ORL vs. CHI,W,22,3,6,0.5,1,2,0.5,1,1,1.0,1,6,7,0,0,0,0,1,8,14,16.4,1,2015-16
22015,101139,CJ Miles,1610612754,IND,Indiana Pacers,0021501082,2016-03-26,IND @ BKN,L,14,4,8,0.5,3,5,0.6,1,1,1.0,0,1,1,1,2,1,3,4,12,0,20.7,1,2015-16
22015,201941,Jordan Hill,1610612754,IND,Indiana Pacers,0021501082,2016-03-26,IND @ BKN,L,21,5,7,0.714,0,0,,2,2,1.0,4,2,6,3,2,1,2,1,12,2,30.7,1,2015-16
22015,1882,Elton Brand,1610612755,PHI,Philadelphia 76ers,0021501091,2016-03-26,PHI @ POR,L,8,1,1,1.0,0,0,,0,0,,0,2,2,0,1,0,0,3,2,2,7.4,1,2015-16
22015,203088,Kendall Marshall,1610612755,PHI,Philadelphia 76ers,0021501091,2016-03-26,PHI @ POR,L,9,0,2,0.0,0,2,0.0,0,0,,0,0,0,2,0,0,1,0,0,4,2.0,1,2015-16
22015,202688,Brandon Knight,1610612756,PHX,Phoenix Suns,0021501090,2016-03-26,PHX vs. BOS,L,39,5,16,0.313,2,12,0.167,7,7,1.0,0,1,1,3,1,0,1,3,19,2,26.7,1,2015-16
22015,203090,Maurice Harkless,1610612757,POR,Portland Trail Blazers,0021501091,2016-03-26,POR vs. PHI,W,30,5,9,0.556,1,3,0.333,5,7,0.714,2,6,8,1,1,1,1,1,16,3,32.1,1,2015-16
22015,202683,Enes Freedom,1610612760,OKC,Oklahoma City Thunder,0021501088,2016-03-26,OKC vs. SAS,W,21,7,12,0.583,0,0,,6,7,0.857,6,4,10,0,1,1,2,2,20,-11,36.0,1,2015-16
22015,202687,Bismack Biyombo,1610612761,TOR,Toronto Raptors,0021501084,2016-03-26,TOR @ NOP,W,19,1,1,1.0,0,0,,5,6,0.833,1,4,5,0,0,2,1,3,7,-6,18.0,1,2015-16
22015,202324,Derrick Favors,1610612762,UTA,Utah Jazz,0021501087,2016-03-26,UTA @ MIN,W,34,8,15,0.533,0,0,,3,3,1.0,3,2,5,2,0,2,0,2,19,11,34.0,1,2015-16
22015,202330,Gordon Hayward,1610612762,UTA,Utah Jazz,0021501087,2016-03-26,UTA @ MIN,W,39,7,15,0.467,2,3,0.667,2,2,1.0,0,5,5,5,0,2,2,4,18,8,35.5,1,2015-16
22015,203497,Rudy Gobert,1610612762,UTA,Utah Jazz,0021501087,2016-03-26,UTA @ MIN,W,31,2,3,0.667,0,0,,1,2,0.5,2,9,11,0,0,5,3,2,5,-7,30.2,1,2015-16
22015,202699,Tobias Harris,1610612765,DET,Detroit Pistons,0021501085,2016-03-26,DET vs. ATL,L,34,10,20,0.5,1,3,0.333,0,0,,2,8,10,5,0,1,2,3,21,-9,41.5,1,2015-16
22015,203484,Kentavious Caldwell-Pope,1610612765,DET,Detroit Pistons,0021501085,2016-03-26,DET vs. ATL,L,32,3,13,0.231,2,7,0.286,1,2,0.5,0,1,1,1,1,0,1,3,9,-11,13.7,1,2015-16
22015,2744,Al Jefferson,1610612766,CHA,Charlotte Hornets,0021501089,2016-03-26,CHA @ MIL,W,22,4,8,0.5,0,0,,7,10,0.7,1,5,6,1,0,0,0,1,15,8,23.7,1,2015-16
22015,202689,Kemba Walker,1610612766,CHA,Charlotte Hornets,0021501089,2016-03-26,CHA @ MIL,W,30,5,11,0.455,3,6,0.5,5,5,1.0,0,0,0,6,0,0,2,0,18,28,25.0,1,2015-16
22015,203469,Cody Zeller,1610612766,CHA,Charlotte Hornets,0021501089,2016-03-26,CHA @ MIL,W,20,2,4,0.5,0,0,,0,0,,1,2,3,1,0,2,0,3,4,14,15.1,1,2015-16
22015,203584,Troy Daniels,1610612766,CHA,Charlotte Hornets,0021501089,2016-03-26,CHA @ MIL,W,3,3,3,1.0,1,1,1.0,0,0,,0,0,0,0,0,0,0,0,7,-1,7.0,1,2015-16
22015,1626163,Frank Kaminsky,1610612766,CHA,Charlotte Hornets,0021501089,2016-03-26,CHA @ MIL,W,17,2,3,0.667,0,0,,0,0,,0,1,1,1,0,0,0,0,4,-12,6.7,1,2015-16
22015,203471,Dennis Schröder,1610612737,ATL,Atlanta Hawks,0021501085,2016-03-26,ATL @ DET,W,24,5,14,0.357,1,3,0.333,0,0,,0,3,3,7,0,0,3,3,11,7,22.1,1,2015-16
22015,2544,LeBron James,1610612739,CLE,Cleveland Cavaliers,0021501086,2016-03-26,CLE @ NYK,W,36,10,21,0.476,2,3,0.667,5,6,0.833,3,8,11,11,1,2,2,4,27,20,63.7,1,2015-16
22015,202684,Tristan Thompson,1610612739,CLE,Cleveland Cavaliers,0021501086,2016-03-26,CLE @ NYK,W,22,0,0,,0,0,,6,8,0.75,2,5,7,0,0,1,0,4,6,5,17.4,1,2015-16
22015,203895,Jordan McRae,1610612739,CLE,Cleveland Cavaliers,0021501086,2016-03-26,CLE @ NYK,W,1,0,1,0.0,0,0,,0,0,,0,0,0,0,0,0,0,0,0,0,0.0,1,2015-16
22015,201582,Alexis Ajinca,1610612740,NOP,New Orleans Pelicans,0021501084,2016-03-26,NOP vs. TOR,L,21,3,10,0.3,0,0,,3,3,1.0,1,3,4,1,1,1,1,2,9,-11,20.3,1,2015-16
22015,201962,Toney Douglas,1610612740,NOP,New Orleans Pelicans,0021501084,2016-03-26,NOP vs. TOR,L,22,4,14,0.286,2,5,0.4,1,1,1.0,0,1,1,2,1,0,1,3,11,-21,17.2,1,2015-16
22015,202337,Luke Babbitt,1610612740,NOP,New Orleans Pelicans,0021501084,2016-03-26,NOP vs. TOR,L,28,6,11,0.545,2,4,0.5,0,0,,0,4,4,5,0,0,0,3,14,-4,26.3,1,2015-16
22015,202706,Jordan Hamilton,1610612740,NOP,New Orleans Pelicans,0021501084,2016-03-26,NOP vs. TOR,L,24,5,10,0.5,0,0,,1,2,0.5,1,3,4,3,0,0,0,2,11,1,20.3,1,2015-16
22015,203926,Doug McDermott,1610612741,CHI,Chicago Bulls,0021501083,2016-03-26,CHI @ ORL,L,21,5,10,0.5,2,2,1.0,0,0,,2,1,3,0,0,0,1,0,12,-12,14.6,1,2015-16
22015,1626245,Cristiano Felicio,1610612741,CHI,Chicago Bulls,0021501083,2016-03-26,CHI @ ORL,L,9,1,2,0.5,0,0,,0,0,,0,7,7,0,0,0,1,1,2,5,9.4,1,2015-16
22015,202328,Greg Monroe,1610612749,MIL,Milwaukee Bucks,0021501089,2016-03-26,MIL vs. CHA,L,23,3,7,0.429,0,0,,6,8,0.75,2,4,6,1,0,0,0,2,12,-31,20.7,1,2015-16
22015,202357,Nemanja Bjelica,1610612750,MIN,Minnesota Timberwolves,0021501087,2016-03-26,MIN vs. UTA,L,14,1,5,0.2,1,2,0.5,0,0,,1,2,3,1,0,0,0,1,3,-16,8.1,1,2015-16
22015,203476,Gorgui Dieng,1610612750,MIN,Minnesota Timberwolves,0021501087,2016-03-26,MIN vs. UTA,L,30,2,6,0.333,0,0,,0,0,,1,2,3,2,1,1,1,2,4,9,15.6,1,2015-16
22015,203897,Zach LaVine,1610612750,MIN,Minnesota Timberwolves,0021501087,2016-03-26,MIN vs. UTA,L,35,3,11,0.273,1,2,0.5,2,2,1.0,0,0,0,2,0,0,0,1,9,1,12.0,1,2015-16
22015,1626178,Rondae Hollis-Jefferson,1610612751,BKN,Brooklyn Nets,0021501082,2016-03-26,BKN vs. IND,W,16,2,3,0.667,0,0,,2,2,1.0,1,2,3,1,1,0,1,2,6,-15,13.1,1,2015-16
22015,2756,Sasha Vujacic,1610612752,NYK,New York Knicks,0021501086,2016-03-26,NYK vs. CLE,L,21,4,6,0.667,1,2,0.5,0,0,,1,4,5,1,0,0,1,1,9,-7,15.5,1,2015-16
22015,202338,Kevin Seraphin,1610612752,NYK,New York Knicks,0021501086,2016-03-26,NYK vs. CLE,L,7,0,1,0.0,0,0,,0,0,,0,0,0,1,0,0,0,1,0,-11,1.5,1,2015-16
22015,204038,Langston Galloway,1610612752,NYK,New York Knicks,0021501086,2016-03-26,NYK vs. CLE,L,19,2,5,0.4,1,3,0.333,0,0,,0,1,1,4,0,0,1,3,5,4,11.2,1,2015-16
22015,1626170,Jerian Grant,1610612752,NYK,New York Knicks,0021501086,2016-03-26,NYK vs. CLE,L,8,0,2,0.0,0,1,0.0,2,2,1.0,0,0,0,0,0,0,1,0,2,-16,1.0,1,2015-16
22015,203473,Dewayne Dedmon,1610612753,ORL,Orlando Magic,0021501083,2016-03-26,ORL vs. CHI,W,22,9,14,0.643,0,0,,0,0,,4,9,13,2,0,0,2,4,18,1,34.6,1,2015-16
22015,203901,Elfrid Payton,1610612753,ORL,Orlando Magic,0021501083,2016-03-26,ORL vs. CHI,W,30,7,9,0.778,0,0,,1,1,1.0,1,2,3,10,0,2,3,1,15,16,36.6,1,2015-16
22015,203932,Aaron Gordon,1610612753,ORL,Orlando Magic,0021501083,2016-03-26,ORL vs. CHI,W,27,4,9,0.444,1,3,0.333,0,0,,2,3,5,6,2,1,1,4,9,14,32.0,1,2015-16
22015,101145,Monta Ellis,1610612754,IND,Indiana Pacers,0021501082,2016-03-26,IND @ BKN,L,32,1,4,0.25,1,3,0.333,0,0,,0,0,0,6,0,0,3,4,3,-8,9.0,1,2015-16
22015,203496,Robert Covington,1610612755,PHI,Philadelphia 76ers,0021501091,2016-03-26,PHI @ POR,L,30,6,17,0.353,1,9,0.111,4,5,0.8,1,10,11,0,2,0,3,2,17,6,33.2,1,2015-16
22015,203141,Mirza Teletovic,1610612756,PHX,Phoenix Suns,0021501090,2016-03-26,PHX vs. BOS,L,32,7,17,0.412,1,7,0.143,2,4,0.5,1,8,9,2,2,0,2,5,17,4,34.8,1,2015-16
22015,203458,Alex Len,1610612756,PHX,Phoenix Suns,0021501090,2016-03-26,PHX vs. BOS,L,28,5,8,0.625,0,0,,0,1,0.0,3,5,8,1,0,0,5,4,10,8,16.1,1,2015-16
22015,203081,Damian Lillard,1610612757,POR,Portland Trail Blazers,0021501091,2016-03-26,POR vs. PHI,W,36,6,20,0.3,2,6,0.333,2,2,1.0,0,5,5,7,0,0,2,2,16,-6,30.5,1,2015-16
22015,2564,Boris Diaw,1610612759,SAS,San Antonio Spurs,0021501088,2016-03-26,SAS @ OKC,L,27,4,6,0.667,0,2,0.0,2,2,1.0,1,3,4,1,0,0,1,2,10,-23,15.3,1,2015-16
22015,201980,Danny Green,1610612759,SAS,San Antonio Spurs,0021501088,2016-03-26,SAS @ OKC,L,22,1,6,0.167,0,4,0.0,0,0,,1,1,2,2,1,0,0,2,2,-23,10.4,1,2015-16
22015,202335,Patrick Patterson,1610612761,TOR,Toronto Raptors,0021501084,2016-03-26,TOR @ NOP,W,20,5,7,0.714,3,3,1.0,3,3,1.0,1,4,5,3,0,0,1,2,16,10,25.5,1,2015-16
22015,202709,Cory Joseph,1610612761,TOR,Toronto Raptors,0021501084,2016-03-26,TOR @ NOP,W,26,2,5,0.4,1,1,1.0,1,1,1.0,0,2,2,2,1,0,0,1,6,-3,14.4,1,2015-16
22015,203512,Lucas Nogueira,1610612761,TOR,Toronto Raptors,0021501084,2016-03-26,TOR @ NOP,W,3,0,0,,0,0,,2,2,1.0,0,0,0,0,0,0,0,0,2,3,2.0,1,2015-16
22015,1626153,Delon Wright,1610612761,TOR,Toronto Raptors,0021501084,2016-03-26,TOR @ NOP,W,3,0,1,0.0,0,0,,0,0,,1,0,1,1,0,0,1,0,0,2,1.7,1,2015-16
22015,202344,Trevor Booker,1610612762,UTA,Utah Jazz,0021501087,2016-03-26,UTA @ MIN,W,11,0,3,0.0,0,0,,0,0,,0,3,3,2,0,0,0,1,0,1,6.6,1,2015-16
22015,202694,Marcus Morris Sr.,1610612765,DET,Detroit Pistons,0021501085,2016-03-26,DET vs. ATL,L,39,3,12,0.25,2,6,0.333,5,6,0.833,0,5,5,5,0,1,3,0,13,-19,26.5,1,2015-16
22015,202704,Reggie Jackson,1610612765,DET,Detroit Pistons,0021501085,2016-03-26,DET vs. ATL,L,30,4,12,0.333,2,4,0.5,1,1,1.0,0,1,1,5,0,0,0,4,11,-18,19.7,1,2015-16
22015,203488,Mike Muscala,1610612737,ATL,Atlanta Hawks,0021501085,2016-03-26,ATL @ DET,W,2,0,0,,0,0,,0,0,,0,1,1,0,0,0,0,0,0,0,1.2,1,2015-16
22015,203501,Tim Hardaway Jr.,1610612737,ATL,Atlanta Hawks,0021501085,2016-03-26,ATL @ DET,W,23,1,8,0.125,0,3,0.0,1,1,1.0,0,0,0,1,0,0,0,2,3,5,4.5,1,2015-16
22015,101161,Amir Johnson,1610612738,BOS,Boston Celtics,0021501090,2016-03-26,BOS @ PHX,W,25,1,1,1.0,0,0,,0,0,,2,4,6,1,1,1,2,4,2,-15,14.7,1,2015-16
22015,201567,Kevin Love,1610612739,CLE,Cleveland Cavaliers,0021501086,2016-03-26,CLE @ NYK,W,34,10,19,0.526,4,9,0.444,4,6,0.667,3,9,12,2,0,0,0,1,28,13,45.4,1,2015-16
22015,201600,Omer Asik,1610612740,NOP,New Orleans Pelicans,0021501084,2016-03-26,NOP vs. TOR,L,24,2,6,0.333,0,0,,3,6,0.5,2,5,7,0,2,0,0,0,7,-25,21.4,1,2015-16
22015,201967,Dante Cunningham,1610612740,NOP,New Orleans Pelicans,0021501084,2016-03-26,NOP vs. TOR,L,36,3,12,0.25,0,4,0.0,1,2,0.5,1,0,1,1,0,0,0,2,7,-21,9.7,1,2015-16
22015,203200,Justin Holiday,1610612741,CHI,Chicago Bulls,0021501083,2016-03-26,CHI @ ORL,L,18,1,6,0.167,0,3,0.0,2,2,1.0,0,1,1,2,0,1,0,4,4,-15,11.2,1,2015-16
22015,201573,Jerryd Bayless,1610612749,MIL,Milwaukee Bucks,0021501089,2016-03-26,MIL vs. CHA,L,22,1,7,0.143,0,1,0.0,0,0,,0,1,1,0,1,0,1,2,2,-28,5.2,1,2015-16
22015,203089,John Henson,1610612749,MIL,Milwaukee Bucks,0021501089,2016-03-26,MIL vs. CHA,L,25,8,10,0.8,0,0,,3,3,1.0,4,4,8,0,1,3,0,3,19,7,40.6,1,2015-16
22015,203507,Giannis Antetokounmpo,1610612749,MIL,Milwaukee Bucks,0021501089,2016-03-26,MIL vs. CHA,L,26,3,9,0.333,0,2,0.0,2,2,1.0,0,3,3,1,2,0,0,3,8,-22,19.1,1,2015-16
22015,202388,Donald Sloan,1610612751,BKN,Brooklyn Nets,0021501082,2016-03-26,BKN vs. IND,W,21,3,3,1.0,0,0,,5,5,1.0,0,5,5,5,1,0,3,1,11,5,24.5,1,2015-16
22015,203900,Markel Brown,1610612751,BKN,Brooklyn Nets,0021501082,2016-03-26,BKN vs. IND,W,9,2,4,0.5,0,0,,0,0,,0,1,1,0,1,0,0,1,4,14,8.2,1,2015-16
22015,2546,Carmelo Anthony,1610612752,NYK,New York Knicks,0021501086,2016-03-26,NYK vs. CLE,L,39,9,24,0.375,5,9,0.556,5,6,0.833,2,7,9,1,2,0,1,5,28,-10,45.3,1,2015-16
22015,101181,Jose Calderon,1610612752,NYK,New York Knicks,0021501086,2016-03-26,NYK vs. CLE,L,21,3,6,0.5,0,1,0.0,0,0,,1,1,2,7,1,0,0,4,6,-2,21.9,1,2015-16
22015,201160,Jason Smith,1610612753,ORL,Orlando Magic,0021501083,2016-03-26,ORL vs. CHI,W,24,7,12,0.583,0,1,0.0,0,0,,1,5,6,3,0,2,2,3,14,20,29.7,1,2015-16
22015,203094,Andrew Nicholson,1610612753,ORL,Orlando Magic,0021501083,2016-03-26,ORL vs. CHI,W,21,5,13,0.385,1,4,0.25,3,5,0.6,2,4,6,0,0,1,0,2,14,8,24.2,1,2015-16
22015,203894,Shabazz Napier,1610612753,ORL,Orlando Magic,0021501083,2016-03-26,ORL vs. CHI,W,5,1,4,0.25,1,3,0.333,0,0,,0,0,0,1,0,0,2,0,3,-1,2.5,1,2015-16
22015,1626209,Mario Hezonja,1610612753,ORL,Orlando Magic,0021501083,2016-03-26,ORL vs. CHI,W,22,2,3,0.667,1,1,1.0,0,0,,0,1,1,1,1,1,1,1,5,4,12.7,1,2015-16
22015,201155,Rodney Stuckey,1610612754,IND,Indiana Pacers,0021501082,2016-03-26,IND @ BKN,L,17,1,6,0.167,1,3,0.333,3,4,0.75,0,0,0,2,1,0,3,3,6,3,9.0,1,2015-16
22015,201588,George Hill,1610612754,IND,Indiana Pacers,0021501082,2016-03-26,IND @ BKN,L,32,7,8,0.875,2,2,1.0,1,1,1.0,0,3,3,2,3,0,2,3,17,-15,30.6,1,2015-16
22015,201951,Ty Lawson,1610612754,IND,Indiana Pacers,0021501082,2016-03-26,IND @ BKN,L,15,2,5,0.4,1,1,1.0,0,0,,0,4,4,2,1,0,0,1,5,0,15.8,1,2015-16
22015,201603,Sonny Weems,1610612755,PHI,Philadelphia 76ers,0021501091,2016-03-26,PHI @ POR,L,6,0,2,0.0,0,2,0.0,0,0,,0,1,1,1,0,0,0,0,0,-7,2.7,1,2015-16
22015,203138,Hollis Thompson,1610612755,PHI,Philadelphia 76ers,0021501091,2016-03-26,PHI @ POR,L,35,6,13,0.462,5,11,0.455,0,0,,1,6,7,2,1,1,1,3,17,4,33.4,1,2015-16
22015,204456,T.J. McConnell,1610612755,PHI,Philadelphia 76ers,0021501091,2016-03-26,PHI @ POR,L,14,2,4,0.5,0,0,,0,0,,0,0,0,2,0,0,1,1,4,-3,6.0,1,2015-16
22015,1626164,Devin Booker,1610612756,PHX,Phoenix Suns,0021501090,2016-03-26,PHX vs. BOS,L,34,8,20,0.4,1,4,0.25,4,4,1.0,1,3,4,4,1,0,2,4,21,9,32.8,1,2015-16
22015,202334,Ed Davis,1610612757,POR,Portland Trail Blazers,0021501091,2016-03-26,POR vs. PHI,W,26,2,4,0.5,0,0,,2,4,0.5,1,12,13,2,1,2,0,4,6,2,33.6,1,2015-16
22015,203148,Brian Roberts,1610612757,POR,Portland Trail Blazers,0021501091,2016-03-26,POR vs. PHI,W,4,0,1,0.0,0,0,,0,0,,0,1,1,1,0,0,0,1,0,1,2.7,1,2015-16
22015,203459,Allen Crabbe,1610612757,POR,Portland Trail Blazers,0021501091,2016-03-26,POR vs. PHI,W,23,2,8,0.25,0,3,0.0,0,0,,0,1,1,1,0,0,0,0,4,7,6.7,1,2015-16
22015,203943,Noah Vonleh,1610612757,POR,Portland Trail Blazers,0021501091,2016-03-26,POR vs. PHI,W,9,1,1,1.0,0,0,,0,0,,1,4,5,0,0,0,1,1,2,0,7.0,1,2015-16
22015,2588,Matt Bonner,1610612759,SAS,San Antonio Spurs,0021501088,2016-03-26,SAS @ OKC,L,12,1,2,0.5,0,0,,0,0,,0,0,0,1,0,0,1,1,2,1,2.5,1,2015-16
22015,1626246,Boban Marjanovic,1610612759,SAS,San Antonio Spurs,0021501088,2016-03-26,SAS @ OKC,L,27,5,12,0.417,0,0,,3,4,0.75,3,3,6,1,1,1,2,0,13,-25,25.7,1,2015-16
22015,200751,Randy Foye,1610612760,OKC,Oklahoma City Thunder,0021501088,2016-03-26,OKC vs. SAS,W,22,1,6,0.167,0,3,0.0,0,0,,0,1,1,1,0,0,1,1,2,3,3.7,1,2015-16
22015,201142,Kevin Durant,1610612760,OKC,Oklahoma City Thunder,0021501088,2016-03-26,OKC vs. SAS,W,32,13,20,0.65,5,7,0.714,0,0,,1,9,10,3,0,0,5,3,31,11,42.5,1,2015-16
22015,201566,Russell Westbrook,1610612760,OKC,Oklahoma City Thunder,0021501088,2016-03-26,OKC vs. SAS,W,34,10,18,0.556,0,2,0.0,9,9,1.0,2,4,6,8,1,0,2,1,29,30,49.2,1,2015-16
22015,203079,Dion Waiters,1610612760,OKC,Oklahoma City Thunder,0021501088,2016-03-26,OKC vs. SAS,W,18,0,4,0.0,0,0,,0,0,,0,0,0,0,0,0,2,2,0,-3,-2.0,1,2015-16
22015,1626166,Cameron Payne,1610612760,OKC,Oklahoma City Thunder,0021501088,2016-03-26,OKC vs. SAS,W,14,0,5,0.0,0,3,0.0,0,0,,0,2,2,3,1,0,1,3,0,-11,8.9,1,2015-16
22015,2449,Luis Scola,1610612761,TOR,Toronto Raptors,0021501084,2016-03-26,TOR @ NOP,W,21,4,5,0.8,4,5,0.8,0,0,,0,6,6,1,0,0,0,1,12,17,20.7,1,2015-16
22015,202714,Shelvin Mack,1610612762,UTA,Utah Jazz,0021501087,2016-03-26,UTA @ MIN,W,34,3,14,0.214,0,4,0.0,0,0,,0,2,2,6,2,0,2,1,6,1,21.4,1,2015-16
22015,203918,Rodney Hood,1610612762,UTA,Utah Jazz,0021501087,2016-03-26,UTA @ MIN,W,33,7,11,0.636,1,3,0.333,0,0,,1,3,4,4,0,0,1,4,15,9,24.8,1,2015-16
22015,203382,Aron Baynes,1610612765,DET,Detroit Pistons,0021501085,2016-03-26,DET vs. ATL,L,17,5,6,0.833,0,0,,5,6,0.833,3,4,7,0,0,0,0,1,15,-11,23.4,1,2015-16
22015,1626169,Stanley Johnson,1610612765,DET,Detroit Pistons,0021501085,2016-03-26,DET vs. ATL,L,24,1,5,0.2,0,3,0.0,2,2,1.0,2,3,5,1,0,0,2,0,4,-4,9.5,1,2015-16
22015,201587,Nicolas Batum,1610612766,CHA,Charlotte Hornets,0021501089,2016-03-26,CHA @ MIL,W,35,8,15,0.533,5,9,0.556,4,4,1.0,1,6,7,8,1,0,0,1,25,35,48.4,1,2015-16
22015,202391,Jeremy Lin,1610612766,CHA,Charlotte Hornets,0021501089,2016-03-26,CHA @ MIL,W,25,4,5,0.8,1,2,0.5,0,0,,0,4,4,4,5,0,4,0,9,1,30.8,1,2015-16
22015,2594,Kyle Korver,1610612737,ATL,Atlanta Hawks,0021501085,2016-03-26,ATL @ DET,W,29,5,10,0.5,1,5,0.2,1,1,1.0,0,3,3,0,0,0,0,3,12,16,15.6,1,2015-16
22015,201952,Jeff Teague,1610612737,ATL,Atlanta Hawks,0021501085,2016-03-26,ATL @ DET,W,33,3,13,0.231,2,3,0.667,4,4,1.0,1,3,4,12,0,0,0,3,12,15,34.8,1,2015-16
22015,203118,Mike Scott,1610612737,ATL,Atlanta Hawks,0021501085,2016-03-26,ATL @ DET,W,16,3,5,0.6,2,4,0.5,2,2,1.0,1,4,5,2,0,0,0,2,10,1,19.0,1,2015-16
22015,203145,Kent Bazemore,1610612737,ATL,Atlanta Hawks,0021501085,2016-03-26,ATL @ DET,W,33,7,9,0.778,3,5,0.6,0,0,,0,4,4,2,1,1,1,0,17,8,29.8,1,2015-16
22015,201973,Jonas Jerebko,1610612738,BOS,Boston Celtics,0021501090,2016-03-26,BOS @ PHX,W,25,3,5,0.6,3,5,0.6,0,0,,3,4,7,1,0,0,1,2,9,12,17.9,1,2015-16
22015,203482,Kelly Olynyk,1610612738,BOS,Boston Celtics,0021501090,2016-03-26,BOS @ PHX,W,22,7,10,0.7,2,4,0.5,0,0,,1,2,3,0,0,0,2,2,16,6,17.6,1,2015-16
22015,1626179,Terry Rozier,1610612738,BOS,Boston Celtics,0021501090,2016-03-26,BOS @ PHX,W,13,1,3,0.333,0,0,,0,0,,0,0,0,0,1,0,0,1,2,4,5.0,1,2015-16
22015,2570,Kendrick Perkins,1610612740,NOP,New Orleans Pelicans,0021501084,2016-03-26,NOP vs. TOR,L,16,1,1,1.0,0,0,,0,0,,0,4,4,2,1,0,0,2,2,-3,12.8,1,2015-16
22015,204025,Tim Frazier,1610612740,NOP,New Orleans Pelicans,0021501084,2016-03-26,NOP vs. TOR,L,29,5,9,0.556,0,1,0.0,2,2,1.0,1,2,3,6,0,0,2,1,12,-9,22.6,1,2015-16
22015,201166,Aaron Brooks,1610612741,CHI,Chicago Bulls,0021501083,2016-03-26,CHI @ ORL,L,18,3,6,0.5,0,1,0.0,0,0,,0,0,0,3,0,0,2,0,6,-11,8.5,1,2015-16
22015,201565,Derrick Rose,1610612741,CHI,Chicago Bulls,0021501083,2016-03-26,CHI @ ORL,L,29,4,14,0.286,1,4,0.25,0,2,0.0,2,1,3,2,0,0,4,0,9,-13,11.6,1,2015-16
22015,203101,Miles Plumlee,1610612749,MIL,Milwaukee Bucks,0021501089,2016-03-26,MIL vs. CHA,L,19,3,5,0.6,0,0,,0,0,,0,3,3,0,0,0,2,1,6,9,7.6,1,2015-16
22015,203114,Khris Middleton,1610612749,MIL,Milwaukee Bucks,0021501089,2016-03-26,MIL vs. CHA,L,24,6,10,0.6,1,3,0.333,0,0,,0,1,1,5,0,0,2,3,13,-26,19.7,1,2015-16
22015,203953,Jabari Parker,1610612749,MIL,Milwaukee Bucks,0021501089,2016-03-26,MIL vs. CHA,L,38,6,13,0.462,1,2,0.5,2,2,1.0,2,5,7,4,1,0,1,2,15,-21,31.4,1,2015-16
22015,200811,Lou Amundson,1610612752,NYK,New York Knicks,0021501086,2016-03-26,NYK vs. CLE,L,7,0,0,,0,0,,0,0,,0,1,1,0,0,0,1,1,0,2,0.2,1,2015-16
22015,201167,Arron Afflalo,1610612752,NYK,New York Knicks,0021501086,2016-03-26,NYK vs. CLE,L,27,2,4,0.5,0,1,0.0,1,5,0.2,0,3,3,1,0,0,0,1,5,-9,10.1,1,2015-16
22015,204001,Kristaps Porziņģis,1610612752,NYK,New York Knicks,0021501086,2016-03-26,NYK vs. CLE,L,41,7,16,0.438,1,5,0.2,4,6,0.667,3,3,6,3,1,0,2,2,19,-11,31.7,1,2015-16
22015,203095,Evan Fournier,1610612753,ORL,Orlando Magic,0021501083,2016-03-26,ORL vs. CHI,W,26,5,9,0.556,0,2,0.0,2,3,0.667,0,1,1,1,1,0,1,3,12,8,16.7,1,2015-16
22015,101133,Ian Mahinmi,1610612754,IND,Indiana Pacers,0021501082,2016-03-26,IND @ BKN,L,26,6,7,0.857,0,0,,6,8,0.75,0,5,5,2,2,1,0,5,18,-10,36.0,1,2015-16
22015,202730,Lavoy Allen,1610612754,IND,Indiana Pacers,0021501082,2016-03-26,IND @ BKN,L,19,1,4,0.25,0,0,,2,2,1.0,0,3,3,1,0,0,0,1,4,4,9.1,1,2015-16
22015,203524,Solomon Hill,1610612754,IND,Indiana Pacers,0021501082,2016-03-26,IND @ BKN,L,1,0,0,,0,0,,0,0,,0,0,0,0,0,0,0,0,0,-4,0.0,1,2015-16
22015,1626167,Myles Turner,1610612754,IND,Indiana Pacers,0021501082,2016-03-26,IND @ BKN,L,28,2,7,0.286,0,0,,2,2,1.0,1,4,5,4,1,1,2,2,6,-8,22.0,1,2015-16
22015,201171,Carl Landry,1610612755,PHI,Philadelphia 76ers,0021501091,2016-03-26,PHI @ POR,L,16,5,6,0.833,0,0,,2,2,1.0,0,2,2,1,0,0,0,4,12,-13,15.9,1,2015-16
22015,203917,Nik Stauskas,1610612755,PHI,Philadelphia 76ers,0021501091,2016-03-26,PHI @ POR,L,26,4,8,0.5,3,6,0.5,2,2,1.0,1,4,5,1,0,0,2,2,13,16,18.5,1,2015-16
22015,203924,Jerami Grant,1610612755,PHI,Philadelphia 76ers,0021501091,2016-03-26,PHI @ POR,L,31,4,11,0.364,0,1,0.0,5,10,0.5,4,3,7,3,0,4,2,4,13,-7,35.9,1,2015-16
22015,1626158,Richaun Holmes,1610612755,PHI,Philadelphia 76ers,0021501091,2016-03-26,PHI @ POR,L,6,1,4,0.25,0,0,,2,2,1.0,1,1,2,0,0,1,0,1,4,0,9.4,1,2015-16
22015,203098,John Jenkins,1610612756,PHX,Phoenix Suns,0021501090,2016-03-26,PHX vs. BOS,L,17,3,3,1.0,3,3,1.0,0,0,,0,4,4,1,1,1,2,1,9,-6,19.3,1,2015-16
22015,203486,Mason Plumlee,1610612757,POR,Portland Trail Blazers,0021501091,2016-03-26,POR vs. PHI,W,22,3,7,0.429,0,0,,2,4,0.5,5,5,10,1,1,0,0,5,8,1,24.5,1,2015-16
22015,1889,Andre Miller,1610612759,SAS,San Antonio Spurs,0021501088,2016-03-26,SAS @ OKC,L,19,4,7,0.571,0,0,,3,3,1.0,2,6,8,2,1,0,3,3,11,8,23.6,1,2015-16
22015,203613,Jonathon Simmons,1610612759,SAS,San Antonio Spurs,0021501088,2016-03-26,SAS @ OKC,L,29,7,11,0.636,1,1,1.0,2,4,0.5,0,1,1,1,1,0,0,2,17,-2,22.7,1,2015-16
22015,201586,Serge Ibaka,1610612760,OKC,Oklahoma City Thunder,0021501088,2016-03-26,OKC vs. SAS,W,35,7,12,0.583,1,4,0.25,0,0,,0,8,8,1,0,4,1,0,15,30,37.1,1,2015-16
22015,202713,Kyle Singler,1610612760,OKC,Oklahoma City Thunder,0021501088,2016-03-26,OKC vs. SAS,W,7,0,1,0.0,0,0,,0,0,,0,0,0,0,0,0,0,3,0,-9,0.0,1,2015-16
22015,200768,Kyle Lowry,1610612761,TOR,Toronto Raptors,0021501084,2016-03-26,TOR @ NOP,W,28,3,13,0.231,0,8,0.0,5,7,0.714,1,1,2,8,2,0,1,4,11,28,30.4,1,2015-16
22015,201949,James Johnson,1610612761,TOR,Toronto Raptors,0021501084,2016-03-26,TOR @ NOP,W,20,4,8,0.5,1,3,0.333,2,2,1.0,2,3,5,1,2,0,4,0,11,-1,20.5,1,2015-16
22015,1626181,Norman Powell,1610612761,TOR,Toronto Raptors,0021501084,2016-03-26,TOR @ NOP,W,34,5,11,0.455,2,6,0.333,3,3,1.0,0,7,7,2,0,0,2,3,15,23,24.4,1,2015-16
22015,203187,Chris Johnson,1610612762,UTA,Utah Jazz,0021501087,2016-03-26,UTA @ MIN,W,9,1,2,0.5,0,0,,0,0,,0,1,1,0,0,0,1,1,2,2,2.2,1,2015-16
22015,204060,Joe Ingles,1610612762,UTA,Utah Jazz,0021501087,2016-03-26,UTA @ MIN,W,15,3,5,0.6,2,4,0.5,0,0,,0,4,4,0,1,0,2,0,8,-1,13.8,1,2015-16
22015,201229,Anthony Tolliver,1610612765,DET,Detroit Pistons,0021501085,2016-03-26,DET vs. ATL,L,14,0,4,0.0,0,4,0.0,0,0,,0,4,4,2,0,0,1,1,0,-8,6.8,1,2015-16
22015,1626199,Darrun Hilliard,1610612765,DET,Detroit Pistons,0021501085,2016-03-26,DET vs. ATL,L,2,0,1,0.0,0,0,,0,0,,0,0,0,0,0,0,0,0,0,0,0.0,1,2015-16
22015,2743,Kris Humphries,1610612737,ATL,Atlanta Hawks,0021501085,2016-03-26,ATL @ DET,W,21,5,8,0.625,0,2,0.0,1,1,1.0,2,3,5,0,0,0,0,2,11,0,17.0,1,2015-16
22015,201143,Al Horford,1610612737,ATL,Atlanta Hawks,0021501085,2016-03-26,ATL @ DET,W,30,6,15,0.4,1,5,0.2,0,0,,1,4,5,5,1,2,0,3,13,25,35.5,1,2015-16
22015,202340,Avery Bradley,1610612738,BOS,Boston Celtics,0021501090,2016-03-26,BOS @ PHX,W,32,5,16,0.313,1,7,0.143,4,4,1.0,0,3,3,1,1,0,0,4,15,-5,23.1,1,2015-16
22015,203935,Marcus Smart,1610612738,BOS,Boston Celtics,0021501090,2016-03-26,BOS @ PHX,W,33,2,7,0.286,0,5,0.0,5,6,0.833,4,4,8,4,1,1,2,4,9,7,28.6,1,2015-16
22015,2210,Richard Jefferson,1610612739,CLE,Cleveland Cavaliers,0021501086,2016-03-26,CLE @ NYK,W,11,1,3,0.333,0,2,0.0,0,0,,1,1,2,0,2,0,1,2,2,-4,9.4,1,2015-16
22015,2747,JR Smith,1610612739,CLE,Cleveland Cavaliers,0021501086,2016-03-26,CLE @ NYK,W,31,5,11,0.455,3,8,0.375,0,0,,1,2,3,2,0,0,1,3,13,18,18.6,1,2015-16
22015,202697,Iman Shumpert,1610612739,CLE,Cleveland Cavaliers,0021501086,2016-03-26,CLE @ NYK,W,21,1,3,0.333,0,1,0.0,0,0,,0,2,2,1,1,1,1,2,2,-8,10.9,1,2015-16
22015,202087,Alonzo Gee,1610612740,NOP,New Orleans Pelicans,0021501084,2016-03-26,NOP vs. TOR,L,41,8,12,0.667,0,1,0.0,2,4,0.5,3,5,8,2,1,0,3,3,18,-27,30.6,1,2015-16
22015,2200,Pau Gasol,1610612741,CHI,Chicago Bulls,0021501083,2016-03-26,CHI @ ORL,L,22,3,6,0.5,0,1,0.0,1,2,0.5,1,4,5,8,0,1,1,2,7,-3,27.0,1,2015-16
22015,201959,Taj Gibson,1610612741,CHI,Chicago Bulls,0021501083,2016-03-26,CHI @ ORL,L,26,8,9,0.889,0,0,,0,0,,2,1,3,1,0,0,1,2,16,-9,20.1,1,2015-16
22015,203503,Tony Snell,1610612741,CHI,Chicago Bulls,0021501083,2016-03-26,CHI @ ORL,L,6,1,3,0.333,1,2,0.5,0,0,,0,0,0,0,0,0,0,1,3,2,3.0,1,2015-16
22015,203948,Johnny O'Bryant III,1610612749,MIL,Milwaukee Bucks,0021501089,2016-03-26,MIL vs. CHA,L,6,1,4,0.25,0,0,,0,0,,0,2,2,0,0,0,0,0,2,-2,4.4,1,2015-16
22015,203996,Damien Inglis,1610612749,MIL,Milwaukee Bucks,0021501089,2016-03-26,MIL vs. CHA,L,6,0,2,0.0,0,1,0.0,0,0,,0,1,1,1,0,0,0,0,0,-2,2.7,1,2015-16
22015,1626173,Rashad Vaughn,1610612749,MIL,Milwaukee Bucks,0021501089,2016-03-26,MIL vs. CHA,L,22,2,7,0.286,1,2,0.5,0,0,,1,0,1,2,0,0,1,0,5,-2,8.2,1,2015-16
22015,202962,Greg Smith,1610612750,MIN,Minnesota Timberwolves,0021501087,2016-03-26,MIN vs. UTA,L,18,1,5,0.2,0,0,,0,0,,0,4,4,2,1,0,0,1,2,-18,12.8,1,2015-16
22015,203498,Shabazz Muhammad,1610612750,MIN,Minnesota Timberwolves,0021501087,2016-03-26,MIN vs. UTA,L,15,4,12,0.333,0,0,,0,0,,4,3,7,0,0,0,1,1,8,-10,15.4,1,2015-16
22015,1626145,Tyus Jones,1610612750,MIN,Minnesota Timberwolves,0021501087,2016-03-26,MIN vs. UTA,L,17,2,7,0.286,0,1,0.0,4,4,1.0,0,2,2,2,1,0,2,1,8,-16,14.4,1,2015-16
22015,1626157,Karl-Anthony Towns,1610612750,MIN,Minnesota Timberwolves,0021501087,2016-03-26,MIN vs. UTA,L,34,6,12,0.5,0,2,0.0,2,2,1.0,1,10,11,1,2,2,1,2,14,7,39.7,1,2015-16
22015,201152,Thaddeus Young,1610612751,BKN,Brooklyn Nets,0021501082,2016-03-26,BKN vs. IND,W,30,4,8,0.5,0,0,,0,0,,1,2,3,2,1,1,1,1,8,1,19.6,1,2015-16
22015,201572,Brook Lopez,1610612751,BKN,Brooklyn Nets,0021501082,2016-03-26,BKN vs. IND,W,38,7,16,0.438,0,0,,9,13,0.692,1,8,9,4,2,0,4,3,23,10,41.8,1,2015-16
22015,202711,Bojan Bogdanovic,1610612751,BKN,Brooklyn Nets,0021501082,2016-03-26,BKN vs. IND,W,28,7,14,0.5,4,7,0.571,0,0,,0,2,2,2,0,0,1,5,18,22,22.4,1,2015-16
22015,203930,Sean Kilpatrick,1610612751,BKN,Brooklyn Nets,0021501082,2016-03-26,BKN vs. IND,W,23,6,9,0.667,0,0,,2,2,1.0,1,3,4,1,0,0,4,3,14,1,16.3,1,2015-16
22015,201577,Robin Lopez,1610612752,NYK,New York Knicks,0021501086,2016-03-26,NYK vs. CLE,L,26,4,8,0.5,0,0,,0,0,,2,4,6,0,0,0,0,3,8,-5,15.2,1,2015-16
22015,202397,Ish Smith,1610612755,PHI,Philadelphia 76ers,0021501091,2016-03-26,PHI @ POR,L,36,8,14,0.571,1,2,0.5,0,1,0.0,2,12,14,9,1,0,3,1,17,2,47.3,1,2015-16
22015,203477,Isaiah Canaan,1610612755,PHI,Philadelphia 76ers,0021501091,2016-03-26,PHI @ POR,L,24,2,11,0.182,0,5,0.0,2,2,1.0,0,2,2,0,0,0,0,1,6,-19,8.4,1,2015-16
22015,101179,Ronnie Price,1610612756,PHX,Phoenix Suns,0021501090,2016-03-26,PHX vs. BOS,L,21,0,4,0.0,0,2,0.0,0,0,,0,2,2,1,0,1,2,1,0,-14,4.9,1,2015-16
22015,200782,P.J. Tucker,1610612756,PHX,Phoenix Suns,0021501090,2016-03-26,PHX vs. BOS,L,38,3,8,0.375,0,2,0.0,3,3,1.0,4,6,10,5,1,1,2,3,9,3,32.5,1,2015-16
22015,203462,Archie Goodwin,1610612756,PHX,Phoenix Suns,0021501090,2016-03-26,PHX vs. BOS,L,14,3,4,0.75,0,0,,2,2,1.0,0,2,2,1,1,0,1,1,8,-12,13.9,1,2015-16
22015,201945,Gerald Henderson,1610612757,POR,Portland Trail Blazers,0021501091,2016-03-26,POR vs. PHI,W,21,4,7,0.571,1,2,0.5,2,2,1.0,0,3,3,1,1,1,4,1,11,-7,18.1,1,2015-16
22015,202329,Al-Farouq Aminu,1610612757,POR,Portland Trail Blazers,0021501091,2016-03-26,POR vs. PHI,W,35,6,12,0.5,3,8,0.375,5,5,1.0,2,6,8,2,0,0,0,2,20,4,32.6,1,2015-16
22015,2755,Kevin Martin,1610612759,SAS,San Antonio Spurs,0021501088,2016-03-26,SAS @ OKC,L,18,1,9,0.111,0,1,0.0,1,1,1.0,0,0,0,0,1,1,1,0,3,0,8.0,1,2015-16
22015,201988,Patty Mills,1610612759,SAS,San Antonio Spurs,0021501088,2016-03-26,SAS @ OKC,L,31,4,10,0.4,2,6,0.333,0,0,,1,1,2,0,0,0,1,3,10,-24,11.4,1,2015-16
22015,203937,Kyle Anderson,1610612759,SAS,San Antonio Spurs,0021501088,2016-03-26,SAS @ OKC,L,30,3,7,0.429,1,1,1.0,0,0,,1,4,5,3,3,0,2,2,7,-5,24.5,1,2015-16
22015,203500,Steven Adams,1610612760,OKC,Oklahoma City Thunder,0021501088,2016-03-26,OKC vs. SAS,W,27,4,5,0.8,0,0,,1,2,0.5,3,3,6,1,1,0,3,3,9,30,17.7,1,2015-16
22015,201574,Jason Thompson,1610612761,TOR,Toronto Raptors,0021501084,2016-03-26,TOR @ NOP,W,7,1,2,0.5,0,1,0.0,0,0,,0,1,1,0,1,0,0,1,2,-3,6.2,1,2015-16
22015,201942,DeMar DeRozan,1610612761,TOR,Toronto Raptors,0021501084,2016-03-26,TOR @ NOP,W,30,9,11,0.818,1,2,0.5,4,4,1.0,0,5,5,5,0,0,2,2,23,23,34.5,1,2015-16
22015,202685,Jonas Valančiūnas,1610612761,TOR,Toronto Raptors,0021501084,2016-03-26,TOR @ NOP,W,26,5,8,0.625,0,0,,0,0,,1,8,9,1,0,5,1,1,10,27,36.3,1,2015-16
22015,203998,Bruno Caboclo,1610612761,TOR,Toronto Raptors,0021501084,2016-03-26,TOR @ NOP,W,2,0,1,0.0,0,0,,0,0,,0,0,0,0,0,0,0,0,0,0,0.0,1,2015-16
22015,1626168,Trey Lyles,1610612762,UTA,Utah Jazz,0021501087,2016-03-26,UTA @ MIN,W,19,6,9,0.667,3,5,0.6,0,0,,0,4,4,1,1,0,0,0,15,13,24.3,1,2015-16
22015,2581,Steve Blake,1610612765,DET,Detroit Pistons,0021501085,2016-03-26,DET vs. ATL,L,18,1,4,0.25,0,2,0.0,1,2,0.5,1,2,3,6,1,0,1,1,3,1,17.6,1,2015-16
22015,203083,Andre Drummond,1610612765,DET,Detroit Pistons,0021501085,2016-03-26,DET vs. ATL,L,31,7,11,0.636,0,0,,5,9,0.556,6,11,17,0,0,2,1,1,19,-6,44.4,1,2015-16
22015,201150,Spencer Hawes,1610612766,CHA,Charlotte Hornets,0021501089,2016-03-26,CHA @ MIL,W,6,0,2,0.0,0,0,,0,0,,0,0,0,2,0,1,0,0,0,2,6.0,1,2015-16
22015,201584,Courtney Lee,1610612766,CHA,Charlotte Hornets,0021501089,2016-03-26,CHA @ MIL,W,35,5,9,0.556,2,4,0.5,0,0,,1,3,4,5,0,1,0,1,12,18,27.3,1,2015-16
22015,203087,Jeremy Lamb,1610612766,CHA,Charlotte Hornets,0021501089,2016-03-26,CHA @ MIL,W,8,0,1,0.0,0,0,,0,0,,0,2,2,0,0,1,1,2,0,-3,4.4,1,2015-16
22015,203268,Jorge Gutierrez,1610612766,CHA,Charlotte Hornets,0021501089,2016-03-26,CHA @ MIL,W,3,0,0,,0,0,,0,0,,0,0,0,1,0,0,0,0,0,-2,1.5,1,2015-16
22015,202389,Timofey Mozgov,1610612739,CLE,Cleveland Cavaliers,0021501086,2016-03-26,CLE @ NYK,W,24,1,4,0.25,0,0,,3,4,0.75,2,4,6,0,0,1,1,0,5,7,14.2,1,2015-16
22015,203521,Matthew Dellavedova,1610612739,CLE,Cleveland Cavaliers,0021501086,2016-03-26,CLE @ NYK,W,31,3,8,0.375,3,6,0.5,1,1,1.0,0,4,4,2,0,0,2,3,10,5,15.8,1,2015-16
22015,2399,Mike Dunleavy,1610612741,CHI,Chicago Bulls,0021501083,2016-03-26,CHI @ ORL,L,22,3,7,0.429,1,2,0.5,3,3,1.0,1,1,2,3,0,0,1,2,10,-10,15.9,1,2015-16
22015,2419,Tayshaun Prince,1610612750,MIN,Minnesota Timberwolves,0021501087,2016-03-26,MIN vs. UTA,L,13,0,2,0.0,0,1,0.0,0,0,,0,2,2,0,0,0,0,0,0,-10,2.4,1,2015-16
22015,203156,Henry Sims,1610612751,BKN,Brooklyn Nets,0021501082,2016-03-26,BKN vs. IND,W,9,2,3,0.667,0,0,,1,1,1.0,1,1,2,0,1,0,0,1,5,-4,10.4,1,2015-16
22015,1626191,Chris McCullough,1610612751,BKN,Brooklyn Nets,0021501082,2016-03-26,BKN vs. IND,W,13,0,4,0.0,0,0,,0,0,,0,3,3,0,1,0,0,1,0,-2,6.6,1,2015-16
22015,201943,Brandon Jennings,1610612753,ORL,Orlando Magic,0021501083,2016-03-26,ORL vs. CHI,W,13,3,5,0.6,1,1,1.0,0,0,,1,2,3,5,1,0,0,1,7,7,21.1,1,2015-16
22015,202331,Paul George,1610612754,IND,Indiana Pacers,0021501082,2016-03-26,IND @ BKN,L,35,8,21,0.381,3,10,0.3,8,10,0.8,1,3,4,1,3,0,4,2,27,-14,38.3,1,2015-16
22015,201978,Chase Budinger,1610612756,PHX,Phoenix Suns,0021501090,2016-03-26,PHX vs. BOS,L,17,3,5,0.6,0,1,0.0,0,0,,3,1,4,1,0,0,3,2,6,-9,9.3,1,2015-16
22015,203468,CJ McCollum,1610612757,POR,Portland Trail Blazers,0021501091,2016-03-26,POR vs. PHI,W,34,9,22,0.409,1,3,0.333,6,6,1.0,0,2,2,5,5,1,2,4,25,10,50.9,1,2015-16
22015,2561,David West,1610612759,SAS,San Antonio Spurs,0021501088,2016-03-26,SAS @ OKC,L,24,7,16,0.438,0,0,,3,3,1.0,4,2,6,3,0,1,1,2,17,-2,30.7,1,2015-16
22015,203460,Andre Roberson,1610612760,OKC,Oklahoma City Thunder,0021501088,2016-03-26,OKC vs. SAS,W,31,2,2,1.0,1,1,1.0,0,0,,1,3,4,2,2,0,0,0,5,25,18.8,1,2015-16
22015,203526,Raul Neto,1610612762,UTA,Utah Jazz,0021501087,2016-03-26,UTA @ MIN,W,14,2,6,0.333,1,2,0.5,0,0,,1,5,6,1,1,0,1,1,5,8,15.7,1,2015-16
22015,101107,Marvin Williams,1610612766,CHA,Charlotte Hornets,0021501089,2016-03-26,CHA @ MIL,W,34,8,12,0.667,4,7,0.571,1,2,0.5,1,7,8,1,0,3,1,2,21,33,40.1,1,2015-16
22015,201946,Tyler Hansbrough,1610612766,CHA,Charlotte Hornets,0021501089,2016-03-26,CHA @ MIL,W,3,0,1,0.0,0,0,,0,0,,0,0,0,0,0,0,0,1,0,-1,0.0,1,2015-16
22015,1717,Dirk Nowitzki,1610612742,DAL,Dallas Mavericks,0021501095,2016-03-27,DAL @ SAC,L,27,6,15,0.4,2,4,0.5,0,0,,1,4,5,0,0,0,1,1,14,-10,19.0,1,2015-16
22015,2585,Zaza Pachulia,1610612742,DAL,Dallas Mavericks,0021501095,2016-03-27,DAL @ SAC,L,14,1,2,0.5,0,0,,0,0,,1,0,1,0,0,0,1,3,2,-16,2.2,1,2015-16
22015,200826,J.J. Barea,1610612742,DAL,Dallas Mavericks,0021501095,2016-03-27,DAL @ SAC,L,27,7,14,0.5,0,2,0.0,0,0,,1,2,3,3,0,0,3,2,14,-3,19.1,1,2015-16
22015,203939,Dwight Powell,1610612742,DAL,Dallas Mavericks,0021501095,2016-03-27,DAL @ SAC,L,16,3,4,0.75,0,0,,5,7,0.714,3,3,6,2,0,1,0,1,11,-1,24.2,1,2015-16
22015,201571,D.J. Augustin,1610612743,DEN,Denver Nuggets,0021501092,2016-03-27,DEN @ LAC,L,34,5,13,0.385,3,8,0.375,5,6,0.833,0,2,2,10,2,0,2,1,18,5,39.4,1,2015-16
22015,101106,Andrew Bogut,1610612744,GSW,Golden State Warriors,0021501094,2016-03-27,GSW vs. PHI,W,13,0,1,0.0,0,0,,0,0,,0,5,5,2,0,0,1,3,0,2,8.0,1,2015-16
22015,201578,Marreese Speights,1610612744,GSW,Golden State Warriors,0021501094,2016-03-27,GSW vs. PHI,W,20,7,10,0.7,2,3,0.667,1,1,1.0,3,4,7,3,0,0,2,3,17,4,27.9,1,2015-16
22015,201147,Corey Brewer,1610612745,HOU,Houston Rockets,0021501093,2016-03-27,HOU @ IND,L,23,2,9,0.222,0,4,0.0,4,5,0.8,0,5,5,0,2,0,0,2,8,0,20.0,1,2015-16
22015,201563,Michael Beasley,1610612745,HOU,Houston Rockets,0021501093,2016-03-27,HOU @ IND,L,22,4,11,0.364,0,1,0.0,1,2,0.5,2,5,7,1,1,0,0,1,9,0,21.9,1,2015-16
22015,201145,Jeff Green,1610612746,LAC,LA Clippers,0021501092,2016-03-27,LAC vs. DEN,W,29,6,13,0.462,0,0,,1,2,0.5,3,3,6,0,2,1,0,3,13,-4,29.2,1,2015-16
22015,203085,Austin Rivers,1610612746,LAC,LA Clippers,0021501092,2016-03-27,LAC vs. DEN,W,22,3,8,0.375,1,3,0.333,1,4,0.25,0,0,0,2,0,0,1,1,8,-7,10.0,1,2015-16
22015,203143,Pablo Prigioni,1610612746,LAC,LA Clippers,0021501092,2016-03-27,LAC vs. DEN,W,10,1,2,0.5,1,2,0.5,0,0,,1,0,1,5,1,0,0,1,3,-2,14.7,1,2015-16
22015,101150,Lou Williams,1610612747,LAL,Los Angeles Lakers,0021501096,2016-03-27,LAL vs. WAS,L,20,1,7,0.143,0,6,0.0,9,10,0.9,0,1,1,0,0,0,3,3,11,-4,9.2,1,2015-16
22015,101145,Monta Ellis,1610612754,IND,Indiana Pacers,0021501093,2016-03-27,IND vs. HOU,W,34,10,18,0.556,1,4,0.25,2,3,0.667,2,4,6,7,3,1,2,2,23,2,50.7,1,2015-16
22015,202331,Paul George,1610612754,IND,Indiana Pacers,0021501093,2016-03-27,IND vs. HOU,W,38,8,17,0.471,4,8,0.5,5,5,1.0,1,10,11,1,1,1,1,3,25,6,44.7,1,2015-16
22015,202397,Ish Smith,1610612755,PHI,Philadelphia 76ers,0021501094,2016-03-27,PHI @ GSW,L,36,9,14,0.643,2,4,0.5,0,0,,0,3,3,10,3,0,2,1,20,1,45.6,1,2015-16
22015,203138,Hollis Thompson,1610612755,PHI,Philadelphia 76ers,0021501094,2016-03-27,PHI @ GSW,L,33,2,10,0.2,0,4,0.0,0,0,,2,2,4,4,1,1,1,2,4,-11,19.8,1,2015-16
22015,200752,Rudy Gay,1610612758,SAC,Sacramento Kings,0021501095,2016-03-27,SAC vs. DAL,W,26,4,10,0.4,0,3,0.0,1,2,0.5,0,2,2,1,2,0,1,2,9,18,17.9,1,2015-16
22015,201956,Omri Casspi,1610612758,SAC,Sacramento Kings,0021501095,2016-03-27,SAC vs. DAL,W,23,4,5,0.8,1,1,1.0,1,2,0.5,0,3,3,4,1,1,1,4,10,15,24.6,1,2015-16
22015,203463,Ben McLemore,1610612758,SAC,Sacramento Kings,0021501095,2016-03-27,SAC vs. DAL,W,20,5,9,0.556,2,5,0.4,2,3,0.667,0,1,1,1,0,0,1,3,14,9,15.7,1,2015-16
22015,202066,Garrett Temple,1610612764,WAS,Washington Wizards,0021501096,2016-03-27,WAS @ LAL,W,16,2,2,1.0,0,0,,0,0,,0,0,0,0,1,0,0,3,4,2,7.0,1,2015-16
22015,204067,Jarell Eddie,1610612764,WAS,Washington Wizards,0021501096,2016-03-27,WAS @ LAL,W,1,1,1,1.0,0,0,,0,0,,0,0,0,0,0,0,0,0,2,-3,2.0,1,2015-16
22015,1626162,Kelly Oubre Jr.,1610612764,WAS,Washington Wizards,0021501096,2016-03-27,WAS @ LAL,W,1,0,0,,0,0,,0,0,,0,0,0,0,0,0,0,0,0,-3,0.0,1,2015-16
22015,101111,Charlie Villanueva,1610612742,DAL,Dallas Mavericks,0021501095,2016-03-27,DAL @ SAC,L,9,2,5,0.4,1,2,0.5,0,0,,1,2,3,0,0,0,1,1,5,-8,7.6,1,2015-16
22015,201580,JaVale McGee,1610612742,DAL,Dallas Mavericks,0021501095,2016-03-27,DAL @ SAC,L,13,1,3,0.333,0,0,,0,0,,2,0,2,0,0,0,0,1,2,-3,4.4,1,2015-16
22015,203960,JaKarr Sampson,1610612743,DEN,Denver Nuggets,0021501092,2016-03-27,DEN @ LAC,L,13,1,4,0.25,0,2,0.0,0,0,,0,2,2,0,0,0,1,1,2,-19,3.4,1,2015-16
22015,203999,Nikola Jokić,1610612743,DEN,Denver Nuggets,0021501092,2016-03-27,DEN @ LAC,L,21,2,7,0.286,0,1,0.0,1,2,0.5,3,6,9,2,1,0,0,1,5,-18,21.8,1,2015-16
22015,202691,Klay Thompson,1610612744,GSW,Golden State Warriors,0021501094,2016-03-27,GSW vs. PHI,W,38,15,27,0.556,7,14,0.5,3,3,1.0,2,0,2,0,0,1,2,0,40,13,43.4,1,2015-16
22015,1891,Jason Terry,1610612745,HOU,Houston Rockets,0021501093,2016-03-27,HOU @ IND,L,10,0,3,0.0,0,3,0.0,0,0,,0,1,1,2,0,0,1,0,0,-3,3.2,1,2015-16
22015,2772,Trevor Ariza,1610612745,HOU,Houston Rockets,0021501093,2016-03-27,HOU @ IND,L,39,5,12,0.417,2,8,0.25,2,2,1.0,0,2,2,2,1,0,2,2,14,-2,20.4,1,2015-16
22015,203991,Clint Capela,1610612745,HOU,Houston Rockets,0021501093,2016-03-27,HOU @ IND,L,18,4,5,0.8,0,0,,1,2,0.5,3,4,7,1,1,0,0,5,9,12,21.9,1,2015-16
22015,2037,Jamal Crawford,1610612746,LAC,LA Clippers,0021501092,2016-03-27,LAC vs. DEN,W,21,3,8,0.375,0,4,0.0,8,8,1.0,0,1,1,2,0,0,1,0,14,1,17.2,1,2015-16
22015,101138,Brandon Bass,1610612747,LAL,Los Angeles Lakers,0021501096,2016-03-27,LAL vs. WAS,L,17,0,1,0.0,0,0,,0,0,,3,4,7,3,0,0,1,1,0,-17,11.9,1,2015-16
22015,101133,Ian Mahinmi,1610612754,IND,Indiana Pacers,0021501093,2016-03-27,IND vs. HOU,W,34,8,12,0.667,0,0,,3,8,0.375,6,5,11,4,0,1,2,3,19,15,39.2,1,2015-16
22015,101139,CJ Miles,1610612754,IND,Indiana Pacers,0021501093,2016-03-27,IND vs. HOU,W,15,4,11,0.364,2,6,0.333,0,0,,1,0,1,2,0,0,1,0,10,0,13.2,1,2015-16
22015,204456,T.J. McConnell,1610612755,PHI,Philadelphia 76ers,0021501094,2016-03-27,PHI @ GSW,L,22,4,8,0.5,0,0,,1,2,0.5,2,2,4,2,2,0,1,3,9,-11,21.8,1,2015-16
22015,1626174,Christian Wood,1610612755,PHI,Philadelphia 76ers,0021501094,2016-03-27,PHI @ GSW,L,5,0,1,0.0,0,1,0.0,0,0,,0,0,0,0,0,0,0,1,0,-9,0.0,1,2015-16
22015,200765,Rajon Rondo,1610612758,SAC,Sacramento Kings,0021501095,2016-03-27,SAC vs. DAL,W,28,4,7,0.571,2,3,0.667,1,2,0.5,0,4,4,11,2,0,2,0,11,13,36.3,1,2015-16
22015,201196,Ramon Sessions,1610612764,WAS,Washington Wizards,0021501096,2016-03-27,WAS @ LAL,W,22,4,9,0.444,1,2,0.5,2,3,0.667,1,3,4,2,0,0,2,1,11,6,16.8,1,2015-16
22015,202322,John Wall,1610612764,WAS,Washington Wizards,0021501096,2016-03-27,WAS @ LAL,W,33,9,16,0.563,2,5,0.4,2,2,1.0,0,5,5,13,1,0,7,2,22,18,43.5,1,2015-16
22015,2734,Devin Harris,1610612742,DAL,Dallas Mavericks,0021501095,2016-03-27,DAL @ SAC,L,21,3,5,0.6,2,4,0.5,3,4,0.75,0,3,3,4,3,0,0,4,11,-10,29.6,1,2015-16
22015,201935,James Harden,1610612745,HOU,Houston Rockets,0021501093,2016-03-27,HOU @ IND,L,44,11,22,0.5,4,11,0.364,8,11,0.727,0,8,8,8,1,0,5,1,34,2,53.6,1,2015-16
22015,1718,Paul Pierce,1610612746,LAC,LA Clippers,0021501092,2016-03-27,LAC vs. DEN,W,15,2,5,0.4,1,4,0.25,0,0,,0,3,3,1,0,1,1,2,5,8,12.1,1,2015-16
22015,200755,JJ Redick,1610612746,LAC,LA Clippers,0021501092,2016-03-27,LAC vs. DEN,W,23,4,12,0.333,2,7,0.286,2,2,1.0,0,2,2,1,2,0,2,2,12,19,19.9,1,2015-16
22015,201599,DeAndre Jordan,1610612746,LAC,LA Clippers,0021501092,2016-03-27,LAC vs. DEN,W,29,7,10,0.7,0,0,,2,4,0.5,7,9,16,2,2,6,5,2,16,11,57.2,1,2015-16
22015,203527,Ryan Kelly,1610612747,LAL,Los Angeles Lakers,0021501096,2016-03-27,LAL vs. WAS,L,17,0,4,0.0,0,2,0.0,0,0,,1,4,5,0,0,0,2,4,0,-5,4.0,1,2015-16
22015,1626273,Marcelo Huertas,1610612747,LAL,Los Angeles Lakers,0021501096,2016-03-27,LAL vs. WAS,L,14,4,8,0.5,1,1,1.0,0,0,,0,0,0,3,1,0,4,4,9,3,12.5,1,2015-16
22015,201155,Rodney Stuckey,1610612754,IND,Indiana Pacers,0021501093,2016-03-27,IND vs. HOU,W,14,2,7,0.286,1,3,0.333,0,0,,0,1,1,0,0,0,0,0,5,1,6.2,1,2015-16
22015,201171,Carl Landry,1610612755,PHI,Philadelphia 76ers,0021501094,2016-03-27,PHI @ GSW,L,25,9,15,0.6,0,0,,4,4,1.0,4,4,8,3,1,0,2,2,22,-3,37.1,1,2015-16
22015,203917,Nik Stauskas,1610612755,PHI,Philadelphia 76ers,0021501094,2016-03-27,PHI @ GSW,L,31,4,10,0.4,1,6,0.167,0,0,,0,4,4,3,2,0,2,1,9,4,22.3,1,2015-16
22015,201585,Kosta Koufos,1610612758,SAC,Sacramento Kings,0021501095,2016-03-27,SAC vs. DAL,W,15,5,6,0.833,0,0,,0,0,,1,5,6,0,0,2,0,3,10,10,23.2,1,2015-16
22015,202326,DeMarcus Cousins,1610612758,SAC,Sacramento Kings,0021501095,2016-03-27,SAC vs. DAL,W,28,7,12,0.583,0,1,0.0,6,10,0.6,2,10,12,5,2,0,3,2,20,17,44.9,1,2015-16
22015,203112,Quincy Acy,1610612758,SAC,Sacramento Kings,0021501095,2016-03-27,SAC vs. DAL,W,17,3,4,0.75,1,1,1.0,0,0,,1,2,3,0,2,0,0,1,7,8,16.6,1,2015-16
22015,203078,Bradley Beal,1610612764,WAS,Washington Wizards,0021501096,2016-03-27,WAS @ LAL,W,29,1,5,0.2,1,3,0.333,1,4,0.25,0,6,6,3,1,0,1,0,4,-2,17.7,1,2015-16
22015,203490,Otto Porter Jr.,1610612764,WAS,Washington Wizards,0021501096,2016-03-27,WAS @ LAL,W,32,6,9,0.667,2,4,0.5,0,0,,2,4,6,0,1,0,2,3,14,12,22.2,1,2015-16
22015,101135,David Lee,1610612742,DAL,Dallas Mavericks,0021501095,2016-03-27,DAL @ SAC,L,14,5,7,0.714,0,0,,2,2,1.0,2,4,6,2,0,0,1,2,12,-8,21.2,1,2015-16
22015,1626147,Justin Anderson,1610612742,DAL,Dallas Mavericks,0021501095,2016-03-27,DAL @ SAC,L,21,5,13,0.385,0,5,0.0,1,1,1.0,1,2,3,2,0,0,2,2,11,-12,15.6,1,2015-16
22015,1626257,Salah Mejri,1610612742,DAL,Dallas Mavericks,0021501095,2016-03-27,DAL @ SAC,L,7,1,1,1.0,0,0,,0,2,0.0,0,2,2,1,0,1,0,3,2,1,8.9,1,2015-16
22015,203530,Joffrey Lauvergne,1610612743,DEN,Denver Nuggets,0021501092,2016-03-27,DEN @ LAC,L,18,5,7,0.714,0,1,0.0,0,0,,1,3,4,1,0,0,1,3,10,0,15.3,1,2015-16
22015,203914,Gary Harris,1610612743,DEN,Denver Nuggets,0021501092,2016-03-27,DEN @ LAC,L,29,4,10,0.4,3,5,0.6,0,0,,0,1,1,2,2,0,0,2,11,-15,21.2,1,2015-16
22015,203994,Jusuf Nurkić,1610612743,DEN,Denver Nuggets,0021501092,2016-03-27,DEN @ LAC,L,24,9,13,0.692,0,0,,1,2,0.5,4,3,7,3,0,1,3,3,19,4,31.9,1,2015-16
22015,1626144,Emmanuel Mudiay,1610612743,DEN,Denver Nuggets,0021501092,2016-03-27,DEN @ LAC,L,23,2,15,0.133,0,5,0.0,0,0,,1,1,2,1,1,1,2,2,4,-17,11.9,1,2015-16
22015,2571,Leandro Barbosa,1610612744,GSW,Golden State Warriors,0021501094,2016-03-27,GSW vs. PHI,W,23,1,3,0.333,0,0,,0,0,,1,5,6,0,2,0,1,4,2,3,14.2,1,2015-16
22015,203546,Ian Clark,1610612744,GSW,Golden State Warriors,0021501094,2016-03-27,GSW vs. PHI,W,21,2,5,0.4,0,3,0.0,2,3,0.667,0,2,2,2,1,0,2,1,6,7,12.4,1,2015-16
22015,203949,James Michael McAdoo,1610612744,GSW,Golden State Warriors,0021501094,2016-03-27,GSW vs. PHI,W,7,2,3,0.667,0,0,,0,0,,0,1,1,1,0,0,1,2,4,-4,5.7,1,2015-16
22015,2730,Dwight Howard,1610612745,HOU,Houston Rockets,0021501093,2016-03-27,HOU @ IND,L,30,5,6,0.833,0,0,,1,3,0.333,3,7,10,0,0,2,3,2,11,-15,26.0,1,2015-16
22015,202700,Donatas Motiejunas,1610612745,HOU,Houston Rockets,0021501093,2016-03-27,HOU @ IND,L,16,3,8,0.375,1,3,0.333,1,2,0.5,2,1,3,0,1,0,1,2,8,-1,13.6,1,2015-16
22015,201601,Luc Mbah a Moute,1610612746,LAC,LA Clippers,0021501092,2016-03-27,LAC vs. DEN,W,18,1,2,0.5,0,0,,0,0,,1,1,2,1,2,0,1,0,2,18,10.9,1,2015-16
22015,201579,Roy Hibbert,1610612747,LAL,Los Angeles Lakers,0021501096,2016-03-27,LAL vs. WAS,L,21,1,3,0.333,0,0,,0,0,,0,5,5,0,1,0,0,5,2,-6,11.0,1,2015-16
22015,203903,Jordan Clarkson,1610612747,LAL,Los Angeles Lakers,0021501096,2016-03-27,LAL vs. WAS,L,30,1,7,0.143,0,4,0.0,0,0,,1,4,5,3,0,0,3,2,2,-10,9.5,1,2015-16
22015,203944,Julius Randle,1610612747,LAL,Los Angeles Lakers,0021501096,2016-03-27,LAL vs. WAS,L,30,7,11,0.636,0,1,0.0,0,0,,2,5,7,1,2,0,1,4,14,-7,28.9,1,2015-16
22015,202730,Lavoy Allen,1610612754,IND,Indiana Pacers,0021501093,2016-03-27,IND vs. HOU,W,20,2,2,1.0,0,0,,3,4,0.75,2,4,6,0,0,1,2,2,7,1,15.2,1,2015-16
22015,1626167,Myles Turner,1610612754,IND,Indiana Pacers,0021501093,2016-03-27,IND vs. HOU,W,19,0,5,0.0,0,0,,0,0,,1,2,3,0,2,1,1,3,0,-5,11.6,1,2015-16
22015,1882,Elton Brand,1610612755,PHI,Philadelphia 76ers,0021501094,2016-03-27,PHI @ GSW,L,17,5,6,0.833,0,0,,0,0,,0,3,3,2,0,2,1,3,10,-1,21.6,1,2015-16
22015,203477,Isaiah Canaan,1610612755,PHI,Philadelphia 76ers,0021501094,2016-03-27,PHI @ GSW,L,28,3,9,0.333,3,6,0.5,6,6,1.0,0,0,0,2,0,0,1,3,15,-15,17.0,1,2015-16
22015,101162,Marcin Gortat,1610612764,WAS,Washington Wizards,0021501096,2016-03-27,WAS @ LAL,W,34,6,10,0.6,0,0,,4,4,1.0,1,9,10,0,1,2,0,0,16,14,37.0,1,2015-16
22015,201162,Jared Dudley,1610612764,WAS,Washington Wizards,0021501096,2016-03-27,WAS @ LAL,W,11,0,1,0.0,0,0,,0,0,,0,1,1,2,0,0,0,2,0,8,4.2,1,2015-16
22015,201581,JJ Hickson,1610612764,WAS,Washington Wizards,0021501096,2016-03-27,WAS @ LAL,W,20,5,5,1.0,0,0,,4,12,0.333,1,4,5,0,2,0,2,3,14,-5,24.0,1,2015-16
22015,101109,Raymond Felton,1610612742,DAL,Dallas Mavericks,0021501095,2016-03-27,DAL @ SAC,L,35,5,12,0.417,1,2,0.5,4,4,1.0,0,4,4,5,2,0,2,1,15,-22,31.3,1,2015-16
22015,202083,Wesley Matthews,1610612742,DAL,Dallas Mavericks,0021501095,2016-03-27,DAL @ SAC,L,35,3,7,0.429,2,5,0.4,4,4,1.0,0,3,3,3,1,0,2,3,12,-18,21.1,1,2015-16
22015,203115,Will Barton,1610612743,DEN,Denver Nuggets,0021501092,2016-03-27,DEN @ LAC,L,30,6,11,0.545,1,3,0.333,0,1,0.0,0,3,3,3,1,2,1,2,13,1,29.1,1,2015-16
22015,1626253,Axel Toupane,1610612743,DEN,Denver Nuggets,0021501092,2016-03-27,DEN @ LAC,L,25,1,1,1.0,0,0,,0,0,,2,0,2,1,0,0,1,3,2,2,4.9,1,2015-16
22015,203084,Harrison Barnes,1610612744,GSW,Golden State Warriors,0021501094,2016-03-27,GSW vs. PHI,W,32,4,9,0.444,0,0,,2,2,1.0,0,2,2,1,1,0,0,0,10,7,16.9,1,2015-16
22015,203110,Draymond Green,1610612744,GSW,Golden State Warriors,0021501094,2016-03-27,GSW vs. PHI,W,36,4,7,0.571,2,3,0.667,3,6,0.5,1,10,11,11,1,3,4,2,13,9,50.7,1,2015-16
22015,203909,KJ McDaniels,1610612745,HOU,Houston Rockets,0021501093,2016-03-27,HOU @ IND,L,13,1,1,1.0,0,0,,0,0,,0,0,0,0,0,1,1,1,2,18,4.0,1,2015-16
22015,101108,Chris Paul,1610612746,LAC,LA Clippers,0021501092,2016-03-27,LAC vs. DEN,W,26,4,11,0.364,2,4,0.5,4,5,0.8,1,5,6,9,1,1,2,1,14,22,38.7,1,2015-16
22015,201965,Jeff Ayres,1610612746,LAC,LA Clippers,0021501092,2016-03-27,LAC vs. DEN,W,2,0,0,,0,0,,0,0,,0,0,0,0,0,0,0,0,0,-1,0.0,1,2015-16
22015,202325,Wesley Johnson,1610612746,LAC,LA Clippers,0021501092,2016-03-27,LAC vs. DEN,W,28,5,6,0.833,3,4,0.75,0,0,,2,2,4,1,3,1,1,4,13,5,30.3,1,2015-16
22015,202332,Cole Aldrich,1610612746,LAC,LA Clippers,0021501092,2016-03-27,LAC vs. DEN,W,16,2,3,0.667,0,0,,1,1,1.0,2,1,3,0,0,1,0,3,5,5,11.6,1,2015-16
22015,977,Kobe Bryant,1610612747,LAL,Los Angeles Lakers,0021501096,2016-03-27,LAL vs. WAS,L,23,6,15,0.4,3,7,0.429,2,2,1.0,0,1,1,2,1,0,2,0,17,-11,22.2,1,2015-16
22015,204028,Tarik Black,1610612747,LAL,Los Angeles Lakers,0021501096,2016-03-27,LAL vs. WAS,L,9,1,3,0.333,0,0,,0,0,,0,1,1,0,0,0,0,1,2,10,3.2,1,2015-16
22015,1626156,D'Angelo Russell,1610612747,LAL,Los Angeles Lakers,0021501096,2016-03-27,LAL vs. WAS,L,32,8,20,0.4,3,7,0.429,3,3,1.0,2,1,3,2,3,0,2,0,22,-15,35.6,1,2015-16
22015,1626204,Larry Nance Jr.,1610612747,LAL,Los Angeles Lakers,0021501096,2016-03-27,LAL vs. WAS,L,27,4,8,0.5,0,0,,1,2,0.5,3,4,7,1,4,0,0,2,9,-3,30.9,1,2015-16
22015,201588,George Hill,1610612754,IND,Indiana Pacers,0021501093,2016-03-27,IND vs. HOU,W,29,1,5,0.2,1,4,0.25,0,0,,0,3,3,3,0,0,0,4,3,-1,11.1,1,2015-16
22015,201941,Jordan Hill,1610612754,IND,Indiana Pacers,0021501093,2016-03-27,IND vs. HOU,W,8,2,4,0.5,0,0,,0,0,,0,2,2,0,0,1,1,2,4,-5,8.4,1,2015-16
22015,201951,Ty Lawson,1610612754,IND,Indiana Pacers,0021501093,2016-03-27,IND vs. HOU,W,14,3,4,0.75,0,1,0.0,0,0,,0,1,1,5,1,0,2,1,6,1,15.7,1,2015-16
22015,203088,Kendall Marshall,1610612755,PHI,Philadelphia 76ers,0021501094,2016-03-27,PHI @ GSW,L,9,0,3,0.0,0,1,0.0,0,0,,0,0,0,0,0,0,1,0,0,-12,-1.0,1,2015-16
22015,203496,Robert Covington,1610612755,PHI,Philadelphia 76ers,0021501094,2016-03-27,PHI @ GSW,L,32,6,12,0.5,4,7,0.571,0,0,,1,10,11,0,1,0,1,3,16,5,31.2,1,2015-16
22015,201954,Darren Collison,1610612758,SAC,Sacramento Kings,0021501095,2016-03-27,SAC vs. DAL,W,27,7,11,0.636,1,2,0.5,2,2,1.0,0,2,2,4,1,0,0,1,17,14,28.4,1,2015-16
22015,202341,James Anderson,1610612758,SAC,Sacramento Kings,0021501095,2016-03-27,SAC vs. DAL,W,5,0,0,,0,0,,0,0,,0,0,0,1,0,0,0,0,0,-5,1.5,1,2015-16
22015,203552,Seth Curry,1610612758,SAC,Sacramento Kings,0021501095,2016-03-27,SAC vs. DAL,W,23,4,7,0.571,2,4,0.5,4,4,1.0,0,1,1,3,1,0,1,0,14,2,21.7,1,2015-16
22015,2403,Nene,1610612764,WAS,Washington Wizards,0021501096,2016-03-27,WAS @ LAL,W,30,4,8,0.5,0,1,0.0,2,2,1.0,0,3,3,2,2,0,2,2,10,12,20.6,1,2015-16
22015,201977,Marcus Thornton,1610612764,WAS,Washington Wizards,0021501096,2016-03-27,WAS @ LAL,W,10,1,6,0.167,1,3,0.333,1,2,0.5,1,1,2,1,3,0,2,1,4,6,14.9,1,2015-16
22015,201589,Darrell Arthur,1610612743,DEN,Denver Nuggets,0021501092,2016-03-27,DEN @ LAC,L,23,2,13,0.154,0,4,0.0,2,2,1.0,9,3,12,1,0,1,4,1,6,-18,20.9,1,2015-16
22015,201575,Brandon Rush,1610612744,GSW,Golden State Warriors,0021501094,2016-03-27,GSW vs. PHI,W,16,2,2,1.0,1,1,1.0,0,0,,0,5,5,4,0,0,1,0,5,15,16.0,1,2015-16
22015,201939,Stephen Curry,1610612744,GSW,Golden State Warriors,0021501094,2016-03-27,GSW vs. PHI,W,33,7,16,0.438,2,9,0.222,4,5,0.8,0,3,3,8,4,0,4,0,20,4,43.6,1,2015-16
22015,201976,Patrick Beverley,1610612745,HOU,Houston Rockets,0021501093,2016-03-27,HOU @ IND,L,26,3,8,0.375,0,3,0.0,0,0,,1,0,1,3,0,0,1,2,6,-26,10.7,1,2015-16
22015,203524,Solomon Hill,1610612754,IND,Indiana Pacers,0021501093,2016-03-27,IND vs. HOU,W,16,1,2,0.5,0,0,,0,0,,2,3,5,3,2,0,1,3,2,0,17.5,1,2015-16
22015,203924,Jerami Grant,1610612755,PHI,Philadelphia 76ers,0021501094,2016-03-27,PHI @ GSW,L,3,0,2,0.0,0,1,0.0,0,0,,0,0,0,1,0,0,0,1,0,-8,1.5,1,2015-16
22015,1626161,Willie Cauley-Stein,1610612758,SAC,Sacramento Kings,0021501095,2016-03-27,SAC vs. DAL,W,28,8,11,0.727,0,0,,5,5,1.0,2,5,7,2,0,0,2,2,21,9,30.4,1,2015-16
22015,2594,Kyle Korver,1610612737,ATL,Atlanta Hawks,0021501099,2016-03-28,ATL @ CHI,W,29,4,10,0.4,2,5,0.4,2,2,1.0,0,5,5,3,0,2,0,0,12,17,28.5,1,2015-16
22015,200757,Thabo Sefolosha,1610612737,ATL,Atlanta Hawks,0021501099,2016-03-28,ATL @ CHI,W,23,0,0,,0,0,,2,2,1.0,0,2,2,0,0,0,0,1,2,-4,4.4,1,2015-16
22015,201143,Al Horford,1610612737,ATL,Atlanta Hawks,0021501099,2016-03-28,ATL @ CHI,W,34,6,11,0.545,0,0,,2,4,0.5,2,8,10,3,0,1,0,0,14,9,33.5,1,2015-16
22015,201950,Jrue Holiday,1610612740,NOP,New Orleans Pelicans,0021501102,2016-03-28,NOP vs. NYK,W,34,9,19,0.474,2,5,0.4,2,2,1.0,1,5,6,6,4,0,2,0,22,4,48.2,1,2015-16
22015,202706,Jordan Hamilton,1610612740,NOP,New Orleans Pelicans,0021501102,2016-03-28,NOP vs. NYK,W,19,2,5,0.4,1,4,0.25,0,0,,0,4,4,2,2,1,1,3,5,4,20.8,1,2015-16
22015,204025,Tim Frazier,1610612740,NOP,New Orleans Pelicans,0021501102,2016-03-28,NOP vs. NYK,W,23,1,7,0.143,0,1,0.0,2,6,0.333,0,6,6,2,2,0,1,1,4,-2,19.2,1,2015-16
22015,2399,Mike Dunleavy,1610612741,CHI,Chicago Bulls,0021501099,2016-03-28,CHI vs. ATL,L,20,2,8,0.25,1,3,0.333,0,0,,0,5,5,0,0,0,2,1,5,-7,9.0,1,2015-16
22015,1717,Dirk Nowitzki,1610612742,DAL,Dallas Mavericks,0021501103,2016-03-28,DAL @ DEN,W,33,4,17,0.235,0,3,0.0,2,2,1.0,1,3,4,0,4,1,0,3,10,5,29.8,1,2015-16
22015,202702,Kenneth Faried,1610612743,DEN,Denver Nuggets,0021501103,2016-03-28,DEN vs. DAL,L,22,3,7,0.429,0,0,,3,4,0.75,4,7,11,0,0,2,4,3,9,-9,24.2,1,2015-16
22015,203530,Joffrey Lauvergne,1610612743,DEN,Denver Nuggets,0021501103,2016-03-28,DEN vs. DAL,L,23,4,7,0.571,0,2,0.0,0,0,,1,2,3,2,0,1,1,2,8,-17,16.6,1,2015-16
22015,203999,Nikola Jokić,1610612743,DEN,Denver Nuggets,0021501103,2016-03-28,DEN vs. DAL,L,24,1,7,0.143,0,2,0.0,0,0,,0,8,8,2,2,0,3,2,2,10,17.6,1,2015-16
22015,1626144,Emmanuel Mudiay,1610612743,DEN,Denver Nuggets,0021501103,2016-03-28,DEN vs. DAL,L,35,5,11,0.455,1,3,0.333,5,6,0.833,0,6,6,7,1,0,4,3,16,2,32.7,1,2015-16
22015,1626253,Axel Toupane,1610612743,DEN,Denver Nuggets,0021501103,2016-03-28,DEN vs. DAL,L,7,1,1,1.0,0,0,,0,0,,0,0,0,0,0,0,0,2,2,-6,2.0,1,2015-16
22015,2037,Jamal Crawford,1610612746,LAC,LA Clippers,0021501106,2016-03-28,LAC vs. BOS,W,29,5,12,0.417,4,10,0.4,1,1,1.0,0,2,2,2,1,0,3,2,15,19,20.4,1,2015-16
22015,201601,Luc Mbah a Moute,1610612746,LAC,LA Clippers,0021501106,2016-03-28,LAC vs. BOS,W,17,1,1,1.0,0,0,,0,0,,1,0,1,0,1,0,0,0,2,0,6.2,1,2015-16
22015,203912,C.J. Wilcox,1610612746,LAC,LA Clippers,0021501106,2016-03-28,LAC vs. BOS,W,5,1,1,1.0,0,0,,0,0,,0,0,0,1,1,0,0,1,2,0,6.5,1,2015-16
22015,1897,Metta World Peace,1610612747,LAL,Los Angeles Lakers,0021501104,2016-03-28,LAL @ UTA,L,12,2,3,0.667,1,2,0.5,0,2,0.0,0,1,1,1,0,0,1,3,5,-6,6.7,1,2015-16
22015,203903,Jordan Clarkson,1610612747,LAL,Los Angeles Lakers,0021501104,2016-03-28,LAL @ UTA,L,34,5,18,0.278,1,4,0.25,1,2,0.5,0,8,8,2,2,0,1,1,12,-36,29.6,1,2015-16
22015,202962,Greg Smith,1610612750,MIN,Minnesota Timberwolves,0021501101,2016-03-28,MIN vs. PHX,W,10,0,0,,0,0,,1,2,0.5,0,1,1,0,0,0,1,1,1,1,1.2,1,2015-16
22015,203476,Gorgui Dieng,1610612750,MIN,Minnesota Timberwolves,0021501101,2016-03-28,MIN vs. PHX,W,30,5,7,0.714,0,0,,1,1,1.0,4,5,9,0,2,0,3,3,11,6,24.8,1,2015-16
22015,1626157,Karl-Anthony Towns,1610612750,MIN,Minnesota Timberwolves,0021501101,2016-03-28,MIN vs. PHX,W,38,10,18,0.556,1,3,0.333,6,6,1.0,2,8,10,5,2,0,1,3,27,6,51.5,1,2015-16
22015,202711,Bojan Bogdanovic,1610612751,BKN,Brooklyn Nets,0021501097,2016-03-28,BKN @ MIA,L,24,4,10,0.4,1,3,0.333,0,0,,0,1,1,0,0,0,2,0,9,-5,8.2,1,2015-16
22015,203930,Sean Kilpatrick,1610612751,BKN,Brooklyn Nets,0021501097,2016-03-28,BKN @ MIA,L,21,5,11,0.455,0,3,0.0,4,4,1.0,1,2,3,0,0,0,2,1,14,-8,15.6,1,2015-16
22015,2546,Carmelo Anthony,1610612752,NYK,New York Knicks,0021501102,2016-03-28,NYK @ NOP,L,36,9,22,0.409,4,11,0.364,0,0,,0,5,5,6,0,0,4,4,22,-7,33.0,1,2015-16
22015,203124,Kyle O'Quinn,1610612752,NYK,New York Knicks,0021501102,2016-03-28,NYK @ NOP,L,5,0,1,0.0,0,0,,0,0,,1,2,3,0,0,1,0,0,0,0,6.6,1,2015-16
22015,101179,Ronnie Price,1610612756,PHX,Phoenix Suns,0021501101,2016-03-28,PHX @ MIN,L,21,3,7,0.429,2,4,0.5,4,4,1.0,0,1,1,3,4,0,0,4,12,8,29.7,1,2015-16
22015,202329,Al-Farouq Aminu,1610612757,POR,Portland Trail Blazers,0021501105,2016-03-28,POR vs. SAC,W,24,5,10,0.5,2,6,0.333,2,2,1.0,1,7,8,2,1,1,2,1,14,20,30.6,1,2015-16
22015,203943,Noah Vonleh,1610612757,POR,Portland Trail Blazers,0021501105,2016-03-28,POR vs. SAC,W,24,2,4,0.5,0,0,,1,2,0.5,0,6,6,1,0,2,2,4,5,-1,17.7,1,2015-16
22015,203112,Quincy Acy,1610612758,SAC,Sacramento Kings,0021501105,2016-03-28,SAC @ POR,L,28,4,8,0.5,1,2,0.5,1,1,1.0,1,3,4,1,1,1,1,3,10,-4,21.3,1,2015-16
22015,202713,Kyle Singler,1610612760,OKC,Oklahoma City Thunder,0021501098,2016-03-28,OKC @ TOR,W,12,0,4,0.0,0,1,0.0,0,0,,1,0,1,1,0,0,0,2,0,-19,2.7,1,2015-16
22015,201942,DeMar DeRozan,1610612761,TOR,Toronto Raptors,0021501098,2016-03-28,TOR vs. OKC,L,34,8,22,0.364,0,0,,3,3,1.0,0,2,2,5,0,0,0,2,19,-26,28.9,1,2015-16
22015,202335,Patrick Patterson,1610612761,TOR,Toronto Raptors,0021501098,2016-03-28,TOR vs. OKC,L,29,4,6,0.667,2,4,0.5,3,3,1.0,0,3,3,1,1,2,1,2,13,-6,26.1,1,2015-16
22015,203187,Chris Johnson,1610612762,UTA,Utah Jazz,0021501104,2016-03-28,UTA vs. LAL,W,15,0,4,0.0,0,3,0.0,2,2,1.0,1,1,2,0,0,1,0,2,2,2,7.4,1,2015-16
22015,203918,Rodney Hood,1610612762,UTA,Utah Jazz,0021501104,2016-03-28,UTA vs. LAL,W,29,11,13,0.846,8,9,0.889,0,0,,1,2,3,0,0,1,0,0,30,40,36.6,1,2015-16
22015,203210,JaMychal Green,1610612763,MEM,Memphis Grizzlies,0021501100,2016-03-28,MEM vs. SAS,L,27,5,9,0.556,1,2,0.5,1,2,0.5,0,5,5,3,1,0,0,5,12,-19,25.5,1,2015-16
22015,200794,Paul Millsap,1610612737,ATL,Atlanta Hawks,0021501099,2016-03-28,ATL @ CHI,W,35,4,12,0.333,1,3,0.333,2,2,1.0,3,8,11,3,1,6,2,2,11,-1,47.7,1,2015-16
22015,203471,Dennis Schröder,1610612737,ATL,Atlanta Hawks,0021501099,2016-03-28,ATL @ CHI,W,18,6,10,0.6,0,2,0.0,2,2,1.0,0,1,1,1,0,0,2,3,14,-12,14.7,1,2015-16
22015,101161,Amir Johnson,1610612738,BOS,Boston Celtics,0021501106,2016-03-28,BOS @ LAC,L,19,1,2,0.5,0,0,,1,2,0.5,1,4,5,1,1,1,2,3,3,-15,14.5,1,2015-16
22015,203482,Kelly Olynyk,1610612738,BOS,Boston Celtics,0021501106,2016-03-28,BOS @ LAC,L,23,3,9,0.333,2,3,0.667,0,0,,1,4,5,1,0,0,0,2,8,-9,15.5,1,2015-16
22015,201600,Omer Asik,1610612740,NOP,New Orleans Pelicans,0021501102,2016-03-28,NOP vs. NYK,W,8,1,2,0.5,0,0,,0,0,,1,2,3,0,0,0,2,1,2,-6,3.6,1,2015-16
22015,202710,Jimmy Butler III,1610612741,CHI,Chicago Bulls,0021501099,2016-03-28,CHI vs. ATL,L,35,5,16,0.313,2,7,0.286,3,3,1.0,4,4,8,4,0,0,0,2,15,-2,30.6,1,2015-16
22015,203926,Doug McDermott,1610612741,CHI,Chicago Bulls,0021501099,2016-03-28,CHI vs. ATL,L,20,0,2,0.0,0,1,0.0,1,2,0.5,0,3,3,0,0,0,0,1,1,3,4.6,1,2015-16
22015,101135,David Lee,1610612742,DAL,Dallas Mavericks,0021501103,2016-03-28,DAL @ DEN,W,4,0,0,,0,0,,0,0,,0,2,2,0,0,0,0,0,0,-1,2.4,1,2015-16
22015,1626147,Justin Anderson,1610612742,DAL,Dallas Mavericks,0021501103,2016-03-28,DAL @ DEN,W,24,5,8,0.625,1,3,0.333,0,0,,2,2,4,2,1,2,0,1,11,1,27.8,1,2015-16
22015,201589,Darrell Arthur,1610612743,DEN,Denver Nuggets,0021501103,2016-03-28,DEN vs. DAL,L,26,4,7,0.571,1,3,0.333,0,0,,0,1,1,1,0,0,3,3,9,0,8.7,1,2015-16
22015,203115,Will Barton,1610612743,DEN,Denver Nuggets,0021501103,2016-03-28,DEN vs. DAL,L,32,7,14,0.5,5,9,0.556,4,4,1.0,0,8,8,2,0,0,1,1,23,-14,34.6,1,2015-16
22015,203960,JaKarr Sampson,1610612743,DEN,Denver Nuggets,0021501103,2016-03-28,DEN vs. DAL,L,18,1,4,0.25,0,1,0.0,0,0,,0,3,3,2,0,1,1,1,2,3,10.6,1,2015-16
22015,1718,Paul Pierce,1610612746,LAC,LA Clippers,0021501106,2016-03-28,LAC vs. BOS,W,12,4,6,0.667,0,2,0.0,0,0,,0,3,3,2,1,0,0,2,8,14,17.6,1,2015-16
22015,201145,Jeff Green,1610612746,LAC,LA Clippers,0021501106,2016-03-28,LAC vs. BOS,W,26,4,11,0.364,1,1,1.0,1,2,0.5,0,4,4,1,0,0,1,1,10,17,15.3,1,2015-16
22015,201965,Jeff Ayres,1610612746,LAC,LA Clippers,0021501106,2016-03-28,LAC vs. BOS,W,5,2,2,1.0,0,0,,0,0,,0,1,1,0,0,0,1,3,4,0,4.2,1,2015-16
22015,101138,Brandon Bass,1610612747,LAL,Los Angeles Lakers,0021501104,2016-03-28,LAL @ UTA,L,12,1,2,0.5,0,0,,0,0,,0,2,2,1,0,0,0,2,2,-2,5.9,1,2015-16
22015,203527,Ryan Kelly,1610612747,LAL,Los Angeles Lakers,0021501104,2016-03-28,LAL @ UTA,L,17,3,8,0.375,0,0,,0,0,,1,5,6,1,0,1,0,2,6,-11,17.7,1,2015-16
22015,201177,Josh McRoberts,1610612748,MIA,Miami Heat,0021501097,2016-03-28,MIA vs. BKN,W,17,2,5,0.4,0,2,0.0,0,0,,0,1,1,4,1,0,0,2,4,5,14.2,1,2015-16
22015,1626196,Josh Richardson,1610612748,MIA,Miami Heat,0021501097,2016-03-28,MIA vs. BKN,W,38,6,9,0.667,3,4,0.75,1,2,0.5,1,4,5,3,2,1,1,2,16,13,34.5,1,2015-16
22015,202357,Nemanja Bjelica,1610612750,MIN,Minnesota Timberwolves,0021501101,2016-03-28,MIN vs. PHX,W,13,1,4,0.25,0,2,0.0,0,0,,1,1,2,1,0,0,1,3,2,-7,4.9,1,2015-16
22015,203897,Zach LaVine,1610612750,MIN,Minnesota Timberwolves,0021501101,2016-03-28,MIN vs. PHX,W,34,6,10,0.6,1,5,0.2,2,2,1.0,0,1,1,1,0,0,3,5,15,-5,14.7,1,2015-16
22015,203952,Andrew Wiggins,1610612750,MIN,Minnesota Timberwolves,0021501101,2016-03-28,MIN vs. PHX,W,36,6,13,0.462,3,5,0.6,17,21,0.81,1,4,5,2,1,3,1,0,32,16,52.0,1,2015-16
22015,201152,Thaddeus Young,1610612751,BKN,Brooklyn Nets,0021501097,2016-03-28,BKN @ MIA,L,31,10,12,0.833,0,0,,0,0,,1,8,9,3,3,1,1,1,20,-2,46.3,1,2015-16
22015,203156,Henry Sims,1610612751,BKN,Brooklyn Nets,0021501097,2016-03-28,BKN @ MIA,L,13,2,3,0.667,0,0,,0,0,,3,3,6,1,0,0,1,2,4,-11,11.7,1,2015-16
22015,203508,Sergey Karasev,1610612751,BKN,Brooklyn Nets,0021501097,2016-03-28,BKN @ MIA,L,18,1,2,0.5,0,0,,1,2,0.5,0,2,2,2,0,0,1,1,3,1,7.4,1,2015-16
22015,101181,Jose Calderon,1610612752,NYK,New York Knicks,0021501102,2016-03-28,NYK @ NOP,L,30,3,7,0.429,3,6,0.5,0,0,,1,6,7,6,2,0,1,4,9,-2,31.4,1,2015-16
22015,202682,Derrick Williams,1610612752,NYK,New York Knicks,0021501102,2016-03-28,NYK @ NOP,L,15,2,4,0.5,0,0,,0,0,,0,2,2,0,0,0,2,0,4,1,4.4,1,2015-16
22015,204001,Kristaps Porziņģis,1610612752,NYK,New York Knicks,0021501102,2016-03-28,NYK @ NOP,L,35,4,10,0.4,2,4,0.5,6,8,0.75,1,9,10,2,2,3,1,2,16,-1,45.0,1,2015-16
22015,203141,Mirza Teletovic,1610612756,PHX,Phoenix Suns,0021501101,2016-03-28,PHX @ MIN,L,26,7,17,0.412,3,9,0.333,2,4,0.5,0,4,4,2,0,0,1,4,19,0,25.8,1,2015-16
22015,1626210,Alan Williams,1610612756,PHX,Phoenix Suns,0021501101,2016-03-28,PHX @ MIN,L,3,0,1,0.0,0,0,,0,0,,2,0,2,0,0,0,2,2,0,-2,0.4,1,2015-16
22015,201945,Gerald Henderson,1610612757,POR,Portland Trail Blazers,0021501105,2016-03-28,POR vs. SAC,W,21,4,9,0.444,1,2,0.5,2,2,1.0,0,4,4,0,1,0,3,5,11,5,15.8,1,2015-16
22015,203090,Maurice Harkless,1610612757,POR,Portland Trail Blazers,0021501105,2016-03-28,POR vs. SAC,W,23,5,7,0.714,1,3,0.333,1,1,1.0,1,2,3,2,0,1,1,1,12,15,20.6,1,2015-16
22015,203148,Brian Roberts,1610612757,POR,Portland Trail Blazers,0021501105,2016-03-28,POR vs. SAC,W,17,0,5,0.0,0,1,0.0,0,0,,0,1,1,4,0,1,0,1,0,-12,10.2,1,2015-16
22015,203459,Allen Crabbe,1610612757,POR,Portland Trail Blazers,0021501105,2016-03-28,POR vs. SAC,W,21,8,10,0.8,3,4,0.75,2,3,0.667,0,4,4,1,1,1,1,2,21,5,32.3,1,2015-16
22015,203468,CJ McCollum,1610612757,POR,Portland Trail Blazers,0021501105,2016-03-28,POR vs. SAC,W,24,5,13,0.385,4,6,0.667,2,2,1.0,0,2,2,3,1,0,1,2,16,27,24.9,1,2015-16
22015,201585,Kosta Koufos,1610612758,SAC,Sacramento Kings,0021501105,2016-03-28,SAC @ POR,L,32,5,12,0.417,0,0,,0,0,,3,4,7,1,2,1,1,2,10,-18,27.9,1,2015-16
22015,202341,James Anderson,1610612758,SAC,Sacramento Kings,0021501105,2016-03-28,SAC @ POR,L,22,2,4,0.5,1,2,0.5,3,4,0.75,0,2,2,2,1,0,1,3,8,4,15.4,1,2015-16
22015,1889,Andre Miller,1610612759,SAS,San Antonio Spurs,0021501100,2016-03-28,SAS @ MEM,W,28,3,8,0.375,0,1,0.0,2,6,0.333,1,0,1,4,1,0,1,1,8,7,17.2,1,2015-16
22015,201980,Danny Green,1610612759,SAS,San Antonio Spurs,0021501100,2016-03-28,SAS @ MEM,W,30,3,7,0.429,0,3,0.0,0,0,,0,7,7,1,2,2,1,1,6,28,26.9,1,2015-16
22015,202683,Enes Freedom,1610612760,OKC,Oklahoma City Thunder,0021501098,2016-03-28,OKC @ TOR,W,20,2,6,0.333,0,0,,3,3,1.0,3,6,9,0,1,0,1,4,7,-14,19.8,1,2015-16
22015,203460,Andre Roberson,1610612760,OKC,Oklahoma City Thunder,0021501098,2016-03-28,OKC @ TOR,W,25,2,2,1.0,2,2,1.0,3,4,0.75,1,3,4,0,1,0,0,2,9,25,16.8,1,2015-16
22015,202709,Cory Joseph,1610612761,TOR,Toronto Raptors,0021501098,2016-03-28,TOR vs. OKC,L,26,3,9,0.333,0,2,0.0,1,1,1.0,1,2,3,4,1,0,1,0,7,1,18.6,1,2015-16
22015,1626181,Norman Powell,1610612761,TOR,Toronto Raptors,0021501098,2016-03-28,TOR vs. OKC,L,28,7,13,0.538,4,7,0.571,0,0,,1,3,4,0,0,2,0,2,18,-22,28.8,1,2015-16
22015,202714,Shelvin Mack,1610612762,UTA,Utah Jazz,0021501104,2016-03-28,UTA vs. LAL,W,29,8,11,0.727,1,3,0.333,0,0,,0,3,3,5,0,0,2,0,17,48,26.1,1,2015-16
22015,1626168,Trey Lyles,1610612762,UTA,Utah Jazz,0021501104,2016-03-28,UTA vs. LAL,W,17,4,10,0.4,3,5,0.6,0,0,,0,8,8,3,0,0,2,3,11,12,23.1,1,2015-16
22015,2365,Chris Andersen,1610612763,MEM,Memphis Grizzlies,0021501100,2016-03-28,MEM vs. SAS,L,24,1,5,0.2,0,1,0.0,3,4,0.75,3,2,5,1,2,1,0,2,5,-4,21.5,1,2015-16
22015,2754,Tony Allen,1610612763,MEM,Memphis Grizzlies,0021501100,2016-03-28,MEM vs. SAS,L,17,2,8,0.25,0,2,0.0,0,0,,0,0,0,1,2,0,2,0,4,-7,9.5,1,2015-16
22015,2743,Kris Humphries,1610612737,ATL,Atlanta Hawks,0021501099,2016-03-28,ATL @ CHI,W,14,3,4,0.75,1,2,0.5,2,2,1.0,1,5,6,0,0,0,0,3,9,-7,16.2,1,2015-16
22015,201952,Jeff Teague,1610612737,ATL,Atlanta Hawks,0021501099,2016-03-28,ATL @ CHI,W,30,9,18,0.5,0,1,0.0,8,8,1.0,1,5,6,7,1,1,0,1,26,14,49.7,1,2015-16
22015,202323,Evan Turner,1610612738,BOS,Boston Celtics,0021501106,2016-03-28,BOS @ LAC,L,32,2,8,0.25,0,1,0.0,0,0,,0,4,4,1,1,0,0,0,4,-15,13.3,1,2015-16
22015,202738,Isaiah Thomas,1610612738,BOS,Boston Celtics,0021501106,2016-03-28,BOS @ LAC,L,28,5,14,0.357,2,5,0.4,12,13,0.923,0,0,0,2,0,1,2,3,24,-20,28.0,1,2015-16
22015,203935,Marcus Smart,1610612738,BOS,Boston Celtics,0021501106,2016-03-28,BOS @ LAC,L,24,6,12,0.5,0,4,0.0,1,1,1.0,2,3,5,4,1,0,3,2,13,-14,25.0,1,2015-16
22015,201962,Toney Douglas,1610612740,NOP,New Orleans Pelicans,0021501102,2016-03-28,NOP vs. NYK,W,25,4,10,0.4,2,3,0.667,6,6,1.0,1,4,5,2,0,0,3,2,16,22,22.0,1,2015-16
22015,201967,Dante Cunningham,1610612740,NOP,New Orleans Pelicans,0021501102,2016-03-28,NOP vs. NYK,W,40,3,7,0.429,1,3,0.333,5,6,0.833,0,3,3,2,0,0,0,2,12,3,18.6,1,2015-16
22015,202087,Alonzo Gee,1610612740,NOP,New Orleans Pelicans,0021501102,2016-03-28,NOP vs. NYK,W,20,4,8,0.5,0,0,,1,4,0.25,1,1,2,1,2,0,3,1,9,-2,15.9,1,2015-16
22015,202337,Luke Babbitt,1610612740,NOP,New Orleans Pelicans,0021501102,2016-03-28,NOP vs. NYK,W,24,4,6,0.667,2,3,0.667,4,4,1.0,0,4,4,2,1,0,0,2,14,12,24.8,1,2015-16
22015,2200,Pau Gasol,1610612741,CHI,Chicago Bulls,0021501099,2016-03-28,CHI vs. ATL,L,34,8,18,0.444,0,1,0.0,3,4,0.75,3,9,12,5,1,0,2,3,19,-4,41.9,1,2015-16
22015,201166,Aaron Brooks,1610612741,CHI,Chicago Bulls,0021501099,2016-03-28,CHI vs. ATL,L,23,7,10,0.7,2,2,1.0,0,0,,2,2,4,6,1,0,2,5,16,7,30.8,1,2015-16
22015,2585,Zaza Pachulia,1610612742,DAL,Dallas Mavericks,0021501103,2016-03-28,DAL @ DEN,W,29,1,5,0.2,0,0,,3,3,1.0,1,4,5,0,0,0,0,4,5,15,11.0,1,2015-16
22015,203085,Austin Rivers,1610612746,LAC,LA Clippers,0021501106,2016-03-28,LAC vs. BOS,W,30,5,9,0.556,2,2,1.0,4,4,1.0,0,2,2,2,2,0,2,3,16,21,25.4,1,2015-16
22015,977,Kobe Bryant,1610612747,LAL,Los Angeles Lakers,0021501104,2016-03-28,LAL @ UTA,L,28,1,11,0.091,0,4,0.0,3,3,1.0,0,0,0,2,1,0,0,0,5,-43,11.0,1,2015-16
22015,201579,Roy Hibbert,1610612747,LAL,Los Angeles Lakers,0021501104,2016-03-28,LAL @ UTA,L,24,3,6,0.5,0,0,,2,2,1.0,2,4,6,0,0,4,0,3,8,-38,27.2,1,2015-16
22015,203135,Robert Sacre,1610612747,LAL,Los Angeles Lakers,0021501104,2016-03-28,LAL @ UTA,L,8,1,3,0.333,0,0,,3,4,0.75,2,2,4,0,0,0,0,0,5,1,9.8,1,2015-16
22015,203944,Julius Randle,1610612747,LAL,Los Angeles Lakers,0021501104,2016-03-28,LAL @ UTA,L,24,1,5,0.2,0,0,,0,0,,0,1,1,0,0,0,1,2,2,-38,2.2,1,2015-16
22015,203498,Shabazz Muhammad,1610612750,MIN,Minnesota Timberwolves,0021501101,2016-03-28,MIN vs. PHX,W,14,5,10,0.5,0,3,0.0,0,0,,2,3,5,0,0,0,0,0,10,-10,16.0,1,2015-16
22015,201572,Brook Lopez,1610612751,BKN,Brooklyn Nets,0021501097,2016-03-28,BKN @ MIA,L,35,12,20,0.6,0,1,0.0,2,2,1.0,3,1,4,0,0,1,4,1,26,0,29.8,1,2015-16
22015,202388,Donald Sloan,1610612751,BKN,Brooklyn Nets,0021501097,2016-03-28,BKN @ MIA,L,19,1,3,0.333,0,1,0.0,0,2,0.0,0,1,1,3,0,0,1,0,2,-5,6.7,1,2015-16
22015,1626191,Chris McCullough,1610612751,BKN,Brooklyn Nets,0021501097,2016-03-28,BKN @ MIA,L,17,2,6,0.333,1,2,0.5,0,0,,1,2,3,0,1,0,2,0,5,-9,9.6,1,2015-16
22015,201167,Arron Afflalo,1610612752,NYK,New York Knicks,0021501102,2016-03-28,NYK @ NOP,L,28,2,9,0.222,1,3,0.333,0,0,,0,2,2,1,0,0,2,6,5,-17,6.9,1,2015-16
22015,1626170,Jerian Grant,1610612752,NYK,New York Knicks,0021501102,2016-03-28,NYK @ NOP,L,10,0,3,0.0,0,1,0.0,0,0,,0,0,0,3,0,0,0,2,0,-5,4.5,1,2015-16
22015,2199,Tyson Chandler,1610612756,PHX,Phoenix Suns,0021501101,2016-03-28,PHX @ MIN,L,19,1,1,1.0,0,0,,0,0,,0,3,3,4,0,0,2,5,2,-5,9.6,1,2015-16
22015,202688,Brandon Knight,1610612756,PHX,Phoenix Suns,0021501101,2016-03-28,PHX @ MIN,L,32,10,16,0.625,7,11,0.636,3,4,0.75,0,2,2,5,0,1,5,4,30,-18,37.9,1,2015-16
22015,2406,Caron Butler,1610612758,SAC,Sacramento Kings,0021501105,2016-03-28,SAC @ POR,L,3,0,2,0.0,0,0,,0,0,,0,0,0,0,0,0,0,2,0,-2,0.0,1,2015-16
22015,201954,Darren Collison,1610612758,SAC,Sacramento Kings,0021501105,2016-03-28,SAC @ POR,L,32,5,13,0.385,0,0,,0,0,,0,2,2,7,3,0,2,2,10,-22,29.9,1,2015-16
22015,1626161,Willie Cauley-Stein,1610612758,SAC,Sacramento Kings,0021501105,2016-03-28,SAC @ POR,L,33,6,12,0.5,0,0,,1,2,0.5,6,8,14,2,1,0,1,2,13,0,34.8,1,2015-16
22015,200746,LaMarcus Aldridge,1610612759,SAS,San Antonio Spurs,0021501100,2016-03-28,SAS @ MEM,W,31,11,16,0.688,0,0,,9,11,0.818,4,9,13,3,0,2,1,0,31,18,56.1,1,2015-16
22015,203613,Jonathon Simmons,1610612759,SAS,San Antonio Spurs,0021501100,2016-03-28,SAS @ MEM,W,10,1,5,0.2,0,1,0.0,0,0,,0,0,0,0,1,0,0,3,2,-5,5.0,1,2015-16
22015,201566,Russell Westbrook,1610612760,OKC,Oklahoma City Thunder,0021501098,2016-03-28,OKC @ TOR,W,34,10,16,0.625,1,3,0.333,5,8,0.625,3,7,10,12,1,0,3,1,26,35,56.0,1,2015-16
22015,203500,Steven Adams,1610612760,OKC,Oklahoma City Thunder,0021501098,2016-03-28,OKC @ TOR,W,28,3,5,0.6,0,0,,4,5,0.8,3,6,9,2,0,1,1,5,10,33,25.8,1,2015-16
22015,2449,Luis Scola,1610612761,TOR,Toronto Raptors,0021501098,2016-03-28,TOR vs. OKC,L,15,0,3,0.0,0,1,0.0,0,0,,1,1,2,1,2,1,1,3,0,-17,11.9,1,2015-16
22015,202687,Bismack Biyombo,1610612761,TOR,Toronto Raptors,0021501098,2016-03-28,TOR vs. OKC,L,18,2,4,0.5,0,0,,3,5,0.6,3,4,7,0,0,1,0,3,7,-4,18.4,1,2015-16
22015,203512,Lucas Nogueira,1610612761,TOR,Toronto Raptors,0021501098,2016-03-28,TOR vs. OKC,L,3,0,1,0.0,0,0,,0,0,,0,0,0,0,0,0,0,0,0,4,0.0,1,2015-16
22015,202344,Trevor Booker,1610612762,UTA,Utah Jazz,0021501104,2016-03-28,UTA vs. LAL,W,16,6,8,0.75,1,1,1.0,4,6,0.667,3,2,5,0,0,1,0,2,17,16,26.0,1,2015-16
22015,203481,Jeff Withey,1610612762,UTA,Utah Jazz,0021501104,2016-03-28,UTA vs. LAL,W,8,1,2,0.5,0,0,,0,0,,1,0,1,0,0,1,0,1,2,-1,6.2,1,2015-16
22015,203504,Trey Burke,1610612762,UTA,Utah Jazz,0021501104,2016-03-28,UTA vs. LAL,W,10,1,5,0.2,1,3,0.333,0,0,,0,0,0,2,0,0,0,0,3,5,6.0,1,2015-16
22015,204060,Joe Ingles,1610612762,UTA,Utah Jazz,0021501104,2016-03-28,UTA vs. LAL,W,21,2,3,0.667,2,3,0.667,0,0,,0,3,3,3,0,0,1,0,6,32,13.1,1,2015-16
22015,204098,Xavier Munford,1610612763,MEM,Memphis Grizzlies,0021501100,2016-03-28,MEM vs. SAS,L,6,2,4,0.5,1,1,1.0,0,1,0.0,0,1,1,0,0,1,0,1,5,3,9.2,1,2015-16
22015,1626185,Jarell Martin,1610612763,MEM,Memphis Grizzlies,0021501100,2016-03-28,MEM vs. SAS,L,20,3,6,0.5,0,0,,1,2,0.5,1,4,5,0,0,1,1,3,7,4,15.0,1,2015-16
22015,203118,Mike Scott,1610612737,ATL,Atlanta Hawks,0021501099,2016-03-28,ATL @ CHI,W,12,2,3,0.667,1,2,0.5,2,2,1.0,0,3,3,1,0,1,1,2,7,1,14.1,1,2015-16
22015,202340,Avery Bradley,1610612738,BOS,Boston Celtics,0021501106,2016-03-28,BOS @ LAC,L,31,5,11,0.455,3,4,0.75,0,1,0.0,0,1,1,2,3,1,3,0,13,-19,26.2,1,2015-16
22015,203096,Jared Sullinger,1610612738,BOS,Boston Celtics,0021501106,2016-03-28,BOS @ LAC,L,20,4,11,0.364,0,0,,1,2,0.5,5,6,11,2,0,0,1,1,9,1,24.2,1,2015-16
22015,203923,James Young,1610612738,BOS,Boston Celtics,0021501106,2016-03-28,BOS @ LAC,L,3,0,0,,0,0,,0,0,,0,0,0,0,0,0,0,0,0,-5,0.0,1,2015-16
22015,1626154,RJ Hunter,1610612738,BOS,Boston Celtics,0021501106,2016-03-28,BOS @ LAC,L,4,0,1,0.0,0,0,,0,0,,0,0,0,0,0,0,0,0,0,-3,0.0,1,2015-16
22015,201959,Taj Gibson,1610612741,CHI,Chicago Bulls,0021501099,2016-03-28,CHI vs. ATL,L,31,4,8,0.5,0,0,,1,2,0.5,4,8,12,0,0,4,0,2,9,-10,35.4,1,2015-16
22015,1626171,Bobby Portis,1610612741,CHI,Chicago Bulls,0021501099,2016-03-28,CHI vs. ATL,L,14,3,7,0.429,1,1,1.0,1,2,0.5,3,3,6,0,0,0,0,0,8,2,15.2,1,2015-16
22015,101109,Raymond Felton,1610612742,DAL,Dallas Mavericks,0021501103,2016-03-28,DAL @ DEN,W,32,3,8,0.375,1,2,0.5,4,4,1.0,2,3,5,5,1,0,1,4,11,-9,26.5,1,2015-16
22015,200826,J.J. Barea,1610612742,DAL,Dallas Mavericks,0021501103,2016-03-28,DAL @ DEN,W,26,7,13,0.538,3,6,0.5,1,2,0.5,0,1,1,11,2,0,1,2,18,18,40.7,1,2015-16
22015,202083,Wesley Matthews,1610612742,DAL,Dallas Mavericks,0021501103,2016-03-28,DAL @ DEN,W,34,5,14,0.357,4,10,0.4,0,0,,0,3,3,2,1,1,1,2,14,3,25.6,1,2015-16
22015,203939,Dwight Powell,1610612742,DAL,Dallas Mavericks,0021501103,2016-03-28,DAL @ DEN,W,30,8,13,0.615,0,0,,0,0,,2,5,7,0,2,1,0,4,16,-1,33.4,1,2015-16
22015,2749,Jameer Nelson,1610612743,DEN,Denver Nuggets,0021501103,2016-03-28,DEN vs. DAL,L,7,0,1,0.0,0,0,,0,0,,0,1,1,0,0,0,0,1,0,-4,1.2,1,2015-16
22015,201571,D.J. Augustin,1610612743,DEN,Denver Nuggets,0021501103,2016-03-28,DEN vs. DAL,L,17,0,2,0.0,0,0,,4,4,1.0,1,2,3,3,0,0,3,1,4,-17,9.1,1,2015-16
22015,101108,Chris Paul,1610612746,LAC,LA Clippers,0021501106,2016-03-28,LAC vs. BOS,W,26,5,14,0.357,1,3,0.333,2,2,1.0,0,4,4,14,3,0,4,2,13,7,43.8,1,2015-16
22015,101150,Lou Williams,1610612747,LAL,Los Angeles Lakers,0021501104,2016-03-28,LAL @ UTA,L,18,4,6,0.667,3,5,0.6,5,6,0.833,0,1,1,1,0,0,1,0,16,-12,17.7,1,2015-16
22015,1626156,D'Angelo Russell,1610612747,LAL,Los Angeles Lakers,0021501104,2016-03-28,LAL @ UTA,L,29,2,11,0.182,1,2,0.5,0,0,,0,2,2,1,1,0,2,3,5,-37,9.9,1,2015-16
22015,2548,Dwyane Wade,1610612748,MIA,Miami Heat,0021501097,2016-03-28,MIA vs. BKN,W,32,14,19,0.737,0,1,0.0,2,2,1.0,0,2,2,9,2,2,4,3,30,9,53.9,1,2015-16
22015,2736,Luol Deng,1610612748,MIA,Miami Heat,0021501097,2016-03-28,MIA vs. BKN,W,31,4,11,0.364,1,3,0.333,0,0,,1,4,5,1,2,0,1,0,9,6,21.5,1,2015-16
22015,101123,Gerald Green,1610612748,MIA,Miami Heat,0021501097,2016-03-28,MIA vs. BKN,W,8,1,3,0.333,0,1,0.0,0,0,,1,0,1,0,0,0,0,0,2,-1,3.2,1,2015-16
22015,202355,Hassan Whiteside,1610612748,MIA,Miami Heat,0021501097,2016-03-28,MIA vs. BKN,W,31,12,16,0.75,0,0,,3,4,0.75,3,5,8,1,1,1,1,4,27,16,43.1,1,2015-16
22015,1626145,Tyus Jones,1610612750,MIN,Minnesota Timberwolves,0021501101,2016-03-28,MIN vs. PHX,W,14,1,3,0.333,0,2,0.0,1,2,0.5,0,0,0,2,2,0,2,0,3,-2,10.0,1,2015-16
22015,203499,Shane Larkin,1610612751,BKN,Brooklyn Nets,0021501097,2016-03-28,BKN @ MIA,L,29,1,5,0.2,0,0,,5,6,0.833,0,3,3,8,3,0,4,0,7,-6,27.6,1,2015-16
22015,201577,Robin Lopez,1610612752,NYK,New York Knicks,0021501102,2016-03-28,NYK @ NOP,L,30,8,12,0.667,0,0,,1,3,0.333,3,2,5,2,0,2,3,1,17,1,29.0,1,2015-16
22015,202338,Kevin Seraphin,1610612752,NYK,New York Knicks,0021501102,2016-03-28,NYK @ NOP,L,11,2,6,0.333,0,0,,0,0,,0,4,4,0,0,0,0,2,4,-6,8.8,1,2015-16
22015,201978,Chase Budinger,1610612756,PHX,Phoenix Suns,0021501101,2016-03-28,PHX @ MIN,L,20,1,2,0.5,1,2,0.5,0,0,,0,1,1,0,0,0,0,0,3,10,4.2,1,2015-16
22015,202720,Jon Leuer,1610612756,PHX,Phoenix Suns,0021501101,2016-03-28,PHX @ MIN,L,11,0,1,0.0,0,0,,0,0,,0,1,1,0,2,0,1,1,0,-4,6.2,1,2015-16
22015,203458,Alex Len,1610612756,PHX,Phoenix Suns,0021501101,2016-03-28,PHX @ MIN,L,37,7,12,0.583,0,0,,0,0,,3,10,13,1,3,0,5,5,14,5,35.1,1,2015-16
22015,203081,Damian Lillard,1610612757,POR,Portland Trail Blazers,0021501105,2016-03-28,POR vs. SAC,W,29,4,9,0.444,3,5,0.6,2,2,1.0,0,1,1,9,1,1,4,2,13,19,29.7,1,2015-16
22015,203486,Mason Plumlee,1610612757,POR,Portland Trail Blazers,0021501105,2016-03-28,POR vs. SAC,W,20,2,4,0.5,0,0,,0,0,,0,3,3,3,1,0,2,3,4,16,13.1,1,2015-16
22015,1626242,Luis Montero,1610612757,POR,Portland Trail Blazers,0021501105,2016-03-28,POR vs. SAC,W,5,0,2,0.0,0,1,0.0,1,2,0.5,0,1,1,0,0,0,0,0,1,-15,2.2,1,2015-16
22015,203463,Ben McLemore,1610612758,SAC,Sacramento Kings,0021501105,2016-03-28,SAC @ POR,L,26,0,7,0.0,0,2,0.0,3,4,0.75,1,3,4,1,1,0,3,3,3,5,9.3,1,2015-16
22015,2564,Boris Diaw,1610612759,SAS,San Antonio Spurs,0021501100,2016-03-28,SAS @ MEM,W,21,5,9,0.556,0,1,0.0,3,4,0.75,1,5,6,1,0,1,5,4,13,2,19.7,1,2015-16
22015,2755,Kevin Martin,1610612759,SAS,San Antonio Spurs,0021501100,2016-03-28,SAS @ MEM,W,22,0,3,0.0,0,0,,1,1,1.0,1,1,2,1,1,0,1,3,1,-11,6.9,1,2015-16
22015,1626246,Boban Marjanovic,1610612759,SAS,San Antonio Spurs,0021501100,2016-03-28,SAS @ MEM,W,30,1,4,0.25,0,0,,3,4,0.75,3,6,9,2,0,1,0,3,5,8,21.8,1,2015-16
22015,200751,Randy Foye,1610612760,OKC,Oklahoma City Thunder,0021501098,2016-03-28,OKC @ TOR,W,14,0,1,0.0,0,0,,0,0,,0,1,1,1,0,0,1,2,0,-16,1.7,1,2015-16
22015,201586,Serge Ibaka,1610612760,OKC,Oklahoma City Thunder,0021501098,2016-03-28,OKC @ TOR,W,33,6,12,0.5,1,4,0.25,2,2,1.0,0,9,9,1,0,2,0,1,15,39,33.3,1,2015-16
22015,201627,Anthony Morrow,1610612760,OKC,Oklahoma City Thunder,0021501098,2016-03-28,OKC @ TOR,W,7,1,3,0.333,1,2,0.5,0,0,,0,0,0,1,0,0,1,2,3,-7,3.5,1,2015-16
22015,1626166,Cameron Payne,1610612760,OKC,Oklahoma City Thunder,0021501098,2016-03-28,OKC @ TOR,W,3,0,0,,0,0,,0,0,,0,0,0,0,0,0,0,1,0,-6,0.0,1,2015-16
22015,201949,James Johnson,1610612761,TOR,Toronto Raptors,0021501098,2016-03-28,TOR vs. OKC,L,16,3,6,0.5,0,2,0.0,0,0,,1,4,5,4,0,0,2,1,6,5,16.0,1,2015-16
22015,202324,Derrick Favors,1610612762,UTA,Utah Jazz,0021501104,2016-03-28,UTA vs. LAL,W,27,6,12,0.5,0,1,0.0,2,2,1.0,2,7,9,1,1,0,1,2,14,33,28.3,1,2015-16
22015,203497,Rudy Gobert,1610612762,UTA,Utah Jazz,0021501104,2016-03-28,UTA vs. LAL,W,28,3,8,0.375,0,0,,2,4,0.5,4,15,19,4,0,2,0,3,8,36,42.8,1,2015-16
22015,1713,Vince Carter,1610612763,MEM,Memphis Grizzlies,0021501100,2016-03-28,MEM vs. SAS,L,21,3,9,0.333,2,3,0.667,6,7,0.857,0,3,3,1,0,0,0,1,14,3,19.1,1,2015-16
22015,2440,Matt Barnes,1610612763,MEM,Memphis Grizzlies,0021501100,2016-03-28,MEM vs. SAS,L,30,4,9,0.444,1,3,0.333,2,2,1.0,4,5,9,3,2,0,4,3,11,-16,28.3,1,2015-16
22015,200797,Ryan Hollins,1610612763,MEM,Memphis Grizzlies,0021501100,2016-03-28,MEM vs. SAS,L,20,2,2,1.0,0,0,,2,6,0.333,2,1,3,1,1,1,1,2,6,-10,16.1,1,2015-16
22015,202362,Lance Stephenson,1610612763,MEM,Memphis Grizzlies,0021501100,2016-03-28,MEM vs. SAS,L,21,2,8,0.25,0,1,0.0,0,0,,3,1,4,3,0,0,6,1,4,-17,7.3,1,2015-16
22015,203501,Tim Hardaway Jr.,1610612737,ATL,Atlanta Hawks,0021501099,2016-03-28,ATL @ CHI,W,18,1,8,0.125,0,4,0.0,0,0,,0,0,0,2,0,0,2,0,2,-8,3.0,1,2015-16
22015,201973,Jonas Jerebko,1610612738,BOS,Boston Celtics,0021501106,2016-03-28,BOS @ LAC,L,10,0,3,0.0,0,1,0.0,4,4,1.0,3,2,5,0,1,1,0,1,4,-14,16.0,1,2015-16
22015,1626179,Terry Rozier,1610612738,BOS,Boston Celtics,0021501106,2016-03-28,BOS @ LAC,L,20,1,4,0.25,0,1,0.0,0,0,,2,3,5,1,0,0,3,3,2,-4,6.5,1,2015-16
22015,2570,Kendrick Perkins,1610612740,NOP,New Orleans Pelicans,0021501102,2016-03-28,NOP vs. NYK,W,21,0,0,,0,0,,3,4,0.75,2,6,8,0,0,1,0,1,3,15,15.6,1,2015-16
22015,201582,Alexis Ajinca,1610612740,NOP,New Orleans Pelicans,0021501102,2016-03-28,NOP vs. NYK,W,26,4,11,0.364,0,0,,4,5,0.8,0,6,6,1,0,1,1,3,12,-10,22.7,1,2015-16
22015,201565,Derrick Rose,1610612741,CHI,Chicago Bulls,0021501099,2016-03-28,CHI vs. ATL,L,34,8,25,0.32,2,4,0.5,2,2,1.0,2,3,5,5,2,1,1,1,20,-1,41.5,1,2015-16
22015,202703,Nikola Mirotic,1610612741,CHI,Chicago Bulls,0021501099,2016-03-28,CHI vs. ATL,L,17,2,6,0.333,1,3,0.333,0,0,,0,3,3,2,0,0,0,2,5,8,11.6,1,2015-16
22015,203200,Justin Holiday,1610612741,CHI,Chicago Bulls,0021501099,2016-03-28,CHI vs. ATL,L,12,1,6,0.167,0,0,,0,0,,0,0,0,0,0,0,0,0,2,-6,2.0,1,2015-16
22015,2734,Devin Harris,1610612742,DAL,Dallas Mavericks,0021501103,2016-03-28,DAL @ DEN,W,29,3,10,0.3,2,8,0.25,4,4,1.0,1,2,3,3,3,1,0,0,12,14,32.1,1,2015-16
22015,203914,Gary Harris,1610612743,DEN,Denver Nuggets,0021501103,2016-03-28,DEN vs. DAL,L,30,5,9,0.556,2,4,0.5,1,1,1.0,0,0,0,1,0,0,1,1,13,7,13.5,1,2015-16
22015,200755,JJ Redick,1610612746,LAC,LA Clippers,0021501106,2016-03-28,LAC vs. BOS,W,18,4,8,0.5,1,2,0.5,0,0,,0,2,2,1,1,0,0,3,9,11,15.9,1,2015-16
22015,201599,DeAndre Jordan,1610612746,LAC,LA Clippers,0021501106,2016-03-28,LAC vs. BOS,W,29,5,8,0.625,0,0,,5,7,0.714,3,10,13,2,1,3,1,2,15,10,44.6,1,2015-16
22015,202325,Wesley Johnson,1610612746,LAC,LA Clippers,0021501106,2016-03-28,LAC vs. BOS,W,16,4,7,0.571,1,3,0.333,2,2,1.0,0,1,1,0,1,0,0,2,11,2,15.2,1,2015-16
22015,202332,Cole Aldrich,1610612746,LAC,LA Clippers,0021501106,2016-03-28,LAC vs. BOS,W,14,3,3,1.0,0,0,,0,0,,4,3,7,1,0,2,2,2,6,11,19.9,1,2015-16
22015,203143,Pablo Prigioni,1610612746,LAC,LA Clippers,0021501106,2016-03-28,LAC vs. BOS,W,13,1,2,0.5,1,2,0.5,0,0,,1,4,5,3,1,0,0,0,3,8,16.5,1,2015-16
22015,204028,Tarik Black,1610612747,LAL,Los Angeles Lakers,0021501104,2016-03-28,LAL @ UTA,L,12,1,4,0.25,0,0,,1,2,0.5,1,4,5,0,1,1,0,1,3,-8,15.0,1,2015-16
22015,1626273,Marcelo Huertas,1610612747,LAL,Los Angeles Lakers,0021501104,2016-03-28,LAL @ UTA,L,23,2,8,0.25,1,3,0.333,1,1,1.0,1,0,1,2,0,0,3,2,6,-10,7.2,1,2015-16
22015,2405,Amar'e Stoudemire,1610612748,MIA,Miami Heat,0021501097,2016-03-28,MIA vs. BKN,W,17,3,3,1.0,0,0,,1,2,0.5,1,2,3,0,3,0,1,0,7,-5,18.6,1,2015-16
22015,2419,Tayshaun Prince,1610612750,MIN,Minnesota Timberwolves,0021501101,2016-03-28,MIN vs. PHX,W,16,1,1,1.0,0,0,,1,2,0.5,0,1,1,0,0,0,0,1,3,13,4.2,1,2015-16
22015,203900,Markel Brown,1610612751,BKN,Brooklyn Nets,0021501097,2016-03-28,BKN @ MIA,L,12,3,4,0.75,1,1,1.0,0,0,,1,0,1,0,0,0,1,1,7,-8,7.2,1,2015-16
22015,1626178,Rondae Hollis-Jefferson,1610612751,BKN,Brooklyn Nets,0021501097,2016-03-28,BKN @ MIA,L,20,0,1,0.0,0,0,,2,2,1.0,0,3,3,3,1,0,1,3,2,-2,12.1,1,2015-16
22015,2756,Sasha Vujacic,1610612752,NYK,New York Knicks,0021501102,2016-03-28,NYK @ NOP,L,18,3,7,0.429,0,2,0.0,0,0,,0,2,2,2,1,0,1,2,6,-4,13.4,1,2015-16
22015,204038,Langston Galloway,1610612752,NYK,New York Knicks,0021501102,2016-03-28,NYK @ NOP,L,22,3,8,0.375,0,4,0.0,2,2,1.0,0,2,2,4,4,0,0,3,8,0,28.4,1,2015-16
22015,200782,P.J. Tucker,1610612756,PHX,Phoenix Suns,0021501101,2016-03-28,PHX @ MIN,L,28,2,5,0.4,0,3,0.0,2,2,1.0,2,4,6,2,0,0,1,5,6,-15,15.2,1,2015-16
22015,1626164,Devin Booker,1610612756,PHX,Phoenix Suns,0021501101,2016-03-28,PHX @ MIN,L,43,10,22,0.455,2,4,0.5,8,9,0.889,0,3,3,5,0,1,4,4,30,-4,40.1,1,2015-16
22015,1626146,Cliff Alexander,1610612757,POR,Portland Trail Blazers,0021501105,2016-03-28,POR vs. SAC,W,5,0,0,,0,0,,0,0,,0,0,0,0,0,0,0,1,0,-15,0.0,1,2015-16
22015,1626192,Pat Connaughton,1610612757,POR,Portland Trail Blazers,0021501105,2016-03-28,POR vs. SAC,W,5,0,2,0.0,0,1,0.0,0,0,,0,0,0,0,0,0,1,0,0,-15,-1.0,1,2015-16
22015,201956,Omri Casspi,1610612758,SAC,Sacramento Kings,0021501105,2016-03-28,SAC @ POR,L,30,6,14,0.429,2,3,0.667,4,8,0.5,0,6,6,5,0,0,2,1,18,-18,30.7,1,2015-16
22015,2588,Matt Bonner,1610612759,SAS,San Antonio Spurs,0021501100,2016-03-28,SAS @ MEM,W,9,2,4,0.5,1,3,0.333,0,0,,0,1,1,0,0,0,0,3,5,1,6.2,1,2015-16
22015,201988,Patty Mills,1610612759,SAS,San Antonio Spurs,0021501100,2016-03-28,SAS @ MEM,W,22,7,10,0.7,3,4,0.75,0,0,,0,1,1,4,0,0,2,0,17,4,22.2,1,2015-16
22015,203937,Kyle Anderson,1610612759,SAS,San Antonio Spurs,0021501100,2016-03-28,SAS @ MEM,W,36,4,6,0.667,1,2,0.5,4,4,1.0,0,3,3,7,4,1,3,3,13,18,39.1,1,2015-16
22015,201142,Kevin Durant,1610612760,OKC,Oklahoma City Thunder,0021501098,2016-03-28,OKC @ TOR,W,37,11,27,0.407,3,10,0.3,9,10,0.9,1,7,8,8,1,1,1,1,34,15,60.6,1,2015-16
22015,203079,Dion Waiters,1610612760,OKC,Oklahoma City Thunder,0021501098,2016-03-28,OKC @ TOR,W,28,6,10,0.6,3,4,0.75,0,0,,0,2,2,3,3,1,2,1,15,10,31.9,1,2015-16
22015,200768,Kyle Lowry,1610612761,TOR,Toronto Raptors,0021501098,2016-03-28,TOR vs. OKC,L,36,4,14,0.286,2,8,0.25,4,8,0.5,1,1,2,4,0,0,4,4,14,-19,18.4,1,2015-16
22015,201574,Jason Thompson,1610612761,TOR,Toronto Raptors,0021501098,2016-03-28,TOR vs. OKC,L,4,1,1,1.0,0,0,,0,0,,1,1,2,0,0,1,0,2,2,4,7.4,1,2015-16
22015,202685,Jonas Valančiūnas,1610612761,TOR,Toronto Raptors,0021501098,2016-03-28,TOR vs. OKC,L,27,5,13,0.385,0,0,,0,0,,3,7,10,0,0,0,0,2,10,-19,22.0,1,2015-16
22015,1626153,Delon Wright,1610612761,TOR,Toronto Raptors,0021501098,2016-03-28,TOR vs. OKC,L,3,1,1,1.0,0,0,,2,3,0.667,0,0,0,0,0,0,0,0,4,4,4.0,1,2015-16
22015,203526,Raul Neto,1610612762,UTA,Utah Jazz,0021501104,2016-03-28,UTA vs. LAL,W,19,1,4,0.25,0,1,0.0,0,0,,0,1,1,2,1,0,0,1,2,0,9.2,1,2015-16
22015,203492,Ray McCallum,1610612763,MEM,Memphis Grizzlies,0021501100,2016-03-28,MEM vs. SAS,L,27,5,13,0.385,0,2,0.0,0,0,,0,1,1,4,0,0,0,1,10,7,17.2,1,2015-16
22015,203145,Kent Bazemore,1610612737,ATL,Atlanta Hawks,0021501099,2016-03-28,ATL @ CHI,W,25,1,9,0.111,0,3,0.0,3,4,0.75,0,4,4,2,2,2,1,1,5,1,23.8,1,2015-16
22015,203092,Tyler Zeller,1610612738,BOS,Boston Celtics,0021501106,2016-03-28,BOS @ LAC,L,19,3,9,0.333,0,0,,2,2,1.0,3,1,4,0,0,0,2,2,8,-3,10.8,1,2015-16
22015,1626175,Jordan Mickey,1610612738,BOS,Boston Celtics,0021501106,2016-03-28,BOS @ LAC,L,7,1,5,0.2,0,0,,0,2,0.0,1,3,4,0,0,0,0,0,2,0,6.8,1,2015-16
22015,2207,Joe Johnson,1610612748,MIA,Miami Heat,0021501097,2016-03-28,MIA vs. BKN,W,35,1,8,0.125,0,4,0.0,0,0,,0,4,4,7,0,0,4,2,2,-2,13.3,1,2015-16
22015,1626159,Justise Winslow,1610612748,MIA,Miami Heat,0021501097,2016-03-28,MIA vs. BKN,W,32,5,10,0.5,1,1,1.0,2,2,1.0,0,3,3,0,0,0,0,1,13,14,16.6,1,2015-16
22015,201937,Ricky Rubio,1610612750,MIN,Minnesota Timberwolves,0021501101,2016-03-28,MIN vs. PHX,W,34,6,15,0.4,2,6,0.333,3,4,0.75,1,6,7,11,3,0,6,2,17,7,44.9,1,2015-16
22015,202334,Ed Davis,1610612757,POR,Portland Trail Blazers,0021501105,2016-03-28,POR vs. SAC,W,23,3,5,0.6,0,0,,2,2,1.0,3,6,9,0,0,3,2,1,8,11,25.8,1,2015-16
22015,203552,Seth Curry,1610612758,SAC,Sacramento Kings,0021501105,2016-03-28,SAC @ POR,L,34,9,17,0.529,3,6,0.5,0,0,,0,4,4,1,2,0,3,2,21,-5,30.3,1,2015-16
22015,202330,Gordon Hayward,1610612762,UTA,Utah Jazz,0021501104,2016-03-28,UTA vs. LAL,W,22,3,9,0.333,1,3,0.333,4,5,0.8,1,2,3,6,2,1,1,4,11,17,31.6,1,2015-16
22015,200770,Jordan Farmar,1610612763,MEM,Memphis Grizzlies,0021501100,2016-03-28,MEM vs. SAS,L,26,4,10,0.4,1,4,0.25,0,0,,0,3,3,2,0,0,0,3,9,-14,15.6,1,2015-16
22015,201567,Kevin Love,1610612739,CLE,Cleveland Cavaliers,0021501111,2016-03-29,CLE vs. HOU,L,30,5,14,0.357,2,6,0.333,1,2,0.5,1,10,11,0,0,0,1,3,13,-16,25.2,1,2015-16
22015,2571,Leandro Barbosa,1610612744,GSW,Golden State Warriors,0021501112,2016-03-29,GSW vs. WAS,W,22,2,6,0.333,0,1,0.0,2,2,1.0,1,2,3,3,0,0,1,2,6,-7,13.1,1,2015-16
22015,201578,Marreese Speights,1610612744,GSW,Golden State Warriors,0021501112,2016-03-29,GSW vs. WAS,W,10,3,7,0.429,0,1,0.0,1,3,0.333,0,2,2,1,0,1,1,4,7,2,12.9,1,2015-16
22015,203084,Harrison Barnes,1610612744,GSW,Golden State Warriors,0021501112,2016-03-29,GSW vs. WAS,W,35,6,11,0.545,0,2,0.0,2,2,1.0,2,7,9,2,1,0,1,2,14,22,29.8,1,2015-16
22015,203546,Ian Clark,1610612744,GSW,Golden State Warriors,0021501112,2016-03-29,GSW vs. WAS,W,17,1,4,0.25,0,1,0.0,0,0,,0,2,2,0,1,1,0,1,2,-5,10.4,1,2015-16
22015,2772,Trevor Ariza,1610612745,HOU,Houston Rockets,0021501111,2016-03-29,HOU @ CLE,W,40,5,10,0.5,2,5,0.4,3,4,0.75,2,4,6,3,1,0,0,2,15,3,29.7,1,2015-16
22015,202700,Donatas Motiejunas,1610612745,HOU,Houston Rockets,0021501111,2016-03-29,HOU @ CLE,W,10,3,7,0.429,0,2,0.0,0,0,,0,2,2,0,0,0,2,4,6,-2,6.4,1,2015-16
22015,203909,KJ McDaniels,1610612745,HOU,Houston Rockets,0021501111,2016-03-29,HOU @ CLE,W,17,1,4,0.25,1,1,1.0,0,0,,2,2,4,0,0,0,2,3,3,-5,5.8,1,2015-16
22015,203186,Willie Reed,1610612751,BKN,Brooklyn Nets,0021501108,2016-03-29,BKN @ ORL,L,12,5,6,0.833,0,0,,0,1,0.0,2,3,5,0,0,1,0,1,10,5,19.0,1,2015-16
22015,203499,Shane Larkin,1610612751,BKN,Brooklyn Nets,0021501108,2016-03-29,BKN @ ORL,L,33,4,9,0.444,0,0,,2,2,1.0,1,3,4,3,2,0,1,2,10,-23,24.3,1,2015-16
22015,203900,Markel Brown,1610612751,BKN,Brooklyn Nets,0021501108,2016-03-29,BKN @ ORL,L,21,3,6,0.5,0,1,0.0,5,9,0.556,0,2,2,5,1,0,2,1,11,-18,21.9,1,2015-16
22015,203095,Evan Fournier,1610612753,ORL,Orlando Magic,0021501108,2016-03-29,ORL vs. BKN,W,23,6,10,0.6,3,4,0.75,0,0,,0,1,1,3,0,0,1,1,15,16,19.7,1,2015-16
22015,101139,CJ Miles,1610612754,IND,Indiana Pacers,0021501107,2016-03-29,IND vs. CHI,L,12,2,7,0.286,1,4,0.25,2,3,0.667,1,0,1,1,0,1,0,0,7,-9,12.7,1,2015-16
22015,201155,Rodney Stuckey,1610612754,IND,Indiana Pacers,0021501107,2016-03-29,IND vs. CHI,L,16,1,5,0.2,0,1,0.0,2,2,1.0,0,2,2,2,1,0,1,3,4,-12,11.4,1,2015-16
22015,201588,George Hill,1610612754,IND,Indiana Pacers,0021501107,2016-03-29,IND vs. CHI,L,32,3,6,0.5,0,1,0.0,0,0,,0,3,3,4,0,0,1,0,6,10,14.6,1,2015-16
22015,203524,Solomon Hill,1610612754,IND,Indiana Pacers,0021501107,2016-03-29,IND vs. CHI,L,27,0,6,0.0,0,3,0.0,4,4,1.0,1,2,3,0,0,0,1,1,4,-5,6.6,1,2015-16
22015,1626167,Myles Turner,1610612754,IND,Indiana Pacers,0021501107,2016-03-29,IND vs. CHI,L,16,3,8,0.375,0,0,,0,0,,1,4,5,0,0,1,1,5,6,-4,14.0,1,2015-16
22015,203138,Hollis Thompson,1610612755,PHI,Philadelphia 76ers,0021501109,2016-03-29,PHI vs. CHA,L,29,2,11,0.182,2,6,0.333,2,2,1.0,3,7,10,3,1,1,2,3,8,-9,28.5,1,2015-16
22015,203917,Nik Stauskas,1610612755,PHI,Philadelphia 76ers,0021501109,2016-03-29,PHI vs. CHA,L,33,4,11,0.364,2,5,0.4,3,4,0.75,1,2,3,1,0,0,2,2,13,-11,16.1,1,2015-16
22015,1626166,Cameron Payne,1610612760,OKC,Oklahoma City Thunder,0021501110,2016-03-29,OKC @ DET,L,13,1,6,0.167,0,3,0.0,0,0,,0,1,1,2,2,0,2,1,2,14,10.2,1,2015-16
22015,1626162,Kelly Oubre Jr.,1610612764,WAS,Washington Wizards,0021501112,2016-03-29,WAS @ GSW,L,5,2,3,0.667,0,1,0.0,2,2,1.0,0,1,1,0,0,0,0,1,6,11,7.2,1,2015-16
22015,202704,Reggie Jackson,1610612765,DET,Detroit Pistons,0021501110,2016-03-29,DET vs. OKC,W,28,4,15,0.267,1,5,0.2,4,4,1.0,0,1,1,6,1,1,4,4,13,15,25.2,1,2015-16
22015,1626199,Darrun Hilliard,1610612765,DET,Detroit Pistons,0021501110,2016-03-29,DET vs. OKC,W,3,0,1,0.0,0,0,,0,0,,0,1,1,0,0,0,0,0,0,-3,1.2,1,2015-16
22015,201946,Tyler Hansbrough,1610612766,CHA,Charlotte Hornets,0021501109,2016-03-29,CHA @ PHI,W,1,0,1,0.0,0,0,,0,0,,0,1,1,0,0,0,0,0,0,-3,1.2,1,2015-16
22015,203584,Troy Daniels,1610612766,CHA,Charlotte Hornets,0021501109,2016-03-29,CHA @ PHI,W,1,1,1,1.0,0,0,,0,0,,0,0,0,0,0,0,0,0,2,-3,2.0,1,2015-16
22015,2210,Richard Jefferson,1610612739,CLE,Cleveland Cavaliers,0021501111,2016-03-29,CLE vs. HOU,L,12,1,2,0.5,1,1,1.0,0,0,,0,0,0,1,1,0,0,1,3,5,7.5,1,2015-16
22015,2747,JR Smith,1610612739,CLE,Cleveland Cavaliers,0021501111,2016-03-29,CLE vs. HOU,L,35,1,6,0.167,0,3,0.0,2,2,1.0,0,3,3,2,0,1,1,5,4,-9,12.6,1,2015-16
22015,2200,Pau Gasol,1610612741,CHI,Chicago Bulls,0021501107,2016-03-29,CHI @ IND,W,33,4,13,0.308,0,1,0.0,2,3,0.667,3,8,11,7,0,4,7,2,10,-7,38.7,1,2015-16
22015,201959,Taj Gibson,1610612741,CHI,Chicago Bulls,0021501107,2016-03-29,CHI @ IND,W,10,0,4,0.0,0,0,,0,0,,1,2,3,1,0,0,0,0,0,10,5.1,1,2015-16
22015,202734,E'Twaun Moore,1610612741,CHI,Chicago Bulls,0021501107,2016-03-29,CHI @ IND,W,24,2,6,0.333,1,3,0.333,0,0,,1,3,4,0,1,1,2,1,5,11,13.8,1,2015-16
22015,1626171,Bobby Portis,1610612741,CHI,Chicago Bulls,0021501107,2016-03-29,CHI @ IND,W,10,3,3,1.0,0,0,,3,3,1.0,0,1,1,0,0,0,0,1,9,-6,10.2,1,2015-16
22015,201563,Michael Beasley,1610612745,HOU,Houston Rockets,0021501111,2016-03-29,HOU @ CLE,W,27,8,15,0.533,0,1,0.0,1,2,0.5,1,7,8,2,0,1,1,4,17,11,31.6,1,2015-16
22015,203080,Thomas Robinson,1610612751,BKN,Brooklyn Nets,0021501108,2016-03-29,BKN @ ORL,L,32,8,13,0.615,0,0,,2,7,0.286,6,6,12,2,1,1,3,4,18,-21,38.4,1,2015-16
22015,203930,Sean Kilpatrick,1610612751,BKN,Brooklyn Nets,0021501108,2016-03-29,BKN @ ORL,L,23,4,12,0.333,0,3,0.0,3,5,0.6,1,1,2,3,2,0,4,0,11,-12,19.9,1,2015-16
22015,1626191,Chris McCullough,1610612751,BKN,Brooklyn Nets,0021501108,2016-03-29,BKN @ ORL,L,16,2,3,0.667,1,2,0.5,0,0,,0,1,1,1,1,1,1,3,5,-13,12.7,1,2015-16
22015,203094,Andrew Nicholson,1610612753,ORL,Orlando Magic,0021501108,2016-03-29,ORL vs. BKN,W,21,9,9,1.0,3,3,1.0,3,6,0.5,1,2,3,2,0,0,1,2,24,15,29.6,1,2015-16
22015,203894,Shabazz Napier,1610612753,ORL,Orlando Magic,0021501108,2016-03-29,ORL vs. BKN,W,6,2,3,0.667,2,3,0.667,0,0,,0,2,2,0,0,0,0,0,6,3,8.4,1,2015-16
22015,101133,Ian Mahinmi,1610612754,IND,Indiana Pacers,0021501107,2016-03-29,IND vs. CHI,L,29,9,12,0.75,0,0,,0,0,,3,4,7,1,0,2,1,2,18,4,32.9,1,2015-16
22015,202331,Paul George,1610612754,IND,Indiana Pacers,0021501107,2016-03-29,IND vs. CHI,L,37,7,16,0.438,2,7,0.286,4,4,1.0,1,8,9,5,4,1,3,2,20,7,50.3,1,2015-16
22015,1882,Elton Brand,1610612755,PHI,Philadelphia 76ers,0021501109,2016-03-29,PHI vs. CHA,L,19,3,10,0.3,0,0,,1,1,1.0,3,6,9,0,1,0,0,2,7,5,20.8,1,2015-16
22015,200751,Randy Foye,1610612760,OKC,Oklahoma City Thunder,0021501110,2016-03-29,OKC @ DET,L,23,3,9,0.333,1,4,0.25,2,4,0.5,0,5,5,3,0,2,1,0,9,11,24.5,1,2015-16
22015,201566,Russell Westbrook,1610612760,OKC,Oklahoma City Thunder,0021501110,2016-03-29,OKC @ DET,L,35,8,28,0.286,2,8,0.25,6,9,0.667,2,2,4,6,1,0,3,4,24,-20,37.8,1,2015-16
22015,202713,Kyle Singler,1610612760,OKC,Oklahoma City Thunder,0021501110,2016-03-29,OKC @ DET,L,18,2,4,0.5,0,0,,2,2,1.0,1,3,4,0,1,0,0,3,6,-14,13.8,1,2015-16
22015,203500,Steven Adams,1610612760,OKC,Oklahoma City Thunder,0021501110,2016-03-29,OKC @ DET,L,35,3,6,0.5,0,0,,1,2,0.5,1,4,5,1,3,3,3,4,7,-2,29.5,1,2015-16
22015,201162,Jared Dudley,1610612764,WAS,Washington Wizards,0021501112,2016-03-29,WAS @ GSW,L,18,2,4,0.5,0,1,0.0,1,1,1.0,1,1,2,1,1,0,1,1,5,8,10.9,1,2015-16
22015,202694,Marcus Morris Sr.,1610612765,DET,Detroit Pistons,0021501110,2016-03-29,DET vs. OKC,W,38,9,13,0.692,1,1,1.0,5,5,1.0,1,6,7,2,0,1,1,2,24,22,37.4,1,2015-16
22015,202699,Tobias Harris,1610612765,DET,Detroit Pistons,0021501110,2016-03-29,DET vs. OKC,W,35,6,14,0.429,1,1,1.0,4,4,1.0,2,5,7,3,1,0,1,2,17,5,31.9,1,2015-16
22015,1626169,Stanley Johnson,1610612765,DET,Detroit Pistons,0021501110,2016-03-29,DET vs. OKC,W,18,3,6,0.5,1,2,0.5,0,1,0.0,1,2,3,1,0,0,3,2,7,-15,9.1,1,2015-16
22015,203087,Jeremy Lamb,1610612766,CHA,Charlotte Hornets,0021501109,2016-03-29,CHA @ PHI,W,20,2,7,0.286,0,2,0.0,3,4,0.75,0,7,7,4,0,1,2,1,7,3,22.4,1,2015-16
22015,203268,Jorge Gutierrez,1610612766,CHA,Charlotte Hornets,0021501109,2016-03-29,CHA @ PHI,W,12,1,1,1.0,0,0,,0,0,,0,1,1,3,0,0,2,0,2,0,5.7,1,2015-16
22015,101112,Channing Frye,1610612739,CLE,Cleveland Cavaliers,0021501111,2016-03-29,CLE vs. HOU,L,10,0,3,0.0,0,3,0.0,0,0,,1,0,1,0,0,0,0,2,0,-5,1.2,1,2015-16
22015,202681,Kyrie Irving,1610612739,CLE,Cleveland Cavaliers,0021501111,2016-03-29,CLE vs. HOU,L,37,9,23,0.391,5,11,0.455,8,9,0.889,0,2,2,8,1,1,5,3,31,-10,46.4,1,2015-16
22015,202703,Nikola Mirotic,1610612741,CHI,Chicago Bulls,0021501107,2016-03-29,CHI @ IND,W,37,9,18,0.5,7,13,0.538,3,3,1.0,2,8,10,2,1,0,4,3,28,2,42.0,1,2015-16
22015,201939,Stephen Curry,1610612744,GSW,Golden State Warriors,0021501112,2016-03-29,GSW vs. WAS,W,35,9,20,0.45,6,8,0.75,2,2,1.0,0,7,7,7,5,0,5,3,26,15,54.9,1,2015-16
22015,203110,Draymond Green,1610612744,GSW,Golden State Warriors,0021501112,2016-03-29,GSW vs. WAS,W,36,4,6,0.667,3,4,0.75,4,4,1.0,0,16,16,9,1,2,2,3,15,8,54.7,1,2015-16
22015,201976,Patrick Beverley,1610612745,HOU,Houston Rockets,0021501111,2016-03-29,HOU @ CLE,W,31,4,10,0.4,2,4,0.5,0,0,,3,4,7,6,2,1,1,5,10,22,35.4,1,2015-16
22015,203473,Dewayne Dedmon,1610612753,ORL,Orlando Magic,0021501108,2016-03-29,ORL vs. BKN,W,20,6,7,0.857,0,0,,3,3,1.0,1,3,4,0,0,3,3,3,15,9,25.8,1,2015-16
22015,203906,Devyn Marble,1610612753,ORL,Orlando Magic,0021501108,2016-03-29,ORL vs. BKN,W,7,2,3,0.667,0,1,0.0,0,2,0.0,0,0,0,1,0,0,0,1,4,4,5.5,1,2015-16
22015,203932,Aaron Gordon,1610612753,ORL,Orlando Magic,0021501108,2016-03-29,ORL vs. BKN,W,27,9,11,0.818,1,3,0.333,1,1,1.0,0,4,4,0,1,0,0,2,20,19,27.8,1,2015-16
22015,1626209,Mario Hezonja,1610612753,ORL,Orlando Magic,0021501108,2016-03-29,ORL vs. BKN,W,25,4,8,0.5,1,4,0.25,1,2,0.5,1,2,3,3,2,1,2,5,10,18,25.1,1,2015-16
22015,101145,Monta Ellis,1610612754,IND,Indiana Pacers,0021501107,2016-03-29,IND vs. CHI,L,32,3,12,0.25,0,2,0.0,2,2,1.0,1,4,5,4,3,1,1,1,8,10,31.0,1,2015-16
22015,1626174,Christian Wood,1610612755,PHI,Philadelphia 76ers,0021501109,2016-03-29,PHI vs. CHA,L,7,1,4,0.25,0,0,,0,0,,0,1,1,0,0,0,0,0,2,-2,3.2,1,2015-16
22015,2555,Nick Collison,1610612760,OKC,Oklahoma City Thunder,0021501110,2016-03-29,OKC @ DET,L,4,1,1,1.0,0,0,,0,0,,0,1,1,0,0,0,0,0,2,-2,3.2,1,2015-16
22015,201627,Anthony Morrow,1610612760,OKC,Oklahoma City Thunder,0021501110,2016-03-29,OKC @ DET,L,14,3,6,0.5,1,2,0.5,0,0,,1,0,1,0,0,0,1,0,7,-8,7.2,1,2015-16
22015,202683,Enes Freedom,1610612760,OKC,Oklahoma City Thunder,0021501110,2016-03-29,OKC @ DET,L,25,6,8,0.75,1,1,1.0,1,3,0.333,6,8,14,1,0,0,3,3,14,3,29.3,1,2015-16
22015,2403,Nene,1610612764,WAS,Washington Wizards,0021501112,2016-03-29,WAS @ GSW,L,18,4,8,0.5,0,0,,2,6,0.333,0,1,1,0,0,0,5,1,10,-5,6.2,1,2015-16
22015,201196,Ramon Sessions,1610612764,WAS,Washington Wizards,0021501112,2016-03-29,WAS @ GSW,L,17,0,3,0.0,0,0,,1,2,0.5,0,4,4,3,1,0,2,1,1,9,11.3,1,2015-16
22015,203083,Andre Drummond,1610612765,DET,Detroit Pistons,0021501110,2016-03-29,DET vs. OKC,W,34,6,9,0.667,0,0,,1,2,0.5,5,10,15,0,2,2,5,3,13,11,38.0,1,2015-16
22015,203382,Aron Baynes,1610612765,DET,Detroit Pistons,0021501110,2016-03-29,DET vs. OKC,W,18,1,6,0.167,0,0,,2,2,1.0,3,6,9,0,0,0,0,3,4,-6,14.8,1,2015-16
22015,201587,Nicolas Batum,1610612766,CHA,Charlotte Hornets,0021501109,2016-03-29,CHA @ PHI,W,38,8,16,0.5,1,4,0.25,2,2,1.0,2,9,11,12,1,0,3,2,19,18,50.2,1,2015-16
22015,2592,James Jones,1610612739,CLE,Cleveland Cavaliers,0021501111,2016-03-29,CLE vs. HOU,L,8,2,5,0.4,2,5,0.4,4,4,1.0,0,1,1,0,1,0,0,0,10,15,14.2,1,2015-16
22015,202697,Iman Shumpert,1610612739,CLE,Cleveland Cavaliers,0021501111,2016-03-29,CLE vs. HOU,L,35,4,14,0.286,2,6,0.333,1,2,0.5,1,2,3,2,1,2,1,4,11,-6,25.6,1,2015-16
22015,203521,Matthew Dellavedova,1610612739,CLE,Cleveland Cavaliers,0021501111,2016-03-29,CLE vs. HOU,L,20,2,7,0.286,0,3,0.0,0,0,,0,2,2,8,0,0,0,2,4,-7,18.4,1,2015-16
22015,2399,Mike Dunleavy,1610612741,CHI,Chicago Bulls,0021501107,2016-03-29,CHI @ IND,W,17,1,3,0.333,0,1,0.0,1,2,0.5,0,0,0,1,1,0,0,3,3,-10,7.5,1,2015-16
22015,201166,Aaron Brooks,1610612741,CHI,Chicago Bulls,0021501107,2016-03-29,CHI @ IND,W,20,3,6,0.5,1,2,0.5,0,0,,0,0,0,4,0,0,1,1,7,16,12.0,1,2015-16
22015,201565,Derrick Rose,1610612741,CHI,Chicago Bulls,0021501107,2016-03-29,CHI @ IND,W,29,4,15,0.267,0,2,0.0,0,0,,0,1,1,4,0,0,0,2,8,-13,15.2,1,2015-16
22015,202710,Jimmy Butler III,1610612741,CHI,Chicago Bulls,0021501107,2016-03-29,CHI @ IND,W,36,6,10,0.6,0,2,0.0,2,2,1.0,1,3,4,3,2,0,1,4,14,-12,28.3,1,2015-16
22015,2733,Shaun Livingston,1610612744,GSW,Golden State Warriors,0021501112,2016-03-29,GSW vs. WAS,W,20,4,7,0.571,0,0,,0,2,0.0,1,3,4,2,0,0,1,2,8,11,14.8,1,2015-16
22015,101106,Andrew Bogut,1610612744,GSW,Golden State Warriors,0021501112,2016-03-29,GSW vs. WAS,W,19,1,2,0.5,0,0,,0,0,,2,4,6,2,0,0,3,1,2,3,9.2,1,2015-16
22015,202691,Klay Thompson,1610612744,GSW,Golden State Warriors,0021501112,2016-03-29,GSW vs. WAS,W,32,7,19,0.368,2,8,0.25,0,0,,0,4,4,1,1,1,2,3,16,5,26.3,1,2015-16
22015,1891,Jason Terry,1610612745,HOU,Houston Rockets,0021501111,2016-03-29,HOU @ CLE,W,9,1,2,0.5,1,2,0.5,0,0,,0,0,0,0,0,0,1,0,3,-8,2.0,1,2015-16
22015,201935,James Harden,1610612745,HOU,Houston Rockets,0021501111,2016-03-29,HOU @ CLE,W,44,8,16,0.5,3,8,0.375,8,10,0.8,2,4,6,8,1,0,4,2,27,14,45.2,1,2015-16
22015,201572,Brook Lopez,1610612751,BKN,Brooklyn Nets,0021501108,2016-03-29,BKN @ ORL,L,15,2,7,0.286,0,0,,1,2,0.5,2,1,3,1,0,0,4,2,5,-10,6.1,1,2015-16
22015,201961,Wayne Ellington,1610612751,BKN,Brooklyn Nets,0021501108,2016-03-29,BKN @ ORL,L,25,4,10,0.4,3,5,0.6,1,1,1.0,0,2,2,1,0,0,1,2,12,-30,14.9,1,2015-16
22015,202388,Donald Sloan,1610612751,BKN,Brooklyn Nets,0021501108,2016-03-29,BKN @ ORL,L,7,0,1,0.0,0,0,,0,0,,0,0,0,1,0,0,0,1,0,-15,1.5,1,2015-16
22015,201943,Brandon Jennings,1610612753,ORL,Orlando Magic,0021501108,2016-03-29,ORL vs. BKN,W,16,4,8,0.5,3,6,0.5,0,0,,1,1,2,6,1,0,0,4,11,12,25.4,1,2015-16
22015,201941,Jordan Hill,1610612754,IND,Indiana Pacers,0021501107,2016-03-29,IND vs. CHI,L,7,3,5,0.6,0,0,,0,0,,2,0,2,0,0,0,0,0,6,-5,8.4,1,2015-16
22015,201951,Ty Lawson,1610612754,IND,Indiana Pacers,0021501107,2016-03-29,IND vs. CHI,L,16,4,7,0.571,0,1,0.0,0,0,,0,1,1,3,1,0,0,0,8,-12,16.7,1,2015-16
22015,203088,Kendall Marshall,1610612755,PHI,Philadelphia 76ers,0021501109,2016-03-29,PHI vs. CHA,L,12,1,2,0.5,0,1,0.0,0,0,,0,2,2,2,1,1,1,1,2,2,12.4,1,2015-16
22015,203477,Isaiah Canaan,1610612755,PHI,Philadelphia 76ers,0021501109,2016-03-29,PHI vs. CHA,L,27,3,10,0.3,3,8,0.375,1,1,1.0,0,3,3,1,1,0,1,3,10,-21,17.1,1,2015-16
22015,203496,Robert Covington,1610612755,PHI,Philadelphia 76ers,0021501109,2016-03-29,PHI vs. CHA,L,30,6,16,0.375,6,14,0.429,0,0,,1,6,7,2,3,0,0,5,18,-6,38.4,1,2015-16
22015,204456,T.J. McConnell,1610612755,PHI,Philadelphia 76ers,0021501109,2016-03-29,PHI vs. CHA,L,20,1,7,0.143,0,2,0.0,0,0,,0,4,4,2,1,0,0,1,2,2,12.8,1,2015-16
22015,201581,JJ Hickson,1610612764,WAS,Washington Wizards,0021501112,2016-03-29,WAS @ GSW,L,6,4,6,0.667,0,0,,1,2,0.5,2,3,5,0,0,0,0,0,9,11,15.0,1,2015-16
22015,202693,Markieff Morris,1610612764,WAS,Washington Wizards,0021501112,2016-03-29,WAS @ GSW,L,24,5,12,0.417,3,7,0.429,2,2,1.0,0,8,8,0,0,1,4,3,15,-12,23.6,1,2015-16
22015,2581,Steve Blake,1610612765,DET,Detroit Pistons,0021501110,2016-03-29,DET vs. OKC,W,20,0,5,0.0,0,4,0.0,0,0,,0,3,3,2,1,0,0,0,0,-9,9.6,1,2015-16
22015,201229,Anthony Tolliver,1610612765,DET,Detroit Pistons,0021501110,2016-03-29,DET vs. OKC,W,9,1,2,0.5,0,1,0.0,0,0,,0,0,0,0,0,0,0,0,2,-3,2.0,1,2015-16
22015,202689,Kemba Walker,1610612766,CHA,Charlotte Hornets,0021501109,2016-03-29,CHA @ PHI,W,36,5,19,0.263,4,12,0.333,2,2,1.0,0,5,5,2,2,0,2,0,16,15,29.0,1,2015-16
22015,203469,Cody Zeller,1610612766,CHA,Charlotte Hornets,0021501109,2016-03-29,CHA @ PHI,W,26,7,8,0.875,0,0,,4,4,1.0,0,11,11,0,0,2,2,2,18,10,35.2,1,2015-16
22015,1626163,Frank Kaminsky,1610612766,CHA,Charlotte Hornets,0021501109,2016-03-29,CHA @ PHI,W,17,2,5,0.4,0,1,0.0,2,2,1.0,1,3,4,0,0,0,0,0,6,-8,10.8,1,2015-16
22015,2590,Mo Williams,1610612739,CLE,Cleveland Cavaliers,0021501111,2016-03-29,CLE vs. HOU,L,6,2,2,1.0,2,2,1.0,0,0,,0,0,0,0,0,0,0,1,6,9,6.0,1,2015-16
22015,202389,Timofey Mozgov,1610612739,CLE,Cleveland Cavaliers,0021501111,2016-03-29,CLE vs. HOU,L,9,1,2,0.5,0,0,,0,0,,2,3,5,0,0,0,0,5,2,-4,8.0,1,2015-16
22015,202684,Tristan Thompson,1610612739,CLE,Cleveland Cavaliers,0021501111,2016-03-29,CLE vs. HOU,L,39,4,8,0.5,0,0,,8,9,0.889,5,5,10,0,1,1,3,5,16,-2,31.0,1,2015-16
22015,203200,Justin Holiday,1610612741,CHI,Chicago Bulls,0021501107,2016-03-29,CHI @ IND,W,3,0,0,,0,0,,0,0,,0,0,0,0,0,0,0,0,0,4,0.0,1,2015-16
22015,203926,Doug McDermott,1610612741,CHI,Chicago Bulls,0021501107,2016-03-29,CHI @ IND,W,16,2,6,0.333,1,2,0.5,1,1,1.0,0,2,2,0,0,0,0,1,6,10,8.4,1,2015-16
22015,203949,James Michael McAdoo,1610612744,GSW,Golden State Warriors,0021501112,2016-03-29,GSW vs. WAS,W,5,1,2,0.5,0,0,,1,4,0.25,0,0,0,0,0,1,0,1,3,-13,6.0,1,2015-16
22015,2730,Dwight Howard,1610612745,HOU,Houston Rockets,0021501111,2016-03-29,HOU @ CLE,W,31,2,3,0.667,0,0,,7,22,0.318,0,11,11,3,0,2,2,0,11,3,32.7,1,2015-16
22015,201147,Corey Brewer,1610612745,HOU,Houston Rockets,0021501111,2016-03-29,HOU @ CLE,W,14,2,5,0.4,0,2,0.0,1,2,0.5,0,1,1,0,1,0,0,4,5,-9,9.2,1,2015-16
22015,203991,Clint Capela,1610612745,HOU,Houston Rockets,0021501111,2016-03-29,HOU @ CLE,W,17,4,7,0.571,0,0,,1,2,0.5,4,6,10,1,2,1,1,0,9,1,30.5,1,2015-16
22015,202711,Bojan Bogdanovic,1610612751,BKN,Brooklyn Nets,0021501108,2016-03-29,BKN @ ORL,L,15,2,5,0.4,0,2,0.0,2,2,1.0,0,1,1,1,0,0,0,0,6,-11,8.7,1,2015-16
22015,203156,Henry Sims,1610612751,BKN,Brooklyn Nets,0021501108,2016-03-29,BKN @ ORL,L,21,2,6,0.333,0,0,,4,4,1.0,2,2,4,0,0,2,1,1,8,-29,17.8,1,2015-16
22015,201160,Jason Smith,1610612753,ORL,Orlando Magic,0021501108,2016-03-29,ORL vs. BKN,W,21,7,11,0.636,0,0,,0,0,,0,5,5,0,0,1,0,1,14,21,23.0,1,2015-16
22015,201228,C.J. Watson,1610612753,ORL,Orlando Magic,0021501108,2016-03-29,ORL vs. BKN,W,22,0,3,0.0,0,0,,2,2,1.0,0,3,3,5,2,0,0,3,2,15,19.1,1,2015-16
22015,203506,Victor Oladipo,1610612753,ORL,Orlando Magic,0021501108,2016-03-29,ORL vs. BKN,W,26,3,7,0.429,1,2,0.5,0,0,,0,3,3,8,3,0,2,4,7,19,29.6,1,2015-16
22015,203901,Elfrid Payton,1610612753,ORL,Orlando Magic,0021501108,2016-03-29,ORL vs. BKN,W,26,4,11,0.364,0,1,0.0,3,3,1.0,1,4,5,12,2,0,1,3,11,19,40.0,1,2015-16
22015,202730,Lavoy Allen,1610612754,IND,Indiana Pacers,0021501107,2016-03-29,IND vs. CHI,L,17,4,6,0.667,0,0,,1,2,0.5,3,3,6,0,0,0,2,2,9,6,14.2,1,2015-16
22015,201171,Carl Landry,1610612755,PHI,Philadelphia 76ers,0021501109,2016-03-29,PHI vs. CHA,L,22,3,8,0.375,0,0,,2,2,1.0,1,2,3,3,0,0,1,0,8,-18,15.1,1,2015-16
22015,202397,Ish Smith,1610612755,PHI,Philadelphia 76ers,0021501109,2016-03-29,PHI vs. CHA,L,41,6,17,0.353,3,8,0.375,0,0,,0,3,3,6,0,3,3,1,15,-17,33.6,1,2015-16
22015,203460,Andre Roberson,1610612760,OKC,Oklahoma City Thunder,0021501110,2016-03-29,OKC @ DET,L,22,1,3,0.333,0,0,,0,0,,1,3,4,1,1,1,3,1,2,-14,11.3,1,2015-16
22015,101162,Marcin Gortat,1610612764,WAS,Washington Wizards,0021501112,2016-03-29,WAS @ GSW,L,26,4,6,0.667,0,0,,1,2,0.5,3,7,10,1,0,0,0,2,9,-8,22.5,1,2015-16
22015,201977,Marcus Thornton,1610612764,WAS,Washington Wizards,0021501112,2016-03-29,WAS @ GSW,L,10,0,3,0.0,0,3,0.0,0,0,,0,3,3,4,0,0,0,1,0,4,9.6,1,2015-16
22015,202066,Garrett Temple,1610612764,WAS,Washington Wizards,0021501112,2016-03-29,WAS @ GSW,L,18,1,2,0.5,1,1,1.0,0,0,,0,1,1,2,0,0,0,3,3,-5,7.2,1,2015-16
22015,203078,Bradley Beal,1610612764,WAS,Washington Wizards,0021501112,2016-03-29,WAS @ GSW,L,31,6,16,0.375,1,6,0.167,4,4,1.0,0,2,2,4,1,0,3,2,17,-14,25.4,1,2015-16
22015,203490,Otto Porter Jr.,1610612764,WAS,Washington Wizards,0021501112,2016-03-29,WAS @ GSW,L,34,4,9,0.444,0,1,0.0,3,4,0.75,0,6,6,0,2,2,0,2,11,-19,30.2,1,2015-16
22015,203484,Kentavious Caldwell-Pope,1610612765,DET,Detroit Pistons,0021501110,2016-03-29,DET vs. OKC,W,38,3,16,0.188,0,5,0.0,2,2,1.0,4,3,7,6,1,0,2,2,8,13,26.4,1,2015-16
22015,2744,Al Jefferson,1610612766,CHA,Charlotte Hornets,0021501109,2016-03-29,CHA @ PHI,W,21,3,9,0.333,0,0,,1,1,1.0,1,8,9,0,1,2,1,1,7,8,25.8,1,2015-16
22015,201584,Courtney Lee,1610612766,CHA,Charlotte Hornets,0021501109,2016-03-29,CHA @ PHI,W,37,6,10,0.6,2,2,1.0,1,1,1.0,0,6,6,3,2,1,3,1,15,12,32.7,1,2015-16
22015,1626245,Cristiano Felicio,1610612741,CHI,Chicago Bulls,0021501107,2016-03-29,CHI @ IND,W,7,3,3,1.0,0,0,,2,2,1.0,4,1,5,0,0,1,0,1,8,5,17.0,1,2015-16
22015,2760,Anderson Varejao,1610612744,GSW,Golden State Warriors,0021501112,2016-03-29,GSW vs. WAS,W,9,0,3,0.0,0,0,,3,4,0.75,1,1,2,0,2,0,0,1,3,-1,11.4,1,2015-16
22015,203508,Sergey Karasev,1610612751,BKN,Brooklyn Nets,0021501108,2016-03-29,BKN @ ORL,L,20,1,1,1.0,1,1,1.0,6,6,1.0,0,3,3,1,0,0,1,1,9,7,13.1,1,2015-16
22015,203079,Dion Waiters,1610612760,OKC,Oklahoma City Thunder,0021501110,2016-03-29,OKC @ DET,L,34,1,8,0.125,0,2,0.0,2,2,1.0,1,4,5,2,2,0,3,4,4,-1,16.0,1,2015-16
22015,203962,Josh Huestis,1610612760,OKC,Oklahoma City Thunder,0021501110,2016-03-29,OKC @ DET,L,16,2,3,0.667,1,1,1.0,0,0,,1,0,1,0,0,1,0,1,5,3,9.2,1,2015-16
22015,202322,John Wall,1610612764,WAS,Washington Wizards,0021501112,2016-03-29,WAS @ GSW,L,34,4,14,0.286,0,3,0.0,0,2,0.0,1,4,5,11,1,4,2,2,8,-20,43.5,1,2015-16
22015,101107,Marvin Williams,1610612766,CHA,Charlotte Hornets,0021501109,2016-03-29,CHA @ PHI,W,31,3,10,0.3,0,4,0.0,2,2,1.0,5,4,9,2,0,0,0,0,8,23,21.8,1,2015-16
22015,200757,Thabo Sefolosha,1610612737,ATL,Atlanta Hawks,0021501113,2016-03-30,ATL @ TOR,L,12,0,0,,0,0,,0,0,,0,0,0,1,0,0,0,2,0,-11,1.5,1,2015-16
22015,203488,Mike Muscala,1610612737,ATL,Atlanta Hawks,0021501113,2016-03-30,ATL @ TOR,L,12,2,3,0.667,1,2,0.5,1,2,0.5,0,0,0,2,0,3,0,0,6,14,18.0,1,2015-16
22015,2585,Zaza Pachulia,1610612742,DAL,Dallas Mavericks,0021501117,2016-03-30,DAL vs. NYK,W,19,2,3,0.667,0,0,,2,2,1.0,6,3,9,0,1,0,1,0,6,6,18.8,1,2015-16
22015,203939,Dwight Powell,1610612742,DAL,Dallas Mavericks,0021501117,2016-03-30,DAL vs. NYK,W,18,1,6,0.167,0,0,,0,0,,3,1,4,1,0,0,1,1,2,-12,7.3,1,2015-16
22015,1626147,Justin Anderson,1610612742,DAL,Dallas Mavericks,0021501117,2016-03-30,DAL vs. NYK,W,29,3,4,0.75,1,1,1.0,0,0,,1,8,9,0,2,1,0,3,7,2,26.8,1,2015-16
22015,201589,Darrell Arthur,1610612743,DEN,Denver Nuggets,0021501114,2016-03-30,DEN @ MEM,W,23,4,10,0.4,2,3,0.667,2,2,1.0,2,5,7,2,1,2,0,4,12,-11,32.4,1,2015-16
22015,203960,JaKarr Sampson,1610612743,DEN,Denver Nuggets,0021501114,2016-03-30,DEN @ MEM,W,27,5,6,0.833,1,2,0.5,1,2,0.5,1,1,2,0,1,0,2,3,12,13,15.4,1,2015-16
22015,2571,Leandro Barbosa,1610612744,GSW,Golden State Warriors,0021501119,2016-03-30,GSW @ UTA,W,14,3,5,0.6,1,2,0.5,0,0,,0,1,1,0,2,0,0,0,7,-3,14.2,1,2015-16
22015,101106,Andrew Bogut,1610612744,GSW,Golden State Warriors,0021501119,2016-03-30,GSW @ UTA,W,17,2,4,0.5,0,0,,0,0,,1,4,5,2,0,1,3,4,4,-4,13.0,1,2015-16
22015,201939,Stephen Curry,1610612744,GSW,Golden State Warriors,0021501119,2016-03-30,GSW @ UTA,W,42,11,23,0.478,5,10,0.5,4,5,0.8,2,5,7,4,2,0,5,4,31,6,46.4,1,2015-16
22015,203110,Draymond Green,1610612744,GSW,Golden State Warriors,0021501119,2016-03-30,GSW @ UTA,W,43,5,10,0.5,1,3,0.333,2,3,0.667,2,6,8,6,0,3,4,3,13,5,36.6,1,2015-16
22015,200755,JJ Redick,1610612746,LAC,LA Clippers,0021501116,2016-03-30,LAC @ MIN,W,27,6,15,0.4,4,12,0.333,1,1,1.0,0,3,3,3,1,0,0,0,17,30,28.1,1,2015-16
22015,201599,DeAndre Jordan,1610612746,LAC,LA Clippers,0021501116,2016-03-30,LAC @ MIN,W,30,5,7,0.714,0,0,,1,3,0.333,3,5,8,0,0,3,1,1,11,28,28.6,1,2015-16
22015,201965,Jeff Ayres,1610612746,LAC,LA Clippers,0021501116,2016-03-30,LAC @ MIN,W,6,1,1,1.0,0,0,,0,0,,0,1,1,0,0,0,0,2,2,-11,3.2,1,2015-16
22015,202325,Wesley Johnson,1610612746,LAC,LA Clippers,0021501116,2016-03-30,LAC @ MIN,W,28,3,6,0.5,0,2,0.0,1,1,1.0,0,5,5,0,1,2,1,3,7,5,21.0,1,2015-16
22015,203143,Pablo Prigioni,1610612746,LAC,LA Clippers,0021501116,2016-03-30,LAC @ MIN,W,17,0,5,0.0,0,3,0.0,0,0,,0,1,1,4,0,0,1,0,0,-13,6.2,1,2015-16
22015,203944,Julius Randle,1610612747,LAL,Los Angeles Lakers,0021501121,2016-03-30,LAL vs. MIA,W,39,4,11,0.364,0,0,,5,6,0.833,2,12,14,3,1,0,1,5,13,-11,36.3,1,2015-16
22015,202355,Hassan Whiteside,1610612748,MIA,Miami Heat,0021501121,2016-03-30,MIA @ LAL,L,39,7,9,0.778,0,0,,6,12,0.5,5,12,17,0,0,7,3,5,20,-9,58.4,1,2015-16
22015,1626159,Justise Winslow,1610612748,MIA,Miami Heat,0021501121,2016-03-30,MIA @ LAL,L,29,2,5,0.4,0,0,,2,4,0.5,0,4,4,2,1,0,2,4,6,-13,14.8,1,2015-16
22015,202328,Greg Monroe,1610612749,MIL,Milwaukee Bucks,0021501115,2016-03-30,MIL vs. PHX,W,27,5,12,0.417,0,1,0.0,4,4,1.0,1,4,5,4,2,2,1,3,14,-1,37.0,1,2015-16
22015,1626173,Rashad Vaughn,1610612749,MIL,Milwaukee Bucks,0021501115,2016-03-30,MIL vs. PHX,W,26,3,6,0.5,2,4,0.5,0,0,,0,1,1,1,3,1,1,1,8,16,21.7,1,2015-16
22015,203897,Zach LaVine,1610612750,MIN,Minnesota Timberwolves,0021501116,2016-03-30,MIN vs. LAC,L,22,0,6,0.0,0,0,,0,0,,0,2,2,4,0,0,1,0,0,-22,7.4,1,2015-16
22015,1626145,Tyus Jones,1610612750,MIN,Minnesota Timberwolves,0021501116,2016-03-30,MIN vs. LAC,L,23,1,10,0.1,0,7,0.0,0,0,,0,0,0,2,0,0,0,3,2,2,5.0,1,2015-16
22015,1626157,Karl-Anthony Towns,1610612750,MIN,Minnesota Timberwolves,0021501116,2016-03-30,MIN vs. LAC,L,23,7,13,0.538,2,3,0.667,0,0,,4,7,11,1,0,0,3,2,16,-25,27.7,1,2015-16
22015,101181,Jose Calderon,1610612752,NYK,New York Knicks,0021501117,2016-03-30,NYK @ DAL,L,10,1,2,0.5,0,0,,0,0,,0,2,2,1,0,0,2,1,2,10,3.9,1,2015-16
22015,200782,P.J. Tucker,1610612756,PHX,Phoenix Suns,0021501115,2016-03-30,PHX @ MIL,L,39,7,14,0.5,0,2,0.0,6,6,1.0,4,6,10,7,3,0,2,3,20,-6,49.5,1,2015-16
22015,202326,DeMarcus Cousins,1610612758,SAC,Sacramento Kings,0021501120,2016-03-30,SAC vs. WAS,W,32,11,18,0.611,1,1,1.0,6,9,0.667,1,9,10,4,5,4,5,3,29,2,69.0,1,2015-16
22015,203463,Ben McLemore,1610612758,SAC,Sacramento Kings,0021501120,2016-03-30,SAC vs. WAS,W,14,1,5,0.2,1,2,0.5,0,0,,0,1,1,0,1,0,1,2,3,14,6.2,1,2015-16
22015,2564,Boris Diaw,1610612759,SAS,San Antonio Spurs,0021501118,2016-03-30,SAS vs. NOP,W,16,4,7,0.571,0,0,,1,2,0.5,1,0,1,1,0,0,1,0,9,-10,10.7,1,2015-16
22015,2588,Matt Bonner,1610612759,SAS,San Antonio Spurs,0021501118,2016-03-30,SAS vs. NOP,W,6,1,1,1.0,0,0,,0,0,,0,0,0,0,0,0,0,0,2,-2,2.0,1,2015-16
22015,202685,Jonas Valančiūnas,1610612761,TOR,Toronto Raptors,0021501113,2016-03-30,TOR vs. ATL,W,31,9,13,0.692,0,0,,1,2,0.5,1,8,9,0,1,1,3,6,19,11,32.8,1,2015-16
22015,1626181,Norman Powell,1610612761,TOR,Toronto Raptors,0021501113,2016-03-30,TOR vs. ATL,W,25,3,6,0.5,2,3,0.667,2,2,1.0,0,4,4,2,2,0,1,2,10,4,22.8,1,2015-16
22015,202344,Trevor Booker,1610612762,UTA,Utah Jazz,0021501119,2016-03-30,UTA vs. GSW,L,14,1,4,0.25,0,1,0.0,1,4,0.25,2,3,5,1,0,0,3,2,3,-6,7.5,1,2015-16
22015,203526,Raul Neto,1610612762,UTA,Utah Jazz,0021501119,2016-03-30,UTA vs. GSW,L,12,1,2,0.5,1,1,1.0,2,2,1.0,0,1,1,0,0,0,1,1,5,1,5.2,1,2015-16
22015,1713,Vince Carter,1610612763,MEM,Memphis Grizzlies,0021501114,2016-03-30,MEM vs. DEN,L,23,2,4,0.5,1,2,0.5,4,5,0.8,0,1,1,0,0,0,0,5,9,4,10.2,1,2015-16
22015,2754,Tony Allen,1610612763,MEM,Memphis Grizzlies,0021501114,2016-03-30,MEM vs. DEN,L,22,3,7,0.429,0,0,,1,2,0.5,1,0,1,1,1,0,1,3,7,-19,11.7,1,2015-16
22015,200797,Ryan Hollins,1610612763,MEM,Memphis Grizzlies,0021501114,2016-03-30,MEM vs. DEN,L,5,1,1,1.0,0,0,,0,0,,0,2,2,0,0,0,0,0,2,3,4.4,1,2015-16
22015,203210,JaMychal Green,1610612763,MEM,Memphis Grizzlies,0021501114,2016-03-30,MEM vs. DEN,L,26,6,16,0.375,0,0,,1,2,0.5,9,3,12,3,0,1,2,2,13,7,32.9,1,2015-16
22015,2403,Nene,1610612764,WAS,Washington Wizards,0021501120,2016-03-30,WAS @ SAC,L,21,7,8,0.875,0,0,,1,1,1.0,0,6,6,2,0,0,2,4,15,0,23.2,1,2015-16
22015,201196,Ramon Sessions,1610612764,WAS,Washington Wizards,0021501120,2016-03-30,WAS @ SAC,L,9,1,1,1.0,0,0,,0,0,,0,0,0,0,0,0,3,2,2,-7,-1.0,1,2015-16
22015,203078,Bradley Beal,1610612764,WAS,Washington Wizards,0021501120,2016-03-30,WAS @ SAC,L,35,10,21,0.476,1,5,0.2,3,3,1.0,1,3,4,4,1,0,3,0,24,-16,34.8,1,2015-16
22015,203490,Otto Porter Jr.,1610612764,WAS,Washington Wizards,0021501120,2016-03-30,WAS @ SAC,L,28,8,11,0.727,4,7,0.571,0,0,,0,1,1,4,0,0,0,4,20,-3,27.2,1,2015-16
22015,2594,Kyle Korver,1610612737,ATL,Atlanta Hawks,0021501113,2016-03-30,ATL @ TOR,L,24,1,6,0.167,0,2,0.0,1,1,1.0,2,3,5,1,0,0,0,1,3,-10,10.5,1,2015-16
22015,203501,Tim Hardaway Jr.,1610612737,ATL,Atlanta Hawks,0021501113,2016-03-30,ATL @ TOR,L,25,5,9,0.556,4,7,0.571,1,1,1.0,0,3,3,3,0,0,2,1,15,-4,21.1,1,2015-16
22015,201600,Omer Asik,1610612740,NOP,New Orleans Pelicans,0021501118,2016-03-30,NOP @ SAS,L,25,1,3,0.333,0,0,,0,2,0.0,1,8,9,0,0,0,0,1,2,-19,12.8,1,2015-16
22015,201967,Dante Cunningham,1610612740,NOP,New Orleans Pelicans,0021501118,2016-03-30,NOP @ SAS,L,38,4,9,0.444,0,2,0.0,2,2,1.0,2,3,5,3,1,0,1,1,10,-14,22.5,1,2015-16
22015,202337,Luke Babbitt,1610612740,NOP,New Orleans Pelicans,0021501118,2016-03-30,NOP @ SAS,L,19,4,7,0.571,0,1,0.0,2,3,0.667,0,2,2,2,0,0,2,2,10,11,13.4,1,2015-16
22015,202706,Jordan Hamilton,1610612740,NOP,New Orleans Pelicans,0021501118,2016-03-30,NOP @ SAS,L,31,6,15,0.4,1,5,0.2,1,2,0.5,1,4,5,4,1,0,2,2,14,-13,27.0,1,2015-16
22015,101109,Raymond Felton,1610612742,DAL,Dallas Mavericks,0021501117,2016-03-30,DAL vs. NYK,W,35,4,10,0.4,1,4,0.25,2,4,0.5,0,3,3,2,0,0,3,1,11,-7,14.6,1,2015-16
22015,2034,Mike Miller,1610612743,DEN,Denver Nuggets,0021501114,2016-03-30,DEN @ MEM,W,0,0,0,,0,0,,0,0,,0,0,0,0,0,0,0,0,0,1,0.0,1,2015-16
22015,203115,Will Barton,1610612743,DEN,Denver Nuggets,0021501114,2016-03-30,DEN @ MEM,W,33,6,12,0.5,4,7,0.571,9,12,0.75,0,6,6,3,0,1,1,3,25,-3,38.7,1,2015-16
22015,1626144,Emmanuel Mudiay,1610612743,DEN,Denver Nuggets,0021501114,2016-03-30,DEN @ MEM,W,31,6,15,0.4,3,7,0.429,2,2,1.0,0,2,2,5,0,1,5,2,17,-3,24.9,1,2015-16
22015,201601,Luc Mbah a Moute,1610612746,LAC,LA Clippers,0021501116,2016-03-30,LAC @ MIN,W,21,3,5,0.6,0,1,0.0,1,1,1.0,2,4,6,1,0,0,0,2,7,15,15.7,1,2015-16
22015,977,Kobe Bryant,1610612747,LAL,Los Angeles Lakers,0021501121,2016-03-30,LAL vs. MIA,W,9,1,7,0.143,0,2,0.0,0,0,,1,1,2,0,0,0,1,0,2,-13,3.4,1,2015-16
22015,203527,Ryan Kelly,1610612747,LAL,Los Angeles Lakers,0021501121,2016-03-30,LAL vs. MIA,W,21,2,6,0.333,0,0,,0,0,,0,5,5,2,0,0,0,2,4,8,13.0,1,2015-16
22015,2207,Joe Johnson,1610612748,MIA,Miami Heat,0021501121,2016-03-30,MIA @ LAL,L,36,4,9,0.444,0,4,0.0,2,2,1.0,0,4,4,5,1,0,3,2,10,9,22.3,1,2015-16
22015,2548,Dwyane Wade,1610612748,MIA,Miami Heat,0021501121,2016-03-30,MIA @ LAL,L,39,12,21,0.571,0,0,,2,2,1.0,2,8,10,5,0,2,4,2,26,13,47.5,1,2015-16
22015,1626196,Josh Richardson,1610612748,MIA,Miami Heat,0021501121,2016-03-30,MIA @ LAL,L,29,0,8,0.0,0,4,0.0,1,2,0.5,1,2,3,3,1,0,1,2,1,-14,11.1,1,2015-16
22015,202349,Greivis Vasquez,1610612749,MIL,Milwaukee Bucks,0021501115,2016-03-30,MIL vs. PHX,W,13,0,2,0.0,0,1,0.0,0,0,,0,3,3,3,1,0,1,1,0,-2,10.1,1,2015-16
22015,203101,Miles Plumlee,1610612749,MIL,Milwaukee Bucks,0021501115,2016-03-30,MIL vs. PHX,W,14,2,6,0.333,0,0,,0,0,,0,4,4,0,1,1,1,2,4,0,13.8,1,2015-16
22015,201937,Ricky Rubio,1610612750,MIN,Minnesota Timberwolves,0021501116,2016-03-30,MIN vs. LAC,L,25,2,9,0.222,2,4,0.5,3,3,1.0,1,2,3,1,1,0,0,1,9,-22,17.1,1,2015-16
22015,203498,Shabazz Muhammad,1610612750,MIN,Minnesota Timberwolves,0021501116,2016-03-30,MIN vs. LAC,L,26,5,12,0.417,0,0,,1,4,0.25,2,6,8,4,0,0,2,2,11,-1,24.6,1,2015-16
22015,2756,Sasha Vujacic,1610612752,NYK,New York Knicks,0021501117,2016-03-30,NYK @ DAL,L,24,3,5,0.6,1,2,0.5,0,0,,0,5,5,2,1,0,1,2,7,7,18.0,1,2015-16
22015,203098,John Jenkins,1610612756,PHX,Phoenix Suns,0021501115,2016-03-30,PHX @ MIL,L,9,1,4,0.25,0,1,0.0,0,0,,0,1,1,0,1,0,0,0,2,1,6.2,1,2015-16
22015,1626164,Devin Booker,1610612756,PHX,Phoenix Suns,0021501115,2016-03-30,PHX @ MIL,L,38,8,16,0.5,2,6,0.333,0,0,,1,3,4,4,0,0,7,3,18,-18,21.8,1,2015-16
22015,200765,Rajon Rondo,1610612758,SAC,Sacramento Kings,0021501120,2016-03-30,SAC vs. WAS,W,34,6,12,0.5,2,4,0.5,1,2,0.5,0,1,1,11,4,0,3,2,15,-2,41.7,1,2015-16
22015,1495,Tim Duncan,1610612759,SAS,San Antonio Spurs,0021501118,2016-03-30,SAS vs. NOP,W,27,3,10,0.3,0,0,,2,2,1.0,1,8,9,1,0,3,0,1,8,16,29.3,1,2015-16
22015,201980,Danny Green,1610612759,SAS,San Antonio Spurs,0021501118,2016-03-30,SAS vs. NOP,W,18,6,9,0.667,4,6,0.667,0,0,,0,4,4,1,0,2,0,2,16,13,28.3,1,2015-16
22015,203937,Kyle Anderson,1610612759,SAS,San Antonio Spurs,0021501118,2016-03-30,SAS vs. NOP,W,15,1,3,0.333,0,2,0.0,0,2,0.0,0,3,3,4,1,0,0,3,2,1,14.6,1,2015-16
22015,202709,Cory Joseph,1610612761,TOR,Toronto Raptors,0021501113,2016-03-30,TOR vs. ATL,W,19,1,5,0.2,0,3,0.0,0,0,,0,1,1,4,0,1,0,2,2,-4,12.2,1,2015-16
22015,203497,Rudy Gobert,1610612762,UTA,Utah Jazz,0021501119,2016-03-30,UTA vs. GSW,L,38,5,10,0.5,0,0,,1,4,0.25,4,14,18,2,0,2,1,4,11,0,40.6,1,2015-16
22015,203918,Rodney Hood,1610612762,UTA,Utah Jazz,0021501119,2016-03-30,UTA vs. GSW,L,39,7,16,0.438,3,9,0.333,3,5,0.6,1,5,6,0,1,0,1,2,20,-7,29.2,1,2015-16
22015,204060,Joe Ingles,1610612762,UTA,Utah Jazz,0021501119,2016-03-30,UTA vs. GSW,L,31,1,3,0.333,1,3,0.333,0,0,,0,2,2,0,2,0,2,1,3,-14,9.4,1,2015-16
22015,2216,Zach Randolph,1610612763,MEM,Memphis Grizzlies,0021501114,2016-03-30,MEM vs. DEN,L,34,10,20,0.5,1,1,1.0,5,6,0.833,3,3,6,2,1,0,3,0,26,4,36.2,1,2015-16
22015,2365,Chris Andersen,1610612763,MEM,Memphis Grizzlies,0021501114,2016-03-30,MEM vs. DEN,L,17,2,4,0.5,0,0,,0,0,,1,5,6,0,0,2,0,1,4,-15,17.2,1,2015-16
22015,2440,Matt Barnes,1610612763,MEM,Memphis Grizzlies,0021501114,2016-03-30,MEM vs. DEN,L,40,2,12,0.167,1,8,0.125,1,2,0.5,4,7,11,3,2,0,1,2,6,-5,28.7,1,2015-16
22015,101162,Marcin Gortat,1610612764,WAS,Washington Wizards,0021501120,2016-03-30,WAS @ SAC,L,29,2,9,0.222,0,0,,2,4,0.5,5,7,12,0,3,1,2,2,6,-10,30.4,1,2015-16
22015,202322,John Wall,1610612764,WAS,Washington Wizards,0021501120,2016-03-30,WAS @ SAC,L,40,4,16,0.25,2,5,0.4,4,5,0.8,0,7,7,13,1,1,5,1,14,3,42.9,1,2015-16
22015,2550,Kirk Hinrich,1610612737,ATL,Atlanta Hawks,0021501113,2016-03-30,ATL @ TOR,L,12,1,1,1.0,1,1,1.0,0,0,,0,2,2,2,0,0,0,0,3,15,8.4,1,2015-16
22015,201952,Jeff Teague,1610612737,ATL,Atlanta Hawks,0021501113,2016-03-30,ATL @ TOR,L,22,8,13,0.615,1,1,1.0,1,1,1.0,1,1,2,3,0,0,2,0,18,-7,22.9,1,2015-16
22015,203471,Dennis Schröder,1610612737,ATL,Atlanta Hawks,0021501113,2016-03-30,ATL @ TOR,L,23,4,13,0.308,1,3,0.333,4,5,0.8,1,2,3,2,0,0,4,1,13,-1,15.6,1,2015-16
22015,201582,Alexis Ajinca,1610612740,NOP,New Orleans Pelicans,0021501118,2016-03-30,NOP @ SAS,L,32,8,19,0.421,0,0,,2,3,0.667,3,6,9,0,1,0,3,4,18,-7,28.8,1,2015-16
22015,203516,James Ennis III,1610612740,NOP,New Orleans Pelicans,0021501118,2016-03-30,NOP @ SAS,L,24,4,9,0.444,3,4,0.75,2,2,1.0,3,2,5,4,0,0,1,2,13,3,24.0,1,2015-16
22015,201571,D.J. Augustin,1610612743,DEN,Denver Nuggets,0021501114,2016-03-30,DEN @ MEM,W,23,4,7,0.571,1,3,0.333,2,2,1.0,0,2,2,5,0,0,2,1,11,-1,18.9,1,2015-16
22015,202702,Kenneth Faried,1610612743,DEN,Denver Nuggets,0021501114,2016-03-30,DEN @ MEM,W,24,2,7,0.286,0,0,,2,2,1.0,2,3,5,2,0,0,2,5,6,18,13.0,1,2015-16
22015,203914,Gary Harris,1610612743,DEN,Denver Nuggets,0021501114,2016-03-30,DEN @ MEM,W,20,2,7,0.286,1,5,0.2,0,0,,0,1,1,4,1,1,0,4,5,2,18.2,1,2015-16
22015,2760,Anderson Varejao,1610612744,GSW,Golden State Warriors,0021501119,2016-03-30,GSW @ UTA,W,9,0,2,0.0,0,0,,0,0,,1,0,1,1,0,0,0,1,0,2,2.7,1,2015-16
22015,203089,John Henson,1610612749,MIL,Milwaukee Bucks,0021501115,2016-03-30,MIL vs. PHX,W,23,3,9,0.333,0,0,,4,6,0.667,1,4,5,2,1,4,1,4,10,7,33.0,1,2015-16
22015,203953,Jabari Parker,1610612749,MIL,Milwaukee Bucks,0021501115,2016-03-30,MIL vs. PHX,W,36,6,10,0.6,0,1,0.0,9,11,0.818,3,2,5,3,4,0,2,2,21,11,41.5,1,2015-16
22015,202962,Greg Smith,1610612750,MIN,Minnesota Timberwolves,0021501116,2016-03-30,MIN vs. LAC,L,17,0,1,0.0,0,0,,1,2,0.5,1,5,6,0,0,0,1,0,1,7,7.2,1,2015-16
22015,203476,Gorgui Dieng,1610612750,MIN,Minnesota Timberwolves,0021501116,2016-03-30,MIN vs. LAC,L,22,1,6,0.167,0,0,,1,2,0.5,2,8,10,2,0,1,0,2,3,-18,21.0,1,2015-16
22015,203940,Adreian Payne,1610612750,MIN,Minnesota Timberwolves,0021501116,2016-03-30,MIN vs. LAC,L,11,0,3,0.0,0,2,0.0,0,0,,0,4,4,4,0,0,1,0,0,-7,9.8,1,2015-16
22015,204014,Damjan Rudez,1610612750,MIN,Minnesota Timberwolves,0021501116,2016-03-30,MIN vs. LAC,L,6,3,4,0.75,2,3,0.667,0,0,,0,0,0,0,0,0,0,0,8,11,8.0,1,2015-16
22015,203124,Kyle O'Quinn,1610612752,NYK,New York Knicks,0021501117,2016-03-30,NYK @ DAL,L,17,4,8,0.5,0,0,,0,0,,1,3,4,1,1,0,1,2,8,-11,16.3,1,2015-16
22015,204038,Langston Galloway,1610612752,NYK,New York Knicks,0021501117,2016-03-30,NYK @ DAL,L,22,1,8,0.125,0,3,0.0,1,1,1.0,0,2,2,3,2,0,2,3,3,-15,13.9,1,2015-16
22015,202688,Brandon Knight,1610612756,PHX,Phoenix Suns,0021501115,2016-03-30,PHX @ MIL,L,37,5,16,0.313,2,8,0.25,5,6,0.833,0,2,2,2,0,0,5,3,17,-6,17.4,1,2015-16
22015,201585,Kosta Koufos,1610612758,SAC,Sacramento Kings,0021501120,2016-03-30,SAC vs. WAS,W,16,5,5,1.0,0,0,,2,2,1.0,0,2,2,0,0,0,1,1,12,7,13.4,1,2015-16
22015,201956,Omri Casspi,1610612758,SAC,Sacramento Kings,0021501120,2016-03-30,SAC vs. WAS,W,26,5,7,0.714,1,2,0.5,4,4,1.0,1,7,8,1,0,0,2,2,15,4,24.1,1,2015-16
22015,203112,Quincy Acy,1610612758,SAC,Sacramento Kings,0021501120,2016-03-30,SAC vs. WAS,W,13,3,3,1.0,1,1,1.0,0,0,,1,4,5,0,1,0,0,1,7,3,16.0,1,2015-16
22015,1626161,Willie Cauley-Stein,1610612758,SAC,Sacramento Kings,0021501120,2016-03-30,SAC vs. WAS,W,23,3,7,0.429,0,0,,0,2,0.0,2,3,5,0,1,1,0,1,6,5,18.0,1,2015-16
22015,2225,Tony Parker,1610612759,SAS,San Antonio Spurs,0021501118,2016-03-30,SAS vs. NOP,W,27,2,6,0.333,0,0,,0,2,0.0,0,2,2,6,0,0,3,1,4,16,12.4,1,2015-16
22015,200746,LaMarcus Aldridge,1610612759,SAS,San Antonio Spurs,0021501118,2016-03-30,SAS vs. NOP,W,32,3,10,0.3,0,0,,5,6,0.833,1,5,6,1,1,1,0,2,11,12,25.7,1,2015-16
22015,201988,Patty Mills,1610612759,SAS,San Antonio Spurs,0021501118,2016-03-30,SAS vs. NOP,W,20,2,5,0.4,2,5,0.4,0,0,,0,0,0,1,2,0,2,1,6,-7,11.5,1,2015-16
22015,1626246,Boban Marjanovic,1610612759,SAS,San Antonio Spurs,0021501118,2016-03-30,SAS vs. NOP,W,9,2,2,1.0,0,0,,0,0,,3,0,3,0,0,0,2,2,4,-4,5.6,1,2015-16
22015,200768,Kyle Lowry,1610612761,TOR,Toronto Raptors,0021501113,2016-03-30,TOR vs. ATL,W,40,4,19,0.211,2,4,0.5,7,8,0.875,0,6,6,11,2,0,5,1,17,4,41.7,1,2015-16
22015,202324,Derrick Favors,1610612762,UTA,Utah Jazz,0021501119,2016-03-30,UTA vs. GSW,L,19,7,11,0.636,0,0,,1,4,0.25,3,4,7,0,1,0,0,1,15,4,26.4,1,2015-16
22015,202330,Gordon Hayward,1610612762,UTA,Utah Jazz,0021501119,2016-03-30,UTA vs. GSW,L,46,7,20,0.35,3,9,0.333,4,8,0.5,3,1,4,1,3,0,4,4,21,-3,32.3,1,2015-16
22015,200770,Jordan Farmar,1610612763,MEM,Memphis Grizzlies,0021501114,2016-03-30,MEM vs. DEN,L,25,6,10,0.6,2,4,0.5,0,0,,0,0,0,5,1,0,1,2,14,-5,23.5,1,2015-16
22015,1626185,Jarell Martin,1610612763,MEM,Memphis Grizzlies,0021501114,2016-03-30,MEM vs. DEN,L,3,1,1,1.0,0,0,,0,0,,0,0,0,0,0,0,0,0,2,-4,2.0,1,2015-16
22015,1626162,Kelly Oubre Jr.,1610612764,WAS,Washington Wizards,0021501120,2016-03-30,WAS @ SAC,L,4,2,3,0.667,0,1,0.0,0,0,,0,0,0,0,0,0,1,2,4,3,3.0,1,2015-16
22015,2743,Kris Humphries,1610612737,ATL,Atlanta Hawks,0021501113,2016-03-30,ATL @ TOR,L,14,1,3,0.333,1,3,0.333,1,1,1.0,0,2,2,1,0,0,3,4,4,-10,4.9,1,2015-16
22015,200794,Paul Millsap,1610612737,ATL,Atlanta Hawks,0021501113,2016-03-30,ATL @ TOR,L,24,3,8,0.375,1,4,0.25,0,0,,2,7,9,1,2,3,4,3,7,-10,30.3,1,2015-16
22015,201143,Al Horford,1610612737,ATL,Atlanta Hawks,0021501113,2016-03-30,ATL @ TOR,L,23,3,9,0.333,1,3,0.333,0,0,,2,5,7,3,0,1,1,2,7,-6,21.9,1,2015-16
22015,203118,Mike Scott,1610612737,ATL,Atlanta Hawks,0021501113,2016-03-30,ATL @ TOR,L,24,5,8,0.625,2,4,0.5,0,0,,2,6,8,2,0,0,1,1,12,2,23.6,1,2015-16
22015,2570,Kendrick Perkins,1610612740,NOP,New Orleans Pelicans,0021501118,2016-03-30,NOP @ SAS,L,19,1,1,1.0,0,0,,0,0,,0,4,4,2,0,0,4,2,2,6,5.8,1,2015-16
22015,2734,Devin Harris,1610612742,DAL,Dallas Mavericks,0021501117,2016-03-30,DAL vs. NYK,W,25,3,7,0.429,0,1,0.0,0,0,,0,0,0,1,0,0,2,0,6,12,5.5,1,2015-16
22015,101135,David Lee,1610612742,DAL,Dallas Mavericks,0021501117,2016-03-30,DAL vs. NYK,W,14,3,5,0.6,0,0,,0,0,,3,3,6,1,0,0,3,3,6,3,11.7,1,2015-16
22015,1626253,Axel Toupane,1610612743,DEN,Denver Nuggets,0021501114,2016-03-30,DEN @ MEM,W,14,0,1,0.0,0,1,0.0,0,0,,0,0,0,2,0,0,0,1,0,5,3.0,1,2015-16
22015,201578,Marreese Speights,1610612744,GSW,Golden State Warriors,0021501119,2016-03-30,GSW @ UTA,W,12,2,4,0.5,0,1,0.0,0,0,,1,0,1,0,0,1,3,3,4,-2,5.2,1,2015-16
22015,202691,Klay Thompson,1610612744,GSW,Golden State Warriors,0021501119,2016-03-30,GSW @ UTA,W,39,6,15,0.4,3,8,0.375,3,4,0.75,0,4,4,1,0,0,0,1,18,10,24.3,1,2015-16
22015,203546,Ian Clark,1610612744,GSW,Golden State Warriors,0021501119,2016-03-30,GSW @ UTA,W,9,2,3,0.667,1,2,0.5,0,0,,0,1,1,0,0,0,0,1,5,4,6.2,1,2015-16
22015,202332,Cole Aldrich,1610612746,LAC,LA Clippers,0021501116,2016-03-30,LAC @ MIN,W,12,1,1,1.0,0,0,,0,0,,0,3,3,0,2,2,2,0,2,0,15.6,1,2015-16
22015,101138,Brandon Bass,1610612747,LAL,Los Angeles Lakers,0021501121,2016-03-30,LAL vs. MIA,W,26,3,7,0.429,0,0,,2,3,0.667,3,0,3,0,0,0,0,2,8,6,11.6,1,2015-16
22015,101150,Lou Williams,1610612747,LAL,Los Angeles Lakers,0021501121,2016-03-30,LAL vs. MIA,W,17,2,7,0.286,2,7,0.286,5,7,0.714,0,1,1,0,1,0,1,0,11,7,14.2,1,2015-16
22015,1626156,D'Angelo Russell,1610612747,LAL,Los Angeles Lakers,0021501121,2016-03-30,LAL vs. MIA,W,35,6,19,0.316,2,5,0.4,2,3,0.667,2,2,4,1,2,0,3,4,16,-7,25.3,1,2015-16
22015,1626204,Larry Nance Jr.,1610612747,LAL,Los Angeles Lakers,0021501121,2016-03-30,LAL vs. MIA,W,31,2,7,0.286,0,0,,0,0,,3,2,5,2,1,2,0,3,4,18,22.0,1,2015-16
22015,2405,Amar'e Stoudemire,1610612748,MIA,Miami Heat,0021501121,2016-03-30,MIA @ LAL,L,14,2,5,0.4,0,0,,0,0,,1,2,3,0,0,1,0,3,4,7,10.6,1,2015-16
22015,202357,Nemanja Bjelica,1610612750,MIN,Minnesota Timberwolves,0021501116,2016-03-30,MIN vs. LAC,L,20,4,5,0.8,1,1,1.0,5,6,0.833,2,5,7,1,0,0,1,2,14,-1,22.9,1,2015-16
22015,202338,Kevin Seraphin,1610612752,NYK,New York Knicks,0021501117,2016-03-30,NYK @ DAL,L,14,3,5,0.6,0,0,,0,0,,0,1,1,1,0,2,0,1,6,-9,14.7,1,2015-16
22015,201978,Chase Budinger,1610612756,PHX,Phoenix Suns,0021501115,2016-03-30,PHX @ MIL,L,9,0,1,0.0,0,1,0.0,0,0,,0,0,0,0,0,0,1,0,0,-6,-1.0,1,2015-16
22015,202720,Jon Leuer,1610612756,PHX,Phoenix Suns,0021501115,2016-03-30,PHX @ MIL,L,10,0,4,0.0,0,1,0.0,0,0,,0,1,1,1,0,0,0,0,0,-4,2.7,1,2015-16
22015,200752,Rudy Gay,1610612758,SAC,Sacramento Kings,0021501120,2016-03-30,SAC vs. WAS,W,34,6,14,0.429,0,3,0.0,3,4,0.75,1,3,4,1,0,0,2,0,15,6,19.3,1,2015-16
22015,201954,Darren Collison,1610612758,SAC,Sacramento Kings,0021501120,2016-03-30,SAC vs. WAS,W,31,5,8,0.625,1,3,0.333,2,2,1.0,0,4,4,10,1,1,2,1,13,7,36.8,1,2015-16
22015,1938,Manu Ginobili,1610612759,SAS,San Antonio Spurs,0021501118,2016-03-30,SAS vs. NOP,W,24,7,10,0.7,5,6,0.833,1,1,1.0,0,1,1,2,3,0,3,4,20,1,30.2,1,2015-16
22015,202695,Kawhi Leonard,1610612759,SAS,San Antonio Spurs,0021501118,2016-03-30,SAS vs. NOP,W,22,4,9,0.444,1,5,0.2,7,7,1.0,0,6,6,4,3,2,0,1,16,17,44.2,1,2015-16
22015,203613,Jonathon Simmons,1610612759,SAS,San Antonio Spurs,0021501118,2016-03-30,SAS vs. NOP,W,11,0,0,,0,0,,0,0,,0,0,0,1,0,0,1,1,0,-8,0.5,1,2015-16
22015,201574,Jason Thompson,1610612761,TOR,Toronto Raptors,0021501113,2016-03-30,TOR vs. ATL,W,15,1,3,0.333,0,0,,0,0,,1,2,3,0,0,1,0,3,2,10,8.6,1,2015-16
22015,202335,Patrick Patterson,1610612761,TOR,Toronto Raptors,0021501113,2016-03-30,TOR vs. ATL,W,33,3,7,0.429,2,4,0.5,1,2,0.5,2,5,7,3,1,0,1,1,9,-2,23.9,1,2015-16
22015,202687,Bismack Biyombo,1610612761,TOR,Toronto Raptors,0021501113,2016-03-30,TOR vs. ATL,W,17,1,1,1.0,0,0,,5,6,0.833,2,4,6,0,2,1,0,1,7,-3,23.2,1,2015-16
22015,203082,Terrence Ross,1610612761,TOR,Toronto Raptors,0021501113,2016-03-30,TOR vs. ATL,W,23,5,10,0.5,2,5,0.4,1,2,0.5,0,3,3,0,3,0,0,1,13,4,25.6,1,2015-16
22015,203492,Ray McCallum,1610612763,MEM,Memphis Grizzlies,0021501114,2016-03-30,MEM vs. DEN,L,7,0,2,0.0,0,1,0.0,1,2,0.5,0,1,1,2,0,0,0,0,1,-1,5.2,1,2015-16
22015,202066,Garrett Temple,1610612764,WAS,Washington Wizards,0021501120,2016-03-30,WAS @ SAC,L,25,3,4,0.75,1,2,0.5,4,5,0.8,1,4,5,3,1,0,0,1,11,-9,24.5,1,2015-16
22015,203145,Kent Bazemore,1610612737,ATL,Atlanta Hawks,0021501113,2016-03-30,ATL @ TOR,L,25,4,10,0.4,1,3,0.333,0,2,0.0,1,2,3,3,1,0,1,4,9,-12,19.1,1,2015-16
22015,201962,Toney Douglas,1610612740,NOP,New Orleans Pelicans,0021501118,2016-03-30,NOP @ SAS,L,28,4,9,0.444,4,5,0.8,0,0,,0,2,2,5,1,0,1,1,12,-10,23.9,1,2015-16
22015,204025,Tim Frazier,1610612740,NOP,New Orleans Pelicans,0021501118,2016-03-30,NOP @ SAS,L,25,4,8,0.5,0,0,,3,4,0.75,1,2,3,7,2,0,3,2,11,3,28.1,1,2015-16
22015,1717,Dirk Nowitzki,1610612742,DAL,Dallas Mavericks,0021501117,2016-03-30,DAL vs. NYK,W,33,5,23,0.217,1,8,0.125,0,0,,0,4,4,2,1,0,1,3,11,-2,20.8,1,2015-16
22015,200826,J.J. Barea,1610612742,DAL,Dallas Mavericks,0021501117,2016-03-30,DAL vs. NYK,W,30,10,18,0.556,4,7,0.571,2,2,1.0,1,4,5,7,0,0,2,0,26,17,40.5,1,2015-16
22015,202083,Wesley Matthews,1610612742,DAL,Dallas Mavericks,0021501117,2016-03-30,DAL vs. NYK,W,37,4,9,0.444,1,4,0.25,7,9,0.778,0,2,2,4,3,0,2,4,16,-9,31.4,1,2015-16
22015,203084,Harrison Barnes,1610612744,GSW,Golden State Warriors,0021501119,2016-03-30,GSW @ UTA,W,42,6,15,0.4,1,8,0.125,2,4,0.5,1,10,11,1,0,0,0,2,15,11,29.7,1,2015-16
22015,2037,Jamal Crawford,1610612746,LAC,LA Clippers,0021501116,2016-03-30,LAC @ MIN,W,18,3,6,0.5,1,3,0.333,3,3,1.0,0,2,2,1,2,0,0,0,10,15,19.9,1,2015-16
22015,101108,Chris Paul,1610612746,LAC,LA Clippers,0021501116,2016-03-30,LAC @ MIN,W,31,6,16,0.375,1,4,0.25,7,7,1.0,2,6,8,16,1,0,2,1,20,33,54.6,1,2015-16
22015,201145,Jeff Green,1610612746,LAC,LA Clippers,0021501116,2016-03-30,LAC @ MIN,W,29,4,10,0.4,0,3,0.0,2,2,1.0,0,3,3,1,1,2,0,3,10,5,24.1,1,2015-16
22015,203085,Austin Rivers,1610612746,LAC,LA Clippers,0021501116,2016-03-30,LAC @ MIN,W,15,4,6,0.667,2,2,1.0,0,0,,0,1,1,0,0,0,0,3,10,4,11.2,1,2015-16
22015,203912,C.J. Wilcox,1610612746,LAC,LA Clippers,0021501116,2016-03-30,LAC @ MIN,W,7,1,6,0.167,1,1,1.0,0,0,,0,0,0,0,0,0,0,2,3,-11,3.0,1,2015-16
22015,201579,Roy Hibbert,1610612747,LAL,Los Angeles Lakers,0021501121,2016-03-30,LAL vs. MIA,W,33,5,10,0.5,0,0,,2,2,1.0,6,3,9,1,2,3,2,3,12,-2,37.3,1,2015-16
22015,1626273,Marcelo Huertas,1610612747,LAL,Los Angeles Lakers,0021501121,2016-03-30,LAL vs. MIA,W,18,3,9,0.333,0,0,,0,0,,0,0,0,4,1,0,1,2,6,9,14.0,1,2015-16
22015,201609,Goran Dragic,1610612748,MIA,Miami Heat,0021501121,2016-03-30,MIA @ LAL,L,38,5,14,0.357,1,5,0.2,0,0,,0,3,3,9,2,0,4,4,11,-1,30.1,1,2015-16
22015,201573,Jerryd Bayless,1610612749,MIL,Milwaukee Bucks,0021501115,2016-03-30,MIL vs. PHX,W,12,1,4,0.25,0,1,0.0,0,0,,0,1,1,1,1,0,1,0,2,-7,6.7,1,2015-16
22015,203507,Giannis Antetokounmpo,1610612749,MIL,Milwaukee Bucks,0021501115,2016-03-30,MIL vs. PHX,W,32,3,5,0.6,1,1,1.0,3,8,0.375,1,2,3,6,0,1,2,4,10,19,23.6,1,2015-16
22015,203898,Tyler Ennis,1610612749,MIL,Milwaukee Bucks,0021501115,2016-03-30,MIL vs. PHX,W,23,4,7,0.571,0,2,0.0,2,2,1.0,3,1,4,0,0,0,1,2,10,-1,13.8,1,2015-16
22015,2419,Tayshaun Prince,1610612750,MIN,Minnesota Timberwolves,0021501116,2016-03-30,MIN vs. LAC,L,20,4,9,0.444,0,1,0.0,0,0,,2,0,2,0,0,0,1,0,8,-12,9.4,1,2015-16
22015,203952,Andrew Wiggins,1610612750,MIN,Minnesota Timberwolves,0021501116,2016-03-30,MIN vs. LAC,L,24,3,9,0.333,1,2,0.5,0,0,,0,0,0,1,1,0,6,3,7,-12,5.5,1,2015-16
22015,2546,Carmelo Anthony,1610612752,NYK,New York Knicks,0021501117,2016-03-30,NYK @ DAL,L,34,11,22,0.5,2,6,0.333,7,7,1.0,1,6,7,2,3,0,5,2,31,9,46.4,1,2015-16
22015,201167,Arron Afflalo,1610612752,NYK,New York Knicks,0021501117,2016-03-30,NYK @ DAL,L,31,1,7,0.143,0,3,0.0,1,2,0.5,1,2,3,0,1,0,3,3,3,-16,6.6,1,2015-16
22015,201577,Robin Lopez,1610612752,NYK,New York Knicks,0021501117,2016-03-30,NYK @ DAL,L,31,4,6,0.667,0,0,,0,0,,3,6,9,2,0,0,2,2,8,10,19.8,1,2015-16
22015,202682,Derrick Williams,1610612752,NYK,New York Knicks,0021501117,2016-03-30,NYK @ DAL,L,35,5,8,0.625,0,0,,5,6,0.833,3,5,8,2,0,0,4,1,15,12,23.6,1,2015-16
22015,101179,Ronnie Price,1610612756,PHX,Phoenix Suns,0021501115,2016-03-30,PHX @ MIL,L,21,3,8,0.375,1,5,0.2,0,0,,1,1,2,1,2,0,2,3,7,4,14.9,1,2015-16
22015,203458,Alex Len,1610612756,PHX,Phoenix Suns,0021501115,2016-03-30,PHX @ MIL,L,39,8,13,0.615,0,0,,1,2,0.5,5,10,15,5,0,2,2,5,17,-6,46.5,1,2015-16
22015,203552,Seth Curry,1610612758,SAC,Sacramento Kings,0021501120,2016-03-30,SAC vs. WAS,W,17,2,5,0.4,1,2,0.5,0,0,,0,0,0,0,0,0,0,2,5,-1,5.0,1,2015-16
22015,2755,Kevin Martin,1610612759,SAS,San Antonio Spurs,0021501118,2016-03-30,SAS vs. NOP,W,14,1,3,0.333,0,0,,0,0,,0,3,3,1,0,0,0,0,2,-5,7.1,1,2015-16
22015,201942,DeMar DeRozan,1610612761,TOR,Toronto Raptors,0021501113,2016-03-30,TOR vs. ATL,W,37,9,16,0.563,3,4,0.75,5,6,0.833,2,3,5,6,3,0,1,2,26,16,49.0,1,2015-16
22015,1626168,Trey Lyles,1610612762,UTA,Utah Jazz,0021501119,2016-03-30,UTA vs. GSW,L,25,3,9,0.333,0,4,0.0,0,0,,1,4,5,1,2,0,0,3,6,-2,19.5,1,2015-16
22015,204098,Xavier Munford,1610612763,MEM,Memphis Grizzlies,0021501114,2016-03-30,MEM vs. DEN,L,12,4,8,0.5,1,2,0.5,0,1,0.0,0,3,3,1,0,0,1,2,9,-1,13.1,1,2015-16
22015,202693,Markieff Morris,1610612764,WAS,Washington Wizards,0021501120,2016-03-30,WAS @ SAC,L,32,6,13,0.462,1,4,0.25,0,0,,2,2,4,2,0,2,3,1,13,2,23.8,1,2015-16
22015,203530,Joffrey Lauvergne,1610612743,DEN,Denver Nuggets,0021501114,2016-03-30,DEN @ MEM,W,16,5,7,0.714,0,0,,2,2,1.0,1,2,3,0,1,1,1,1,12,-4,20.6,1,2015-16
22015,203999,Nikola Jokić,1610612743,DEN,Denver Nuggets,0021501114,2016-03-30,DEN @ MEM,W,29,4,6,0.667,1,1,1.0,0,0,,5,9,14,1,0,1,1,5,9,3,29.3,1,2015-16
22015,2733,Shaun Livingston,1610612744,GSW,Golden State Warriors,0021501119,2016-03-30,GSW @ UTA,W,28,2,6,0.333,0,0,,2,2,1.0,1,5,6,4,2,1,2,2,6,4,26.2,1,2015-16
22015,201575,Brandon Rush,1610612744,GSW,Golden State Warriors,0021501119,2016-03-30,GSW @ UTA,W,9,0,2,0.0,0,1,0.0,0,0,,0,1,1,0,0,0,1,0,0,2,0.2,1,2015-16
22015,203903,Jordan Clarkson,1610612747,LAL,Los Angeles Lakers,0021501121,2016-03-30,LAL vs. MIA,W,36,9,19,0.474,2,6,0.333,6,8,0.75,2,4,6,1,1,0,0,0,26,-5,37.7,1,2015-16
22015,2736,Luol Deng,1610612748,MIA,Miami Heat,0021501121,2016-03-30,MIA @ LAL,L,41,9,15,0.6,2,4,0.5,2,4,0.5,5,6,11,2,1,3,0,1,22,-2,50.2,1,2015-16
22015,203114,Khris Middleton,1610612749,MIL,Milwaukee Bucks,0021501115,2016-03-30,MIL vs. PHX,W,34,10,16,0.625,3,4,0.75,3,3,1.0,0,7,7,1,0,0,2,4,26,13,33.9,1,2015-16
22015,1626170,Jerian Grant,1610612752,NYK,New York Knicks,0021501117,2016-03-30,NYK @ DAL,L,23,2,6,0.333,0,3,0.0,2,2,1.0,0,2,2,3,3,0,0,2,6,-7,21.9,1,2015-16
22015,2199,Tyson Chandler,1610612756,PHX,Phoenix Suns,0021501115,2016-03-30,PHX @ MIL,L,34,6,8,0.75,0,0,,1,1,1.0,4,9,13,3,0,2,3,5,13,-15,36.1,1,2015-16
22015,203462,Archie Goodwin,1610612756,PHX,Phoenix Suns,0021501115,2016-03-30,PHX @ MIL,L,4,0,0,,0,0,,0,2,0.0,0,1,1,0,0,0,0,1,0,1,1.2,1,2015-16
22015,202714,Shelvin Mack,1610612762,UTA,Utah Jazz,0021501119,2016-03-30,UTA vs. GSW,L,41,5,17,0.294,1,5,0.2,1,2,0.5,2,4,6,9,2,0,3,5,12,-8,35.7,1,2015-16
22015,202362,Lance Stephenson,1610612763,MEM,Memphis Grizzlies,0021501114,2016-03-30,MEM vs. DEN,L,26,4,10,0.4,0,1,0.0,4,7,0.571,2,1,3,1,0,1,1,2,12,12,19.1,1,2015-16
22015,201162,Jared Dudley,1610612764,WAS,Washington Wizards,0021501120,2016-03-30,WAS @ SAC,L,16,0,3,0.0,0,2,0.0,2,2,1.0,1,2,3,2,0,0,1,2,2,-8,7.6,1,2015-16
22015,101161,Amir Johnson,1610612738,BOS,Boston Celtics,0021501127,2016-03-31,BOS @ POR,L,28,4,6,0.667,1,1,1.0,3,4,0.75,5,4,9,1,1,2,3,4,12,11,30.3,1,2015-16
22015,202323,Evan Turner,1610612738,BOS,Boston Celtics,0021501127,2016-03-31,BOS @ POR,L,30,4,8,0.5,0,0,,6,6,1.0,0,1,1,4,4,2,2,4,14,-8,37.2,1,2015-16
22015,2544,LeBron James,1610612739,CLE,Cleveland Cavaliers,0021501122,2016-03-31,CLE vs. BKN,W,31,8,11,0.727,0,0,,8,10,0.8,0,4,4,11,2,1,6,0,24,28,48.3,1,2015-16
22015,2592,James Jones,1610612739,CLE,Cleveland Cavaliers,0021501122,2016-03-31,CLE vs. BKN,W,7,1,2,0.5,1,2,0.5,0,0,,0,1,1,0,1,0,0,0,3,-7,7.2,1,2015-16
22015,201567,Kevin Love,1610612739,CLE,Cleveland Cavaliers,0021501122,2016-03-31,CLE vs. BKN,W,25,6,10,0.6,4,8,0.5,3,4,0.75,3,7,10,2,1,1,3,0,19,20,37.0,1,2015-16
22015,202697,Iman Shumpert,1610612739,CLE,Cleveland Cavaliers,0021501122,2016-03-31,CLE vs. BKN,W,20,1,4,0.25,0,2,0.0,4,5,0.8,0,8,8,2,1,0,1,1,6,20,20.6,1,2015-16
22015,2570,Kendrick Perkins,1610612740,NOP,New Orleans Pelicans,0021501125,2016-03-31,NOP vs. DEN,W,8,2,2,1.0,0,0,,0,0,,0,1,1,0,0,0,1,2,4,0,4.2,1,2015-16
22015,201962,Toney Douglas,1610612740,NOP,New Orleans Pelicans,0021501125,2016-03-31,NOP vs. DEN,W,36,7,12,0.583,3,7,0.429,3,3,1.0,1,2,3,10,0,0,2,2,20,13,36.6,1,2015-16
22015,203200,Justin Holiday,1610612741,CHI,Chicago Bulls,0021501124,2016-03-31,CHI @ HOU,W,10,2,2,1.0,1,1,1.0,3,4,0.75,0,3,3,1,1,0,0,0,8,3,16.1,1,2015-16
22015,1626144,Emmanuel Mudiay,1610612743,DEN,Denver Nuggets,0021501125,2016-03-31,DEN @ NOP,L,26,5,12,0.417,3,6,0.5,0,0,,0,2,2,4,1,0,0,2,13,-1,24.4,1,2015-16
22015,1891,Jason Terry,1610612745,HOU,Houston Rockets,0021501124,2016-03-31,HOU vs. CHI,L,18,1,4,0.25,1,4,0.25,0,0,,0,0,0,1,0,0,1,3,3,-7,3.5,1,2015-16
22015,2772,Trevor Ariza,1610612745,HOU,Houston Rockets,0021501124,2016-03-31,HOU vs. CHI,L,36,3,10,0.3,3,8,0.375,5,5,1.0,0,4,4,1,2,0,0,1,14,2,26.3,1,2015-16
22015,202700,Donatas Motiejunas,1610612745,HOU,Houston Rockets,0021501124,2016-03-31,HOU vs. CHI,L,12,1,7,0.143,0,1,0.0,0,0,,0,1,1,0,0,0,0,2,2,23,3.2,1,2015-16
22015,201145,Jeff Green,1610612746,LAC,LA Clippers,0021501126,2016-03-31,LAC @ OKC,L,35,7,15,0.467,1,5,0.2,4,8,0.5,1,2,3,0,0,1,1,2,19,4,24.6,1,2015-16
22015,201961,Wayne Ellington,1610612751,BKN,Brooklyn Nets,0021501122,2016-03-31,BKN @ CLE,L,21,0,8,0.0,0,3,0.0,0,0,,0,4,4,1,1,0,0,0,0,-11,9.3,1,2015-16
22015,201943,Brandon Jennings,1610612753,ORL,Orlando Magic,0021501123,2016-03-31,ORL @ IND,W,18,2,6,0.333,0,1,0.0,0,1,0.0,1,1,2,5,1,1,1,1,4,8,18.9,1,2015-16
22015,203906,Devyn Marble,1610612753,ORL,Orlando Magic,0021501123,2016-03-31,ORL @ IND,W,2,0,0,,0,0,,0,0,,0,0,0,0,0,0,0,0,0,0,0.0,1,2015-16
22015,1626209,Mario Hezonja,1610612753,ORL,Orlando Magic,0021501123,2016-03-31,ORL @ IND,W,15,0,1,0.0,0,0,,2,2,1.0,0,3,3,1,0,1,2,3,2,2,8.1,1,2015-16
22015,201155,Rodney Stuckey,1610612754,IND,Indiana Pacers,0021501123,2016-03-31,IND vs. ORL,L,15,0,0,,0,0,,0,0,,0,0,0,1,0,0,2,3,0,-7,-0.5,1,2015-16
22015,201951,Ty Lawson,1610612754,IND,Indiana Pacers,0021501123,2016-03-31,IND vs. ORL,L,20,1,5,0.2,0,2,0.0,0,0,,0,4,4,3,1,1,1,2,2,-7,16.3,1,2015-16
22015,203943,Noah Vonleh,1610612757,POR,Portland Trail Blazers,0021501127,2016-03-31,POR vs. BOS,W,9,3,3,1.0,1,1,1.0,0,0,,0,3,3,0,1,1,0,1,7,-10,16.6,1,2015-16
22015,201586,Serge Ibaka,1610612760,OKC,Oklahoma City Thunder,0021501126,2016-03-31,OKC vs. LAC,W,28,7,12,0.583,2,4,0.5,0,0,,3,6,9,3,0,0,0,3,16,-7,31.3,1,2015-16
22015,201627,Anthony Morrow,1610612760,OKC,Oklahoma City Thunder,0021501126,2016-03-31,OKC vs. LAC,W,2,0,2,0.0,0,2,0.0,0,0,,0,0,0,0,0,0,0,0,0,-4,0.0,1,2015-16
22015,201973,Jonas Jerebko,1610612738,BOS,Boston Celtics,0021501127,2016-03-31,BOS @ POR,L,12,1,4,0.25,0,2,0.0,2,2,1.0,1,2,3,0,0,0,0,0,4,4,7.6,1,2015-16
22015,202340,Avery Bradley,1610612738,BOS,Boston Celtics,0021501127,2016-03-31,BOS @ POR,L,35,8,18,0.444,0,2,0.0,4,4,1.0,2,2,4,2,2,0,1,4,20,-1,32.8,1,2015-16
22015,202738,Isaiah Thomas,1610612738,BOS,Boston Celtics,0021501127,2016-03-31,BOS @ POR,L,34,6,21,0.286,4,7,0.571,6,9,0.667,2,4,6,1,1,0,5,1,22,7,28.7,1,2015-16
22015,202389,Timofey Mozgov,1610612739,CLE,Cleveland Cavaliers,0021501122,2016-03-31,CLE vs. BKN,W,17,4,6,0.667,0,0,,2,3,0.667,2,5,7,0,0,2,1,3,10,6,23.4,1,2015-16
22015,202684,Tristan Thompson,1610612739,CLE,Cleveland Cavaliers,0021501122,2016-03-31,CLE vs. BKN,W,24,2,4,0.5,0,0,,0,0,,2,4,6,0,2,1,1,1,4,21,19.2,1,2015-16
22015,2200,Pau Gasol,1610612741,CHI,Chicago Bulls,0021501124,2016-03-31,CHI @ HOU,W,32,6,14,0.429,0,3,0.0,0,0,,0,10,10,3,1,1,6,4,12,1,28.5,1,2015-16
22015,1626171,Bobby Portis,1610612741,CHI,Chicago Bulls,0021501124,2016-03-31,CHI @ HOU,W,10,1,4,0.25,0,0,,0,0,,1,1,2,0,0,0,0,1,2,-19,4.4,1,2015-16
22015,1626253,Axel Toupane,1610612743,DEN,Denver Nuggets,0021501125,2016-03-31,DEN @ NOP,L,16,1,2,0.5,0,1,0.0,0,0,,0,3,3,0,1,0,1,2,2,7,7.6,1,2015-16
22015,201147,Corey Brewer,1610612745,HOU,Houston Rockets,0021501124,2016-03-31,HOU vs. CHI,L,17,0,7,0.0,0,1,0.0,0,0,,1,1,2,0,0,1,0,1,0,-12,5.4,1,2015-16
22015,2037,Jamal Crawford,1610612746,LAC,LA Clippers,0021501126,2016-03-31,LAC @ OKC,L,40,10,20,0.5,5,8,0.625,7,7,1.0,1,0,1,7,2,1,3,0,32,-9,49.7,1,2015-16
22015,203143,Pablo Prigioni,1610612746,LAC,LA Clippers,0021501126,2016-03-31,LAC @ OKC,L,20,0,0,,0,0,,0,0,,0,4,4,4,1,0,0,2,0,4,13.8,1,2015-16
22015,203499,Shane Larkin,1610612751,BKN,Brooklyn Nets,0021501122,2016-03-31,BKN @ CLE,L,32,4,7,0.571,2,2,1.0,3,4,0.75,0,5,5,8,2,0,4,2,13,-18,33.0,1,2015-16
22015,201160,Jason Smith,1610612753,ORL,Orlando Magic,0021501123,2016-03-31,ORL @ IND,W,8,3,6,0.5,0,0,,0,0,,1,2,3,1,0,0,0,0,6,12,11.1,1,2015-16
22015,203932,Aaron Gordon,1610612753,ORL,Orlando Magic,0021501123,2016-03-31,ORL @ IND,W,20,2,7,0.286,0,2,0.0,2,2,1.0,2,2,4,1,1,1,2,1,6,0,16.3,1,2015-16
22015,101145,Monta Ellis,1610612754,IND,Indiana Pacers,0021501123,2016-03-31,IND vs. ORL,L,28,5,11,0.455,1,4,0.25,2,2,1.0,3,0,3,1,0,1,5,1,13,-12,16.1,1,2015-16
22015,203524,Solomon Hill,1610612754,IND,Indiana Pacers,0021501123,2016-03-31,IND vs. ORL,L,2,1,1,1.0,0,0,,0,0,,0,0,0,0,0,0,0,1,2,0,2.0,1,2015-16
22015,203922,Glenn Robinson III,1610612754,IND,Indiana Pacers,0021501123,2016-03-31,IND vs. ORL,L,2,0,0,,0,0,,0,0,,0,0,0,0,0,0,1,0,0,0,-1.0,1,2015-16
22015,1626167,Myles Turner,1610612754,IND,Indiana Pacers,0021501123,2016-03-31,IND vs. ORL,L,24,3,11,0.273,0,0,,2,2,1.0,1,7,8,2,0,1,2,1,8,-11,21.6,1,2015-16
22015,201945,Gerald Henderson,1610612757,POR,Portland Trail Blazers,0021501127,2016-03-31,POR vs. BOS,W,24,6,11,0.545,1,2,0.5,2,2,1.0,2,3,5,5,1,0,2,2,15,5,29.5,1,2015-16
22015,202334,Ed Davis,1610612757,POR,Portland Trail Blazers,0021501127,2016-03-31,POR vs. BOS,W,22,2,3,0.667,0,0,,0,0,,2,5,7,1,3,2,2,6,4,15,26.9,1,2015-16
22015,203081,Damian Lillard,1610612757,POR,Portland Trail Blazers,0021501127,2016-03-31,POR vs. BOS,W,36,3,16,0.188,1,6,0.167,7,8,0.875,1,0,1,4,0,1,3,1,14,-3,21.2,1,2015-16
22015,203468,CJ McCollum,1610612757,POR,Portland Trail Blazers,0021501127,2016-03-31,POR vs. BOS,W,36,8,19,0.421,1,5,0.2,0,0,,2,3,5,8,1,1,4,2,17,8,37.0,1,2015-16
22015,201142,Kevin Durant,1610612760,OKC,Oklahoma City Thunder,0021501126,2016-03-31,OKC vs. LAC,W,40,10,22,0.455,1,8,0.125,10,11,0.909,2,6,8,5,2,0,5,2,31,10,49.1,1,2015-16
22015,201566,Russell Westbrook,1610612760,OKC,Oklahoma City Thunder,0021501126,2016-03-31,OKC vs. LAC,W,36,8,18,0.444,3,7,0.429,7,7,1.0,1,7,8,11,4,0,5,0,26,-4,59.1,1,2015-16
22015,203482,Kelly Olynyk,1610612738,BOS,Boston Celtics,0021501127,2016-03-31,BOS @ POR,L,17,3,6,0.5,2,3,0.667,0,2,0.0,0,0,0,1,0,1,0,1,8,-23,12.5,1,2015-16
22015,203935,Marcus Smart,1610612738,BOS,Boston Celtics,0021501127,2016-03-31,BOS @ POR,L,26,2,6,0.333,0,1,0.0,2,2,1.0,0,5,5,4,1,1,2,4,6,-23,22.0,1,2015-16
22015,2747,JR Smith,1610612739,CLE,Cleveland Cavaliers,0021501122,2016-03-31,CLE vs. BKN,W,25,3,8,0.375,2,7,0.286,0,0,,0,3,3,3,2,0,1,2,8,20,21.1,1,2015-16
22015,203895,Jordan McRae,1610612739,CLE,Cleveland Cavaliers,0021501122,2016-03-31,CLE vs. BKN,W,7,0,3,0.0,0,0,,0,0,,0,0,0,0,0,0,0,2,0,-7,0.0,1,2015-16
22015,201967,Dante Cunningham,1610612740,NOP,New Orleans Pelicans,0021501125,2016-03-31,NOP vs. DEN,W,37,2,5,0.4,0,1,0.0,1,2,0.5,1,6,7,2,1,1,3,2,5,14,19.4,1,2015-16
22015,201565,Derrick Rose,1610612741,CHI,Chicago Bulls,0021501124,2016-03-31,CHI @ HOU,W,12,0,0,,0,0,,0,0,,0,0,0,2,0,0,3,0,0,-1,0.0,1,2015-16
22015,202703,Nikola Mirotic,1610612741,CHI,Chicago Bulls,0021501124,2016-03-31,CHI @ HOU,W,38,8,14,0.571,5,10,0.5,7,8,0.875,0,4,4,3,0,1,1,4,28,22,39.3,1,2015-16
22015,202734,E'Twaun Moore,1610612741,CHI,Chicago Bulls,0021501124,2016-03-31,CHI @ HOU,W,22,3,7,0.429,2,2,1.0,0,0,,1,1,2,4,0,0,0,4,8,9,16.4,1,2015-16
22015,203926,Doug McDermott,1610612741,CHI,Chicago Bulls,0021501124,2016-03-31,CHI @ HOU,W,37,6,14,0.429,1,4,0.25,2,2,1.0,2,7,9,3,0,0,1,3,15,26,29.3,1,2015-16
22015,203115,Will Barton,1610612743,DEN,Denver Nuggets,0021501125,2016-03-31,DEN @ NOP,L,30,0,8,0.0,0,4,0.0,6,7,0.857,0,3,3,4,1,1,3,2,6,-11,18.6,1,2015-16
22015,2730,Dwight Howard,1610612745,HOU,Houston Rockets,0021501124,2016-03-31,HOU vs. CHI,L,29,3,4,0.75,0,0,,1,2,0.5,4,9,13,0,1,3,2,1,7,14,32.6,1,2015-16
22015,201935,James Harden,1610612745,HOU,Houston Rockets,0021501124,2016-03-31,HOU vs. CHI,L,42,8,20,0.4,2,7,0.286,6,8,0.75,0,4,4,8,0,2,4,1,24,-8,42.8,1,2015-16
22015,201601,Luc Mbah a Moute,1610612746,LAC,LA Clippers,0021501126,2016-03-31,LAC @ OKC,L,13,2,2,1.0,1,1,1.0,0,0,,0,0,0,1,0,0,0,1,5,-6,6.5,1,2015-16
22015,202325,Wesley Johnson,1610612746,LAC,LA Clippers,0021501126,2016-03-31,LAC @ OKC,L,37,6,13,0.462,2,6,0.333,0,0,,0,3,3,2,0,2,2,3,14,-3,24.6,1,2015-16
22015,201152,Thaddeus Young,1610612751,BKN,Brooklyn Nets,0021501122,2016-03-31,BKN @ CLE,L,28,9,18,0.5,0,0,,0,0,,4,4,8,0,1,0,5,2,18,-24,25.6,1,2015-16
22015,202711,Bojan Bogdanovic,1610612751,BKN,Brooklyn Nets,0021501122,2016-03-31,BKN @ CLE,L,25,5,12,0.417,1,5,0.2,3,4,0.75,0,5,5,3,0,0,4,3,14,-15,20.5,1,2015-16
22015,203080,Thomas Robinson,1610612751,BKN,Brooklyn Nets,0021501122,2016-03-31,BKN @ CLE,L,23,5,13,0.385,0,0,,0,3,0.0,4,7,11,1,1,0,0,1,10,-13,27.7,1,2015-16
22015,203186,Willie Reed,1610612751,BKN,Brooklyn Nets,0021501122,2016-03-31,BKN @ CLE,L,7,0,0,,0,0,,0,0,,1,4,5,0,0,2,0,0,0,7,12.0,1,2015-16
22015,203930,Sean Kilpatrick,1610612751,BKN,Brooklyn Nets,0021501122,2016-03-31,BKN @ CLE,L,21,2,9,0.222,0,4,0.0,0,0,,0,1,1,2,0,0,0,2,4,-9,8.2,1,2015-16
22015,203095,Evan Fournier,1610612753,ORL,Orlando Magic,0021501123,2016-03-31,ORL @ IND,W,36,10,14,0.714,3,5,0.6,2,2,1.0,0,0,0,1,2,0,4,4,25,19,28.5,1,2015-16
22015,203473,Dewayne Dedmon,1610612753,ORL,Orlando Magic,0021501123,2016-03-31,ORL @ IND,W,15,3,4,0.75,0,0,,2,5,0.4,3,3,6,1,0,0,1,3,8,-1,15.7,1,2015-16
22015,203506,Victor Oladipo,1610612753,ORL,Orlando Magic,0021501123,2016-03-31,ORL @ IND,W,36,7,15,0.467,2,3,0.667,2,2,1.0,2,5,7,7,2,1,0,2,18,17,45.9,1,2015-16
22015,203901,Elfrid Payton,1610612753,ORL,Orlando Magic,0021501123,2016-03-31,ORL @ IND,W,30,5,10,0.5,0,0,,0,0,,2,5,7,5,0,0,2,0,10,12,23.9,1,2015-16
22015,201588,George Hill,1610612754,IND,Indiana Pacers,0021501123,2016-03-31,IND vs. ORL,L,27,3,9,0.333,2,4,0.5,1,2,0.5,1,1,2,2,1,0,1,2,9,-14,16.4,1,2015-16
22015,202329,Al-Farouq Aminu,1610612757,POR,Portland Trail Blazers,0021501127,2016-03-31,POR vs. BOS,W,36,11,19,0.579,6,11,0.545,0,1,0.0,1,8,9,1,1,3,1,2,28,15,51.3,1,2015-16
22015,203090,Maurice Harkless,1610612757,POR,Portland Trail Blazers,0021501127,2016-03-31,POR vs. BOS,W,22,2,7,0.286,1,3,0.333,4,6,0.667,4,6,10,1,1,1,1,3,9,5,27.5,1,2015-16
22015,203459,Allen Crabbe,1610612757,POR,Portland Trail Blazers,0021501127,2016-03-31,POR vs. BOS,W,28,3,6,0.5,3,6,0.5,2,2,1.0,0,4,4,2,1,1,1,2,11,10,23.8,1,2015-16
22015,200751,Randy Foye,1610612760,OKC,Oklahoma City Thunder,0021501126,2016-03-31,OKC vs. LAC,W,21,1,3,0.333,1,3,0.333,0,0,,0,0,0,3,1,0,1,1,3,8,9.5,1,2015-16
22015,202713,Kyle Singler,1610612760,OKC,Oklahoma City Thunder,0021501126,2016-03-31,OKC vs. LAC,W,16,3,6,0.5,0,1,0.0,0,0,,2,1,3,0,1,0,0,1,6,-1,12.6,1,2015-16
22015,203460,Andre Roberson,1610612760,OKC,Oklahoma City Thunder,0021501126,2016-03-31,OKC vs. LAC,W,33,2,4,0.5,2,4,0.5,0,2,0.0,2,3,5,1,1,0,1,2,6,9,15.5,1,2015-16
22015,203109,Jae Crowder,1610612738,BOS,Boston Celtics,0021501127,2016-03-31,BOS @ POR,L,35,5,11,0.455,2,8,0.25,1,3,0.333,3,7,10,2,2,0,1,3,13,-5,33.0,1,2015-16
22015,202681,Kyrie Irving,1610612739,CLE,Cleveland Cavaliers,0021501122,2016-03-31,CLE vs. BKN,W,24,4,14,0.286,0,5,0.0,2,2,1.0,0,2,2,3,1,1,1,2,10,4,21.9,1,2015-16
22015,203521,Matthew Dellavedova,1610612739,CLE,Cleveland Cavaliers,0021501122,2016-03-31,CLE vs. BKN,W,17,0,6,0.0,0,3,0.0,0,0,,0,0,0,5,0,1,0,4,0,7,10.5,1,2015-16
22015,203516,James Ennis III,1610612740,NOP,New Orleans Pelicans,0021501125,2016-03-31,NOP vs. DEN,W,30,4,12,0.333,3,5,0.6,0,0,,5,1,6,3,0,0,1,1,11,-3,21.7,1,2015-16
22015,201166,Aaron Brooks,1610612741,CHI,Chicago Bulls,0021501124,2016-03-31,CHI @ HOU,W,16,1,4,0.25,1,1,1.0,0,0,,0,0,0,3,1,0,0,1,3,-17,10.5,1,2015-16
22015,1626245,Cristiano Felicio,1610612741,CHI,Chicago Bulls,0021501124,2016-03-31,CHI @ HOU,W,15,2,4,0.5,0,0,,1,2,0.5,0,4,4,3,0,1,0,1,5,6,17.3,1,2015-16
22015,201571,D.J. Augustin,1610612743,DEN,Denver Nuggets,0021501125,2016-03-31,DEN @ NOP,L,29,4,9,0.444,1,4,0.25,0,0,,0,1,1,8,2,0,3,2,9,-4,25.2,1,2015-16
22015,202702,Kenneth Faried,1610612743,DEN,Denver Nuggets,0021501125,2016-03-31,DEN @ NOP,L,25,3,11,0.273,0,0,,4,6,0.667,5,7,12,2,2,0,1,0,10,-1,32.4,1,2015-16
22015,203914,Gary Harris,1610612743,DEN,Denver Nuggets,0021501125,2016-03-31,DEN @ NOP,L,38,6,11,0.545,1,3,0.333,3,3,1.0,0,0,0,4,2,0,1,2,16,-21,27.0,1,2015-16
22015,201976,Patrick Beverley,1610612745,HOU,Houston Rockets,0021501124,2016-03-31,HOU vs. CHI,L,37,9,13,0.692,3,4,0.75,1,1,1.0,1,4,5,7,0,0,0,4,22,13,38.5,1,2015-16
22015,203991,Clint Capela,1610612745,HOU,Houston Rockets,0021501124,2016-03-31,HOU vs. CHI,L,18,4,7,0.571,0,0,,0,0,,2,3,5,0,2,0,0,3,8,-21,20.0,1,2015-16
22015,202388,Donald Sloan,1610612751,BKN,Brooklyn Nets,0021501122,2016-03-31,BKN @ CLE,L,21,4,9,0.444,1,3,0.333,2,2,1.0,0,0,0,5,1,0,1,0,11,1,20.5,1,2015-16
22015,201228,C.J. Watson,1610612753,ORL,Orlando Magic,0021501123,2016-03-31,ORL @ IND,W,9,0,3,0.0,0,1,0.0,0,0,,0,1,1,0,0,0,0,0,0,2,1.2,1,2015-16
22015,203094,Andrew Nicholson,1610612753,ORL,Orlando Magic,0021501123,2016-03-31,ORL @ IND,W,25,4,9,0.444,0,4,0.0,3,3,1.0,1,4,5,3,0,1,0,3,11,15,24.5,1,2015-16
22015,101139,CJ Miles,1610612754,IND,Indiana Pacers,0021501123,2016-03-31,IND vs. ORL,L,17,3,9,0.333,3,5,0.6,0,0,,1,2,3,1,0,0,0,2,9,-7,14.1,1,2015-16
22015,1626202,Joe Young,1610612754,IND,Indiana Pacers,0021501123,2016-03-31,IND vs. ORL,L,2,0,0,,0,0,,0,0,,0,0,0,0,0,0,1,0,0,0,-1.0,1,2015-16
22015,203486,Mason Plumlee,1610612757,POR,Portland Trail Blazers,0021501127,2016-03-31,POR vs. BOS,W,25,3,6,0.5,0,0,,5,8,0.625,3,3,6,4,0,0,1,1,11,-10,23.2,1,2015-16
22015,203500,Steven Adams,1610612760,OKC,Oklahoma City Thunder,0021501126,2016-03-31,OKC vs. LAC,W,30,6,7,0.857,0,0,,1,3,0.333,4,2,6,0,1,1,2,2,13,2,24.2,1,2015-16
22015,203096,Jared Sullinger,1610612738,BOS,Boston Celtics,0021501127,2016-03-31,BOS @ POR,L,23,4,8,0.5,0,0,,2,2,1.0,3,7,10,5,1,0,1,4,10,3,31.5,1,2015-16
22015,2210,Richard Jefferson,1610612739,CLE,Cleveland Cavaliers,0021501122,2016-03-31,CLE vs. BKN,W,12,2,4,0.5,1,3,0.333,0,0,,0,0,0,0,0,0,0,0,5,-6,5.0,1,2015-16
22015,2590,Mo Williams,1610612739,CLE,Cleveland Cavaliers,0021501122,2016-03-31,CLE vs. BKN,W,9,2,5,0.4,1,2,0.5,0,0,,0,1,1,1,0,0,2,0,5,-6,5.7,1,2015-16
22015,101112,Channing Frye,1610612739,CLE,Cleveland Cavaliers,0021501122,2016-03-31,CLE vs. BKN,W,23,5,10,0.5,3,6,0.5,0,0,,2,6,8,2,0,0,1,2,13,0,24.6,1,2015-16
22015,201582,Alexis Ajinca,1610612740,NOP,New Orleans Pelicans,0021501125,2016-03-31,NOP vs. DEN,W,16,4,7,0.571,0,0,,0,0,,3,5,8,0,2,1,3,2,8,2,23.6,1,2015-16
22015,201600,Omer Asik,1610612740,NOP,New Orleans Pelicans,0021501125,2016-03-31,NOP vs. DEN,W,15,0,1,0.0,0,0,,0,0,,1,3,4,1,0,0,0,0,0,-6,6.3,1,2015-16
22015,202706,Jordan Hamilton,1610612740,NOP,New Orleans Pelicans,0021501125,2016-03-31,NOP vs. DEN,W,32,6,14,0.429,2,5,0.4,0,0,,0,7,7,2,2,1,1,2,14,-5,33.4,1,2015-16
22015,204025,Tim Frazier,1610612740,NOP,New Orleans Pelicans,0021501125,2016-03-31,NOP vs. DEN,W,29,6,12,0.5,3,5,0.6,2,2,1.0,1,4,5,8,0,0,2,3,17,6,33.0,1,2015-16
22015,2399,Mike Dunleavy,1610612741,CHI,Chicago Bulls,0021501124,2016-03-31,CHI @ HOU,W,9,0,1,0.0,0,1,0.0,1,2,0.5,0,0,0,0,0,0,1,1,1,-18,0.0,1,2015-16
22015,202710,Jimmy Butler III,1610612741,CHI,Chicago Bulls,0021501124,2016-03-31,CHI @ HOU,W,39,8,13,0.615,1,2,0.5,4,4,1.0,1,7,8,6,2,1,3,1,21,3,45.6,1,2015-16
22015,201589,Darrell Arthur,1610612743,DEN,Denver Nuggets,0021501125,2016-03-31,DEN @ NOP,L,22,10,15,0.667,4,5,0.8,0,1,0.0,1,8,9,1,0,1,1,3,24,2,38.3,1,2015-16
22015,203530,Joffrey Lauvergne,1610612743,DEN,Denver Nuggets,0021501125,2016-03-31,DEN @ NOP,L,11,2,3,0.667,0,0,,0,0,,0,0,0,0,0,0,1,0,4,3,3.0,1,2015-16
22015,203960,JaKarr Sampson,1610612743,DEN,Denver Nuggets,0021501125,2016-03-31,DEN @ NOP,L,21,1,5,0.2,0,1,0.0,0,0,,0,2,2,2,0,4,1,1,2,4,18.4,1,2015-16
22015,203999,Nikola Jokić,1610612743,DEN,Denver Nuggets,0021501125,2016-03-31,DEN @ NOP,L,23,4,7,0.571,1,3,0.333,0,0,,2,6,8,3,1,1,1,1,9,-8,28.1,1,2015-16
22015,201965,Jeff Ayres,1610612746,LAC,LA Clippers,0021501126,2016-03-31,LAC @ OKC,L,17,1,2,0.5,0,0,,2,2,1.0,1,0,1,0,0,0,1,3,4,-6,4.2,1,2015-16
22015,202332,Cole Aldrich,1610612746,LAC,LA Clippers,0021501126,2016-03-31,LAC @ OKC,L,30,3,4,0.75,0,0,,0,0,,2,8,10,2,3,0,3,2,6,4,27.0,1,2015-16
22015,203085,Austin Rivers,1610612746,LAC,LA Clippers,0021501126,2016-03-31,LAC @ OKC,L,39,12,19,0.632,7,9,0.778,1,2,0.5,0,4,4,5,2,0,2,4,32,0,48.3,1,2015-16
22015,203912,C.J. Wilcox,1610612746,LAC,LA Clippers,0021501126,2016-03-31,LAC @ OKC,L,8,1,1,1.0,0,0,,3,3,1.0,0,0,0,1,1,0,0,0,5,2,9.5,1,2015-16
22015,203900,Markel Brown,1610612751,BKN,Brooklyn Nets,0021501122,2016-03-31,BKN @ CLE,L,24,3,9,0.333,0,3,0.0,0,0,,0,5,5,4,2,1,2,1,6,-8,25.0,1,2015-16
22015,1626191,Chris McCullough,1610612751,BKN,Brooklyn Nets,0021501122,2016-03-31,BKN @ CLE,L,20,3,6,0.5,0,1,0.0,1,2,0.5,2,4,6,1,2,1,1,4,7,4,23.7,1,2015-16
22015,202696,Nikola Vučević,1610612753,ORL,Orlando Magic,0021501123,2016-03-31,ORL @ IND,W,25,12,15,0.8,0,0,,0,1,0.0,1,5,6,1,0,1,1,1,24,14,34.7,1,2015-16
22015,101133,Ian Mahinmi,1610612754,IND,Indiana Pacers,0021501123,2016-03-31,IND vs. ORL,L,33,2,5,0.4,0,0,,2,5,0.4,0,7,7,3,2,1,3,4,6,-14,24.9,1,2015-16
22015,201941,Jordan Hill,1610612754,IND,Indiana Pacers,0021501123,2016-03-31,IND vs. ORL,L,11,2,3,0.667,0,0,,2,2,1.0,1,2,3,0,0,0,1,0,6,-5,8.6,1,2015-16
22015,202331,Paul George,1610612754,IND,Indiana Pacers,0021501123,2016-03-31,IND vs. ORL,L,34,11,23,0.478,1,4,0.25,4,4,1.0,2,6,8,3,5,0,2,1,27,-14,54.1,1,2015-16
22015,202683,Enes Freedom,1610612760,OKC,Oklahoma City Thunder,0021501126,2016-03-31,OKC vs. LAC,W,18,5,7,0.714,0,0,,1,1,1.0,2,2,4,0,0,0,0,1,11,0,15.8,1,2015-16
22015,203079,Dion Waiters,1610612760,OKC,Oklahoma City Thunder,0021501126,2016-03-31,OKC vs. LAC,W,16,3,6,0.5,1,3,0.333,0,0,,1,2,3,2,0,0,0,1,7,-3,13.6,1,2015-16
22015,202337,Luke Babbitt,1610612740,NOP,New Orleans Pelicans,0021501125,2016-03-31,NOP vs. DEN,W,36,9,25,0.36,2,6,0.333,2,2,1.0,2,8,10,3,2,1,3,2,22,9,44.5,1,2015-16
22015,201563,Michael Beasley,1610612745,HOU,Houston Rockets,0021501124,2016-03-31,HOU vs. CHI,L,31,7,18,0.389,0,0,,6,6,1.0,5,6,11,2,0,0,2,3,20,-19,34.2,1,2015-16
22015,203156,Henry Sims,1610612751,BKN,Brooklyn Nets,0021501122,2016-03-31,BKN @ CLE,L,19,0,3,0.0,0,0,,4,6,0.667,2,3,5,1,2,0,0,4,4,-14,17.5,1,2015-16
22015,202730,Lavoy Allen,1610612754,IND,Indiana Pacers,0021501123,2016-03-31,IND vs. ORL,L,24,5,9,0.556,0,0,,2,4,0.5,8,3,11,2,2,0,0,1,12,-9,34.2,1,2015-16
22015,2743,Kris Humphries,1610612737,ATL,Atlanta Hawks,0021501131,2016-04-01,ATL vs. CLE,L,13,0,4,0.0,0,2,0.0,3,4,0.75,1,2,3,1,0,1,0,2,3,-20,11.1,1,2015-16
22015,200794,Paul Millsap,1610612737,ATL,Atlanta Hawks,0021501131,2016-04-01,ATL vs. CLE,L,41,12,22,0.545,2,4,0.5,3,3,1.0,3,9,12,3,2,1,3,5,29,13,53.9,1,2015-16
22015,203482,Kelly Olynyk,1610612738,BOS,Boston Celtics,0021501136,2016-04-01,BOS @ GSW,W,17,2,8,0.25,1,4,0.25,2,2,1.0,1,1,2,2,1,0,1,2,7,0,14.4,1,2015-16
22015,202681,Kyrie Irving,1610612739,CLE,Cleveland Cavaliers,0021501131,2016-04-01,CLE @ ATL,W,42,5,23,0.217,2,7,0.286,8,10,0.8,2,4,6,7,2,2,1,2,20,-13,48.7,1,2015-16
22015,203521,Matthew Dellavedova,1610612739,CLE,Cleveland Cavaliers,0021501131,2016-04-01,CLE @ ATL,W,18,2,4,0.5,0,1,0.0,2,2,1.0,0,2,2,2,0,1,3,5,6,13,11.4,1,2015-16
22015,2585,Zaza Pachulia,1610612742,DAL,Dallas Mavericks,0021501129,2016-04-01,DAL @ DET,W,22,1,1,1.0,0,0,,4,6,0.667,4,7,11,3,0,0,1,0,6,-1,22.7,1,2015-16
22015,2733,Shaun Livingston,1610612744,GSW,Golden State Warriors,0021501136,2016-04-01,GSW vs. BOS,L,20,3,4,0.75,0,0,,2,2,1.0,0,2,2,2,0,1,3,4,8,0,13.4,1,2015-16
22015,202328,Greg Monroe,1610612749,MIL,Milwaukee Bucks,0021501133,2016-04-01,MIL vs. ORL,W,31,9,14,0.643,0,0,,0,2,0.0,3,3,6,3,2,1,2,1,18,8,36.7,1,2015-16
22015,202349,Greivis Vasquez,1610612749,MIL,Milwaukee Bucks,0021501133,2016-04-01,MIL vs. ORL,W,12,0,5,0.0,0,4,0.0,0,0,,0,1,1,4,1,0,3,1,0,-10,7.2,1,2015-16
22015,203101,Miles Plumlee,1610612749,MIL,Milwaukee Bucks,0021501133,2016-04-01,MIL vs. ORL,W,17,5,7,0.714,0,0,,2,4,0.5,1,1,2,0,0,0,1,1,12,-5,13.4,1,2015-16
22015,203114,Khris Middleton,1610612749,MIL,Milwaukee Bucks,0021501133,2016-04-01,MIL vs. ORL,W,38,8,17,0.471,2,7,0.286,0,0,,0,5,5,4,5,2,2,1,18,6,49.0,1,2015-16
22015,203953,Jabari Parker,1610612749,MIL,Milwaukee Bucks,0021501133,2016-04-01,MIL vs. ORL,W,41,12,14,0.857,0,0,,2,3,0.667,0,7,7,5,1,0,2,0,26,18,42.9,1,2015-16
22015,202357,Nemanja Bjelica,1610612750,MIN,Minnesota Timberwolves,0021501134,2016-04-01,MIN @ UTA,L,35,6,8,0.75,3,4,0.75,0,0,,2,6,8,2,0,0,0,2,15,3,27.6,1,2015-16
22015,1626145,Tyus Jones,1610612750,MIN,Minnesota Timberwolves,0021501134,2016-04-01,MIN @ UTA,L,6,0,1,0.0,0,1,0.0,0,0,,1,0,1,1,1,0,2,0,0,8,3.7,1,2015-16
22015,2756,Sasha Vujacic,1610612752,NYK,New York Knicks,0021501130,2016-04-01,NYK vs. BKN,W,17,2,3,0.667,1,1,1.0,0,0,,2,3,5,0,0,1,1,0,5,13,13.0,1,2015-16
22015,202696,Nikola Vučević,1610612753,ORL,Orlando Magic,0021501133,2016-04-01,ORL @ MIL,L,22,10,13,0.769,0,0,,2,3,0.667,1,3,4,3,1,2,1,2,22,-4,39.3,1,2015-16
22015,203473,Dewayne Dedmon,1610612753,ORL,Orlando Magic,0021501133,2016-04-01,ORL @ MIL,L,11,1,1,1.0,0,0,,2,2,1.0,0,4,4,0,0,0,0,1,4,-13,8.8,1,2015-16
22015,203932,Aaron Gordon,1610612753,ORL,Orlando Magic,0021501133,2016-04-01,ORL @ MIL,L,32,6,12,0.5,1,3,0.333,1,2,0.5,2,5,7,2,1,0,1,4,14,-12,27.4,1,2015-16
22015,201171,Carl Landry,1610612755,PHI,Philadelphia 76ers,0021501128,2016-04-01,PHI @ CHA,L,24,8,13,0.615,0,0,,0,0,,5,3,8,4,0,0,0,5,16,-16,31.6,1,2015-16
22015,203088,Kendall Marshall,1610612755,PHI,Philadelphia 76ers,0021501128,2016-04-01,PHI @ CHA,L,8,0,2,0.0,0,1,0.0,0,0,,0,1,1,0,0,0,0,0,0,2,1.2,1,2015-16
22015,203477,Isaiah Canaan,1610612755,PHI,Philadelphia 76ers,0021501128,2016-04-01,PHI @ CHA,L,24,1,9,0.111,0,6,0.0,2,3,0.667,0,2,2,1,1,2,0,1,4,-20,16.9,1,2015-16
22015,203462,Archie Goodwin,1610612756,PHX,Phoenix Suns,0021501137,2016-04-01,PHX vs. WAS,L,13,4,5,0.8,0,0,,0,0,,0,0,0,3,1,0,2,2,8,-2,13.5,1,2015-16
22015,200752,Rudy Gay,1610612758,SAC,Sacramento Kings,0021501135,2016-04-01,SAC vs. MIA,L,40,9,21,0.429,0,3,0.0,2,2,1.0,4,9,13,1,2,0,4,3,20,-10,39.1,1,2015-16
22015,201585,Kosta Koufos,1610612758,SAC,Sacramento Kings,0021501135,2016-04-01,SAC vs. MIA,L,22,6,11,0.545,0,0,,0,2,0.0,6,3,9,2,0,2,2,4,12,-3,29.8,1,2015-16
22015,202341,James Anderson,1610612758,SAC,Sacramento Kings,0021501135,2016-04-01,SAC vs. MIA,L,19,3,5,0.6,1,3,0.333,0,0,,0,1,1,1,0,1,0,0,7,14,12.7,1,2015-16
22015,203552,Seth Curry,1610612758,SAC,Sacramento Kings,0021501135,2016-04-01,SAC vs. MIA,L,32,5,10,0.5,4,6,0.667,7,8,0.875,0,2,2,3,2,0,1,0,21,1,32.9,1,2015-16
22015,202687,Bismack Biyombo,1610612761,TOR,Toronto Raptors,0021501132,2016-04-01,TOR @ MEM,W,12,1,1,1.0,0,0,,0,0,,0,1,1,0,0,1,2,5,2,-14,4.2,1,2015-16
22015,203526,Raul Neto,1610612762,UTA,Utah Jazz,0021501134,2016-04-01,UTA vs. MIN,W,15,1,5,0.2,1,3,0.333,0,0,,1,2,3,0,0,0,4,1,3,-2,2.6,1,2015-16
22015,204098,Xavier Munford,1610612763,MEM,Memphis Grizzlies,0021501132,2016-04-01,MEM vs. TOR,L,22,5,7,0.714,2,3,0.667,0,0,,0,2,2,3,1,0,2,0,12,7,19.9,1,2015-16
22015,201196,Ramon Sessions,1610612764,WAS,Washington Wizards,0021501137,2016-04-01,WAS @ PHX,W,15,3,7,0.429,1,1,1.0,2,2,1.0,0,0,0,0,0,0,0,0,9,8,9.0,1,2015-16
22015,202066,Garrett Temple,1610612764,WAS,Washington Wizards,0021501137,2016-04-01,WAS @ PHX,W,19,1,3,0.333,0,2,0.0,0,0,,0,1,1,1,1,0,1,3,2,1,6.7,1,2015-16
22015,203078,Bradley Beal,1610612764,WAS,Washington Wizards,0021501137,2016-04-01,WAS @ PHX,W,34,6,14,0.429,3,8,0.375,6,6,1.0,0,1,1,5,1,0,2,4,21,-3,30.7,1,2015-16
22015,201229,Anthony Tolliver,1610612765,DET,Detroit Pistons,0021501129,2016-04-01,DET vs. DAL,L,5,0,1,0.0,0,1,0.0,0,0,,0,0,0,0,0,0,1,1,0,-15,-1.0,1,2015-16
22015,202694,Marcus Morris Sr.,1610612765,DET,Detroit Pistons,0021501129,2016-04-01,DET vs. DAL,L,40,12,17,0.706,6,8,0.75,1,2,0.5,2,10,12,4,1,2,0,2,31,12,60.4,1,2015-16
22015,202704,Reggie Jackson,1610612765,DET,Detroit Pistons,0021501129,2016-04-01,DET vs. DAL,L,32,3,15,0.2,1,7,0.143,4,4,1.0,1,4,5,10,2,0,6,5,11,8,32.0,1,2015-16
22015,203083,Andre Drummond,1610612765,DET,Detroit Pistons,0021501129,2016-04-01,DET vs. DAL,L,35,5,15,0.333,0,0,,2,10,0.2,5,12,17,1,1,0,0,2,12,16,36.9,1,2015-16
22015,203087,Jeremy Lamb,1610612766,CHA,Charlotte Hornets,0021501128,2016-04-01,CHA vs. PHI,W,15,2,5,0.4,0,1,0.0,1,1,1.0,1,3,4,1,0,0,1,2,5,-6,10.3,1,2015-16
22015,203469,Cody Zeller,1610612766,CHA,Charlotte Hornets,0021501128,2016-04-01,CHA vs. PHI,W,27,3,5,0.6,0,0,,2,2,1.0,3,6,9,2,3,1,0,0,8,8,33.8,1,2015-16
22015,2594,Kyle Korver,1610612737,ATL,Atlanta Hawks,0021501131,2016-04-01,ATL vs. CLE,L,41,5,8,0.625,4,6,0.667,0,0,,0,4,4,1,0,0,0,1,14,33,20.3,1,2015-16
22015,1626179,Terry Rozier,1610612738,BOS,Boston Celtics,0021501136,2016-04-01,BOS @ GSW,W,17,0,3,0.0,0,0,,1,2,0.5,1,4,5,0,0,0,0,0,1,-4,7.0,1,2015-16
22015,1717,Dirk Nowitzki,1610612742,DAL,Dallas Mavericks,0021501129,2016-04-01,DAL @ DET,W,37,8,18,0.444,1,1,1.0,2,2,1.0,0,5,5,3,1,0,1,1,19,11,31.5,1,2015-16
22015,2734,Devin Harris,1610612742,DAL,Dallas Mavericks,0021501129,2016-04-01,DAL @ DET,W,28,5,10,0.5,1,4,0.25,2,2,1.0,0,2,2,3,0,0,2,4,13,5,17.9,1,2015-16
22015,202083,Wesley Matthews,1610612742,DAL,Dallas Mavericks,0021501129,2016-04-01,DAL @ DET,W,43,6,16,0.375,4,9,0.444,1,1,1.0,0,6,6,1,1,0,1,3,17,2,27.7,1,2015-16
22015,202691,Klay Thompson,1610612744,GSW,Golden State Warriors,0021501136,2016-04-01,GSW vs. BOS,L,37,6,16,0.375,2,6,0.333,1,1,1.0,0,3,3,3,1,0,1,1,15,-8,25.1,1,2015-16
22015,2405,Amar'e Stoudemire,1610612748,MIA,Miami Heat,0021501135,2016-04-01,MIA @ SAC,W,17,3,4,0.75,0,0,,2,2,1.0,0,4,4,0,0,0,1,1,8,9,11.8,1,2015-16
22015,1626196,Josh Richardson,1610612748,MIA,Miami Heat,0021501135,2016-04-01,MIA @ SAC,W,28,3,8,0.375,1,2,0.5,0,0,,0,3,3,1,0,1,2,4,7,6,13.1,1,2015-16
22015,203507,Giannis Antetokounmpo,1610612749,MIL,Milwaukee Bucks,0021501133,2016-04-01,MIL vs. ORL,W,39,5,13,0.385,0,1,0.0,8,11,0.727,2,9,11,11,2,3,4,1,18,8,58.7,1,2015-16
22015,1626173,Rashad Vaughn,1610612749,MIL,Milwaukee Bucks,0021501133,2016-04-01,MIL vs. ORL,W,22,2,6,0.333,0,2,0.0,0,1,0.0,1,2,3,1,1,0,0,2,4,9,12.1,1,2015-16
22015,2419,Tayshaun Prince,1610612750,MIN,Minnesota Timberwolves,0021501134,2016-04-01,MIN @ UTA,L,12,0,4,0.0,0,0,,0,0,,0,2,2,1,1,0,0,0,0,6,6.9,1,2015-16
22015,1626178,Rondae Hollis-Jefferson,1610612751,BKN,Brooklyn Nets,0021501130,2016-04-01,BKN @ NYK,L,15,0,5,0.0,0,1,0.0,1,2,0.5,1,1,2,1,1,0,0,1,1,-11,7.9,1,2015-16
22015,203921,Cleanthony Early,1610612752,NYK,New York Knicks,0021501130,2016-04-01,NYK vs. BKN,W,23,3,10,0.3,1,2,0.5,0,0,,1,5,6,3,0,0,3,1,7,8,15.7,1,2015-16
22015,204038,Langston Galloway,1610612752,NYK,New York Knicks,0021501130,2016-04-01,NYK vs. BKN,W,24,7,11,0.636,4,6,0.667,0,0,,0,6,6,7,1,1,3,0,18,9,38.7,1,2015-16
22015,1626209,Mario Hezonja,1610612753,ORL,Orlando Magic,0021501133,2016-04-01,ORL @ MIL,L,21,4,7,0.571,3,4,0.75,0,0,,0,2,2,1,0,1,2,2,11,6,15.9,1,2015-16
22015,203496,Robert Covington,1610612755,PHI,Philadelphia 76ers,0021501128,2016-04-01,PHI @ CHA,L,29,2,8,0.25,2,7,0.286,0,2,0.0,2,8,10,2,0,1,0,5,6,-1,24.0,1,2015-16
22015,203924,Jerami Grant,1610612755,PHI,Philadelphia 76ers,0021501128,2016-04-01,PHI @ CHA,L,20,5,10,0.5,1,2,0.5,6,8,0.75,0,2,2,1,2,2,0,1,17,-8,32.9,1,2015-16
22015,204456,T.J. McConnell,1610612755,PHI,Philadelphia 76ers,0021501128,2016-04-01,PHI @ CHA,L,21,1,7,0.143,1,3,0.333,0,0,,0,2,2,7,0,1,0,0,3,2,18.9,1,2015-16
22015,2199,Tyson Chandler,1610612756,PHX,Phoenix Suns,0021501137,2016-04-01,PHX vs. WAS,L,39,4,7,0.571,0,0,,3,6,0.5,6,9,15,2,0,1,1,3,11,-3,34.0,1,2015-16
22015,101179,Ronnie Price,1610612756,PHX,Phoenix Suns,0021501137,2016-04-01,PHX vs. WAS,L,33,1,8,0.125,1,6,0.167,2,2,1.0,1,3,4,8,1,0,2,5,5,-7,22.8,1,2015-16
22015,203458,Alex Len,1610612756,PHX,Phoenix Suns,0021501137,2016-04-01,PHX vs. WAS,L,24,1,10,0.1,0,0,,2,2,1.0,1,7,8,1,0,0,2,4,4,1,13.1,1,2015-16
22015,1626210,Alan Williams,1610612756,PHX,Phoenix Suns,0021501137,2016-04-01,PHX vs. WAS,L,1,0,0,,0,0,,0,0,,0,0,0,0,0,0,0,0,0,2,0.0,1,2015-16
22015,201954,Darren Collison,1610612758,SAC,Sacramento Kings,0021501135,2016-04-01,SAC vs. MIA,L,34,8,13,0.615,1,3,0.333,9,9,1.0,1,1,2,2,0,0,2,3,26,4,29.4,1,2015-16
22015,201956,Omri Casspi,1610612758,SAC,Sacramento Kings,0021501135,2016-04-01,SAC vs. MIA,L,8,1,3,0.333,0,0,,0,2,0.0,1,0,1,0,0,0,0,1,2,-16,3.2,1,2015-16
22015,1626161,Willie Cauley-Stein,1610612758,SAC,Sacramento Kings,0021501135,2016-04-01,SAC vs. MIA,L,22,1,6,0.167,0,0,,2,2,1.0,2,2,4,1,0,2,0,1,4,-2,16.3,1,2015-16
22015,202330,Gordon Hayward,1610612762,UTA,Utah Jazz,0021501134,2016-04-01,UTA vs. MIN,W,36,8,15,0.533,1,5,0.2,5,7,0.714,0,5,5,3,2,0,2,3,22,20,36.5,1,2015-16
22015,204060,Joe Ingles,1610612762,UTA,Utah Jazz,0021501134,2016-04-01,UTA vs. MIN,W,16,1,3,0.333,1,3,0.333,1,2,0.5,0,2,2,1,1,0,0,1,4,3,10.9,1,2015-16
22015,2440,Matt Barnes,1610612763,MEM,Memphis Grizzlies,0021501132,2016-04-01,MEM vs. TOR,L,27,1,7,0.143,0,2,0.0,0,0,,1,3,4,1,0,0,1,4,2,-18,7.3,1,2015-16
22015,1626185,Jarell Martin,1610612763,MEM,Memphis Grizzlies,0021501132,2016-04-01,MEM vs. TOR,L,18,1,1,1.0,0,0,,6,8,0.75,1,3,4,0,2,1,0,3,8,17,21.8,1,2015-16
22015,101162,Marcin Gortat,1610612764,WAS,Washington Wizards,0021501137,2016-04-01,WAS @ PHX,W,29,4,10,0.4,0,0,,3,5,0.6,3,8,11,0,0,2,0,2,11,7,30.2,1,2015-16
22015,202693,Markieff Morris,1610612764,WAS,Washington Wizards,0021501137,2016-04-01,WAS @ PHX,W,34,8,15,0.533,2,5,0.4,3,4,0.75,1,8,9,1,1,4,0,2,21,3,48.3,1,2015-16
22015,203490,Otto Porter Jr.,1610612764,WAS,Washington Wizards,0021501137,2016-04-01,WAS @ PHX,W,34,3,9,0.333,1,4,0.25,4,4,1.0,4,3,7,2,0,0,1,0,11,5,21.4,1,2015-16
22015,2581,Steve Blake,1610612765,DET,Detroit Pistons,0021501129,2016-04-01,DET vs. DAL,L,16,1,4,0.25,1,3,0.333,0,0,,0,1,1,6,0,0,0,0,3,-17,13.2,1,2015-16
22015,203382,Aron Baynes,1610612765,DET,Detroit Pistons,0021501129,2016-04-01,DET vs. DAL,L,13,0,3,0.0,0,0,,0,0,,2,0,2,0,0,0,1,2,0,-25,1.4,1,2015-16
22015,1626169,Stanley Johnson,1610612765,DET,Detroit Pistons,0021501129,2016-04-01,DET vs. DAL,L,14,1,4,0.25,1,3,0.333,0,0,,1,2,3,1,0,0,1,1,3,-6,7.1,1,2015-16
22015,201587,Nicolas Batum,1610612766,CHA,Charlotte Hornets,0021501128,2016-04-01,CHA vs. PHI,W,33,8,17,0.471,2,7,0.286,1,2,0.5,0,4,4,7,0,0,2,1,19,15,32.3,1,2015-16
22015,200757,Thabo Sefolosha,1610612737,ATL,Atlanta Hawks,0021501131,2016-04-01,ATL vs. CLE,L,15,2,3,0.667,0,1,0.0,0,0,,0,1,1,1,0,0,3,3,4,-33,3.7,1,2015-16
22015,201952,Jeff Teague,1610612737,ATL,Atlanta Hawks,0021501131,2016-04-01,ATL vs. CLE,L,38,9,23,0.391,2,6,0.333,8,8,1.0,0,4,4,9,2,2,2,3,28,18,56.3,1,2015-16
22015,203118,Mike Scott,1610612737,ATL,Atlanta Hawks,0021501131,2016-04-01,ATL vs. CLE,L,9,0,0,,0,0,,0,0,,0,1,1,0,0,0,0,1,0,-3,1.2,1,2015-16
22015,203471,Dennis Schröder,1610612737,ATL,Atlanta Hawks,0021501131,2016-04-01,ATL vs. CLE,L,14,2,7,0.286,0,0,,3,4,0.75,0,2,2,1,1,0,5,4,7,-20,8.9,1,2015-16
22015,202684,Tristan Thompson,1610612739,CLE,Cleveland Cavaliers,0021501131,2016-04-01,CLE @ ATL,W,34,4,4,1.0,0,0,,1,6,0.167,5,9,14,1,1,2,0,4,9,4,36.3,1,2015-16
22015,101135,David Lee,1610612742,DAL,Dallas Mavericks,0021501129,2016-04-01,DAL @ DET,W,12,2,4,0.5,0,0,,0,0,,0,5,5,1,0,2,0,3,4,-4,17.5,1,2015-16
22015,200826,J.J. Barea,1610612742,DAL,Dallas Mavericks,0021501129,2016-04-01,DAL @ DET,W,35,13,23,0.565,2,5,0.4,1,1,1.0,0,3,3,3,0,0,3,2,29,12,34.1,1,2015-16
22015,2760,Anderson Varejao,1610612744,GSW,Golden State Warriors,0021501136,2016-04-01,GSW vs. BOS,L,10,2,3,0.667,0,0,,1,4,0.25,1,2,3,1,0,0,0,4,5,6,10.1,1,2015-16
22015,201578,Marreese Speights,1610612744,GSW,Golden State Warriors,0021501136,2016-04-01,GSW vs. BOS,L,11,2,6,0.333,1,1,1.0,0,0,,0,3,3,0,2,1,0,2,5,-2,17.6,1,2015-16
22015,203084,Harrison Barnes,1610612744,GSW,Golden State Warriors,0021501136,2016-04-01,GSW vs. BOS,L,35,5,11,0.455,4,9,0.444,0,0,,3,5,8,4,1,0,1,2,14,1,31.6,1,2015-16
22015,203110,Draymond Green,1610612744,GSW,Golden State Warriors,0021501136,2016-04-01,GSW vs. BOS,L,37,5,13,0.385,3,8,0.375,3,3,1.0,2,7,9,7,6,2,4,3,16,-1,57.3,1,2015-16
22015,203546,Ian Clark,1610612744,GSW,Golden State Warriors,0021501136,2016-04-01,GSW vs. BOS,L,9,0,1,0.0,0,0,,0,0,,0,0,0,0,0,1,1,1,0,2,2.0,1,2015-16
22015,203948,Johnny O'Bryant III,1610612749,MIL,Milwaukee Bucks,0021501133,2016-04-01,MIL vs. ORL,W,3,0,0,,0,0,,0,0,,0,0,0,0,0,0,0,1,0,-5,0.0,1,2015-16
22015,201937,Ricky Rubio,1610612750,MIN,Minnesota Timberwolves,0021501134,2016-04-01,MIN @ UTA,L,28,2,8,0.25,1,4,0.25,1,1,1.0,1,5,6,9,4,0,3,4,6,-14,35.7,1,2015-16
22015,202962,Greg Smith,1610612750,MIN,Minnesota Timberwolves,0021501134,2016-04-01,MIN @ UTA,L,13,3,3,1.0,0,0,,0,0,,1,0,1,0,1,0,1,1,6,-8,9.2,1,2015-16
22015,203476,Gorgui Dieng,1610612750,MIN,Minnesota Timberwolves,0021501134,2016-04-01,MIN @ UTA,L,11,2,4,0.5,0,0,,0,0,,0,1,1,0,2,0,0,3,4,-5,11.2,1,2015-16
22015,203940,Adreian Payne,1610612750,MIN,Minnesota Timberwolves,0021501134,2016-04-01,MIN @ UTA,L,1,0,0,,0,0,,0,0,,0,0,0,0,0,0,0,0,0,2,0.0,1,2015-16
22015,1626157,Karl-Anthony Towns,1610612750,MIN,Minnesota Timberwolves,0021501134,2016-04-01,MIN @ UTA,L,35,6,15,0.4,1,1,1.0,4,5,0.8,2,9,11,3,0,1,3,2,17,-12,34.7,1,2015-16
22015,203080,Thomas Robinson,1610612751,BKN,Brooklyn Nets,0021501130,2016-04-01,BKN @ NYK,L,27,6,10,0.6,0,0,,2,3,0.667,6,7,13,3,5,0,3,2,14,-12,46.1,1,2015-16
22015,202338,Kevin Seraphin,1610612752,NYK,New York Knicks,0021501130,2016-04-01,NYK vs. BKN,W,22,5,9,0.556,0,1,0.0,2,2,1.0,0,7,7,0,1,0,2,3,12,12,21.4,1,2015-16
22015,202682,Derrick Williams,1610612752,NYK,New York Knicks,0021501130,2016-04-01,NYK vs. BKN,W,24,5,8,0.625,4,4,1.0,2,2,1.0,0,1,1,1,0,0,0,2,16,-2,18.7,1,2015-16
22015,201228,C.J. Watson,1610612753,ORL,Orlando Magic,0021501133,2016-04-01,ORL @ MIL,L,5,0,0,,0,0,,0,0,,0,0,0,0,0,0,0,0,0,6,0.0,1,2015-16
22015,203506,Victor Oladipo,1610612753,ORL,Orlando Magic,0021501133,2016-04-01,ORL @ MIL,L,38,7,17,0.412,2,6,0.333,2,2,1.0,0,3,3,5,5,4,5,5,18,-7,51.1,1,2015-16
22015,203901,Elfrid Payton,1610612753,ORL,Orlando Magic,0021501133,2016-04-01,ORL @ MIL,L,30,3,9,0.333,0,1,0.0,0,0,,0,6,6,10,1,0,3,3,6,-8,28.2,1,2015-16
22015,1882,Elton Brand,1610612755,PHI,Philadelphia 76ers,0021501128,2016-04-01,PHI @ CHA,L,24,5,9,0.556,0,1,0.0,3,3,1.0,1,10,11,1,1,1,2,2,13,7,31.7,1,2015-16
22015,203138,Hollis Thompson,1610612755,PHI,Philadelphia 76ers,0021501128,2016-04-01,PHI @ CHA,L,30,6,12,0.5,5,9,0.556,0,0,,0,2,2,1,1,0,1,4,17,-8,22.9,1,2015-16
22015,203917,Nik Stauskas,1610612755,PHI,Philadelphia 76ers,0021501128,2016-04-01,PHI @ CHA,L,29,3,11,0.273,1,6,0.167,4,5,0.8,1,2,3,2,0,0,2,1,11,14,15.6,1,2015-16
22015,200765,Rajon Rondo,1610612758,SAC,Sacramento Kings,0021501135,2016-04-01,SAC vs. MIA,L,29,1,7,0.143,0,1,0.0,3,4,0.75,0,5,5,10,1,0,3,1,5,-7,26.0,1,2015-16
22015,203463,Ben McLemore,1610612758,SAC,Sacramento Kings,0021501135,2016-04-01,SAC vs. MIA,L,21,2,5,0.4,1,3,0.333,0,0,,0,2,2,0,2,0,1,1,5,-1,12.4,1,2015-16
22015,200768,Kyle Lowry,1610612761,TOR,Toronto Raptors,0021501132,2016-04-01,TOR @ MEM,W,36,7,17,0.412,4,10,0.4,4,4,1.0,0,3,3,2,1,1,5,4,22,-4,29.6,1,2015-16
22015,201574,Jason Thompson,1610612761,TOR,Toronto Raptors,0021501132,2016-04-01,TOR @ MEM,W,22,3,5,0.6,0,1,0.0,0,0,,1,5,6,0,0,1,1,1,6,10,15.2,1,2015-16
22015,202335,Patrick Patterson,1610612761,TOR,Toronto Raptors,0021501132,2016-04-01,TOR @ MEM,W,26,1,9,0.111,0,3,0.0,0,0,,3,0,3,2,1,1,1,2,2,-6,13.6,1,2015-16
22015,202685,Jonas Valančiūnas,1610612761,TOR,Toronto Raptors,0021501132,2016-04-01,TOR @ MEM,W,36,1,5,0.2,0,0,,9,10,0.9,4,10,14,0,3,7,0,2,11,18,57.8,1,2015-16
22015,1626181,Norman Powell,1610612761,TOR,Toronto Raptors,0021501132,2016-04-01,TOR @ MEM,W,30,4,4,1.0,2,2,1.0,4,4,1.0,0,4,4,5,2,1,4,0,14,10,31.3,1,2015-16
22015,202714,Shelvin Mack,1610612762,UTA,Utah Jazz,0021501134,2016-04-01,UTA vs. MIN,W,33,6,12,0.5,2,4,0.5,2,2,1.0,0,4,4,5,1,0,3,1,16,15,28.3,1,2015-16
22015,203481,Jeff Withey,1610612762,UTA,Utah Jazz,0021501134,2016-04-01,UTA vs. MIN,W,9,2,3,0.667,0,0,,0,0,,1,2,3,0,0,1,0,2,4,5,10.6,1,2015-16
22015,203497,Rudy Gobert,1610612762,UTA,Utah Jazz,0021501134,2016-04-01,UTA vs. MIN,W,36,4,4,1.0,0,0,,2,6,0.333,7,7,14,0,1,3,3,0,10,7,35.8,1,2015-16
22015,2216,Zach Randolph,1610612763,MEM,Memphis Grizzlies,0021501132,2016-04-01,MEM vs. TOR,L,29,6,18,0.333,0,1,0.0,4,4,1.0,2,2,4,3,1,0,2,4,16,-19,26.3,1,2015-16
22015,2365,Chris Andersen,1610612763,MEM,Memphis Grizzlies,0021501132,2016-04-01,MEM vs. TOR,L,20,1,4,0.25,1,1,1.0,0,0,,3,2,5,0,1,1,1,3,3,-11,14.0,1,2015-16
22015,203210,JaMychal Green,1610612763,MEM,Memphis Grizzlies,0021501132,2016-04-01,MEM vs. TOR,L,28,5,9,0.556,0,0,,0,0,,3,4,7,0,2,2,2,0,10,7,28.4,1,2015-16
22015,203145,Kent Bazemore,1610612737,ATL,Atlanta Hawks,0021501131,2016-04-01,ATL vs. CLE,L,38,2,6,0.333,1,3,0.333,2,2,1.0,1,11,12,6,0,3,2,4,7,9,37.4,1,2015-16
22015,202738,Isaiah Thomas,1610612738,BOS,Boston Celtics,0021501136,2016-04-01,BOS @ GSW,W,33,9,20,0.45,1,5,0.2,3,5,0.6,0,0,0,6,1,0,3,1,22,4,31.0,1,2015-16
22015,203096,Jared Sullinger,1610612738,BOS,Boston Celtics,0021501136,2016-04-01,BOS @ GSW,W,27,7,13,0.538,2,2,1.0,4,6,0.667,4,8,12,3,1,0,1,2,20,1,40.9,1,2015-16
22015,203935,Marcus Smart,1610612738,BOS,Boston Celtics,0021501136,2016-04-01,BOS @ GSW,W,28,3,7,0.429,1,3,0.333,0,0,,1,3,4,6,1,0,2,1,7,-5,21.8,1,2015-16
22015,2747,JR Smith,1610612739,CLE,Cleveland Cavaliers,0021501131,2016-04-01,CLE @ ATL,W,39,4,12,0.333,4,9,0.444,0,0,,1,1,2,3,0,0,0,1,12,9,18.9,1,2015-16
22015,101112,Channing Frye,1610612739,CLE,Cleveland Cavaliers,0021501131,2016-04-01,CLE @ ATL,W,13,2,6,0.333,1,4,0.25,1,2,0.5,0,1,1,0,0,0,1,1,6,1,6.2,1,2015-16
22015,201567,Kevin Love,1610612739,CLE,Cleveland Cavaliers,0021501131,2016-04-01,CLE @ ATL,W,34,5,11,0.455,3,9,0.333,2,4,0.5,0,6,6,4,1,0,3,5,15,8,28.2,1,2015-16
22015,202389,Timofey Mozgov,1610612739,CLE,Cleveland Cavaliers,0021501131,2016-04-01,CLE @ ATL,W,12,1,2,0.5,0,0,,0,0,,0,5,5,1,0,0,1,0,2,-15,8.5,1,2015-16
22015,202697,Iman Shumpert,1610612739,CLE,Cleveland Cavaliers,0021501131,2016-04-01,CLE @ ATL,W,29,4,10,0.4,1,3,0.333,2,2,1.0,0,5,5,0,2,0,0,1,11,-3,23.0,1,2015-16
22015,101111,Charlie Villanueva,1610612742,DAL,Dallas Mavericks,0021501129,2016-04-01,DAL @ DET,W,6,0,3,0.0,0,2,0.0,0,0,,0,2,2,1,1,0,0,0,0,12,6.9,1,2015-16
22015,1626147,Justin Anderson,1610612742,DAL,Dallas Mavericks,0021501129,2016-04-01,DAL @ DET,W,33,1,7,0.143,0,3,0.0,2,2,1.0,1,6,7,2,0,1,0,1,4,-4,18.4,1,2015-16
22015,1626257,Salah Mejri,1610612742,DAL,Dallas Mavericks,0021501129,2016-04-01,DAL @ DET,W,24,3,3,1.0,0,0,,0,0,,3,4,7,1,1,2,2,3,6,12,22.9,1,2015-16
22015,2571,Leandro Barbosa,1610612744,GSW,Golden State Warriors,0021501136,2016-04-01,GSW vs. BOS,L,17,4,5,0.8,2,3,0.667,0,0,,1,1,2,0,1,0,0,0,10,6,15.4,1,2015-16
22015,201575,Brandon Rush,1610612744,GSW,Golden State Warriors,0021501136,2016-04-01,GSW vs. BOS,L,8,0,2,0.0,0,2,0.0,0,0,,0,2,2,0,0,1,1,1,0,-7,4.4,1,2015-16
22015,201939,Stephen Curry,1610612744,GSW,Golden State Warriors,0021501136,2016-04-01,GSW vs. BOS,L,37,9,19,0.474,8,14,0.571,3,3,1.0,0,5,5,6,1,0,9,2,29,-1,38.0,1,2015-16
22015,2736,Luol Deng,1610612748,MIA,Miami Heat,0021501135,2016-04-01,MIA @ SAC,W,34,7,12,0.583,3,3,1.0,0,0,,2,1,3,4,0,0,2,1,17,15,24.6,1,2015-16
22015,101123,Gerald Green,1610612748,MIA,Miami Heat,0021501135,2016-04-01,MIA @ SAC,W,33,11,19,0.579,5,9,0.556,3,3,1.0,1,2,3,1,3,0,0,3,30,5,44.1,1,2015-16
22015,202355,Hassan Whiteside,1610612748,MIA,Miami Heat,0021501135,2016-04-01,MIA @ SAC,W,30,2,4,0.5,0,0,,2,2,1.0,0,13,13,1,0,3,2,3,6,-5,30.1,1,2015-16
22015,1626159,Justise Winslow,1610612748,MIA,Miami Heat,0021501135,2016-04-01,MIA @ SAC,W,30,5,12,0.417,1,2,0.5,1,1,1.0,3,2,5,1,0,1,1,2,12,-6,21.5,1,2015-16
22015,203898,Tyler Ennis,1610612749,MIL,Milwaukee Bucks,0021501133,2016-04-01,MIL vs. ORL,W,26,5,9,0.556,2,3,0.667,3,4,0.75,1,1,2,1,2,0,2,2,15,-6,22.9,1,2015-16
22015,203952,Andrew Wiggins,1610612750,MIN,Minnesota Timberwolves,0021501134,2016-04-01,MIN @ UTA,L,37,11,21,0.524,2,6,0.333,0,2,0.0,2,0,2,1,1,0,2,3,24,-19,28.9,1,2015-16
22015,204014,Damjan Rudez,1610612750,MIN,Minnesota Timberwolves,0021501134,2016-04-01,MIN @ UTA,L,1,0,0,,0,0,,0,0,,0,0,0,1,0,0,0,0,0,2,1.5,1,2015-16
22015,202388,Donald Sloan,1610612751,BKN,Brooklyn Nets,0021501130,2016-04-01,BKN @ NYK,L,14,1,2,0.5,0,0,,0,0,,0,1,1,3,0,0,0,0,2,-2,7.7,1,2015-16
22015,203156,Henry Sims,1610612751,BKN,Brooklyn Nets,0021501130,2016-04-01,BKN @ NYK,L,18,1,3,0.333,0,0,,5,6,0.833,1,3,4,0,0,1,0,3,7,-2,14.8,1,2015-16
22015,203499,Shane Larkin,1610612751,BKN,Brooklyn Nets,0021501130,2016-04-01,BKN @ NYK,L,30,2,5,0.4,0,0,,1,2,0.5,3,1,4,5,2,0,2,0,5,-16,21.3,1,2015-16
22015,203930,Sean Kilpatrick,1610612751,BKN,Brooklyn Nets,0021501130,2016-04-01,BKN @ NYK,L,33,7,20,0.35,1,8,0.125,2,2,1.0,2,2,4,2,0,0,2,0,17,0,22.8,1,2015-16
22015,200811,Lou Amundson,1610612752,NYK,New York Knicks,0021501130,2016-04-01,NYK vs. BKN,W,2,0,0,,0,0,,0,0,,0,0,0,0,1,0,0,0,0,4,3.0,1,2015-16
22015,201577,Robin Lopez,1610612752,NYK,New York Knicks,0021501130,2016-04-01,NYK vs. BKN,W,29,2,4,0.5,0,0,,2,2,1.0,0,4,4,2,0,4,3,0,6,2,22.8,1,2015-16
22015,203124,Kyle O'Quinn,1610612752,NYK,New York Knicks,0021501130,2016-04-01,NYK vs. BKN,W,19,4,5,0.8,0,0,,1,1,1.0,1,4,5,1,0,1,1,3,9,12,18.5,1,2015-16
22015,1626170,Jerian Grant,1610612752,NYK,New York Knicks,0021501130,2016-04-01,NYK vs. BKN,W,29,6,13,0.462,2,4,0.5,0,0,,1,2,3,4,0,1,2,2,14,2,24.6,1,2015-16
22015,201160,Jason Smith,1610612753,ORL,Orlando Magic,0021501133,2016-04-01,ORL @ MIL,L,16,4,4,1.0,0,0,,0,0,,1,3,4,4,0,0,0,1,8,14,18.8,1,2015-16
22015,201943,Brandon Jennings,1610612753,ORL,Orlando Magic,0021501133,2016-04-01,ORL @ MIL,L,18,0,2,0.0,0,1,0.0,0,0,,0,0,0,7,3,0,4,0,0,7,15.5,1,2015-16
22015,202397,Ish Smith,1610612755,PHI,Philadelphia 76ers,0021501128,2016-04-01,PHI @ CHA,L,32,2,9,0.222,0,4,0.0,0,0,,0,7,7,5,0,0,4,1,4,-17,15.9,1,2015-16
22015,203141,Mirza Teletovic,1610612756,PHX,Phoenix Suns,0021501137,2016-04-01,PHX vs. WAS,L,32,8,20,0.4,2,7,0.286,6,7,0.857,3,9,12,1,0,0,1,3,24,-14,38.9,1,2015-16
22015,1626164,Devin Booker,1610612756,PHX,Phoenix Suns,0021501137,2016-04-01,PHX vs. WAS,L,35,6,22,0.273,1,5,0.2,1,2,0.5,1,3,4,0,0,1,3,3,14,-5,18.8,1,2015-16
22015,203082,Terrence Ross,1610612761,TOR,Toronto Raptors,0021501132,2016-04-01,TOR @ MEM,W,18,4,7,0.571,4,6,0.667,0,0,,1,2,3,0,0,0,2,1,12,-6,13.6,1,2015-16
22015,203187,Chris Johnson,1610612762,UTA,Utah Jazz,0021501134,2016-04-01,UTA vs. MIN,W,3,0,0,,0,0,,0,0,,0,0,0,0,0,0,0,0,0,-8,0.0,1,2015-16
22015,203918,Rodney Hood,1610612762,UTA,Utah Jazz,0021501134,2016-04-01,UTA vs. MIN,W,40,7,10,0.7,1,3,0.333,2,2,1.0,0,3,3,2,2,0,1,1,17,11,28.6,1,2015-16
22015,200770,Jordan Farmar,1610612763,MEM,Memphis Grizzlies,0021501132,2016-04-01,MEM vs. TOR,L,26,4,10,0.4,2,5,0.4,2,2,1.0,0,2,2,2,2,1,1,2,12,-11,25.4,1,2015-16
22015,202362,Lance Stephenson,1610612763,MEM,Memphis Grizzlies,0021501132,2016-04-01,MEM vs. TOR,L,29,5,15,0.333,0,1,0.0,2,2,1.0,0,3,3,4,0,1,2,1,12,10,22.6,1,2015-16
22015,201162,Jared Dudley,1610612764,WAS,Washington Wizards,0021501137,2016-04-01,WAS @ PHX,W,14,1,2,0.5,1,1,1.0,0,0,,0,0,0,1,1,0,0,4,3,4,7.5,1,2015-16
22015,202699,Tobias Harris,1610612765,DET,Detroit Pistons,0021501129,2016-04-01,DET vs. DAL,L,40,6,13,0.462,1,4,0.25,1,2,0.5,0,5,5,0,0,2,2,2,14,-15,24.0,1,2015-16
22015,101107,Marvin Williams,1610612766,CHA,Charlotte Hornets,0021501128,2016-04-01,CHA vs. PHI,W,30,3,9,0.333,0,4,0.0,1,3,0.333,0,5,5,1,0,1,1,0,7,10,16.5,1,2015-16
22015,202391,Jeremy Lin,1610612766,CHA,Charlotte Hornets,0021501128,2016-04-01,CHA vs. PHI,W,24,4,8,0.5,0,0,,1,1,1.0,0,4,4,6,1,1,1,1,9,0,27.8,1,2015-16
22015,201143,Al Horford,1610612737,ATL,Atlanta Hawks,0021501131,2016-04-01,ATL vs. CLE,L,42,5,17,0.294,0,6,0.0,4,5,0.8,0,9,9,3,0,1,0,3,14,7,32.3,1,2015-16
22015,203501,Tim Hardaway Jr.,1610612737,ATL,Atlanta Hawks,0021501131,2016-04-01,ATL vs. CLE,L,13,1,5,0.2,0,2,0.0,0,0,,0,0,0,0,0,0,0,1,2,-14,2.0,1,2015-16
22015,201973,Jonas Jerebko,1610612738,BOS,Boston Celtics,0021501136,2016-04-01,BOS @ GSW,W,20,4,6,0.667,1,2,0.5,0,0,,0,4,4,0,0,0,0,1,9,4,13.8,1,2015-16
22015,202340,Avery Bradley,1610612738,BOS,Boston Celtics,0021501136,2016-04-01,BOS @ GSW,W,35,5,12,0.417,1,5,0.2,4,6,0.667,1,2,3,4,2,1,0,3,15,2,33.6,1,2015-16
22015,101106,Andrew Bogut,1610612744,GSW,Golden State Warriors,0021501136,2016-04-01,GSW vs. BOS,L,18,2,3,0.667,0,0,,0,0,,1,3,4,2,0,1,2,4,4,-11,12.8,1,2015-16
22015,2207,Joe Johnson,1610612748,MIA,Miami Heat,0021501135,2016-04-01,MIA @ SAC,W,36,6,11,0.545,1,4,0.25,1,1,1.0,1,4,5,8,2,0,6,4,14,8,32.0,1,2015-16
22015,201609,Goran Dragic,1610612748,MIA,Miami Heat,0021501135,2016-04-01,MIA @ SAC,W,30,5,12,0.417,1,2,0.5,7,8,0.875,0,2,2,7,0,1,4,4,18,-2,29.9,1,2015-16
22015,203089,John Henson,1610612749,MIL,Milwaukee Bucks,0021501133,2016-04-01,MIL vs. ORL,W,11,1,1,1.0,0,0,,0,0,,1,2,3,2,0,0,0,5,2,-8,8.6,1,2015-16
22015,203897,Zach LaVine,1610612750,MIN,Minnesota Timberwolves,0021501134,2016-04-01,MIN @ UTA,L,40,1,9,0.111,1,5,0.2,0,0,,1,1,2,6,1,0,3,3,3,-22,14.4,1,2015-16
22015,201572,Brook Lopez,1610612751,BKN,Brooklyn Nets,0021501130,2016-04-01,BKN @ NYK,L,30,7,20,0.35,0,1,0.0,2,2,1.0,3,5,8,4,0,1,2,1,16,-12,32.6,1,2015-16
22015,201961,Wayne Ellington,1610612751,BKN,Brooklyn Nets,0021501130,2016-04-01,BKN @ NYK,L,24,3,13,0.231,1,6,0.167,1,1,1.0,2,2,4,1,1,0,0,1,8,-15,17.3,1,2015-16
22015,203900,Markel Brown,1610612751,BKN,Brooklyn Nets,0021501130,2016-04-01,BKN @ NYK,L,29,7,16,0.438,1,4,0.25,1,2,0.5,1,3,4,1,2,0,0,2,16,2,28.3,1,2015-16
22015,1626191,Chris McCullough,1610612751,BKN,Brooklyn Nets,0021501130,2016-04-01,BKN @ NYK,L,21,2,7,0.286,1,4,0.25,0,0,,1,7,8,0,0,0,2,1,5,-2,12.6,1,2015-16
22015,2546,Carmelo Anthony,1610612752,NYK,New York Knicks,0021501130,2016-04-01,NYK vs. BKN,W,25,6,15,0.4,1,3,0.333,0,0,,2,4,6,4,1,0,1,1,13,6,28.2,1,2015-16
22015,203094,Andrew Nicholson,1610612753,ORL,Orlando Magic,0021501133,2016-04-01,ORL @ MIL,L,16,5,7,0.714,1,2,0.5,2,2,1.0,0,4,4,0,1,1,1,1,13,9,22.8,1,2015-16
22015,203095,Evan Fournier,1610612753,ORL,Orlando Magic,0021501133,2016-04-01,ORL @ MIL,L,33,6,14,0.429,1,7,0.143,1,1,1.0,0,3,3,2,1,0,3,3,14,-13,20.6,1,2015-16
22015,200782,P.J. Tucker,1610612756,PHX,Phoenix Suns,0021501137,2016-04-01,PHX vs. WAS,L,36,7,15,0.467,2,3,0.667,2,2,1.0,5,5,10,2,1,0,2,2,18,-7,34.0,1,2015-16
22015,201978,Chase Budinger,1610612756,PHX,Phoenix Suns,0021501137,2016-04-01,PHX vs. WAS,L,11,2,3,0.667,1,2,0.5,1,2,0.5,0,2,2,1,0,1,3,0,6,0,9.9,1,2015-16
22015,203112,Quincy Acy,1610612758,SAC,Sacramento Kings,0021501135,2016-04-01,SAC vs. MIA,L,14,2,6,0.333,0,2,0.0,0,0,,2,0,2,0,0,0,0,2,4,-10,6.4,1,2015-16
22015,201942,DeMar DeRozan,1610612761,TOR,Toronto Raptors,0021501132,2016-04-01,TOR @ MEM,W,36,8,17,0.471,1,2,0.5,10,11,0.909,1,5,6,4,1,0,3,1,27,11,40.2,1,2015-16
22015,202709,Cory Joseph,1610612761,TOR,Toronto Raptors,0021501132,2016-04-01,TOR @ MEM,W,23,1,6,0.167,1,4,0.25,0,0,,1,0,1,3,0,0,0,3,3,1,8.7,1,2015-16
22015,202344,Trevor Booker,1610612762,UTA,Utah Jazz,0021501134,2016-04-01,UTA vs. MIN,W,16,2,4,0.5,0,0,,0,0,,0,4,4,1,1,0,1,1,4,8,12.3,1,2015-16
22015,1626168,Trey Lyles,1610612762,UTA,Utah Jazz,0021501134,2016-04-01,UTA vs. MIN,W,35,7,16,0.438,2,4,0.5,2,4,0.5,2,3,5,1,1,1,1,1,18,6,30.5,1,2015-16
22015,1713,Vince Carter,1610612763,MEM,Memphis Grizzlies,0021501132,2016-04-01,MEM vs. TOR,L,19,4,10,0.4,2,6,0.333,0,1,0.0,4,2,6,1,1,0,0,4,10,14,21.7,1,2015-16
22015,2754,Tony Allen,1610612763,MEM,Memphis Grizzlies,0021501132,2016-04-01,MEM vs. TOR,L,22,5,10,0.5,0,0,,0,0,,4,1,5,2,3,1,3,4,10,-16,28.0,1,2015-16
22015,2403,Nene,1610612764,WAS,Washington Wizards,0021501137,2016-04-01,WAS @ PHX,W,17,3,5,0.6,0,0,,0,2,0.0,1,6,7,2,0,1,2,5,6,-1,18.4,1,2015-16
22015,202322,John Wall,1610612764,WAS,Washington Wizards,0021501137,2016-04-01,WAS @ PHX,W,41,9,20,0.45,2,5,0.4,2,2,1.0,0,8,8,10,2,0,6,4,22,10,46.6,1,2015-16
22015,203484,Kentavious Caldwell-Pope,1610612765,DET,Detroit Pistons,0021501129,2016-04-01,DET vs. DAL,L,45,3,9,0.333,3,7,0.429,6,6,1.0,1,1,2,1,0,0,0,2,15,-3,18.9,1,2015-16
22015,2744,Al Jefferson,1610612766,CHA,Charlotte Hornets,0021501128,2016-04-01,CHA vs. PHI,W,21,4,8,0.5,0,0,,5,5,1.0,0,7,7,0,1,2,0,3,13,1,30.4,1,2015-16
22015,201584,Courtney Lee,1610612766,CHA,Charlotte Hornets,0021501128,2016-04-01,CHA vs. PHI,W,36,1,7,0.143,0,2,0.0,2,2,1.0,2,3,5,2,2,0,1,3,4,10,18.0,1,2015-16
22015,202689,Kemba Walker,1610612766,CHA,Charlotte Hornets,0021501128,2016-04-01,CHA vs. PHI,W,36,8,18,0.444,4,9,0.444,7,9,0.778,2,9,11,4,1,0,2,1,27,8,47.2,1,2015-16
22015,1626163,Frank Kaminsky,1610612766,CHA,Charlotte Hornets,0021501128,2016-04-01,CHA vs. PHI,W,18,3,7,0.429,1,4,0.25,1,2,0.5,0,6,6,0,1,1,3,3,8,-1,18.2,1,2015-16
22015,101161,Amir Johnson,1610612738,BOS,Boston Celtics,0021501136,2016-04-01,BOS @ GSW,W,26,3,5,0.6,0,1,0.0,1,5,0.2,2,7,9,2,1,0,2,1,7,4,21.8,1,2015-16
22015,202323,Evan Turner,1610612738,BOS,Boston Celtics,0021501136,2016-04-01,BOS @ GSW,W,37,8,13,0.615,1,1,1.0,4,4,1.0,1,4,5,5,3,0,5,3,21,9,38.5,1,2015-16
22015,2544,LeBron James,1610612739,CLE,Cleveland Cavaliers,0021501131,2016-04-01,CLE @ ATL,W,44,12,26,0.462,1,5,0.2,4,5,0.8,3,13,16,9,3,1,3,4,29,6,70.7,1,2015-16
22015,203939,Dwight Powell,1610612742,DAL,Dallas Mavericks,0021501129,2016-04-01,DAL @ DET,W,0,0,0,,0,0,,0,0,,0,0,0,0,0,0,0,1,0,0,0.0,1,2015-16
22015,203498,Shabazz Muhammad,1610612750,MIN,Minnesota Timberwolves,0021501134,2016-04-01,MIN @ UTA,L,19,4,6,0.667,1,2,0.5,1,2,0.5,0,0,0,1,0,0,1,2,10,-6,10.5,1,2015-16
22015,201167,Arron Afflalo,1610612752,NYK,New York Knicks,0021501130,2016-04-01,NYK vs. BKN,W,26,2,6,0.333,1,2,0.5,0,0,,0,3,3,2,0,0,1,0,5,4,10.6,1,2015-16
22015,203098,John Jenkins,1610612756,PHX,Phoenix Suns,0021501137,2016-04-01,PHX vs. WAS,L,17,3,3,1.0,0,0,,3,3,1.0,0,1,1,1,2,0,0,0,9,0,17.7,1,2015-16
22015,201581,JJ Hickson,1610612764,WAS,Washington Wizards,0021501137,2016-04-01,WAS @ PHX,W,2,0,1,0.0,0,0,,0,0,,0,0,0,0,0,0,0,0,0,1,0.0,1,2015-16
22015,201977,Marcus Thornton,1610612764,WAS,Washington Wizards,0021501137,2016-04-01,WAS @ PHX,W,1,0,0,,0,0,,0,0,,0,0,0,0,0,0,0,0,0,0,0.0,1,2015-16
22015,202703,Nikola Mirotic,1610612741,CHI,Chicago Bulls,0021501139,2016-04-02,CHI vs. DET,L,24,2,7,0.286,2,4,0.5,0,0,,0,0,0,0,0,1,0,3,6,-8,9.0,1,2015-16
22015,203200,Justin Holiday,1610612741,CHI,Chicago Bulls,0021501139,2016-04-02,CHI vs. DET,L,25,1,3,0.333,1,2,0.5,0,0,,0,3,3,1,1,0,2,4,3,-13,9.1,1,2015-16
22015,1626245,Cristiano Felicio,1610612741,CHI,Chicago Bulls,0021501139,2016-04-02,CHI vs. DET,L,14,1,2,0.5,0,0,,1,2,0.5,1,3,4,1,0,1,0,2,3,-7,12.3,1,2015-16
22015,201571,D.J. Augustin,1610612743,DEN,Denver Nuggets,0021501141,2016-04-02,DEN vs. SAC,L,19,3,6,0.5,1,4,0.25,2,2,1.0,0,1,1,3,0,0,3,1,9,-10,11.7,1,2015-16
22015,203530,Joffrey Lauvergne,1610612743,DEN,Denver Nuggets,0021501141,2016-04-02,DEN vs. SAC,L,24,7,12,0.583,0,2,0.0,1,2,0.5,1,5,6,2,0,0,1,1,15,-10,24.2,1,2015-16
22015,201177,Josh McRoberts,1610612748,MIA,Miami Heat,0021501142,2016-04-02,MIA @ POR,L,17,3,8,0.375,2,4,0.5,0,0,,1,2,3,3,0,0,1,3,8,-8,15.1,1,2015-16
22015,1626196,Josh Richardson,1610612748,MIA,Miami Heat,0021501142,2016-04-02,MIA @ POR,L,30,5,10,0.5,1,1,1.0,1,2,0.5,0,1,1,4,2,0,2,1,12,-5,23.2,1,2015-16
22015,101139,CJ Miles,1610612754,IND,Indiana Pacers,0021501138,2016-04-02,IND @ PHI,W,21,9,14,0.643,5,9,0.556,2,2,1.0,0,2,2,0,3,1,2,4,25,22,37.4,1,2015-16
22015,101145,Monta Ellis,1610612754,IND,Indiana Pacers,0021501138,2016-04-02,IND @ PHI,W,26,5,10,0.5,0,1,0.0,2,2,1.0,0,2,2,6,1,0,1,3,12,8,25.4,1,2015-16
22015,201155,Rodney Stuckey,1610612754,IND,Indiana Pacers,0021501138,2016-04-02,IND @ PHI,W,22,6,7,0.857,1,2,0.5,4,5,0.8,0,1,1,5,1,0,0,4,17,5,28.7,1,2015-16
22015,201951,Ty Lawson,1610612754,IND,Indiana Pacers,0021501138,2016-04-02,IND @ PHI,W,22,2,6,0.333,0,1,0.0,1,2,0.5,0,2,2,5,1,0,1,2,5,5,16.9,1,2015-16
22015,202397,Ish Smith,1610612755,PHI,Philadelphia 76ers,0021501138,2016-04-02,PHI vs. IND,L,36,5,13,0.385,1,3,0.333,1,1,1.0,1,1,2,6,0,0,1,2,12,7,22.4,1,2015-16
22015,203477,Isaiah Canaan,1610612755,PHI,Philadelphia 76ers,0021501138,2016-04-02,PHI vs. IND,L,39,7,15,0.467,5,12,0.417,5,7,0.714,0,4,4,2,0,0,1,1,24,-5,30.8,1,2015-16
22015,203917,Nik Stauskas,1610612755,PHI,Philadelphia 76ers,0021501138,2016-04-02,PHI vs. IND,L,27,2,5,0.4,1,3,0.333,4,5,0.8,1,1,2,3,0,0,3,4,9,-18,12.9,1,2015-16
22015,203081,Damian Lillard,1610612757,POR,Portland Trail Blazers,0021501142,2016-04-02,POR vs. MIA,W,29,5,14,0.357,0,2,0.0,8,10,0.8,0,2,2,4,0,0,3,0,18,15,23.4,1,2015-16
22015,203459,Allen Crabbe,1610612757,POR,Portland Trail Blazers,0021501142,2016-04-02,POR vs. MIA,W,26,2,8,0.25,1,1,1.0,0,0,,0,1,1,0,0,1,0,3,5,-4,9.2,1,2015-16
22015,1495,Tim Duncan,1610612759,SAS,San Antonio Spurs,0021501140,2016-04-02,SAS vs. TOR,W,29,2,7,0.286,0,0,,1,1,1.0,5,6,11,0,1,3,1,0,5,7,29.2,1,2015-16
22015,2225,Tony Parker,1610612759,SAS,San Antonio Spurs,0021501140,2016-04-02,SAS vs. TOR,W,28,2,6,0.333,0,1,0.0,4,6,0.667,0,0,0,4,0,0,4,0,8,8,10.0,1,2015-16
22015,1626181,Norman Powell,1610612761,TOR,Toronto Raptors,0021501140,2016-04-02,TOR @ SAS,L,32,6,10,0.6,1,2,0.5,4,5,0.8,0,3,3,2,1,0,3,3,17,0,23.6,1,2015-16
22015,2581,Steve Blake,1610612765,DET,Detroit Pistons,0021501139,2016-04-02,DET @ CHI,W,13,1,2,0.5,1,2,0.5,0,0,,0,3,3,3,1,0,0,0,3,8,14.1,1,2015-16
22015,203382,Aron Baynes,1610612765,DET,Detroit Pistons,0021501139,2016-04-02,DET @ CHI,W,20,0,0,,0,0,,2,2,1.0,0,6,6,0,0,0,1,1,2,6,8.2,1,2015-16
22015,2200,Pau Gasol,1610612741,CHI,Chicago Bulls,0021501139,2016-04-02,CHI vs. DET,L,34,7,19,0.368,2,3,0.667,0,0,,2,12,14,3,0,4,0,3,16,3,49.3,1,2015-16
22015,2399,Mike Dunleavy,1610612741,CHI,Chicago Bulls,0021501139,2016-04-02,CHI vs. DET,L,28,1,3,0.333,0,0,,0,0,,0,0,0,2,1,0,1,3,2,14,7.0,1,2015-16
22015,202710,Jimmy Butler III,1610612741,CHI,Chicago Bulls,0021501139,2016-04-02,CHI vs. DET,L,39,10,25,0.4,1,7,0.143,7,8,0.875,5,12,17,12,3,2,3,4,28,2,78.4,1,2015-16
22015,202734,E'Twaun Moore,1610612741,CHI,Chicago Bulls,0021501139,2016-04-02,CHI vs. DET,L,32,3,10,0.3,2,5,0.4,0,0,,1,3,4,1,0,2,1,2,8,1,19.3,1,2015-16
22015,203960,JaKarr Sampson,1610612743,DEN,Denver Nuggets,0021501141,2016-04-02,DEN vs. SAC,L,27,4,7,0.571,1,2,0.5,0,0,,1,2,3,2,1,2,0,3,9,7,24.6,1,2015-16
22015,203994,Jusuf Nurkić,1610612743,DEN,Denver Nuggets,0021501141,2016-04-02,DEN vs. SAC,L,16,4,10,0.4,0,0,,1,4,0.25,5,4,9,2,0,1,1,4,9,-16,24.8,1,2015-16
22015,1626144,Emmanuel Mudiay,1610612743,DEN,Denver Nuggets,0021501141,2016-04-02,DEN vs. SAC,L,29,6,17,0.353,2,6,0.333,1,2,0.5,1,2,3,6,0,0,4,6,15,1,23.6,1,2015-16
22015,202355,Hassan Whiteside,1610612748,MIA,Miami Heat,0021501142,2016-04-02,MIA @ POR,L,28,6,14,0.429,0,0,,8,11,0.727,1,12,13,1,1,4,3,3,20,-6,49.1,1,2015-16
22015,202331,Paul George,1610612754,IND,Indiana Pacers,0021501138,2016-04-02,IND @ PHI,W,34,5,15,0.333,2,5,0.4,8,9,0.889,1,7,8,7,1,0,3,2,20,3,40.1,1,2015-16
22015,203496,Robert Covington,1610612755,PHI,Philadelphia 76ers,0021501138,2016-04-02,PHI vs. IND,L,32,3,10,0.3,3,10,0.3,0,0,,1,4,5,1,2,0,1,5,9,-10,21.5,1,2015-16
22015,202334,Ed Davis,1610612757,POR,Portland Trail Blazers,0021501142,2016-04-02,POR vs. MIA,W,17,1,2,0.5,0,0,,0,0,,5,6,11,0,1,0,1,3,2,-9,17.2,1,2015-16
22015,203943,Noah Vonleh,1610612757,POR,Portland Trail Blazers,0021501142,2016-04-02,POR vs. MIA,W,11,0,1,0.0,0,0,,1,2,0.5,0,5,5,0,0,0,0,0,1,5,7.0,1,2015-16
22015,1626192,Pat Connaughton,1610612757,POR,Portland Trail Blazers,0021501142,2016-04-02,POR vs. MIA,W,2,0,1,0.0,0,0,,0,0,,0,0,0,0,0,0,0,0,0,-1,0.0,1,2015-16
22015,203112,Quincy Acy,1610612758,SAC,Sacramento Kings,0021501141,2016-04-02,SAC @ DEN,W,17,2,8,0.25,1,2,0.5,0,0,,2,4,6,2,0,1,0,2,5,-5,18.2,1,2015-16
22015,203552,Seth Curry,1610612758,SAC,Sacramento Kings,0021501141,2016-04-02,SAC @ DEN,W,25,7,10,0.7,2,5,0.4,1,1,1.0,0,1,1,5,1,0,3,1,17,0,25.7,1,2015-16
22015,201988,Patty Mills,1610612759,SAS,San Antonio Spurs,0021501140,2016-04-02,SAS vs. TOR,W,24,2,9,0.222,1,6,0.167,2,2,1.0,0,0,0,4,0,0,2,2,7,-2,11.0,1,2015-16
22015,202687,Bismack Biyombo,1610612761,TOR,Toronto Raptors,0021501140,2016-04-02,TOR @ SAS,L,19,1,2,0.5,0,0,,0,0,,1,5,6,0,0,1,0,4,2,1,12.2,1,2015-16
22015,202709,Cory Joseph,1610612761,TOR,Toronto Raptors,0021501140,2016-04-02,TOR @ SAS,L,33,8,15,0.533,0,2,0.0,0,0,,0,1,1,7,1,0,4,3,16,0,26.7,1,2015-16
22015,203082,Terrence Ross,1610612761,TOR,Toronto Raptors,0021501140,2016-04-02,TOR @ SAS,L,31,5,15,0.333,2,7,0.286,1,1,1.0,0,2,2,2,1,0,1,3,13,4,20.4,1,2015-16
22015,201166,Aaron Brooks,1610612741,CHI,Chicago Bulls,0021501139,2016-04-02,CHI vs. DET,L,16,5,9,0.556,1,3,0.333,3,3,1.0,0,1,1,1,1,0,3,2,14,-12,16.7,1,2015-16
22015,203926,Doug McDermott,1610612741,CHI,Chicago Bulls,0021501139,2016-04-02,CHI vs. DET,L,16,1,5,0.2,0,1,0.0,2,2,1.0,0,1,1,0,0,0,0,1,4,-4,5.2,1,2015-16
22015,203115,Will Barton,1610612743,DEN,Denver Nuggets,0021501141,2016-04-02,DEN vs. SAC,L,21,0,9,0.0,0,5,0.0,2,2,1.0,0,1,1,3,1,1,0,0,2,-14,13.7,1,2015-16
22015,203999,Nikola Jokić,1610612743,DEN,Denver Nuggets,0021501141,2016-04-02,DEN vs. SAC,L,32,2,6,0.333,0,1,0.0,2,2,1.0,4,9,13,5,1,2,0,2,6,-1,38.1,1,2015-16
22015,2617,Udonis Haslem,1610612748,MIA,Miami Heat,0021501142,2016-04-02,MIA @ POR,L,5,1,4,0.25,0,1,0.0,0,0,,0,1,1,0,0,0,0,0,2,5,3.2,1,2015-16
22015,201609,Goran Dragic,1610612748,MIA,Miami Heat,0021501142,2016-04-02,MIA @ POR,L,34,6,14,0.429,0,2,0.0,3,4,0.75,2,0,2,1,1,0,3,3,15,-14,18.9,1,2015-16
22015,201945,Gerald Henderson,1610612757,POR,Portland Trail Blazers,0021501142,2016-04-02,POR vs. MIA,W,28,6,12,0.5,1,2,0.5,4,5,0.8,1,2,3,2,0,0,1,1,17,0,22.6,1,2015-16
22015,202329,Al-Farouq Aminu,1610612757,POR,Portland Trail Blazers,0021501142,2016-04-02,POR vs. MIA,W,25,2,7,0.286,2,3,0.667,2,2,1.0,1,7,8,2,1,1,2,2,8,21,24.6,1,2015-16
22015,203468,CJ McCollum,1610612757,POR,Portland Trail Blazers,0021501142,2016-04-02,POR vs. MIA,W,32,9,15,0.6,6,6,1.0,0,0,,0,2,2,7,4,0,5,3,24,25,43.9,1,2015-16
22015,201585,Kosta Koufos,1610612758,SAC,Sacramento Kings,0021501141,2016-04-02,SAC @ DEN,W,31,6,10,0.6,0,0,,1,3,0.333,0,7,7,1,1,2,0,1,13,14,31.9,1,2015-16
22015,202341,James Anderson,1610612758,SAC,Sacramento Kings,0021501141,2016-04-02,SAC @ DEN,W,23,4,10,0.4,2,6,0.333,3,3,1.0,1,7,8,4,0,0,0,2,13,9,28.6,1,2015-16
22015,200746,LaMarcus Aldridge,1610612759,SAS,San Antonio Spurs,0021501140,2016-04-02,SAS vs. TOR,W,38,12,18,0.667,0,0,,7,7,1.0,4,11,15,1,1,0,3,2,31,8,50.5,1,2015-16
22015,201949,James Johnson,1610612761,TOR,Toronto Raptors,0021501140,2016-04-02,TOR @ SAS,L,17,0,5,0.0,0,2,0.0,2,2,1.0,0,1,1,0,0,0,0,0,2,-14,3.2,1,2015-16
22015,202335,Patrick Patterson,1610612761,TOR,Toronto Raptors,0021501140,2016-04-02,TOR @ SAS,L,34,5,9,0.556,2,3,0.667,0,0,,2,5,7,1,2,0,1,1,12,4,26.9,1,2015-16
22015,202694,Marcus Morris Sr.,1610612765,DET,Detroit Pistons,0021501139,2016-04-02,DET @ CHI,W,39,5,11,0.455,2,4,0.5,4,5,0.8,1,3,4,2,1,1,0,5,16,-3,29.8,1,2015-16
22015,202699,Tobias Harris,1610612765,DET,Detroit Pistons,0021501139,2016-04-02,DET @ CHI,W,38,9,17,0.529,1,3,0.333,2,2,1.0,1,6,7,4,2,1,1,3,21,-2,43.4,1,2015-16
22015,203083,Andre Drummond,1610612765,DET,Detroit Pistons,0021501139,2016-04-02,DET @ CHI,W,28,5,10,0.5,0,0,,1,10,0.1,3,8,11,4,2,0,1,1,11,-2,35.2,1,2015-16
22015,1626169,Stanley Johnson,1610612765,DET,Detroit Pistons,0021501139,2016-04-02,DET @ CHI,W,16,0,5,0.0,0,1,0.0,0,0,,0,2,2,0,1,0,0,2,0,7,5.4,1,2015-16
22015,1626171,Bobby Portis,1610612741,CHI,Chicago Bulls,0021501139,2016-04-02,CHI vs. DET,L,13,3,5,0.6,0,0,,0,0,,2,1,3,0,0,0,1,1,6,4,8.6,1,2015-16
22015,1626253,Axel Toupane,1610612743,DEN,Denver Nuggets,0021501141,2016-04-02,DEN vs. SAC,L,19,4,6,0.667,1,2,0.5,5,6,0.833,1,2,3,0,0,0,1,3,14,-8,16.6,1,2015-16
22015,2405,Amar'e Stoudemire,1610612748,MIA,Miami Heat,0021501142,2016-04-02,MIA @ POR,L,11,0,1,0.0,0,0,,2,2,1.0,1,0,1,0,0,0,2,1,2,-9,1.2,1,2015-16
22015,2736,Luol Deng,1610612748,MIA,Miami Heat,0021501142,2016-04-02,MIA @ POR,L,31,5,13,0.385,1,4,0.25,3,4,0.75,4,9,13,2,3,0,2,2,14,-14,39.6,1,2015-16
22015,1626159,Justise Winslow,1610612748,MIA,Miami Heat,0021501142,2016-04-02,MIA @ POR,L,30,0,4,0.0,0,0,,0,0,,1,3,4,3,0,0,0,4,0,-1,9.3,1,2015-16
22015,203524,Solomon Hill,1610612754,IND,Indiana Pacers,0021501138,2016-04-02,IND @ PHI,W,28,3,5,0.6,0,1,0.0,0,1,0.0,1,5,6,1,1,0,1,3,6,9,16.7,1,2015-16
22015,1882,Elton Brand,1610612755,PHI,Philadelphia 76ers,0021501138,2016-04-02,PHI vs. IND,L,23,1,4,0.25,0,0,,0,0,,1,9,10,4,0,0,2,3,2,10,18.0,1,2015-16
22015,203148,Brian Roberts,1610612757,POR,Portland Trail Blazers,0021501142,2016-04-02,POR vs. MIA,W,5,1,1,1.0,0,0,,0,0,,0,0,0,0,0,0,1,1,2,-5,1.0,1,2015-16
22015,203486,Mason Plumlee,1610612757,POR,Portland Trail Blazers,0021501142,2016-04-02,POR vs. MIA,W,27,8,10,0.8,0,0,,1,2,0.5,0,8,8,5,2,1,1,4,17,29,42.1,1,2015-16
22015,200752,Rudy Gay,1610612758,SAC,Sacramento Kings,0021501141,2016-04-02,SAC @ DEN,W,36,7,18,0.389,1,4,0.25,10,13,0.769,3,6,9,3,0,0,0,2,25,3,40.3,1,2015-16
22015,2561,David West,1610612759,SAS,San Antonio Spurs,0021501140,2016-04-02,SAS vs. TOR,W,18,3,4,0.75,0,0,,0,1,0.0,2,1,3,4,1,0,0,1,6,-7,18.6,1,2015-16
22015,2564,Boris Diaw,1610612759,SAS,San Antonio Spurs,0021501140,2016-04-02,SAS vs. TOR,W,10,1,2,0.5,0,0,,0,0,,1,1,2,1,0,0,1,0,2,6,4.9,1,2015-16
22015,2449,Luis Scola,1610612761,TOR,Toronto Raptors,0021501140,2016-04-02,TOR @ SAS,L,11,0,2,0.0,0,1,0.0,0,0,,0,2,2,2,0,0,0,3,0,-11,5.4,1,2015-16
22015,202685,Jonas Valančiūnas,1610612761,TOR,Toronto Raptors,0021501140,2016-04-02,TOR @ SAS,L,29,8,11,0.727,0,0,,0,0,,2,4,6,0,0,2,2,2,16,-8,27.2,1,2015-16
22015,1626153,Delon Wright,1610612761,TOR,Toronto Raptors,0021501140,2016-04-02,TOR @ SAS,L,22,5,8,0.625,0,0,,2,2,1.0,1,3,4,3,3,0,2,1,12,-7,28.3,1,2015-16
22015,201229,Anthony Tolliver,1610612765,DET,Detroit Pistons,0021501139,2016-04-02,DET @ CHI,W,10,2,4,0.5,2,3,0.667,0,0,,0,2,2,0,0,0,0,0,6,6,8.4,1,2015-16
22015,203484,Kentavious Caldwell-Pope,1610612765,DET,Detroit Pistons,0021501139,2016-04-02,DET @ CHI,W,40,4,10,0.4,2,4,0.5,3,5,0.6,0,6,6,0,0,0,1,1,13,4,19.2,1,2015-16
22015,202702,Kenneth Faried,1610612743,DEN,Denver Nuggets,0021501141,2016-04-02,DEN vs. SAC,L,16,4,8,0.5,0,0,,0,0,,2,5,7,2,0,2,0,1,8,4,25.4,1,2015-16
22015,203914,Gary Harris,1610612743,DEN,Denver Nuggets,0021501141,2016-04-02,DEN vs. SAC,L,36,6,11,0.545,4,7,0.571,3,4,0.75,0,4,4,2,0,2,0,1,19,2,32.8,1,2015-16
22015,2207,Joe Johnson,1610612748,MIA,Miami Heat,0021501142,2016-04-02,MIA @ POR,L,28,5,11,0.455,1,3,0.333,2,4,0.5,1,0,1,1,0,0,0,0,13,-27,15.7,1,2015-16
22015,101123,Gerald Green,1610612748,MIA,Miami Heat,0021501142,2016-04-02,MIA @ POR,L,26,3,9,0.333,1,4,0.25,0,0,,1,2,3,1,2,0,0,0,7,-6,18.1,1,2015-16
22015,101133,Ian Mahinmi,1610612754,IND,Indiana Pacers,0021501138,2016-04-02,IND @ PHI,W,21,4,6,0.667,0,0,,1,1,1.0,3,9,12,0,1,1,2,4,9,-2,27.4,1,2015-16
22015,201588,George Hill,1610612754,IND,Indiana Pacers,0021501138,2016-04-02,IND @ PHI,W,26,5,10,0.5,0,4,0.0,1,1,1.0,0,4,4,1,0,1,0,0,11,8,20.3,1,2015-16
22015,201171,Carl Landry,1610612755,PHI,Philadelphia 76ers,0021501138,2016-04-02,PHI vs. IND,L,23,7,10,0.7,2,2,1.0,3,4,0.75,0,6,6,2,0,0,3,0,19,-17,26.2,1,2015-16
22015,203088,Kendall Marshall,1610612755,PHI,Philadelphia 76ers,0021501138,2016-04-02,PHI vs. IND,L,6,1,4,0.25,1,1,1.0,0,0,,0,0,0,0,0,0,0,1,3,-14,3.0,1,2015-16
22015,203924,Jerami Grant,1610612755,PHI,Philadelphia 76ers,0021501138,2016-04-02,PHI vs. IND,L,37,6,17,0.353,3,6,0.5,5,9,0.556,4,5,9,3,0,1,5,5,20,-4,33.3,1,2015-16
22015,2549,Chris Kaman,1610612757,POR,Portland Trail Blazers,0021501142,2016-04-02,POR vs. MIA,W,4,1,1,1.0,0,0,,0,0,,0,1,1,0,0,0,1,0,2,-5,2.2,1,2015-16
22015,201954,Darren Collison,1610612758,SAC,Sacramento Kings,0021501141,2016-04-02,SAC @ DEN,W,39,4,13,0.308,0,1,0.0,6,7,0.857,1,3,4,8,0,0,3,2,14,12,27.8,1,2015-16
22015,1626161,Willie Cauley-Stein,1610612758,SAC,Sacramento Kings,0021501141,2016-04-02,SAC @ DEN,W,39,5,7,0.714,0,0,,4,4,1.0,3,6,9,3,1,2,1,5,14,6,37.3,1,2015-16
22015,1938,Manu Ginobili,1610612759,SAS,San Antonio Spurs,0021501140,2016-04-02,SAS vs. TOR,W,21,1,6,0.167,1,3,0.333,2,2,1.0,1,2,3,4,3,1,0,2,5,5,26.6,1,2015-16
22015,201980,Danny Green,1610612759,SAS,San Antonio Spurs,0021501140,2016-04-02,SAS vs. TOR,W,18,1,7,0.143,1,5,0.2,0,0,,2,2,4,0,1,0,0,2,3,-4,10.8,1,2015-16
22015,202695,Kawhi Leonard,1610612759,SAS,San Antonio Spurs,0021501140,2016-04-02,SAS vs. TOR,W,40,10,17,0.588,2,5,0.4,11,11,1.0,0,6,6,7,3,1,2,5,33,14,60.7,1,2015-16
22015,203937,Kyle Anderson,1610612759,SAS,San Antonio Spurs,0021501140,2016-04-02,SAS vs. TOR,W,13,1,1,1.0,0,0,,0,0,,0,3,3,3,1,0,1,0,2,0,12.1,1,2015-16
22015,201574,Jason Thompson,1610612761,TOR,Toronto Raptors,0021501140,2016-04-02,TOR @ SAS,L,13,2,3,0.667,1,1,1.0,0,0,,0,0,0,1,0,0,0,1,5,-4,6.5,1,2015-16
22015,202704,Reggie Jackson,1610612765,DET,Detroit Pistons,0021501139,2016-04-02,DET @ CHI,W,35,6,17,0.353,2,3,0.667,8,10,0.8,2,2,4,4,1,0,6,3,22,-4,29.8,1,2015-16
22015,202730,Lavoy Allen,1610612754,IND,Indiana Pacers,0021501138,2016-04-02,IND @ PHI,W,13,1,4,0.25,0,0,,0,0,,0,1,1,0,0,0,1,0,2,-8,2.2,1,2015-16
22015,1626167,Myles Turner,1610612754,IND,Indiana Pacers,0021501138,2016-04-02,IND @ PHI,W,27,4,7,0.571,0,0,,0,0,,1,9,10,2,0,1,2,2,8,15,24.0,1,2015-16
22015,204456,T.J. McConnell,1610612755,PHI,Philadelphia 76ers,0021501138,2016-04-02,PHI vs. IND,L,17,2,5,0.4,0,0,,0,0,,0,0,0,2,1,0,0,1,4,-14,10.0,1,2015-16
22015,203090,Maurice Harkless,1610612757,POR,Portland Trail Blazers,0021501142,2016-04-02,POR vs. MIA,W,32,6,7,0.857,0,1,0.0,2,2,1.0,1,3,4,1,1,1,0,2,14,15,26.3,1,2015-16
22015,1626242,Luis Montero,1610612757,POR,Portland Trail Blazers,0021501142,2016-04-02,POR vs. MIA,W,2,0,0,,0,0,,0,0,,0,0,0,0,0,0,0,0,0,-1,0.0,1,2015-16
22015,203463,Ben McLemore,1610612758,SAC,Sacramento Kings,0021501141,2016-04-02,SAC @ DEN,W,31,6,12,0.5,2,3,0.667,0,0,,1,3,4,1,1,0,0,5,14,6,23.3,1,2015-16
22015,2544,LeBron James,1610612739,CLE,Cleveland Cavaliers,0021501144,2016-04-03,CLE vs. CHA,W,41,14,22,0.636,0,0,,3,3,1.0,3,5,8,12,2,0,5,4,31,10,59.6,1,2015-16
22015,202684,Tristan Thompson,1610612739,CLE,Cleveland Cavaliers,0021501144,2016-04-03,CLE vs. CHA,W,28,1,2,0.5,0,0,,2,6,0.333,5,1,6,0,2,0,1,1,4,12,16.2,1,2015-16
22015,203521,Matthew Dellavedova,1610612739,CLE,Cleveland Cavaliers,0021501144,2016-04-03,CLE vs. CHA,W,31,2,7,0.286,2,3,0.667,0,0,,1,4,5,9,0,0,3,4,6,1,22.5,1,2015-16
22015,202337,Luke Babbitt,1610612740,NOP,New Orleans Pelicans,0021501143,2016-04-03,NOP @ BKN,W,33,8,15,0.533,3,5,0.6,2,3,0.667,0,1,1,4,0,1,0,5,21,4,31.2,1,2015-16
22015,202703,Nikola Mirotic,1610612741,CHI,Chicago Bulls,0021501150,2016-04-03,CHI @ MIL,W,35,6,15,0.4,3,9,0.333,4,4,1.0,0,6,6,3,0,0,1,3,19,7,29.7,1,2015-16
22015,203200,Justin Holiday,1610612741,CHI,Chicago Bulls,0021501150,2016-04-03,CHI @ MIL,W,25,2,8,0.25,0,3,0.0,1,2,0.5,1,4,5,4,2,0,1,1,5,-1,22.0,1,2015-16
22015,2585,Zaza Pachulia,1610612742,DAL,Dallas Mavericks,0021501146,2016-04-03,DAL @ MIN,W,23,1,3,0.333,0,0,,0,0,,5,4,9,1,1,0,3,5,2,4,14.3,1,2015-16
22015,2734,Devin Harris,1610612742,DAL,Dallas Mavericks,0021501146,2016-04-03,DAL @ MIN,W,31,5,13,0.385,3,6,0.5,3,4,0.75,0,2,2,3,2,0,0,1,16,16,28.9,1,2015-16
22015,1626147,Justin Anderson,1610612742,DAL,Dallas Mavericks,0021501146,2016-04-03,DAL @ MIN,W,24,4,4,1.0,0,0,,1,1,1.0,3,7,10,1,1,1,0,1,9,7,28.5,1,2015-16
22015,2730,Dwight Howard,1610612745,HOU,Houston Rockets,0021501145,2016-04-03,HOU vs. OKC,W,20,2,6,0.333,0,0,,0,0,,3,5,8,2,1,0,0,5,4,5,19.6,1,2015-16
22015,2746,Josh Smith,1610612745,HOU,Houston Rockets,0021501145,2016-04-03,HOU vs. OKC,W,7,2,3,0.667,1,2,0.5,0,0,,0,0,0,0,0,0,1,0,5,-5,4.0,1,2015-16
22015,201935,James Harden,1610612745,HOU,Houston Rockets,0021501145,2016-04-03,HOU vs. OKC,W,43,12,25,0.48,5,11,0.455,12,14,0.857,1,3,4,9,3,1,5,2,41,9,66.3,1,2015-16
22015,203909,KJ McDaniels,1610612745,HOU,Houston Rockets,0021501145,2016-04-03,HOU vs. OKC,W,18,3,6,0.5,1,3,0.333,3,3,1.0,2,2,4,1,0,0,0,1,10,8,16.3,1,2015-16
22015,201599,DeAndre Jordan,1610612746,LAC,LA Clippers,0021501147,2016-04-03,LAC vs. WAS,W,35,5,7,0.714,0,0,,2,11,0.182,3,9,12,1,2,3,1,3,12,5,41.9,1,2015-16
22015,977,Kobe Bryant,1610612747,LAL,Los Angeles Lakers,0021501153,2016-04-03,LAL vs. BOS,L,33,11,28,0.393,4,11,0.364,8,10,0.8,1,3,4,1,3,0,0,4,34,-4,49.3,1,2015-16
22015,204028,Tarik Black,1610612747,LAL,Los Angeles Lakers,0021501153,2016-04-03,LAL vs. BOS,L,19,2,4,0.5,0,0,,0,2,0.0,1,2,3,1,0,1,0,1,4,-9,12.1,1,2015-16
22015,1626273,Marcelo Huertas,1610612747,LAL,Los Angeles Lakers,0021501153,2016-04-03,LAL vs. BOS,L,24,3,6,0.5,0,0,,0,0,,0,3,3,5,0,0,2,2,6,-10,15.1,1,2015-16
22015,203507,Giannis Antetokounmpo,1610612749,MIL,Milwaukee Bucks,0021501150,2016-04-03,MIL vs. CHI,L,43,14,22,0.636,1,1,1.0,5,7,0.714,0,5,5,9,1,1,4,4,34,4,55.5,1,2015-16
22015,203948,Johnny O'Bryant III,1610612749,MIL,Milwaukee Bucks,0021501150,2016-04-03,MIL vs. CHI,L,21,2,2,1.0,0,0,,0,0,,2,3,5,1,1,1,0,3,4,11,17.5,1,2015-16
22015,203498,Shabazz Muhammad,1610612750,MIN,Minnesota Timberwolves,0021501146,2016-04-03,MIN vs. DAL,L,16,0,4,0.0,0,2,0.0,1,2,0.5,1,2,3,1,1,0,0,0,1,-19,9.1,1,2015-16
22015,203156,Henry Sims,1610612751,BKN,Brooklyn Nets,0021501143,2016-04-03,BKN vs. NOP,L,30,5,11,0.455,0,0,,2,2,1.0,2,5,7,1,1,0,2,2,12,2,22.9,1,2015-16
22015,202338,Kevin Seraphin,1610612752,NYK,New York Knicks,0021501151,2016-04-03,NYK vs. IND,L,23,3,8,0.375,0,0,,0,0,,1,7,8,0,0,1,2,4,6,1,16.6,1,2015-16
22015,203124,Kyle O'Quinn,1610612752,NYK,New York Knicks,0021501151,2016-04-03,NYK vs. IND,L,12,3,5,0.6,0,0,,0,0,,2,3,5,1,0,0,0,0,6,-10,13.5,1,2015-16
22015,203921,Cleanthony Early,1610612752,NYK,New York Knicks,0021501151,2016-04-03,NYK vs. IND,L,17,0,6,0.0,0,2,0.0,2,2,1.0,0,1,1,1,0,1,1,2,2,-1,6.7,1,2015-16
22015,202696,Nikola Vučević,1610612753,ORL,Orlando Magic,0021501148,2016-04-03,ORL vs. MEM,W,32,10,19,0.526,0,0,,5,7,0.714,3,9,12,3,2,1,3,3,25,12,49.9,1,2015-16
22015,203932,Aaron Gordon,1610612753,ORL,Orlando Magic,0021501148,2016-04-03,ORL vs. MEM,W,29,5,11,0.455,1,3,0.333,3,4,0.75,4,6,10,3,1,1,0,1,14,5,36.5,1,2015-16
22015,101145,Monta Ellis,1610612754,IND,Indiana Pacers,0021501151,2016-04-03,IND @ NYK,W,30,2,11,0.182,1,3,0.333,2,2,1.0,0,6,6,2,0,0,1,1,7,-6,16.2,1,2015-16
22015,201951,Ty Lawson,1610612754,IND,Indiana Pacers,0021501151,2016-04-03,IND @ NYK,W,18,1,7,0.143,0,1,0.0,0,0,,1,3,4,5,1,0,0,3,2,11,17.3,1,2015-16
22015,202730,Lavoy Allen,1610612754,IND,Indiana Pacers,0021501151,2016-04-03,IND @ NYK,W,15,0,2,0.0,0,0,,0,0,,0,4,4,1,0,0,1,1,0,-3,5.3,1,2015-16
22015,101179,Ronnie Price,1610612756,PHX,Phoenix Suns,0021501149,2016-04-03,PHX vs. UTA,L,32,1,5,0.2,0,4,0.0,0,2,0.0,0,2,2,3,0,0,3,5,2,0,5.9,1,2015-16
22015,203462,Archie Goodwin,1610612756,PHX,Phoenix Suns,0021501149,2016-04-03,PHX vs. UTA,L,13,2,6,0.333,0,2,0.0,0,0,,0,1,1,2,0,0,4,2,4,-4,4.2,1,2015-16
22015,1626192,Pat Connaughton,1610612757,POR,Portland Trail Blazers,0021501152,2016-04-03,POR @ GSW,L,3,0,0,,0,0,,0,0,,0,1,1,0,0,0,0,0,0,-4,1.2,1,2015-16
22015,1626242,Luis Montero,1610612757,POR,Portland Trail Blazers,0021501152,2016-04-03,POR @ GSW,L,3,0,1,0.0,0,1,0.0,0,0,,0,0,0,0,0,0,1,0,0,-4,-1.0,1,2015-16
22015,201142,Kevin Durant,1610612760,OKC,Oklahoma City Thunder,0021501145,2016-04-03,OKC @ HOU,L,37,10,22,0.455,3,10,0.3,10,10,1.0,0,8,8,2,1,1,6,5,33,-12,45.6,1,2015-16
22015,203460,Andre Roberson,1610612760,OKC,Oklahoma City Thunder,0021501145,2016-04-03,OKC @ HOU,L,20,2,4,0.5,0,0,,0,0,,1,2,3,0,0,0,0,2,4,-6,7.6,1,2015-16
22015,202714,Shelvin Mack,1610612762,UTA,Utah Jazz,0021501149,2016-04-03,UTA @ PHX,W,35,3,9,0.333,0,2,0.0,3,4,0.75,1,6,7,5,0,2,1,1,9,10,29.9,1,2015-16
22015,203481,Jeff Withey,1610612762,UTA,Utah Jazz,0021501149,2016-04-03,UTA @ PHX,W,1,0,0,,0,0,,0,0,,0,0,0,0,0,0,0,0,0,-4,0.0,1,2015-16
22015,200797,Ryan Hollins,1610612763,MEM,Memphis Grizzlies,0021501148,2016-04-03,MEM @ ORL,L,1,0,0,,0,0,,0,0,,0,0,0,0,0,1,0,0,0,0,3.0,1,2015-16
22015,204098,Xavier Munford,1610612763,MEM,Memphis Grizzlies,0021501148,2016-04-03,MEM @ ORL,L,34,4,8,0.5,1,1,1.0,1,2,0.5,0,2,2,1,2,0,3,3,10,-5,16.9,1,2015-16
22015,1626185,Jarell Martin,1610612763,MEM,Memphis Grizzlies,0021501148,2016-04-03,MEM @ ORL,L,16,1,3,0.333,0,0,,5,6,0.833,2,4,6,1,0,0,1,2,7,11,14.7,1,2015-16
22015,201162,Jared Dudley,1610612764,WAS,Washington Wizards,0021501147,2016-04-03,WAS @ LAC,L,12,1,3,0.333,0,0,,0,0,,1,2,3,2,2,1,1,2,2,5,16.6,1,2015-16
22015,201196,Ramon Sessions,1610612764,WAS,Washington Wizards,0021501147,2016-04-03,WAS @ LAC,L,23,5,9,0.556,0,1,0.0,3,5,0.6,2,3,5,6,0,0,2,0,13,-5,26.0,1,2015-16
22015,202322,John Wall,1610612764,WAS,Washington Wizards,0021501147,2016-04-03,WAS @ LAC,L,32,5,14,0.357,3,7,0.429,2,2,1.0,0,2,2,13,1,0,3,3,15,-5,36.9,1,2015-16
22015,203078,Bradley Beal,1610612764,WAS,Washington Wizards,0021501147,2016-04-03,WAS @ LAC,L,39,2,16,0.125,1,6,0.167,3,4,0.75,6,1,7,4,2,0,2,5,8,2,26.4,1,2015-16
22015,203469,Cody Zeller,1610612766,CHA,Charlotte Hornets,0021501144,2016-04-03,CHA @ CLE,L,29,2,6,0.333,0,0,,4,4,1.0,2,4,6,1,5,0,0,1,8,-2,31.7,1,2015-16
22015,1626163,Frank Kaminsky,1610612766,CHA,Charlotte Hornets,0021501144,2016-04-03,CHA @ CLE,L,24,2,4,0.5,1,2,0.5,0,0,,1,3,4,1,1,1,1,1,5,-9,16.3,1,2015-16
22015,203096,Jared Sullinger,1610612738,BOS,Boston Celtics,0021501153,2016-04-03,BOS @ LAL,W,17,3,8,0.375,0,1,0.0,0,0,,0,2,2,0,0,0,0,1,6,-2,8.4,1,2015-16
22015,203482,Kelly Olynyk,1610612738,BOS,Boston Celtics,0021501153,2016-04-03,BOS @ LAL,W,13,2,4,0.5,0,1,0.0,0,0,,1,0,1,0,0,0,1,2,4,-2,4.2,1,2015-16
22015,203935,Marcus Smart,1610612738,BOS,Boston Celtics,0021501153,2016-04-03,BOS @ LAL,W,29,2,6,0.333,1,4,0.25,2,2,1.0,2,3,5,6,1,0,2,4,7,10,23.0,1,2015-16
22015,1626179,Terry Rozier,1610612738,BOS,Boston Celtics,0021501153,2016-04-03,BOS @ LAL,W,21,3,6,0.5,0,2,0.0,0,0,,2,5,7,3,1,0,0,1,6,10,21.9,1,2015-16
22015,2570,Kendrick Perkins,1610612740,NOP,New Orleans Pelicans,0021501143,2016-04-03,NOP @ BKN,W,15,3,3,1.0,0,0,,1,2,0.5,0,1,1,1,1,1,1,2,7,7,14.7,1,2015-16
22015,201962,Toney Douglas,1610612740,NOP,New Orleans Pelicans,0021501143,2016-04-03,NOP @ BKN,W,27,1,6,0.167,0,2,0.0,0,0,,0,4,4,4,1,0,2,0,2,1,13.8,1,2015-16
22015,203516,James Ennis III,1610612740,NOP,New Orleans Pelicans,0021501143,2016-04-03,NOP @ BKN,W,29,4,10,0.4,2,6,0.333,4,6,0.667,0,3,3,2,4,1,0,3,14,19,35.6,1,2015-16
22015,201166,Aaron Brooks,1610612741,CHI,Chicago Bulls,0021501150,2016-04-03,CHI @ MIL,W,19,3,4,0.75,0,1,0.0,1,1,1.0,0,0,0,2,1,0,2,1,7,-4,11.0,1,2015-16
22015,202734,E'Twaun Moore,1610612741,CHI,Chicago Bulls,0021501150,2016-04-03,CHI @ MIL,W,27,3,7,0.429,0,1,0.0,0,0,,0,2,2,3,3,0,1,1,6,3,20.9,1,2015-16
22015,1626245,Cristiano Felicio,1610612741,CHI,Chicago Bulls,0021501150,2016-04-03,CHI @ MIL,W,14,1,5,0.2,0,0,,2,2,1.0,4,1,5,1,1,0,2,1,4,-2,12.5,1,2015-16
22015,202083,Wesley Matthews,1610612742,DAL,Dallas Mavericks,0021501146,2016-04-03,DAL @ MIN,W,36,6,14,0.429,6,13,0.462,1,2,0.5,1,1,2,1,1,0,1,1,19,-2,24.9,1,2015-16
22015,203546,Ian Clark,1610612744,GSW,Golden State Warriors,0021501152,2016-04-03,GSW vs. POR,W,3,0,0,,0,0,,0,0,,0,0,0,1,0,0,0,1,0,2,1.5,1,2015-16
22015,203949,James Michael McAdoo,1610612744,GSW,Golden State Warriors,0021501152,2016-04-03,GSW vs. POR,W,10,2,3,0.667,0,0,,0,0,,0,1,1,0,1,1,0,3,4,7,11.2,1,2015-16
22015,201147,Corey Brewer,1610612745,HOU,Houston Rockets,0021501145,2016-04-03,HOU vs. OKC,W,14,3,10,0.3,0,4,0.0,0,0,,4,1,5,0,0,0,1,1,6,-5,11.0,1,2015-16
22015,202726,Andrew Goudelock,1610612745,HOU,Houston Rockets,0021501145,2016-04-03,HOU vs. OKC,W,9,1,3,0.333,0,1,0.0,0,0,,1,0,1,1,2,0,2,2,2,1,8.7,1,2015-16
22015,201601,Luc Mbah a Moute,1610612746,LAC,LA Clippers,0021501147,2016-04-03,LAC vs. WAS,W,24,3,3,1.0,0,0,,2,4,0.5,0,5,5,0,0,0,0,2,8,-1,14.0,1,2015-16
22015,201933,Blake Griffin,1610612746,LAC,LA Clippers,0021501147,2016-04-03,LAC vs. WAS,W,25,2,7,0.286,0,0,,2,2,1.0,0,5,5,4,0,0,1,2,6,23,17.0,1,2015-16
22015,203527,Ryan Kelly,1610612747,LAL,Los Angeles Lakers,0021501153,2016-04-03,LAL vs. BOS,L,15,1,3,0.333,0,1,0.0,0,0,,1,1,2,0,0,0,0,1,2,-4,4.4,1,2015-16
22015,203903,Jordan Clarkson,1610612747,LAL,Los Angeles Lakers,0021501153,2016-04-03,LAL vs. BOS,L,36,6,16,0.375,2,5,0.4,3,4,0.75,3,2,5,1,3,0,2,4,17,-6,31.5,1,2015-16
22015,203944,Julius Randle,1610612747,LAL,Los Angeles Lakers,0021501153,2016-04-03,LAL vs. BOS,L,30,7,11,0.636,0,0,,6,8,0.75,2,8,10,2,0,0,1,1,20,0,34.0,1,2015-16
22015,1626173,Rashad Vaughn,1610612749,MIL,Milwaukee Bucks,0021501150,2016-04-03,MIL vs. CHI,L,29,3,6,0.5,1,2,0.5,0,0,,0,4,4,2,0,2,0,2,7,2,20.8,1,2015-16
22015,203476,Gorgui Dieng,1610612750,MIN,Minnesota Timberwolves,0021501146,2016-04-03,MIN vs. DAL,L,23,3,7,0.429,0,0,,2,2,1.0,1,2,3,1,1,0,1,1,8,4,15.1,1,2015-16
22015,203930,Sean Kilpatrick,1610612751,BKN,Brooklyn Nets,0021501143,2016-04-03,BKN vs. NOP,L,26,6,10,0.6,3,4,0.75,0,0,,1,2,3,0,0,0,4,3,15,-27,14.6,1,2015-16
22015,1626178,Rondae Hollis-Jefferson,1610612751,BKN,Brooklyn Nets,0021501143,2016-04-03,BKN vs. NOP,L,19,2,6,0.333,1,2,0.5,3,4,0.75,1,1,2,0,1,2,1,1,8,12,18.4,1,2015-16
22015,2756,Sasha Vujacic,1610612752,NYK,New York Knicks,0021501151,2016-04-03,NYK vs. IND,L,32,7,15,0.467,5,10,0.5,2,2,1.0,1,2,3,3,2,0,3,3,21,-8,32.1,1,2015-16
22015,201167,Arron Afflalo,1610612752,NYK,New York Knicks,0021501151,2016-04-03,NYK vs. IND,L,34,5,15,0.333,0,4,0.0,5,5,1.0,2,6,8,2,1,1,2,3,15,-10,31.6,1,2015-16
22015,201943,Brandon Jennings,1610612753,ORL,Orlando Magic,0021501148,2016-04-03,ORL vs. MEM,W,17,2,5,0.4,2,3,0.667,0,0,,0,3,3,2,0,0,0,1,6,11,12.6,1,2015-16
22015,203473,Dewayne Dedmon,1610612753,ORL,Orlando Magic,0021501148,2016-04-03,ORL vs. MEM,W,13,4,4,1.0,0,0,,0,1,0.0,1,2,3,0,0,0,1,2,8,5,10.6,1,2015-16
22015,203506,Victor Oladipo,1610612753,ORL,Orlando Magic,0021501148,2016-04-03,ORL vs. MEM,W,39,9,18,0.5,0,4,0.0,4,5,0.8,2,3,5,2,3,1,0,4,22,2,43.0,1,2015-16
22015,101133,Ian Mahinmi,1610612754,IND,Indiana Pacers,0021501151,2016-04-03,IND @ NYK,W,32,3,4,0.75,0,0,,4,6,0.667,2,6,8,4,0,1,4,2,10,-9,24.6,1,2015-16
22015,201588,George Hill,1610612754,IND,Indiana Pacers,0021501151,2016-04-03,IND @ NYK,W,28,3,9,0.333,2,7,0.286,2,3,0.667,1,5,6,0,1,0,2,3,10,-7,18.2,1,2015-16
22015,201978,Chase Budinger,1610612756,PHX,Phoenix Suns,0021501149,2016-04-03,PHX vs. UTA,L,4,0,0,,0,0,,0,0,,0,0,0,0,0,0,0,0,0,-1,0.0,1,2015-16
22015,203458,Alex Len,1610612756,PHX,Phoenix Suns,0021501149,2016-04-03,PHX vs. UTA,L,35,0,8,0.0,0,0,,3,4,0.75,2,4,6,0,0,0,2,2,3,-21,8.2,1,2015-16
22015,201945,Gerald Henderson,1610612757,POR,Portland Trail Blazers,0021501152,2016-04-03,POR @ GSW,L,24,4,8,0.5,0,1,0.0,2,4,0.5,0,2,2,1,1,0,1,2,10,-12,15.9,1,2015-16
22015,202329,Al-Farouq Aminu,1610612757,POR,Portland Trail Blazers,0021501152,2016-04-03,POR @ GSW,L,36,2,6,0.333,2,3,0.667,4,4,1.0,0,6,6,5,2,0,2,0,10,-23,28.7,1,2015-16
22015,202713,Kyle Singler,1610612760,OKC,Oklahoma City Thunder,0021501145,2016-04-03,OKC @ HOU,L,17,1,3,0.333,0,1,0.0,4,4,1.0,1,0,1,1,0,0,0,0,6,1,8.7,1,2015-16
22015,202330,Gordon Hayward,1610612762,UTA,Utah Jazz,0021501149,2016-04-03,UTA @ PHX,W,35,8,16,0.5,1,5,0.2,5,5,1.0,0,5,5,5,1,1,2,5,22,18,39.5,1,2015-16
22015,202344,Trevor Booker,1610612762,UTA,Utah Jazz,0021501149,2016-04-03,UTA @ PHX,W,17,2,4,0.5,0,0,,0,0,,2,3,5,2,0,2,0,1,4,20,19.0,1,2015-16
22015,203918,Rodney Hood,1610612762,UTA,Utah Jazz,0021501149,2016-04-03,UTA @ PHX,W,35,6,16,0.375,6,12,0.5,0,0,,0,2,2,7,2,2,2,3,18,4,40.9,1,2015-16
22015,1713,Vince Carter,1610612763,MEM,Memphis Grizzlies,0021501148,2016-04-03,MEM @ ORL,L,24,6,9,0.667,1,2,0.5,0,1,0.0,0,3,3,2,1,0,1,1,13,-6,21.6,1,2015-16
22015,2754,Tony Allen,1610612763,MEM,Memphis Grizzlies,0021501148,2016-04-03,MEM @ ORL,L,14,5,8,0.625,0,2,0.0,0,0,,3,2,5,1,0,0,1,0,10,-8,16.5,1,2015-16
22015,202693,Markieff Morris,1610612764,WAS,Washington Wizards,0021501147,2016-04-03,WAS @ LAC,L,36,7,14,0.5,2,4,0.5,2,4,0.5,1,7,8,3,1,0,0,4,18,-10,35.1,1,2015-16
22015,201584,Courtney Lee,1610612766,CHA,Charlotte Hornets,0021501144,2016-04-03,CHA @ CLE,L,38,5,13,0.385,1,3,0.333,0,0,,1,0,1,3,3,1,0,2,11,-6,28.7,1,2015-16
22015,101161,Amir Johnson,1610612738,BOS,Boston Celtics,0021501153,2016-04-03,BOS @ LAL,W,26,4,8,0.5,0,2,0.0,2,2,1.0,3,10,13,4,0,0,2,4,10,2,29.6,1,2015-16
22015,201973,Jonas Jerebko,1610612738,BOS,Boston Celtics,0021501153,2016-04-03,BOS @ LAL,W,19,1,4,0.25,0,2,0.0,1,2,0.5,1,6,7,1,1,1,0,2,3,-7,18.9,1,2015-16
22015,201582,Alexis Ajinca,1610612740,NOP,New Orleans Pelicans,0021501143,2016-04-03,NOP @ BKN,W,29,7,9,0.778,0,0,,2,2,1.0,1,5,6,1,1,4,2,1,16,17,37.7,1,2015-16
22015,201600,Omer Asik,1610612740,NOP,New Orleans Pelicans,0021501143,2016-04-03,NOP @ BKN,W,4,0,0,,0,0,,0,0,,0,0,0,0,0,0,2,2,0,-5,-2.0,1,2015-16
22015,202706,Jordan Hamilton,1610612740,NOP,New Orleans Pelicans,0021501143,2016-04-03,NOP @ BKN,W,34,6,11,0.545,0,3,0.0,1,3,0.333,2,9,11,3,0,0,2,2,13,9,28.7,1,2015-16
22015,204025,Tim Frazier,1610612740,NOP,New Orleans Pelicans,0021501143,2016-04-03,NOP @ BKN,W,37,7,11,0.636,2,3,0.667,3,4,0.75,0,2,2,13,3,0,0,3,19,30,49.9,1,2015-16
22015,203926,Doug McDermott,1610612741,CHI,Chicago Bulls,0021501150,2016-04-03,CHI @ MIL,W,17,3,5,0.6,0,1,0.0,1,1,1.0,0,1,1,0,0,0,0,2,7,5,8.2,1,2015-16
22015,203939,Dwight Powell,1610612742,DAL,Dallas Mavericks,0021501146,2016-04-03,DAL @ MIN,W,4,0,1,0.0,0,0,,0,0,,0,0,0,0,0,0,0,0,0,4,0.0,1,2015-16
22015,1626257,Salah Mejri,1610612742,DAL,Dallas Mavericks,0021501146,2016-04-03,DAL @ MIN,W,19,0,1,0.0,0,0,,0,0,,3,2,5,0,0,2,0,2,0,-1,12.0,1,2015-16
22015,2571,Leandro Barbosa,1610612744,GSW,Golden State Warriors,0021501152,2016-04-03,GSW vs. POR,W,23,6,8,0.75,1,1,1.0,0,0,,0,4,4,1,0,0,1,1,13,15,18.3,1,2015-16
22015,201578,Marreese Speights,1610612744,GSW,Golden State Warriors,0021501152,2016-04-03,GSW vs. POR,W,13,2,6,0.333,1,2,0.5,2,2,1.0,1,2,3,3,0,0,2,2,7,6,13.1,1,2015-16
22015,201939,Stephen Curry,1610612744,GSW,Golden State Warriors,0021501152,2016-04-03,GSW vs. POR,W,35,13,21,0.619,9,13,0.692,4,4,1.0,2,4,6,7,2,1,4,2,39,16,61.7,1,2015-16
22015,202691,Klay Thompson,1610612744,GSW,Golden State Warriors,0021501152,2016-04-03,GSW vs. POR,W,35,8,17,0.471,2,6,0.333,3,3,1.0,0,3,3,3,0,2,0,2,21,24,35.1,1,2015-16
22015,201976,Patrick Beverley,1610612745,HOU,Houston Rockets,0021501145,2016-04-03,HOU vs. OKC,W,26,5,13,0.385,2,7,0.286,0,0,,2,0,2,2,0,0,0,3,12,14,17.4,1,2015-16
22015,203991,Clint Capela,1610612745,HOU,Houston Rockets,0021501145,2016-04-03,HOU vs. OKC,W,23,4,8,0.5,0,0,,1,1,1.0,3,3,6,0,2,4,0,6,9,3,34.2,1,2015-16
22015,201145,Jeff Green,1610612746,LAC,LA Clippers,0021501147,2016-04-03,LAC vs. WAS,W,15,2,4,0.5,0,0,,0,0,,0,0,0,0,0,0,3,0,4,-5,1.0,1,2015-16
22015,202332,Cole Aldrich,1610612746,LAC,LA Clippers,0021501147,2016-04-03,LAC vs. WAS,W,10,3,4,0.75,0,0,,2,2,1.0,1,1,2,0,2,0,2,4,8,1,14.4,1,2015-16
22015,201579,Roy Hibbert,1610612747,LAL,Los Angeles Lakers,0021501153,2016-04-03,LAL vs. BOS,L,29,1,3,0.333,0,0,,2,2,1.0,0,5,5,4,0,3,0,1,4,5,25.0,1,2015-16
22015,202328,Greg Monroe,1610612749,MIL,Milwaukee Bucks,0021501150,2016-04-03,MIL vs. CHI,L,23,4,11,0.364,0,0,,3,4,0.75,2,3,5,3,0,1,1,1,11,-7,23.5,1,2015-16
22015,202349,Greivis Vasquez,1610612749,MIL,Milwaukee Bucks,0021501150,2016-04-03,MIL vs. CHI,L,6,0,2,0.0,0,1,0.0,0,0,,0,0,0,1,0,0,0,0,0,-11,1.5,1,2015-16
22015,203898,Tyler Ennis,1610612749,MIL,Milwaukee Bucks,0021501150,2016-04-03,MIL vs. CHI,L,31,3,7,0.429,0,1,0.0,1,1,1.0,0,4,4,8,2,0,4,3,7,-3,25.8,1,2015-16
22015,203953,Jabari Parker,1610612749,MIL,Milwaukee Bucks,0021501150,2016-04-03,MIL vs. CHI,L,44,9,21,0.429,0,2,0.0,6,6,1.0,6,5,11,3,1,0,4,3,24,4,40.7,1,2015-16
22015,203996,Damien Inglis,1610612749,MIL,Milwaukee Bucks,0021501150,2016-04-03,MIL vs. CHI,L,9,0,1,0.0,0,0,,0,0,,0,1,1,1,1,0,1,0,0,-7,4.7,1,2015-16
22015,203897,Zach LaVine,1610612750,MIN,Minnesota Timberwolves,0021501146,2016-04-03,MIN vs. DAL,L,30,4,11,0.364,2,7,0.286,1,1,1.0,0,3,3,1,1,0,3,5,11,-7,16.1,1,2015-16
22015,203940,Adreian Payne,1610612750,MIN,Minnesota Timberwolves,0021501146,2016-04-03,MIN vs. DAL,L,14,2,4,0.5,0,0,,0,0,,1,2,3,0,0,1,1,2,4,1,9.6,1,2015-16
22015,201961,Wayne Ellington,1610612751,BKN,Brooklyn Nets,0021501143,2016-04-03,BKN vs. NOP,L,27,4,10,0.4,2,7,0.286,0,0,,0,1,1,3,1,1,2,0,10,6,19.7,1,2015-16
22015,203186,Willie Reed,1610612751,BKN,Brooklyn Nets,0021501143,2016-04-03,BKN vs. NOP,L,18,2,7,0.286,0,0,,1,2,0.5,4,3,7,0,0,0,0,3,5,-21,13.4,1,2015-16
22015,204038,Langston Galloway,1610612752,NYK,New York Knicks,0021501151,2016-04-03,NYK vs. IND,L,31,3,9,0.333,0,3,0.0,3,7,0.429,1,1,2,6,3,0,0,2,9,-5,29.4,1,2015-16
22015,1626170,Jerian Grant,1610612752,NYK,New York Knicks,0021501151,2016-04-03,NYK vs. IND,L,26,2,9,0.222,1,3,0.333,1,2,0.5,1,2,3,2,1,0,0,2,6,10,15.6,1,2015-16
22015,203094,Andrew Nicholson,1610612753,ORL,Orlando Magic,0021501148,2016-04-03,ORL vs. MEM,W,19,3,5,0.6,3,4,0.75,1,2,0.5,0,6,6,1,1,0,0,1,10,7,21.7,1,2015-16
22015,203524,Solomon Hill,1610612754,IND,Indiana Pacers,0021501151,2016-04-03,IND @ NYK,W,18,2,5,0.4,0,1,0.0,0,0,,0,3,3,1,1,0,2,0,4,19,10.1,1,2015-16
22015,1626167,Myles Turner,1610612754,IND,Indiana Pacers,0021501151,2016-04-03,IND @ NYK,W,31,6,11,0.545,0,0,,0,0,,1,5,6,1,1,1,1,2,12,1,25.7,1,2015-16
22015,203141,Mirza Teletovic,1610612756,PHX,Phoenix Suns,0021501149,2016-04-03,PHX vs. UTA,L,31,9,16,0.563,3,8,0.375,3,4,0.75,2,4,6,0,1,0,5,3,24,-11,29.2,1,2015-16
22015,202334,Ed Davis,1610612757,POR,Portland Trail Blazers,0021501152,2016-04-03,POR @ GSW,L,21,3,6,0.5,0,0,,0,0,,3,6,9,3,0,3,0,2,6,-12,30.3,1,2015-16
22015,203090,Maurice Harkless,1610612757,POR,Portland Trail Blazers,0021501152,2016-04-03,POR @ GSW,L,30,5,13,0.385,1,2,0.5,4,6,0.667,5,5,10,0,1,0,0,3,15,-4,30.0,1,2015-16
22015,203079,Dion Waiters,1610612760,OKC,Oklahoma City Thunder,0021501145,2016-04-03,OKC @ HOU,L,25,1,3,0.333,0,2,0.0,1,2,0.5,0,1,1,2,0,0,1,1,3,-9,6.2,1,2015-16
22015,203497,Rudy Gobert,1610612762,UTA,Utah Jazz,0021501149,2016-04-03,UTA @ PHX,W,24,5,8,0.625,0,0,,2,2,1.0,1,4,5,0,2,2,1,4,12,11,29.0,1,2015-16
22015,204060,Joe Ingles,1610612762,UTA,Utah Jazz,0021501149,2016-04-03,UTA @ PHX,W,10,0,2,0.0,0,1,0.0,0,0,,0,0,0,1,0,0,0,0,0,-7,1.5,1,2015-16
22015,2365,Chris Andersen,1610612763,MEM,Memphis Grizzlies,0021501148,2016-04-03,MEM @ ORL,L,16,1,3,0.333,0,1,0.0,0,0,,2,1,3,0,0,0,0,2,2,-25,5.6,1,2015-16
22015,203210,JaMychal Green,1610612763,MEM,Memphis Grizzlies,0021501148,2016-04-03,MEM @ ORL,L,30,5,9,0.556,0,0,,1,4,0.25,3,7,10,3,0,1,0,4,11,-2,30.5,1,2015-16
22015,202323,Evan Turner,1610612738,BOS,Boston Celtics,0021501153,2016-04-03,BOS @ LAL,W,36,7,12,0.583,1,1,1.0,2,4,0.5,0,4,4,4,0,0,2,2,17,-1,25.8,1,2015-16
22015,101112,Channing Frye,1610612739,CLE,Cleveland Cavaliers,0021501144,2016-04-03,CLE vs. CHA,W,15,1,7,0.143,1,5,0.2,0,0,,0,7,7,1,0,0,2,2,3,12,10.9,1,2015-16
22015,202389,Timofey Mozgov,1610612739,CLE,Cleveland Cavaliers,0021501144,2016-04-03,CLE vs. CHA,W,14,1,1,1.0,0,0,,0,2,0.0,1,2,3,1,0,0,1,2,2,-4,6.1,1,2015-16
22015,201967,Dante Cunningham,1610612740,NOP,New Orleans Pelicans,0021501143,2016-04-03,NOP @ BKN,W,32,6,11,0.545,1,3,0.333,1,3,0.333,2,2,4,3,1,0,3,3,14,13,23.3,1,2015-16
22015,101135,David Lee,1610612742,DAL,Dallas Mavericks,0021501146,2016-04-03,DAL @ MIN,W,17,3,4,0.75,0,0,,0,2,0.0,3,3,6,3,0,0,1,3,6,9,16.7,1,2015-16
22015,201575,Brandon Rush,1610612744,GSW,Golden State Warriors,0021501152,2016-04-03,GSW vs. POR,W,15,3,3,1.0,3,3,1.0,0,0,,1,3,4,1,0,1,0,3,9,16,18.3,1,2015-16
22015,203105,Festus Ezeli,1610612744,GSW,Golden State Warriors,0021501152,2016-04-03,GSW vs. POR,W,9,1,2,0.5,0,0,,0,2,0.0,2,1,3,0,0,0,1,1,2,0,4.6,1,2015-16
22015,1891,Jason Terry,1610612745,HOU,Houston Rockets,0021501145,2016-04-03,HOU vs. OKC,W,8,1,3,0.333,1,3,0.333,0,0,,0,0,0,2,2,0,0,0,3,-1,12.0,1,2015-16
22015,2772,Trevor Ariza,1610612745,HOU,Houston Rockets,0021501145,2016-04-03,HOU vs. OKC,W,44,5,13,0.385,3,8,0.375,5,6,0.833,3,4,7,3,0,0,0,2,18,8,30.9,1,2015-16
22015,201563,Michael Beasley,1610612745,HOU,Houston Rockets,0021501145,2016-04-03,HOU vs. OKC,W,9,2,7,0.286,0,0,,2,2,1.0,2,2,4,1,0,0,0,1,6,-1,12.3,1,2015-16
22015,202700,Donatas Motiejunas,1610612745,HOU,Houston Rockets,0021501145,2016-04-03,HOU vs. OKC,W,19,1,5,0.2,0,3,0.0,0,0,,1,3,4,3,1,0,0,1,2,4,14.3,1,2015-16
22015,2037,Jamal Crawford,1610612746,LAC,LA Clippers,0021501147,2016-04-03,LAC vs. WAS,W,25,6,12,0.5,4,7,0.571,3,3,1.0,1,3,4,6,0,0,2,2,19,1,30.8,1,2015-16
22015,200755,JJ Redick,1610612746,LAC,LA Clippers,0021501147,2016-04-03,LAC vs. WAS,W,30,7,13,0.538,2,4,0.5,2,2,1.0,1,2,3,0,0,0,0,0,18,7,21.6,1,2015-16
22015,203085,Austin Rivers,1610612746,LAC,LA Clippers,0021501147,2016-04-03,LAC vs. WAS,W,18,4,10,0.4,1,3,0.333,1,2,0.5,2,2,4,4,2,0,0,0,10,-5,26.8,1,2015-16
22015,1626157,Karl-Anthony Towns,1610612750,MIN,Minnesota Timberwolves,0021501146,2016-04-03,MIN vs. DAL,L,44,5,13,0.385,0,3,0.0,1,1,1.0,3,18,21,9,1,3,6,3,11,-4,55.7,1,2015-16
22015,203080,Thomas Robinson,1610612751,BKN,Brooklyn Nets,0021501143,2016-04-03,BKN vs. NOP,L,27,4,8,0.5,0,0,,3,9,0.333,7,8,15,0,0,0,2,3,11,1,27.0,1,2015-16
22015,203508,Sergey Karasev,1610612751,BKN,Brooklyn Nets,0021501143,2016-04-03,BKN vs. NOP,L,20,1,5,0.2,0,1,0.0,0,0,,1,4,5,6,0,0,2,2,2,-26,15.0,1,2015-16
22015,201577,Robin Lopez,1610612752,NYK,New York Knicks,0021501151,2016-04-03,NYK vs. IND,L,35,5,16,0.313,0,0,,0,0,,10,5,15,3,0,6,1,2,10,7,49.5,1,2015-16
22015,203095,Evan Fournier,1610612753,ORL,Orlando Magic,0021501148,2016-04-03,ORL vs. MEM,W,39,6,15,0.4,3,8,0.375,7,7,1.0,1,1,2,3,1,0,3,5,22,5,28.9,1,2015-16
22015,1626209,Mario Hezonja,1610612753,ORL,Orlando Magic,0021501148,2016-04-03,ORL vs. MEM,W,18,2,4,0.5,1,3,0.333,0,0,,0,0,0,2,2,0,2,1,5,17,12.0,1,2015-16
22015,1626164,Devin Booker,1610612756,PHX,Phoenix Suns,0021501149,2016-04-03,PHX vs. UTA,L,41,5,15,0.333,2,5,0.4,2,2,1.0,0,2,2,7,2,1,4,3,14,-11,31.9,1,2015-16
22015,1626210,Alan Williams,1610612756,PHX,Phoenix Suns,0021501149,2016-04-03,PHX vs. UTA,L,1,1,1,1.0,0,0,,0,0,,0,1,1,0,0,0,0,0,2,4,3.2,1,2015-16
22015,203148,Brian Roberts,1610612757,POR,Portland Trail Blazers,0021501152,2016-04-03,POR @ GSW,L,3,0,0,,0,0,,0,0,,0,0,0,1,0,0,0,0,0,-4,1.5,1,2015-16
22015,203459,Allen Crabbe,1610612757,POR,Portland Trail Blazers,0021501152,2016-04-03,POR @ GSW,L,24,1,4,0.25,0,2,0.0,2,2,1.0,0,1,1,1,0,0,0,1,4,-25,6.7,1,2015-16
22015,201627,Anthony Morrow,1610612760,OKC,Oklahoma City Thunder,0021501145,2016-04-03,OKC @ HOU,L,7,1,3,0.333,1,3,0.333,2,3,0.667,0,0,0,1,0,0,0,1,5,4,6.5,1,2015-16
22015,202683,Enes Freedom,1610612760,OKC,Oklahoma City Thunder,0021501145,2016-04-03,OKC @ HOU,L,18,7,10,0.7,0,0,,2,2,1.0,4,2,6,0,1,0,3,4,16,-5,23.2,1,2015-16
22015,202324,Derrick Favors,1610612762,UTA,Utah Jazz,0021501149,2016-04-03,UTA @ PHX,W,28,8,11,0.727,0,0,,1,2,0.5,0,2,2,3,2,0,1,3,17,4,28.9,1,2015-16
22015,203526,Raul Neto,1610612762,UTA,Utah Jazz,0021501149,2016-04-03,UTA @ PHX,W,13,0,2,0.0,0,2,0.0,1,2,0.5,0,2,2,3,2,0,1,2,1,5,12.9,1,2015-16
22015,2216,Zach Randolph,1610612763,MEM,Memphis Grizzlies,0021501148,2016-04-03,MEM @ ORL,L,32,5,15,0.333,1,2,0.5,4,6,0.667,2,5,7,7,0,0,1,3,15,-1,32.9,1,2015-16
22015,2440,Matt Barnes,1610612763,MEM,Memphis Grizzlies,0021501148,2016-04-03,MEM @ ORL,L,36,8,17,0.471,5,10,0.5,3,3,1.0,0,6,6,1,0,1,4,4,24,-13,31.7,1,2015-16
22015,200770,Jordan Farmar,1610612763,MEM,Memphis Grizzlies,0021501148,2016-04-03,MEM @ ORL,L,14,1,5,0.2,0,3,0.0,0,0,,0,0,0,3,1,0,2,1,2,-7,7.5,1,2015-16
22015,203955,Bryce Cotton,1610612763,MEM,Memphis Grizzlies,0021501148,2016-04-03,MEM @ ORL,L,1,1,1,1.0,0,0,,0,0,,0,0,0,0,0,0,0,0,2,0,2.0,1,2015-16
22015,101162,Marcin Gortat,1610612764,WAS,Washington Wizards,0021501147,2016-04-03,WAS @ LAC,L,29,10,12,0.833,0,0,,1,2,0.5,3,4,7,1,0,0,1,5,21,2,29.9,1,2015-16
22015,201977,Marcus Thornton,1610612764,WAS,Washington Wizards,0021501147,2016-04-03,WAS @ LAC,L,4,1,2,0.5,1,2,0.5,0,0,,0,0,0,0,0,0,0,2,3,-4,3.0,1,2015-16
22015,202391,Jeremy Lin,1610612766,CHA,Charlotte Hornets,0021501144,2016-04-03,CHA @ CLE,L,27,3,9,0.333,1,4,0.25,7,7,1.0,0,3,3,1,0,0,5,2,14,-15,14.1,1,2015-16
22015,202738,Isaiah Thomas,1610612738,BOS,Boston Celtics,0021501153,2016-04-03,BOS @ LAL,W,30,10,20,0.5,4,9,0.444,2,3,0.667,0,2,2,6,0,0,2,1,26,1,35.4,1,2015-16
22015,203092,Tyler Zeller,1610612738,BOS,Boston Celtics,0021501153,2016-04-03,BOS @ LAL,W,18,3,5,0.6,0,0,,0,0,,0,4,4,2,0,0,1,3,6,16,12.8,1,2015-16
22015,203109,Jae Crowder,1610612738,BOS,Boston Celtics,0021501153,2016-04-03,BOS @ LAL,W,31,6,18,0.333,2,8,0.25,8,9,0.889,0,5,5,4,5,0,2,5,22,8,47.0,1,2015-16
22015,2590,Mo Williams,1610612739,CLE,Cleveland Cavaliers,0021501144,2016-04-03,CLE vs. CHA,W,13,2,4,0.5,2,3,0.667,0,0,,0,1,1,1,1,0,0,0,6,3,11.7,1,2015-16
22015,2747,JR Smith,1610612739,CLE,Cleveland Cavaliers,0021501144,2016-04-03,CLE vs. CHA,W,33,10,16,0.625,6,9,0.667,1,2,0.5,2,3,5,3,1,0,1,1,27,3,39.5,1,2015-16
22015,201567,Kevin Love,1610612739,CLE,Cleveland Cavaliers,0021501144,2016-04-03,CLE vs. CHA,W,32,10,18,0.556,5,8,0.625,0,0,,2,7,9,4,0,1,3,4,25,-5,41.8,1,2015-16
22015,202697,Iman Shumpert,1610612739,CLE,Cleveland Cavaliers,0021501144,2016-04-03,CLE vs. CHA,W,32,4,6,0.667,0,1,0.0,0,0,,1,1,2,3,1,0,1,1,8,13,16.9,1,2015-16
22015,2200,Pau Gasol,1610612741,CHI,Chicago Bulls,0021501150,2016-04-03,CHI @ MIL,W,34,7,11,0.636,1,4,0.25,1,2,0.5,0,8,8,8,1,2,2,2,16,6,44.6,1,2015-16
22015,2399,Mike Dunleavy,1610612741,CHI,Chicago Bulls,0021501150,2016-04-03,CHI @ MIL,W,18,2,4,0.5,2,4,0.5,3,6,0.5,0,1,1,0,1,1,0,3,9,2,16.2,1,2015-16
22015,202710,Jimmy Butler III,1610612741,CHI,Chicago Bulls,0021501150,2016-04-03,CHI @ MIL,W,38,10,11,0.909,1,2,0.5,4,4,1.0,1,4,5,8,1,1,2,1,25,7,47.0,1,2015-16
22015,1626171,Bobby Portis,1610612741,CHI,Chicago Bulls,0021501150,2016-04-03,CHI @ MIL,W,13,2,4,0.5,0,1,0.0,0,0,,0,1,1,1,0,0,0,1,4,-3,6.7,1,2015-16
22015,1717,Dirk Nowitzki,1610612742,DAL,Dallas Mavericks,0021501146,2016-04-03,DAL @ MIN,W,33,4,18,0.222,2,10,0.2,3,4,0.75,0,4,4,1,0,0,1,2,13,4,18.3,1,2015-16
22015,2760,Anderson Varejao,1610612744,GSW,Golden State Warriors,0021501152,2016-04-03,GSW vs. POR,W,7,0,0,,0,0,,1,2,0.5,0,1,1,0,0,0,0,1,1,-8,2.2,1,2015-16
22015,203110,Draymond Green,1610612744,GSW,Golden State Warriors,0021501152,2016-04-03,GSW vs. POR,W,35,7,17,0.412,0,2,0.0,8,9,0.889,5,5,10,10,2,3,1,3,22,22,63.0,1,2015-16
22015,202325,Wesley Johnson,1610612746,LAC,LA Clippers,0021501147,2016-04-03,LAC vs. WAS,W,25,1,6,0.167,0,2,0.0,0,0,,2,4,6,0,2,1,0,2,2,-7,18.2,1,2015-16
22015,1626204,Larry Nance Jr.,1610612747,LAL,Los Angeles Lakers,0021501153,2016-04-03,LAL vs. BOS,L,19,2,5,0.4,0,0,,1,2,0.5,2,4,6,2,0,0,0,3,5,-9,15.2,1,2015-16
22015,203089,John Henson,1610612749,MIL,Milwaukee Bucks,0021501150,2016-04-03,MIL vs. CHI,L,9,0,2,0.0,0,0,,0,0,,0,1,1,0,0,1,0,1,0,-16,4.2,1,2015-16
22015,203101,Miles Plumlee,1610612749,MIL,Milwaukee Bucks,0021501150,2016-04-03,MIL vs. CHI,L,25,5,11,0.455,0,0,,1,2,0.5,5,3,8,0,0,1,0,0,11,3,23.6,1,2015-16
22015,2419,Tayshaun Prince,1610612750,MIN,Minnesota Timberwolves,0021501146,2016-04-03,MIN vs. DAL,L,8,0,0,,0,0,,0,0,,0,1,1,0,1,0,1,0,0,3,3.2,1,2015-16
22015,203952,Andrew Wiggins,1610612750,MIN,Minnesota Timberwolves,0021501146,2016-04-03,MIN vs. DAL,L,41,12,21,0.571,1,3,0.333,5,5,1.0,0,4,4,2,2,0,2,0,30,3,41.8,1,2015-16
22015,1626145,Tyus Jones,1610612750,MIN,Minnesota Timberwolves,0021501146,2016-04-03,MIN vs. DAL,L,14,0,1,0.0,0,1,0.0,1,2,0.5,0,1,1,0,0,0,0,1,1,-17,2.2,1,2015-16
22015,203499,Shane Larkin,1610612751,BKN,Brooklyn Nets,0021501143,2016-04-03,BKN vs. NOP,L,33,3,12,0.25,0,2,0.0,0,0,,2,2,4,9,2,0,2,1,6,-2,28.3,1,2015-16
22015,1626191,Chris McCullough,1610612751,BKN,Brooklyn Nets,0021501143,2016-04-03,BKN vs. NOP,L,21,2,9,0.222,0,3,0.0,2,2,1.0,3,2,5,0,0,0,1,2,6,-20,11.0,1,2015-16
22015,202682,Derrick Williams,1610612752,NYK,New York Knicks,0021501151,2016-04-03,NYK vs. IND,L,28,5,13,0.385,1,3,0.333,1,2,0.5,0,6,6,2,0,0,1,0,12,-9,21.2,1,2015-16
22015,201160,Jason Smith,1610612753,ORL,Orlando Magic,0021501148,2016-04-03,ORL vs. MEM,W,3,0,1,0.0,0,0,,0,0,,0,0,0,0,0,0,0,3,0,-5,0.0,1,2015-16
22015,202331,Paul George,1610612754,IND,Indiana Pacers,0021501151,2016-04-03,IND @ NYK,W,29,7,15,0.467,2,5,0.4,4,4,1.0,1,8,9,1,1,1,3,1,20,-1,35.3,1,2015-16
22015,2199,Tyson Chandler,1610612756,PHX,Phoenix Suns,0021501149,2016-04-03,PHX vs. UTA,L,38,10,12,0.833,0,0,,1,4,0.25,5,13,18,0,1,0,1,1,21,-8,44.6,1,2015-16
22015,203098,John Jenkins,1610612756,PHX,Phoenix Suns,0021501149,2016-04-03,PHX vs. UTA,L,6,0,4,0.0,0,2,0.0,2,2,1.0,0,0,0,2,0,0,0,1,2,-4,5.0,1,2015-16
22015,203081,Damian Lillard,1610612757,POR,Portland Trail Blazers,0021501152,2016-04-03,POR @ GSW,L,36,13,27,0.481,4,9,0.444,8,9,0.889,1,2,3,4,0,0,0,2,38,-7,47.6,1,2015-16
22015,203468,CJ McCollum,1610612757,POR,Portland Trail Blazers,0021501152,2016-04-03,POR @ GSW,L,37,6,14,0.429,2,6,0.333,4,6,0.667,0,1,1,2,3,0,5,3,18,-26,26.2,1,2015-16
22015,203486,Mason Plumlee,1610612757,POR,Portland Trail Blazers,0021501152,2016-04-03,POR @ GSW,L,19,4,6,0.667,0,0,,0,0,,2,2,4,6,1,1,4,3,8,0,23.8,1,2015-16
22015,200751,Randy Foye,1610612760,OKC,Oklahoma City Thunder,0021501145,2016-04-03,OKC @ HOU,L,17,2,4,0.5,2,3,0.667,0,0,,0,1,1,2,1,1,0,0,6,7,16.2,1,2015-16
22015,201566,Russell Westbrook,1610612760,OKC,Oklahoma City Thunder,0021501145,2016-04-03,OKC @ HOU,L,37,8,15,0.533,1,4,0.25,6,7,0.857,3,10,13,9,2,0,8,3,23,-8,50.1,1,2015-16
22015,201586,Serge Ibaka,1610612760,OKC,Oklahoma City Thunder,0021501145,2016-04-03,OKC @ HOU,L,30,3,10,0.3,0,4,0.0,2,2,1.0,3,5,8,1,0,1,0,4,8,-9,22.1,1,2015-16
22015,203187,Chris Johnson,1610612762,UTA,Utah Jazz,0021501149,2016-04-03,UTA @ PHX,W,18,2,3,0.667,1,2,0.5,0,0,,0,2,2,0,0,1,0,0,5,12,10.4,1,2015-16
22015,1626168,Trey Lyles,1610612762,UTA,Utah Jazz,0021501149,2016-04-03,UTA @ PHX,W,24,5,10,0.5,2,3,0.667,1,2,0.5,0,3,3,1,0,0,2,1,13,2,16.1,1,2015-16
22015,202362,Lance Stephenson,1610612763,MEM,Memphis Grizzlies,0021501148,2016-04-03,MEM @ ORL,L,23,4,11,0.364,0,0,,3,4,0.75,0,4,4,3,0,1,1,1,11,-4,22.3,1,2015-16
22015,202066,Garrett Temple,1610612764,WAS,Washington Wizards,0021501147,2016-04-03,WAS @ LAC,L,14,2,6,0.333,0,3,0.0,1,2,0.5,1,1,2,1,1,0,1,3,5,-3,10.9,1,2015-16
22015,101107,Marvin Williams,1610612766,CHA,Charlotte Hornets,0021501144,2016-04-03,CHA @ CLE,L,38,8,11,0.727,4,6,0.667,2,2,1.0,1,5,6,3,1,1,3,4,22,8,36.7,1,2015-16
22015,201150,Spencer Hawes,1610612766,CHA,Charlotte Hornets,0021501144,2016-04-03,CHA @ CLE,L,19,3,8,0.375,1,1,1.0,2,2,1.0,5,4,9,2,1,0,1,1,9,-7,24.8,1,2015-16
22015,201587,Nicolas Batum,1610612766,CHA,Charlotte Hornets,0021501144,2016-04-03,CHA @ CLE,L,20,2,6,0.333,0,3,0.0,1,1,1.0,0,0,0,5,0,0,1,1,5,-12,11.5,1,2015-16
22015,202689,Kemba Walker,1610612766,CHA,Charlotte Hornets,0021501144,2016-04-03,CHA @ CLE,L,41,9,19,0.474,1,7,0.143,10,11,0.909,1,5,6,7,4,1,4,0,29,2,57.7,1,2015-16
22015,101109,Raymond Felton,1610612742,DAL,Dallas Mavericks,0021501146,2016-04-03,DAL @ MIN,W,18,1,6,0.167,0,4,0.0,0,0,,0,3,3,3,0,1,3,1,2,4,10.1,1,2015-16
22015,200826,J.J. Barea,1610612742,DAL,Dallas Mavericks,0021501146,2016-04-03,DAL @ MIN,W,35,8,19,0.421,3,7,0.429,2,4,0.5,0,3,3,6,1,0,1,1,21,5,35.6,1,2015-16
22015,2733,Shaun Livingston,1610612744,GSW,Golden State Warriors,0021501152,2016-04-03,GSW vs. POR,W,21,4,5,0.8,0,0,,0,0,,0,3,3,4,0,0,3,2,8,16,14.6,1,2015-16
22015,203084,Harrison Barnes,1610612744,GSW,Golden State Warriors,0021501152,2016-04-03,GSW vs. POR,W,33,4,6,0.667,2,3,0.667,0,0,,0,5,5,0,0,0,0,2,10,9,16.0,1,2015-16
22015,101108,Chris Paul,1610612746,LAC,LA Clippers,0021501147,2016-04-03,LAC vs. WAS,W,33,10,19,0.526,1,3,0.333,6,7,0.857,0,3,3,12,1,0,2,2,27,6,49.6,1,2015-16
22015,1626156,D'Angelo Russell,1610612747,LAL,Los Angeles Lakers,0021501153,2016-04-03,LAL vs. BOS,L,36,4,14,0.286,0,4,0.0,0,1,0.0,1,8,9,6,0,0,6,0,8,2,21.8,1,2015-16
22015,201937,Ricky Rubio,1610612750,MIN,Minnesota Timberwolves,0021501146,2016-04-03,MIN vs. DAL,L,34,2,7,0.286,1,4,0.25,4,4,1.0,0,2,2,5,1,0,2,3,9,7,19.9,1,2015-16
22015,202357,Nemanja Bjelica,1610612750,MIN,Minnesota Timberwolves,0021501146,2016-04-03,MIN vs. DAL,L,14,1,3,0.333,0,1,0.0,1,1,1.0,0,0,0,1,0,0,0,3,3,-21,4.5,1,2015-16
22015,203900,Markel Brown,1610612751,BKN,Brooklyn Nets,0021501143,2016-04-03,BKN vs. NOP,L,19,4,7,0.571,2,4,0.5,2,2,1.0,0,1,1,1,0,0,4,6,12,-20,10.7,1,2015-16
22015,203901,Elfrid Payton,1610612753,ORL,Orlando Magic,0021501148,2016-04-03,ORL vs. MEM,W,31,2,8,0.25,0,1,0.0,3,3,1.0,2,0,2,11,0,0,1,0,7,1,24.9,1,2015-16
22015,101139,CJ Miles,1610612754,IND,Indiana Pacers,0021501151,2016-04-03,IND @ NYK,W,20,4,8,0.5,2,5,0.4,0,0,,0,3,3,1,0,0,0,3,10,8,15.1,1,2015-16
22015,201155,Rodney Stuckey,1610612754,IND,Indiana Pacers,0021501151,2016-04-03,IND @ NYK,W,20,6,9,0.667,0,0,,5,5,1.0,1,3,4,1,0,0,2,2,17,12,21.3,1,2015-16
22015,200782,P.J. Tucker,1610612756,PHX,Phoenix Suns,0021501149,2016-04-03,PHX vs. UTA,L,38,5,11,0.455,3,6,0.5,1,1,1.0,3,6,9,2,1,0,2,2,14,-19,28.8,1,2015-16
22015,203943,Noah Vonleh,1610612757,POR,Portland Trail Blazers,0021501152,2016-04-03,POR @ GSW,L,3,0,0,,0,0,,2,2,1.0,0,0,0,0,0,0,0,0,2,-4,2.0,1,2015-16
22015,203500,Steven Adams,1610612760,OKC,Oklahoma City Thunder,0021501145,2016-04-03,OKC @ HOU,L,31,3,8,0.375,0,0,,0,2,0.0,3,6,9,3,0,2,1,1,6,-3,26.3,1,2015-16
22015,2403,Nene,1610612764,WAS,Washington Wizards,0021501147,2016-04-03,WAS @ LAC,L,19,5,9,0.556,0,0,,0,2,0.0,2,7,9,0,0,0,2,3,10,-7,18.8,1,2015-16
22015,203490,Otto Porter Jr.,1610612764,WAS,Washington Wizards,0021501147,2016-04-03,WAS @ LAC,L,32,5,9,0.556,4,7,0.571,0,0,,1,7,8,1,1,0,2,2,14,0,26.1,1,2015-16
22015,203087,Jeremy Lamb,1610612766,CHA,Charlotte Hornets,0021501144,2016-04-03,CHA @ CLE,L,4,0,0,,0,0,,0,0,,0,0,0,0,0,0,0,1,0,-4,0.0,1,2015-16
22015,2743,Kris Humphries,1610612737,ATL,Atlanta Hawks,0021501157,2016-04-05,ATL vs. PHX,W,11,2,4,0.5,1,2,0.5,0,0,,0,1,1,1,0,0,2,0,5,-19,5.7,1,2015-16
22015,200794,Paul Millsap,1610612737,ATL,Atlanta Hawks,0021501157,2016-04-05,ATL vs. PHX,W,36,3,8,0.375,1,3,0.333,6,8,0.75,4,13,17,8,3,3,1,3,13,18,62.4,1,2015-16
22015,203118,Mike Scott,1610612737,ATL,Atlanta Hawks,0021501157,2016-04-05,ATL vs. PHX,W,16,1,4,0.25,0,1,0.0,0,0,,0,2,2,0,1,0,1,1,2,1,6.4,1,2015-16
22015,2544,LeBron James,1610612739,CLE,Cleveland Cavaliers,0021501159,2016-04-05,CLE @ MIL,W,28,7,9,0.778,1,2,0.5,2,2,1.0,0,5,5,9,0,1,4,0,17,22,35.5,1,2015-16
22015,202681,Kyrie Irving,1610612739,CLE,Cleveland Cavaliers,0021501159,2016-04-05,CLE @ MIL,W,27,5,9,0.556,3,4,0.75,2,3,0.667,0,3,3,6,0,0,3,2,15,16,24.6,1,2015-16
22015,203521,Matthew Dellavedova,1610612739,CLE,Cleveland Cavaliers,0021501159,2016-04-05,CLE @ MIL,W,11,0,1,0.0,0,0,,2,2,1.0,0,0,0,3,1,0,1,2,2,13,8.5,1,2015-16
22015,204025,Tim Frazier,1610612740,NOP,New Orleans Pelicans,0021501154,2016-04-05,NOP @ PHI,L,36,4,12,0.333,0,2,0.0,4,4,1.0,3,3,6,9,3,0,1,2,12,5,40.7,1,2015-16
22015,2399,Mike Dunleavy,1610612741,CHI,Chicago Bulls,0021501158,2016-04-05,CHI @ MEM,L,19,2,5,0.4,1,3,0.333,0,0,,0,1,1,0,1,2,0,4,5,-4,15.2,1,2015-16
22015,2733,Shaun Livingston,1610612744,GSW,Golden State Warriors,0021501163,2016-04-05,GSW vs. MIN,L,21,6,6,1.0,0,0,,2,2,1.0,0,3,3,1,1,0,2,4,14,-11,20.1,1,2015-16
22015,201939,Stephen Curry,1610612744,GSW,Golden State Warriors,0021501163,2016-04-05,GSW vs. MIN,L,43,7,25,0.28,4,14,0.286,3,3,1.0,2,4,6,15,3,0,3,4,21,3,56.7,1,2015-16
22015,203110,Draymond Green,1610612744,GSW,Golden State Warriors,0021501163,2016-04-05,GSW vs. MIN,L,39,5,11,0.455,0,3,0.0,2,3,0.667,1,5,6,9,3,2,6,6,12,8,41.7,1,2015-16
22015,202325,Wesley Johnson,1610612746,LAC,LA Clippers,0021501164,2016-04-05,LAC vs. LAL,W,20,2,7,0.286,2,4,0.5,0,0,,0,2,2,1,2,1,0,1,6,-6,18.9,1,2015-16
22015,203912,C.J. Wilcox,1610612746,LAC,LA Clippers,0021501164,2016-04-05,LAC vs. LAL,W,7,2,3,0.667,0,0,,1,2,0.5,0,0,0,0,1,0,1,1,5,3,7.0,1,2015-16
22015,977,Kobe Bryant,1610612747,LAL,Los Angeles Lakers,0021501164,2016-04-05,LAL @ LAC,L,22,2,12,0.167,0,2,0.0,2,2,1.0,1,1,2,0,2,0,2,1,6,-25,12.4,1,2015-16
22015,201579,Roy Hibbert,1610612747,LAL,Los Angeles Lakers,0021501164,2016-04-05,LAL @ LAC,L,16,0,3,0.0,0,0,,0,0,,3,1,4,0,0,0,1,3,0,-31,3.8,1,2015-16
22015,203903,Jordan Clarkson,1610612747,LAL,Los Angeles Lakers,0021501164,2016-04-05,LAL @ LAC,L,31,4,13,0.308,2,6,0.333,0,0,,0,1,1,1,2,0,1,2,10,-27,17.7,1,2015-16
22015,1626273,Marcelo Huertas,1610612747,LAL,Los Angeles Lakers,0021501164,2016-04-05,LAL @ LAC,L,30,3,8,0.375,0,3,0.0,3,3,1.0,1,2,3,4,1,0,2,2,9,7,19.6,1,2015-16
22015,2207,Joe Johnson,1610612748,MIA,Miami Heat,0021501155,2016-04-05,MIA vs. DET,W,28,5,8,0.625,0,1,0.0,1,2,0.5,1,0,1,5,1,0,1,1,11,4,21.7,1,2015-16
22015,2548,Dwyane Wade,1610612748,MIA,Miami Heat,0021501155,2016-04-05,MIA vs. DET,W,25,5,10,0.5,0,0,,6,7,0.857,0,1,1,2,2,0,2,1,16,10,24.2,1,2015-16
22015,1626159,Justise Winslow,1610612748,MIA,Miami Heat,0021501155,2016-04-05,MIA vs. DET,W,30,3,9,0.333,1,2,0.5,2,3,0.667,1,4,5,2,0,0,0,2,9,12,18.0,1,2015-16
22015,202328,Greg Monroe,1610612749,MIL,Milwaukee Bucks,0021501159,2016-04-05,MIL vs. CLE,L,25,4,11,0.364,0,0,,0,0,,1,4,5,2,1,0,1,1,8,-14,19.0,1,2015-16
22015,201937,Ricky Rubio,1610612750,MIN,Minnesota Timberwolves,0021501163,2016-04-05,MIN @ GSW,W,34,1,6,0.167,0,1,0.0,0,0,,0,4,4,9,1,0,4,5,2,-12,19.3,1,2015-16
22015,201171,Carl Landry,1610612755,PHI,Philadelphia 76ers,0021501154,2016-04-05,PHI vs. NOP,W,26,9,10,0.9,2,2,1.0,2,3,0.667,4,5,9,1,2,0,0,1,22,19,40.3,1,2015-16
22015,203462,Archie Goodwin,1610612756,PHX,Phoenix Suns,0021501157,2016-04-05,PHX @ ATL,L,16,2,6,0.333,1,2,0.5,0,2,0.0,0,2,2,1,1,2,4,0,5,8,13.9,1,2015-16
22015,202329,Al-Farouq Aminu,1610612757,POR,Portland Trail Blazers,0021501162,2016-04-05,POR @ SAC,W,21,2,5,0.4,1,1,1.0,1,2,0.5,1,6,7,0,1,1,2,2,6,-11,18.4,1,2015-16
22015,203090,Maurice Harkless,1610612757,POR,Portland Trail Blazers,0021501162,2016-04-05,POR @ SAC,W,33,8,16,0.5,2,5,0.4,2,2,1.0,7,9,16,2,2,0,2,2,20,-1,46.2,1,2015-16
22015,203468,CJ McCollum,1610612757,POR,Portland Trail Blazers,0021501162,2016-04-05,POR @ SAC,W,36,11,20,0.55,5,10,0.5,3,4,0.75,1,2,3,3,2,0,2,0,30,6,42.1,1,2015-16
22015,200765,Rajon Rondo,1610612758,SAC,Sacramento Kings,0021501162,2016-04-05,SAC vs. POR,L,42,11,17,0.647,3,4,0.75,2,3,0.667,0,10,10,12,2,0,2,4,27,-2,61.0,1,2015-16
22015,203112,Quincy Acy,1610612758,SAC,Sacramento Kings,0021501162,2016-04-05,SAC vs. POR,L,15,3,5,0.6,2,2,1.0,0,0,,0,0,0,0,0,0,0,1,8,-15,8.0,1,2015-16
22015,201980,Danny Green,1610612759,SAS,San Antonio Spurs,0021501161,2016-04-05,SAS @ UTA,W,26,1,4,0.25,0,2,0.0,0,0,,0,3,3,1,2,0,0,3,2,-8,13.1,1,2015-16
22015,1737,Nazr Mohammed,1610612760,OKC,Oklahoma City Thunder,0021501160,2016-04-05,OKC @ DEN,W,6,1,2,0.5,0,0,,0,0,,1,1,2,0,0,0,1,1,2,-5,3.4,1,2015-16
22015,200751,Randy Foye,1610612760,OKC,Oklahoma City Thunder,0021501160,2016-04-05,OKC @ DEN,W,19,2,5,0.4,1,4,0.25,0,0,,0,0,0,1,0,1,2,2,5,5,7.5,1,2015-16
22015,1626181,Norman Powell,1610612761,TOR,Toronto Raptors,0021501156,2016-04-05,TOR vs. CHA,W,23,2,6,0.333,0,4,0.0,0,0,,1,3,4,1,2,0,1,2,4,7,15.3,1,2015-16
22015,202324,Derrick Favors,1610612762,UTA,Utah Jazz,0021501161,2016-04-05,UTA vs. SAS,L,27,3,5,0.6,0,1,0.0,2,2,1.0,0,4,4,1,1,1,1,2,8,4,19.3,1,2015-16
22015,1626168,Trey Lyles,1610612762,UTA,Utah Jazz,0021501161,2016-04-05,UTA vs. SAS,L,19,2,9,0.222,0,2,0.0,2,2,1.0,0,3,3,0,0,0,0,1,6,-13,9.6,1,2015-16
22015,203382,Aron Baynes,1610612765,DET,Detroit Pistons,0021501155,2016-04-05,DET @ MIA,L,14,4,6,0.667,0,0,,2,2,1.0,3,3,6,0,1,0,0,0,10,-6,20.2,1,2015-16
22015,1626199,Darrun Hilliard,1610612765,DET,Detroit Pistons,0021501155,2016-04-05,DET @ MIA,L,14,3,6,0.5,2,4,0.5,0,0,,0,3,3,1,0,0,0,0,8,-2,13.1,1,2015-16
22015,203087,Jeremy Lamb,1610612766,CHA,Charlotte Hornets,0021501156,2016-04-05,CHA @ TOR,L,19,3,11,0.273,1,4,0.25,0,0,,0,4,4,0,0,0,0,0,7,5,11.8,1,2015-16
22015,2594,Kyle Korver,1610612737,ATL,Atlanta Hawks,0021501157,2016-04-05,ATL vs. PHX,W,29,4,9,0.444,2,6,0.333,1,1,1.0,0,1,1,1,0,0,0,4,11,9,13.7,1,2015-16
22015,201143,Al Horford,1610612737,ATL,Atlanta Hawks,0021501157,2016-04-05,ATL vs. PHX,W,34,7,18,0.389,2,4,0.5,0,0,,5,5,10,3,2,0,4,4,16,26,34.5,1,2015-16
22015,202389,Timofey Mozgov,1610612739,CLE,Cleveland Cavaliers,0021501159,2016-04-05,CLE @ MIL,W,22,2,4,0.5,0,0,,0,0,,0,4,4,1,0,3,0,1,4,11,19.3,1,2015-16
22015,2200,Pau Gasol,1610612741,CHI,Chicago Bulls,0021501158,2016-04-05,CHI @ MEM,L,35,7,13,0.538,0,0,,3,6,0.5,1,9,10,2,1,4,3,2,17,-22,44.0,1,2015-16
22015,202710,Jimmy Butler III,1610612741,CHI,Chicago Bulls,0021501158,2016-04-05,CHI @ MEM,L,35,2,8,0.25,0,4,0.0,1,2,0.5,2,2,4,2,1,0,2,0,5,-12,13.8,1,2015-16
22015,203999,Nikola Jokić,1610612743,DEN,Denver Nuggets,0021501160,2016-04-05,DEN vs. OKC,L,19,3,5,0.6,1,3,0.333,0,0,,0,2,2,2,0,2,0,2,7,-9,18.4,1,2015-16
22015,101106,Andrew Bogut,1610612744,GSW,Golden State Warriors,0021501163,2016-04-05,GSW vs. MIN,L,32,5,7,0.714,0,0,,0,0,,2,13,15,5,1,2,1,5,10,16,43.5,1,2015-16
22015,203084,Harrison Barnes,1610612744,GSW,Golden State Warriors,0021501163,2016-04-05,GSW vs. MIN,L,35,8,11,0.727,4,5,0.8,0,0,,2,3,5,0,0,0,1,2,20,4,25.0,1,2015-16
22015,101108,Chris Paul,1610612746,LAC,LA Clippers,0021501164,2016-04-05,LAC vs. LAL,W,23,10,14,0.714,2,4,0.5,3,3,1.0,0,4,4,8,2,1,0,1,25,30,50.8,1,2015-16
22015,200755,JJ Redick,1610612746,LAC,LA Clippers,0021501164,2016-04-05,LAC vs. LAL,W,22,4,6,0.667,1,3,0.333,0,0,,0,3,3,2,0,0,1,2,9,27,14.6,1,2015-16
22015,203085,Austin Rivers,1610612746,LAC,LA Clippers,0021501164,2016-04-05,LAC vs. LAL,W,18,2,9,0.222,1,2,0.5,3,4,0.75,0,2,2,1,1,0,1,0,8,-11,13.9,1,2015-16
22015,203143,Pablo Prigioni,1610612746,LAC,LA Clippers,0021501164,2016-04-05,LAC vs. LAL,W,8,1,3,0.333,0,1,0.0,0,0,,0,0,0,2,1,0,0,0,2,0,8.0,1,2015-16
22015,203527,Ryan Kelly,1610612747,LAL,Los Angeles Lakers,0021501164,2016-04-05,LAL @ LAC,L,25,5,9,0.556,0,2,0.0,2,2,1.0,1,3,4,0,1,0,2,3,12,8,17.8,1,2015-16
22015,203944,Julius Randle,1610612747,LAL,Los Angeles Lakers,0021501164,2016-04-05,LAL @ LAC,L,31,0,6,0.0,0,0,,4,4,1.0,3,9,12,4,0,1,3,2,4,-30,24.4,1,2015-16
22015,2405,Amar'e Stoudemire,1610612748,MIA,Miami Heat,0021501155,2016-04-05,MIA vs. DET,W,14,2,4,0.5,0,0,,0,0,,0,4,4,0,0,0,1,2,4,-3,7.8,1,2015-16
22015,101123,Gerald Green,1610612748,MIA,Miami Heat,0021501155,2016-04-05,MIA vs. DET,W,4,0,0,,0,0,,1,2,0.5,0,0,0,0,1,0,0,1,1,1,4.0,1,2015-16
22015,201609,Goran Dragic,1610612748,MIA,Miami Heat,0021501155,2016-04-05,MIA vs. DET,W,34,9,15,0.6,4,4,1.0,0,0,,0,5,5,8,0,0,4,4,22,5,36.0,1,2015-16
22015,203948,Johnny O'Bryant III,1610612749,MIL,Milwaukee Bucks,0021501159,2016-04-05,MIL vs. CLE,L,31,6,10,0.6,0,0,,0,0,,4,3,7,1,0,0,1,2,12,-16,20.9,1,2015-16
22015,1626157,Karl-Anthony Towns,1610612750,MIN,Minnesota Timberwolves,0021501163,2016-04-05,MIN @ GSW,W,45,8,18,0.444,0,1,0.0,4,8,0.5,2,10,12,4,0,2,2,5,20,2,44.4,1,2015-16
22015,1882,Elton Brand,1610612755,PHI,Philadelphia 76ers,0021501154,2016-04-05,PHI vs. NOP,W,11,1,3,0.333,0,0,,0,0,,0,4,4,0,0,0,1,1,2,-6,5.8,1,2015-16
22015,203477,Isaiah Canaan,1610612755,PHI,Philadelphia 76ers,0021501154,2016-04-05,PHI vs. NOP,W,23,6,12,0.5,4,7,0.571,0,0,,0,2,2,2,1,0,0,1,16,-10,24.4,1,2015-16
22015,201978,Chase Budinger,1610612756,PHX,Phoenix Suns,0021501157,2016-04-05,PHX @ ATL,L,7,1,1,1.0,0,0,,0,2,0.0,0,1,1,2,0,0,0,1,2,-3,6.2,1,2015-16
22015,203458,Alex Len,1610612756,PHX,Phoenix Suns,0021501157,2016-04-05,PHX @ ATL,L,35,3,8,0.375,0,0,,4,4,1.0,1,6,7,2,1,1,4,4,10,-17,23.4,1,2015-16
22015,1626164,Devin Booker,1610612756,PHX,Phoenix Suns,0021501157,2016-04-05,PHX @ ATL,L,39,12,25,0.48,4,9,0.444,6,10,0.6,0,5,5,2,2,0,2,4,34,-9,47.0,1,2015-16
22015,2549,Chris Kaman,1610612757,POR,Portland Trail Blazers,0021501162,2016-04-05,POR @ SAC,W,2,0,0,,0,0,,0,0,,1,0,1,1,0,0,0,2,0,6,2.7,1,2015-16
22015,202334,Ed Davis,1610612757,POR,Portland Trail Blazers,0021501162,2016-04-05,POR @ SAC,W,20,1,3,0.333,0,0,,0,0,,0,3,3,1,1,1,1,2,2,11,12.1,1,2015-16
22015,2406,Caron Butler,1610612758,SAC,Sacramento Kings,0021501162,2016-04-05,SAC vs. POR,L,8,1,1,1.0,0,0,,0,0,,0,0,0,0,0,0,1,0,2,-3,1.0,1,2015-16
22015,202326,DeMarcus Cousins,1610612758,SAC,Sacramento Kings,0021501162,2016-04-05,SAC vs. POR,L,38,11,21,0.524,1,4,0.25,7,11,0.636,0,9,9,1,2,3,6,2,30,4,51.3,1,2015-16
22015,203552,Seth Curry,1610612758,SAC,Sacramento Kings,0021501162,2016-04-05,SAC vs. POR,L,34,6,12,0.5,3,5,0.6,2,2,1.0,1,5,6,4,0,0,1,4,17,-11,29.2,1,2015-16
22015,2225,Tony Parker,1610612759,SAS,San Antonio Spurs,0021501161,2016-04-05,SAS @ UTA,W,27,4,13,0.308,1,1,1.0,2,2,1.0,0,3,3,4,1,0,1,0,11,-10,22.6,1,2015-16
22015,201566,Russell Westbrook,1610612760,OKC,Oklahoma City Thunder,0021501160,2016-04-05,OKC @ DEN,W,27,4,9,0.444,2,4,0.5,3,5,0.6,3,11,14,12,2,0,5,1,13,26,48.8,1,2015-16
22015,201627,Anthony Morrow,1610612760,OKC,Oklahoma City Thunder,0021501160,2016-04-05,OKC @ DEN,W,24,3,6,0.5,3,6,0.5,0,0,,0,0,0,1,0,0,0,2,9,14,10.5,1,2015-16
22015,200768,Kyle Lowry,1610612761,TOR,Toronto Raptors,0021501156,2016-04-05,TOR vs. CHA,W,40,8,16,0.5,3,8,0.375,2,3,0.667,0,4,4,6,0,1,4,4,21,-1,33.8,1,2015-16
22015,201942,DeMar DeRozan,1610612761,TOR,Toronto Raptors,0021501156,2016-04-05,TOR vs. CHA,W,36,7,19,0.368,1,2,0.5,11,12,0.917,0,7,7,6,1,0,1,0,26,16,45.4,1,2015-16
22015,202709,Cory Joseph,1610612761,TOR,Toronto Raptors,0021501156,2016-04-05,TOR vs. CHA,W,25,4,6,0.667,1,2,0.5,2,2,1.0,1,3,4,2,1,0,0,2,11,-4,21.8,1,2015-16
22015,202330,Gordon Hayward,1610612762,UTA,Utah Jazz,0021501161,2016-04-05,UTA vs. SAS,L,36,4,11,0.364,0,2,0.0,4,5,0.8,0,4,4,1,1,0,1,2,12,1,20.3,1,2015-16
22015,203918,Rodney Hood,1610612762,UTA,Utah Jazz,0021501161,2016-04-05,UTA vs. SAS,L,37,10,19,0.526,1,6,0.167,2,2,1.0,1,6,7,4,0,0,4,2,23,11,33.4,1,2015-16
22015,2216,Zach Randolph,1610612763,MEM,Memphis Grizzlies,0021501158,2016-04-05,MEM vs. CHI,W,35,10,19,0.526,0,1,0.0,7,8,0.875,5,5,10,4,2,0,2,2,27,7,49.0,1,2015-16
22015,200770,Jordan Farmar,1610612763,MEM,Memphis Grizzlies,0021501158,2016-04-05,MEM vs. CHI,W,31,6,12,0.5,1,4,0.25,2,2,1.0,1,1,2,4,1,0,2,0,15,10,24.4,1,2015-16
22015,200797,Ryan Hollins,1610612763,MEM,Memphis Grizzlies,0021501158,2016-04-05,MEM vs. CHI,W,0,0,0,,0,0,,0,0,,0,0,0,0,0,0,0,0,0,-2,0.0,1,2015-16
22015,1626185,Jarell Martin,1610612763,MEM,Memphis Grizzlies,0021501158,2016-04-05,MEM vs. CHI,W,14,3,3,1.0,0,0,,1,1,1.0,0,0,0,1,0,0,0,2,7,6,8.5,1,2015-16
22015,203083,Andre Drummond,1610612765,DET,Detroit Pistons,0021501155,2016-04-05,DET @ MIA,L,30,5,9,0.556,0,0,,2,6,0.333,3,10,13,0,0,0,1,2,12,-11,26.6,1,2015-16
22015,101107,Marvin Williams,1610612766,CHA,Charlotte Hornets,0021501156,2016-04-05,CHA @ TOR,L,31,5,11,0.455,3,6,0.5,2,2,1.0,3,3,6,1,2,0,0,2,15,7,29.7,1,2015-16
22015,202391,Jeremy Lin,1610612766,CHA,Charlotte Hornets,0021501156,2016-04-05,CHA @ TOR,L,40,5,11,0.455,4,6,0.667,7,8,0.875,1,3,4,7,1,0,3,4,21,-2,36.3,1,2015-16
22015,200757,Thabo Sefolosha,1610612737,ATL,Atlanta Hawks,0021501157,2016-04-05,ATL vs. PHX,W,20,3,3,1.0,0,0,,1,1,1.0,1,3,4,1,1,0,0,1,7,2,16.3,1,2015-16
22015,203501,Tim Hardaway Jr.,1610612737,ATL,Atlanta Hawks,0021501157,2016-04-05,ATL vs. PHX,W,14,2,5,0.4,0,3,0.0,4,4,1.0,0,1,1,2,0,0,0,2,8,1,12.2,1,2015-16
22015,201582,Alexis Ajinca,1610612740,NOP,New Orleans Pelicans,0021501154,2016-04-05,NOP @ PHI,L,25,6,12,0.5,0,0,,0,0,,2,8,10,0,0,0,4,3,12,9,20.0,1,2015-16
22015,202337,Luke Babbitt,1610612740,NOP,New Orleans Pelicans,0021501154,2016-04-05,NOP @ PHI,L,31,7,16,0.438,2,3,0.667,0,0,,2,6,8,3,0,0,2,3,16,-6,28.1,1,2015-16
22015,202706,Jordan Hamilton,1610612740,NOP,New Orleans Pelicans,0021501154,2016-04-05,NOP @ PHI,L,27,3,7,0.429,0,0,,2,2,1.0,5,3,8,2,1,0,3,2,8,-19,20.6,1,2015-16
22015,202703,Nikola Mirotic,1610612741,CHI,Chicago Bulls,0021501158,2016-04-05,CHI @ MEM,L,29,6,9,0.667,6,9,0.667,2,2,1.0,2,6,8,3,1,1,2,4,20,-9,38.1,1,2015-16
22015,202702,Kenneth Faried,1610612743,DEN,Denver Nuggets,0021501160,2016-04-05,DEN vs. OKC,L,23,1,6,0.167,0,0,,2,2,1.0,1,1,2,2,1,0,1,3,4,-14,11.4,1,2015-16
22015,203115,Will Barton,1610612743,DEN,Denver Nuggets,0021501160,2016-04-05,DEN vs. OKC,L,30,3,12,0.25,1,5,0.2,1,2,0.5,1,3,4,4,1,0,1,2,8,-10,20.8,1,2015-16
22015,203530,Joffrey Lauvergne,1610612743,DEN,Denver Nuggets,0021501160,2016-04-05,DEN vs. OKC,L,28,5,11,0.455,0,0,,2,2,1.0,2,8,10,3,0,0,1,1,12,0,27.5,1,2015-16
22015,203960,JaKarr Sampson,1610612743,DEN,Denver Nuggets,0021501160,2016-04-05,DEN vs. OKC,L,24,4,8,0.5,0,2,0.0,0,0,,3,2,5,0,1,0,0,4,8,-23,17.0,1,2015-16
22015,2571,Leandro Barbosa,1610612744,GSW,Golden State Warriors,0021501163,2016-04-05,GSW vs. MIN,L,13,1,5,0.2,0,1,0.0,0,0,,1,1,2,0,1,0,1,1,2,-6,6.4,1,2015-16
22015,2738,Andre Iguodala,1610612744,GSW,Golden State Warriors,0021501163,2016-04-05,GSW vs. MIN,L,19,2,4,0.5,0,1,0.0,0,0,,0,1,1,2,0,0,3,2,4,-12,5.2,1,2015-16
22015,2037,Jamal Crawford,1610612746,LAC,LA Clippers,0021501164,2016-04-05,LAC vs. LAL,W,18,2,6,0.333,0,2,0.0,0,0,,0,0,0,1,1,0,3,2,4,-5,5.5,1,2015-16
22015,201965,Jeff Ayres,1610612746,LAC,LA Clippers,0021501164,2016-04-05,LAC vs. LAL,W,7,1,1,1.0,0,0,,0,0,,1,3,4,1,0,0,0,0,2,1,8.3,1,2015-16
22015,202332,Cole Aldrich,1610612746,LAC,LA Clippers,0021501164,2016-04-05,LAC vs. LAL,W,19,3,4,0.75,0,0,,0,0,,3,5,8,1,0,1,1,4,6,-7,19.1,1,2015-16
22015,1897,Metta World Peace,1610612747,LAL,Los Angeles Lakers,0021501164,2016-04-05,LAL @ LAC,L,19,5,10,0.5,2,3,0.667,5,6,0.833,0,5,5,1,2,1,1,1,17,7,32.5,1,2015-16
22015,204028,Tarik Black,1610612747,LAL,Los Angeles Lakers,0021501164,2016-04-05,LAL @ LAC,L,24,2,4,0.5,0,0,,2,2,1.0,3,3,6,0,2,0,0,2,6,9,19.2,1,2015-16
22015,203498,Shabazz Muhammad,1610612750,MIN,Minnesota Timberwolves,0021501163,2016-04-05,MIN @ GSW,W,39,9,12,0.75,2,4,0.5,15,17,0.882,2,4,6,0,0,0,1,0,35,29,41.2,1,2015-16
22015,203897,Zach LaVine,1610612750,MIN,Minnesota Timberwolves,0021501163,2016-04-05,MIN @ GSW,W,40,6,14,0.429,4,7,0.571,0,0,,0,4,4,5,4,0,1,1,16,-7,39.3,1,2015-16
22015,202397,Ish Smith,1610612755,PHI,Philadelphia 76ers,0021501154,2016-04-05,PHI vs. NOP,W,30,3,8,0.375,0,3,0.0,2,2,1.0,1,1,2,6,0,2,3,3,8,-3,22.4,1,2015-16
22015,203924,Jerami Grant,1610612755,PHI,Philadelphia 76ers,0021501154,2016-04-05,PHI vs. NOP,W,24,4,9,0.444,0,1,0.0,2,2,1.0,1,2,3,1,2,0,0,1,10,-4,21.1,1,2015-16
22015,204456,T.J. McConnell,1610612755,PHI,Philadelphia 76ers,0021501154,2016-04-05,PHI vs. NOP,W,18,3,7,0.429,1,2,0.5,0,0,,2,0,2,8,1,0,1,1,7,17,23.4,1,2015-16
22015,101179,Ronnie Price,1610612756,PHX,Phoenix Suns,0021501157,2016-04-05,PHX @ ATL,L,31,4,9,0.444,4,7,0.571,2,2,1.0,2,1,3,4,4,0,7,2,14,-20,28.6,1,2015-16
22015,200782,P.J. Tucker,1610612756,PHX,Phoenix Suns,0021501157,2016-04-05,PHX @ ATL,L,32,0,8,0.0,0,3,0.0,0,0,,3,5,8,2,1,0,4,2,0,-12,11.6,1,2015-16
22015,203141,Mirza Teletovic,1610612756,PHX,Phoenix Suns,0021501157,2016-04-05,PHX @ ATL,L,28,4,13,0.308,3,8,0.375,1,2,0.5,1,6,7,3,2,0,1,0,12,1,29.9,1,2015-16
22015,1626210,Alan Williams,1610612756,PHX,Phoenix Suns,0021501157,2016-04-05,PHX @ ATL,L,7,0,1,0.0,0,0,,1,2,0.5,1,2,3,1,0,0,0,1,1,11,6.1,1,2015-16
22015,1938,Manu Ginobili,1610612759,SAS,San Antonio Spurs,0021501161,2016-04-05,SAS @ UTA,W,19,5,9,0.556,2,4,0.5,2,2,1.0,0,2,2,2,0,0,1,1,14,15,18.4,1,2015-16
22015,2588,Matt Bonner,1610612759,SAS,San Antonio Spurs,0021501161,2016-04-05,SAS @ UTA,W,6,0,1,0.0,0,1,0.0,0,0,,0,0,0,0,0,0,0,0,0,-10,0.0,1,2015-16
22015,201988,Patty Mills,1610612759,SAS,San Antonio Spurs,0021501161,2016-04-05,SAS @ UTA,W,21,2,5,0.4,2,3,0.667,0,0,,0,1,1,2,1,0,1,3,6,12,12.2,1,2015-16
22015,203937,Kyle Anderson,1610612759,SAS,San Antonio Spurs,0021501161,2016-04-05,SAS @ UTA,W,23,4,5,0.8,1,1,1.0,2,2,1.0,0,3,3,4,1,0,0,2,11,21,23.6,1,2015-16
22015,2555,Nick Collison,1610612760,OKC,Oklahoma City Thunder,0021501160,2016-04-05,OKC @ DEN,W,7,0,1,0.0,0,0,,0,0,,1,5,6,1,0,1,1,0,0,-2,10.7,1,2015-16
22015,201586,Serge Ibaka,1610612760,OKC,Oklahoma City Thunder,0021501160,2016-04-05,OKC @ DEN,W,29,7,11,0.636,2,5,0.4,2,4,0.5,2,3,5,1,0,0,2,2,18,11,23.5,1,2015-16
22015,203079,Dion Waiters,1610612760,OKC,Oklahoma City Thunder,0021501160,2016-04-05,OKC @ DEN,W,24,6,9,0.667,3,4,0.75,3,5,0.6,1,0,1,5,4,0,0,1,18,9,38.7,1,2015-16
22015,201574,Jason Thompson,1610612761,TOR,Toronto Raptors,0021501156,2016-04-05,TOR vs. CHA,W,5,0,1,0.0,0,0,,0,0,,0,1,1,1,0,1,0,0,0,8,5.7,1,2015-16
22015,202687,Bismack Biyombo,1610612761,TOR,Toronto Raptors,0021501156,2016-04-05,TOR vs. CHA,W,20,1,5,0.2,0,0,,1,6,0.167,2,5,7,0,0,3,0,2,3,-9,20.4,1,2015-16
22015,203497,Rudy Gobert,1610612762,UTA,Utah Jazz,0021501161,2016-04-05,UTA vs. SAS,L,33,0,2,0.0,0,0,,4,6,0.667,3,7,10,2,1,2,4,3,4,-4,24.0,1,2015-16
22015,203955,Bryce Cotton,1610612763,MEM,Memphis Grizzlies,0021501158,2016-04-05,MEM vs. CHI,W,0,0,0,,0,0,,0,0,,0,0,0,0,0,0,0,0,0,-2,0.0,1,2015-16
22015,202699,Tobias Harris,1610612765,DET,Detroit Pistons,0021501155,2016-04-05,DET @ MIA,L,29,8,10,0.8,0,1,0.0,5,5,1.0,1,6,7,2,1,0,1,2,21,-11,34.4,1,2015-16
22015,203915,Spencer Dinwiddie,1610612765,DET,Detroit Pistons,0021501155,2016-04-05,DET @ MIA,L,4,0,2,0.0,0,0,,0,0,,1,0,1,1,1,0,2,1,0,-1,3.7,1,2015-16
22015,2210,Richard Jefferson,1610612739,CLE,Cleveland Cavaliers,0021501159,2016-04-05,CLE @ MIL,W,20,0,3,0.0,0,3,0.0,0,0,,0,1,1,2,0,1,0,1,0,7,7.2,1,2015-16
22015,101112,Channing Frye,1610612739,CLE,Cleveland Cavaliers,0021501159,2016-04-05,CLE @ MIL,W,23,5,12,0.417,2,6,0.333,0,0,,0,6,6,1,1,1,1,2,12,12,25.7,1,2015-16
22015,201567,Kevin Love,1610612739,CLE,Cleveland Cavaliers,0021501159,2016-04-05,CLE @ MIL,W,25,6,11,0.545,3,6,0.5,2,2,1.0,0,9,9,3,0,0,2,1,17,17,30.3,1,2015-16
22015,202697,Iman Shumpert,1610612739,CLE,Cleveland Cavaliers,0021501159,2016-04-05,CLE @ MIL,W,16,1,1,1.0,0,0,,0,0,,0,3,3,1,0,0,3,1,2,10,4.1,1,2015-16
22015,201967,Dante Cunningham,1610612740,NOP,New Orleans Pelicans,0021501154,2016-04-05,NOP @ PHI,L,32,7,9,0.778,3,5,0.6,2,4,0.5,0,2,2,1,0,0,1,1,19,-8,21.9,1,2015-16
22015,1626144,Emmanuel Mudiay,1610612743,DEN,Denver Nuggets,0021501160,2016-04-05,DEN vs. OKC,L,27,6,14,0.429,1,6,0.167,2,4,0.5,0,2,2,4,1,0,5,2,15,-28,21.4,1,2015-16
22015,201145,Jeff Green,1610612746,LAC,LA Clippers,0021501164,2016-04-05,LAC vs. LAL,W,31,7,12,0.583,1,3,0.333,6,9,0.667,0,3,3,2,1,1,1,4,21,-5,32.6,1,2015-16
22015,2736,Luol Deng,1610612748,MIA,Miami Heat,0021501155,2016-04-05,MIA vs. DET,W,34,6,13,0.462,0,2,0.0,0,0,,1,7,8,5,1,0,0,2,12,19,32.1,1,2015-16
22015,202355,Hassan Whiteside,1610612748,MIA,Miami Heat,0021501155,2016-04-05,MIA vs. DET,W,29,7,13,0.538,0,0,,0,0,,4,8,12,0,1,4,0,3,14,13,43.4,1,2015-16
22015,203898,Tyler Ennis,1610612749,MIL,Milwaukee Bucks,0021501159,2016-04-05,MIL vs. CLE,L,28,2,4,0.5,0,0,,0,0,,0,4,4,2,2,0,2,3,4,-15,15.8,1,2015-16
22015,203953,Jabari Parker,1610612749,MIL,Milwaukee Bucks,0021501159,2016-04-05,MIL vs. CLE,L,41,7,19,0.368,0,2,0.0,5,10,0.5,1,1,2,4,0,0,2,1,19,-23,25.4,1,2015-16
22015,203952,Andrew Wiggins,1610612750,MIN,Minnesota Timberwolves,0021501163,2016-04-05,MIN @ GSW,W,42,11,19,0.579,2,3,0.667,8,9,0.889,1,4,5,4,6,0,5,0,32,4,57.0,1,2015-16
22015,1626145,Tyus Jones,1610612750,MIN,Minnesota Timberwolves,0021501163,2016-04-05,MIN @ GSW,W,19,3,4,0.75,0,0,,1,2,0.5,0,0,0,5,1,0,0,1,7,19,17.5,1,2015-16
22015,203138,Hollis Thompson,1610612755,PHI,Philadelphia 76ers,0021501154,2016-04-05,PHI vs. NOP,W,22,4,7,0.571,3,4,0.75,2,2,1.0,0,2,2,4,0,1,0,1,13,23,24.4,1,2015-16
22015,203496,Robert Covington,1610612755,PHI,Philadelphia 76ers,0021501154,2016-04-05,PHI vs. NOP,W,36,3,16,0.188,1,10,0.1,5,5,1.0,2,7,9,3,4,1,1,3,12,4,41.3,1,2015-16
22015,2199,Tyson Chandler,1610612756,PHX,Phoenix Suns,0021501157,2016-04-05,PHX @ ATL,L,36,3,5,0.6,0,0,,4,6,0.667,3,10,13,1,1,1,2,4,10,-18,31.1,1,2015-16
22015,203098,John Jenkins,1610612756,PHX,Phoenix Suns,0021501157,2016-04-05,PHX @ ATL,L,11,1,5,0.2,0,2,0.0,0,0,,0,2,2,1,1,0,0,1,2,-6,8.9,1,2015-16
22015,203486,Mason Plumlee,1610612757,POR,Portland Trail Blazers,0021501162,2016-04-05,POR @ SAC,W,27,4,9,0.444,0,0,,4,4,1.0,6,3,9,3,0,3,0,6,12,-3,36.3,1,2015-16
22015,202341,James Anderson,1610612758,SAC,Sacramento Kings,0021501162,2016-04-05,SAC vs. POR,L,36,3,9,0.333,1,5,0.2,0,0,,0,1,1,2,0,1,3,2,7,-5,11.2,1,2015-16
22015,203463,Ben McLemore,1610612758,SAC,Sacramento Kings,0021501162,2016-04-05,SAC vs. POR,L,27,3,6,0.5,1,2,0.5,0,0,,0,2,2,1,1,0,5,1,7,-1,8.9,1,2015-16
22015,202695,Kawhi Leonard,1610612759,SAS,San Antonio Spurs,0021501161,2016-04-05,SAS @ UTA,W,38,5,14,0.357,0,4,0.0,8,9,0.889,1,7,8,0,1,2,2,3,18,-18,34.6,1,2015-16
22015,1626166,Cameron Payne,1610612760,OKC,Oklahoma City Thunder,0021501160,2016-04-05,OKC @ DEN,W,7,2,5,0.4,1,3,0.333,1,2,0.5,0,0,0,0,1,0,1,0,6,-2,8.0,1,2015-16
22015,202335,Patrick Patterson,1610612761,TOR,Toronto Raptors,0021501156,2016-04-05,TOR vs. CHA,W,28,4,10,0.4,1,4,0.25,1,1,1.0,1,2,3,3,2,0,1,2,10,-7,23.1,1,2015-16
22015,202685,Jonas Valančiūnas,1610612761,TOR,Toronto Raptors,0021501156,2016-04-05,TOR vs. CHA,W,28,5,8,0.625,0,0,,2,3,0.667,2,10,12,0,0,3,3,3,12,15,32.4,1,2015-16
22015,203526,Raul Neto,1610612762,UTA,Utah Jazz,0021501161,2016-04-05,UTA vs. SAS,L,13,0,2,0.0,0,0,,0,0,,0,1,1,0,0,0,2,0,0,-8,-0.8,1,2015-16
22015,204060,Joe Ingles,1610612762,UTA,Utah Jazz,0021501161,2016-04-05,UTA vs. SAS,L,26,4,4,1.0,3,3,1.0,2,3,0.667,1,1,2,1,1,0,2,3,13,-8,17.9,1,2015-16
22015,2365,Chris Andersen,1610612763,MEM,Memphis Grizzlies,0021501158,2016-04-05,MEM vs. CHI,W,22,1,1,1.0,0,0,,2,2,1.0,0,1,1,1,1,0,0,2,4,12,9.7,1,2015-16
22015,2440,Matt Barnes,1610612763,MEM,Memphis Grizzlies,0021501158,2016-04-05,MEM vs. CHI,W,41,4,10,0.4,2,7,0.286,6,6,1.0,0,7,7,2,0,0,1,2,16,8,26.4,1,2015-16
22015,2754,Tony Allen,1610612763,MEM,Memphis Grizzlies,0021501158,2016-04-05,MEM vs. CHI,W,30,3,10,0.3,0,0,,0,2,0.0,1,8,9,1,4,0,2,2,6,7,28.3,1,2015-16
22015,201229,Anthony Tolliver,1610612765,DET,Detroit Pistons,0021501155,2016-04-05,DET @ MIA,L,24,1,4,0.25,0,3,0.0,0,0,,1,0,1,1,1,0,0,0,2,-11,7.7,1,2015-16
22015,202704,Reggie Jackson,1610612765,DET,Detroit Pistons,0021501155,2016-04-05,DET @ MIA,L,29,6,18,0.333,1,5,0.2,8,8,1.0,1,1,2,3,0,1,0,0,21,-14,30.9,1,2015-16
22015,203484,Kentavious Caldwell-Pope,1610612765,DET,Detroit Pistons,0021501155,2016-04-05,DET @ MIA,L,25,1,6,0.167,0,2,0.0,0,0,,0,0,0,0,0,0,2,4,2,-13,0.0,1,2015-16
22015,1626169,Stanley Johnson,1610612765,DET,Detroit Pistons,0021501155,2016-04-05,DET @ MIA,L,19,1,9,0.111,0,2,0.0,0,0,,1,2,3,1,1,0,1,1,2,-3,9.1,1,2015-16
22015,1626163,Frank Kaminsky,1610612766,CHA,Charlotte Hornets,0021501156,2016-04-05,CHA @ TOR,L,30,3,10,0.3,2,7,0.286,1,2,0.5,1,5,6,1,0,1,0,2,9,-5,20.7,1,2015-16
22015,201952,Jeff Teague,1610612737,ATL,Atlanta Hawks,0021501157,2016-04-05,ATL vs. PHX,W,30,8,18,0.444,3,7,0.429,1,1,1.0,0,2,2,2,2,0,4,1,20,18,27.4,1,2015-16
22015,203145,Kent Bazemore,1610612737,ATL,Atlanta Hawks,0021501157,2016-04-05,ATL vs. PHX,W,34,7,13,0.538,2,5,0.4,1,4,0.25,2,7,9,5,5,0,1,4,17,14,49.3,1,2015-16
22015,2590,Mo Williams,1610612739,CLE,Cleveland Cavaliers,0021501159,2016-04-05,CLE @ MIL,W,10,0,2,0.0,0,0,,0,0,,0,1,1,1,1,0,1,1,0,0,4.7,1,2015-16
22015,2592,James Jones,1610612739,CLE,Cleveland Cavaliers,0021501159,2016-04-05,CLE @ MIL,W,9,2,4,0.5,2,4,0.5,0,0,,0,0,0,0,0,0,0,0,6,0,6.0,1,2015-16
22015,2747,JR Smith,1610612739,CLE,Cleveland Cavaliers,0021501159,2016-04-05,CLE @ MIL,W,26,7,12,0.583,7,11,0.636,0,0,,0,2,2,1,1,0,1,2,21,18,26.9,1,2015-16
22015,202684,Tristan Thompson,1610612739,CLE,Cleveland Cavaliers,0021501159,2016-04-05,CLE @ MIL,W,18,5,6,0.833,0,0,,1,1,1.0,2,5,7,1,0,2,0,1,11,18,26.9,1,2015-16
22015,203895,Jordan McRae,1610612739,CLE,Cleveland Cavaliers,0021501159,2016-04-05,CLE @ MIL,W,6,1,1,1.0,0,0,,0,0,,0,0,0,1,0,0,0,0,2,1,3.5,1,2015-16
22015,2570,Kendrick Perkins,1610612740,NOP,New Orleans Pelicans,0021501154,2016-04-05,NOP @ PHI,L,23,4,7,0.571,0,0,,0,0,,0,7,7,2,0,0,0,0,8,-23,19.4,1,2015-16
22015,201962,Toney Douglas,1610612740,NOP,New Orleans Pelicans,0021501154,2016-04-05,NOP @ PHI,L,37,3,12,0.25,1,4,0.25,0,0,,2,5,7,1,1,0,2,2,7,-16,17.9,1,2015-16
22015,203516,James Ennis III,1610612740,NOP,New Orleans Pelicans,0021501154,2016-04-05,NOP @ PHI,L,30,3,7,0.429,1,4,0.25,4,6,0.667,0,1,1,2,0,1,4,3,11,-12,14.2,1,2015-16
22015,201166,Aaron Brooks,1610612741,CHI,Chicago Bulls,0021501158,2016-04-05,CHI @ MEM,L,12,1,4,0.25,1,4,0.25,0,0,,0,0,0,4,0,0,3,0,3,-12,6.0,1,2015-16
22015,201565,Derrick Rose,1610612741,CHI,Chicago Bulls,0021501158,2016-04-05,CHI @ MEM,L,35,5,15,0.333,0,3,0.0,2,2,1.0,2,3,5,8,1,0,5,1,12,-6,28.0,1,2015-16
22015,203200,Justin Holiday,1610612741,CHI,Chicago Bulls,0021501158,2016-04-05,CHI @ MEM,L,17,3,7,0.429,2,3,0.667,1,1,1.0,0,1,1,1,0,1,2,0,9,-7,12.7,1,2015-16
22015,203926,Doug McDermott,1610612741,CHI,Chicago Bulls,0021501158,2016-04-05,CHI @ MEM,L,24,3,5,0.6,1,2,0.5,0,0,,0,1,1,1,1,0,2,4,7,-3,10.7,1,2015-16
22015,1626171,Bobby Portis,1610612741,CHI,Chicago Bulls,0021501158,2016-04-05,CHI @ MEM,L,19,5,11,0.455,0,1,0.0,2,2,1.0,6,1,7,1,0,2,0,2,12,-7,27.9,1,2015-16
22015,1626245,Cristiano Felicio,1610612741,CHI,Chicago Bulls,0021501158,2016-04-05,CHI @ MEM,L,14,0,0,,0,0,,2,4,0.5,0,5,5,0,0,1,1,3,2,2,10.0,1,2015-16
22015,201571,D.J. Augustin,1610612743,DEN,Denver Nuggets,0021501160,2016-04-05,DEN vs. OKC,L,22,4,9,0.444,2,5,0.4,5,7,0.714,0,2,2,4,2,0,3,0,15,-2,26.4,1,2015-16
22015,203914,Gary Harris,1610612743,DEN,Denver Nuggets,0021501160,2016-04-05,DEN vs. OKC,L,27,6,10,0.6,3,6,0.5,2,3,0.667,1,3,4,5,2,0,1,0,17,-15,34.3,1,2015-16
22015,203994,Jusuf Nurkić,1610612743,DEN,Denver Nuggets,0021501160,2016-04-05,DEN vs. OKC,L,17,1,5,0.2,0,0,,4,5,0.8,2,3,5,2,0,2,1,3,6,-7,20.0,1,2015-16
22015,1626253,Axel Toupane,1610612743,DEN,Denver Nuggets,0021501160,2016-04-05,DEN vs. OKC,L,24,4,8,0.5,2,3,0.667,0,2,0.0,0,2,2,2,1,0,0,2,10,-2,18.4,1,2015-16
22015,201575,Brandon Rush,1610612744,GSW,Golden State Warriors,0021501163,2016-04-05,GSW vs. MIN,L,10,0,1,0.0,0,0,,0,0,,0,3,3,0,0,0,0,0,0,-16,3.6,1,2015-16
22015,201578,Marreese Speights,1610612744,GSW,Golden State Warriors,0021501163,2016-04-05,GSW vs. MIN,L,9,3,5,0.6,0,0,,0,0,,1,0,1,0,0,0,2,0,6,-14,5.2,1,2015-16
22015,202691,Klay Thompson,1610612744,GSW,Golden State Warriors,0021501163,2016-04-05,GSW vs. MIN,L,40,12,22,0.545,4,11,0.364,0,0,,0,3,3,3,0,1,4,4,28,-1,35.1,1,2015-16
22015,203105,Festus Ezeli,1610612744,GSW,Golden State Warriors,0021501163,2016-04-05,GSW vs. MIN,L,5,0,1,0.0,0,0,,0,0,,0,1,1,0,0,0,0,1,0,-6,1.2,1,2015-16
22015,201599,DeAndre Jordan,1610612746,LAC,LA Clippers,0021501164,2016-04-05,LAC vs. LAL,W,29,3,6,0.5,0,0,,1,4,0.25,2,12,14,3,0,0,1,2,7,28,27.3,1,2015-16
22015,201601,Luc Mbah a Moute,1610612746,LAC,LA Clippers,0021501164,2016-04-05,LAC vs. LAL,W,21,2,2,1.0,0,0,,0,2,0.0,0,3,3,1,1,0,0,0,4,27,12.1,1,2015-16
22015,203135,Robert Sacre,1610612747,LAL,Los Angeles Lakers,0021501164,2016-04-05,LAL @ LAC,L,8,1,1,1.0,0,0,,3,4,0.75,1,2,3,0,0,0,0,2,5,0,8.6,1,2015-16
22015,1626156,D'Angelo Russell,1610612747,LAL,Los Angeles Lakers,0021501164,2016-04-05,LAL @ LAC,L,34,4,17,0.235,2,4,0.5,2,2,1.0,1,2,3,1,0,1,3,5,12,-28,17.1,1,2015-16
22015,2617,Udonis Haslem,1610612748,MIA,Miami Heat,0021501155,2016-04-05,MIA vs. DET,W,5,1,3,0.333,0,0,,0,0,,0,3,3,0,0,0,0,0,2,8,5.6,1,2015-16
22015,201177,Josh McRoberts,1610612748,MIA,Miami Heat,0021501155,2016-04-05,MIA vs. DET,W,2,0,0,,0,0,,0,0,,0,0,0,0,0,0,1,0,0,2,-1.0,1,2015-16
22015,203101,Miles Plumlee,1610612749,MIL,Milwaukee Bucks,0021501159,2016-04-05,MIL vs. CLE,L,20,2,6,0.333,0,0,,1,2,0.5,3,4,7,0,0,0,0,2,5,-13,13.4,1,2015-16
22015,203996,Damien Inglis,1610612749,MIL,Milwaukee Bucks,0021501159,2016-04-05,MIL vs. CLE,L,6,0,2,0.0,0,0,,0,0,,0,0,0,1,0,0,1,0,0,-1,0.5,1,2015-16
22015,1626173,Rashad Vaughn,1610612749,MIL,Milwaukee Bucks,0021501159,2016-04-05,MIL vs. CLE,L,45,4,17,0.235,2,10,0.2,0,0,,0,2,2,1,3,1,0,1,10,-27,25.9,1,2015-16
22015,203476,Gorgui Dieng,1610612750,MIN,Minnesota Timberwolves,0021501163,2016-04-05,MIN @ GSW,W,19,5,8,0.625,0,0,,0,0,,0,5,5,0,1,2,2,1,10,-15,23.0,1,2015-16
22015,203457,Nerlens Noel,1610612755,PHI,Philadelphia 76ers,0021501154,2016-04-05,PHI vs. NOP,W,18,2,5,0.4,0,0,,0,1,0.0,1,5,6,0,0,1,2,1,4,9,12.2,1,2015-16
22015,203917,Nik Stauskas,1610612755,PHI,Philadelphia 76ers,0021501154,2016-04-05,PHI vs. NOP,W,34,5,11,0.455,2,5,0.4,1,2,0.5,0,2,2,6,0,1,0,2,13,21,27.4,1,2015-16
22015,201945,Gerald Henderson,1610612757,POR,Portland Trail Blazers,0021501162,2016-04-05,POR @ SAC,W,32,5,11,0.455,0,1,0.0,3,4,0.75,1,1,2,1,2,0,0,2,13,19,22.9,1,2015-16
22015,203148,Brian Roberts,1610612757,POR,Portland Trail Blazers,0021501162,2016-04-05,POR @ SAC,W,0,0,0,,0,0,,0,0,,0,0,0,0,0,0,0,0,0,0,0.0,1,2015-16
22015,203459,Allen Crabbe,1610612757,POR,Portland Trail Blazers,0021501162,2016-04-05,POR @ SAC,W,25,2,9,0.222,1,5,0.2,3,3,1.0,1,3,4,1,2,0,1,2,8,13,19.3,1,2015-16
22015,203961,Eric Moreland,1610612758,SAC,Sacramento Kings,0021501162,2016-04-05,SAC vs. POR,L,6,0,0,,0,0,,0,0,,0,1,1,0,0,0,1,1,0,2,0.2,1,2015-16
22015,1626161,Willie Cauley-Stein,1610612758,SAC,Sacramento Kings,0021501162,2016-04-05,SAC vs. POR,L,34,3,7,0.429,0,0,,3,5,0.6,2,3,5,0,1,3,0,4,9,-9,27.0,1,2015-16
22015,2561,David West,1610612759,SAS,San Antonio Spurs,0021501161,2016-04-05,SAS @ UTA,W,20,4,5,0.8,1,1,1.0,0,0,,0,3,3,1,0,0,0,1,9,12,14.1,1,2015-16
22015,200746,LaMarcus Aldridge,1610612759,SAS,San Antonio Spurs,0021501161,2016-04-05,SAS @ UTA,W,36,7,13,0.538,0,0,,0,0,,3,4,7,0,4,0,2,1,14,6,32.4,1,2015-16
22015,201142,Kevin Durant,1610612760,OKC,Oklahoma City Thunder,0021501160,2016-04-05,OKC @ DEN,W,29,8,14,0.571,3,6,0.5,7,7,1.0,0,5,5,8,3,1,1,1,26,21,55.0,1,2015-16
22015,203460,Andre Roberson,1610612760,OKC,Oklahoma City Thunder,0021501160,2016-04-05,OKC @ DEN,W,13,2,3,0.667,0,0,,0,0,,1,5,6,1,0,0,1,0,4,7,11.7,1,2015-16
22015,203500,Steven Adams,1610612760,OKC,Oklahoma City Thunder,0021501160,2016-04-05,OKC @ DEN,W,22,2,5,0.4,0,0,,1,1,1.0,1,2,3,1,0,0,1,4,5,20,9.1,1,2015-16
22015,2449,Luis Scola,1610612761,TOR,Toronto Raptors,0021501156,2016-04-05,TOR vs. CHA,W,15,2,5,0.4,0,2,0.0,1,1,1.0,0,1,1,0,0,0,0,1,5,8,6.2,1,2015-16
22015,203082,Terrence Ross,1610612761,TOR,Toronto Raptors,0021501156,2016-04-05,TOR vs. CHA,W,21,1,2,0.5,0,1,0.0,2,3,0.667,0,4,4,0,0,0,1,0,4,-3,7.8,1,2015-16
22015,202344,Trevor Booker,1610612762,UTA,Utah Jazz,0021501161,2016-04-05,UTA vs. SAS,L,16,3,4,0.75,0,0,,1,1,1.0,0,5,5,2,0,1,0,3,7,7,19.0,1,2015-16
22015,202714,Shelvin Mack,1610612762,UTA,Utah Jazz,0021501161,2016-04-05,UTA vs. SAS,L,30,6,10,0.6,1,1,1.0,0,0,,0,4,4,2,1,0,2,2,13,6,21.8,1,2015-16
22015,1713,Vince Carter,1610612763,MEM,Memphis Grizzlies,0021501158,2016-04-05,MEM vs. CHI,W,25,7,15,0.467,2,4,0.5,1,1,1.0,2,3,5,4,2,1,1,1,17,23,37.0,1,2015-16
22015,203210,JaMychal Green,1610612763,MEM,Memphis Grizzlies,0021501158,2016-04-05,MEM vs. CHI,W,24,2,10,0.2,0,1,0.0,4,4,1.0,3,2,5,1,3,0,1,3,8,7,23.5,1,2015-16
22015,204098,Xavier Munford,1610612763,MEM,Memphis Grizzlies,0021501158,2016-04-05,MEM vs. CHI,W,18,3,7,0.429,2,2,1.0,0,0,,0,3,3,0,0,0,2,1,8,4,9.6,1,2015-16
22015,2581,Steve Blake,1610612765,DET,Detroit Pistons,0021501155,2016-04-05,DET @ MIA,L,15,2,2,1.0,2,2,1.0,2,2,1.0,0,2,2,3,0,0,0,2,8,-3,14.9,1,2015-16
22015,201202,Joel Anthony,1610612765,DET,Detroit Pistons,0021501155,2016-04-05,DET @ MIA,L,4,0,0,,0,0,,0,0,,0,1,1,0,0,0,0,0,0,-1,1.2,1,2015-16
22015,202694,Marcus Morris Sr.,1610612765,DET,Detroit Pistons,0021501155,2016-04-05,DET @ MIA,L,28,0,7,0.0,0,3,0.0,1,2,0.5,1,3,4,2,2,0,6,2,1,-13,8.8,1,2015-16
22015,203493,Reggie Bullock Jr.,1610612765,DET,Detroit Pistons,0021501155,2016-04-05,DET @ MIA,L,4,1,1,1.0,0,0,,0,0,,0,0,0,0,0,0,0,0,2,-1,2.0,1,2015-16
22015,2744,Al Jefferson,1610612766,CHA,Charlotte Hornets,0021501156,2016-04-05,CHA @ TOR,L,20,2,9,0.222,0,0,,1,2,0.5,5,6,11,4,0,0,0,3,5,-2,24.2,1,2015-16
22015,201150,Spencer Hawes,1610612766,CHA,Charlotte Hornets,0021501156,2016-04-05,CHA @ TOR,L,8,1,3,0.333,0,1,0.0,0,0,,0,2,2,1,0,1,1,1,2,-7,7.9,1,2015-16
22015,201584,Courtney Lee,1610612766,CHA,Charlotte Hornets,0021501156,2016-04-05,CHA @ TOR,L,36,5,11,0.455,0,3,0.0,1,2,0.5,0,2,2,2,1,1,1,5,11,-13,21.4,1,2015-16
22015,202689,Kemba Walker,1610612766,CHA,Charlotte Hornets,0021501156,2016-04-05,CHA @ TOR,L,36,4,16,0.25,1,8,0.125,2,3,0.667,0,2,2,4,1,1,1,3,11,-16,24.4,1,2015-16
22015,203469,Cody Zeller,1610612766,CHA,Charlotte Hornets,0021501156,2016-04-05,CHA @ TOR,L,19,4,6,0.667,0,0,,1,2,0.5,1,5,6,0,0,2,0,2,9,3,22.2,1,2015-16
22015,203471,Dennis Schröder,1610612737,ATL,Atlanta Hawks,0021501157,2016-04-05,ATL vs. PHX,W,18,2,13,0.154,0,3,0.0,0,0,,1,2,3,3,2,0,3,1,4,-5,15.1,1,2015-16
22015,201933,Blake Griffin,1610612746,LAC,LA Clippers,0021501164,2016-04-05,LAC vs. LAL,W,17,1,5,0.2,0,1,0.0,2,2,1.0,0,3,3,3,1,0,4,0,4,28,11.1,1,2015-16
22015,1626196,Josh Richardson,1610612748,MIA,Miami Heat,0021501155,2016-04-05,MIA vs. DET,W,35,6,9,0.667,4,5,0.8,0,0,,0,2,2,0,0,0,0,1,16,19,18.4,1,2015-16
22015,203089,John Henson,1610612749,MIL,Milwaukee Bucks,0021501159,2016-04-05,MIL vs. CLE,L,7,0,1,0.0,0,0,,0,0,,0,0,0,1,0,0,0,1,0,-11,1.5,1,2015-16
22015,203507,Giannis Antetokounmpo,1610612749,MIL,Milwaukee Bucks,0021501159,2016-04-05,MIL vs. CLE,L,39,10,18,0.556,2,4,0.5,0,0,,3,11,14,8,1,0,3,3,22,-25,50.8,1,2015-16
22015,2419,Tayshaun Prince,1610612750,MIN,Minnesota Timberwolves,0021501163,2016-04-05,MIN @ GSW,W,7,0,2,0.0,0,1,0.0,0,0,,0,1,1,0,0,0,0,1,0,0,1.2,1,2015-16
22015,202357,Nemanja Bjelica,1610612750,MIN,Minnesota Timberwolves,0021501163,2016-04-05,MIN @ GSW,W,21,1,3,0.333,0,0,,0,0,,1,2,3,3,1,2,2,1,2,15,17.1,1,2015-16
22015,203081,Damian Lillard,1610612757,POR,Portland Trail Blazers,0021501162,2016-04-05,POR @ SAC,W,35,6,19,0.316,3,9,0.333,7,8,0.875,0,2,2,8,1,1,4,1,22,-3,38.4,1,2015-16
22015,203943,Noah Vonleh,1610612757,POR,Portland Trail Blazers,0021501162,2016-04-05,POR @ SAC,W,8,1,1,1.0,0,0,,0,0,,1,1,2,0,1,1,2,0,2,3,8.4,1,2015-16
22015,1495,Tim Duncan,1610612759,SAS,San Antonio Spurs,0021501161,2016-04-05,SAS @ UTA,W,24,0,3,0.0,0,0,,3,4,0.75,0,2,2,2,0,2,1,2,3,-10,13.4,1,2015-16
22015,202683,Enes Freedom,1610612760,OKC,Oklahoma City Thunder,0021501160,2016-04-05,OKC @ DEN,W,21,9,14,0.643,0,0,,0,0,,3,8,11,1,0,1,1,5,18,7,34.7,1,2015-16
22015,202713,Kyle Singler,1610612760,OKC,Oklahoma City Thunder,0021501160,2016-04-05,OKC @ DEN,W,14,0,3,0.0,0,1,0.0,0,0,,0,2,2,0,0,0,1,2,0,-1,1.4,1,2015-16
22015,203187,Chris Johnson,1610612762,UTA,Utah Jazz,0021501161,2016-04-05,UTA vs. SAS,L,2,0,2,0.0,0,2,0.0,0,0,,0,0,0,0,0,0,0,0,0,-6,0.0,1,2015-16
22015,101161,Amir Johnson,1610612738,BOS,Boston Celtics,0021501168,2016-04-06,BOS vs. NOP,W,25,2,4,0.5,0,0,,2,2,1.0,2,5,7,2,0,2,3,4,6,8,20.4,1,2015-16
22015,1626179,Terry Rozier,1610612738,BOS,Boston Celtics,0021501168,2016-04-06,BOS vs. NOP,W,17,1,6,0.167,0,2,0.0,0,0,,1,1,2,0,1,0,0,2,2,-12,7.4,1,2015-16
22015,2210,Richard Jefferson,1610612739,CLE,Cleveland Cavaliers,0021501165,2016-04-06,CLE @ IND,L,31,3,7,0.429,1,5,0.2,3,4,0.75,0,4,4,1,2,0,0,1,10,-6,22.3,1,2015-16
22015,101112,Channing Frye,1610612739,CLE,Cleveland Cavaliers,0021501165,2016-04-06,CLE @ IND,L,21,2,5,0.4,2,5,0.4,4,4,1.0,1,2,3,0,1,0,0,3,10,-14,16.6,1,2015-16
22015,201962,Toney Douglas,1610612740,NOP,New Orleans Pelicans,0021501168,2016-04-06,NOP @ BOS,L,30,7,13,0.538,2,6,0.333,3,3,1.0,0,7,7,3,1,0,3,4,19,-5,31.9,1,2015-16
22015,1717,Dirk Nowitzki,1610612742,DAL,Dallas Mavericks,0021501170,2016-04-06,DAL vs. HOU,W,33,2,8,0.25,0,2,0.0,3,3,1.0,2,4,6,1,1,0,0,3,7,-2,18.7,1,2015-16
22015,2734,Devin Harris,1610612742,DAL,Dallas Mavericks,0021501170,2016-04-06,DAL vs. HOU,W,31,3,12,0.25,2,9,0.222,2,2,1.0,0,4,4,1,0,0,2,2,10,1,14.3,1,2015-16
22015,202083,Wesley Matthews,1610612742,DAL,Dallas Mavericks,0021501170,2016-04-06,DAL vs. HOU,W,41,6,18,0.333,4,12,0.333,0,0,,0,6,6,0,3,0,2,2,16,6,30.2,1,2015-16
22015,2772,Trevor Ariza,1610612745,HOU,Houston Rockets,0021501170,2016-04-06,HOU @ DAL,L,42,4,10,0.4,1,3,0.333,0,0,,0,3,3,5,2,0,1,1,9,-4,25.1,1,2015-16
22015,201976,Patrick Beverley,1610612745,HOU,Houston Rockets,0021501170,2016-04-06,HOU @ DAL,L,29,4,8,0.5,1,2,0.5,0,0,,1,4,5,3,0,0,0,5,9,0,19.5,1,2015-16
22015,203991,Clint Capela,1610612745,HOU,Houston Rockets,0021501170,2016-04-06,HOU @ DAL,L,12,1,2,0.5,0,0,,0,0,,1,3,4,1,1,1,0,1,2,-1,14.3,1,2015-16
22015,202332,Cole Aldrich,1610612746,LAC,LA Clippers,0021501172,2016-04-06,LAC @ LAL,W,18,2,3,0.667,0,0,,3,4,0.75,3,7,10,2,2,2,2,1,7,4,32.0,1,2015-16
22015,203143,Pablo Prigioni,1610612746,LAC,LA Clippers,0021501172,2016-04-06,LAC @ LAL,W,24,2,7,0.286,0,4,0.0,0,0,,2,2,4,4,1,0,3,3,4,-5,14.8,1,2015-16
22015,203135,Robert Sacre,1610612747,LAL,Los Angeles Lakers,0021501172,2016-04-06,LAL vs. LAC,L,15,2,6,0.333,0,0,,0,0,,3,2,5,0,0,0,1,0,4,-1,9.0,1,2015-16
22015,203080,Thomas Robinson,1610612751,BKN,Brooklyn Nets,0021501167,2016-04-06,BKN @ WAS,L,31,10,16,0.625,0,0,,3,5,0.6,6,4,10,4,0,0,1,4,23,-8,40.0,1,2015-16
22015,1626178,Rondae Hollis-Jefferson,1610612751,BKN,Brooklyn Nets,0021501167,2016-04-06,BKN @ WAS,L,24,2,7,0.286,1,2,0.5,2,2,1.0,1,2,3,3,1,0,0,3,7,-5,18.1,1,2015-16
22015,200811,Lou Amundson,1610612752,NYK,New York Knicks,0021501169,2016-04-06,NYK vs. CHA,L,4,0,2,0.0,0,0,,0,0,,0,1,1,0,0,0,4,1,0,-4,-2.8,1,2015-16
22015,202338,Kevin Seraphin,1610612752,NYK,New York Knicks,0021501169,2016-04-06,NYK vs. CHA,L,3,0,1,0.0,0,0,,0,0,,0,1,1,0,0,0,0,0,0,-2,1.2,1,2015-16
22015,201943,Brandon Jennings,1610612753,ORL,Orlando Magic,0021501166,2016-04-06,ORL vs. DET,L,16,2,5,0.4,1,3,0.333,0,0,,0,0,0,3,0,0,1,2,5,-1,8.5,1,2015-16
22015,203473,Dewayne Dedmon,1610612753,ORL,Orlando Magic,0021501166,2016-04-06,ORL vs. DET,L,5,0,0,,0,0,,0,0,,2,0,2,0,0,1,0,0,0,-9,5.4,1,2015-16
22015,1626202,Joe Young,1610612754,IND,Indiana Pacers,0021501165,2016-04-06,IND vs. CLE,W,3,0,2,0.0,0,2,0.0,0,0,,0,0,0,0,0,0,0,1,0,-3,0.0,1,2015-16
22015,203486,Mason Plumlee,1610612757,POR,Portland Trail Blazers,0021501171,2016-04-06,POR vs. OKC,W,30,3,4,0.75,0,0,,4,6,0.667,1,5,6,7,2,1,1,4,10,5,35.7,1,2015-16
22015,203943,Noah Vonleh,1610612757,POR,Portland Trail Blazers,0021501171,2016-04-06,POR vs. OKC,W,4,0,0,,0,0,,0,0,,0,2,2,0,0,0,0,0,0,-12,2.4,1,2015-16
22015,201196,Ramon Sessions,1610612764,WAS,Washington Wizards,0021501167,2016-04-06,WAS vs. BKN,W,29,7,13,0.538,2,3,0.667,2,2,1.0,1,2,3,13,0,0,1,0,18,11,40.1,1,2015-16
22015,201581,JJ Hickson,1610612764,WAS,Washington Wizards,0021501167,2016-04-06,WAS vs. BKN,W,6,0,1,0.0,0,0,,0,0,,1,2,3,0,0,0,0,1,0,-7,3.6,1,2015-16
22015,2581,Steve Blake,1610612765,DET,Detroit Pistons,0021501166,2016-04-06,DET @ ORL,W,16,1,3,0.333,1,3,0.333,0,0,,0,2,2,6,0,0,1,1,3,2,13.4,1,2015-16
22015,202694,Marcus Morris Sr.,1610612765,DET,Detroit Pistons,0021501166,2016-04-06,DET @ ORL,W,33,3,11,0.273,1,4,0.25,2,4,0.5,2,1,3,4,3,0,3,2,9,-2,24.6,1,2015-16
22015,202699,Tobias Harris,1610612765,DET,Detroit Pistons,0021501166,2016-04-06,DET @ ORL,W,30,5,11,0.455,2,3,0.667,1,2,0.5,1,6,7,2,1,0,1,4,13,10,26.4,1,2015-16
22015,2744,Al Jefferson,1610612766,CHA,Charlotte Hornets,0021501169,2016-04-06,CHA @ NYK,W,29,11,21,0.524,0,0,,2,2,1.0,0,8,8,1,2,0,1,2,24,6,40.1,1,2015-16
22015,203469,Cody Zeller,1610612766,CHA,Charlotte Hornets,0021501169,2016-04-06,CHA @ NYK,W,19,3,5,0.6,0,0,,0,0,,5,0,5,1,1,0,1,3,6,8,15.5,1,2015-16
22015,203096,Jared Sullinger,1610612738,BOS,Boston Celtics,0021501168,2016-04-06,BOS vs. NOP,W,21,3,8,0.375,0,2,0.0,2,2,1.0,0,6,6,2,1,0,0,0,8,11,21.2,1,2015-16
22015,201600,Omer Asik,1610612740,NOP,New Orleans Pelicans,0021501168,2016-04-06,NOP @ BOS,L,14,0,2,0.0,0,0,,2,2,1.0,2,2,4,0,0,0,3,3,2,-18,3.8,1,2015-16
22015,202706,Jordan Hamilton,1610612740,NOP,New Orleans Pelicans,0021501168,2016-04-06,NOP @ BOS,L,28,5,11,0.455,2,6,0.333,2,2,1.0,1,5,6,1,0,0,1,2,14,6,21.7,1,2015-16
22015,101109,Raymond Felton,1610612742,DAL,Dallas Mavericks,0021501170,2016-04-06,DAL vs. HOU,W,18,1,7,0.143,0,2,0.0,1,2,0.5,0,1,1,3,1,0,2,3,3,-4,9.7,1,2015-16
22015,201563,Michael Beasley,1610612745,HOU,Houston Rockets,0021501170,2016-04-06,HOU @ DAL,L,21,6,10,0.6,0,0,,3,3,1.0,2,1,3,1,1,0,1,3,15,0,22.1,1,2015-16
22015,200755,JJ Redick,1610612746,LAC,LA Clippers,0021501172,2016-04-06,LAC @ LAL,W,23,6,14,0.429,3,7,0.429,0,0,,0,3,3,2,0,0,1,1,15,9,20.6,1,2015-16
22015,977,Kobe Bryant,1610612747,LAL,Los Angeles Lakers,0021501172,2016-04-06,LAL vs. LAC,L,28,6,19,0.316,1,6,0.167,4,4,1.0,0,3,3,1,1,0,1,1,17,-15,24.1,1,2015-16
22015,1626204,Larry Nance Jr.,1610612747,LAL,Los Angeles Lakers,0021501172,2016-04-06,LAL vs. LAC,L,20,1,4,0.25,0,0,,0,0,,0,7,7,0,2,0,2,2,2,3,14.4,1,2015-16
22015,201961,Wayne Ellington,1610612751,BKN,Brooklyn Nets,0021501167,2016-04-06,BKN @ WAS,L,24,5,10,0.5,4,7,0.571,0,0,,1,3,4,2,0,0,1,2,14,-5,20.8,1,2015-16
22015,202711,Bojan Bogdanovic,1610612751,BKN,Brooklyn Nets,0021501167,2016-04-06,BKN @ WAS,L,21,2,12,0.167,0,2,0.0,0,0,,0,2,2,0,0,0,1,1,4,-15,5.4,1,2015-16
22015,1626191,Chris McCullough,1610612751,BKN,Brooklyn Nets,0021501167,2016-04-06,BKN @ WAS,L,25,3,6,0.5,1,2,0.5,3,4,0.75,0,3,3,1,5,1,0,2,10,-7,33.1,1,2015-16
22015,2546,Carmelo Anthony,1610612752,NYK,New York Knicks,0021501169,2016-04-06,NYK vs. CHA,L,38,5,14,0.357,0,5,0.0,5,6,0.833,1,5,6,7,1,2,2,4,15,-3,39.7,1,2015-16
22015,2756,Sasha Vujacic,1610612752,NYK,New York Knicks,0021501169,2016-04-06,NYK vs. CHA,L,25,6,9,0.667,4,5,0.8,0,0,,1,3,4,2,0,0,2,2,16,-4,21.8,1,2015-16
22015,201167,Arron Afflalo,1610612752,NYK,New York Knicks,0021501169,2016-04-06,NYK vs. CHA,L,30,4,10,0.4,2,5,0.4,1,1,1.0,0,0,0,5,0,0,1,1,11,-8,17.5,1,2015-16
22015,202682,Derrick Williams,1610612752,NYK,New York Knicks,0021501169,2016-04-06,NYK vs. CHA,L,32,7,15,0.467,1,4,0.25,2,2,1.0,3,7,10,1,0,0,2,1,17,-7,28.5,1,2015-16
22015,203921,Cleanthony Early,1610612752,NYK,New York Knicks,0021501169,2016-04-06,NYK vs. CHA,L,11,2,3,0.667,0,1,0.0,0,0,,1,3,4,0,0,0,1,0,4,-14,7.8,1,2015-16
22015,203963,Shayne Whittington,1610612754,IND,Indiana Pacers,0021501165,2016-04-06,IND vs. CLE,W,3,0,0,,0,0,,0,0,,0,1,1,1,0,0,0,1,0,-3,2.7,1,2015-16
22015,203148,Brian Roberts,1610612757,POR,Portland Trail Blazers,0021501171,2016-04-06,POR vs. OKC,W,11,1,1,1.0,1,1,1.0,0,0,,0,1,1,0,0,0,3,2,3,-12,1.2,1,2015-16
22015,202713,Kyle Singler,1610612760,OKC,Oklahoma City Thunder,0021501171,2016-04-06,OKC @ POR,L,14,0,1,0.0,0,0,,1,2,0.5,1,0,1,0,1,0,1,4,1,-6,4.2,1,2015-16
22015,203079,Dion Waiters,1610612760,OKC,Oklahoma City Thunder,0021501171,2016-04-06,OKC @ POR,L,39,10,19,0.526,1,5,0.2,4,6,0.667,1,3,4,1,3,0,7,2,25,-2,33.3,1,2015-16
22015,2400,Drew Gooden,1610612764,WAS,Washington Wizards,0021501167,2016-04-06,WAS vs. BKN,W,5,2,5,0.4,0,2,0.0,0,0,,0,0,0,0,0,1,0,3,4,-9,7.0,1,2015-16
22015,101162,Marcin Gortat,1610612764,WAS,Washington Wizards,0021501167,2016-04-06,WAS vs. BKN,W,25,6,10,0.6,0,0,,4,4,1.0,4,8,12,1,0,4,0,2,16,9,43.9,1,2015-16
22015,202704,Reggie Jackson,1610612765,DET,Detroit Pistons,0021501166,2016-04-06,DET @ ORL,W,32,7,18,0.389,1,4,0.25,9,11,0.818,1,3,4,4,0,1,3,1,24,2,34.8,1,2015-16
22015,203382,Aron Baynes,1610612765,DET,Detroit Pistons,0021501166,2016-04-06,DET @ ORL,W,15,4,5,0.8,0,0,,1,2,0.5,0,4,4,0,0,0,0,2,9,4,13.8,1,2015-16
22015,203484,Kentavious Caldwell-Pope,1610612765,DET,Detroit Pistons,0021501166,2016-04-06,DET @ ORL,W,36,7,10,0.7,2,3,0.667,2,3,0.667,1,2,3,1,3,0,1,2,18,3,31.1,1,2015-16
22015,202689,Kemba Walker,1610612766,CHA,Charlotte Hornets,0021501169,2016-04-06,CHA @ NYK,W,35,11,18,0.611,7,10,0.7,5,5,1.0,0,5,5,2,2,0,3,2,34,4,46.0,1,2015-16
22015,201973,Jonas Jerebko,1610612738,BOS,Boston Celtics,0021501168,2016-04-06,BOS vs. NOP,W,17,2,4,0.5,2,2,1.0,0,0,,0,5,5,0,0,1,1,2,6,-1,14.0,1,2015-16
22015,203109,Jae Crowder,1610612738,BOS,Boston Celtics,0021501168,2016-04-06,BOS vs. NOP,W,34,4,13,0.308,2,8,0.25,4,4,1.0,1,2,3,1,0,2,0,3,14,0,25.1,1,2015-16
22015,2590,Mo Williams,1610612739,CLE,Cleveland Cavaliers,0021501165,2016-04-06,CLE @ IND,L,5,1,5,0.2,0,3,0.0,0,0,,0,1,1,0,0,0,0,0,2,-11,3.2,1,2015-16
22015,2747,JR Smith,1610612739,CLE,Cleveland Cavaliers,0021501165,2016-04-06,CLE @ IND,L,24,4,7,0.571,0,1,0.0,2,2,1.0,0,0,0,2,0,1,0,2,10,-15,16.0,1,2015-16
22015,201619,Sasha Kaun,1610612739,CLE,Cleveland Cavaliers,0021501165,2016-04-06,CLE @ IND,L,5,1,1,1.0,0,0,,0,0,,0,3,3,0,0,0,0,0,2,4,5.6,1,2015-16
22015,202684,Tristan Thompson,1610612739,CLE,Cleveland Cavaliers,0021501165,2016-04-06,CLE @ IND,L,22,4,5,0.8,0,0,,1,2,0.5,2,3,5,0,0,0,2,1,9,-11,13.0,1,2015-16
22015,203521,Matthew Dellavedova,1610612739,CLE,Cleveland Cavaliers,0021501165,2016-04-06,CLE @ IND,L,21,2,6,0.333,0,1,0.0,0,0,,3,0,3,4,0,0,1,1,4,-9,12.6,1,2015-16
22015,203895,Jordan McRae,1610612739,CLE,Cleveland Cavaliers,0021501165,2016-04-06,CLE @ IND,L,5,0,0,,0,0,,0,0,,0,0,0,1,0,0,0,0,0,4,1.5,1,2015-16
22015,201582,Alexis Ajinca,1610612740,NOP,New Orleans Pelicans,0021501168,2016-04-06,NOP @ BOS,L,22,4,9,0.444,0,0,,2,2,1.0,2,6,8,3,0,0,4,4,10,-8,20.1,1,2015-16
22015,204025,Tim Frazier,1610612740,NOP,New Orleans Pelicans,0021501168,2016-04-06,NOP @ BOS,L,34,7,14,0.5,1,2,0.5,3,3,1.0,0,5,5,6,2,1,4,3,18,-2,38.0,1,2015-16
22015,201935,James Harden,1610612745,HOU,Houston Rockets,0021501170,2016-04-06,HOU @ DAL,L,44,8,22,0.364,4,10,0.4,6,7,0.857,0,5,5,4,1,2,6,4,26,-1,41.0,1,2015-16
22015,101108,Chris Paul,1610612746,LAC,LA Clippers,0021501172,2016-04-06,LAC @ LAL,W,24,5,10,0.5,1,3,0.333,2,2,1.0,1,4,5,8,0,0,1,2,13,15,30.0,1,2015-16
22015,201599,DeAndre Jordan,1610612746,LAC,LA Clippers,0021501172,2016-04-06,LAC @ LAL,W,27,7,9,0.778,0,0,,1,2,0.5,3,8,11,0,0,4,2,2,15,12,38.2,1,2015-16
22015,201601,Luc Mbah a Moute,1610612746,LAC,LA Clippers,0021501172,2016-04-06,LAC @ LAL,W,21,2,4,0.5,0,0,,0,0,,0,1,1,0,2,0,0,3,4,7,11.2,1,2015-16
22015,203912,C.J. Wilcox,1610612746,LAC,LA Clippers,0021501172,2016-04-06,LAC @ LAL,W,25,2,9,0.222,2,5,0.4,0,0,,0,1,1,2,3,0,0,1,6,4,19.2,1,2015-16
22015,1897,Metta World Peace,1610612747,LAL,Los Angeles Lakers,0021501172,2016-04-06,LAL vs. LAC,L,14,0,2,0.0,0,0,,0,0,,0,0,0,0,0,0,0,2,0,-11,0.0,1,2015-16
22015,203903,Jordan Clarkson,1610612747,LAL,Los Angeles Lakers,0021501172,2016-04-06,LAL vs. LAC,L,32,5,15,0.333,1,7,0.143,2,2,1.0,0,2,2,2,2,0,1,3,13,-2,23.4,1,2015-16
22015,204028,Tarik Black,1610612747,LAL,Los Angeles Lakers,0021501172,2016-04-06,LAL vs. LAC,L,17,4,5,0.8,0,0,,3,4,0.75,4,1,5,0,0,0,1,2,11,-3,16.0,1,2015-16
22015,203499,Shane Larkin,1610612751,BKN,Brooklyn Nets,0021501167,2016-04-06,BKN @ WAS,L,31,4,9,0.444,0,0,,1,2,0.5,3,4,7,7,0,1,1,3,9,-8,29.9,1,2015-16
22015,1626170,Jerian Grant,1610612752,NYK,New York Knicks,0021501169,2016-04-06,NYK vs. CHA,L,23,5,7,0.714,1,2,0.5,3,4,0.75,1,1,2,3,1,0,2,1,14,-4,21.9,1,2015-16
22015,203095,Evan Fournier,1610612753,ORL,Orlando Magic,0021501166,2016-04-06,ORL vs. DET,L,32,7,15,0.467,0,5,0.0,5,5,1.0,1,2,3,2,0,0,4,4,19,-20,21.6,1,2015-16
22015,203506,Victor Oladipo,1610612753,ORL,Orlando Magic,0021501166,2016-04-06,ORL vs. DET,L,39,5,13,0.385,1,2,0.5,5,7,0.714,0,4,4,3,1,1,2,4,16,-2,29.3,1,2015-16
22015,203901,Elfrid Payton,1610612753,ORL,Orlando Magic,0021501166,2016-04-06,ORL vs. DET,L,32,8,13,0.615,0,1,0.0,1,1,1.0,1,1,2,5,2,1,3,2,17,-6,32.9,1,2015-16
22015,1626209,Mario Hezonja,1610612753,ORL,Orlando Magic,0021501166,2016-04-06,ORL vs. DET,L,20,3,5,0.6,0,0,,0,0,,0,3,3,3,1,1,1,1,6,5,19.1,1,2015-16
22015,101133,Ian Mahinmi,1610612754,IND,Indiana Pacers,0021501165,2016-04-06,IND vs. CLE,W,22,5,7,0.714,0,0,,5,6,0.833,4,4,8,3,1,0,2,3,15,10,30.1,1,2015-16
22015,203524,Solomon Hill,1610612754,IND,Indiana Pacers,0021501165,2016-04-06,IND vs. CLE,W,31,6,9,0.667,3,4,0.75,0,0,,0,5,5,0,3,1,2,2,15,13,31.0,1,2015-16
22015,201945,Gerald Henderson,1610612757,POR,Portland Trail Blazers,0021501171,2016-04-06,POR vs. OKC,W,15,1,4,0.25,0,1,0.0,2,2,1.0,0,2,2,2,2,0,1,2,4,1,14.4,1,2015-16
22015,202329,Al-Farouq Aminu,1610612757,POR,Portland Trail Blazers,0021501171,2016-04-06,POR vs. OKC,W,37,10,17,0.588,3,8,0.375,4,6,0.667,2,4,6,5,3,1,1,2,27,18,52.7,1,2015-16
22015,203459,Allen Crabbe,1610612757,POR,Portland Trail Blazers,0021501171,2016-04-06,POR vs. OKC,W,24,6,9,0.667,4,5,0.8,0,0,,0,3,3,2,0,0,1,2,16,0,21.6,1,2015-16
22015,1626242,Luis Montero,1610612757,POR,Portland Trail Blazers,0021501171,2016-04-06,POR vs. OKC,W,0,0,0,,0,0,,0,0,,0,0,0,0,0,0,0,0,0,-3,0.0,1,2015-16
22015,200751,Randy Foye,1610612760,OKC,Oklahoma City Thunder,0021501171,2016-04-06,OKC @ POR,L,37,3,13,0.231,1,2,0.5,4,4,1.0,1,2,3,4,1,0,2,4,11,12,21.6,1,2015-16
22015,201627,Anthony Morrow,1610612760,OKC,Oklahoma City Thunder,0021501171,2016-04-06,OKC @ POR,L,31,7,15,0.467,3,8,0.375,2,4,0.5,0,3,3,2,1,0,2,2,19,-19,26.6,1,2015-16
22015,203962,Josh Huestis,1610612760,OKC,Oklahoma City Thunder,0021501171,2016-04-06,OKC @ POR,L,21,2,3,0.667,2,2,1.0,0,2,0.0,0,6,6,0,1,1,2,0,6,11,17.2,1,2015-16
22015,204067,Jarell Eddie,1610612764,WAS,Washington Wizards,0021501167,2016-04-06,WAS vs. BKN,W,5,0,3,0.0,0,3,0.0,2,2,1.0,0,0,0,1,1,0,0,0,2,-9,6.5,1,2015-16
22015,201229,Anthony Tolliver,1610612765,DET,Detroit Pistons,0021501166,2016-04-06,DET @ ORL,W,18,2,5,0.4,1,4,0.25,1,3,0.333,1,1,2,0,0,0,1,2,6,-6,7.4,1,2015-16
22015,101107,Marvin Williams,1610612766,CHA,Charlotte Hornets,0021501169,2016-04-06,CHA @ NYK,W,31,4,11,0.364,1,3,0.333,4,4,1.0,1,2,3,2,2,0,0,4,13,10,25.6,1,2015-16
22015,203087,Jeremy Lamb,1610612766,CHA,Charlotte Hornets,0021501169,2016-04-06,CHA @ NYK,W,15,1,4,0.25,0,1,0.0,2,2,1.0,0,1,1,0,1,1,0,1,4,15,11.2,1,2015-16
22015,202738,Isaiah Thomas,1610612738,BOS,Boston Celtics,0021501168,2016-04-06,BOS vs. NOP,W,33,10,19,0.526,3,6,0.5,9,12,0.75,1,3,4,8,2,0,4,3,32,22,50.8,1,2015-16
22015,203935,Marcus Smart,1610612738,BOS,Boston Celtics,0021501168,2016-04-06,BOS vs. NOP,W,33,5,9,0.556,1,5,0.2,0,0,,1,3,4,4,2,2,0,4,11,-6,33.8,1,2015-16
22015,1626154,RJ Hunter,1610612738,BOS,Boston Celtics,0021501168,2016-04-06,BOS vs. NOP,W,8,1,2,0.5,0,1,0.0,0,0,,0,1,1,1,0,0,0,0,2,2,4.7,1,2015-16
22015,2592,James Jones,1610612739,CLE,Cleveland Cavaliers,0021501165,2016-04-06,CLE @ IND,L,5,2,3,0.667,1,1,1.0,0,0,,0,0,0,0,0,1,0,0,5,4,8.0,1,2015-16
22015,202389,Timofey Mozgov,1610612739,CLE,Cleveland Cavaliers,0021501165,2016-04-06,CLE @ IND,L,16,0,0,,0,0,,4,4,1.0,1,3,4,0,0,0,0,2,4,-9,8.8,1,2015-16
22015,2570,Kendrick Perkins,1610612740,NOP,New Orleans Pelicans,0021501168,2016-04-06,NOP @ BOS,L,19,1,4,0.25,0,0,,1,2,0.5,1,3,4,0,0,0,2,0,3,14,5.8,1,2015-16
22015,101111,Charlie Villanueva,1610612742,DAL,Dallas Mavericks,0021501170,2016-04-06,DAL vs. HOU,W,0,0,0,,0,0,,0,0,,0,0,0,0,0,0,0,0,0,0,0.0,1,2015-16
22015,1626147,Justin Anderson,1610612742,DAL,Dallas Mavericks,0021501170,2016-04-06,DAL vs. HOU,W,20,2,5,0.4,0,1,0.0,1,2,0.5,1,2,3,2,0,1,2,1,5,3,12.6,1,2015-16
22015,1626257,Salah Mejri,1610612742,DAL,Dallas Mavericks,0021501170,2016-04-06,DAL vs. HOU,W,16,2,2,1.0,0,0,,0,0,,3,2,5,1,0,3,1,2,4,9,19.5,1,2015-16
22015,203909,KJ McDaniels,1610612745,HOU,Houston Rockets,0021501170,2016-04-06,HOU @ DAL,L,15,2,2,1.0,0,0,,0,0,,1,0,1,2,1,0,1,0,4,-2,10.2,1,2015-16
22015,201145,Jeff Green,1610612746,LAC,LA Clippers,0021501172,2016-04-06,LAC @ LAL,W,14,1,5,0.2,0,2,0.0,1,2,0.5,1,1,2,2,1,0,0,0,3,2,11.4,1,2015-16
22015,1626183,Branden Dawson,1610612746,LAC,LA Clippers,0021501172,2016-04-06,LAC @ LAL,W,6,0,0,,0,0,,0,0,,0,1,1,0,0,0,0,0,0,-5,1.2,1,2015-16
22015,203527,Ryan Kelly,1610612747,LAL,Los Angeles Lakers,0021501172,2016-04-06,LAL vs. LAC,L,8,2,3,0.667,0,0,,0,1,0.0,0,1,1,0,0,0,0,0,4,12,5.2,1,2015-16
22015,203156,Henry Sims,1610612751,BKN,Brooklyn Nets,0021501167,2016-04-06,BKN @ WAS,L,20,4,6,0.667,0,0,,0,0,,0,7,7,1,1,1,1,3,8,-6,22.9,1,2015-16
22015,203900,Markel Brown,1610612751,BKN,Brooklyn Nets,0021501167,2016-04-06,BKN @ WAS,L,23,5,10,0.5,0,1,0.0,3,5,0.6,0,1,1,2,0,1,1,0,13,-9,19.2,1,2015-16
22015,203930,Sean Kilpatrick,1610612751,BKN,Brooklyn Nets,0021501167,2016-04-06,BKN @ WAS,L,26,4,11,0.364,1,3,0.333,6,6,1.0,0,1,1,1,0,0,3,3,15,-17,14.7,1,2015-16
22015,203124,Kyle O'Quinn,1610612752,NYK,New York Knicks,0021501169,2016-04-06,NYK vs. CHA,L,13,1,2,0.5,0,1,0.0,0,0,,0,5,5,0,0,2,0,3,2,1,14.0,1,2015-16
22015,202696,Nikola Vučević,1610612753,ORL,Orlando Magic,0021501166,2016-04-06,ORL vs. DET,L,27,7,14,0.5,0,0,,1,2,0.5,2,11,13,3,2,1,1,5,15,-9,43.1,1,2015-16
22015,101139,CJ Miles,1610612754,IND,Indiana Pacers,0021501165,2016-04-06,IND vs. CLE,W,24,7,9,0.778,6,8,0.75,1,2,0.5,0,3,3,0,1,0,0,2,21,4,27.6,1,2015-16
22015,201588,George Hill,1610612754,IND,Indiana Pacers,0021501165,2016-04-06,IND vs. CLE,W,32,4,8,0.5,1,1,1.0,0,0,,2,2,4,5,1,0,1,4,9,7,23.3,1,2015-16
22015,201941,Jordan Hill,1610612754,IND,Indiana Pacers,0021501165,2016-04-06,IND vs. CLE,W,9,3,4,0.75,0,0,,0,0,,1,1,2,1,1,0,0,1,6,8,12.9,1,2015-16
22015,1626167,Myles Turner,1610612754,IND,Indiana Pacers,0021501165,2016-04-06,IND vs. CLE,W,5,0,1,0.0,0,0,,0,0,,0,0,0,0,0,0,0,3,0,-5,0.0,1,2015-16
22015,2555,Nick Collison,1610612760,OKC,Oklahoma City Thunder,0021501171,2016-04-06,OKC @ POR,L,9,0,1,0.0,0,0,,1,2,0.5,0,0,0,4,0,0,1,1,1,-1,6.0,1,2015-16
22015,202683,Enes Freedom,1610612760,OKC,Oklahoma City Thunder,0021501171,2016-04-06,OKC @ POR,L,36,13,18,0.722,1,1,1.0,6,7,0.857,9,11,20,0,1,1,1,3,33,10,62.0,1,2015-16
22015,203500,Steven Adams,1610612760,OKC,Oklahoma City Thunder,0021501171,2016-04-06,OKC @ POR,L,23,4,7,0.571,0,0,,1,2,0.5,7,5,12,1,0,0,1,2,9,-20,23.9,1,2015-16
22015,2403,Nene,1610612764,WAS,Washington Wizards,0021501167,2016-04-06,WAS vs. BKN,W,16,5,8,0.625,0,0,,3,4,0.75,5,2,7,2,1,2,2,2,13,16,31.4,1,2015-16
22015,203078,Bradley Beal,1610612764,WAS,Washington Wizards,0021501167,2016-04-06,WAS vs. BKN,W,32,11,15,0.733,3,7,0.429,0,0,,1,2,3,5,1,1,1,2,25,21,41.1,1,2015-16
22015,203083,Andre Drummond,1610612765,DET,Detroit Pistons,0021501166,2016-04-06,DET @ ORL,W,33,5,14,0.357,0,0,,3,6,0.5,5,11,16,1,1,4,2,1,13,0,46.7,1,2015-16
22015,201584,Courtney Lee,1610612766,CHA,Charlotte Hornets,0021501169,2016-04-06,CHA @ NYK,W,36,2,4,0.5,0,1,0.0,0,0,,0,5,5,6,0,1,0,0,4,6,22.0,1,2015-16
22015,203092,Tyler Zeller,1610612738,BOS,Boston Celtics,0021501168,2016-04-06,BOS vs. NOP,W,7,1,1,1.0,0,0,,1,2,0.5,1,2,3,1,0,0,0,0,3,-3,8.1,1,2015-16
22015,203482,Kelly Olynyk,1610612738,BOS,Boston Celtics,0021501168,2016-04-06,BOS vs. NOP,W,11,2,6,0.333,1,2,0.5,2,2,1.0,0,0,0,2,1,0,0,2,7,-1,13.0,1,2015-16
22015,202697,Iman Shumpert,1610612739,CLE,Cleveland Cavaliers,0021501165,2016-04-06,CLE @ IND,L,35,0,4,0.0,0,3,0.0,4,4,1.0,0,3,3,1,1,0,2,4,4,5,10.1,1,2015-16
22015,201967,Dante Cunningham,1610612740,NOP,New Orleans Pelicans,0021501168,2016-04-06,NOP @ BOS,L,31,0,6,0.0,0,2,0.0,2,2,1.0,0,3,3,3,0,1,0,5,2,-21,13.1,1,2015-16
22015,203516,James Ennis III,1610612740,NOP,New Orleans Pelicans,0021501168,2016-04-06,NOP @ BOS,L,29,5,6,0.833,2,3,0.667,1,1,1.0,2,2,4,1,2,0,5,6,13,-8,20.3,1,2015-16
22015,2585,Zaza Pachulia,1610612742,DAL,Dallas Mavericks,0021501170,2016-04-06,DAL vs. HOU,W,24,3,6,0.5,0,0,,2,2,1.0,2,0,2,3,2,0,0,2,8,-10,20.9,1,2015-16
22015,200826,J.J. Barea,1610612742,DAL,Dallas Mavericks,0021501170,2016-04-06,DAL vs. HOU,W,37,10,16,0.625,4,7,0.571,3,3,1.0,0,5,5,8,0,0,2,1,27,1,43.0,1,2015-16
22015,2730,Dwight Howard,1610612745,HOU,Houston Rockets,0021501170,2016-04-06,HOU @ DAL,L,34,7,9,0.778,0,0,,0,4,0.0,6,10,16,1,0,1,4,2,14,-1,33.7,1,2015-16
22015,201147,Corey Brewer,1610612745,HOU,Houston Rockets,0021501170,2016-04-06,HOU @ DAL,L,23,1,9,0.111,0,2,0.0,2,2,1.0,0,3,3,0,0,0,1,1,4,3,6.6,1,2015-16
22015,202726,Andrew Goudelock,1610612745,HOU,Houston Rockets,0021501170,2016-04-06,HOU @ DAL,L,2,0,0,,0,0,,0,0,,0,0,0,0,0,0,0,0,0,-7,0.0,1,2015-16
22015,1718,Paul Pierce,1610612746,LAC,LA Clippers,0021501172,2016-04-06,LAC @ LAL,W,20,4,8,0.5,1,3,0.333,0,0,,0,1,1,0,0,0,0,3,9,-3,10.2,1,2015-16
22015,201933,Blake Griffin,1610612746,LAC,LA Clippers,0021501172,2016-04-06,LAC @ LAL,W,25,5,10,0.5,0,0,,3,4,0.75,0,8,8,3,1,0,1,0,13,12,29.1,1,2015-16
22015,201579,Roy Hibbert,1610612747,LAL,Los Angeles Lakers,0021501172,2016-04-06,LAL vs. LAC,L,17,1,4,0.25,0,0,,2,2,1.0,2,0,2,0,0,1,0,3,4,-6,9.4,1,2015-16
22015,203944,Julius Randle,1610612747,LAL,Los Angeles Lakers,0021501172,2016-04-06,LAL vs. LAC,L,27,3,11,0.273,0,0,,1,2,0.5,6,14,20,1,1,0,2,2,7,-9,33.5,1,2015-16
22015,1626273,Marcelo Huertas,1610612747,LAL,Los Angeles Lakers,0021501172,2016-04-06,LAL vs. LAC,L,28,3,8,0.375,0,1,0.0,0,0,,1,1,2,5,0,0,2,0,6,-5,13.9,1,2015-16
22015,201577,Robin Lopez,1610612752,NYK,New York Knicks,0021501169,2016-04-06,NYK vs. CHA,L,35,3,6,0.5,0,0,,2,2,1.0,3,4,7,3,1,2,3,2,8,-15,26.9,1,2015-16
22015,204038,Langston Galloway,1610612752,NYK,New York Knicks,0021501169,2016-04-06,NYK vs. CHA,L,25,4,9,0.444,2,3,0.667,0,0,,0,3,3,3,2,0,1,1,10,-10,23.1,1,2015-16
22015,201160,Jason Smith,1610612753,ORL,Orlando Magic,0021501166,2016-04-06,ORL vs. DET,L,16,3,8,0.375,0,0,,0,0,,3,6,9,2,0,2,0,3,6,14,25.8,1,2015-16
22015,203094,Andrew Nicholson,1610612753,ORL,Orlando Magic,0021501166,2016-04-06,ORL vs. DET,L,20,5,7,0.714,2,2,1.0,2,2,1.0,1,5,6,0,1,0,1,1,14,7,23.2,1,2015-16
22015,101145,Monta Ellis,1610612754,IND,Indiana Pacers,0021501165,2016-04-06,IND vs. CLE,W,33,5,11,0.455,1,2,0.5,2,3,0.667,1,5,6,8,1,0,3,2,13,15,32.2,1,2015-16
22015,202331,Paul George,1610612754,IND,Indiana Pacers,0021501165,2016-04-06,IND vs. CLE,W,32,10,17,0.588,4,9,0.444,5,6,0.833,0,5,5,1,1,0,3,1,29,11,36.5,1,2015-16
22015,202730,Lavoy Allen,1610612754,IND,Indiana Pacers,0021501165,2016-04-06,IND vs. CLE,W,21,3,4,0.75,0,0,,1,2,0.5,0,1,1,2,0,0,1,3,7,8,10.2,1,2015-16
22015,203922,Glenn Robinson III,1610612754,IND,Indiana Pacers,0021501165,2016-04-06,IND vs. CLE,W,3,0,0,,0,0,,0,0,,0,0,0,1,0,0,0,0,0,-3,1.5,1,2015-16
22015,202334,Ed Davis,1610612757,POR,Portland Trail Blazers,0021501171,2016-04-06,POR vs. OKC,W,18,4,5,0.8,0,0,,1,2,0.5,3,5,8,2,0,1,1,5,9,3,23.6,1,2015-16
22015,203081,Damian Lillard,1610612757,POR,Portland Trail Blazers,0021501171,2016-04-06,POR vs. OKC,W,37,2,13,0.154,2,7,0.286,5,5,1.0,0,3,3,9,0,1,3,0,11,6,28.1,1,2015-16
22015,203090,Maurice Harkless,1610612757,POR,Portland Trail Blazers,0021501171,2016-04-06,POR vs. OKC,W,28,6,13,0.462,1,3,0.333,1,1,1.0,2,3,5,2,4,2,1,3,14,15,40.0,1,2015-16
22015,203468,CJ McCollum,1610612757,POR,Portland Trail Blazers,0021501171,2016-04-06,POR vs. OKC,W,35,10,18,0.556,4,8,0.5,2,2,1.0,1,2,3,3,0,0,3,3,26,7,31.1,1,2015-16
22015,1626192,Pat Connaughton,1610612757,POR,Portland Trail Blazers,0021501171,2016-04-06,POR vs. OKC,W,0,0,0,,0,0,,0,0,,0,0,0,0,0,0,0,0,0,-3,0.0,1,2015-16
22015,1626166,Cameron Payne,1610612760,OKC,Oklahoma City Thunder,0021501171,2016-04-06,OKC @ POR,L,31,4,14,0.286,1,4,0.25,1,2,0.5,0,1,1,6,1,0,0,2,10,-10,23.2,1,2015-16
22015,201162,Jared Dudley,1610612764,WAS,Washington Wizards,0021501167,2016-04-06,WAS vs. BKN,W,15,1,4,0.25,0,2,0.0,0,0,,0,2,2,2,0,0,2,1,2,15,5.4,1,2015-16
22015,202066,Garrett Temple,1610612764,WAS,Washington Wizards,0021501167,2016-04-06,WAS vs. BKN,W,29,3,8,0.375,2,3,0.667,2,2,1.0,2,4,6,6,3,0,0,2,10,13,35.2,1,2015-16
22015,202693,Markieff Morris,1610612764,WAS,Washington Wizards,0021501167,2016-04-06,WAS vs. BKN,W,28,4,13,0.308,0,2,0.0,1,2,0.5,1,6,7,2,0,0,3,1,9,12,17.4,1,2015-16
22015,203490,Otto Porter Jr.,1610612764,WAS,Washington Wizards,0021501167,2016-04-06,WAS vs. BKN,W,29,6,9,0.667,0,2,0.0,3,4,0.75,0,6,6,3,0,2,1,1,15,13,31.7,1,2015-16
22015,1626162,Kelly Oubre Jr.,1610612764,WAS,Washington Wizards,0021501167,2016-04-06,WAS vs. BKN,W,19,3,6,0.5,1,4,0.25,0,0,,1,3,4,1,1,0,1,4,7,5,15.3,1,2015-16
22015,203493,Reggie Bullock Jr.,1610612765,DET,Detroit Pistons,0021501166,2016-04-06,DET @ ORL,W,27,5,9,0.556,3,6,0.5,0,0,,1,2,3,6,1,1,0,1,13,7,31.6,1,2015-16
22015,1626163,Frank Kaminsky,1610612766,CHA,Charlotte Hornets,0021501169,2016-04-06,CHA @ NYK,W,24,7,13,0.538,2,5,0.4,0,1,0.0,2,2,4,3,1,0,0,1,16,6,28.3,1,2015-16
22015,202340,Avery Bradley,1610612738,BOS,Boston Celtics,0021501168,2016-04-06,BOS vs. NOP,W,34,5,15,0.333,1,6,0.167,2,3,0.667,1,5,6,3,3,0,1,0,13,15,32.7,1,2015-16
22015,201567,Kevin Love,1610612739,CLE,Cleveland Cavaliers,0021501165,2016-04-06,CLE @ IND,L,19,5,13,0.385,3,5,0.6,10,10,1.0,0,5,5,0,0,0,1,3,23,0,28.0,1,2015-16
22015,202681,Kyrie Irving,1610612739,CLE,Cleveland Cavaliers,0021501165,2016-04-06,CLE @ IND,L,30,11,18,0.611,1,5,0.2,3,4,0.75,0,2,2,6,3,1,4,2,26,-12,45.4,1,2015-16
22015,202337,Luke Babbitt,1610612740,NOP,New Orleans Pelicans,0021501168,2016-04-06,NOP @ BOS,L,33,5,13,0.385,2,5,0.4,4,6,0.667,0,8,8,4,0,0,0,1,16,7,31.6,1,2015-16
22015,101135,David Lee,1610612742,DAL,Dallas Mavericks,0021501170,2016-04-06,DAL vs. HOU,W,20,4,6,0.667,0,0,,0,0,,5,3,8,0,2,0,1,4,8,6,22.6,1,2015-16
22015,1891,Jason Terry,1610612745,HOU,Houston Rockets,0021501170,2016-04-06,HOU @ DAL,L,17,1,6,0.167,0,3,0.0,1,2,0.5,1,0,1,2,0,0,1,0,3,3,6.2,1,2015-16
22015,201965,Jeff Ayres,1610612746,LAC,LA Clippers,0021501172,2016-04-06,LAC @ LAL,W,13,1,4,0.25,0,1,0.0,0,0,,0,2,2,0,0,0,0,1,2,-2,4.4,1,2015-16
22015,1626156,D'Angelo Russell,1610612747,LAL,Los Angeles Lakers,0021501172,2016-04-06,LAL vs. LAC,L,35,5,13,0.385,2,5,0.4,1,2,0.5,0,2,2,3,0,0,2,1,13,-13,17.9,1,2015-16
22015,202388,Donald Sloan,1610612751,BKN,Brooklyn Nets,0021501167,2016-04-06,BKN @ WAS,L,17,0,5,0.0,0,0,,0,0,,0,0,0,5,0,0,1,0,0,-10,6.5,1,2015-16
22015,203932,Aaron Gordon,1610612753,ORL,Orlando Magic,0021501166,2016-04-06,ORL vs. DET,L,32,3,10,0.3,0,2,0.0,0,2,0.0,2,4,6,4,0,1,1,1,6,1,21.2,1,2015-16
22015,201155,Rodney Stuckey,1610612754,IND,Indiana Pacers,0021501165,2016-04-06,IND vs. CLE,W,22,2,8,0.25,1,5,0.2,3,3,1.0,1,2,3,3,0,0,2,1,8,8,14.1,1,2015-16
22015,201150,Spencer Hawes,1610612766,CHA,Charlotte Hornets,0021501169,2016-04-06,CHA @ NYK,W,18,1,5,0.2,0,1,0.0,2,3,0.667,1,1,2,1,0,1,1,0,4,12,9.9,1,2015-16
22015,202391,Jeremy Lin,1610612766,CHA,Charlotte Hornets,0021501169,2016-04-06,CHA @ NYK,W,33,2,9,0.222,2,5,0.4,0,0,,2,3,5,3,0,0,2,1,6,3,14.5,1,2015-16
22015,2594,Kyle Korver,1610612737,ATL,Atlanta Hawks,0021501173,2016-04-07,ATL vs. TOR,W,36,5,11,0.455,4,8,0.5,0,0,,0,5,5,4,0,3,1,3,14,7,34.0,1,2015-16
22015,2743,Kris Humphries,1610612737,ATL,Atlanta Hawks,0021501173,2016-04-07,ATL vs. TOR,W,3,0,1,0.0,0,1,0.0,0,0,,0,0,0,0,0,0,0,0,0,0,0.0,1,2015-16
22015,201143,Al Horford,1610612737,ATL,Atlanta Hawks,0021501173,2016-04-07,ATL vs. TOR,W,33,4,9,0.444,1,3,0.333,2,2,1.0,1,7,8,6,2,0,2,4,11,12,33.6,1,2015-16
22015,203118,Mike Scott,1610612737,ATL,Atlanta Hawks,0021501173,2016-04-07,ATL vs. TOR,W,14,4,7,0.571,1,3,0.333,2,2,1.0,2,5,7,1,0,0,0,0,11,-4,20.9,1,2015-16
22015,203488,Mike Muscala,1610612737,ATL,Atlanta Hawks,0021501173,2016-04-07,ATL vs. TOR,W,9,1,3,0.333,0,1,0.0,0,0,,0,2,2,1,0,0,0,1,2,-2,5.9,1,2015-16
22015,2200,Pau Gasol,1610612741,CHI,Chicago Bulls,0021501174,2016-04-07,CHI @ MIA,L,33,7,11,0.636,0,1,0.0,7,8,0.875,3,9,12,2,0,4,2,0,21,-17,48.4,1,2015-16
22015,201565,Derrick Rose,1610612741,CHI,Chicago Bulls,0021501174,2016-04-07,CHI @ MIA,L,36,7,16,0.438,0,0,,3,4,0.75,1,2,3,3,2,0,2,0,17,3,29.1,1,2015-16
22015,203926,Doug McDermott,1610612741,CHI,Chicago Bulls,0021501174,2016-04-07,CHI @ MIA,L,21,2,5,0.4,1,2,0.5,1,1,1.0,0,1,1,0,0,0,1,2,6,-4,6.2,1,2015-16
22015,203110,Draymond Green,1610612744,GSW,Golden State Warriors,0021501177,2016-04-07,GSW vs. SAS,W,34,7,12,0.583,2,3,0.667,2,2,1.0,0,6,6,7,1,0,4,2,18,17,34.7,1,2015-16
22015,203909,KJ McDaniels,1610612745,HOU,Houston Rockets,0021501175,2016-04-07,HOU vs. PHX,L,1,0,1,0.0,0,1,0.0,0,0,,0,0,0,0,1,0,1,0,0,2,2.0,1,2015-16
22015,2207,Joe Johnson,1610612748,MIA,Miami Heat,0021501174,2016-04-07,MIA vs. CHI,W,35,7,10,0.7,3,4,0.75,0,0,,1,2,3,4,1,0,1,3,17,17,28.6,1,2015-16
22015,2617,Udonis Haslem,1610612748,MIA,Miami Heat,0021501174,2016-04-07,MIA vs. CHI,W,4,0,0,,0,0,,0,0,,0,2,2,0,0,0,0,1,0,-1,2.4,1,2015-16
22015,2736,Luol Deng,1610612748,MIA,Miami Heat,0021501174,2016-04-07,MIA vs. CHI,W,33,6,12,0.5,0,2,0.0,1,2,0.5,1,1,2,3,0,0,1,1,13,-1,18.9,1,2015-16
22015,1626196,Josh Richardson,1610612748,MIA,Miami Heat,0021501174,2016-04-07,MIA vs. CHI,W,32,4,9,0.444,1,3,0.333,2,2,1.0,0,2,2,1,0,0,0,3,11,9,14.9,1,2015-16
22015,202357,Nemanja Bjelica,1610612750,MIN,Minnesota Timberwolves,0021501176,2016-04-07,MIN @ SAC,W,26,6,7,0.857,4,5,0.8,2,2,1.0,1,3,4,2,0,1,2,4,18,6,26.8,1,2015-16
22015,203498,Shabazz Muhammad,1610612750,MIN,Minnesota Timberwolves,0021501176,2016-04-07,MIN @ SAC,W,16,3,10,0.3,0,2,0.0,4,6,0.667,0,2,2,0,0,0,0,0,10,-6,12.4,1,2015-16
22015,204014,Damjan Rudez,1610612750,MIN,Minnesota Timberwolves,0021501176,2016-04-07,MIN @ SAC,W,1,0,0,,0,0,,0,0,,0,0,0,0,0,0,0,0,0,-7,0.0,1,2015-16
22015,1626157,Karl-Anthony Towns,1610612750,MIN,Minnesota Timberwolves,0021501176,2016-04-07,MIN @ SAC,W,27,6,16,0.375,1,1,1.0,4,6,0.667,4,6,10,3,1,1,1,2,17,12,38.5,1,2015-16
22015,101179,Ronnie Price,1610612756,PHX,Phoenix Suns,0021501175,2016-04-07,PHX @ HOU,W,27,3,7,0.429,3,6,0.5,0,0,,0,3,3,5,3,1,2,4,9,6,30.1,1,2015-16
22015,1626210,Alan Williams,1610612756,PHX,Phoenix Suns,0021501175,2016-04-07,PHX @ HOU,W,3,0,2,0.0,0,0,,0,0,,1,1,2,0,0,0,0,1,0,-4,2.4,1,2015-16
22015,200752,Rudy Gay,1610612758,SAC,Sacramento Kings,0021501176,2016-04-07,SAC vs. MIN,L,34,4,15,0.267,1,1,1.0,4,4,1.0,2,11,13,3,5,2,5,2,13,-19,49.1,1,2015-16
22015,201585,Kosta Koufos,1610612758,SAC,Sacramento Kings,0021501176,2016-04-07,SAC vs. MIN,L,21,1,7,0.143,0,0,,0,0,,6,4,10,2,1,0,0,4,2,-3,20.0,1,2015-16
22015,203463,Ben McLemore,1610612758,SAC,Sacramento Kings,0021501176,2016-04-07,SAC vs. MIN,L,19,3,9,0.333,1,5,0.2,1,2,0.5,1,3,4,2,0,0,3,1,8,0,12.8,1,2015-16
22015,1495,Tim Duncan,1610612759,SAS,San Antonio Spurs,0021501177,2016-04-07,SAS @ GSW,L,19,2,6,0.333,0,0,,0,0,,1,2,3,1,0,0,2,0,4,-13,7.1,1,2015-16
22015,202695,Kawhi Leonard,1610612759,SAS,San Antonio Spurs,0021501177,2016-04-07,SAS @ GSW,L,35,8,12,0.667,2,3,0.667,5,8,0.625,1,2,3,2,1,0,2,0,23,-15,30.6,1,2015-16
22015,2449,Luis Scola,1610612761,TOR,Toronto Raptors,0021501173,2016-04-07,TOR @ ATL,L,11,1,4,0.25,0,3,0.0,0,0,,0,4,4,0,0,0,2,1,2,-10,4.8,1,2015-16
22015,200768,Kyle Lowry,1610612761,TOR,Toronto Raptors,0021501173,2016-04-07,TOR @ ATL,L,34,6,15,0.4,2,6,0.333,2,5,0.4,1,3,4,6,1,0,2,4,16,-6,30.8,1,2015-16
22015,203082,Terrence Ross,1610612761,TOR,Toronto Raptors,0021501173,2016-04-07,TOR @ ATL,L,19,2,5,0.4,2,3,0.667,0,0,,0,5,5,1,0,0,2,0,6,-1,11.5,1,2015-16
22015,2550,Kirk Hinrich,1610612737,ATL,Atlanta Hawks,0021501173,2016-04-07,ATL vs. TOR,W,5,0,1,0.0,0,0,,0,0,,0,0,0,0,0,0,0,0,0,2,0.0,1,2015-16
22015,202703,Nikola Mirotic,1610612741,CHI,Chicago Bulls,0021501174,2016-04-07,CHI @ MIA,L,27,2,6,0.333,0,2,0.0,0,0,,0,1,1,1,3,0,1,6,4,-11,14.7,1,2015-16
22015,2571,Leandro Barbosa,1610612744,GSW,Golden State Warriors,0021501177,2016-04-07,GSW vs. SAS,W,15,1,4,0.25,1,1,1.0,0,0,,1,0,1,0,0,0,1,3,3,-2,3.2,1,2015-16
22015,203105,Festus Ezeli,1610612744,GSW,Golden State Warriors,0021501177,2016-04-07,GSW vs. SAS,W,8,2,5,0.4,0,0,,0,1,0.0,1,2,3,0,0,0,0,0,4,7,7.6,1,2015-16
22015,201935,James Harden,1610612745,HOU,Houston Rockets,0021501175,2016-04-07,HOU vs. PHX,L,43,10,14,0.714,5,6,0.833,5,7,0.714,0,2,2,7,2,0,3,3,30,-4,45.9,1,2015-16
22015,203991,Clint Capela,1610612745,HOU,Houston Rockets,0021501175,2016-04-07,HOU vs. PHX,L,18,3,3,1.0,0,0,,1,4,0.25,1,1,2,1,1,2,0,3,7,-4,19.9,1,2015-16
22015,2405,Amar'e Stoudemire,1610612748,MIA,Miami Heat,0021501174,2016-04-07,MIA vs. CHI,W,16,5,8,0.625,0,0,,0,1,0.0,0,3,3,0,3,0,0,3,10,3,22.6,1,2015-16
22015,2548,Dwyane Wade,1610612748,MIA,Miami Heat,0021501174,2016-04-07,MIA vs. CHI,W,33,9,18,0.5,0,0,,3,3,1.0,2,3,5,4,1,0,4,1,21,15,32.0,1,2015-16
22015,201609,Goran Dragic,1610612748,MIA,Miami Heat,0021501174,2016-04-07,MIA vs. CHI,W,31,7,16,0.438,0,3,0.0,2,2,1.0,4,8,12,4,1,1,3,1,16,-8,39.4,1,2015-16
22015,202355,Hassan Whiteside,1610612748,MIA,Miami Heat,0021501174,2016-04-07,MIA vs. CHI,W,27,5,11,0.455,0,0,,6,7,0.857,5,7,12,0,1,1,0,6,16,8,36.4,1,2015-16
22015,200782,P.J. Tucker,1610612756,PHX,Phoenix Suns,0021501175,2016-04-07,PHX @ HOU,W,37,9,17,0.529,2,5,0.4,4,5,0.8,7,5,12,5,1,0,4,4,24,5,44.9,1,2015-16
22015,203098,John Jenkins,1610612756,PHX,Phoenix Suns,0021501175,2016-04-07,PHX @ HOU,W,10,1,1,1.0,1,1,1.0,0,0,,0,0,0,1,0,0,1,0,3,6,3.5,1,2015-16
22015,201954,Darren Collison,1610612758,SAC,Sacramento Kings,0021501176,2016-04-07,SAC vs. MIN,L,37,7,12,0.583,1,3,0.333,4,4,1.0,0,2,2,6,0,0,2,4,19,-5,28.4,1,2015-16
22015,1626161,Willie Cauley-Stein,1610612758,SAC,Sacramento Kings,0021501176,2016-04-07,SAC vs. MIN,L,33,6,12,0.5,0,0,,3,3,1.0,4,2,6,0,3,0,2,5,15,4,29.2,1,2015-16
22015,2561,David West,1610612759,SAS,San Antonio Spurs,0021501177,2016-04-07,SAS @ GSW,L,24,4,5,0.8,0,0,,3,4,0.75,0,0,0,7,0,0,0,0,11,2,21.5,1,2015-16
22015,201574,Jason Thompson,1610612761,TOR,Toronto Raptors,0021501173,2016-04-07,TOR @ ATL,L,3,0,0,,0,0,,0,0,,0,0,0,0,0,0,0,0,0,5,0.0,1,2015-16
22015,200757,Thabo Sefolosha,1610612737,ATL,Atlanta Hawks,0021501173,2016-04-07,ATL vs. TOR,W,29,4,6,0.667,1,2,0.5,1,2,0.5,0,2,2,1,0,0,0,2,10,13,13.9,1,2015-16
22015,1626245,Cristiano Felicio,1610612741,CHI,Chicago Bulls,0021501174,2016-04-07,CHI @ MIA,L,14,3,4,0.75,0,0,,2,3,0.667,2,5,7,1,0,0,1,1,8,9,16.9,1,2015-16
22015,201578,Marreese Speights,1610612744,GSW,Golden State Warriors,0021501177,2016-04-07,GSW vs. SAS,W,10,2,4,0.5,0,1,0.0,2,2,1.0,0,1,1,1,0,0,1,0,6,-8,7.7,1,2015-16
22015,201939,Stephen Curry,1610612744,GSW,Golden State Warriors,0021501177,2016-04-07,GSW vs. SAS,W,36,11,19,0.579,3,7,0.429,2,2,1.0,0,5,5,9,2,0,3,2,27,14,49.5,1,2015-16
22015,202691,Klay Thompson,1610612744,GSW,Golden State Warriors,0021501177,2016-04-07,GSW vs. SAS,W,35,5,13,0.385,2,5,0.4,2,2,1.0,2,1,3,6,1,0,1,4,14,10,28.6,1,2015-16
22015,1891,Jason Terry,1610612745,HOU,Houston Rockets,0021501175,2016-04-07,HOU vs. PHX,L,23,4,9,0.444,0,3,0.0,0,0,,0,1,1,3,0,1,1,4,8,-14,15.7,1,2015-16
22015,2730,Dwight Howard,1610612745,HOU,Houston Rockets,0021501175,2016-04-07,HOU vs. PHX,L,30,4,7,0.571,0,1,0.0,2,2,1.0,1,6,7,0,0,4,0,1,10,-5,30.4,1,2015-16
22015,2772,Trevor Ariza,1610612745,HOU,Houston Rockets,0021501175,2016-04-07,HOU vs. PHX,L,38,8,11,0.727,5,8,0.625,1,2,0.5,0,2,2,3,4,3,2,4,22,-8,47.9,1,2015-16
22015,201147,Corey Brewer,1610612745,HOU,Houston Rockets,0021501175,2016-04-07,HOU vs. PHX,L,10,2,3,0.667,0,1,0.0,1,1,1.0,1,1,2,0,0,0,0,1,5,-1,7.4,1,2015-16
22015,2419,Tayshaun Prince,1610612750,MIN,Minnesota Timberwolves,0021501176,2016-04-07,MIN @ SAC,W,19,1,3,0.333,0,0,,0,0,,0,0,0,3,1,0,0,1,2,-1,9.5,1,2015-16
22015,202962,Greg Smith,1610612750,MIN,Minnesota Timberwolves,0021501176,2016-04-07,MIN @ SAC,W,1,0,0,,0,0,,0,0,,0,0,0,0,0,0,0,0,0,-7,0.0,1,2015-16
22015,203952,Andrew Wiggins,1610612750,MIN,Minnesota Timberwolves,0021501176,2016-04-07,MIN @ SAC,W,34,5,12,0.417,1,2,0.5,4,5,0.8,2,2,4,2,1,0,2,2,15,19,23.8,1,2015-16
22015,203141,Mirza Teletovic,1610612756,PHX,Phoenix Suns,0021501175,2016-04-07,PHX @ HOU,W,31,10,20,0.5,4,9,0.444,2,3,0.667,0,5,5,2,1,0,3,2,26,23,35.0,1,2015-16
22015,203458,Alex Len,1610612756,PHX,Phoenix Suns,0021501175,2016-04-07,PHX @ HOU,W,30,2,5,0.4,0,0,,2,2,1.0,4,4,8,7,0,0,1,4,6,-1,25.1,1,2015-16
22015,200746,LaMarcus Aldridge,1610612759,SAS,San Antonio Spurs,0021501177,2016-04-07,SAS @ GSW,L,29,5,16,0.313,0,0,,1,1,1.0,2,1,3,2,2,0,2,2,11,-13,21.6,1,2015-16
22015,201988,Patty Mills,1610612759,SAS,San Antonio Spurs,0021501177,2016-04-07,SAS @ GSW,L,18,3,8,0.375,1,4,0.25,0,0,,0,0,0,3,1,0,1,1,7,-6,13.5,1,2015-16
22015,202687,Bismack Biyombo,1610612761,TOR,Toronto Raptors,0021501173,2016-04-07,TOR @ ATL,L,22,3,8,0.375,0,0,,4,5,0.8,3,6,9,1,0,1,1,0,10,1,24.3,1,2015-16
22015,202709,Cory Joseph,1610612761,TOR,Toronto Raptors,0021501173,2016-04-07,TOR @ ATL,L,18,3,6,0.5,0,0,,0,0,,0,2,2,1,1,1,1,1,6,-2,14.9,1,2015-16
22015,200794,Paul Millsap,1610612737,ATL,Atlanta Hawks,0021501173,2016-04-07,ATL vs. TOR,W,37,4,11,0.364,0,3,0.0,5,6,0.833,2,12,14,2,1,5,4,4,13,10,46.8,1,2015-16
22015,203501,Tim Hardaway Jr.,1610612737,ATL,Atlanta Hawks,0021501173,2016-04-07,ATL vs. TOR,W,28,4,7,0.571,3,5,0.6,0,0,,0,1,1,0,1,2,0,1,11,-9,21.2,1,2015-16
22015,202710,Jimmy Butler III,1610612741,CHI,Chicago Bulls,0021501174,2016-04-07,CHI @ MIA,L,40,7,17,0.412,1,4,0.25,10,10,1.0,0,1,1,6,0,1,4,1,25,-13,34.2,1,2015-16
22015,203200,Justin Holiday,1610612741,CHI,Chicago Bulls,0021501174,2016-04-07,CHI @ MIA,L,30,4,8,0.5,1,3,0.333,0,0,,0,2,2,3,1,2,1,0,9,-7,23.9,1,2015-16
22015,1626171,Bobby Portis,1610612741,CHI,Chicago Bulls,0021501174,2016-04-07,CHI @ MIA,L,20,3,9,0.333,0,1,0.0,0,0,,6,4,10,2,0,0,0,2,6,2,21.0,1,2015-16
22015,2733,Shaun Livingston,1610612744,GSW,Golden State Warriors,0021501177,2016-04-07,GSW vs. SAS,W,19,3,5,0.6,0,0,,0,0,,0,1,1,5,1,0,0,1,6,-2,17.7,1,2015-16
22015,201575,Brandon Rush,1610612744,GSW,Golden State Warriors,0021501177,2016-04-07,GSW vs. SAS,W,7,1,1,1.0,1,1,1.0,0,0,,0,1,1,0,0,0,0,3,3,1,4.2,1,2015-16
22015,202726,Andrew Goudelock,1610612745,HOU,Houston Rockets,0021501175,2016-04-07,HOU vs. PHX,L,5,0,2,0.0,0,2,0.0,3,4,0.75,0,1,1,0,1,1,2,0,3,0,8.2,1,2015-16
22015,203476,Gorgui Dieng,1610612750,MIN,Minnesota Timberwolves,0021501176,2016-04-07,MIN @ SAC,W,34,7,15,0.467,0,1,0.0,4,6,0.667,5,8,13,2,0,1,1,1,18,23,38.6,1,2015-16
22015,202720,Jon Leuer,1610612756,PHX,Phoenix Suns,0021501175,2016-04-07,PHX @ HOU,W,10,1,5,0.2,0,0,,2,2,1.0,3,2,5,1,0,0,0,2,4,6,11.5,1,2015-16
22015,202341,James Anderson,1610612758,SAC,Sacramento Kings,0021501176,2016-04-07,SAC vs. MIN,L,30,4,8,0.5,0,2,0.0,1,2,0.5,1,3,4,3,2,2,2,2,9,6,28.3,1,2015-16
22015,203961,Eric Moreland,1610612758,SAC,Sacramento Kings,0021501176,2016-04-07,SAC vs. MIN,L,12,1,2,0.5,0,0,,2,2,1.0,0,1,1,0,0,0,2,0,4,1,3.2,1,2015-16
22015,1938,Manu Ginobili,1610612759,SAS,San Antonio Spurs,0021501177,2016-04-07,SAS @ GSW,L,20,3,6,0.5,0,1,0.0,0,0,,0,1,1,2,0,0,3,1,6,0,7.2,1,2015-16
22015,2225,Tony Parker,1610612759,SAS,San Antonio Spurs,0021501177,2016-04-07,SAS @ GSW,L,27,4,10,0.4,0,0,,2,4,0.5,0,2,2,3,0,0,2,1,10,-10,14.9,1,2015-16
22015,201980,Danny Green,1610612759,SAS,San Antonio Spurs,0021501177,2016-04-07,SAS @ GSW,L,29,3,7,0.429,3,6,0.5,0,0,,1,4,5,1,4,2,0,2,9,-8,34.5,1,2015-16
22015,201942,DeMar DeRozan,1610612761,TOR,Toronto Raptors,0021501173,2016-04-07,TOR @ ATL,L,34,7,24,0.292,0,2,0.0,2,2,1.0,1,3,4,4,1,0,1,3,16,-10,28.8,1,2015-16
22015,203512,Lucas Nogueira,1610612761,TOR,Toronto Raptors,0021501173,2016-04-07,TOR @ ATL,L,5,0,1,0.0,0,0,,0,0,,0,1,1,0,1,0,0,1,0,2,4.2,1,2015-16
22015,201952,Jeff Teague,1610612737,ATL,Atlanta Hawks,0021501173,2016-04-07,ATL vs. TOR,W,30,7,13,0.538,2,3,0.667,7,9,0.778,0,0,0,5,0,1,3,2,23,17,30.5,1,2015-16
22015,203471,Dennis Schröder,1610612737,ATL,Atlanta Hawks,0021501173,2016-04-07,ATL vs. TOR,W,15,0,7,0.0,0,3,0.0,0,0,,0,2,2,3,0,1,3,2,0,-6,6.9,1,2015-16
22015,2399,Mike Dunleavy,1610612741,CHI,Chicago Bulls,0021501174,2016-04-07,CHI @ MIA,L,19,0,2,0.0,0,1,0.0,2,2,1.0,0,4,4,0,0,0,0,0,2,-2,6.8,1,2015-16
22015,101106,Andrew Bogut,1610612744,GSW,Golden State Warriors,0021501177,2016-04-07,GSW vs. SAS,W,22,3,3,1.0,0,0,,0,0,,2,9,11,3,1,2,1,4,6,9,31.7,1,2015-16
22015,203084,Harrison Barnes,1610612744,GSW,Golden State Warriors,0021501177,2016-04-07,GSW vs. SAS,W,33,8,13,0.615,3,7,0.429,2,2,1.0,1,7,8,1,0,0,3,3,21,10,29.1,1,2015-16
22015,203546,Ian Clark,1610612744,GSW,Golden State Warriors,0021501177,2016-04-07,GSW vs. SAS,W,1,0,0,,0,0,,0,0,,0,1,1,0,0,0,0,0,0,-5,1.2,1,2015-16
22015,2746,Josh Smith,1610612745,HOU,Houston Rockets,0021501175,2016-04-07,HOU vs. PHX,L,18,2,4,0.5,2,2,1.0,0,2,0.0,0,4,4,2,0,1,5,2,6,-4,11.8,1,2015-16
22015,201563,Michael Beasley,1610612745,HOU,Houston Rockets,0021501175,2016-04-07,HOU vs. PHX,L,12,4,8,0.5,0,0,,1,2,0.5,1,1,2,0,0,0,1,1,9,-6,10.4,1,2015-16
22015,201976,Patrick Beverley,1610612745,HOU,Houston Rockets,0021501175,2016-04-07,HOU vs. PHX,L,29,3,9,0.333,2,8,0.25,1,2,0.5,1,2,3,9,2,0,3,3,9,-9,29.1,1,2015-16
22015,202700,Donatas Motiejunas,1610612745,HOU,Houston Rockets,0021501175,2016-04-07,HOU vs. PHX,L,12,2,3,0.667,0,1,0.0,2,2,1.0,0,0,0,1,2,0,0,2,6,8,13.5,1,2015-16
22015,201937,Ricky Rubio,1610612750,MIN,Minnesota Timberwolves,0021501176,2016-04-07,MIN @ SAC,W,22,0,0,,0,0,,2,4,0.5,0,3,3,7,1,0,5,3,2,2,14.1,1,2015-16
22015,1626145,Tyus Jones,1610612750,MIN,Minnesota Timberwolves,0021501176,2016-04-07,MIN @ SAC,W,26,2,3,0.667,1,2,0.5,0,0,,0,3,3,4,4,0,1,1,5,6,25.6,1,2015-16
22015,2199,Tyson Chandler,1610612756,PHX,Phoenix Suns,0021501175,2016-04-07,PHX @ HOU,W,33,8,11,0.727,0,0,,5,6,0.833,3,7,10,1,2,0,1,1,21,-2,39.5,1,2015-16
22015,1626164,Devin Booker,1610612756,PHX,Phoenix Suns,0021501175,2016-04-07,PHX @ HOU,W,38,4,15,0.267,1,6,0.167,6,6,1.0,0,0,0,4,1,1,5,4,15,3,22.0,1,2015-16
22015,203112,Quincy Acy,1610612758,SAC,Sacramento Kings,0021501176,2016-04-07,SAC vs. MIN,L,28,7,12,0.583,1,3,0.333,2,2,1.0,3,3,6,1,0,1,1,3,17,-10,27.7,1,2015-16
22015,203552,Seth Curry,1610612758,SAC,Sacramento Kings,0021501176,2016-04-07,SAC vs. MIN,L,26,3,8,0.375,2,3,0.667,2,2,1.0,0,1,1,2,0,0,2,2,10,-14,12.2,1,2015-16
22015,203937,Kyle Anderson,1610612759,SAS,San Antonio Spurs,0021501177,2016-04-07,SAS @ GSW,L,20,3,4,0.75,0,0,,2,3,0.667,0,11,11,3,0,0,0,2,8,0,25.7,1,2015-16
22015,201960,DeMarre Carroll,1610612761,TOR,Toronto Raptors,0021501173,2016-04-07,TOR @ ATL,L,14,2,4,0.5,1,1,1.0,0,0,,0,1,1,0,4,0,0,2,5,2,18.2,1,2015-16
22015,202685,Jonas Valančiūnas,1610612761,TOR,Toronto Raptors,0021501173,2016-04-07,TOR @ ATL,L,21,3,6,0.5,0,0,,7,8,0.875,3,5,8,0,0,1,0,1,13,-11,25.6,1,2015-16
22015,2738,Andre Iguodala,1610612744,GSW,Golden State Warriors,0021501177,2016-04-07,GSW vs. SAS,W,21,2,4,0.5,0,0,,0,0,,0,2,2,1,2,0,1,0,4,4,12.9,1,2015-16
22015,1626159,Justise Winslow,1610612748,MIA,Miami Heat,0021501174,2016-04-07,MIA vs. CHI,W,29,1,8,0.125,0,2,0.0,0,0,,2,4,6,0,1,0,1,1,2,-2,11.2,1,2015-16
22015,203897,Zach LaVine,1610612750,MIN,Minnesota Timberwolves,0021501176,2016-04-07,MIN @ SAC,W,26,6,10,0.6,4,7,0.571,2,2,1.0,0,1,1,2,3,1,2,1,18,11,32.2,1,2015-16
22015,203940,Adreian Payne,1610612750,MIN,Minnesota Timberwolves,0021501176,2016-04-07,MIN @ SAC,W,8,0,4,0.0,0,1,0.0,0,0,,1,2,3,0,0,0,1,2,0,-18,2.6,1,2015-16
22015,203462,Archie Goodwin,1610612756,PHX,Phoenix Suns,0021501175,2016-04-07,PHX @ HOU,W,21,6,11,0.545,1,4,0.25,3,5,0.6,2,0,2,5,3,0,2,2,16,3,32.9,1,2015-16
22015,2588,Matt Bonner,1610612759,SAS,San Antonio Spurs,0021501177,2016-04-07,SAS @ GSW,L,5,1,1,1.0,0,0,,0,0,,0,0,0,0,1,0,0,2,2,2,5.0,1,2015-16
22015,2755,Kevin Martin,1610612759,SAS,San Antonio Spurs,0021501177,2016-04-07,SAS @ GSW,L,15,3,5,0.6,1,2,0.5,3,3,1.0,0,4,4,4,1,0,0,0,10,6,23.8,1,2015-16
22015,202335,Patrick Patterson,1610612761,TOR,Toronto Raptors,0021501173,2016-04-07,TOR @ ATL,L,28,1,3,0.333,1,2,0.5,0,0,,0,4,4,2,2,1,2,1,3,-4,17.8,1,2015-16
22015,1626181,Norman Powell,1610612761,TOR,Toronto Raptors,0021501173,2016-04-07,TOR @ ATL,L,31,4,8,0.5,2,4,0.5,0,0,,0,4,4,1,0,0,0,2,10,-6,16.3,1,2015-16
22015,202340,Avery Bradley,1610612738,BOS,Boston Celtics,0021501181,2016-04-08,BOS vs. MIL,W,25,6,10,0.6,2,3,0.667,2,4,0.5,1,1,2,2,0,0,1,1,16,11,20.4,1,2015-16
22015,203935,Marcus Smart,1610612738,BOS,Boston Celtics,0021501181,2016-04-08,BOS vs. MIL,W,27,0,2,0.0,0,1,0.0,4,4,1.0,0,1,1,9,2,1,2,0,4,22,25.7,1,2015-16
22015,201582,Alexis Ajinca,1610612740,NOP,New Orleans Pelicans,0021501184,2016-04-08,NOP vs. LAL,W,37,12,17,0.706,0,0,,4,4,1.0,5,10,15,2,1,2,2,3,28,3,56.0,1,2015-16
22015,2734,Devin Harris,1610612742,DAL,Dallas Mavericks,0021501185,2016-04-08,DAL vs. MEM,W,26,4,7,0.571,3,5,0.6,5,7,0.714,0,4,4,0,1,0,6,3,16,-8,17.8,1,2015-16
22015,1626144,Emmanuel Mudiay,1610612743,DEN,Denver Nuggets,0021501186,2016-04-08,DEN vs. SAS,W,36,8,15,0.533,3,6,0.5,1,1,1.0,0,6,6,5,1,1,3,1,20,23,37.7,1,2015-16
22015,1626253,Axel Toupane,1610612743,DEN,Denver Nuggets,0021501186,2016-04-08,DEN vs. SAS,W,9,1,4,0.25,1,1,1.0,2,2,1.0,0,1,1,0,0,1,0,1,5,-14,9.2,1,2015-16
22015,201965,Jeff Ayres,1610612746,LAC,LA Clippers,0021501187,2016-04-08,LAC @ UTA,W,13,0,2,0.0,0,0,,0,0,,0,2,2,0,0,0,1,2,0,-20,1.4,1,2015-16
22015,203912,C.J. Wilcox,1610612746,LAC,LA Clippers,0021501187,2016-04-08,LAC @ UTA,W,18,0,2,0.0,0,1,0.0,2,2,1.0,1,2,3,0,1,0,0,2,2,-14,8.6,1,2015-16
22015,203903,Jordan Clarkson,1610612747,LAL,Los Angeles Lakers,0021501184,2016-04-08,LAL @ NOP,L,34,10,15,0.667,5,8,0.625,1,2,0.5,1,2,3,0,1,0,2,3,26,-5,30.6,1,2015-16
22015,203944,Julius Randle,1610612747,LAL,Los Angeles Lakers,0021501184,2016-04-08,LAL @ NOP,L,31,2,7,0.286,0,0,,3,4,0.75,2,2,4,6,1,0,1,3,7,-10,22.8,1,2015-16
22015,2207,Joe Johnson,1610612748,MIA,Miami Heat,0021501179,2016-04-08,MIA @ ORL,L,27,6,13,0.462,1,4,0.25,0,0,,1,0,1,1,0,0,2,2,13,-5,13.7,1,2015-16
22015,2405,Amar'e Stoudemire,1610612748,MIA,Miami Heat,0021501179,2016-04-08,MIA @ ORL,L,11,2,3,0.667,0,0,,0,0,,2,2,4,0,0,0,1,3,4,-4,7.8,1,2015-16
22015,2548,Dwyane Wade,1610612748,MIA,Miami Heat,0021501179,2016-04-08,MIA @ ORL,L,31,7,19,0.368,0,3,0.0,3,4,0.75,1,0,1,5,1,0,3,1,17,-7,25.7,1,2015-16
22015,1626159,Justise Winslow,1610612748,MIA,Miami Heat,0021501179,2016-04-08,MIA @ ORL,L,23,3,6,0.5,0,0,,0,0,,0,4,4,0,3,0,0,3,6,5,19.8,1,2015-16
22015,203507,Giannis Antetokounmpo,1610612749,MIL,Milwaukee Bucks,0021501181,2016-04-08,MIL @ BOS,L,27,8,12,0.667,4,5,0.8,7,8,0.875,0,7,7,7,1,1,5,5,27,-10,46.9,1,2015-16
22015,202682,Derrick Williams,1610612752,NYK,New York Knicks,0021501180,2016-04-08,NYK @ PHI,W,26,5,10,0.5,0,1,0.0,1,1,1.0,0,9,9,1,1,0,1,1,11,1,25.3,1,2015-16
22015,204038,Langston Galloway,1610612752,NYK,New York Knicks,0021501180,2016-04-08,NYK @ PHI,W,31,1,8,0.125,0,1,0.0,0,0,,1,3,4,3,2,0,1,2,2,21,16.3,1,2015-16
22015,101141,Ersan Ilyasova,1610612753,ORL,Orlando Magic,0021501179,2016-04-08,ORL vs. MIA,W,24,2,5,0.4,0,2,0.0,0,0,,1,5,6,0,0,0,0,1,4,-7,11.2,1,2015-16
22015,203095,Evan Fournier,1610612753,ORL,Orlando Magic,0021501179,2016-04-08,ORL vs. MIA,W,46,7,12,0.583,2,3,0.667,12,15,0.8,1,6,7,7,1,0,3,5,28,9,46.9,1,2015-16
22015,201155,Rodney Stuckey,1610612754,IND,Indiana Pacers,0021501183,2016-04-08,IND @ TOR,L,16,2,7,0.286,0,0,,2,2,1.0,0,2,2,1,2,1,1,1,6,-7,17.9,1,2015-16
22015,203922,Glenn Robinson III,1610612754,IND,Indiana Pacers,0021501183,2016-04-08,IND @ TOR,L,3,0,1,0.0,0,0,,0,0,,0,0,0,0,0,0,0,0,0,2,0.0,1,2015-16
22015,1626202,Joe Young,1610612754,IND,Indiana Pacers,0021501183,2016-04-08,IND @ TOR,L,3,3,4,0.75,0,0,,0,0,,0,0,0,0,1,0,0,1,6,2,9.0,1,2015-16
22015,1882,Elton Brand,1610612755,PHI,Philadelphia 76ers,0021501180,2016-04-08,PHI vs. NYK,L,13,1,4,0.25,0,0,,0,0,,3,2,5,1,1,1,1,2,2,-20,14.5,1,2015-16
22015,202397,Ish Smith,1610612755,PHI,Philadelphia 76ers,0021501180,2016-04-08,PHI vs. NYK,L,39,5,12,0.417,3,4,0.75,7,8,0.875,0,7,7,7,1,1,2,3,20,13,42.9,1,2015-16
22015,203496,Robert Covington,1610612755,PHI,Philadelphia 76ers,0021501180,2016-04-08,PHI vs. NYK,L,34,10,21,0.476,7,13,0.538,3,5,0.6,3,8,11,2,1,0,1,4,30,9,48.2,1,2015-16
22015,203924,Jerami Grant,1610612755,PHI,Philadelphia 76ers,0021501180,2016-04-08,PHI vs. NYK,L,33,4,10,0.4,1,4,0.25,1,7,0.143,3,2,5,4,0,1,2,2,10,2,23.0,1,2015-16
22015,203613,Jonathon Simmons,1610612759,SAS,San Antonio Spurs,0021501186,2016-04-08,SAS @ DEN,L,35,5,7,0.714,0,1,0.0,5,5,1.0,1,4,5,0,0,0,2,3,15,3,19.0,1,2015-16
22015,1626246,Boban Marjanovic,1610612759,SAS,San Antonio Spurs,0021501186,2016-04-08,SAS @ DEN,L,14,3,5,0.6,0,0,,3,4,0.75,1,3,4,2,0,1,0,1,9,-1,19.8,1,2015-16
22015,202685,Jonas Valančiūnas,1610612761,TOR,Toronto Raptors,0021501183,2016-04-08,TOR vs. IND,W,21,5,7,0.714,0,0,,0,0,,0,4,4,0,0,1,4,3,10,4,13.8,1,2015-16
22015,203082,Terrence Ross,1610612761,TOR,Toronto Raptors,0021501183,2016-04-08,TOR vs. IND,W,20,6,13,0.462,2,6,0.333,0,0,,1,0,1,0,0,0,1,6,14,-1,14.2,1,2015-16
22015,203512,Lucas Nogueira,1610612761,TOR,Toronto Raptors,0021501183,2016-04-08,TOR vs. IND,W,11,1,1,1.0,0,0,,0,2,0.0,0,1,1,0,0,1,1,1,2,-1,5.2,1,2015-16
22015,202330,Gordon Hayward,1610612762,UTA,Utah Jazz,0021501187,2016-04-08,UTA vs. LAC,L,46,8,17,0.471,3,5,0.6,5,7,0.714,1,12,13,5,0,1,7,0,24,-12,43.1,1,2015-16
22015,202344,Trevor Booker,1610612762,UTA,Utah Jazz,0021501187,2016-04-08,UTA vs. LAC,L,16,2,4,0.5,1,1,1.0,0,0,,0,1,1,0,0,1,1,1,5,-3,8.2,1,2015-16
22015,1713,Vince Carter,1610612763,MEM,Memphis Grizzlies,0021501185,2016-04-08,MEM @ DAL,L,17,2,4,0.5,1,2,0.5,1,2,0.5,0,1,1,0,0,0,0,1,6,-22,7.2,1,2015-16
22015,2216,Zach Randolph,1610612763,MEM,Memphis Grizzlies,0021501185,2016-04-08,MEM @ DAL,L,32,6,20,0.3,0,1,0.0,1,1,1.0,3,3,6,2,0,0,3,4,13,-7,20.2,1,2015-16
22015,2365,Chris Andersen,1610612763,MEM,Memphis Grizzlies,0021501185,2016-04-08,MEM @ DAL,L,21,1,3,0.333,0,1,0.0,1,2,0.5,3,4,7,1,1,0,0,2,3,9,15.9,1,2015-16
22015,203210,JaMychal Green,1610612763,MEM,Memphis Grizzlies,0021501185,2016-04-08,MEM @ DAL,L,14,3,8,0.375,0,1,0.0,1,2,0.5,1,2,3,0,1,0,0,4,7,-7,13.6,1,2015-16
22015,203798,PJ Hairston,1610612763,MEM,Memphis Grizzlies,0021501185,2016-04-08,MEM @ DAL,L,6,1,3,0.333,0,2,0.0,0,0,,0,0,0,0,1,0,0,1,2,5,5.0,1,2015-16
22015,101187,Alan Anderson,1610612764,WAS,Washington Wizards,0021501182,2016-04-08,WAS @ DET,L,19,0,3,0.0,0,3,0.0,0,0,,0,1,1,1,1,0,0,1,0,3,5.7,1,2015-16
22015,2581,Steve Blake,1610612765,DET,Detroit Pistons,0021501182,2016-04-08,DET vs. WAS,W,14,2,8,0.25,2,6,0.333,0,0,,0,2,2,2,0,0,1,0,6,-7,10.4,1,2015-16
22015,202694,Marcus Morris Sr.,1610612765,DET,Detroit Pistons,0021501182,2016-04-08,DET vs. WAS,W,38,5,8,0.625,2,4,0.5,1,1,1.0,1,6,7,3,1,0,2,2,13,13,26.9,1,2015-16
22015,203493,Reggie Bullock Jr.,1610612765,DET,Detroit Pistons,0021501182,2016-04-08,DET vs. WAS,W,20,0,2,0.0,0,2,0.0,0,0,,1,4,5,1,0,0,1,2,0,-12,6.5,1,2015-16
22015,201584,Courtney Lee,1610612766,CHA,Charlotte Hornets,0021501178,2016-04-08,CHA vs. BKN,W,24,3,4,0.75,0,1,0.0,0,0,,0,2,2,2,1,0,0,2,6,15,14.4,1,2015-16
22015,201946,Tyler Hansbrough,1610612766,CHA,Charlotte Hornets,0021501178,2016-04-08,CHA vs. BKN,W,6,1,1,1.0,0,0,,2,2,1.0,0,0,0,0,0,0,0,0,4,-8,4.0,1,2015-16
22015,202391,Jeremy Lin,1610612766,CHA,Charlotte Hornets,0021501178,2016-04-08,CHA vs. BKN,W,27,4,11,0.364,1,4,0.25,2,3,0.667,2,3,5,3,0,1,4,0,11,1,20.5,1,2015-16
22015,202689,Kemba Walker,1610612766,CHA,Charlotte Hornets,0021501178,2016-04-08,CHA vs. BKN,W,30,7,17,0.412,4,11,0.364,4,4,1.0,0,4,4,4,1,3,0,1,22,17,44.8,1,2015-16
22015,202323,Evan Turner,1610612738,BOS,Boston Celtics,0021501181,2016-04-08,BOS vs. MIL,W,32,2,6,0.333,0,0,,0,0,,0,4,4,9,1,1,3,2,4,26,25.3,1,2015-16
22015,2570,Kendrick Perkins,1610612740,NOP,New Orleans Pelicans,0021501184,2016-04-08,NOP vs. LAL,W,16,1,3,0.333,0,0,,0,0,,1,2,3,1,0,2,0,3,2,1,13.1,1,2015-16
22015,201600,Omer Asik,1610612740,NOP,New Orleans Pelicans,0021501184,2016-04-08,NOP vs. LAL,W,18,0,1,0.0,0,0,,1,2,0.5,2,5,7,1,0,0,1,2,1,7,9.9,1,2015-16
22015,202706,Jordan Hamilton,1610612740,NOP,New Orleans Pelicans,0021501184,2016-04-08,NOP vs. LAL,W,24,5,11,0.455,2,6,0.333,0,1,0.0,0,2,2,0,0,0,4,0,12,7,10.4,1,2015-16
22015,2585,Zaza Pachulia,1610612742,DAL,Dallas Mavericks,0021501185,2016-04-08,DAL vs. MEM,W,22,0,0,,0,0,,1,2,0.5,1,3,4,0,2,1,0,1,1,-7,14.8,1,2015-16
22015,101135,David Lee,1610612742,DAL,Dallas Mavericks,0021501185,2016-04-08,DAL vs. MEM,W,16,4,4,1.0,0,0,,0,1,0.0,2,3,5,0,0,0,1,2,8,3,13.0,1,2015-16
22015,1626257,Salah Mejri,1610612742,DAL,Dallas Mavericks,0021501185,2016-04-08,DAL vs. MEM,W,13,3,3,1.0,0,0,,3,4,0.75,0,3,3,0,0,1,0,1,9,12,15.6,1,2015-16
22015,203530,Joffrey Lauvergne,1610612743,DEN,Denver Nuggets,0021501186,2016-04-08,DEN vs. SAS,W,15,2,6,0.333,0,0,,4,4,1.0,1,4,5,3,0,1,4,4,8,-7,17.5,1,2015-16
22015,203143,Pablo Prigioni,1610612746,LAC,LA Clippers,0021501187,2016-04-08,LAC @ UTA,W,42,4,9,0.444,2,5,0.4,3,3,1.0,0,7,7,7,0,0,1,5,13,22,30.9,1,2015-16
22015,1626183,Branden Dawson,1610612746,LAC,LA Clippers,0021501187,2016-04-08,LAC @ UTA,W,2,0,0,,0,0,,0,0,,0,0,0,0,0,0,0,0,0,-3,0.0,1,2015-16
22015,1626156,D'Angelo Russell,1610612747,LAL,Los Angeles Lakers,0021501184,2016-04-08,LAL @ NOP,L,32,9,16,0.563,3,6,0.5,11,13,0.846,0,2,2,2,1,0,2,4,32,-3,38.4,1,2015-16
22015,101123,Gerald Green,1610612748,MIA,Miami Heat,0021501179,2016-04-08,MIA @ ORL,L,15,4,9,0.444,2,4,0.5,1,1,1.0,0,1,1,1,0,0,0,4,11,6,13.7,1,2015-16
22015,203101,Miles Plumlee,1610612749,MIL,Milwaukee Bucks,0021501181,2016-04-08,MIL @ BOS,L,20,6,8,0.75,0,0,,4,6,0.667,1,4,5,1,3,0,2,1,16,-8,30.5,1,2015-16
22015,203898,Tyler Ennis,1610612749,MIL,Milwaukee Bucks,0021501181,2016-04-08,MIL @ BOS,L,38,3,11,0.273,0,1,0.0,3,4,0.75,2,4,6,11,2,0,3,4,9,0,35.7,1,2015-16
22015,201961,Wayne Ellington,1610612751,BKN,Brooklyn Nets,0021501178,2016-04-08,BKN @ CHA,L,26,8,12,0.667,5,7,0.714,0,0,,1,0,1,1,0,0,0,1,21,-9,23.7,1,2015-16
22015,202388,Donald Sloan,1610612751,BKN,Brooklyn Nets,0021501178,2016-04-08,BKN @ CHA,L,23,4,7,0.571,0,0,,0,0,,1,1,2,5,0,1,3,0,8,-13,17.9,1,2015-16
22015,1626191,Chris McCullough,1610612751,BKN,Brooklyn Nets,0021501178,2016-04-08,BKN @ CHA,L,25,5,9,0.556,2,3,0.667,0,2,0.0,0,3,3,1,3,0,1,1,12,-5,25.1,1,2015-16
22015,2546,Carmelo Anthony,1610612752,NYK,New York Knicks,0021501180,2016-04-08,NYK @ PHI,W,26,8,18,0.444,1,6,0.167,3,4,0.75,0,3,3,1,0,2,1,2,20,-7,30.1,1,2015-16
22015,201160,Jason Smith,1610612753,ORL,Orlando Magic,0021501179,2016-04-08,ORL vs. MIA,W,13,3,8,0.375,0,0,,0,0,,0,3,3,0,0,4,0,1,6,2,21.6,1,2015-16
22015,202696,Nikola Vučević,1610612753,ORL,Orlando Magic,0021501179,2016-04-08,ORL vs. MIA,W,35,12,20,0.6,0,0,,5,6,0.833,3,3,6,1,1,2,1,3,29,1,45.7,1,2015-16
22015,203506,Victor Oladipo,1610612753,ORL,Orlando Magic,0021501179,2016-04-08,ORL vs. MIA,W,28,6,12,0.5,1,1,1.0,0,0,,1,3,4,1,0,2,1,2,13,0,24.3,1,2015-16
22015,203906,Devyn Marble,1610612753,ORL,Orlando Magic,0021501179,2016-04-08,ORL vs. MIA,W,5,0,1,0.0,0,0,,0,0,,0,2,2,0,1,0,0,2,0,4,5.4,1,2015-16
22015,201951,Ty Lawson,1610612754,IND,Indiana Pacers,0021501183,2016-04-08,IND @ TOR,L,18,1,2,0.5,0,0,,0,0,,1,1,2,5,0,0,1,2,2,-9,10.9,1,2015-16
22015,203088,Kendall Marshall,1610612755,PHI,Philadelphia 76ers,0021501180,2016-04-08,PHI vs. NYK,L,8,1,3,0.333,0,2,0.0,0,0,,0,0,0,0,1,0,0,2,2,-18,5.0,1,2015-16
22015,203138,Hollis Thompson,1610612755,PHI,Philadelphia 76ers,0021501180,2016-04-08,PHI vs. NYK,L,27,1,11,0.091,0,6,0.0,0,0,,0,1,1,2,0,0,0,1,2,-18,6.2,1,2015-16
22015,2561,David West,1610612759,SAS,San Antonio Spurs,0021501186,2016-04-08,SAS @ DEN,L,32,6,12,0.5,0,1,0.0,5,6,0.833,1,6,7,2,1,5,0,3,17,-16,46.4,1,2015-16
22015,203937,Kyle Anderson,1610612759,SAS,San Antonio Spurs,0021501186,2016-04-08,SAS @ DEN,L,35,1,9,0.111,0,1,0.0,0,0,,1,5,6,2,0,0,1,1,2,-8,11.2,1,2015-16
22015,1626181,Norman Powell,1610612761,TOR,Toronto Raptors,0021501183,2016-04-08,TOR vs. IND,W,41,5,11,0.455,3,4,0.75,14,19,0.737,0,6,6,4,1,0,3,2,27,11,40.2,1,2015-16
22015,202324,Derrick Favors,1610612762,UTA,Utah Jazz,0021501187,2016-04-08,UTA vs. LAC,L,37,5,10,0.5,0,0,,1,2,0.5,3,8,11,0,2,4,4,2,11,-8,38.2,1,2015-16
22015,1626185,Jarell Martin,1610612763,MEM,Memphis Grizzlies,0021501185,2016-04-08,MEM @ DAL,L,11,2,3,0.667,0,0,,0,2,0.0,2,1,3,0,0,0,1,3,4,-6,6.6,1,2015-16
22015,201162,Jared Dudley,1610612764,WAS,Washington Wizards,0021501182,2016-04-08,WAS @ DET,L,12,3,4,0.75,1,1,1.0,0,0,,0,2,2,2,0,0,0,4,7,2,12.4,1,2015-16
22015,203078,Bradley Beal,1610612764,WAS,Washington Wizards,0021501182,2016-04-08,WAS @ DET,L,41,10,22,0.455,2,4,0.5,3,6,0.5,1,5,6,3,0,0,6,1,25,-29,30.7,1,2015-16
22015,203382,Aron Baynes,1610612765,DET,Detroit Pistons,0021501182,2016-04-08,DET vs. WAS,W,22,1,4,0.25,0,0,,10,10,1.0,0,5,5,0,0,1,0,1,12,5,21.0,1,2015-16
22015,101107,Marvin Williams,1610612766,CHA,Charlotte Hornets,0021501178,2016-04-08,CHA vs. BKN,W,22,4,7,0.571,1,4,0.25,3,4,0.75,2,1,3,1,3,1,0,4,12,8,29.1,1,2015-16
22015,203096,Jared Sullinger,1610612738,BOS,Boston Celtics,0021501181,2016-04-08,BOS vs. MIL,W,19,7,12,0.583,1,2,0.5,0,2,0.0,0,5,5,3,0,0,0,3,15,4,25.5,1,2015-16
22015,203482,Kelly Olynyk,1610612738,BOS,Boston Celtics,0021501181,2016-04-08,BOS vs. MIL,W,23,5,5,1.0,1,1,1.0,5,7,0.714,0,7,7,1,2,0,1,2,16,22,30.9,1,2015-16
22015,101109,Raymond Felton,1610612742,DAL,Dallas Mavericks,0021501185,2016-04-08,DAL vs. MEM,W,36,3,12,0.25,1,5,0.2,4,5,0.8,1,5,6,14,2,0,3,2,11,16,42.2,1,2015-16
22015,101111,Charlie Villanueva,1610612742,DAL,Dallas Mavericks,0021501185,2016-04-08,DAL vs. MEM,W,2,1,2,0.5,0,1,0.0,0,0,,0,0,0,0,0,0,0,0,2,-2,2.0,1,2015-16
22015,202083,Wesley Matthews,1610612742,DAL,Dallas Mavericks,0021501185,2016-04-08,DAL vs. MEM,W,44,3,7,0.429,3,6,0.5,2,2,1.0,0,2,2,1,0,0,1,3,11,18,13.9,1,2015-16
22015,201571,D.J. Augustin,1610612743,DEN,Denver Nuggets,0021501186,2016-04-08,DEN vs. SAS,W,14,2,5,0.4,0,1,0.0,0,0,,0,0,0,2,0,0,1,1,4,-19,6.0,1,2015-16
22015,977,Kobe Bryant,1610612747,LAL,Los Angeles Lakers,0021501184,2016-04-08,LAL @ NOP,L,22,4,15,0.267,3,9,0.333,3,3,1.0,0,3,3,4,1,0,2,0,14,-16,24.6,1,2015-16
22015,203527,Ryan Kelly,1610612747,LAL,Los Angeles Lakers,0021501184,2016-04-08,LAL @ NOP,L,22,1,5,0.2,0,0,,0,0,,2,1,3,0,0,1,0,0,2,0,8.6,1,2015-16
22015,1626273,Marcelo Huertas,1610612747,LAL,Los Angeles Lakers,0021501184,2016-04-08,LAL @ NOP,L,27,3,8,0.375,0,1,0.0,1,1,1.0,1,0,1,4,0,0,3,4,7,-5,11.2,1,2015-16
22015,2736,Luol Deng,1610612748,MIA,Miami Heat,0021501179,2016-04-08,MIA @ ORL,L,32,4,7,0.571,2,3,0.667,0,0,,3,7,10,1,0,0,1,2,10,-15,22.5,1,2015-16
22015,202355,Hassan Whiteside,1610612748,MIA,Miami Heat,0021501179,2016-04-08,MIA @ ORL,L,28,6,12,0.5,0,0,,1,7,0.143,7,9,16,0,0,4,0,3,13,4,44.2,1,2015-16
22015,202328,Greg Monroe,1610612749,MIL,Milwaukee Bucks,0021501181,2016-04-08,MIL @ BOS,L,28,4,6,0.667,0,0,,2,4,0.5,2,6,8,4,0,0,3,3,10,-7,22.6,1,2015-16
22015,202349,Greivis Vasquez,1610612749,MIL,Milwaukee Bucks,0021501181,2016-04-08,MIL @ BOS,L,15,2,3,0.667,1,2,0.5,0,1,0.0,0,0,0,1,0,0,2,2,5,-17,4.5,1,2015-16
22015,1626173,Rashad Vaughn,1610612749,MIL,Milwaukee Bucks,0021501181,2016-04-08,MIL @ BOS,L,40,5,12,0.417,2,7,0.286,0,0,,0,2,2,3,2,1,1,3,12,-9,26.9,1,2015-16
22015,201167,Arron Afflalo,1610612752,NYK,New York Knicks,0021501180,2016-04-08,NYK @ PHI,W,31,4,10,0.4,1,2,0.5,0,0,,0,5,5,1,0,0,0,0,9,17,16.5,1,2015-16
22015,203921,Cleanthony Early,1610612752,NYK,New York Knicks,0021501180,2016-04-08,NYK @ PHI,W,17,0,2,0.0,0,1,0.0,1,2,0.5,0,5,5,1,0,1,0,6,1,10,11.5,1,2015-16
22015,101133,Ian Mahinmi,1610612754,IND,Indiana Pacers,0021501183,2016-04-08,IND @ TOR,L,18,1,5,0.2,0,0,,0,0,,0,5,5,0,1,3,1,5,2,-3,19.0,1,2015-16
22015,101139,CJ Miles,1610612754,IND,Indiana Pacers,0021501183,2016-04-08,IND @ TOR,L,23,4,11,0.364,2,8,0.25,3,3,1.0,0,1,1,0,0,0,0,3,13,-1,14.2,1,2015-16
22015,202331,Paul George,1610612754,IND,Indiana Pacers,0021501183,2016-04-08,IND @ TOR,L,28,4,11,0.364,2,5,0.4,4,5,0.8,0,4,4,3,1,1,1,4,14,-14,28.3,1,2015-16
22015,203524,Solomon Hill,1610612754,IND,Indiana Pacers,0021501183,2016-04-08,IND @ TOR,L,28,6,12,0.5,3,7,0.429,1,2,0.5,1,1,2,3,0,0,2,1,16,-10,20.9,1,2015-16
22015,203457,Nerlens Noel,1610612755,PHI,Philadelphia 76ers,0021501180,2016-04-08,PHI vs. NYK,L,33,5,13,0.385,0,0,,7,10,0.7,5,5,10,1,2,2,0,3,17,14,42.5,1,2015-16
22015,2588,Matt Bonner,1610612759,SAS,San Antonio Spurs,0021501186,2016-04-08,SAS @ DEN,L,13,1,3,0.333,0,2,0.0,0,0,,0,3,3,0,0,0,0,1,2,14,5.6,1,2015-16
22015,201949,James Johnson,1610612761,TOR,Toronto Raptors,0021501183,2016-04-08,TOR vs. IND,W,28,3,7,0.429,0,2,0.0,3,4,0.75,0,5,5,3,1,0,2,4,9,14,20.5,1,2015-16
22015,202335,Patrick Patterson,1610612761,TOR,Toronto Raptors,0021501183,2016-04-08,TOR vs. IND,W,27,1,5,0.2,0,4,0.0,0,0,,1,3,4,2,0,2,1,0,2,13,14.8,1,2015-16
22015,202687,Bismack Biyombo,1610612761,TOR,Toronto Raptors,0021501183,2016-04-08,TOR vs. IND,W,10,1,1,1.0,0,0,,0,0,,0,4,4,0,0,0,0,0,2,8,6.8,1,2015-16
22015,202692,Alec Burks,1610612762,UTA,Utah Jazz,0021501187,2016-04-08,UTA vs. LAC,L,13,4,5,0.8,3,3,1.0,0,0,,0,1,1,0,0,0,1,1,11,6,11.2,1,2015-16
22015,204060,Joe Ingles,1610612762,UTA,Utah Jazz,0021501187,2016-04-08,UTA vs. LAC,L,22,2,5,0.4,1,4,0.25,0,0,,0,2,2,0,3,0,0,3,5,-1,16.4,1,2015-16
22015,202362,Lance Stephenson,1610612763,MEM,Memphis Grizzlies,0021501185,2016-04-08,MEM @ DAL,L,25,5,10,0.5,0,1,0.0,0,0,,1,5,6,5,0,0,2,4,10,-4,22.7,1,2015-16
22015,203955,Bryce Cotton,1610612763,MEM,Memphis Grizzlies,0021501185,2016-04-08,MEM @ DAL,L,0,0,0,,0,0,,0,0,,0,0,0,0,0,0,0,0,0,0,0.0,1,2015-16
22015,101162,Marcin Gortat,1610612764,WAS,Washington Wizards,0021501182,2016-04-08,WAS @ DET,L,26,4,9,0.444,0,0,,0,0,,2,2,4,3,0,0,3,5,8,-15,14.3,1,2015-16
22015,202066,Garrett Temple,1610612764,WAS,Washington Wizards,0021501182,2016-04-08,WAS @ DET,L,21,1,6,0.167,0,3,0.0,0,0,,0,3,3,2,1,1,0,1,2,6,14.6,1,2015-16
22015,203484,Kentavious Caldwell-Pope,1610612765,DET,Detroit Pistons,0021501182,2016-04-08,DET vs. WAS,W,37,6,11,0.545,2,5,0.4,0,0,,1,3,4,0,1,0,2,3,14,25,19.8,1,2015-16
22015,2744,Al Jefferson,1610612766,CHA,Charlotte Hornets,0021501178,2016-04-08,CHA vs. BKN,W,17,3,8,0.375,0,0,,0,0,,2,7,9,5,2,0,1,2,6,5,29.3,1,2015-16
22015,201150,Spencer Hawes,1610612766,CHA,Charlotte Hornets,0021501178,2016-04-08,CHA vs. BKN,W,13,1,3,0.333,0,1,0.0,2,2,1.0,1,1,2,3,0,1,0,2,4,-6,13.9,1,2015-16
22015,203469,Cody Zeller,1610612766,CHA,Charlotte Hornets,0021501178,2016-04-08,CHA vs. BKN,W,23,1,2,0.5,0,0,,3,4,0.75,0,4,4,1,1,5,1,1,5,19,28.3,1,2015-16
22015,1626163,Frank Kaminsky,1610612766,CHA,Charlotte Hornets,0021501178,2016-04-08,CHA vs. BKN,W,21,5,8,0.625,1,2,0.5,1,1,1.0,1,3,4,1,1,0,0,1,12,9,21.3,1,2015-16
22015,101161,Amir Johnson,1610612738,BOS,Boston Celtics,0021501181,2016-04-08,BOS vs. MIL,W,15,2,3,0.667,0,0,,0,0,,0,1,1,3,0,0,1,4,4,-3,8.7,1,2015-16
22015,201973,Jonas Jerebko,1610612738,BOS,Boston Celtics,0021501181,2016-04-08,BOS vs. MIL,W,22,2,4,0.5,0,1,0.0,2,2,1.0,2,5,7,3,1,1,1,2,6,3,23.9,1,2015-16
22015,202738,Isaiah Thomas,1610612738,BOS,Boston Celtics,0021501181,2016-04-08,BOS vs. MIL,W,25,7,9,0.778,1,2,0.5,5,5,1.0,0,2,2,3,0,2,2,1,20,6,30.9,1,2015-16
22015,203092,Tyler Zeller,1610612738,BOS,Boston Celtics,0021501181,2016-04-08,BOS vs. MIL,W,25,9,15,0.6,0,0,,8,9,0.889,1,2,3,2,0,4,0,3,26,7,44.6,1,2015-16
22015,1626154,RJ Hunter,1610612738,BOS,Boston Celtics,0021501181,2016-04-08,BOS vs. MIL,W,3,0,0,,0,0,,0,0,,0,0,0,0,0,0,1,0,0,-9,-1.0,1,2015-16
22015,1626175,Jordan Mickey,1610612738,BOS,Boston Celtics,0021501181,2016-04-08,BOS vs. MIL,W,3,0,2,0.0,0,0,,0,0,,0,0,0,0,0,0,0,1,0,-9,0.0,1,2015-16
22015,1626179,Terry Rozier,1610612738,BOS,Boston Celtics,0021501181,2016-04-08,BOS vs. MIL,W,6,2,3,0.667,0,0,,0,0,,0,0,0,0,0,0,2,1,4,-8,2.0,1,2015-16
22015,201962,Toney Douglas,1610612740,NOP,New Orleans Pelicans,0021501184,2016-04-08,NOP vs. LAL,W,33,7,15,0.467,1,4,0.25,5,6,0.833,1,5,6,4,1,0,1,4,20,6,35.2,1,2015-16
22015,201967,Dante Cunningham,1610612740,NOP,New Orleans Pelicans,0021501184,2016-04-08,NOP vs. LAL,W,34,7,11,0.636,3,4,0.75,2,2,1.0,0,1,1,3,0,0,2,2,19,14,22.7,1,2015-16
22015,204025,Tim Frazier,1610612740,NOP,New Orleans Pelicans,0021501184,2016-04-08,NOP vs. LAL,W,26,3,7,0.429,1,2,0.5,0,2,0.0,0,3,3,12,1,0,3,3,7,2,28.6,1,2015-16
22015,1717,Dirk Nowitzki,1610612742,DAL,Dallas Mavericks,0021501185,2016-04-08,DAL vs. MEM,W,34,6,12,0.5,2,6,0.333,7,8,0.875,0,3,3,2,1,0,3,4,21,13,27.6,1,2015-16
22015,2034,Mike Miller,1610612743,DEN,Denver Nuggets,0021501186,2016-04-08,DEN vs. SAS,W,13,1,3,0.333,1,3,0.333,0,0,,0,2,2,1,0,0,0,2,3,-18,6.9,1,2015-16
22015,203115,Will Barton,1610612743,DEN,Denver Nuggets,0021501186,2016-04-08,DEN vs. SAS,W,33,5,12,0.417,0,4,0.0,1,2,0.5,0,1,1,2,2,0,0,4,11,-13,21.2,1,2015-16
22015,203994,Jusuf Nurkić,1610612743,DEN,Denver Nuggets,0021501186,2016-04-08,DEN vs. SAS,W,35,10,18,0.556,0,0,,1,2,0.5,3,7,10,1,2,2,2,4,21,9,44.5,1,2015-16
22015,203999,Nikola Jokić,1610612743,DEN,Denver Nuggets,0021501186,2016-04-08,DEN vs. SAS,W,32,3,9,0.333,0,2,0.0,2,2,1.0,3,12,15,4,1,1,0,2,8,24,38.0,1,2015-16
22015,1626204,Larry Nance Jr.,1610612747,LAL,Los Angeles Lakers,0021501184,2016-04-08,LAL @ NOP,L,24,3,6,0.5,0,0,,2,2,1.0,2,2,4,0,2,2,0,0,8,7,24.8,1,2015-16
22015,1626196,Josh Richardson,1610612748,MIA,Miami Heat,0021501179,2016-04-08,MIA @ ORL,L,33,4,11,0.364,2,5,0.4,3,4,0.75,4,1,5,4,1,1,1,1,13,4,30.0,1,2015-16
22015,203953,Jabari Parker,1610612749,MIL,Milwaukee Bucks,0021501181,2016-04-08,MIL @ BOS,L,29,8,18,0.444,0,1,0.0,2,3,0.667,2,3,5,1,0,0,1,3,18,-12,24.5,1,2015-16
22015,202711,Bojan Bogdanovic,1610612751,BKN,Brooklyn Nets,0021501178,2016-04-08,BKN @ CHA,L,21,2,12,0.167,0,2,0.0,0,0,,0,1,1,1,0,1,0,0,4,-16,9.7,1,2015-16
22015,203080,Thomas Robinson,1610612751,BKN,Brooklyn Nets,0021501178,2016-04-08,BKN @ CHA,L,31,7,16,0.438,0,0,,2,8,0.25,12,5,17,0,1,0,1,6,16,-14,38.4,1,2015-16
22015,203156,Henry Sims,1610612751,BKN,Brooklyn Nets,0021501178,2016-04-08,BKN @ CHA,L,17,3,7,0.429,0,0,,1,2,0.5,1,6,7,1,0,1,2,2,7,0,17.9,1,2015-16
22015,203900,Markel Brown,1610612751,BKN,Brooklyn Nets,0021501178,2016-04-08,BKN @ CHA,L,22,2,5,0.4,0,2,0.0,2,2,1.0,0,4,4,4,1,0,2,3,6,-5,17.8,1,2015-16
22015,201577,Robin Lopez,1610612752,NYK,New York Knicks,0021501180,2016-04-08,NYK @ PHI,W,28,9,17,0.529,0,0,,6,12,0.5,8,7,15,1,0,3,2,4,24,-7,50.5,1,2015-16
22015,203124,Kyle O'Quinn,1610612752,NYK,New York Knicks,0021501180,2016-04-08,NYK @ PHI,W,20,4,8,0.5,0,0,,2,2,1.0,3,5,8,1,0,2,1,2,10,14,26.1,1,2015-16
22015,201228,C.J. Watson,1610612753,ORL,Orlando Magic,0021501179,2016-04-08,ORL vs. MIA,W,29,3,5,0.6,1,1,1.0,0,0,,0,2,2,1,0,1,1,2,7,-1,12.9,1,2015-16
22015,101145,Monta Ellis,1610612754,IND,Indiana Pacers,0021501183,2016-04-08,IND @ TOR,L,29,7,14,0.5,0,5,0.0,3,4,0.75,1,2,3,4,1,0,0,3,17,-4,29.6,1,2015-16
22015,1626167,Myles Turner,1610612754,IND,Indiana Pacers,0021501183,2016-04-08,IND @ TOR,L,23,2,4,0.5,0,0,,1,2,0.5,2,4,6,3,0,2,1,5,5,-13,21.7,1,2015-16
22015,204456,T.J. McConnell,1610612755,PHI,Philadelphia 76ers,0021501180,2016-04-08,PHI vs. NYK,L,16,1,4,0.25,0,0,,0,0,,0,0,0,3,1,0,3,0,2,-23,6.5,1,2015-16
22015,1495,Tim Duncan,1610612759,SAS,San Antonio Spurs,0021501186,2016-04-08,SAS @ DEN,L,34,9,15,0.6,0,0,,3,6,0.5,2,5,7,2,0,1,2,1,21,-3,33.4,1,2015-16
22015,2755,Kevin Martin,1610612759,SAS,San Antonio Spurs,0021501186,2016-04-08,SAS @ DEN,L,26,5,11,0.455,2,4,0.5,5,5,1.0,1,5,6,0,1,0,2,1,17,-3,25.2,1,2015-16
22015,201988,Patty Mills,1610612759,SAS,San Antonio Spurs,0021501186,2016-04-08,SAS @ DEN,L,23,2,12,0.167,1,5,0.2,2,2,1.0,0,3,3,7,1,1,1,0,7,-1,26.1,1,2015-16
22015,1626153,Delon Wright,1610612761,TOR,Toronto Raptors,0021501183,2016-04-08,TOR vs. IND,W,26,6,10,0.6,1,2,0.5,6,8,0.75,1,3,4,2,0,0,3,0,19,-2,23.8,1,2015-16
22015,2754,Tony Allen,1610612763,MEM,Memphis Grizzlies,0021501185,2016-04-08,MEM @ DAL,L,37,8,14,0.571,0,0,,9,9,1.0,5,2,7,1,3,1,2,4,25,5,44.9,1,2015-16
22015,200770,Jordan Farmar,1610612763,MEM,Memphis Grizzlies,0021501185,2016-04-08,MEM @ DAL,L,26,4,9,0.444,3,4,0.75,0,0,,0,2,2,2,0,0,4,3,11,-12,12.4,1,2015-16
22015,2403,Nene,1610612764,WAS,Washington Wizards,0021501182,2016-04-08,WAS @ DET,L,21,5,9,0.556,0,0,,3,4,0.75,2,2,4,2,1,0,1,4,13,2,22.8,1,2015-16
22015,201196,Ramon Sessions,1610612764,WAS,Washington Wizards,0021501182,2016-04-08,WAS @ DET,L,32,4,8,0.5,0,1,0.0,4,4,1.0,0,1,1,6,1,0,2,2,12,-9,23.2,1,2015-16
22015,203490,Otto Porter Jr.,1610612764,WAS,Washington Wizards,0021501182,2016-04-08,WAS @ DET,L,31,1,5,0.2,1,1,1.0,0,0,,4,4,8,0,1,0,0,1,3,-10,15.6,1,2015-16
22015,203083,Andre Drummond,1610612765,DET,Detroit Pistons,0021501182,2016-04-08,DET vs. WAS,W,26,3,10,0.3,0,0,,2,5,0.4,1,5,6,1,3,0,0,3,8,8,25.7,1,2015-16
22015,203268,Jorge Gutierrez,1610612766,CHA,Charlotte Hornets,0021501178,2016-04-08,CHA vs. BKN,W,2,0,0,,0,0,,0,0,,0,0,0,0,0,0,0,0,0,-6,0.0,1,2015-16
22015,203584,Troy Daniels,1610612766,CHA,Charlotte Hornets,0021501178,2016-04-08,CHA vs. BKN,W,25,6,10,0.6,5,7,0.714,0,0,,0,3,3,0,1,0,2,2,17,1,21.6,1,2015-16
22015,203109,Jae Crowder,1610612738,BOS,Boston Celtics,0021501181,2016-04-08,BOS vs. MIL,W,14,2,7,0.286,1,4,0.25,4,5,0.8,0,2,2,0,0,0,0,3,9,3,11.4,1,2015-16
22015,202337,Luke Babbitt,1610612740,NOP,New Orleans Pelicans,0021501184,2016-04-08,NOP vs. LAL,W,24,5,8,0.625,3,3,1.0,2,2,1.0,0,3,3,4,1,0,1,2,15,-9,26.6,1,2015-16
22015,203516,James Ennis III,1610612740,NOP,New Orleans Pelicans,0021501184,2016-04-08,NOP vs. LAL,W,27,2,6,0.333,0,3,0.0,2,2,1.0,0,3,3,2,1,0,2,1,6,9,13.6,1,2015-16
22015,200826,J.J. Barea,1610612742,DAL,Dallas Mavericks,0021501185,2016-04-08,DAL vs. MEM,W,8,2,6,0.333,0,3,0.0,1,2,0.5,0,1,1,1,0,0,1,1,5,-7,6.7,1,2015-16
22015,203939,Dwight Powell,1610612742,DAL,Dallas Mavericks,0021501185,2016-04-08,DAL vs. MEM,W,1,0,0,,0,0,,0,0,,0,0,0,0,0,1,0,0,0,4,3.0,1,2015-16
22015,203914,Gary Harris,1610612743,DEN,Denver Nuggets,0021501186,2016-04-08,DEN vs. SAS,W,29,2,6,0.333,0,3,0.0,2,2,1.0,0,3,3,3,1,0,1,3,6,19,16.1,1,2015-16
22015,203960,JaKarr Sampson,1610612743,DEN,Denver Nuggets,0021501186,2016-04-08,DEN vs. SAS,W,25,6,8,0.75,1,2,0.5,3,4,0.75,1,3,4,0,2,1,0,1,16,16,29.8,1,2015-16
22015,1718,Paul Pierce,1610612746,LAC,LA Clippers,0021501187,2016-04-08,LAC @ UTA,W,33,7,12,0.583,4,5,0.8,0,0,,0,2,2,2,3,0,5,0,18,12,27.4,1,2015-16
22015,2037,Jamal Crawford,1610612746,LAC,LA Clippers,0021501187,2016-04-08,LAC @ UTA,W,49,9,20,0.45,4,11,0.364,8,10,0.8,2,3,5,4,1,1,1,3,30,6,47.0,1,2015-16
22015,201145,Jeff Green,1610612746,LAC,LA Clippers,0021501187,2016-04-08,LAC @ UTA,W,36,7,21,0.333,3,7,0.429,1,2,0.5,1,3,4,0,1,1,1,2,18,-24,27.8,1,2015-16
22015,201601,Luc Mbah a Moute,1610612746,LAC,LA Clippers,0021501187,2016-04-08,LAC @ UTA,W,33,0,2,0.0,0,0,,0,0,,0,3,3,1,2,0,0,2,0,16,11.1,1,2015-16
22015,202332,Cole Aldrich,1610612746,LAC,LA Clippers,0021501187,2016-04-08,LAC @ UTA,W,40,10,15,0.667,0,0,,1,2,0.5,4,14,18,2,5,1,2,4,21,20,61.6,1,2015-16
22015,201579,Roy Hibbert,1610612747,LAL,Los Angeles Lakers,0021501184,2016-04-08,LAL @ NOP,L,17,1,5,0.2,0,0,,2,2,1.0,1,5,6,0,1,1,2,2,4,-8,15.2,1,2015-16
22015,204028,Tarik Black,1610612747,LAL,Los Angeles Lakers,0021501184,2016-04-08,LAL @ NOP,L,16,1,2,0.5,0,0,,0,0,,0,4,4,1,1,1,1,4,2,2,13.3,1,2015-16
22015,2617,Udonis Haslem,1610612748,MIA,Miami Heat,0021501179,2016-04-08,MIA @ ORL,L,9,3,4,0.75,0,0,,1,3,0.333,0,3,3,0,0,0,0,2,7,-2,10.6,1,2015-16
22015,201609,Goran Dragic,1610612748,MIA,Miami Heat,0021501179,2016-04-08,MIA @ ORL,L,30,6,16,0.375,1,3,0.333,2,2,1.0,5,3,8,6,1,0,4,2,15,-1,32.6,1,2015-16
22015,203089,John Henson,1610612749,MIL,Milwaukee Bucks,0021501181,2016-04-08,MIL @ BOS,L,17,2,6,0.333,0,0,,1,2,0.5,0,4,4,1,1,3,1,2,5,-4,22.3,1,2015-16
22015,203948,Johnny O'Bryant III,1610612749,MIL,Milwaukee Bucks,0021501181,2016-04-08,MIL @ BOS,L,11,3,5,0.6,0,0,,1,1,1.0,0,0,0,0,0,0,0,1,7,-10,7.0,1,2015-16
22015,203996,Damien Inglis,1610612749,MIL,Milwaukee Bucks,0021501181,2016-04-08,MIL @ BOS,L,15,0,3,0.0,0,1,0.0,0,0,,0,1,1,1,1,0,1,3,0,2,4.7,1,2015-16
22015,203499,Shane Larkin,1610612751,BKN,Brooklyn Nets,0021501178,2016-04-08,BKN @ CHA,L,25,0,4,0.0,0,1,0.0,2,2,1.0,0,2,2,8,2,1,4,2,2,-1,21.4,1,2015-16
22015,203930,Sean Kilpatrick,1610612751,BKN,Brooklyn Nets,0021501178,2016-04-08,BKN @ CHA,L,27,5,12,0.417,2,7,0.286,4,4,1.0,1,1,2,2,2,0,1,0,16,2,26.4,1,2015-16
22015,1626178,Rondae Hollis-Jefferson,1610612751,BKN,Brooklyn Nets,0021501178,2016-04-08,BKN @ CHA,L,23,3,8,0.375,1,3,0.333,0,0,,0,6,6,1,0,1,0,2,7,-9,18.7,1,2015-16
22015,2756,Sasha Vujacic,1610612752,NYK,New York Knicks,0021501180,2016-04-08,NYK @ PHI,W,32,6,7,0.857,2,3,0.667,2,2,1.0,0,5,5,4,2,0,0,3,16,4,34.0,1,2015-16
22015,1626170,Jerian Grant,1610612752,NYK,New York Knicks,0021501180,2016-04-08,NYK @ PHI,W,30,6,11,0.545,0,2,0.0,4,7,0.571,0,5,5,6,1,0,3,3,16,-18,31.0,1,2015-16
22015,203901,Elfrid Payton,1610612753,ORL,Orlando Magic,0021501179,2016-04-08,ORL vs. MIA,W,37,6,12,0.5,0,2,0.0,4,7,0.571,0,3,3,10,1,0,3,2,16,2,34.6,1,2015-16
22015,201588,George Hill,1610612754,IND,Indiana Pacers,0021501183,2016-04-08,IND @ TOR,L,32,2,6,0.333,1,2,0.5,0,0,,0,0,0,3,0,0,0,2,5,-5,9.5,1,2015-16
22015,202730,Lavoy Allen,1610612754,IND,Indiana Pacers,0021501183,2016-04-08,IND @ TOR,L,20,5,6,0.833,0,0,,2,2,1.0,4,4,8,0,1,0,2,1,12,-3,22.6,1,2015-16
22015,203917,Nik Stauskas,1610612755,PHI,Philadelphia 76ers,0021501180,2016-04-08,PHI vs. NYK,L,37,4,13,0.308,3,8,0.375,6,6,1.0,1,6,7,5,0,0,0,3,17,6,32.9,1,2015-16
22015,201574,Jason Thompson,1610612761,TOR,Toronto Raptors,0021501183,2016-04-08,TOR vs. IND,W,22,3,7,0.429,2,2,1.0,0,0,,2,4,6,1,1,1,0,3,8,10,22.7,1,2015-16
22015,202709,Cory Joseph,1610612761,TOR,Toronto Raptors,0021501183,2016-04-08,TOR vs. IND,W,35,6,6,1.0,2,2,1.0,4,5,0.8,0,1,1,9,1,0,1,0,18,9,34.7,1,2015-16
22015,202714,Shelvin Mack,1610612762,UTA,Utah Jazz,0021501187,2016-04-08,UTA vs. LAC,L,33,3,9,0.333,1,6,0.167,6,6,1.0,1,1,2,2,0,0,2,5,13,-20,16.4,1,2015-16
22015,203526,Raul Neto,1610612762,UTA,Utah Jazz,0021501187,2016-04-08,UTA vs. LAC,L,13,2,4,0.5,0,1,0.0,2,2,1.0,0,1,1,4,2,0,2,1,6,20,17.2,1,2015-16
22015,203918,Rodney Hood,1610612762,UTA,Utah Jazz,0021501187,2016-04-08,UTA vs. LAC,L,46,5,19,0.263,2,10,0.2,1,2,0.5,0,5,5,2,0,0,0,1,13,-4,22.0,1,2015-16
22015,2440,Matt Barnes,1610612763,MEM,Memphis Grizzlies,0021501185,2016-04-08,MEM @ DAL,L,38,3,11,0.273,3,8,0.375,2,2,1.0,0,7,7,5,2,0,2,4,11,-8,30.9,1,2015-16
22015,202693,Markieff Morris,1610612764,WAS,Washington Wizards,0021501182,2016-04-08,WAS @ DET,L,37,10,20,0.5,2,6,0.333,7,9,0.778,2,5,7,0,0,0,0,4,29,-15,37.4,1,2015-16
22015,202699,Tobias Harris,1610612765,DET,Detroit Pistons,0021501182,2016-04-08,DET vs. WAS,W,37,4,9,0.444,3,5,0.6,6,6,1.0,1,8,9,1,0,0,0,3,17,24,29.3,1,2015-16
22015,202704,Reggie Jackson,1610612765,DET,Detroit Pistons,0021501182,2016-04-08,DET vs. WAS,W,34,14,20,0.7,4,5,0.8,7,7,1.0,1,3,4,9,0,0,5,3,39,20,52.3,1,2015-16
22015,201587,Nicolas Batum,1610612766,CHA,Charlotte Hornets,0021501178,2016-04-08,CHA vs. BKN,W,27,6,11,0.545,2,6,0.333,0,0,,2,4,6,6,0,1,4,2,14,20,29.2,1,2015-16
22015,1626151,Aaron Harrison,1610612766,CHA,Charlotte Hornets,0021501178,2016-04-08,CHA vs. BKN,W,2,0,1,0.0,0,1,0.0,0,0,,0,0,0,0,1,0,0,0,0,-5,3.0,1,2015-16
22015,1626147,Justin Anderson,1610612742,DAL,Dallas Mavericks,0021501185,2016-04-08,DAL vs. MEM,W,38,4,7,0.571,3,5,0.6,8,8,1.0,2,8,10,0,1,3,2,0,19,8,41.0,1,2015-16
22015,203135,Robert Sacre,1610612747,LAL,Los Angeles Lakers,0021501184,2016-04-08,LAL @ NOP,L,15,0,2,0.0,0,0,,0,0,,1,3,4,1,1,0,0,3,0,-2,9.3,1,2015-16
22015,1626209,Mario Hezonja,1610612753,ORL,Orlando Magic,0021501179,2016-04-08,ORL vs. MIA,W,23,4,7,0.571,1,2,0.5,0,0,,0,4,4,3,0,0,1,1,9,5,17.3,1,2015-16
22015,1889,Andre Miller,1610612759,SAS,San Antonio Spurs,0021501186,2016-04-08,SAS @ DEN,L,28,4,11,0.364,0,0,,0,0,,1,3,4,5,3,0,2,1,8,-5,27.3,1,2015-16
22015,203497,Rudy Gobert,1610612762,UTA,Utah Jazz,0021501187,2016-04-08,UTA vs. LAC,L,24,3,3,1.0,0,0,,1,4,0.25,4,3,7,1,0,0,1,0,7,-4,15.9,1,2015-16
22015,1626168,Trey Lyles,1610612762,UTA,Utah Jazz,0021501187,2016-04-08,UTA vs. LAC,L,14,2,6,0.333,0,1,0.0,0,0,,0,4,4,0,0,0,0,1,4,11,8.8,1,2015-16
22015,204098,Xavier Munford,1610612763,MEM,Memphis Grizzlies,0021501185,2016-04-08,MEM @ DAL,L,15,0,2,0.0,0,2,0.0,1,2,0.5,0,0,0,1,1,0,1,3,1,-3,4.5,1,2015-16
22015,201229,Anthony Tolliver,1610612765,DET,Detroit Pistons,0021501182,2016-04-08,DET vs. WAS,W,11,1,5,0.2,1,5,0.2,0,0,,1,1,2,0,0,1,1,1,3,-11,7.4,1,2015-16
22015,200757,Thabo Sefolosha,1610612737,ATL,Atlanta Hawks,0021501188,2016-04-09,ATL vs. BOS,W,30,0,2,0.0,0,0,,1,2,0.5,0,4,4,3,1,2,2,1,1,-5,17.3,1,2015-16
22015,202738,Isaiah Thomas,1610612738,BOS,Boston Celtics,0021501188,2016-04-09,BOS @ ATL,L,33,6,19,0.316,1,4,0.25,3,4,0.75,0,2,2,6,2,0,4,1,16,-16,29.4,1,2015-16
22015,101112,Channing Frye,1610612739,CLE,Cleveland Cavaliers,0021501191,2016-04-09,CLE @ CHI,L,15,2,6,0.333,2,5,0.4,0,0,,0,1,1,0,0,0,0,2,6,-14,7.2,1,2015-16
22015,201567,Kevin Love,1610612739,CLE,Cleveland Cavaliers,0021501191,2016-04-09,CLE @ CHI,L,36,6,17,0.353,4,9,0.444,4,5,0.8,3,10,13,3,0,0,3,3,20,11,37.1,1,2015-16
22015,202389,Timofey Mozgov,1610612739,CLE,Cleveland Cavaliers,0021501191,2016-04-09,CLE @ CHI,L,8,0,0,,0,0,,2,2,1.0,0,0,0,0,0,1,1,1,2,-11,4.0,1,2015-16
22015,202681,Kyrie Irving,1610612739,CLE,Cleveland Cavaliers,0021501191,2016-04-09,CLE @ CHI,L,39,5,17,0.294,1,2,0.5,0,0,,2,2,4,8,2,0,4,2,11,4,29.8,1,2015-16
22015,201962,Toney Douglas,1610612740,NOP,New Orleans Pelicans,0021501189,2016-04-09,NOP vs. PHX,L,31,8,14,0.571,3,6,0.5,4,4,1.0,0,2,2,5,1,0,1,2,23,-23,34.9,1,2015-16
22015,202703,Nikola Mirotic,1610612741,CHI,Chicago Bulls,0021501191,2016-04-09,CHI vs. CLE,W,17,5,11,0.455,3,7,0.429,0,0,,1,5,6,0,1,1,1,3,13,-10,25.2,1,2015-16
22015,202710,Jimmy Butler III,1610612741,CHI,Chicago Bulls,0021501191,2016-04-09,CHI vs. CLE,W,39,7,17,0.412,2,3,0.667,5,5,1.0,1,1,2,6,3,0,2,3,21,-7,39.4,1,2015-16
22015,203200,Justin Holiday,1610612741,CHI,Chicago Bulls,0021501191,2016-04-09,CHI vs. CLE,W,22,1,6,0.167,0,3,0.0,5,5,1.0,0,2,2,4,2,1,0,1,7,12,24.4,1,2015-16
22015,203926,Doug McDermott,1610612741,CHI,Chicago Bulls,0021501191,2016-04-09,CHI vs. CLE,W,11,2,4,0.5,1,1,1.0,1,2,0.5,0,3,3,0,0,0,1,2,6,11,8.6,1,2015-16
22015,1626171,Bobby Portis,1610612741,CHI,Chicago Bulls,0021501191,2016-04-09,CHI vs. CLE,W,29,3,10,0.3,0,1,0.0,0,1,0.0,5,5,10,0,0,0,1,2,6,17,17.0,1,2015-16
22015,1626245,Cristiano Felicio,1610612741,CHI,Chicago Bulls,0021501191,2016-04-09,CHI vs. CLE,W,23,7,7,1.0,0,0,,2,2,1.0,2,3,5,1,0,2,2,4,16,12,27.5,1,2015-16
22015,2760,Anderson Varejao,1610612744,GSW,Golden State Warriors,0021501190,2016-04-09,GSW @ MEM,W,5,0,1,0.0,0,0,,0,0,,0,5,5,0,0,0,0,0,0,-5,6.0,1,2015-16
22015,201939,Stephen Curry,1610612744,GSW,Golden State Warriors,0021501190,2016-04-09,GSW @ MEM,W,34,7,22,0.318,3,14,0.214,0,0,,0,9,9,8,1,0,2,1,17,10,40.8,1,2015-16
22015,202691,Klay Thompson,1610612744,GSW,Golden State Warriors,0021501190,2016-04-09,GSW @ MEM,W,35,7,16,0.438,2,10,0.2,4,4,1.0,1,4,5,3,1,1,1,0,20,17,35.5,1,2015-16
22015,203105,Festus Ezeli,1610612744,GSW,Golden State Warriors,0021501190,2016-04-09,GSW @ MEM,W,18,3,4,0.75,0,0,,3,3,1.0,0,4,4,1,0,0,0,0,9,16,15.3,1,2015-16
22015,2419,Tayshaun Prince,1610612750,MIN,Minnesota Timberwolves,0021501192,2016-04-09,MIN @ POR,W,22,4,4,1.0,0,0,,0,0,,0,2,2,1,1,0,1,0,8,8,13.9,1,2015-16
22015,203498,Shabazz Muhammad,1610612750,MIN,Minnesota Timberwolves,0021501192,2016-04-09,MIN @ POR,W,18,5,13,0.385,1,2,0.5,1,2,0.5,3,0,3,1,0,0,1,2,12,10,16.1,1,2015-16
22015,203458,Alex Len,1610612756,PHX,Phoenix Suns,0021501189,2016-04-09,PHX @ NOP,W,25,5,11,0.455,0,0,,0,0,,3,8,11,2,1,0,1,3,10,11,28.2,1,2015-16
22015,201945,Gerald Henderson,1610612757,POR,Portland Trail Blazers,0021501192,2016-04-09,POR vs. MIN,L,19,3,9,0.333,0,2,0.0,0,0,,0,0,0,0,0,0,4,1,6,-17,2.0,1,2015-16
22015,202329,Al-Farouq Aminu,1610612757,POR,Portland Trail Blazers,0021501192,2016-04-09,POR vs. MIN,L,32,4,8,0.5,2,5,0.4,0,0,,0,3,3,1,0,1,4,3,10,0,14.1,1,2015-16
22015,203112,Quincy Acy,1610612758,SAC,Sacramento Kings,0021501193,2016-04-09,SAC vs. OKC,W,21,3,5,0.6,0,1,0.0,1,2,0.5,3,5,8,0,1,0,1,1,7,16,18.6,1,2015-16
22015,203552,Seth Curry,1610612758,SAC,Sacramento Kings,0021501193,2016-04-09,SAC vs. OKC,W,33,7,13,0.538,6,10,0.6,0,0,,1,1,2,3,0,0,1,2,20,12,25.9,1,2015-16
22015,201627,Anthony Morrow,1610612760,OKC,Oklahoma City Thunder,0021501193,2016-04-09,OKC @ SAC,L,6,1,1,1.0,1,1,1.0,0,0,,0,1,1,0,0,0,0,0,3,0,4.2,1,2015-16
22015,202713,Kyle Singler,1610612760,OKC,Oklahoma City Thunder,0021501193,2016-04-09,OKC @ SAC,L,16,3,5,0.6,2,3,0.667,0,0,,1,2,3,0,0,1,2,3,8,-3,12.6,1,2015-16
22015,203079,Dion Waiters,1610612760,OKC,Oklahoma City Thunder,0021501193,2016-04-09,OKC @ SAC,L,23,1,4,0.25,1,2,0.5,1,2,0.5,1,1,2,4,0,1,0,1,4,-6,15.4,1,2015-16
22015,2440,Matt Barnes,1610612763,MEM,Memphis Grizzlies,0021501190,2016-04-09,MEM vs. GSW,L,40,8,17,0.471,3,8,0.375,5,5,1.0,3,12,15,4,0,0,1,3,24,-3,47.0,1,2015-16
22015,204098,Xavier Munford,1610612763,MEM,Memphis Grizzlies,0021501190,2016-04-09,MEM vs. GSW,L,30,3,10,0.3,1,3,0.333,1,2,0.5,1,6,7,4,3,1,0,2,8,2,34.4,1,2015-16
22015,1626185,Jarell Martin,1610612763,MEM,Memphis Grizzlies,0021501190,2016-04-09,MEM vs. GSW,L,13,2,4,0.5,0,0,,0,0,,1,0,1,0,0,1,0,3,4,-2,8.2,1,2015-16
22015,2594,Kyle Korver,1610612737,ATL,Atlanta Hawks,0021501188,2016-04-09,ATL vs. BOS,W,26,2,4,0.5,1,3,0.333,0,0,,0,1,1,1,0,0,2,4,5,26,5.7,1,2015-16
22015,2743,Kris Humphries,1610612737,ATL,Atlanta Hawks,0021501188,2016-04-09,ATL vs. BOS,W,8,1,2,0.5,0,0,,1,2,0.5,0,1,1,0,1,0,0,0,3,4,7.2,1,2015-16
22015,203145,Kent Bazemore,1610612737,ATL,Atlanta Hawks,0021501188,2016-04-09,ATL vs. BOS,W,28,8,13,0.615,2,6,0.333,3,3,1.0,0,5,5,3,3,2,5,5,21,7,41.5,1,2015-16
22015,101161,Amir Johnson,1610612738,BOS,Boston Celtics,0021501188,2016-04-09,BOS @ ATL,L,26,6,8,0.75,0,0,,2,2,1.0,3,5,8,2,1,4,0,5,14,-1,41.6,1,2015-16
22015,203092,Tyler Zeller,1610612738,BOS,Boston Celtics,0021501188,2016-04-09,BOS @ ATL,L,5,1,1,1.0,0,0,,1,3,0.333,1,0,1,1,0,0,0,0,3,-10,5.7,1,2015-16
22015,203109,Jae Crowder,1610612738,BOS,Boston Celtics,0021501188,2016-04-09,BOS @ ATL,L,34,5,11,0.455,1,5,0.2,5,7,0.714,2,5,7,2,2,0,1,2,16,-14,32.4,1,2015-16
22015,203482,Kelly Olynyk,1610612738,BOS,Boston Celtics,0021501188,2016-04-09,BOS @ ATL,L,19,1,2,0.5,1,1,1.0,3,4,0.75,0,2,2,3,0,1,1,1,6,15,14.9,1,2015-16
22015,203923,James Young,1610612738,BOS,Boston Celtics,0021501188,2016-04-09,BOS @ ATL,L,1,0,0,,0,0,,0,0,,0,0,0,0,0,0,0,0,0,3,0.0,1,2015-16
22015,203935,Marcus Smart,1610612738,BOS,Boston Celtics,0021501188,2016-04-09,BOS @ ATL,L,33,7,12,0.583,4,6,0.667,1,2,0.5,2,3,5,3,1,0,2,3,19,-7,30.5,1,2015-16
22015,202684,Tristan Thompson,1610612739,CLE,Cleveland Cavaliers,0021501191,2016-04-09,CLE @ CHI,L,31,1,3,0.333,0,0,,1,4,0.25,3,5,8,3,0,3,0,4,3,3,26.1,1,2015-16
22015,2570,Kendrick Perkins,1610612740,NOP,New Orleans Pelicans,0021501189,2016-04-09,NOP vs. PHX,L,16,0,2,0.0,0,0,,1,2,0.5,1,3,4,1,0,0,2,3,1,1,5.3,1,2015-16
22015,201565,Derrick Rose,1610612741,CHI,Chicago Bulls,0021501191,2016-04-09,CHI vs. CLE,W,32,5,14,0.357,0,2,0.0,0,0,,0,2,2,3,0,0,2,0,10,-20,14.9,1,2015-16
22015,201575,Brandon Rush,1610612744,GSW,Golden State Warriors,0021501190,2016-04-09,GSW @ MEM,W,10,0,1,0.0,0,1,0.0,0,0,,0,0,0,0,0,1,1,2,0,-12,2.0,1,2015-16
22015,202357,Nemanja Bjelica,1610612750,MIN,Minnesota Timberwolves,0021501192,2016-04-09,MIN @ POR,W,30,4,6,0.667,2,3,0.667,1,2,0.5,3,7,10,4,1,1,1,2,11,16,34.0,1,2015-16
22015,203952,Andrew Wiggins,1610612750,MIN,Minnesota Timberwolves,0021501192,2016-04-09,MIN @ POR,W,32,9,22,0.409,0,3,0.0,5,6,0.833,1,1,2,1,0,0,1,4,23,-8,25.9,1,2015-16
22015,203486,Mason Plumlee,1610612757,POR,Portland Trail Blazers,0021501192,2016-04-09,POR vs. MIN,L,32,6,9,0.667,0,0,,3,4,0.75,2,13,15,2,1,2,0,1,15,11,45.0,1,2015-16
22015,203943,Noah Vonleh,1610612757,POR,Portland Trail Blazers,0021501192,2016-04-09,POR vs. MIN,L,9,1,1,1.0,0,0,,0,0,,1,2,3,0,0,0,0,0,2,1,5.6,1,2015-16
22015,203460,Andre Roberson,1610612760,OKC,Oklahoma City Thunder,0021501193,2016-04-09,OKC @ SAC,L,22,3,3,1.0,0,0,,0,0,,1,3,4,1,1,2,0,3,6,-2,21.3,1,2015-16
22015,1626166,Cameron Payne,1610612760,OKC,Oklahoma City Thunder,0021501193,2016-04-09,OKC @ SAC,L,5,0,1,0.0,0,1,0.0,0,0,,0,1,1,0,0,0,0,1,0,-2,1.2,1,2015-16
22015,201143,Al Horford,1610612737,ATL,Atlanta Hawks,0021501188,2016-04-09,ATL vs. BOS,W,33,5,13,0.385,2,5,0.4,0,0,,1,7,8,6,1,1,1,4,12,9,35.6,1,2015-16
22015,203118,Mike Scott,1610612737,ATL,Atlanta Hawks,0021501188,2016-04-09,ATL vs. BOS,W,16,1,3,0.333,1,2,0.5,0,0,,1,1,2,1,0,0,0,2,3,-8,6.9,1,2015-16
22015,203471,Dennis Schröder,1610612737,ATL,Atlanta Hawks,0021501188,2016-04-09,ATL vs. BOS,W,20,6,12,0.5,3,4,0.75,0,0,,0,1,1,7,1,0,2,0,15,0,27.7,1,2015-16
22015,203501,Tim Hardaway Jr.,1610612737,ATL,Atlanta Hawks,0021501188,2016-04-09,ATL vs. BOS,W,11,1,2,0.5,0,1,0.0,1,1,1.0,0,0,0,0,0,0,0,1,3,-6,3.0,1,2015-16
22015,201973,Jonas Jerebko,1610612738,BOS,Boston Celtics,0021501188,2016-04-09,BOS @ ATL,L,14,0,2,0.0,0,1,0.0,0,0,,1,2,3,1,0,0,3,1,0,-6,2.1,1,2015-16
22015,202323,Evan Turner,1610612738,BOS,Boston Celtics,0021501188,2016-04-09,BOS @ ATL,L,26,5,10,0.5,1,3,0.333,0,0,,0,7,7,5,0,0,3,2,11,-12,23.9,1,2015-16
22015,203096,Jared Sullinger,1610612738,BOS,Boston Celtics,0021501188,2016-04-09,BOS @ ATL,L,11,2,7,0.286,0,0,,0,0,,0,1,1,1,1,0,1,2,4,-9,8.7,1,2015-16
22015,1626154,RJ Hunter,1610612738,BOS,Boston Celtics,0021501188,2016-04-09,BOS @ ATL,L,1,1,1,1.0,1,1,1.0,0,0,,0,0,0,0,0,0,0,0,3,3,3.0,1,2015-16
22015,2747,JR Smith,1610612739,CLE,Cleveland Cavaliers,0021501191,2016-04-09,CLE @ CHI,L,37,8,16,0.5,7,14,0.5,1,3,0.333,1,5,6,4,1,0,1,2,24,8,39.2,1,2015-16
22015,201600,Omer Asik,1610612740,NOP,New Orleans Pelicans,0021501189,2016-04-09,NOP vs. PHX,L,14,0,1,0.0,0,0,,0,0,,0,3,3,0,0,0,1,2,0,-16,2.6,1,2015-16
22015,204025,Tim Frazier,1610612740,NOP,New Orleans Pelicans,0021501189,2016-04-09,NOP vs. PHX,L,31,5,14,0.357,1,3,0.333,0,2,0.0,3,5,8,7,1,0,1,2,11,-5,33.1,1,2015-16
22015,2399,Mike Dunleavy,1610612741,CHI,Chicago Bulls,0021501191,2016-04-09,CHI vs. CLE,W,26,2,7,0.286,1,5,0.2,1,1,1.0,0,2,2,1,0,1,0,2,6,-14,12.9,1,2015-16
22015,2738,Andre Iguodala,1610612744,GSW,Golden State Warriors,0021501190,2016-04-09,GSW @ MEM,W,27,2,4,0.5,1,2,0.5,0,0,,1,4,5,0,0,0,1,1,5,5,10.0,1,2015-16
22015,201578,Marreese Speights,1610612744,GSW,Golden State Warriors,0021501190,2016-04-09,GSW @ MEM,W,11,2,7,0.286,0,0,,2,2,1.0,3,2,5,0,0,1,1,1,6,-9,14.0,1,2015-16
22015,203110,Draymond Green,1610612744,GSW,Golden State Warriors,0021501190,2016-04-09,GSW @ MEM,W,35,10,14,0.714,2,5,0.4,1,2,0.5,2,9,11,4,1,3,4,2,23,11,50.2,1,2015-16
22015,203546,Ian Clark,1610612744,GSW,Golden State Warriors,0021501190,2016-04-09,GSW @ MEM,W,4,0,0,,0,0,,0,0,,0,0,0,1,0,0,0,0,0,-5,1.5,1,2015-16
22015,203462,Archie Goodwin,1610612756,PHX,Phoenix Suns,0021501189,2016-04-09,PHX @ NOP,W,25,7,11,0.636,3,5,0.6,7,9,0.778,0,3,3,3,0,1,3,5,24,18,32.1,1,2015-16
22015,1626164,Devin Booker,1610612756,PHX,Phoenix Suns,0021501189,2016-04-09,PHX @ NOP,W,27,7,11,0.636,1,3,0.333,1,1,1.0,1,3,4,5,0,1,2,4,16,17,29.3,1,2015-16
22015,203459,Allen Crabbe,1610612757,POR,Portland Trail Blazers,0021501192,2016-04-09,POR vs. MIN,L,28,4,7,0.571,1,2,0.5,0,0,,0,1,1,1,0,0,2,2,9,-11,9.7,1,2015-16
22015,200752,Rudy Gay,1610612758,SAC,Sacramento Kings,0021501193,2016-04-09,SAC vs. OKC,W,38,9,19,0.474,1,6,0.167,5,7,0.714,4,4,8,3,4,2,1,4,24,4,55.1,1,2015-16
22015,201954,Darren Collison,1610612758,SAC,Sacramento Kings,0021501193,2016-04-09,SAC vs. OKC,W,37,10,16,0.625,4,6,0.667,3,3,1.0,0,5,5,8,2,0,4,2,27,-7,47.0,1,2015-16
22015,202326,DeMarcus Cousins,1610612758,SAC,Sacramento Kings,0021501193,2016-04-09,SAC vs. OKC,W,32,7,24,0.292,0,3,0.0,1,4,0.25,3,4,7,3,2,1,2,6,15,-6,34.9,1,2015-16
22015,203463,Ben McLemore,1610612758,SAC,Sacramento Kings,0021501193,2016-04-09,SAC vs. OKC,W,17,1,3,0.333,1,2,0.5,1,2,0.5,0,1,1,2,0,0,0,1,4,6,8.2,1,2015-16
22015,201586,Serge Ibaka,1610612760,OKC,Oklahoma City Thunder,0021501193,2016-04-09,OKC @ SAC,L,29,5,9,0.556,2,5,0.4,2,2,1.0,2,6,8,0,2,0,1,3,14,1,28.6,1,2015-16
22015,202683,Enes Freedom,1610612760,OKC,Oklahoma City Thunder,0021501193,2016-04-09,OKC @ SAC,L,20,4,7,0.571,1,1,1.0,2,4,0.5,2,4,6,0,1,0,2,1,11,-1,19.2,1,2015-16
22015,203500,Steven Adams,1610612760,OKC,Oklahoma City Thunder,0021501193,2016-04-09,OKC @ SAC,L,25,2,4,0.5,0,0,,2,4,0.5,3,5,8,1,1,1,1,4,6,1,22.1,1,2015-16
22015,2216,Zach Randolph,1610612763,MEM,Memphis Grizzlies,0021501190,2016-04-09,MEM vs. GSW,L,27,6,19,0.316,0,1,0.0,0,0,,3,4,7,1,0,1,1,2,12,-20,23.9,1,2015-16
22015,200794,Paul Millsap,1610612737,ATL,Atlanta Hawks,0021501188,2016-04-09,ATL vs. BOS,W,39,13,22,0.591,5,7,0.714,0,0,,2,14,16,3,2,5,3,2,31,20,72.7,1,2015-16
22015,201952,Jeff Teague,1610612737,ATL,Atlanta Hawks,0021501188,2016-04-09,ATL vs. BOS,W,28,9,15,0.6,3,5,0.6,3,3,1.0,0,5,5,7,1,0,2,3,24,11,41.5,1,2015-16
22015,2210,Richard Jefferson,1610612739,CLE,Cleveland Cavaliers,0021501191,2016-04-09,CLE @ CHI,L,10,0,1,0.0,0,0,,0,0,,0,1,1,0,1,0,1,1,0,-13,3.2,1,2015-16
22015,203521,Matthew Dellavedova,1610612739,CLE,Cleveland Cavaliers,0021501191,2016-04-09,CLE @ CHI,L,27,1,6,0.167,1,5,0.2,0,0,,0,2,2,3,1,0,1,2,3,-10,11.9,1,2015-16
22015,201582,Alexis Ajinca,1610612740,NOP,New Orleans Pelicans,0021501189,2016-04-09,NOP vs. PHX,L,23,2,9,0.222,0,0,,0,0,,3,1,4,1,0,1,3,3,4,-22,10.3,1,2015-16
22015,201967,Dante Cunningham,1610612740,NOP,New Orleans Pelicans,0021501189,2016-04-09,NOP vs. PHX,L,30,5,11,0.455,0,1,0.0,3,5,0.6,0,1,1,2,1,0,0,2,13,-23,20.2,1,2015-16
22015,203516,James Ennis III,1610612740,NOP,New Orleans Pelicans,0021501189,2016-04-09,NOP vs. PHX,L,34,8,16,0.5,2,6,0.333,0,0,,4,2,6,0,3,0,3,3,18,-3,31.2,1,2015-16
22015,2200,Pau Gasol,1610612741,CHI,Chicago Bulls,0021501191,2016-04-09,CHI vs. CLE,W,25,4,7,0.571,0,0,,3,5,0.6,3,9,12,1,1,1,3,4,11,-9,29.9,1,2015-16
22015,203084,Harrison Barnes,1610612744,GSW,Golden State Warriors,0021501190,2016-04-09,GSW @ MEM,W,30,6,11,0.545,2,3,0.667,0,0,,0,2,2,1,0,0,0,4,14,-6,17.9,1,2015-16
22015,201937,Ricky Rubio,1610612750,MIN,Minnesota Timberwolves,0021501192,2016-04-09,MIN @ POR,W,32,2,7,0.286,1,1,1.0,0,0,,0,4,4,11,4,0,4,3,5,-7,34.3,1,2015-16
22015,1626145,Tyus Jones,1610612750,MIN,Minnesota Timberwolves,0021501192,2016-04-09,MIN @ POR,W,16,1,2,0.5,0,0,,1,1,1.0,0,0,0,2,1,0,0,0,3,8,9.0,1,2015-16
22015,101179,Ronnie Price,1610612756,PHX,Phoenix Suns,0021501189,2016-04-09,PHX @ NOP,W,23,1,2,0.5,1,2,0.5,0,0,,0,0,0,1,2,0,2,4,3,3,8.5,1,2015-16
22015,200782,P.J. Tucker,1610612756,PHX,Phoenix Suns,0021501189,2016-04-09,PHX @ NOP,W,28,1,5,0.2,1,3,0.333,4,4,1.0,0,8,8,4,3,0,1,1,7,21,30.6,1,2015-16
22015,202720,Jon Leuer,1610612756,PHX,Phoenix Suns,0021501189,2016-04-09,PHX @ NOP,W,20,3,7,0.429,0,0,,2,4,0.5,0,8,8,1,0,0,0,1,8,0,19.1,1,2015-16
22015,203090,Maurice Harkless,1610612757,POR,Portland Trail Blazers,0021501192,2016-04-09,POR vs. MIN,L,31,2,7,0.286,1,3,0.333,0,0,,3,0,3,1,0,1,1,3,5,6,12.1,1,2015-16
22015,203468,CJ McCollum,1610612757,POR,Portland Trail Blazers,0021501192,2016-04-09,POR vs. MIN,L,35,6,13,0.462,1,2,0.5,8,9,0.889,1,1,2,7,0,0,3,4,21,8,30.9,1,2015-16
22015,201585,Kosta Koufos,1610612758,SAC,Sacramento Kings,0021501193,2016-04-09,SAC vs. OKC,W,17,4,5,0.8,0,0,,0,0,,2,2,4,1,0,1,1,4,8,12,16.3,1,2015-16
22015,201142,Kevin Durant,1610612760,OKC,Oklahoma City Thunder,0021501193,2016-04-09,OKC @ SAC,L,40,11,29,0.379,4,12,0.333,5,6,0.833,2,4,6,8,0,0,5,1,31,4,45.2,1,2015-16
22015,201566,Russell Westbrook,1610612760,OKC,Oklahoma City Thunder,0021501193,2016-04-09,OKC @ SAC,L,34,7,15,0.467,1,5,0.2,9,10,0.9,1,4,5,10,1,0,8,5,24,3,40.0,1,2015-16
22015,203488,Mike Muscala,1610612737,ATL,Atlanta Hawks,0021501188,2016-04-09,ATL vs. BOS,W,1,0,0,,0,0,,0,0,,1,0,1,0,0,0,0,0,0,-3,1.2,1,2015-16
22015,202340,Avery Bradley,1610612738,BOS,Boston Celtics,0021501188,2016-04-09,BOS @ ATL,L,35,6,17,0.353,2,7,0.286,1,2,0.5,1,3,4,2,3,1,0,4,15,-6,34.8,1,2015-16
22015,1626179,Terry Rozier,1610612738,BOS,Boston Celtics,0021501188,2016-04-09,BOS @ ATL,L,3,0,0,,0,0,,0,0,,0,0,0,0,0,0,0,0,0,5,0.0,1,2015-16
22015,2544,LeBron James,1610612739,CLE,Cleveland Cavaliers,0021501191,2016-04-09,CLE @ CHI,L,39,13,17,0.765,4,5,0.8,3,4,0.75,3,4,7,3,0,1,4,1,33,7,44.9,1,2015-16
22015,201166,Aaron Brooks,1610612741,CHI,Chicago Bulls,0021501191,2016-04-09,CHI vs. CLE,W,16,4,6,0.667,1,2,0.5,0,0,,1,0,1,3,1,0,0,1,9,23,17.7,1,2015-16
22015,2571,Leandro Barbosa,1610612744,GSW,Golden State Warriors,0021501190,2016-04-09,GSW @ MEM,W,14,0,3,0.0,0,1,0.0,0,0,,0,0,0,0,0,0,1,2,0,-16,-1.0,1,2015-16
22015,203897,Zach LaVine,1610612750,MIN,Minnesota Timberwolves,0021501192,2016-04-09,MIN @ POR,W,27,2,7,0.286,1,4,0.25,5,6,0.833,0,3,3,1,0,1,0,3,10,-12,18.1,1,2015-16
22015,203141,Mirza Teletovic,1610612756,PHX,Phoenix Suns,0021501189,2016-04-09,PHX @ NOP,W,29,8,14,0.571,4,8,0.5,2,3,0.667,1,4,5,4,0,1,3,2,22,10,34.0,1,2015-16
22015,1626210,Alan Williams,1610612756,PHX,Phoenix Suns,0021501189,2016-04-09,PHX @ NOP,W,8,1,4,0.25,0,0,,1,1,1.0,2,5,7,2,0,2,0,3,3,2,20.4,1,2015-16
22015,202334,Ed Davis,1610612757,POR,Portland Trail Blazers,0021501192,2016-04-09,POR vs. MIN,L,16,3,4,0.75,0,0,,0,0,,4,3,7,0,0,0,0,3,6,-10,14.4,1,2015-16
22015,203081,Damian Lillard,1610612757,POR,Portland Trail Blazers,0021501192,2016-04-09,POR vs. MIN,L,38,11,22,0.5,4,10,0.4,5,5,1.0,0,3,3,7,1,0,3,3,31,7,45.1,1,2015-16
22015,1626161,Willie Cauley-Stein,1610612758,SAC,Sacramento Kings,0021501193,2016-04-09,SAC vs. OKC,W,21,2,2,1.0,0,0,,0,2,0.0,3,1,4,2,2,0,0,1,4,-15,17.8,1,2015-16
22015,1713,Vince Carter,1610612763,MEM,Memphis Grizzlies,0021501190,2016-04-09,MEM vs. GSW,L,31,6,12,0.5,1,2,0.5,2,2,1.0,3,4,7,4,0,0,0,2,15,-15,29.4,1,2015-16
22015,200770,Jordan Farmar,1610612763,MEM,Memphis Grizzlies,0021501190,2016-04-09,MEM vs. GSW,L,19,1,4,0.25,1,3,0.333,0,0,,1,2,3,2,1,1,0,1,3,-4,15.6,1,2015-16
22015,202362,Lance Stephenson,1610612763,MEM,Memphis Grizzlies,0021501190,2016-04-09,MEM vs. GSW,L,38,6,13,0.462,1,2,0.5,0,0,,1,1,2,0,1,0,2,1,13,0,16.4,1,2015-16
22015,203210,JaMychal Green,1610612763,MEM,Memphis Grizzlies,0021501190,2016-04-09,MEM vs. GSW,L,14,1,8,0.125,0,0,,5,6,0.833,2,2,4,2,1,0,2,1,7,14,15.8,1,2015-16
22015,202337,Luke Babbitt,1610612740,NOP,New Orleans Pelicans,0021501189,2016-04-09,NOP vs. PHX,L,34,7,16,0.438,0,1,0.0,3,3,1.0,1,8,9,2,0,0,0,5,17,-7,30.8,1,2015-16
22015,202706,Jordan Hamilton,1610612740,NOP,New Orleans Pelicans,0021501189,2016-04-09,NOP vs. PHX,L,27,4,12,0.333,1,4,0.25,4,4,1.0,1,4,5,1,2,1,0,4,13,-7,29.5,1,2015-16
22015,2733,Shaun Livingston,1610612744,GSW,Golden State Warriors,0021501190,2016-04-09,GSW @ MEM,W,16,2,4,0.5,0,0,,2,2,1.0,0,2,2,2,0,1,0,1,6,-1,14.4,1,2015-16
22015,203476,Gorgui Dieng,1610612750,MIN,Minnesota Timberwolves,0021501192,2016-04-09,MIN @ POR,W,24,1,3,0.333,0,0,,5,6,0.833,1,2,3,1,1,3,2,2,7,-6,22.1,1,2015-16
22015,1626157,Karl-Anthony Towns,1610612750,MIN,Minnesota Timberwolves,0021501192,2016-04-09,MIN @ POR,W,38,13,20,0.65,0,0,,1,2,0.5,5,5,10,2,0,2,1,2,27,-4,47.0,1,2015-16
22015,2199,Tyson Chandler,1610612756,PHX,Phoenix Suns,0021501189,2016-04-09,PHX @ NOP,W,21,4,6,0.667,0,0,,5,6,0.833,3,2,5,1,0,3,1,0,13,17,28.5,1,2015-16
22015,201978,Chase Budinger,1610612756,PHX,Phoenix Suns,0021501189,2016-04-09,PHX @ NOP,W,16,3,5,0.6,0,1,0.0,2,2,1.0,1,0,1,2,0,0,3,1,8,1,9.2,1,2015-16
22015,203098,John Jenkins,1610612756,PHX,Phoenix Suns,0021501189,2016-04-09,PHX @ NOP,W,17,3,7,0.429,0,3,0.0,1,1,1.0,0,1,1,2,0,0,1,1,7,5,10.2,1,2015-16
22015,202341,James Anderson,1610612758,SAC,Sacramento Kings,0021501193,2016-04-09,SAC vs. OKC,W,24,2,7,0.286,1,4,0.25,0,0,,0,1,1,0,1,0,1,2,5,-12,8.2,1,2015-16
22015,200751,Randy Foye,1610612760,OKC,Oklahoma City Thunder,0021501193,2016-04-09,OKC @ SAC,L,19,2,3,0.667,1,2,0.5,0,0,,0,0,0,0,0,0,2,3,5,-5,3.0,1,2015-16
22015,2365,Chris Andersen,1610612763,MEM,Memphis Grizzlies,0021501190,2016-04-09,MEM vs. GSW,L,14,2,4,0.5,0,0,,2,2,1.0,2,2,4,1,2,0,0,0,6,8,18.3,1,2015-16
22015,203798,PJ Hairston,1610612763,MEM,Memphis Grizzlies,0021501190,2016-04-09,MEM vs. GSW,L,16,2,5,0.4,0,2,0.0,3,3,1.0,0,4,4,1,0,0,0,1,7,15,13.3,1,2015-16
22015,1626147,Justin Anderson,1610612742,DAL,Dallas Mavericks,0021501196,2016-04-10,DAL @ LAC,L,26,0,4,0.0,0,3,0.0,3,6,0.5,0,6,6,2,1,0,1,5,3,1,15.2,1,2015-16
22015,1626257,Salah Mejri,1610612742,DAL,Dallas Mavericks,0021501196,2016-04-10,DAL @ LAC,L,14,0,1,0.0,0,0,,1,2,0.5,0,5,5,0,1,1,1,3,1,-1,12.0,1,2015-16
22015,201571,D.J. Augustin,1610612743,DEN,Denver Nuggets,0021501198,2016-04-10,DEN vs. UTA,L,18,0,2,0.0,0,2,0.0,2,2,1.0,0,1,1,1,0,0,1,0,2,-2,3.7,1,2015-16
22015,203115,Will Barton,1610612743,DEN,Denver Nuggets,0021501198,2016-04-10,DEN vs. UTA,L,34,4,10,0.4,1,4,0.25,1,2,0.5,0,7,7,3,3,2,3,1,10,-7,34.9,1,2015-16
22015,101106,Andrew Bogut,1610612744,GSW,Golden State Warriors,0021501201,2016-04-10,GSW @ SAS,W,23,2,3,0.667,0,0,,0,0,,1,3,4,1,0,0,0,2,4,4,10.3,1,2015-16
22015,201578,Marreese Speights,1610612744,GSW,Golden State Warriors,0021501201,2016-04-10,GSW @ SAS,W,8,2,4,0.5,0,1,0.0,2,2,1.0,0,5,5,0,0,2,0,0,6,5,18.0,1,2015-16
22015,203084,Harrison Barnes,1610612744,GSW,Golden State Warriors,0021501201,2016-04-10,GSW @ SAS,W,33,3,10,0.3,1,5,0.2,2,4,0.5,0,3,3,2,0,0,1,1,9,16,14.6,1,2015-16
22015,201935,James Harden,1610612745,HOU,Houston Rockets,0021501195,2016-04-10,HOU vs. LAL,W,41,14,31,0.452,6,14,0.429,6,8,0.75,1,3,4,13,4,0,4,2,40,23,72.3,1,2015-16
22015,202726,Andrew Goudelock,1610612745,HOU,Houston Rockets,0021501195,2016-04-10,HOU vs. LAL,W,1,0,0,,0,0,,0,0,,0,0,0,0,0,0,0,0,0,0,0.0,1,2015-16
22015,203991,Clint Capela,1610612745,HOU,Houston Rockets,0021501195,2016-04-10,HOU vs. LAL,W,15,2,4,0.5,0,0,,1,1,1.0,3,2,5,0,0,1,1,1,5,-3,13.0,1,2015-16
22015,101108,Chris Paul,1610612746,LAC,LA Clippers,0021501196,2016-04-10,LAC vs. DAL,W,35,2,10,0.2,0,4,0.0,1,1,1.0,0,7,7,11,1,0,0,2,5,16,32.9,1,2015-16
22015,977,Kobe Bryant,1610612747,LAL,Los Angeles Lakers,0021501195,2016-04-10,LAL @ HOU,L,27,10,22,0.455,4,11,0.364,11,11,1.0,0,2,2,1,2,0,4,1,35,-10,40.9,1,2015-16
22015,203944,Julius Randle,1610612747,LAL,Los Angeles Lakers,0021501195,2016-04-10,LAL @ HOU,L,30,4,8,0.5,0,1,0.0,3,3,1.0,0,7,7,4,1,0,4,4,11,-19,24.4,1,2015-16
22015,1626273,Marcelo Huertas,1610612747,LAL,Los Angeles Lakers,0021501195,2016-04-10,LAL @ HOU,L,25,4,9,0.444,1,1,1.0,0,1,0.0,0,2,2,7,1,0,0,0,9,2,24.9,1,2015-16
22015,1626196,Josh Richardson,1610612748,MIA,Miami Heat,0021501200,2016-04-10,MIA vs. ORL,W,34,3,7,0.429,1,4,0.25,2,2,1.0,1,2,3,4,0,0,1,1,9,15,17.6,1,2015-16
22015,203898,Tyler Ennis,1610612749,MIL,Milwaukee Bucks,0021501197,2016-04-10,MIL @ PHI,W,39,2,5,0.4,0,2,0.0,0,0,,0,3,3,4,0,0,2,3,4,-8,11.6,1,2015-16
22015,203080,Thomas Robinson,1610612751,BKN,Brooklyn Nets,0021501199,2016-04-10,BKN @ IND,L,9,1,2,0.5,0,0,,0,0,,1,1,2,0,0,0,2,1,2,-20,2.4,1,2015-16
22015,2756,Sasha Vujacic,1610612752,NYK,New York Knicks,0021501202,2016-04-10,NYK vs. TOR,L,35,4,11,0.364,3,7,0.429,2,2,1.0,0,8,8,1,0,1,0,3,13,0,27.1,1,2015-16
22015,203921,Cleanthony Early,1610612752,NYK,New York Knicks,0021501202,2016-04-10,NYK vs. TOR,L,21,1,6,0.167,1,2,0.5,0,0,,1,4,5,0,1,0,1,2,3,-1,11.0,1,2015-16
22015,203894,Shabazz Napier,1610612753,ORL,Orlando Magic,0021501200,2016-04-10,ORL @ MIA,L,12,1,3,0.333,0,1,0.0,2,2,1.0,0,0,0,1,0,0,0,0,4,-2,5.5,1,2015-16
22015,203901,Elfrid Payton,1610612753,ORL,Orlando Magic,0021501200,2016-04-10,ORL @ MIA,L,26,3,8,0.375,1,1,1.0,1,2,0.5,1,3,4,4,1,0,2,2,8,-11,19.8,1,2015-16
22015,1626209,Mario Hezonja,1610612753,ORL,Orlando Magic,0021501200,2016-04-10,ORL @ MIA,L,32,4,8,0.5,2,3,0.667,0,0,,0,3,3,1,1,0,2,2,10,-22,16.1,1,2015-16
22015,201155,Rodney Stuckey,1610612754,IND,Indiana Pacers,0021501199,2016-04-10,IND vs. BKN,W,15,2,4,0.5,0,2,0.0,4,4,1.0,0,3,3,2,1,0,2,2,8,18,15.6,1,2015-16
22015,1626167,Myles Turner,1610612754,IND,Indiana Pacers,0021501199,2016-04-10,IND vs. BKN,W,26,11,17,0.647,0,0,,6,7,0.857,1,9,10,1,1,2,4,3,28,6,46.5,1,2015-16
22015,203496,Robert Covington,1610612755,PHI,Philadelphia 76ers,0021501197,2016-04-10,PHI vs. MIL,L,40,6,20,0.3,5,17,0.294,2,2,1.0,1,7,8,1,3,0,2,3,19,2,37.1,1,2015-16
22015,2561,David West,1610612759,SAS,San Antonio Spurs,0021501201,2016-04-10,SAS vs. GSW,L,29,2,7,0.286,0,0,,0,1,0.0,4,6,10,3,2,0,1,2,4,6,25.5,1,2015-16
22015,200746,LaMarcus Aldridge,1610612759,SAS,San Antonio Spurs,0021501201,2016-04-10,SAS vs. GSW,L,33,11,18,0.611,0,0,,2,2,1.0,4,6,10,1,0,1,1,0,24,-14,39.5,1,2015-16
22015,203937,Kyle Anderson,1610612759,SAS,San Antonio Spurs,0021501201,2016-04-10,SAS vs. GSW,L,18,2,5,0.4,0,0,,0,0,,0,8,8,1,0,0,0,3,4,4,15.1,1,2015-16
22015,201960,DeMarre Carroll,1610612761,TOR,Toronto Raptors,0021501202,2016-04-10,TOR @ NYK,W,17,1,4,0.25,1,1,1.0,2,2,1.0,0,5,5,1,1,1,0,2,5,5,18.5,1,2015-16
22015,202687,Bismack Biyombo,1610612761,TOR,Toronto Raptors,0021501202,2016-04-10,TOR @ NYK,W,20,1,1,1.0,0,0,,0,2,0.0,1,7,8,1,0,0,1,3,2,-2,12.1,1,2015-16
22015,202714,Shelvin Mack,1610612762,UTA,Utah Jazz,0021501198,2016-04-10,UTA @ DEN,W,35,6,13,0.462,2,4,0.5,0,0,,0,3,3,6,0,0,1,2,14,22,25.6,1,2015-16
22015,101162,Marcin Gortat,1610612764,WAS,Washington Wizards,0021501194,2016-04-10,WAS vs. CHA,W,31,10,11,0.909,0,0,,1,2,0.5,1,12,13,4,0,1,2,3,21,3,43.6,1,2015-16
22015,101187,Alan Anderson,1610612764,WAS,Washington Wizards,0021501194,2016-04-10,WAS vs. CHA,W,13,1,3,0.333,0,1,0.0,2,4,0.5,0,3,3,0,0,0,0,1,4,-1,7.6,1,2015-16
22015,202693,Markieff Morris,1610612764,WAS,Washington Wizards,0021501194,2016-04-10,WAS vs. CHA,W,19,5,10,0.5,1,4,0.25,0,0,,1,1,2,2,1,0,1,4,11,-1,18.4,1,2015-16
22015,2744,Al Jefferson,1610612766,CHA,Charlotte Hornets,0021501194,2016-04-10,CHA @ WAS,L,21,4,9,0.444,0,0,,2,2,1.0,1,6,7,0,0,0,1,4,10,-13,17.4,1,2015-16
22015,203087,Jeremy Lamb,1610612766,CHA,Charlotte Hornets,0021501194,2016-04-10,CHA @ WAS,L,3,1,1,1.0,1,1,1.0,0,0,,0,0,0,0,0,0,0,0,3,-1,3.0,1,2015-16
22015,101109,Raymond Felton,1610612742,DAL,Dallas Mavericks,0021501196,2016-04-10,DAL @ LAC,L,31,7,14,0.5,1,5,0.2,6,7,0.857,1,3,4,5,0,2,4,5,21,-14,35.3,1,2015-16
22015,101135,David Lee,1610612742,DAL,Dallas Mavericks,0021501196,2016-04-10,DAL @ LAC,L,17,0,2,0.0,0,0,,2,2,1.0,1,6,7,0,1,0,1,2,2,-5,12.4,1,2015-16
22015,203994,Jusuf Nurkić,1610612743,DEN,Denver Nuggets,0021501198,2016-04-10,DEN vs. UTA,L,22,2,11,0.182,0,0,,2,5,0.4,2,2,4,1,0,2,1,3,6,-12,17.3,1,2015-16
22015,203999,Nikola Jokić,1610612743,DEN,Denver Nuggets,0021501198,2016-04-10,DEN vs. UTA,L,36,7,9,0.778,0,2,0.0,5,6,0.833,3,8,11,4,2,1,1,4,19,-16,46.2,1,2015-16
22015,203105,Festus Ezeli,1610612744,GSW,Golden State Warriors,0021501201,2016-04-10,GSW @ SAS,W,6,0,3,0.0,0,0,,1,2,0.5,3,3,6,0,1,0,1,0,1,-10,10.2,1,2015-16
22015,2730,Dwight Howard,1610612745,HOU,Houston Rockets,0021501195,2016-04-10,HOU vs. LAL,W,33,4,7,0.571,0,0,,1,3,0.333,2,11,13,1,2,3,0,3,9,23,41.1,1,2015-16
22015,201965,Jeff Ayres,1610612746,LAC,LA Clippers,0021501196,2016-04-10,LAC vs. DAL,W,1,0,0,,0,0,,0,0,,0,0,0,0,0,0,0,0,0,-3,0.0,1,2015-16
22015,203903,Jordan Clarkson,1610612747,LAL,Los Angeles Lakers,0021501195,2016-04-10,LAL @ HOU,L,36,9,17,0.529,3,8,0.375,0,0,,2,6,8,4,0,0,3,0,21,-24,33.6,1,2015-16
22015,1626204,Larry Nance Jr.,1610612747,LAL,Los Angeles Lakers,0021501195,2016-04-10,LAL @ HOU,L,18,4,5,0.8,0,1,0.0,0,0,,2,1,3,3,2,0,1,1,8,-1,21.1,1,2015-16
22015,201177,Josh McRoberts,1610612748,MIA,Miami Heat,0021501200,2016-04-10,MIA vs. ORL,W,20,1,6,0.167,1,3,0.333,3,4,0.75,1,3,4,5,0,0,1,1,6,4,17.3,1,2015-16
22015,201609,Goran Dragic,1610612748,MIA,Miami Heat,0021501200,2016-04-10,MIA vs. ORL,W,36,8,12,0.667,0,1,0.0,3,3,1.0,0,2,2,6,1,1,1,1,19,16,35.4,1,2015-16
22015,203507,Giannis Antetokounmpo,1610612749,MIL,Milwaukee Bucks,0021501197,2016-04-10,MIL @ PHI,W,40,4,15,0.267,1,4,0.25,5,6,0.833,1,8,9,7,3,5,3,0,14,-2,56.3,1,2015-16
22015,201961,Wayne Ellington,1610612751,BKN,Brooklyn Nets,0021501199,2016-04-10,BKN @ IND,L,25,0,6,0.0,0,4,0.0,0,0,,0,3,3,1,1,1,4,1,0,-17,7.1,1,2015-16
22015,202711,Bojan Bogdanovic,1610612751,BKN,Brooklyn Nets,0021501199,2016-04-10,BKN @ IND,L,29,2,15,0.133,1,7,0.143,5,5,1.0,0,2,2,1,1,0,1,1,10,-15,15.9,1,2015-16
22015,203508,Sergey Karasev,1610612751,BKN,Brooklyn Nets,0021501199,2016-04-10,BKN @ IND,L,13,1,3,0.333,0,2,0.0,3,3,1.0,1,2,3,1,0,0,1,4,5,-1,9.1,1,2015-16
22015,203900,Markel Brown,1610612751,BKN,Brooklyn Nets,0021501199,2016-04-10,BKN @ IND,L,34,7,14,0.5,3,5,0.6,1,2,0.5,3,8,11,4,6,3,3,5,18,-1,61.2,1,2015-16
22015,203930,Sean Kilpatrick,1610612751,BKN,Brooklyn Nets,0021501199,2016-04-10,BKN @ IND,L,28,10,18,0.556,3,7,0.429,3,3,1.0,1,1,2,2,0,0,1,3,26,-3,30.4,1,2015-16
22015,201577,Robin Lopez,1610612752,NYK,New York Knicks,0021501202,2016-04-10,NYK vs. TOR,L,28,4,10,0.4,0,0,,2,2,1.0,3,2,5,1,0,1,1,0,10,0,19.5,1,2015-16
22015,203094,Andrew Nicholson,1610612753,ORL,Orlando Magic,0021501200,2016-04-10,ORL @ MIA,L,23,2,6,0.333,0,2,0.0,4,4,1.0,0,1,1,1,0,0,1,1,8,-8,9.7,1,2015-16
22015,203906,Devyn Marble,1610612753,ORL,Orlando Magic,0021501200,2016-04-10,ORL @ MIA,L,27,2,6,0.333,1,3,0.333,4,6,0.667,0,2,2,1,1,0,2,1,9,-8,13.9,1,2015-16
22015,201951,Ty Lawson,1610612754,IND,Indiana Pacers,0021501199,2016-04-10,IND vs. BKN,W,26,3,6,0.5,0,0,,1,2,0.5,3,3,6,9,1,0,1,3,7,12,29.7,1,2015-16
22015,202397,Ish Smith,1610612755,PHI,Philadelphia 76ers,0021501197,2016-04-10,PHI vs. MIL,L,39,9,17,0.529,2,5,0.4,2,5,0.4,2,7,9,8,3,2,6,2,22,7,53.8,1,2015-16
22015,203457,Nerlens Noel,1610612755,PHI,Philadelphia 76ers,0021501197,2016-04-10,PHI vs. MIL,L,42,9,12,0.75,0,0,,0,0,,3,10,13,2,3,1,2,4,18,5,46.6,1,2015-16
22015,203924,Jerami Grant,1610612755,PHI,Philadelphia 76ers,0021501197,2016-04-10,PHI vs. MIL,L,43,6,13,0.462,1,2,0.5,8,13,0.615,2,2,4,2,1,3,1,1,21,-12,39.8,1,2015-16
22015,202344,Trevor Booker,1610612762,UTA,Utah Jazz,0021501198,2016-04-10,UTA @ DEN,W,21,1,3,0.333,0,1,0.0,4,4,1.0,3,2,5,1,1,1,0,1,6,13,19.5,1,2015-16
22015,203526,Raul Neto,1610612762,UTA,Utah Jazz,0021501198,2016-04-10,UTA @ DEN,W,9,1,3,0.333,0,2,0.0,2,2,1.0,0,0,0,0,1,0,0,1,4,-11,7.0,1,2015-16
22015,1626168,Trey Lyles,1610612762,UTA,Utah Jazz,0021501198,2016-04-10,UTA @ DEN,W,32,9,16,0.563,4,8,0.5,0,0,,0,6,6,2,0,0,1,2,22,1,31.2,1,2015-16
22015,2403,Nene,1610612764,WAS,Washington Wizards,0021501194,2016-04-10,WAS vs. CHA,W,16,3,8,0.375,0,0,,6,7,0.857,0,5,5,0,0,2,2,3,12,11,22.0,1,2015-16
22015,203490,Otto Porter Jr.,1610612764,WAS,Washington Wizards,0021501194,2016-04-10,WAS vs. CHA,W,22,4,6,0.667,2,2,1.0,0,0,,0,2,2,0,0,0,0,1,10,8,12.4,1,2015-16
22015,201150,Spencer Hawes,1610612766,CHA,Charlotte Hornets,0021501194,2016-04-10,CHA @ WAS,L,5,1,3,0.333,0,0,,0,0,,0,2,2,1,0,0,2,3,2,0,3.9,1,2015-16
22015,203268,Jorge Gutierrez,1610612766,CHA,Charlotte Hornets,0021501194,2016-04-10,CHA @ WAS,L,3,0,0,,0,0,,4,4,1.0,0,0,0,1,0,0,0,0,4,-1,5.5,1,2015-16
22015,203584,Troy Daniels,1610612766,CHA,Charlotte Hornets,0021501194,2016-04-10,CHA @ WAS,L,22,2,7,0.286,2,7,0.286,0,0,,0,2,2,1,1,0,1,4,6,-5,11.9,1,2015-16
22015,1626163,Frank Kaminsky,1610612766,CHA,Charlotte Hornets,0021501194,2016-04-10,CHA @ WAS,L,30,4,8,0.5,3,3,1.0,7,9,0.778,2,9,11,0,0,0,0,2,18,-12,31.2,1,2015-16
22015,2734,Devin Harris,1610612742,DAL,Dallas Mavericks,0021501196,2016-04-10,DAL @ LAC,L,25,3,7,0.429,2,5,0.4,0,0,,0,3,3,1,1,0,0,3,8,2,16.1,1,2015-16
22015,203939,Dwight Powell,1610612742,DAL,Dallas Mavericks,0021501196,2016-04-10,DAL @ LAC,L,9,2,2,1.0,0,0,,0,2,0.0,1,2,3,0,0,0,0,0,4,8,7.6,1,2015-16
22015,201589,Darrell Arthur,1610612743,DEN,Denver Nuggets,0021501198,2016-04-10,DEN vs. UTA,L,12,2,8,0.25,1,5,0.2,0,0,,0,3,3,0,0,0,0,5,5,0,8.6,1,2015-16
22015,2738,Andre Iguodala,1610612744,GSW,Golden State Warriors,0021501201,2016-04-10,GSW @ SAS,W,28,1,5,0.2,1,2,0.5,0,0,,1,6,7,3,1,1,0,1,3,-2,21.9,1,2015-16
22015,201575,Brandon Rush,1610612744,GSW,Golden State Warriors,0021501201,2016-04-10,GSW @ SAS,W,10,1,5,0.2,1,3,0.333,0,0,,0,4,4,0,0,0,2,0,3,-2,5.8,1,2015-16
22015,201939,Stephen Curry,1610612744,GSW,Golden State Warriors,0021501201,2016-04-10,GSW @ SAS,W,35,13,22,0.591,4,9,0.444,7,7,1.0,0,5,5,5,2,0,4,4,37,7,52.5,1,2015-16
22015,202691,Klay Thompson,1610612744,GSW,Golden State Warriors,0021501201,2016-04-10,GSW @ SAS,W,35,6,14,0.429,2,4,0.5,0,0,,1,5,6,0,2,1,2,2,14,4,28.2,1,2015-16
22015,201147,Corey Brewer,1610612745,HOU,Houston Rockets,0021501195,2016-04-10,HOU vs. LAL,W,9,2,4,0.5,0,0,,0,0,,1,0,1,1,0,0,0,0,4,-9,6.7,1,2015-16
22015,201563,Michael Beasley,1610612745,HOU,Houston Rockets,0021501195,2016-04-10,HOU vs. LAL,W,9,3,5,0.6,0,1,0.0,0,0,,2,1,3,1,1,0,1,0,6,-5,13.1,1,2015-16
22015,202700,Donatas Motiejunas,1610612745,HOU,Houston Rockets,0021501195,2016-04-10,HOU vs. LAL,W,19,3,8,0.375,0,1,0.0,2,2,1.0,4,1,5,2,0,0,1,1,8,12,16.0,1,2015-16
22015,2037,Jamal Crawford,1610612746,LAC,LA Clippers,0021501196,2016-04-10,LAC vs. DAL,W,26,7,13,0.538,4,6,0.667,4,7,0.571,0,1,1,2,1,0,2,1,22,6,27.2,1,2015-16
22015,201601,Luc Mbah a Moute,1610612746,LAC,LA Clippers,0021501196,2016-04-10,LAC vs. DAL,W,13,1,1,1.0,0,0,,0,0,,0,1,1,1,2,1,1,2,2,5,12.7,1,2015-16
22015,202332,Cole Aldrich,1610612746,LAC,LA Clippers,0021501196,2016-04-10,LAC vs. DAL,W,10,2,3,0.667,0,0,,0,0,,2,6,8,1,0,1,0,2,4,1,18.1,1,2015-16
22015,203085,Austin Rivers,1610612746,LAC,LA Clippers,0021501196,2016-04-10,LAC vs. DAL,W,13,0,4,0.0,0,1,0.0,0,0,,0,0,0,0,1,0,1,2,0,-9,2.0,1,2015-16
22015,203912,C.J. Wilcox,1610612746,LAC,LA Clippers,0021501196,2016-04-10,LAC vs. DAL,W,1,0,0,,0,0,,0,0,,0,1,1,0,0,0,0,0,0,-3,1.2,1,2015-16
22015,1897,Metta World Peace,1610612747,LAL,Los Angeles Lakers,0021501195,2016-04-10,LAL @ HOU,L,18,3,5,0.6,2,3,0.667,0,0,,0,1,1,1,0,0,0,2,8,-11,10.7,1,2015-16
22015,203527,Ryan Kelly,1610612747,LAL,Los Angeles Lakers,0021501195,2016-04-10,LAL @ HOU,L,2,0,0,,0,0,,0,0,,0,2,2,0,0,0,0,0,0,1,2.4,1,2015-16
22015,204028,Tarik Black,1610612747,LAL,Los Angeles Lakers,0021501195,2016-04-10,LAL @ HOU,L,24,4,6,0.667,0,0,,0,2,0.0,2,5,7,0,0,1,0,2,8,-7,19.4,1,2015-16
22015,1626156,D'Angelo Russell,1610612747,LAL,Los Angeles Lakers,0021501195,2016-04-10,LAL @ HOU,L,35,2,5,0.4,2,3,0.667,2,2,1.0,1,4,5,4,3,0,5,2,8,-18,24.0,1,2015-16
22015,2736,Luol Deng,1610612748,MIA,Miami Heat,0021501200,2016-04-10,MIA vs. ORL,W,35,7,11,0.636,1,4,0.25,5,8,0.625,0,2,2,5,2,0,4,5,20,19,31.9,1,2015-16
22015,202355,Hassan Whiteside,1610612748,MIA,Miami Heat,0021501200,2016-04-10,MIA vs. ORL,W,28,5,7,0.714,0,0,,8,8,1.0,2,13,15,0,1,2,2,2,18,18,43.0,1,2015-16
22015,203089,John Henson,1610612749,MIL,Milwaukee Bucks,0021501197,2016-04-10,MIL @ PHI,W,25,6,12,0.5,0,0,,6,6,1.0,5,5,10,1,0,2,1,3,18,-10,36.5,1,2015-16
22015,203953,Jabari Parker,1610612749,MIL,Milwaukee Bucks,0021501197,2016-04-10,MIL @ PHI,W,31,6,10,0.6,2,2,1.0,1,1,1.0,0,6,6,0,0,0,3,4,15,3,19.2,1,2015-16
22015,203156,Henry Sims,1610612751,BKN,Brooklyn Nets,0021501199,2016-04-10,BKN @ IND,L,19,1,4,0.25,0,0,,2,2,1.0,2,1,3,1,2,0,1,4,4,-14,14.1,1,2015-16
22015,1626191,Chris McCullough,1610612751,BKN,Brooklyn Nets,0021501199,2016-04-10,BKN @ IND,L,13,2,4,0.5,2,2,1.0,0,2,0.0,2,1,3,1,1,0,1,0,6,-22,13.1,1,2015-16
22015,2546,Carmelo Anthony,1610612752,NYK,New York Knicks,0021501202,2016-04-10,NYK vs. TOR,L,25,7,16,0.438,1,1,1.0,6,6,1.0,1,5,6,3,0,1,2,3,21,-1,33.7,1,2015-16
22015,201167,Arron Afflalo,1610612752,NYK,New York Knicks,0021501202,2016-04-10,NYK vs. TOR,L,23,0,1,0.0,0,1,0.0,0,0,,0,3,3,1,0,0,0,0,0,-6,5.1,1,2015-16
22015,202682,Derrick Williams,1610612752,NYK,New York Knicks,0021501202,2016-04-10,NYK vs. TOR,L,23,3,8,0.375,0,1,0.0,2,2,1.0,1,3,4,0,0,0,1,0,8,1,11.8,1,2015-16
22015,201160,Jason Smith,1610612753,ORL,Orlando Magic,0021501200,2016-04-10,ORL @ MIA,L,13,2,7,0.286,0,0,,1,1,1.0,3,3,6,1,0,1,1,2,5,-2,15.7,1,2015-16
22015,201588,George Hill,1610612754,IND,Indiana Pacers,0021501199,2016-04-10,IND vs. BKN,W,21,6,10,0.6,4,6,0.667,2,2,1.0,0,5,5,4,1,0,0,0,18,14,33.0,1,2015-16
22015,202730,Lavoy Allen,1610612754,IND,Indiana Pacers,0021501199,2016-04-10,IND vs. BKN,W,14,1,1,1.0,0,0,,2,2,1.0,1,5,6,0,0,0,0,2,4,24,11.2,1,2015-16
22015,1882,Elton Brand,1610612755,PHI,Philadelphia 76ers,0021501197,2016-04-10,PHI vs. MIL,L,17,0,0,,0,0,,0,0,,0,2,2,1,0,0,0,1,0,-4,3.9,1,2015-16
22015,1938,Manu Ginobili,1610612759,SAS,San Antonio Spurs,0021501201,2016-04-10,SAS vs. GSW,L,20,2,7,0.286,1,2,0.5,3,4,0.75,1,0,1,3,3,1,1,1,8,4,24.7,1,2015-16
22015,202695,Kawhi Leonard,1610612759,SAS,San Antonio Spurs,0021501201,2016-04-10,SAS vs. GSW,L,39,7,22,0.318,0,3,0.0,6,7,0.857,6,7,13,5,2,3,0,3,20,-10,58.1,1,2015-16
22015,201574,Jason Thompson,1610612761,TOR,Toronto Raptors,0021501202,2016-04-10,TOR @ NYK,W,19,3,4,0.75,0,1,0.0,0,0,,1,6,7,0,0,0,0,3,6,1,14.4,1,2015-16
22015,201942,DeMar DeRozan,1610612761,TOR,Toronto Raptors,0021501202,2016-04-10,TOR @ NYK,W,35,12,17,0.706,0,0,,3,3,1.0,1,2,3,4,0,0,2,1,27,-1,34.6,1,2015-16
22015,202335,Patrick Patterson,1610612761,TOR,Toronto Raptors,0021501202,2016-04-10,TOR @ NYK,W,29,2,4,0.5,1,3,0.333,0,0,,1,2,3,2,0,1,1,1,5,3,13.6,1,2015-16
22015,203082,Terrence Ross,1610612761,TOR,Toronto Raptors,0021501202,2016-04-10,TOR @ NYK,W,21,5,11,0.455,1,4,0.25,2,3,0.667,0,1,1,0,0,0,0,2,13,8,14.2,1,2015-16
22015,1626181,Norman Powell,1610612761,TOR,Toronto Raptors,0021501202,2016-04-10,TOR @ NYK,W,21,1,6,0.167,0,2,0.0,0,0,,0,1,1,1,1,0,0,1,2,0,7.7,1,2015-16
22015,202330,Gordon Hayward,1610612762,UTA,Utah Jazz,0021501198,2016-04-10,UTA @ DEN,W,36,8,16,0.5,2,6,0.333,4,4,1.0,2,7,9,5,2,1,0,1,22,26,49.3,1,2015-16
22015,203187,Chris Johnson,1610612762,UTA,Utah Jazz,0021501198,2016-04-10,UTA @ DEN,W,5,0,0,,0,0,,0,0,,0,1,1,0,0,0,1,1,0,-1,0.2,1,2015-16
22015,201581,JJ Hickson,1610612764,WAS,Washington Wizards,0021501194,2016-04-10,WAS vs. CHA,W,1,0,0,,0,0,,0,0,,0,0,0,0,0,0,0,0,0,1,0.0,1,2015-16
22015,202066,Garrett Temple,1610612764,WAS,Washington Wizards,0021501194,2016-04-10,WAS vs. CHA,W,17,1,2,0.5,0,1,0.0,1,1,1.0,0,2,2,3,0,0,1,3,3,8,8.9,1,2015-16
22015,203078,Bradley Beal,1610612764,WAS,Washington Wizards,0021501194,2016-04-10,WAS vs. CHA,W,8,1,2,0.5,1,1,1.0,0,0,,1,0,1,0,1,0,1,0,3,6,6.2,1,2015-16
22015,101107,Marvin Williams,1610612766,CHA,Charlotte Hornets,0021501194,2016-04-10,CHA @ WAS,L,20,5,11,0.455,2,4,0.5,2,2,1.0,3,3,6,3,0,0,2,2,14,-5,23.7,1,2015-16
22015,201584,Courtney Lee,1610612766,CHA,Charlotte Hornets,0021501194,2016-04-10,CHA @ WAS,L,28,2,11,0.182,2,6,0.333,2,2,1.0,1,2,3,0,2,1,1,3,8,-21,19.6,1,2015-16
22015,201587,Nicolas Batum,1610612766,CHA,Charlotte Hornets,0021501194,2016-04-10,CHA @ WAS,L,34,3,11,0.273,1,2,0.5,3,3,1.0,1,4,5,4,2,0,3,2,10,-16,25.0,1,2015-16
22015,201946,Tyler Hansbrough,1610612766,CHA,Charlotte Hornets,0021501194,2016-04-10,CHA @ WAS,L,3,0,0,,0,0,,0,0,,0,0,0,0,0,0,0,0,0,-1,0.0,1,2015-16
22015,202689,Kemba Walker,1610612766,CHA,Charlotte Hornets,0021501194,2016-04-10,CHA @ WAS,L,33,4,11,0.364,1,7,0.143,7,9,0.778,0,3,3,7,1,1,2,0,16,1,34.1,1,2015-16
22015,203469,Cody Zeller,1610612766,CHA,Charlotte Hornets,0021501194,2016-04-10,CHA @ WAS,L,17,2,3,0.667,0,0,,2,2,1.0,1,5,6,1,0,0,0,3,6,1,14.7,1,2015-16
22015,1717,Dirk Nowitzki,1610612742,DAL,Dallas Mavericks,0021501196,2016-04-10,DAL @ LAC,L,28,4,9,0.444,1,4,0.25,5,5,1.0,0,5,5,2,0,0,0,2,14,-1,23.0,1,2015-16
22015,101111,Charlie Villanueva,1610612742,DAL,Dallas Mavericks,0021501196,2016-04-10,DAL @ LAC,L,13,4,11,0.364,3,6,0.5,0,0,,1,4,5,2,1,0,0,2,11,10,23.0,1,2015-16
22015,202083,Wesley Matthews,1610612742,DAL,Dallas Mavericks,0021501196,2016-04-10,DAL @ LAC,L,31,2,9,0.222,1,5,0.2,2,2,1.0,0,0,0,3,0,0,3,2,7,-18,8.5,1,2015-16
22015,203546,Ian Clark,1610612744,GSW,Golden State Warriors,0021501201,2016-04-10,GSW @ SAS,W,5,0,1,0.0,0,1,0.0,0,0,,0,0,0,0,1,0,0,0,0,3,3.0,1,2015-16
22015,1891,Jason Terry,1610612745,HOU,Houston Rockets,0021501195,2016-04-10,HOU vs. LAL,W,21,4,8,0.5,3,7,0.429,0,0,,0,0,0,2,1,0,1,0,11,7,16.0,1,2015-16
22015,2772,Trevor Ariza,1610612745,HOU,Houston Rockets,0021501195,2016-04-10,HOU vs. LAL,W,38,8,14,0.571,3,7,0.429,0,0,,1,6,7,3,1,1,3,2,19,24,34.9,1,2015-16
22015,200755,JJ Redick,1610612746,LAC,LA Clippers,0021501196,2016-04-10,LAC vs. DAL,W,31,8,10,0.8,4,4,1.0,0,0,,0,1,1,1,0,1,1,0,20,6,24.7,1,2015-16
22015,201145,Jeff Green,1610612746,LAC,LA Clippers,0021501196,2016-04-10,LAC vs. DAL,W,20,5,11,0.455,0,2,0.0,1,1,1.0,0,1,1,2,3,1,0,0,11,-2,27.2,1,2015-16
22015,201599,DeAndre Jordan,1610612746,LAC,LA Clippers,0021501196,2016-04-10,LAC vs. DAL,W,32,4,5,0.8,0,0,,6,23,0.261,2,8,10,0,0,1,1,2,14,15,28.0,1,2015-16
22015,202325,Wesley Johnson,1610612746,LAC,LA Clippers,0021501196,2016-04-10,LAC vs. DAL,W,16,1,1,1.0,1,1,1.0,0,0,,0,1,1,0,0,1,0,2,3,10,7.2,1,2015-16
22015,2548,Dwyane Wade,1610612748,MIA,Miami Heat,0021501200,2016-04-10,MIA vs. ORL,W,24,7,9,0.778,0,0,,3,3,1.0,0,3,3,3,3,0,1,1,17,8,33.1,1,2015-16
22015,1626159,Justise Winslow,1610612748,MIA,Miami Heat,0021501200,2016-04-10,MIA vs. ORL,W,14,1,3,0.333,1,1,1.0,2,2,1.0,0,3,3,1,1,0,2,0,5,-3,11.1,1,2015-16
22015,203114,Khris Middleton,1610612749,MIL,Milwaukee Bucks,0021501197,2016-04-10,MIL @ PHI,W,43,14,24,0.583,1,5,0.2,7,7,1.0,0,6,6,9,4,0,6,3,36,12,62.7,1,2015-16
22015,203124,Kyle O'Quinn,1610612752,NYK,New York Knicks,0021501202,2016-04-10,NYK vs. TOR,L,20,3,11,0.273,0,0,,2,3,0.667,5,5,10,3,0,0,1,3,8,-4,23.5,1,2015-16
22015,101141,Ersan Ilyasova,1610612753,ORL,Orlando Magic,0021501200,2016-04-10,ORL @ MIA,L,17,0,4,0.0,0,2,0.0,0,0,,1,1,2,0,0,0,2,1,0,-12,0.4,1,2015-16
22015,201228,C.J. Watson,1610612753,ORL,Orlando Magic,0021501200,2016-04-10,ORL @ MIA,L,22,3,5,0.6,1,2,0.5,1,1,1.0,0,3,3,2,1,0,1,4,8,-11,16.6,1,2015-16
22015,203095,Evan Fournier,1610612753,ORL,Orlando Magic,0021501200,2016-04-10,ORL @ MIA,L,32,9,16,0.563,2,4,0.5,1,1,1.0,0,2,2,5,1,0,2,1,21,-16,31.9,1,2015-16
22015,101133,Ian Mahinmi,1610612754,IND,Indiana Pacers,0021501199,2016-04-10,IND vs. BKN,W,22,7,10,0.7,0,0,,2,4,0.5,2,4,6,1,1,0,1,1,16,18,26.7,1,2015-16
22015,101139,CJ Miles,1610612754,IND,Indiana Pacers,0021501199,2016-04-10,IND vs. BKN,W,16,4,7,0.571,3,6,0.5,0,0,,0,2,2,1,0,1,0,2,11,11,17.9,1,2015-16
22015,1626202,Joe Young,1610612754,IND,Indiana Pacers,0021501199,2016-04-10,IND vs. BKN,W,12,0,4,0.0,0,2,0.0,0,0,,0,1,1,3,0,0,1,0,0,-8,4.7,1,2015-16
22015,204456,T.J. McConnell,1610612755,PHI,Philadelphia 76ers,0021501197,2016-04-10,PHI vs. MIL,L,23,3,5,0.6,0,0,,0,0,,1,3,4,9,1,0,1,2,6,3,26.3,1,2015-16
22015,2225,Tony Parker,1610612759,SAS,San Antonio Spurs,0021501201,2016-04-10,SAS vs. GSW,L,29,2,7,0.286,0,0,,0,0,,0,2,2,4,1,0,1,4,4,-12,14.4,1,2015-16
22015,2755,Kevin Martin,1610612759,SAS,San Antonio Spurs,0021501201,2016-04-10,SAS vs. GSW,L,19,3,5,0.6,1,2,0.5,2,2,1.0,0,3,3,0,0,0,3,0,9,-7,9.6,1,2015-16
22015,201980,Danny Green,1610612759,SAS,San Antonio Spurs,0021501201,2016-04-10,SAS vs. GSW,L,25,1,7,0.143,0,6,0.0,0,0,,1,1,2,2,1,0,4,2,2,-3,6.4,1,2015-16
22015,201988,Patty Mills,1610612759,SAS,San Antonio Spurs,0021501201,2016-04-10,SAS vs. GSW,L,21,2,8,0.25,1,4,0.25,2,2,1.0,1,1,2,2,1,0,0,2,7,6,15.4,1,2015-16
22015,200768,Kyle Lowry,1610612761,TOR,Toronto Raptors,0021501202,2016-04-10,TOR @ NYK,W,32,5,15,0.333,4,7,0.571,1,2,0.5,0,0,0,7,2,1,0,2,15,-3,34.5,1,2015-16
22015,202709,Cory Joseph,1610612761,TOR,Toronto Raptors,0021501202,2016-04-10,TOR @ NYK,W,18,1,5,0.2,0,2,0.0,2,2,1.0,1,2,3,1,0,0,1,1,4,3,8.1,1,2015-16
22015,202692,Alec Burks,1610612762,UTA,Utah Jazz,0021501198,2016-04-10,UTA @ DEN,W,14,0,4,0.0,0,1,0.0,0,0,,0,5,5,2,0,0,0,1,0,3,9.0,1,2015-16
22015,204060,Joe Ingles,1610612762,UTA,Utah Jazz,0021501198,2016-04-10,UTA @ DEN,W,10,1,4,0.25,1,4,0.25,0,0,,0,0,0,0,0,0,2,0,3,-14,1.0,1,2015-16
22015,201196,Ramon Sessions,1610612764,WAS,Washington Wizards,0021501194,2016-04-10,WAS vs. CHA,W,36,6,13,0.462,1,3,0.333,2,4,0.5,0,5,5,11,1,0,1,1,15,17,39.5,1,2015-16
22015,204067,Jarell Eddie,1610612764,WAS,Washington Wizards,0021501194,2016-04-10,WAS vs. CHA,W,1,1,1,1.0,1,1,1.0,0,0,,0,0,0,0,0,0,0,0,3,1,3.0,1,2015-16
22015,2585,Zaza Pachulia,1610612742,DAL,Dallas Mavericks,0021501196,2016-04-10,DAL @ LAC,L,17,2,3,0.667,0,0,,1,2,0.5,1,3,4,0,0,2,2,1,5,-13,13.8,1,2015-16
22015,201580,JaVale McGee,1610612742,DAL,Dallas Mavericks,0021501196,2016-04-10,DAL @ LAC,L,2,0,1,0.0,0,0,,0,0,,0,1,1,0,0,0,0,0,0,4,1.2,1,2015-16
22015,203530,Joffrey Lauvergne,1610612743,DEN,Denver Nuggets,0021501198,2016-04-10,DEN vs. UTA,L,23,4,11,0.364,0,2,0.0,2,2,1.0,0,5,5,1,0,1,2,2,10,-4,18.5,1,2015-16
22015,203914,Gary Harris,1610612743,DEN,Denver Nuggets,0021501198,2016-04-10,DEN vs. UTA,L,33,5,9,0.556,1,3,0.333,2,2,1.0,0,3,3,2,0,0,0,1,13,-18,19.6,1,2015-16
22015,1626144,Emmanuel Mudiay,1610612743,DEN,Denver Nuggets,0021501198,2016-04-10,DEN vs. UTA,L,38,8,16,0.5,3,6,0.5,0,0,,0,3,3,5,1,0,2,2,19,-14,31.1,1,2015-16
22015,1626253,Axel Toupane,1610612743,DEN,Denver Nuggets,0021501198,2016-04-10,DEN vs. UTA,L,11,0,2,0.0,0,2,0.0,0,0,,0,3,3,1,0,1,1,0,0,2,7.1,1,2015-16
22015,2733,Shaun Livingston,1610612744,GSW,Golden State Warriors,0021501201,2016-04-10,GSW @ SAS,W,22,2,5,0.4,0,0,,0,0,,0,2,2,4,0,1,2,4,4,-3,13.4,1,2015-16
22015,203110,Draymond Green,1610612744,GSW,Golden State Warriors,0021501201,2016-04-10,GSW @ SAS,W,33,4,5,0.8,1,2,0.5,2,3,0.667,1,3,4,4,0,1,1,4,11,8,23.8,1,2015-16
22015,2746,Josh Smith,1610612745,HOU,Houston Rockets,0021501195,2016-04-10,HOU vs. LAL,W,19,3,6,0.5,2,5,0.4,1,2,0.5,0,3,3,1,1,0,0,2,9,13,17.1,1,2015-16
22015,203909,KJ McDaniels,1610612745,HOU,Houston Rockets,0021501195,2016-04-10,HOU vs. LAL,W,2,0,0,,0,0,,0,0,,0,0,0,0,0,0,0,0,0,5,0.0,1,2015-16
22015,201579,Roy Hibbert,1610612747,LAL,Los Angeles Lakers,0021501195,2016-04-10,LAL @ HOU,L,24,1,6,0.167,0,0,,0,0,,0,3,3,1,1,2,1,3,2,-13,15.1,1,2015-16
22015,2617,Udonis Haslem,1610612748,MIA,Miami Heat,0021501200,2016-04-10,MIA vs. ORL,W,3,0,0,,0,0,,0,0,,0,3,3,0,0,0,0,1,0,5,3.6,1,2015-16
22015,202349,Greivis Vasquez,1610612749,MIL,Milwaukee Bucks,0021501197,2016-04-10,MIL @ PHI,W,14,0,2,0.0,0,2,0.0,0,0,,0,2,2,4,0,0,1,0,0,9,7.4,1,2015-16
22015,203101,Miles Plumlee,1610612749,MIL,Milwaukee Bucks,0021501197,2016-04-10,MIL @ PHI,W,28,4,7,0.571,0,0,,0,0,,0,6,6,1,2,1,0,1,8,11,25.7,1,2015-16
22015,203948,Johnny O'Bryant III,1610612749,MIL,Milwaukee Bucks,0021501197,2016-04-10,MIL @ PHI,W,22,1,2,0.5,0,0,,3,4,0.75,2,6,8,0,0,0,2,3,5,-2,12.6,1,2015-16
22015,1626173,Rashad Vaughn,1610612749,MIL,Milwaukee Bucks,0021501197,2016-04-10,MIL @ PHI,W,23,3,10,0.3,3,8,0.375,0,0,,0,3,3,0,1,0,1,2,9,-8,14.6,1,2015-16
22015,202388,Donald Sloan,1610612751,BKN,Brooklyn Nets,0021501199,2016-04-10,BKN @ IND,L,35,6,13,0.462,3,7,0.429,4,6,0.667,0,3,3,5,0,0,0,1,19,-13,30.1,1,2015-16
22015,203499,Shane Larkin,1610612751,BKN,Brooklyn Nets,0021501199,2016-04-10,BKN @ IND,L,35,5,12,0.417,2,3,0.667,3,3,1.0,1,3,4,8,1,0,1,1,15,-14,33.8,1,2015-16
22015,204038,Langston Galloway,1610612752,NYK,New York Knicks,0021501202,2016-04-10,NYK vs. TOR,L,27,3,10,0.3,1,4,0.25,0,0,,1,2,3,4,0,0,1,3,7,-5,15.6,1,2015-16
22015,202696,Nikola Vučević,1610612753,ORL,Orlando Magic,0021501200,2016-04-10,ORL @ MIA,L,30,9,17,0.529,0,0,,1,2,0.5,1,7,8,2,1,0,3,3,19,-17,31.6,1,2015-16
22015,203473,Dewayne Dedmon,1610612753,ORL,Orlando Magic,0021501200,2016-04-10,ORL @ MIA,L,8,2,3,0.667,0,0,,0,0,,0,4,4,0,0,0,0,1,4,-1,8.8,1,2015-16
22015,101145,Monta Ellis,1610612754,IND,Indiana Pacers,0021501199,2016-04-10,IND vs. BKN,W,22,2,5,0.4,2,4,0.5,0,0,,1,0,1,3,2,0,0,3,6,12,17.7,1,2015-16
22015,202331,Paul George,1610612754,IND,Indiana Pacers,0021501199,2016-04-10,IND vs. BKN,W,22,5,9,0.556,1,4,0.25,4,4,1.0,3,2,5,6,1,0,5,3,15,19,28.0,1,2015-16
22015,203524,Solomon Hill,1610612754,IND,Indiana Pacers,0021501199,2016-04-10,IND vs. BKN,W,32,6,9,0.667,0,1,0.0,1,2,0.5,2,10,12,3,2,0,4,0,13,2,33.9,1,2015-16
22015,203922,Glenn Robinson III,1610612754,IND,Indiana Pacers,0021501199,2016-04-10,IND vs. BKN,W,12,1,4,0.25,1,2,0.5,0,0,,1,0,1,1,0,1,2,3,3,-8,6.7,1,2015-16
22015,203138,Hollis Thompson,1610612755,PHI,Philadelphia 76ers,0021501197,2016-04-10,PHI vs. MIL,L,24,3,14,0.214,3,10,0.3,1,1,1.0,4,0,4,1,0,0,0,5,10,5,16.3,1,2015-16
22015,203917,Nik Stauskas,1610612755,PHI,Philadelphia 76ers,0021501197,2016-04-10,PHI vs. MIL,L,36,3,15,0.2,2,12,0.167,4,4,1.0,0,1,1,0,1,0,1,1,12,-11,15.2,1,2015-16
22015,1626246,Boban Marjanovic,1610612759,SAS,San Antonio Spurs,0021501201,2016-04-10,SAS vs. GSW,L,6,2,4,0.5,0,0,,0,1,0.0,1,1,2,0,0,0,0,1,4,-4,6.4,1,2015-16
22015,202685,Jonas Valančiūnas,1610612761,TOR,Toronto Raptors,0021501202,2016-04-10,TOR @ NYK,W,28,6,11,0.545,0,0,,2,5,0.4,2,5,7,2,0,3,1,3,14,6,33.4,1,2015-16
22015,203481,Jeff Withey,1610612762,UTA,Utah Jazz,0021501198,2016-04-10,UTA @ DEN,W,6,0,0,,0,0,,0,0,,0,1,1,0,0,0,0,1,0,-5,1.2,1,2015-16
22015,203497,Rudy Gobert,1610612762,UTA,Utah Jazz,0021501198,2016-04-10,UTA @ DEN,W,38,5,7,0.714,0,0,,6,11,0.545,5,9,14,1,0,6,1,4,16,23,51.3,1,2015-16
22015,201162,Jared Dudley,1610612764,WAS,Washington Wizards,0021501194,2016-04-10,WAS vs. CHA,W,29,4,7,0.571,1,1,1.0,2,2,1.0,0,7,7,3,4,2,2,2,11,15,39.9,1,2015-16
22015,1626162,Kelly Oubre Jr.,1610612764,WAS,Washington Wizards,0021501194,2016-04-10,WAS vs. CHA,W,17,2,6,0.333,0,2,0.0,0,0,,0,3,3,0,0,0,0,3,4,2,7.6,1,2015-16
22015,202391,Jeremy Lin,1610612766,CHA,Charlotte Hornets,0021501194,2016-04-10,CHA @ WAS,L,22,0,6,0.0,0,3,0.0,1,2,0.5,0,1,1,3,1,0,3,2,1,-2,6.7,1,2015-16
22015,101114,Deron Williams,1610612742,DAL,Dallas Mavericks,0021501196,2016-04-10,DAL @ LAC,L,29,6,11,0.545,0,2,0.0,3,5,0.6,0,4,4,3,1,0,2,4,15,-8,25.3,1,2015-16
22015,203960,JaKarr Sampson,1610612743,DEN,Denver Nuggets,0021501198,2016-04-10,DEN vs. UTA,L,14,0,2,0.0,0,1,0.0,0,0,,1,0,1,0,0,0,0,1,0,-9,1.2,1,2015-16
22015,201976,Patrick Beverley,1610612745,HOU,Houston Rockets,0021501195,2016-04-10,HOU vs. LAL,W,33,7,11,0.636,3,6,0.5,2,2,1.0,2,5,7,6,1,0,2,4,19,10,37.4,1,2015-16
22015,201933,Blake Griffin,1610612746,LAC,LA Clippers,0021501196,2016-04-10,LAC vs. DAL,W,33,7,18,0.389,0,0,,3,5,0.6,2,9,11,7,2,0,4,5,17,-1,42.7,1,2015-16
22015,203143,Pablo Prigioni,1610612746,LAC,LA Clippers,0021501196,2016-04-10,LAC vs. DAL,W,9,0,0,,0,0,,0,0,,0,0,0,0,1,0,0,2,0,-6,3.0,1,2015-16
22015,2207,Joe Johnson,1610612748,MIA,Miami Heat,0021501200,2016-04-10,MIA vs. ORL,W,27,3,9,0.333,1,4,0.25,0,0,,0,2,2,3,1,0,0,1,7,18,16.9,1,2015-16
22015,101123,Gerald Green,1610612748,MIA,Miami Heat,0021501200,2016-04-10,MIA vs. ORL,W,17,7,12,0.583,1,3,0.333,0,0,,0,3,3,0,1,0,0,2,15,5,21.6,1,2015-16
22015,1627362,Briante Weber,1610612748,MIA,Miami Heat,0021501200,2016-04-10,MIA vs. ORL,W,3,1,1,1.0,0,0,,0,0,,0,1,1,1,0,0,0,1,2,5,4.7,1,2015-16
22015,1626170,Jerian Grant,1610612752,NYK,New York Knicks,0021501202,2016-04-10,NYK vs. TOR,L,38,7,16,0.438,1,4,0.25,4,6,0.667,1,2,3,1,3,0,1,1,19,-4,32.1,1,2015-16
22015,203918,Rodney Hood,1610612762,UTA,Utah Jazz,0021501198,2016-04-10,UTA @ DEN,W,34,5,13,0.385,3,5,0.6,0,0,,1,4,5,2,3,0,3,0,13,23,28.0,1,2015-16
22015,201977,Marcus Thornton,1610612764,WAS,Washington Wizards,0021501194,2016-04-10,WAS vs. CHA,W,31,4,11,0.364,2,5,0.4,6,8,0.75,1,4,5,4,1,0,2,2,16,5,29.0,1,2015-16
22015,203471,Dennis Schröder,1610612737,ATL,Atlanta Hawks,0021501203,2016-04-11,ATL @ CLE,L,17,2,8,0.25,0,4,0.0,0,1,0.0,1,2,3,2,1,0,0,3,4,-10,13.6,1,2015-16
22015,203096,Jared Sullinger,1610612738,BOS,Boston Celtics,0021501205,2016-04-11,BOS vs. CHA,L,17,2,5,0.4,0,1,0.0,0,0,,1,2,3,5,0,0,0,0,4,-15,15.1,1,2015-16
22015,2747,JR Smith,1610612739,CLE,Cleveland Cavaliers,0021501203,2016-04-11,CLE vs. ATL,W,32,1,5,0.2,0,3,0.0,0,0,,0,1,1,0,0,0,1,1,2,17,2.2,1,2015-16
22015,202684,Tristan Thompson,1610612739,CLE,Cleveland Cavaliers,0021501203,2016-04-11,CLE vs. ATL,W,36,2,6,0.333,0,0,,5,7,0.714,2,8,10,1,3,1,0,2,9,5,34.5,1,2015-16
22015,201967,Dante Cunningham,1610612740,NOP,New Orleans Pelicans,0021501208,2016-04-11,NOP vs. CHI,L,35,5,9,0.556,0,1,0.0,0,0,,0,1,1,2,0,0,0,4,10,-8,14.2,1,2015-16
22015,202337,Luke Babbitt,1610612740,NOP,New Orleans Pelicans,0021501208,2016-04-11,NOP vs. CHI,L,35,2,10,0.2,0,2,0.0,3,3,1.0,4,1,5,4,0,0,3,3,7,0,16.0,1,2015-16
22015,203926,Doug McDermott,1610612741,CHI,Chicago Bulls,0021501208,2016-04-11,CHI @ NOP,W,24,4,10,0.4,0,1,0.0,2,2,1.0,1,3,4,4,0,0,0,1,10,-4,20.8,1,2015-16
22015,1626171,Bobby Portis,1610612741,CHI,Chicago Bulls,0021501208,2016-04-11,CHI @ NOP,W,29,5,7,0.714,1,2,0.5,2,2,1.0,2,6,8,2,1,0,0,0,13,4,28.6,1,2015-16
22015,1717,Dirk Nowitzki,1610612742,DAL,Dallas Mavericks,0021501210,2016-04-11,DAL @ UTA,W,32,7,12,0.583,4,7,0.571,4,4,1.0,1,10,11,3,1,1,1,0,22,14,44.7,1,2015-16
22015,101109,Raymond Felton,1610612742,DAL,Dallas Mavericks,0021501210,2016-04-11,DAL @ UTA,W,25,3,9,0.333,0,0,,4,5,0.8,0,4,4,0,1,0,0,4,10,-2,17.8,1,2015-16
22015,1897,Metta World Peace,1610612747,LAL,Los Angeles Lakers,0021501209,2016-04-11,LAL @ OKC,L,23,3,10,0.3,2,6,0.333,4,4,1.0,1,5,6,0,0,0,0,0,12,-4,19.2,1,2015-16
22015,203135,Robert Sacre,1610612747,LAL,Los Angeles Lakers,0021501209,2016-04-11,LAL @ OKC,L,16,3,7,0.429,0,0,,5,6,0.833,4,4,8,0,1,0,1,3,11,4,22.6,1,2015-16
22015,203953,Jabari Parker,1610612749,MIL,Milwaukee Bucks,0021501204,2016-04-11,MIL @ ORL,L,37,8,17,0.471,0,2,0.0,1,2,0.5,1,2,3,1,0,0,3,1,17,-8,19.1,1,2015-16
22015,2419,Tayshaun Prince,1610612750,MIN,Minnesota Timberwolves,0021501207,2016-04-11,MIN vs. HOU,L,13,0,1,0.0,0,0,,0,0,,1,1,2,3,0,0,1,0,0,-2,5.9,1,2015-16
22015,202357,Nemanja Bjelica,1610612750,MIN,Minnesota Timberwolves,0021501207,2016-04-11,MIN vs. HOU,L,29,3,7,0.429,1,3,0.333,4,4,1.0,4,10,14,1,0,0,2,5,11,-14,27.3,1,2015-16
22015,202962,Greg Smith,1610612750,MIN,Minnesota Timberwolves,0021501207,2016-04-11,MIN vs. HOU,L,5,0,0,,0,0,,0,0,,1,1,2,1,0,0,0,0,0,-2,3.9,1,2015-16
22015,203897,Zach LaVine,1610612750,MIN,Minnesota Timberwolves,0021501207,2016-04-11,MIN vs. HOU,L,27,8,14,0.571,3,7,0.429,2,2,1.0,1,1,2,3,1,1,1,1,21,-22,32.9,1,2015-16
22015,201961,Wayne Ellington,1610612751,BKN,Brooklyn Nets,0021501206,2016-04-11,BKN vs. WAS,L,24,2,11,0.182,1,7,0.143,0,0,,0,2,2,2,2,0,0,1,5,-5,16.4,1,2015-16
22015,202711,Bojan Bogdanovic,1610612751,BKN,Brooklyn Nets,0021501206,2016-04-11,BKN vs. WAS,L,30,8,13,0.615,3,6,0.5,1,1,1.0,1,4,5,1,1,0,2,2,20,-23,28.5,1,2015-16
22015,203930,Sean Kilpatrick,1610612751,BKN,Brooklyn Nets,0021501206,2016-04-11,BKN vs. WAS,L,30,6,15,0.4,2,7,0.286,3,5,0.6,0,5,5,3,2,1,0,0,17,3,36.5,1,2015-16
22015,201160,Jason Smith,1610612753,ORL,Orlando Magic,0021501204,2016-04-11,ORL vs. MIL,W,29,4,11,0.364,0,1,0.0,2,2,1.0,1,5,6,1,4,4,0,1,10,-7,42.7,1,2015-16
22015,200782,P.J. Tucker,1610612756,PHX,Phoenix Suns,0021501211,2016-04-11,PHX vs. SAC,L,34,6,11,0.545,1,2,0.5,2,3,0.667,5,5,10,4,2,0,0,3,15,-2,39.0,1,2015-16
22015,202720,Jon Leuer,1610612756,PHX,Phoenix Suns,0021501211,2016-04-11,PHX vs. SAC,L,28,5,11,0.455,0,0,,2,2,1.0,1,9,10,0,1,1,4,1,12,12,26.0,1,2015-16
22015,202713,Kyle Singler,1610612760,OKC,Oklahoma City Thunder,0021501209,2016-04-11,OKC vs. LAL,W,26,3,4,0.75,2,2,1.0,0,2,0.0,0,5,5,2,1,1,0,3,8,5,23.0,1,2015-16
22015,1626166,Cameron Payne,1610612760,OKC,Oklahoma City Thunder,0021501209,2016-04-11,OKC vs. LAL,W,8,2,4,0.5,0,1,0.0,0,0,,0,1,1,2,0,0,1,2,4,-5,7.2,1,2015-16
22015,1626162,Kelly Oubre Jr.,1610612764,WAS,Washington Wizards,0021501206,2016-04-11,WAS @ BKN,W,29,6,10,0.6,1,3,0.333,1,2,0.5,0,6,6,0,1,0,1,4,14,8,23.2,1,2015-16
22015,101107,Marvin Williams,1610612766,CHA,Charlotte Hornets,0021501205,2016-04-11,CHA @ BOS,W,29,6,13,0.462,4,8,0.5,0,1,0.0,1,0,1,1,1,2,1,1,16,21,26.7,1,2015-16
22015,201584,Courtney Lee,1610612766,CHA,Charlotte Hornets,0021501205,2016-04-11,CHA @ BOS,W,33,2,6,0.333,1,2,0.5,0,0,,0,3,3,2,0,0,1,2,5,13,10.6,1,2015-16
22015,201143,Al Horford,1610612737,ATL,Atlanta Hawks,0021501203,2016-04-11,ATL @ CLE,L,33,10,17,0.588,0,4,0.0,0,1,0.0,2,9,11,2,1,1,1,2,20,-8,41.2,1,2015-16
22015,203488,Mike Muscala,1610612737,ATL,Atlanta Hawks,0021501203,2016-04-11,ATL @ CLE,L,9,1,3,0.333,1,1,1.0,0,0,,1,2,3,0,0,1,0,1,3,2,9.6,1,2015-16
22015,201973,Jonas Jerebko,1610612738,BOS,Boston Celtics,0021501205,2016-04-11,BOS vs. CHA,L,25,1,4,0.25,0,1,0.0,1,1,1.0,1,3,4,0,1,0,0,0,3,2,10.8,1,2015-16
22015,2210,Richard Jefferson,1610612739,CLE,Cleveland Cavaliers,0021501203,2016-04-11,CLE vs. ATL,W,24,1,4,0.25,0,2,0.0,0,0,,2,4,6,0,0,0,1,1,2,9,8.2,1,2015-16
22015,202703,Nikola Mirotic,1610612741,CHI,Chicago Bulls,0021501208,2016-04-11,CHI @ NOP,W,37,6,15,0.4,2,7,0.286,6,8,0.75,1,3,4,3,2,0,4,3,20,8,31.3,1,2015-16
22015,203200,Justin Holiday,1610612741,CHI,Chicago Bulls,0021501208,2016-04-11,CHI @ NOP,W,26,6,8,0.75,2,3,0.667,0,0,,0,4,4,3,0,0,0,5,14,8,23.3,1,2015-16
22015,1626245,Cristiano Felicio,1610612741,CHI,Chicago Bulls,0021501208,2016-04-11,CHI @ NOP,W,27,6,8,0.75,0,1,0.0,4,4,1.0,1,5,6,0,0,0,0,3,16,1,23.2,1,2015-16
22015,101135,David Lee,1610612742,DAL,Dallas Mavericks,0021501210,2016-04-11,DAL @ UTA,W,16,1,3,0.333,0,0,,2,2,1.0,2,2,4,1,0,0,1,1,4,-2,9.3,1,2015-16
22015,1626147,Justin Anderson,1610612742,DAL,Dallas Mavericks,0021501210,2016-04-11,DAL @ UTA,W,14,2,4,0.5,0,2,0.0,0,0,,1,2,3,0,0,1,0,1,4,0,10.6,1,2015-16
22015,201935,James Harden,1610612745,HOU,Houston Rockets,0021501207,2016-04-11,HOU @ MIN,W,32,12,21,0.571,5,7,0.714,5,7,0.714,0,1,1,6,0,0,3,0,34,29,41.2,1,2015-16
22015,202700,Donatas Motiejunas,1610612745,HOU,Houston Rockets,0021501207,2016-04-11,HOU @ MIN,W,19,3,7,0.429,1,2,0.5,0,0,,2,2,4,3,2,0,2,2,7,8,20.3,1,2015-16
22015,203944,Julius Randle,1610612747,LAL,Los Angeles Lakers,0021501209,2016-04-11,LAL @ OKC,L,27,4,11,0.364,1,2,0.5,0,0,,1,12,13,2,1,0,2,1,9,-28,28.6,1,2015-16
22015,1626204,Larry Nance Jr.,1610612747,LAL,Los Angeles Lakers,0021501209,2016-04-11,LAL @ OKC,L,9,0,0,,0,0,,0,0,,0,2,2,1,0,0,0,2,0,0,3.9,1,2015-16
22015,203089,John Henson,1610612749,MIL,Milwaukee Bucks,0021501204,2016-04-11,MIL @ ORL,L,15,2,5,0.4,0,0,,1,2,0.5,1,2,3,0,0,0,2,2,5,2,6.6,1,2015-16
22015,203507,Giannis Antetokounmpo,1610612749,MIL,Milwaukee Bucks,0021501204,2016-04-11,MIL @ ORL,L,37,5,7,0.714,1,2,0.5,0,2,0.0,2,7,9,3,1,3,5,5,11,-14,33.3,1,2015-16
22015,203898,Tyler Ennis,1610612749,MIL,Milwaukee Bucks,0021501204,2016-04-11,MIL @ ORL,L,24,5,6,0.833,0,0,,0,0,,0,2,2,2,0,0,3,3,10,4,12.4,1,2015-16
22015,203499,Shane Larkin,1610612751,BKN,Brooklyn Nets,0021501206,2016-04-11,BKN vs. WAS,L,31,9,13,0.692,2,4,0.5,0,2,0.0,2,4,6,7,0,0,5,2,20,-3,32.7,1,2015-16
22015,203900,Markel Brown,1610612751,BKN,Brooklyn Nets,0021501206,2016-04-11,BKN vs. WAS,L,29,3,11,0.273,0,3,0.0,0,0,,2,2,4,4,0,1,1,1,6,0,18.8,1,2015-16
22015,1626178,Rondae Hollis-Jefferson,1610612751,BKN,Brooklyn Nets,0021501206,2016-04-11,BKN vs. WAS,L,23,5,10,0.5,0,0,,4,4,1.0,2,4,6,2,2,3,0,2,14,5,39.2,1,2015-16
22015,203094,Andrew Nicholson,1610612753,ORL,Orlando Magic,0021501204,2016-04-11,ORL vs. MIL,W,11,0,5,0.0,0,3,0.0,0,0,,1,1,2,0,0,0,1,2,0,-4,1.4,1,2015-16
22015,203473,Dewayne Dedmon,1610612753,ORL,Orlando Magic,0021501204,2016-04-11,ORL vs. MIL,W,19,6,11,0.545,0,0,,5,6,0.833,3,5,8,0,3,3,0,4,17,16,44.6,1,2015-16
22015,203901,Elfrid Payton,1610612753,ORL,Orlando Magic,0021501204,2016-04-11,ORL vs. MIL,W,31,3,8,0.375,0,2,0.0,5,10,0.5,0,3,3,11,3,0,4,1,11,20,36.1,1,2015-16
22015,1626210,Alan Williams,1610612756,PHX,Phoenix Suns,0021501211,2016-04-11,PHX vs. SAC,L,9,1,3,0.333,0,0,,0,0,,3,3,6,0,1,0,1,0,2,-2,11.2,1,2015-16
22015,200752,Rudy Gay,1610612758,SAC,Sacramento Kings,0021501211,2016-04-11,SAC @ PHX,W,35,6,13,0.462,1,2,0.5,2,4,0.5,0,6,6,0,2,4,4,4,15,4,36.2,1,2015-16
22015,2555,Nick Collison,1610612760,OKC,Oklahoma City Thunder,0021501209,2016-04-11,OKC vs. LAL,W,12,1,1,1.0,0,0,,0,0,,0,0,0,1,1,1,1,1,2,1,8.5,1,2015-16
22015,201142,Kevin Durant,1610612760,OKC,Oklahoma City Thunder,0021501209,2016-04-11,OKC vs. LAL,W,27,11,18,0.611,6,11,0.545,6,6,1.0,0,5,5,3,1,1,2,2,34,30,48.5,1,2015-16
22015,201586,Serge Ibaka,1610612760,OKC,Oklahoma City Thunder,0021501209,2016-04-11,OKC vs. LAL,W,27,1,12,0.083,0,5,0.0,0,0,,2,3,5,1,0,3,1,1,2,28,17.5,1,2015-16
22015,201627,Anthony Morrow,1610612760,OKC,Oklahoma City Thunder,0021501209,2016-04-11,OKC vs. LAL,W,14,4,10,0.4,2,6,0.333,0,0,,0,3,3,0,0,1,0,1,10,0,16.6,1,2015-16
22015,203460,Andre Roberson,1610612760,OKC,Oklahoma City Thunder,0021501209,2016-04-11,OKC vs. LAL,W,18,3,4,0.75,1,2,0.5,0,0,,1,3,4,0,0,0,0,1,7,19,11.8,1,2015-16
22015,202344,Trevor Booker,1610612762,UTA,Utah Jazz,0021501210,2016-04-11,UTA vs. DAL,L,24,4,5,0.8,1,1,1.0,0,0,,0,2,2,2,0,1,0,3,9,3,17.4,1,2015-16
22015,101162,Marcin Gortat,1610612764,WAS,Washington Wizards,0021501206,2016-04-11,WAS @ BKN,W,24,5,7,0.714,0,0,,1,2,0.5,1,6,7,1,0,0,2,2,11,7,18.9,1,2015-16
22015,201977,Marcus Thornton,1610612764,WAS,Washington Wizards,0021501206,2016-04-11,WAS @ BKN,W,32,7,15,0.467,2,6,0.333,3,3,1.0,3,5,8,2,2,0,2,1,19,7,35.6,1,2015-16
22015,203490,Otto Porter Jr.,1610612764,WAS,Washington Wizards,0021501206,2016-04-11,WAS @ BKN,W,18,3,5,0.6,2,3,0.667,2,2,1.0,0,2,2,0,1,0,1,3,10,-1,14.4,1,2015-16
22015,204067,Jarell Eddie,1610612764,WAS,Washington Wizards,0021501206,2016-04-11,WAS @ BKN,W,21,3,13,0.231,1,6,0.167,0,0,,0,4,4,1,1,0,0,0,7,4,16.3,1,2015-16
22015,201150,Spencer Hawes,1610612766,CHA,Charlotte Hornets,0021501205,2016-04-11,CHA @ BOS,W,20,3,5,0.6,2,2,1.0,1,2,0.5,1,4,5,0,0,1,1,3,9,-7,17.0,1,2015-16
22015,203268,Jorge Gutierrez,1610612766,CHA,Charlotte Hornets,0021501205,2016-04-11,CHA @ BOS,W,1,0,0,,0,0,,0,0,,0,0,0,1,0,0,0,0,0,-2,1.5,1,2015-16
22015,1626163,Frank Kaminsky,1610612766,CHA,Charlotte Hornets,0021501205,2016-04-11,CHA @ BOS,W,19,2,5,0.4,1,2,0.5,3,4,0.75,2,5,7,1,0,1,0,1,8,-7,20.9,1,2015-16
22015,2743,Kris Humphries,1610612737,ATL,Atlanta Hawks,0021501203,2016-04-11,ATL @ CLE,L,11,1,3,0.333,0,0,,1,2,0.5,0,2,2,1,0,0,1,0,3,0,5.9,1,2015-16
22015,203501,Tim Hardaway Jr.,1610612737,ATL,Atlanta Hawks,0021501203,2016-04-11,ATL @ CLE,L,17,4,8,0.5,0,3,0.0,0,0,,0,2,2,1,0,0,0,0,8,-12,11.9,1,2015-16
22015,101161,Amir Johnson,1610612738,BOS,Boston Celtics,0021501205,2016-04-11,BOS vs. CHA,L,22,1,5,0.2,0,1,0.0,3,4,0.75,1,5,6,2,3,0,0,0,5,-15,24.2,1,2015-16
22015,202340,Avery Bradley,1610612738,BOS,Boston Celtics,0021501205,2016-04-11,BOS vs. CHA,L,24,7,12,0.583,3,5,0.6,0,0,,0,2,2,1,0,0,1,4,17,0,19.9,1,2015-16
22015,202738,Isaiah Thomas,1610612738,BOS,Boston Celtics,0021501205,2016-04-11,BOS vs. CHA,L,21,6,13,0.462,1,3,0.333,4,7,0.571,1,1,2,4,1,0,6,3,17,-16,22.4,1,2015-16
22015,203482,Kelly Olynyk,1610612738,BOS,Boston Celtics,0021501205,2016-04-11,BOS vs. CHA,L,23,5,12,0.417,1,5,0.2,3,3,1.0,3,8,11,1,0,0,0,4,14,7,28.7,1,2015-16
22015,1626179,Terry Rozier,1610612738,BOS,Boston Celtics,0021501205,2016-04-11,BOS vs. CHA,L,5,0,2,0.0,0,1,0.0,2,2,1.0,0,2,2,0,0,0,0,0,2,-2,4.4,1,2015-16
22015,2592,James Jones,1610612739,CLE,Cleveland Cavaliers,0021501203,2016-04-11,CLE vs. ATL,W,2,0,0,,0,0,,0,0,,0,0,0,0,0,0,0,0,0,0,0.0,1,2015-16
22015,101112,Channing Frye,1610612739,CLE,Cleveland Cavaliers,0021501203,2016-04-11,CLE vs. ATL,W,16,2,5,0.4,1,4,0.25,0,0,,0,2,2,0,0,1,2,2,5,-2,8.4,1,2015-16
22015,201567,Kevin Love,1610612739,CLE,Cleveland Cavaliers,0021501203,2016-04-11,CLE vs. ATL,W,29,2,8,0.25,2,5,0.4,4,4,1.0,1,13,14,1,2,0,1,2,10,9,33.3,1,2015-16
22015,203895,Jordan McRae,1610612739,CLE,Cleveland Cavaliers,0021501203,2016-04-11,CLE vs. ATL,W,7,1,3,0.333,0,0,,0,0,,1,2,3,1,0,0,0,0,2,0,7.1,1,2015-16
22015,201962,Toney Douglas,1610612740,NOP,New Orleans Pelicans,0021501208,2016-04-11,NOP vs. CHI,L,33,8,13,0.615,3,6,0.5,2,2,1.0,0,2,2,3,1,0,0,1,21,9,30.9,1,2015-16
22015,203516,James Ennis III,1610612740,NOP,New Orleans Pelicans,0021501208,2016-04-11,NOP vs. CHI,L,40,9,14,0.643,5,8,0.625,6,7,0.857,2,3,5,4,1,1,1,3,29,-9,46.0,1,2015-16
22015,204025,Tim Frazier,1610612740,NOP,New Orleans Pelicans,0021501208,2016-04-11,NOP vs. CHI,L,33,6,15,0.4,1,3,0.333,7,9,0.778,1,5,6,11,3,0,2,5,20,-8,50.7,1,2015-16
22015,2734,Devin Harris,1610612742,DAL,Dallas Mavericks,0021501210,2016-04-11,DAL @ UTA,W,7,0,2,0.0,0,1,0.0,1,2,0.5,1,1,2,0,1,0,0,0,1,-3,6.4,1,2015-16
22015,2730,Dwight Howard,1610612745,HOU,Houston Rockets,0021501207,2016-04-11,HOU @ MIN,W,27,8,11,0.727,0,0,,3,4,0.75,2,6,8,3,1,1,4,2,19,18,35.1,1,2015-16
22015,2746,Josh Smith,1610612745,HOU,Houston Rockets,0021501207,2016-04-11,HOU @ MIN,W,23,3,6,0.5,3,6,0.5,2,2,1.0,0,3,3,3,2,0,1,6,11,22,24.1,1,2015-16
22015,2772,Trevor Ariza,1610612745,HOU,Houston Rockets,0021501207,2016-04-11,HOU @ MIN,W,29,8,11,0.727,3,4,0.75,2,2,1.0,0,4,4,2,1,0,0,3,21,19,31.8,1,2015-16
22015,201976,Patrick Beverley,1610612745,HOU,Houston Rockets,0021501207,2016-04-11,HOU @ MIN,W,35,3,7,0.429,1,3,0.333,4,6,0.667,1,4,5,4,1,2,0,2,11,18,32.0,1,2015-16
22015,202726,Andrew Goudelock,1610612745,HOU,Houston Rockets,0021501207,2016-04-11,HOU @ MIN,W,5,1,2,0.5,0,1,0.0,0,0,,0,0,0,0,0,0,1,0,2,-6,1.0,1,2015-16
22015,203093,Terrence Jones,1610612745,HOU,Houston Rockets,0021501207,2016-04-11,HOU @ MIN,W,5,1,2,0.5,0,0,,0,0,,1,1,2,0,0,0,1,3,2,-6,3.4,1,2015-16
22015,203909,KJ McDaniels,1610612745,HOU,Houston Rockets,0021501207,2016-04-11,HOU @ MIN,W,5,0,2,0.0,0,1,0.0,0,0,,0,1,1,0,1,0,1,0,0,-6,3.2,1,2015-16
22015,977,Kobe Bryant,1610612747,LAL,Los Angeles Lakers,0021501209,2016-04-11,LAL @ OKC,L,19,4,12,0.333,3,9,0.333,2,2,1.0,0,1,1,0,1,0,2,2,13,-24,15.2,1,2015-16
22015,203903,Jordan Clarkson,1610612747,LAL,Los Angeles Lakers,0021501209,2016-04-11,LAL @ OKC,L,35,2,14,0.143,1,9,0.111,6,6,1.0,1,1,2,4,0,0,3,2,11,-22,16.4,1,2015-16
22015,202328,Greg Monroe,1610612749,MIL,Milwaukee Bucks,0021501204,2016-04-11,MIL @ ORL,L,27,9,15,0.6,0,0,,5,6,0.833,4,3,7,2,3,1,2,2,23,-12,44.4,1,2015-16
22015,202349,Greivis Vasquez,1610612749,MIL,Milwaukee Bucks,0021501204,2016-04-11,MIL @ ORL,L,17,3,7,0.429,2,5,0.4,0,0,,1,2,3,3,0,0,2,3,8,4,14.1,1,2015-16
22015,201937,Ricky Rubio,1610612750,MIN,Minnesota Timberwolves,0021501207,2016-04-11,MIN vs. HOU,L,22,2,6,0.333,0,2,0.0,0,2,0.0,0,2,2,5,2,1,0,1,4,-17,22.9,1,2015-16
22015,203476,Gorgui Dieng,1610612750,MIN,Minnesota Timberwolves,0021501207,2016-04-11,MIN vs. HOU,L,25,4,8,0.5,0,0,,5,6,0.833,1,3,4,1,1,0,0,2,13,-17,22.3,1,2015-16
22015,203498,Shabazz Muhammad,1610612750,MIN,Minnesota Timberwolves,0021501207,2016-04-11,MIN vs. HOU,L,22,9,13,0.692,1,3,0.333,4,7,0.571,0,1,1,2,1,0,1,0,23,-5,29.2,1,2015-16
22015,1626145,Tyus Jones,1610612750,MIN,Minnesota Timberwolves,0021501207,2016-04-11,MIN vs. HOU,L,26,1,5,0.2,0,1,0.0,0,0,,0,3,3,5,2,0,2,4,2,-7,17.1,1,2015-16
22015,201228,C.J. Watson,1610612753,ORL,Orlando Magic,0021501204,2016-04-11,ORL vs. MIL,W,17,3,4,0.75,0,0,,0,0,,1,1,2,3,1,0,1,1,6,-11,14.9,1,2015-16
22015,201566,Russell Westbrook,1610612760,OKC,Oklahoma City Thunder,0021501209,2016-04-11,OKC vs. LAL,W,28,5,13,0.385,0,5,0.0,3,5,0.6,0,10,10,14,1,0,3,2,13,27,46.0,1,2015-16
22015,202324,Derrick Favors,1610612762,UTA,Utah Jazz,0021501210,2016-04-11,UTA vs. DAL,L,28,5,11,0.455,0,0,,1,2,0.5,1,2,3,0,1,1,1,0,11,-4,19.6,1,2015-16
22015,203481,Jeff Withey,1610612762,UTA,Utah Jazz,0021501210,2016-04-11,UTA vs. DAL,L,4,1,2,0.5,0,0,,0,0,,1,1,2,0,0,0,0,0,2,-4,4.4,1,2015-16
22015,101187,Alan Anderson,1610612764,WAS,Washington Wizards,0021501206,2016-04-11,WAS @ BKN,W,18,2,8,0.25,0,2,0.0,0,0,,0,0,0,3,0,0,0,2,4,1,8.5,1,2015-16
22015,201162,Jared Dudley,1610612764,WAS,Washington Wizards,0021501206,2016-04-11,WAS @ BKN,W,22,4,6,0.667,0,1,0.0,0,0,,2,4,6,5,1,0,0,2,8,4,25.7,1,2015-16
22015,202066,Garrett Temple,1610612764,WAS,Washington Wizards,0021501206,2016-04-11,WAS @ BKN,W,24,3,5,0.6,3,3,1.0,2,2,1.0,1,4,5,1,0,0,1,1,11,6,17.5,1,2015-16
22015,203145,Kent Bazemore,1610612737,ATL,Atlanta Hawks,0021501203,2016-04-11,ATL @ CLE,L,27,8,15,0.533,5,8,0.625,2,2,1.0,0,6,6,1,3,1,3,3,23,3,40.7,1,2015-16
22015,202323,Evan Turner,1610612738,BOS,Boston Celtics,0021501205,2016-04-11,BOS vs. CHA,L,30,6,16,0.375,1,1,1.0,2,2,1.0,3,4,7,1,0,0,4,3,15,-9,20.9,1,2015-16
22015,203923,James Young,1610612738,BOS,Boston Celtics,0021501205,2016-04-11,BOS vs. CHA,L,2,0,0,,0,0,,0,0,,0,0,0,0,0,0,0,0,0,5,0.0,1,2015-16
22015,2570,Kendrick Perkins,1610612740,NOP,New Orleans Pelicans,0021501208,2016-04-11,NOP vs. CHI,L,17,0,1,0.0,0,0,,0,0,,1,3,4,1,0,1,1,2,0,-10,8.3,1,2015-16
22015,201600,Omer Asik,1610612740,NOP,New Orleans Pelicans,0021501208,2016-04-11,NOP vs. CHI,L,24,6,8,0.75,0,0,,2,4,0.5,2,5,7,1,3,0,1,1,14,4,31.9,1,2015-16
22015,201166,Aaron Brooks,1610612741,CHI,Chicago Bulls,0021501208,2016-04-11,CHI @ NOP,W,20,2,6,0.333,2,3,0.667,0,0,,0,1,1,2,0,1,1,4,6,-5,12.2,1,2015-16
22015,1626257,Salah Mejri,1610612742,DAL,Dallas Mavericks,0021501210,2016-04-11,DAL @ UTA,W,16,3,5,0.6,0,0,,1,2,0.5,0,3,3,1,0,0,1,2,7,6,11.1,1,2015-16
22015,201579,Roy Hibbert,1610612747,LAL,Los Angeles Lakers,0021501209,2016-04-11,LAL @ OKC,L,20,1,3,0.333,0,0,,0,0,,1,3,4,0,0,1,0,4,2,-21,9.8,1,2015-16
22015,1626273,Marcelo Huertas,1610612747,LAL,Los Angeles Lakers,0021501209,2016-04-11,LAL @ OKC,L,28,1,7,0.143,0,2,0.0,2,2,1.0,0,4,4,5,2,0,2,2,4,-3,20.3,1,2015-16
22015,203114,Khris Middleton,1610612749,MIL,Milwaukee Bucks,0021501204,2016-04-11,MIL @ ORL,L,35,6,11,0.545,0,2,0.0,5,5,1.0,0,5,5,7,2,0,6,2,17,-15,33.5,1,2015-16
22015,1626173,Rashad Vaughn,1610612749,MIL,Milwaukee Bucks,0021501204,2016-04-11,MIL @ ORL,L,28,1,6,0.167,0,4,0.0,1,2,0.5,0,0,0,0,0,1,0,2,3,-9,6.0,1,2015-16
22015,204014,Damjan Rudez,1610612750,MIN,Minnesota Timberwolves,0021501207,2016-04-11,MIN vs. HOU,L,7,0,1,0.0,0,1,0.0,0,0,,0,0,0,0,0,0,0,0,0,1,0.0,1,2015-16
22015,1626157,Karl-Anthony Towns,1610612750,MIN,Minnesota Timberwolves,0021501207,2016-04-11,MIN vs. HOU,L,27,6,15,0.4,0,3,0.0,0,0,,0,5,5,1,1,1,1,3,12,-13,24.5,1,2015-16
22015,203156,Henry Sims,1610612751,BKN,Brooklyn Nets,0021501206,2016-04-11,BKN vs. WAS,L,30,2,9,0.222,0,0,,4,4,1.0,2,6,8,1,1,2,1,4,8,-4,27.1,1,2015-16
22015,1626191,Chris McCullough,1610612751,BKN,Brooklyn Nets,0021501206,2016-04-11,BKN vs. WAS,L,24,5,9,0.556,1,2,0.5,1,5,0.2,4,1,5,0,1,2,1,2,12,-17,26.0,1,2015-16
22015,203095,Evan Fournier,1610612753,ORL,Orlando Magic,0021501204,2016-04-11,ORL vs. MIL,W,38,5,13,0.385,1,6,0.167,2,2,1.0,1,4,5,4,1,0,2,0,13,21,26.0,1,2015-16
22015,1626209,Mario Hezonja,1610612753,ORL,Orlando Magic,0021501204,2016-04-11,ORL vs. MIL,W,39,7,11,0.636,3,6,0.5,2,2,1.0,1,2,3,7,5,0,2,2,19,8,46.1,1,2015-16
22015,203141,Mirza Teletovic,1610612756,PHX,Phoenix Suns,0021501211,2016-04-11,PHX vs. SAC,L,34,10,20,0.5,4,10,0.4,2,2,1.0,1,2,3,1,2,0,3,4,26,-6,34.1,1,2015-16
22015,1626164,Devin Booker,1610612756,PHX,Phoenix Suns,0021501211,2016-04-11,PHX vs. SAC,L,33,8,20,0.4,0,5,0.0,6,6,1.0,1,3,4,4,1,1,4,5,22,4,34.8,1,2015-16
22015,201585,Kosta Koufos,1610612758,SAC,Sacramento Kings,0021501211,2016-04-11,SAC @ PHX,W,35,8,14,0.571,0,0,,3,7,0.429,1,7,8,2,2,2,2,4,19,-3,41.6,1,2015-16
22015,202341,James Anderson,1610612758,SAC,Sacramento Kings,0021501211,2016-04-11,SAC @ PHX,W,24,4,8,0.5,0,3,0.0,2,2,1.0,0,6,6,2,1,1,3,1,10,16,23.2,1,2015-16
22015,203463,Ben McLemore,1610612758,SAC,Sacramento Kings,0021501211,2016-04-11,SAC @ PHX,W,36,6,15,0.4,1,4,0.25,1,3,0.333,1,6,7,1,0,1,1,3,14,-10,25.9,1,2015-16
22015,203552,Seth Curry,1610612758,SAC,Sacramento Kings,0021501211,2016-04-11,SAC @ PHX,W,38,8,14,0.571,3,6,0.5,1,2,0.5,0,3,3,15,3,0,2,3,20,8,53.1,1,2015-16
22015,1626161,Willie Cauley-Stein,1610612758,SAC,Sacramento Kings,0021501211,2016-04-11,SAC @ PHX,W,39,4,9,0.444,0,0,,3,4,0.75,1,6,7,3,2,1,3,2,11,3,29.9,1,2015-16
22015,202683,Enes Freedom,1610612760,OKC,Oklahoma City Thunder,0021501209,2016-04-11,OKC vs. LAL,W,17,0,2,0.0,0,0,,2,4,0.5,2,2,4,0,0,0,2,2,2,12,4.8,1,2015-16
22015,203500,Steven Adams,1610612760,OKC,Oklahoma City Thunder,0021501209,2016-04-11,OKC vs. LAL,W,25,6,9,0.667,0,0,,1,5,0.2,7,8,15,2,2,1,0,2,13,30,43.0,1,2015-16
22015,203962,Josh Huestis,1610612760,OKC,Oklahoma City Thunder,0021501209,2016-04-11,OKC vs. LAL,W,8,0,3,0.0,0,1,0.0,0,0,,1,1,2,0,0,0,0,1,0,-5,2.4,1,2015-16
22015,202330,Gordon Hayward,1610612762,UTA,Utah Jazz,0021501210,2016-04-11,UTA vs. DAL,L,40,11,21,0.524,1,9,0.111,3,4,0.75,0,6,6,4,0,1,3,2,26,-8,39.2,1,2015-16
22015,202714,Shelvin Mack,1610612762,UTA,Utah Jazz,0021501210,2016-04-11,UTA vs. DAL,L,35,8,14,0.571,2,7,0.286,0,0,,0,2,2,2,0,0,2,4,18,-8,21.4,1,2015-16
22015,2744,Al Jefferson,1610612766,CHA,Charlotte Hornets,0021501205,2016-04-11,CHA @ BOS,W,27,8,11,0.727,0,0,,0,0,,2,9,11,2,2,1,3,5,16,23,38.2,1,2015-16
22015,201946,Tyler Hansbrough,1610612766,CHA,Charlotte Hornets,0021501205,2016-04-11,CHA @ BOS,W,1,0,0,,0,0,,0,0,,0,1,1,0,0,0,0,1,0,-2,1.2,1,2015-16
22015,202391,Jeremy Lin,1610612766,CHA,Charlotte Hornets,0021501205,2016-04-11,CHA @ BOS,W,39,7,14,0.5,1,6,0.167,10,10,1.0,0,7,7,5,5,1,1,4,25,8,57.9,1,2015-16
22015,202689,Kemba Walker,1610612766,CHA,Charlotte Hornets,0021501205,2016-04-11,CHA @ BOS,W,36,6,15,0.4,2,5,0.4,4,5,0.8,1,4,5,6,1,1,4,1,18,11,35.0,1,2015-16
22015,203584,Troy Daniels,1610612766,CHA,Charlotte Hornets,0021501205,2016-04-11,CHA @ BOS,W,17,4,6,0.667,3,4,0.75,0,0,,0,1,1,0,0,0,1,2,11,-17,11.2,1,2015-16
22015,2550,Kirk Hinrich,1610612737,ATL,Atlanta Hawks,0021501203,2016-04-11,ATL @ CLE,L,5,0,0,,0,0,,0,0,,0,1,1,1,0,0,0,0,0,0,2.7,1,2015-16
22015,2594,Kyle Korver,1610612737,ATL,Atlanta Hawks,0021501203,2016-04-11,ATL @ CLE,L,32,1,5,0.2,1,4,0.25,0,0,,0,5,5,1,0,0,2,2,3,2,8.5,1,2015-16
22015,200757,Thabo Sefolosha,1610612737,ATL,Atlanta Hawks,0021501203,2016-04-11,ATL @ CLE,L,15,0,1,0.0,0,1,0.0,0,0,,0,1,1,1,2,0,0,1,0,-23,8.7,1,2015-16
22015,200794,Paul Millsap,1610612737,ATL,Atlanta Hawks,0021501203,2016-04-11,ATL @ CLE,L,31,3,14,0.214,0,3,0.0,3,5,0.6,6,2,8,3,0,3,2,3,9,-10,30.1,1,2015-16
22015,201952,Jeff Teague,1610612737,ATL,Atlanta Hawks,0021501203,2016-04-11,ATL @ CLE,L,31,9,13,0.692,1,2,0.5,2,4,0.5,0,0,0,9,1,0,6,2,21,-5,31.5,1,2015-16
22015,203118,Mike Scott,1610612737,ATL,Atlanta Hawks,0021501203,2016-04-11,ATL @ CLE,L,12,0,0,,0,0,,0,0,,0,0,0,1,0,0,0,1,0,-14,1.5,1,2015-16
22015,203092,Tyler Zeller,1610612738,BOS,Boston Celtics,0021501205,2016-04-11,BOS vs. CHA,L,7,0,2,0.0,0,0,,0,0,,0,1,1,0,0,0,0,0,0,-6,1.2,1,2015-16
22015,203109,Jae Crowder,1610612738,BOS,Boston Celtics,0021501205,2016-04-11,BOS vs. CHA,L,21,1,4,0.25,0,1,0.0,0,0,,0,2,2,0,0,1,0,0,2,-17,7.4,1,2015-16
22015,203935,Marcus Smart,1610612738,BOS,Boston Celtics,0021501205,2016-04-11,BOS vs. CHA,L,31,1,8,0.125,0,2,0.0,8,9,0.889,3,0,3,3,0,0,1,3,10,-12,17.1,1,2015-16
22015,1626154,RJ Hunter,1610612738,BOS,Boston Celtics,0021501205,2016-04-11,BOS vs. CHA,L,12,4,6,0.667,2,3,0.667,1,1,1.0,0,3,3,0,1,0,0,0,11,8,17.6,1,2015-16
22015,2544,LeBron James,1610612739,CLE,Cleveland Cavaliers,0021501203,2016-04-11,CLE vs. ATL,W,32,13,16,0.813,3,4,0.75,5,5,1.0,1,5,6,6,2,1,4,2,34,13,55.2,1,2015-16
22015,201619,Sasha Kaun,1610612739,CLE,Cleveland Cavaliers,0021501203,2016-04-11,CLE vs. ATL,W,2,0,0,,0,0,,0,0,,0,0,0,0,0,0,0,0,0,0,0.0,1,2015-16
22015,202681,Kyrie Irving,1610612739,CLE,Cleveland Cavaliers,0021501203,2016-04-11,CLE vs. ATL,W,40,14,28,0.5,4,8,0.5,3,3,1.0,2,2,4,5,2,1,6,2,35,11,50.3,1,2015-16
22015,202706,Jordan Hamilton,1610612740,NOP,New Orleans Pelicans,0021501208,2016-04-11,NOP vs. CHI,L,24,5,10,0.5,3,6,0.5,2,3,0.667,0,3,3,2,0,0,2,4,15,-3,19.6,1,2015-16
22015,2399,Mike Dunleavy,1610612741,CHI,Chicago Bulls,0021501208,2016-04-11,CHI @ NOP,W,21,5,7,0.714,1,2,0.5,1,1,1.0,0,2,2,1,1,1,0,1,12,0,21.9,1,2015-16
22015,202710,Jimmy Butler III,1610612741,CHI,Chicago Bulls,0021501208,2016-04-11,CHI @ NOP,W,29,8,11,0.727,1,1,1.0,6,7,0.857,0,3,3,11,0,1,4,1,23,6,42.1,1,2015-16
22015,2585,Zaza Pachulia,1610612742,DAL,Dallas Mavericks,0021501210,2016-04-11,DAL @ UTA,W,27,2,5,0.4,0,0,,1,2,0.5,4,5,9,3,0,0,1,2,5,6,19.3,1,2015-16
22015,101114,Deron Williams,1610612742,DAL,Dallas Mavericks,0021501210,2016-04-11,DAL @ UTA,W,37,9,16,0.563,2,6,0.333,3,3,1.0,0,4,4,6,1,0,2,2,23,5,37.8,1,2015-16
22015,201147,Corey Brewer,1610612745,HOU,Houston Rockets,0021501207,2016-04-11,HOU @ MIN,W,15,1,2,0.5,0,1,0.0,0,1,0.0,0,1,1,4,2,1,2,1,2,10,16.2,1,2015-16
22015,201563,Michael Beasley,1610612745,HOU,Houston Rockets,0021501207,2016-04-11,HOU @ MIN,W,5,1,1,1.0,0,0,,2,3,0.667,0,2,2,1,0,0,1,1,4,-6,6.9,1,2015-16
22015,203991,Clint Capela,1610612745,HOU,Houston Rockets,0021501207,2016-04-11,HOU @ MIN,W,16,5,8,0.625,0,0,,0,1,0.0,2,8,10,0,1,1,1,2,10,12,27.0,1,2015-16
22015,203527,Ryan Kelly,1610612747,LAL,Los Angeles Lakers,0021501209,2016-04-11,LAL @ OKC,L,18,1,5,0.2,0,0,,1,2,0.5,1,2,3,0,3,0,1,0,3,-10,14.6,1,2015-16
22015,204028,Tarik Black,1610612747,LAL,Los Angeles Lakers,0021501209,2016-04-11,LAL @ OKC,L,11,1,2,0.5,0,0,,1,2,0.5,1,2,3,1,0,0,0,3,3,-16,8.1,1,2015-16
22015,1626156,D'Angelo Russell,1610612747,LAL,Los Angeles Lakers,0021501209,2016-04-11,LAL @ OKC,L,34,3,10,0.3,0,3,0.0,5,6,0.833,0,2,2,2,0,0,4,1,11,-41,12.4,1,2015-16
22015,203101,Miles Plumlee,1610612749,MIL,Milwaukee Bucks,0021501204,2016-04-11,MIL @ ORL,L,21,2,4,0.5,0,0,,0,0,,4,9,13,0,0,2,0,0,4,3,25.6,1,2015-16
22015,203940,Adreian Payne,1610612750,MIN,Minnesota Timberwolves,0021501207,2016-04-11,MIN vs. HOU,L,9,2,6,0.333,0,1,0.0,3,6,0.5,2,2,4,0,3,0,1,1,7,-2,19.8,1,2015-16
22015,203906,Devyn Marble,1610612753,ORL,Orlando Magic,0021501204,2016-04-11,ORL vs. MIL,W,19,3,8,0.375,1,3,0.333,2,6,0.333,1,0,1,1,1,0,0,1,9,-11,14.7,1,2015-16
22015,101179,Ronnie Price,1610612756,PHX,Phoenix Suns,0021501211,2016-04-11,PHX vs. SAC,L,35,3,10,0.3,0,2,0.0,0,0,,3,2,5,7,1,0,1,2,6,1,24.5,1,2015-16
22015,203098,John Jenkins,1610612756,PHX,Phoenix Suns,0021501211,2016-04-11,PHX vs. SAC,L,19,1,6,0.167,0,3,0.0,0,0,,0,1,1,3,0,0,2,2,2,-16,5.7,1,2015-16
22015,203458,Alex Len,1610612756,PHX,Phoenix Suns,0021501211,2016-04-11,PHX vs. SAC,L,37,7,18,0.389,0,0,,2,4,0.5,3,9,12,1,0,1,3,6,16,-5,31.9,1,2015-16
22015,2406,Caron Butler,1610612758,SAC,Sacramento Kings,0021501211,2016-04-11,SAC @ PHX,W,17,3,8,0.375,1,2,0.5,0,0,,0,2,2,1,0,1,0,0,7,-6,13.9,1,2015-16
22015,203112,Quincy Acy,1610612758,SAC,Sacramento Kings,0021501211,2016-04-11,SAC @ PHX,W,16,2,2,1.0,0,0,,5,6,0.833,1,0,1,1,1,2,3,2,9,8,17.7,1,2015-16
22015,200751,Randy Foye,1610612760,OKC,Oklahoma City Thunder,0021501209,2016-04-11,OKC vs. LAL,W,12,4,9,0.444,0,1,0.0,0,0,,0,2,2,0,1,2,0,1,8,11,19.4,1,2015-16
22015,203079,Dion Waiters,1610612760,OKC,Oklahoma City Thunder,0021501209,2016-04-11,OKC vs. LAL,W,17,2,7,0.286,1,3,0.333,4,5,0.8,0,1,1,2,1,1,1,1,9,12,18.2,1,2015-16
22015,202692,Alec Burks,1610612762,UTA,Utah Jazz,0021501210,2016-04-11,UTA vs. DAL,L,11,0,0,,0,0,,0,0,,0,3,3,2,2,0,1,0,0,3,11.6,1,2015-16
22015,203497,Rudy Gobert,1610612762,UTA,Utah Jazz,0021501210,2016-04-11,UTA vs. DAL,L,12,0,1,0.0,0,0,,2,4,0.5,3,3,6,2,0,0,0,0,2,-3,12.2,1,2015-16
22015,203918,Rodney Hood,1610612762,UTA,Utah Jazz,0021501210,2016-04-11,UTA vs. DAL,L,34,1,11,0.091,1,7,0.143,3,4,0.75,1,3,4,3,1,0,0,3,6,-12,18.3,1,2015-16
22015,204060,Joe Ingles,1610612762,UTA,Utah Jazz,0021501210,2016-04-11,UTA vs. DAL,L,21,3,6,0.5,3,6,0.5,0,0,,0,2,2,2,1,0,1,3,9,0,16.4,1,2015-16
22015,1626168,Trey Lyles,1610612762,UTA,Utah Jazz,0021501210,2016-04-11,UTA vs. DAL,L,23,2,4,0.5,1,3,0.333,4,4,1.0,0,6,6,1,0,0,2,1,9,-13,15.7,1,2015-16
22015,201196,Ramon Sessions,1610612764,WAS,Washington Wizards,0021501206,2016-04-11,WAS @ BKN,W,29,7,10,0.7,0,1,0.0,7,7,1.0,0,3,3,12,2,0,5,2,21,7,43.6,1,2015-16
22015,201581,JJ Hickson,1610612764,WAS,Washington Wizards,0021501206,2016-04-11,WAS @ BKN,W,24,6,10,0.6,0,0,,3,6,0.5,2,4,6,2,0,1,2,1,15,2,26.2,1,2015-16
22015,201587,Nicolas Batum,1610612766,CHA,Charlotte Hornets,0021501205,2016-04-11,CHA @ BOS,W,17,3,6,0.5,0,3,0.0,0,0,,0,3,3,5,1,0,1,0,6,31,19.1,1,2015-16
22015,203521,Matthew Dellavedova,1610612739,CLE,Cleveland Cavaliers,0021501203,2016-04-11,CLE vs. ATL,W,20,4,8,0.5,1,3,0.333,1,1,1.0,0,1,1,3,0,0,0,2,10,13,15.7,1,2015-16
22015,203503,Tony Snell,1610612741,CHI,Chicago Bulls,0021501208,2016-04-11,CHI @ NOP,W,26,2,5,0.4,1,3,0.333,2,2,1.0,0,3,3,3,1,0,0,2,7,7,18.1,1,2015-16
22015,200826,J.J. Barea,1610612742,DAL,Dallas Mavericks,0021501210,2016-04-11,DAL @ UTA,W,27,2,11,0.182,1,6,0.167,0,0,,1,4,5,4,3,0,3,1,5,17,23.0,1,2015-16
22015,202083,Wesley Matthews,1610612742,DAL,Dallas Mavericks,0021501210,2016-04-11,DAL @ UTA,W,38,7,14,0.5,4,10,0.4,2,2,1.0,0,2,2,1,0,0,0,2,20,4,23.9,1,2015-16
22015,1891,Jason Terry,1610612745,HOU,Houston Rockets,0021501207,2016-04-11,HOU @ MIN,W,23,2,6,0.333,2,5,0.4,0,0,,0,2,2,2,1,0,0,1,6,8,14.4,1,2015-16
22015,203952,Andrew Wiggins,1610612750,MIN,Minnesota Timberwolves,0021501207,2016-04-11,MIN vs. HOU,L,27,3,7,0.429,0,0,,6,6,1.0,0,1,1,3,1,0,4,3,12,-20,16.7,1,2015-16
22015,202388,Donald Sloan,1610612751,BKN,Brooklyn Nets,0021501206,2016-04-11,BKN vs. WAS,L,19,4,7,0.571,1,2,0.5,0,0,,0,2,2,4,0,0,0,2,9,-1,17.4,1,2015-16
22015,101141,Ersan Ilyasova,1610612753,ORL,Orlando Magic,0021501204,2016-04-11,ORL vs. MIL,W,37,10,13,0.769,2,2,1.0,0,0,,3,3,6,1,1,3,0,3,22,13,42.7,1,2015-16
22015,201978,Chase Budinger,1610612756,PHX,Phoenix Suns,0021501211,2016-04-11,PHX vs. SAC,L,10,0,1,0.0,0,0,,0,0,,0,0,0,1,0,0,1,2,0,-6,0.5,1,2015-16
22015,203526,Raul Neto,1610612762,UTA,Utah Jazz,0021501210,2016-04-11,UTA vs. DAL,L,8,0,2,0.0,0,0,,0,0,,0,2,2,3,0,0,0,0,0,1,6.9,1,2015-16
22015,1626151,Aaron Harrison,1610612766,CHA,Charlotte Hornets,0021501205,2016-04-11,CHA @ BOS,W,1,0,0,,0,0,,0,0,,0,0,0,0,0,0,1,0,0,-2,-1.0,1,2015-16
22015,201601,Luc Mbah a Moute,1610612746,LAC,LA Clippers,0021501216,2016-04-12,LAC vs. MEM,W,14,4,5,0.8,0,0,,0,0,,1,0,1,0,1,0,0,1,8,9,12.2,1,2015-16
22015,202325,Wesley Johnson,1610612746,LAC,LA Clippers,0021501216,2016-04-12,LAC vs. MEM,W,18,2,5,0.4,1,3,0.333,0,0,,0,1,1,0,2,2,0,1,5,4,18.2,1,2015-16
22015,203143,Pablo Prigioni,1610612746,LAC,LA Clippers,0021501216,2016-04-12,LAC vs. MEM,W,19,2,2,1.0,1,1,1.0,0,0,,3,1,4,5,1,0,0,1,5,12,20.3,1,2015-16
22015,2207,Joe Johnson,1610612748,MIA,Miami Heat,0021501213,2016-04-12,MIA @ DET,W,34,10,15,0.667,3,5,0.6,2,3,0.667,0,2,2,5,2,0,4,1,25,4,36.9,1,2015-16
22015,2736,Luol Deng,1610612748,MIA,Miami Heat,0021501213,2016-04-12,MIA @ DET,W,41,6,11,0.545,3,7,0.429,2,2,1.0,1,9,10,2,0,0,3,1,17,11,29.0,1,2015-16
22015,201609,Goran Dragic,1610612748,MIA,Miami Heat,0021501213,2016-04-12,MIA @ DET,W,26,8,15,0.533,0,2,0.0,0,0,,2,3,5,4,1,0,2,4,16,6,29.0,1,2015-16
22015,203496,Robert Covington,1610612755,PHI,Philadelphia 76ers,0021501214,2016-04-12,PHI @ TOR,L,34,7,12,0.583,6,10,0.6,4,6,0.667,0,3,3,3,0,1,3,2,24,6,32.1,1,2015-16
22015,2561,David West,1610612759,SAS,San Antonio Spurs,0021501215,2016-04-12,SAS vs. OKC,W,30,3,11,0.273,0,0,,2,2,1.0,2,2,4,0,2,1,0,4,8,-8,21.8,1,2015-16
22015,200746,LaMarcus Aldridge,1610612759,SAS,San Antonio Spurs,0021501215,2016-04-12,SAS vs. OKC,W,19,2,5,0.4,0,0,,4,6,0.667,1,4,5,0,0,1,1,1,8,1,16.0,1,2015-16
22015,2555,Nick Collison,1610612760,OKC,Oklahoma City Thunder,0021501215,2016-04-12,OKC @ SAS,L,30,3,4,0.75,0,0,,0,0,,3,6,9,4,1,0,3,5,6,-4,22.8,1,2015-16
22015,202683,Enes Freedom,1610612760,OKC,Oklahoma City Thunder,0021501215,2016-04-12,OKC @ SAS,L,38,6,14,0.429,1,3,0.333,4,4,1.0,5,11,16,0,1,0,3,2,17,0,36.2,1,2015-16
22015,202713,Kyle Singler,1610612760,OKC,Oklahoma City Thunder,0021501215,2016-04-12,OKC @ SAS,L,7,1,1,1.0,1,1,1.0,0,0,,0,1,1,0,1,0,0,1,3,3,7.2,1,2015-16
22015,2449,Luis Scola,1610612761,TOR,Toronto Raptors,0021501214,2016-04-12,TOR vs. PHI,W,21,5,10,0.5,2,4,0.5,0,2,0.0,0,4,4,1,0,1,1,2,12,-7,20.3,1,2015-16
22015,201574,Jason Thompson,1610612761,TOR,Toronto Raptors,0021501214,2016-04-12,TOR vs. PHI,W,14,0,2,0.0,0,1,0.0,3,4,0.75,1,3,4,1,0,0,1,3,3,5,8.3,1,2015-16
22015,201960,DeMarre Carroll,1610612761,TOR,Toronto Raptors,0021501214,2016-04-12,TOR vs. PHI,W,21,3,7,0.429,2,5,0.4,0,0,,3,3,6,2,1,0,1,2,8,30,20.2,1,2015-16
22015,202685,Jonas Valančiūnas,1610612761,TOR,Toronto Raptors,0021501214,2016-04-12,TOR vs. PHI,W,17,8,16,0.5,0,0,,1,1,1.0,6,5,11,0,0,1,1,3,17,14,32.2,1,2015-16
22015,1626153,Delon Wright,1610612761,TOR,Toronto Raptors,0021501214,2016-04-12,TOR vs. PHI,W,22,3,7,0.429,0,0,,2,2,1.0,0,2,2,5,1,1,2,0,8,12,21.9,1,2015-16
22015,204098,Xavier Munford,1610612763,MEM,Memphis Grizzlies,0021501216,2016-04-12,MEM @ LAC,L,32,5,11,0.455,0,3,0.0,1,1,1.0,0,3,3,4,0,0,4,4,11,-17,16.6,1,2015-16
22015,1626185,Jarell Martin,1610612763,MEM,Memphis Grizzlies,0021501216,2016-04-12,MEM @ LAC,L,20,3,4,0.75,0,0,,6,7,0.857,1,2,3,2,0,0,0,5,12,-7,18.6,1,2015-16
22015,203493,Reggie Bullock Jr.,1610612765,DET,Detroit Pistons,0021501213,2016-04-12,DET vs. MIA,L,12,1,3,0.333,0,0,,0,0,,0,1,1,1,1,0,0,2,2,-2,7.7,1,2015-16
22015,203085,Austin Rivers,1610612746,LAC,LA Clippers,0021501216,2016-04-12,LAC vs. MEM,W,26,4,7,0.571,3,6,0.5,3,4,0.75,0,1,1,2,0,0,1,2,14,9,17.2,1,2015-16
22015,202355,Hassan Whiteside,1610612748,MIA,Miami Heat,0021501213,2016-04-12,MIA @ DET,W,34,4,10,0.4,0,0,,6,8,0.75,5,4,9,0,2,3,3,4,14,-2,36.8,1,2015-16
22015,201167,Arron Afflalo,1610612752,NYK,New York Knicks,0021501212,2016-04-12,NYK @ IND,L,26,5,11,0.455,3,5,0.6,0,0,,0,1,1,2,1,0,1,1,13,-5,19.2,1,2015-16
22015,202682,Derrick Williams,1610612752,NYK,New York Knicks,0021501212,2016-04-12,NYK @ IND,L,32,8,11,0.727,4,7,0.571,1,1,1.0,0,1,1,2,1,0,3,2,21,-2,25.2,1,2015-16
22015,101133,Ian Mahinmi,1610612754,IND,Indiana Pacers,0021501212,2016-04-12,IND vs. NYK,W,30,6,9,0.667,0,0,,2,2,1.0,2,6,8,0,0,0,2,2,14,15,21.6,1,2015-16
22015,201951,Ty Lawson,1610612754,IND,Indiana Pacers,0021501212,2016-04-12,IND vs. NYK,W,24,4,8,0.5,1,2,0.5,0,0,,1,1,2,8,0,0,2,0,9,6,21.4,1,2015-16
22015,202397,Ish Smith,1610612755,PHI,Philadelphia 76ers,0021501214,2016-04-12,PHI @ TOR,L,34,8,11,0.727,2,3,0.667,0,0,,1,1,2,4,2,0,3,2,18,-9,29.4,1,2015-16
22015,203457,Nerlens Noel,1610612755,PHI,Philadelphia 76ers,0021501214,2016-04-12,PHI @ TOR,L,34,5,9,0.556,0,0,,4,8,0.5,2,8,10,3,3,1,1,4,14,-20,41.5,1,2015-16
22015,203917,Nik Stauskas,1610612755,PHI,Philadelphia 76ers,0021501214,2016-04-12,PHI @ TOR,L,37,6,13,0.462,1,6,0.167,0,0,,1,1,2,3,2,0,2,3,13,-16,23.9,1,2015-16
22015,203924,Jerami Grant,1610612755,PHI,Philadelphia 76ers,0021501214,2016-04-12,PHI @ TOR,L,15,2,5,0.4,1,2,0.5,1,1,1.0,0,2,2,2,0,2,1,5,6,-5,16.4,1,2015-16
22015,204456,T.J. McConnell,1610612755,PHI,Philadelphia 76ers,0021501214,2016-04-12,PHI @ TOR,L,22,1,6,0.167,1,2,0.5,0,0,,0,3,3,4,0,0,1,0,3,-22,11.6,1,2015-16
22015,1626174,Christian Wood,1610612755,PHI,Philadelphia 76ers,0021501214,2016-04-12,PHI @ TOR,L,19,2,5,0.4,0,1,0.0,4,8,0.5,3,2,5,0,0,2,0,1,8,-22,20.0,1,2015-16
22015,2225,Tony Parker,1610612759,SAS,San Antonio Spurs,0021501215,2016-04-12,SAS vs. OKC,W,37,8,14,0.571,0,0,,4,5,0.8,0,1,1,3,3,0,1,2,20,9,33.7,1,2015-16
22015,1626246,Boban Marjanovic,1610612759,SAS,San Antonio Spurs,0021501215,2016-04-12,SAS vs. OKC,W,22,4,5,0.8,0,0,,1,1,1.0,3,5,8,0,0,2,2,1,9,13,22.6,1,2015-16
22015,200751,Randy Foye,1610612760,OKC,Oklahoma City Thunder,0021501215,2016-04-12,OKC @ SAS,L,17,2,7,0.286,0,2,0.0,4,4,1.0,0,1,1,3,0,0,3,1,8,-3,10.7,1,2015-16
22015,200768,Kyle Lowry,1610612761,TOR,Toronto Raptors,0021501214,2016-04-12,TOR vs. PHI,W,26,4,13,0.308,3,8,0.375,0,0,,1,3,4,4,2,0,2,1,11,12,25.8,1,2015-16
22015,203082,Terrence Ross,1610612761,TOR,Toronto Raptors,0021501214,2016-04-12,TOR vs. PHI,W,27,7,10,0.7,1,2,0.5,2,2,1.0,0,2,2,4,2,0,0,1,17,5,31.4,1,2015-16
22015,203512,Lucas Nogueira,1610612761,TOR,Toronto Raptors,0021501214,2016-04-12,TOR vs. PHI,W,9,2,2,1.0,0,0,,0,0,,0,1,1,1,1,1,0,4,4,11,12.7,1,2015-16
22015,1626181,Norman Powell,1610612761,TOR,Toronto Raptors,0021501214,2016-04-12,TOR vs. PHI,W,38,6,10,0.6,2,4,0.5,4,4,1.0,0,4,4,1,3,0,2,2,18,15,31.3,1,2015-16
22015,1713,Vince Carter,1610612763,MEM,Memphis Grizzlies,0021501216,2016-04-12,MEM @ LAC,L,15,1,7,0.143,1,1,1.0,0,0,,0,1,1,1,1,0,1,1,3,-9,7.7,1,2015-16
22015,203083,Andre Drummond,1610612765,DET,Detroit Pistons,0021501213,2016-04-12,DET vs. MIA,L,33,4,11,0.364,0,0,,1,4,0.25,9,9,18,0,2,1,2,4,9,-5,37.6,1,2015-16
22015,203382,Aron Baynes,1610612765,DET,Detroit Pistons,0021501213,2016-04-12,DET vs. MIA,L,15,2,4,0.5,0,0,,1,2,0.5,1,2,3,0,0,1,2,1,5,-1,9.6,1,2015-16
22015,1718,Paul Pierce,1610612746,LAC,LA Clippers,0021501216,2016-04-12,LAC vs. MEM,W,20,2,8,0.25,1,4,0.25,6,6,1.0,0,3,3,1,0,0,0,2,11,7,16.1,1,2015-16
22015,201145,Jeff Green,1610612746,LAC,LA Clippers,0021501216,2016-04-12,LAC vs. MEM,W,26,6,12,0.5,1,2,0.5,0,2,0.0,2,1,3,1,0,0,0,1,13,17,18.1,1,2015-16
22015,101123,Gerald Green,1610612748,MIA,Miami Heat,0021501213,2016-04-12,MIA @ DET,W,19,1,4,0.25,1,4,0.25,2,2,1.0,0,1,1,0,1,0,0,2,5,-1,9.2,1,2015-16
22015,1626196,Josh Richardson,1610612748,MIA,Miami Heat,0021501213,2016-04-12,MIA @ DET,W,37,1,3,0.333,0,1,0.0,1,2,0.5,0,6,6,1,1,2,1,2,3,8,19.7,1,2015-16
22015,2756,Sasha Vujacic,1610612752,NYK,New York Knicks,0021501212,2016-04-12,NYK @ IND,L,22,2,8,0.25,0,3,0.0,0,0,,0,4,4,6,0,0,1,2,4,1,16.8,1,2015-16
22015,1626170,Jerian Grant,1610612752,NYK,New York Knicks,0021501212,2016-04-12,NYK @ IND,L,39,7,11,0.636,2,4,0.5,2,3,0.667,0,6,6,6,2,1,5,2,18,-14,38.2,1,2015-16
22015,201588,George Hill,1610612754,IND,Indiana Pacers,0021501212,2016-04-12,IND vs. NYK,W,37,8,12,0.667,3,5,0.6,0,1,0.0,0,3,3,2,2,1,3,3,19,12,31.6,1,2015-16
22015,202331,Paul George,1610612754,IND,Indiana Pacers,0021501212,2016-04-12,IND vs. NYK,W,29,6,12,0.5,1,5,0.2,6,7,0.857,0,4,4,6,2,0,2,0,19,5,36.8,1,2015-16
22015,203088,Kendall Marshall,1610612755,PHI,Philadelphia 76ers,0021501214,2016-04-12,PHI @ TOR,L,14,1,5,0.2,1,3,0.333,0,0,,0,4,4,3,0,0,1,0,3,-15,11.3,1,2015-16
22015,203138,Hollis Thompson,1610612755,PHI,Philadelphia 76ers,0021501214,2016-04-12,PHI @ TOR,L,31,3,11,0.273,3,8,0.375,0,2,0.0,0,1,1,2,1,0,1,1,9,-17,15.2,1,2015-16
22015,1495,Tim Duncan,1610612759,SAS,San Antonio Spurs,0021501215,2016-04-12,SAS vs. OKC,W,34,5,14,0.357,0,0,,2,4,0.5,4,5,9,3,0,1,1,2,12,2,29.3,1,2015-16
22015,2755,Kevin Martin,1610612759,SAS,San Antonio Spurs,0021501215,2016-04-12,SAS vs. OKC,W,15,0,3,0.0,0,2,0.0,0,0,,0,0,0,0,2,0,1,1,0,-7,5.0,1,2015-16
22015,201988,Patty Mills,1610612759,SAS,San Antonio Spurs,0021501215,2016-04-12,SAS vs. OKC,W,16,1,5,0.2,1,2,0.5,4,4,1.0,0,1,1,3,0,0,1,2,7,-5,11.7,1,2015-16
22015,202695,Kawhi Leonard,1610612759,SAS,San Antonio Spurs,0021501215,2016-04-12,SAS vs. OKC,W,39,10,20,0.5,1,5,0.2,5,8,0.625,1,4,5,5,2,2,3,3,26,-1,48.5,1,2015-16
22015,203460,Andre Roberson,1610612760,OKC,Oklahoma City Thunder,0021501215,2016-04-12,OKC @ SAS,L,27,2,3,0.667,1,2,0.5,0,2,0.0,2,8,10,0,2,2,0,3,5,-13,29.0,1,2015-16
22015,203210,JaMychal Green,1610612763,MEM,Memphis Grizzlies,0021501216,2016-04-12,MEM @ LAC,L,26,4,9,0.444,0,0,,0,0,,6,4,10,2,0,1,1,1,8,-7,25.0,1,2015-16
22015,203955,Bryce Cotton,1610612763,MEM,Memphis Grizzlies,0021501216,2016-04-12,MEM @ LAC,L,3,0,0,,0,0,,0,0,,0,0,0,0,0,0,0,0,0,-7,0.0,1,2015-16
22015,101108,Chris Paul,1610612746,LAC,LA Clippers,0021501216,2016-04-12,LAC vs. MEM,W,27,4,9,0.444,2,3,0.667,2,2,1.0,1,1,2,13,2,0,5,1,12,19,34.9,1,2015-16
22015,201599,DeAndre Jordan,1610612746,LAC,LA Clippers,0021501216,2016-04-12,LAC vs. MEM,W,28,3,4,0.75,0,0,,1,2,0.5,1,11,12,1,1,2,1,2,7,19,30.9,1,2015-16
22015,203912,C.J. Wilcox,1610612746,LAC,LA Clippers,0021501216,2016-04-12,LAC vs. MEM,W,5,3,3,1.0,0,0,,0,0,,0,1,1,0,0,0,0,0,6,5,7.2,1,2015-16
22015,2405,Amar'e Stoudemire,1610612748,MIA,Miami Heat,0021501213,2016-04-12,MIA @ DET,W,6,2,3,0.667,0,0,,0,0,,0,1,1,0,0,0,0,3,4,0,5.2,1,2015-16
22015,2548,Dwyane Wade,1610612748,MIA,Miami Heat,0021501213,2016-04-12,MIA @ DET,W,34,6,16,0.375,0,1,0.0,2,3,0.667,0,4,4,3,0,0,1,2,14,-4,22.3,1,2015-16
22015,201577,Robin Lopez,1610612752,NYK,New York Knicks,0021501212,2016-04-12,NYK @ IND,L,22,4,8,0.5,0,0,,0,0,,2,4,6,3,0,1,1,0,8,-5,21.7,1,2015-16
22015,203921,Cleanthony Early,1610612752,NYK,New York Knicks,0021501212,2016-04-12,NYK @ IND,L,30,3,7,0.429,1,3,0.333,0,0,,1,2,3,0,0,0,2,2,7,-14,8.6,1,2015-16
22015,204038,Langston Galloway,1610612752,NYK,New York Knicks,0021501212,2016-04-12,NYK @ IND,L,35,3,12,0.25,0,4,0.0,3,3,1.0,1,1,2,5,2,1,0,1,9,-11,27.9,1,2015-16
22015,201155,Rodney Stuckey,1610612754,IND,Indiana Pacers,0021501212,2016-04-12,IND vs. NYK,W,26,4,10,0.4,0,2,0.0,2,4,0.5,1,2,3,4,2,0,0,0,10,3,25.6,1,2015-16
22015,203613,Jonathon Simmons,1610612759,SAS,San Antonio Spurs,0021501215,2016-04-12,SAS vs. OKC,W,5,1,2,0.5,0,1,0.0,0,0,,0,0,0,0,0,0,0,1,2,4,2.0,1,2015-16
22015,203500,Steven Adams,1610612760,OKC,Oklahoma City Thunder,0021501215,2016-04-12,OKC @ SAS,L,38,7,8,0.875,0,0,,3,3,1.0,6,3,9,0,0,2,2,5,17,-4,31.8,1,2015-16
22015,203962,Josh Huestis,1610612760,OKC,Oklahoma City Thunder,0021501215,2016-04-12,OKC @ SAS,L,5,0,2,0.0,0,1,0.0,0,0,,0,1,1,0,0,0,0,0,0,-4,1.2,1,2015-16
22015,1626166,Cameron Payne,1610612760,OKC,Oklahoma City Thunder,0021501215,2016-04-12,OKC @ SAS,L,40,8,20,0.4,1,6,0.167,0,0,,1,2,3,7,1,0,6,4,17,-9,28.1,1,2015-16
22015,201942,DeMar DeRozan,1610612761,TOR,Toronto Raptors,0021501214,2016-04-12,TOR vs. PHI,W,22,4,10,0.4,0,1,0.0,2,2,1.0,2,5,7,6,1,0,3,0,10,24,27.4,1,2015-16
22015,2216,Zach Randolph,1610612763,MEM,Memphis Grizzlies,0021501216,2016-04-12,MEM @ LAC,L,25,7,15,0.467,0,1,0.0,0,1,0.0,1,3,4,2,1,0,1,2,14,-20,23.8,1,2015-16
22015,200770,Jordan Farmar,1610612763,MEM,Memphis Grizzlies,0021501216,2016-04-12,MEM @ LAC,L,26,2,7,0.286,0,2,0.0,0,0,,2,3,5,2,1,0,2,1,4,-15,14.0,1,2015-16
22015,202362,Lance Stephenson,1610612763,MEM,Memphis Grizzlies,0021501216,2016-04-12,MEM @ LAC,L,22,4,11,0.364,2,2,1.0,1,2,0.5,1,2,3,3,0,0,1,2,11,-11,18.1,1,2015-16
22015,203798,PJ Hairston,1610612763,MEM,Memphis Grizzlies,0021501216,2016-04-12,MEM @ LAC,L,24,2,7,0.286,2,5,0.4,0,0,,0,3,3,0,0,0,2,0,6,-14,7.6,1,2015-16
22015,201229,Anthony Tolliver,1610612765,DET,Detroit Pistons,0021501213,2016-04-12,DET vs. MIA,L,12,2,3,0.667,1,2,0.5,2,2,1.0,0,2,2,0,0,0,0,0,7,-1,9.4,1,2015-16
22015,202699,Tobias Harris,1610612765,DET,Detroit Pistons,0021501213,2016-04-12,DET vs. MIA,L,36,5,16,0.313,1,3,0.333,5,5,1.0,0,4,4,2,1,2,0,1,16,-5,32.8,1,2015-16
22015,200755,JJ Redick,1610612746,LAC,LA Clippers,0021501216,2016-04-12,LAC vs. MEM,W,13,4,8,0.5,3,6,0.5,0,0,,0,1,1,0,0,0,0,1,11,10,12.2,1,2015-16
22015,201965,Jeff Ayres,1610612746,LAC,LA Clippers,0021501216,2016-04-12,LAC vs. MEM,W,5,0,0,,0,0,,0,0,,0,1,1,1,0,0,0,2,0,5,2.7,1,2015-16
22015,202332,Cole Aldrich,1610612746,LAC,LA Clippers,0021501216,2016-04-12,LAC vs. MEM,W,15,2,2,1.0,0,0,,2,2,1.0,0,4,4,1,1,3,0,2,6,2,24.3,1,2015-16
22015,2617,Udonis Haslem,1610612748,MIA,Miami Heat,0021501213,2016-04-12,MIA @ DET,W,8,0,1,0.0,0,0,,1,2,0.5,0,1,1,0,0,0,0,2,1,8,2.2,1,2015-16
22015,200811,Lou Amundson,1610612752,NYK,New York Knicks,0021501212,2016-04-12,NYK @ IND,L,8,0,2,0.0,0,0,,2,2,1.0,2,0,2,0,0,0,0,2,2,-3,4.4,1,2015-16
22015,202338,Kevin Seraphin,1610612752,NYK,New York Knicks,0021501212,2016-04-12,NYK @ IND,L,11,2,4,0.5,0,0,,0,0,,0,5,5,1,0,2,0,3,4,0,17.5,1,2015-16
22015,203124,Kyle O'Quinn,1610612752,NYK,New York Knicks,0021501212,2016-04-12,NYK @ IND,L,15,2,6,0.333,0,1,0.0,0,0,,2,5,7,2,0,3,2,2,4,-7,22.4,1,2015-16
22015,101145,Monta Ellis,1610612754,IND,Indiana Pacers,0021501212,2016-04-12,IND vs. NYK,W,24,3,7,0.429,1,3,0.333,1,2,0.5,0,0,0,3,3,0,2,0,8,6,19.5,1,2015-16
22015,203524,Solomon Hill,1610612754,IND,Indiana Pacers,0021501212,2016-04-12,IND vs. NYK,W,34,3,8,0.375,0,2,0.0,0,0,,1,10,11,2,1,0,0,2,6,16,25.2,1,2015-16
22015,1626167,Myles Turner,1610612754,IND,Indiana Pacers,0021501212,2016-04-12,IND vs. NYK,W,18,5,9,0.556,0,0,,3,4,0.75,0,5,5,0,0,1,2,2,13,-3,20.0,1,2015-16
22015,201627,Anthony Morrow,1610612760,OKC,Oklahoma City Thunder,0021501215,2016-04-12,OKC @ SAS,L,21,1,6,0.167,1,3,0.333,5,5,1.0,0,0,0,0,0,0,0,1,8,11,8.0,1,2015-16
22015,2365,Chris Andersen,1610612763,MEM,Memphis Grizzlies,0021501216,2016-04-12,MEM @ LAC,L,21,4,7,0.571,0,2,0.0,0,0,,2,3,5,0,2,0,1,0,8,-11,19.0,1,2015-16
22015,2440,Matt Barnes,1610612763,MEM,Memphis Grizzlies,0021501216,2016-04-12,MEM @ LAC,L,26,3,8,0.375,0,4,0.0,1,3,0.333,0,1,1,0,0,0,3,2,7,-12,5.2,1,2015-16
22015,202694,Marcus Morris Sr.,1610612765,DET,Detroit Pistons,0021501213,2016-04-12,DET vs. MIA,L,34,5,13,0.385,1,4,0.25,5,7,0.714,5,4,9,1,0,0,4,1,16,4,24.3,1,2015-16
22015,203484,Kentavious Caldwell-Pope,1610612765,DET,Detroit Pistons,0021501213,2016-04-12,DET vs. MIA,L,36,7,17,0.412,2,5,0.4,1,2,0.5,1,2,3,0,3,0,2,1,17,-4,27.6,1,2015-16
22015,1626169,Stanley Johnson,1610612765,DET,Detroit Pistons,0021501213,2016-04-12,DET vs. MIA,L,14,2,5,0.4,0,1,0.0,1,2,0.5,1,4,5,1,1,0,2,3,5,-10,13.5,1,2015-16
22015,201933,Blake Griffin,1610612746,LAC,LA Clippers,0021501216,2016-04-12,LAC vs. MEM,W,23,5,10,0.5,0,0,,2,3,0.667,0,7,7,4,3,0,2,3,12,12,33.4,1,2015-16
22015,202730,Lavoy Allen,1610612754,IND,Indiana Pacers,0021501212,2016-04-12,IND vs. NYK,W,19,2,5,0.4,0,0,,0,0,,3,2,5,1,0,1,0,1,4,0,14.5,1,2015-16
22015,201980,Danny Green,1610612759,SAS,San Antonio Spurs,0021501215,2016-04-12,SAS vs. OKC,W,27,2,4,0.5,2,4,0.5,0,0,,0,4,4,1,1,1,0,5,6,2,18.3,1,2015-16
22015,203937,Kyle Anderson,1610612759,SAS,San Antonio Spurs,0021501215,2016-04-12,SAS vs. OKC,W,20,1,4,0.25,0,0,,2,2,1.0,0,5,5,0,2,0,1,0,4,10,15.0,1,2015-16
22015,203079,Dion Waiters,1610612760,OKC,Oklahoma City Thunder,0021501215,2016-04-12,OKC @ SAS,L,42,5,22,0.227,1,7,0.143,6,7,0.857,1,4,5,4,1,1,4,1,17,3,31.0,1,2015-16
22015,202687,Bismack Biyombo,1610612761,TOR,Toronto Raptors,0021501214,2016-04-12,TOR vs. PHI,W,22,6,8,0.75,0,0,,2,2,1.0,3,4,7,0,0,1,0,2,14,-1,25.4,1,2015-16
22015,2581,Steve Blake,1610612765,DET,Detroit Pistons,0021501213,2016-04-12,DET vs. MIA,L,32,4,7,0.571,0,2,0.0,2,2,1.0,0,1,1,7,1,0,3,1,10,2,21.7,1,2015-16
22015,203915,Spencer Dinwiddie,1610612765,DET,Detroit Pistons,0021501213,2016-04-12,DET vs. MIA,L,16,2,5,0.4,0,1,0.0,2,4,0.5,1,1,2,3,0,0,0,3,6,-8,12.9,1,2015-16
22015,201952,Jeff Teague,1610612737,ATL,Atlanta Hawks,0021501221,2016-04-13,ATL @ WAS,L,27,6,11,0.545,2,5,0.4,2,2,1.0,0,2,2,5,2,0,5,4,16,-20,26.9,1,2015-16
22015,203118,Mike Scott,1610612737,ATL,Atlanta Hawks,0021501221,2016-04-13,ATL @ WAS,L,17,3,4,0.75,2,2,1.0,2,2,1.0,2,1,3,1,0,0,0,1,10,2,15.1,1,2015-16
22015,101161,Amir Johnson,1610612738,BOS,Boston Celtics,0021501217,2016-04-13,BOS vs. MIA,W,22,3,3,1.0,0,0,,0,0,,1,6,7,3,0,0,0,4,6,15,18.9,1,2015-16
22015,203096,Jared Sullinger,1610612738,BOS,Boston Celtics,0021501217,2016-04-13,BOS vs. MIA,W,23,3,10,0.3,0,1,0.0,0,0,,3,0,3,1,1,1,1,1,6,4,16.1,1,2015-16
22015,101112,Channing Frye,1610612739,CLE,Cleveland Cavaliers,0021501220,2016-04-13,CLE vs. DET,L,41,6,10,0.6,1,3,0.333,1,1,1.0,1,5,6,4,1,0,0,1,14,-5,30.2,1,2015-16
22015,203521,Matthew Dellavedova,1610612739,CLE,Cleveland Cavaliers,0021501220,2016-04-13,CLE vs. DET,L,6,3,5,0.6,0,1,0.0,0,0,,1,3,4,2,0,0,0,0,6,3,13.8,1,2015-16
22015,101111,Charlie Villanueva,1610612742,DAL,Dallas Mavericks,0021501223,2016-04-13,DAL vs. SAS,L,15,3,5,0.6,3,5,0.6,0,0,,0,2,2,0,1,0,1,2,9,-4,13.4,1,2015-16
22015,101135,David Lee,1610612742,DAL,Dallas Mavericks,0021501223,2016-04-13,DAL vs. SAS,L,7,1,2,0.5,0,0,,0,0,,0,4,4,0,0,0,0,0,2,10,6.8,1,2015-16
22015,1626147,Justin Anderson,1610612742,DAL,Dallas Mavericks,0021501223,2016-04-13,DAL vs. SAS,L,30,2,5,0.4,1,3,0.333,2,2,1.0,0,5,5,4,1,1,0,4,7,-12,25.0,1,2015-16
22015,1626257,Salah Mejri,1610612742,DAL,Dallas Mavericks,0021501223,2016-04-13,DAL vs. SAS,L,11,0,1,0.0,0,0,,0,2,0.0,1,0,1,1,0,0,0,3,0,3,2.7,1,2015-16
22015,2733,Shaun Livingston,1610612744,GSW,Golden State Warriors,0021501227,2016-04-13,GSW vs. MEM,W,21,2,4,0.5,0,0,,2,2,1.0,0,3,3,10,1,0,2,1,6,11,25.6,1,2015-16
22015,203084,Harrison Barnes,1610612744,GSW,Golden State Warriors,0021501227,2016-04-13,GSW vs. MEM,W,31,6,10,0.6,2,5,0.4,1,2,0.5,0,6,6,1,0,0,2,2,15,1,21.7,1,2015-16
22015,2746,Josh Smith,1610612745,HOU,Houston Rockets,0021501224,2016-04-13,HOU vs. SAC,W,16,2,4,0.5,0,2,0.0,0,0,,0,0,0,5,3,0,1,3,4,13,19.5,1,2015-16
22015,201147,Corey Brewer,1610612745,HOU,Houston Rockets,0021501224,2016-04-13,HOU vs. SAC,W,18,1,3,0.333,0,2,0.0,0,0,,0,0,0,1,0,0,2,2,2,21,1.5,1,2015-16
22015,203143,Pablo Prigioni,1610612746,LAC,LA Clippers,0021501229,2016-04-13,LAC @ PHX,L,39,4,15,0.267,0,7,0.0,0,0,,1,5,6,9,4,0,6,2,8,-15,34.7,1,2015-16
22015,203903,Jordan Clarkson,1610612747,LAL,Los Angeles Lakers,0021501228,2016-04-13,LAL vs. UTA,W,34,6,10,0.6,0,1,0.0,0,0,,2,5,7,1,1,0,1,1,12,9,23.9,1,2015-16
22015,1626273,Marcelo Huertas,1610612747,LAL,Los Angeles Lakers,0021501228,2016-04-13,LAL vs. UTA,W,26,1,2,0.5,0,0,,0,0,,0,4,4,6,0,0,3,2,2,0,12.8,1,2015-16
22015,1626159,Justise Winslow,1610612748,MIA,Miami Heat,0021501217,2016-04-13,MIA @ BOS,L,28,3,5,0.6,1,2,0.5,0,0,,5,5,10,1,1,0,0,2,7,-3,23.5,1,2015-16
22015,203089,John Henson,1610612749,MIL,Milwaukee Bucks,0021501225,2016-04-13,MIL vs. IND,L,22,3,9,0.333,0,1,0.0,1,2,0.5,1,3,4,1,0,1,3,2,7,-5,13.3,1,2015-16
22015,203101,Miles Plumlee,1610612749,MIL,Milwaukee Bucks,0021501225,2016-04-13,MIL vs. IND,L,20,3,7,0.429,0,0,,0,0,,1,3,4,1,0,0,0,1,6,-4,12.3,1,2015-16
22015,202962,Greg Smith,1610612750,MIN,Minnesota Timberwolves,0021501226,2016-04-13,MIN vs. NOP,W,6,0,0,,0,0,,0,0,,0,1,1,0,1,0,1,1,0,-4,3.2,1,2015-16
22015,203476,Gorgui Dieng,1610612750,MIN,Minnesota Timberwolves,0021501226,2016-04-13,MIN vs. NOP,W,33,7,8,0.875,2,2,1.0,4,4,1.0,4,7,11,4,0,2,1,3,20,38,44.2,1,2015-16
22015,203940,Adreian Payne,1610612750,MIN,Minnesota Timberwolves,0021501226,2016-04-13,MIN vs. NOP,W,6,1,2,0.5,0,0,,0,0,,0,1,1,1,0,0,1,1,2,-4,3.7,1,2015-16
22015,203906,Devyn Marble,1610612753,ORL,Orlando Magic,0021501219,2016-04-13,ORL @ CHA,L,20,1,6,0.167,0,4,0.0,0,2,0.0,0,6,6,2,1,0,0,2,2,-3,15.2,1,2015-16
22015,201941,Jordan Hill,1610612754,IND,Indiana Pacers,0021501225,2016-04-13,IND @ MIL,W,30,1,9,0.111,0,0,,0,0,,3,8,11,3,0,1,1,1,2,1,21.7,1,2015-16
22015,203496,Robert Covington,1610612755,PHI,Philadelphia 76ers,0021501222,2016-04-13,PHI @ CHI,L,42,7,17,0.412,6,13,0.462,7,7,1.0,1,5,6,2,1,0,2,4,27,-18,38.2,1,2015-16
22015,1626164,Devin Booker,1610612756,PHX,Phoenix Suns,0021501229,2016-04-13,PHX vs. LAC,W,27,4,14,0.286,2,5,0.4,2,2,1.0,0,2,2,2,1,1,5,2,12,13,18.4,1,2015-16
22015,203148,Brian Roberts,1610612757,POR,Portland Trail Blazers,0021501230,2016-04-13,POR vs. DEN,W,17,6,9,0.667,1,3,0.333,1,1,1.0,0,1,1,1,1,0,0,3,14,1,19.7,1,2015-16
22015,203943,Noah Vonleh,1610612757,POR,Portland Trail Blazers,0021501230,2016-04-13,POR vs. DEN,W,25,2,8,0.25,0,3,0.0,2,2,1.0,1,4,5,1,1,3,2,4,6,10,23.5,1,2015-16
22015,201585,Kosta Koufos,1610612758,SAC,Sacramento Kings,0021501224,2016-04-13,SAC @ HOU,L,33,6,13,0.462,0,0,,0,0,,4,7,11,1,1,2,0,3,12,-16,35.7,1,2015-16
22015,203112,Quincy Acy,1610612758,SAC,Sacramento Kings,0021501224,2016-04-13,SAC @ HOU,L,29,3,12,0.25,1,6,0.167,3,6,0.5,0,8,8,2,2,1,1,0,10,-16,30.6,1,2015-16
22015,1626161,Willie Cauley-Stein,1610612758,SAC,Sacramento Kings,0021501224,2016-04-13,SAC @ HOU,L,31,3,10,0.3,0,0,,0,0,,3,5,8,3,2,1,2,5,6,-37,27.1,1,2015-16
22015,1889,Andre Miller,1610612759,SAS,San Antonio Spurs,0021501223,2016-04-13,SAS @ DAL,W,28,3,7,0.429,0,1,0.0,2,2,1.0,1,5,6,5,0,0,2,1,8,18,20.7,1,2015-16
22015,2564,Boris Diaw,1610612759,SAS,San Antonio Spurs,0021501223,2016-04-13,SAS @ DAL,W,20,2,4,0.5,0,1,0.0,0,0,,1,1,2,7,0,0,5,3,4,-3,11.9,1,2015-16
22015,203937,Kyle Anderson,1610612759,SAS,San Antonio Spurs,0021501223,2016-04-13,SAS @ DAL,W,30,6,10,0.6,1,1,1.0,2,3,0.667,1,9,10,4,5,0,0,2,15,17,48.0,1,2015-16
22015,202335,Patrick Patterson,1610612761,TOR,Toronto Raptors,0021501218,2016-04-13,TOR @ BKN,W,15,2,5,0.4,1,3,0.333,0,0,,1,2,3,1,0,0,0,0,5,9,10.1,1,2015-16
22015,202709,Cory Joseph,1610612761,TOR,Toronto Raptors,0021501218,2016-04-13,TOR @ BKN,W,18,1,5,0.2,0,1,0.0,0,2,0.0,1,5,6,3,2,0,2,0,2,8,17.7,1,2015-16
22015,203481,Jeff Withey,1610612762,UTA,Utah Jazz,0021501228,2016-04-13,UTA @ LAL,L,28,4,7,0.571,0,0,,2,3,0.667,1,8,9,1,1,1,1,3,10,-3,27.3,1,2015-16
22015,204060,Joe Ingles,1610612762,UTA,Utah Jazz,0021501228,2016-04-13,UTA @ LAL,L,20,4,7,0.571,4,7,0.571,0,0,,0,1,1,4,2,0,0,1,12,-8,25.2,1,2015-16
22015,201196,Ramon Sessions,1610612764,WAS,Washington Wizards,0021501221,2016-04-13,WAS vs. ATL,W,34,9,16,0.563,3,5,0.6,1,2,0.5,0,4,4,6,1,0,5,5,22,29,33.8,1,2015-16
22015,201581,JJ Hickson,1610612764,WAS,Washington Wizards,0021501221,2016-04-13,WAS vs. ATL,W,19,2,7,0.286,0,0,,2,8,0.25,5,7,12,1,0,1,1,1,6,-11,23.9,1,2015-16
22015,202066,Garrett Temple,1610612764,WAS,Washington Wizards,0021501221,2016-04-13,WAS vs. ATL,W,16,4,7,0.571,2,4,0.5,2,3,0.667,0,1,1,1,1,1,6,0,12,-20,14.7,1,2015-16
22015,201975,Jodie Meeks,1610612765,DET,Detroit Pistons,0021501220,2016-04-13,DET @ CLE,W,27,6,15,0.4,4,9,0.444,4,4,1.0,0,3,3,3,0,0,0,0,20,9,28.1,1,2015-16
22015,1626169,Stanley Johnson,1610612765,DET,Detroit Pistons,0021501220,2016-04-13,DET @ CLE,W,32,4,14,0.286,1,3,0.333,3,4,0.75,2,6,8,2,3,1,1,5,12,-22,35.6,1,2015-16
22015,2744,Al Jefferson,1610612766,CHA,Charlotte Hornets,0021501219,2016-04-13,CHA vs. ORL,W,23,11,15,0.733,0,0,,4,6,0.667,0,4,4,2,0,1,0,1,26,1,36.8,1,2015-16
22015,201150,Spencer Hawes,1610612766,CHA,Charlotte Hornets,0021501219,2016-04-13,CHA vs. ORL,W,18,5,6,0.833,2,2,1.0,0,0,,2,3,5,3,0,1,0,1,12,-3,25.5,1,2015-16
22015,203584,Troy Daniels,1610612766,CHA,Charlotte Hornets,0021501219,2016-04-13,CHA vs. ORL,W,27,5,9,0.556,3,7,0.429,0,0,,0,3,3,4,1,0,2,1,13,3,23.6,1,2015-16
22015,2550,Kirk Hinrich,1610612737,ATL,Atlanta Hawks,0021501221,2016-04-13,ATL @ WAS,L,3,0,0,,0,0,,0,0,,0,0,0,0,0,0,0,0,0,3,0.0,1,2015-16
22015,2743,Kris Humphries,1610612737,ATL,Atlanta Hawks,0021501221,2016-04-13,ATL @ WAS,L,11,1,3,0.333,0,0,,1,2,0.5,1,2,3,1,3,0,0,1,3,3,17.1,1,2015-16
22015,203092,Tyler Zeller,1610612738,BOS,Boston Celtics,0021501217,2016-04-13,BOS vs. MIA,W,8,1,2,0.5,0,0,,2,2,1.0,0,1,1,0,0,1,0,0,4,-8,8.2,1,2015-16
22015,203109,Jae Crowder,1610612738,BOS,Boston Celtics,0021501217,2016-04-13,BOS vs. MIA,W,36,6,13,0.462,1,4,0.25,0,0,,3,3,6,2,0,0,1,5,13,8,22.2,1,2015-16
22015,2563,Dahntay Jones,1610612739,CLE,Cleveland Cavaliers,0021501220,2016-04-13,CLE vs. DET,L,42,6,14,0.429,1,2,0.5,0,0,,1,4,5,2,1,2,0,6,13,-1,31.0,1,2015-16
22015,202684,Tristan Thompson,1610612739,CLE,Cleveland Cavaliers,0021501220,2016-04-13,CLE vs. DET,L,0,0,0,,0,0,,0,0,,0,0,0,0,0,0,0,1,0,0,0.0,1,2015-16
22015,2570,Kendrick Perkins,1610612740,NOP,New Orleans Pelicans,0021501226,2016-04-13,NOP @ MIN,L,20,2,7,0.286,0,0,,2,2,1.0,1,4,5,3,0,0,6,1,6,-31,10.5,1,2015-16
22015,203200,Justin Holiday,1610612741,CHI,Chicago Bulls,0021501222,2016-04-13,CHI vs. PHI,W,37,9,15,0.6,5,7,0.714,6,8,0.75,1,2,3,5,2,1,4,2,29,2,45.1,1,2015-16
22015,202083,Wesley Matthews,1610612742,DAL,Dallas Mavericks,0021501223,2016-04-13,DAL vs. SAS,L,40,4,14,0.286,3,11,0.273,0,0,,1,3,4,3,3,1,1,2,11,9,31.3,1,2015-16
22015,203939,Dwight Powell,1610612742,DAL,Dallas Mavericks,0021501223,2016-04-13,DAL vs. SAS,L,3,0,0,,0,0,,0,0,,0,0,0,0,1,0,0,0,0,-3,3.0,1,2015-16
22015,203994,Jusuf Nurkić,1610612743,DEN,Denver Nuggets,0021501230,2016-04-13,DEN @ POR,L,39,5,13,0.385,0,0,,1,4,0.25,6,8,14,4,5,3,8,5,11,-18,49.8,1,2015-16
22015,1626253,Axel Toupane,1610612743,DEN,Denver Nuggets,0021501230,2016-04-13,DEN @ POR,L,6,0,2,0.0,0,2,0.0,0,0,,0,1,1,0,0,0,0,1,0,-13,1.2,1,2015-16
22015,2738,Andre Iguodala,1610612744,GSW,Golden State Warriors,0021501227,2016-04-13,GSW vs. MEM,W,29,1,4,0.25,0,3,0.0,1,2,0.5,1,3,4,7,1,0,2,1,3,23,19.3,1,2015-16
22015,101106,Andrew Bogut,1610612744,GSW,Golden State Warriors,0021501227,2016-04-13,GSW vs. MEM,W,19,2,2,1.0,0,0,,0,0,,1,3,4,1,0,2,2,3,4,7,14.3,1,2015-16
22015,203105,Festus Ezeli,1610612744,GSW,Golden State Warriors,0021501227,2016-04-13,GSW vs. MEM,W,13,2,3,0.667,0,0,,0,0,,2,4,6,0,0,1,0,0,4,7,14.2,1,2015-16
22015,1891,Jason Terry,1610612745,HOU,Houston Rockets,0021501224,2016-04-13,HOU vs. SAC,W,14,3,8,0.375,3,7,0.429,0,0,,0,2,2,3,0,0,0,0,9,17,15.9,1,2015-16
22015,201976,Patrick Beverley,1610612745,HOU,Houston Rockets,0021501224,2016-04-13,HOU vs. SAC,W,33,4,7,0.571,1,4,0.25,0,0,,1,3,4,12,6,0,1,3,9,25,48.8,1,2015-16
22015,202700,Donatas Motiejunas,1610612745,HOU,Houston Rockets,0021501224,2016-04-13,HOU vs. SAC,W,15,1,4,0.25,0,1,0.0,1,2,0.5,1,3,4,2,0,1,2,0,3,9,11.8,1,2015-16
22015,202726,Andrew Goudelock,1610612745,HOU,Houston Rockets,0021501224,2016-04-13,HOU vs. SAC,W,7,1,4,0.25,0,2,0.0,0,0,,0,0,0,1,1,0,2,0,2,3,4.5,1,2015-16
22015,1626149,Montrezl Harrell,1610612745,HOU,Houston Rockets,0021501224,2016-04-13,HOU vs. SAC,W,7,2,5,0.4,0,0,,0,0,,0,1,1,0,0,1,0,1,4,3,8.2,1,2015-16
22015,1718,Paul Pierce,1610612746,LAC,LA Clippers,0021501229,2016-04-13,LAC @ PHX,L,22,3,7,0.429,0,3,0.0,0,0,,0,3,3,0,0,1,2,2,6,-11,10.6,1,2015-16
22015,202332,Cole Aldrich,1610612746,LAC,LA Clippers,0021501229,2016-04-13,LAC @ PHX,L,25,5,5,1.0,0,0,,4,4,1.0,2,8,10,1,1,3,1,2,14,1,38.5,1,2015-16
22015,1626183,Branden Dawson,1610612746,LAC,LA Clippers,0021501229,2016-04-13,LAC @ PHX,L,7,1,2,0.5,0,0,,1,1,1.0,0,0,0,0,0,0,0,0,3,6,3.0,1,2015-16
22015,977,Kobe Bryant,1610612747,LAL,Los Angeles Lakers,0021501228,2016-04-13,LAL vs. UTA,W,42,22,50,0.44,6,21,0.286,10,12,0.833,0,4,4,4,1,1,2,1,60,7,74.8,1,2015-16
22015,201579,Roy Hibbert,1610612747,LAL,Los Angeles Lakers,0021501228,2016-04-13,LAL vs. UTA,W,21,2,3,0.667,0,0,,0,0,,3,3,6,2,0,0,1,2,4,3,13.2,1,2015-16
22015,203944,Julius Randle,1610612747,LAL,Los Angeles Lakers,0021501228,2016-04-13,LAL vs. UTA,W,33,1,4,0.25,0,0,,0,0,,0,9,9,1,1,1,1,2,2,3,19.3,1,2015-16
22015,1626204,Larry Nance Jr.,1610612747,LAL,Los Angeles Lakers,0021501228,2016-04-13,LAL vs. UTA,W,28,3,3,1.0,0,0,,2,2,1.0,1,5,6,0,1,0,1,2,8,10,17.2,1,2015-16
22015,2207,Joe Johnson,1610612748,MIA,Miami Heat,0021501217,2016-04-13,MIA @ BOS,L,37,9,19,0.474,1,5,0.2,0,0,,0,4,4,1,1,0,3,1,19,-2,25.3,1,2015-16
22015,2736,Luol Deng,1610612748,MIA,Miami Heat,0021501217,2016-04-13,MIA @ BOS,L,35,3,9,0.333,0,5,0.0,0,0,,2,6,8,2,0,2,1,3,6,-5,23.6,1,2015-16
22015,202355,Hassan Whiteside,1610612748,MIA,Miami Heat,0021501217,2016-04-13,MIA @ BOS,L,28,6,10,0.6,0,0,,7,9,0.778,2,7,9,0,1,4,1,2,19,-10,43.8,1,2015-16
22015,202328,Greg Monroe,1610612749,MIL,Milwaukee Bucks,0021501225,2016-04-13,MIL vs. IND,L,13,2,3,0.667,0,0,,3,3,1.0,0,2,2,1,1,0,1,0,7,-8,12.9,1,2015-16
22015,203898,Tyler Ennis,1610612749,MIL,Milwaukee Bucks,0021501225,2016-04-13,MIL vs. IND,L,29,2,3,0.667,1,1,1.0,0,0,,0,2,2,5,3,0,3,2,5,13,20.9,1,2015-16
22015,1626145,Tyus Jones,1610612750,MIN,Minnesota Timberwolves,0021501226,2016-04-13,MIN vs. NOP,W,26,3,5,0.6,1,2,0.5,2,4,0.5,0,1,1,12,1,0,0,0,9,14,31.2,1,2015-16
22015,1626157,Karl-Anthony Towns,1610612750,MIN,Minnesota Timberwolves,0021501226,2016-04-13,MIN vs. NOP,W,32,12,17,0.706,2,5,0.4,2,2,1.0,0,14,14,3,1,2,3,3,28,24,55.3,1,2015-16
22015,201961,Wayne Ellington,1610612751,BKN,Brooklyn Nets,0021501218,2016-04-13,BKN vs. TOR,L,17,1,6,0.167,0,1,0.0,3,3,1.0,0,1,1,4,0,0,0,2,5,3,12.2,1,2015-16
22015,203930,Sean Kilpatrick,1610612751,BKN,Brooklyn Nets,0021501218,2016-04-13,BKN vs. TOR,L,31,5,14,0.357,1,4,0.25,1,1,1.0,0,5,5,3,1,0,0,2,12,-10,25.5,1,2015-16
22015,1626202,Joe Young,1610612754,IND,Indiana Pacers,0021501225,2016-04-13,IND @ MIL,W,23,3,13,0.231,1,5,0.2,0,0,,0,4,4,7,1,0,3,0,7,3,22.3,1,2015-16
22015,203088,Kendall Marshall,1610612755,PHI,Philadelphia 76ers,0021501222,2016-04-13,PHI @ CHI,L,37,4,8,0.5,3,4,0.75,0,0,,1,2,3,5,1,0,1,2,11,-1,24.1,1,2015-16
22015,203141,Mirza Teletovic,1610612756,PHX,Phoenix Suns,0021501229,2016-04-13,PHX vs. LAC,W,28,8,19,0.421,2,7,0.286,4,4,1.0,4,5,9,2,0,0,2,3,22,2,33.8,1,2015-16
22015,203462,Archie Goodwin,1610612756,PHX,Phoenix Suns,0021501229,2016-04-13,PHX vs. LAC,W,30,5,16,0.313,0,4,0.0,0,1,0.0,1,2,3,5,2,0,1,1,10,-4,26.1,1,2015-16
22015,202329,Al-Farouq Aminu,1610612757,POR,Portland Trail Blazers,0021501230,2016-04-13,POR vs. DEN,W,19,3,6,0.5,2,5,0.4,2,2,1.0,1,2,3,0,1,0,1,3,10,-2,15.6,1,2015-16
22015,202334,Ed Davis,1610612757,POR,Portland Trail Blazers,0021501230,2016-04-13,POR vs. DEN,W,24,4,7,0.571,0,0,,1,4,0.25,4,5,9,2,1,0,3,3,9,1,22.8,1,2015-16
22015,1626192,Pat Connaughton,1610612757,POR,Portland Trail Blazers,0021501230,2016-04-13,POR vs. DEN,W,29,1,6,0.167,1,4,0.25,0,0,,3,5,8,1,0,0,1,2,3,7,13.1,1,2015-16
22015,1626246,Boban Marjanovic,1610612759,SAS,San Antonio Spurs,0021501223,2016-04-13,SAS @ DAL,W,37,7,9,0.778,0,0,,8,8,1.0,3,9,12,1,0,2,1,3,22,2,42.9,1,2015-16
22015,201574,Jason Thompson,1610612761,TOR,Toronto Raptors,0021501218,2016-04-13,TOR @ BKN,W,22,5,12,0.417,1,4,0.25,1,2,0.5,2,6,8,1,0,1,0,3,12,-8,26.1,1,2015-16
22015,203512,Lucas Nogueira,1610612761,TOR,Toronto Raptors,0021501218,2016-04-13,TOR @ BKN,W,36,3,6,0.5,0,1,0.0,0,0,,3,7,10,3,1,3,2,2,6,4,32.5,1,2015-16
22015,203998,Bruno Caboclo,1610612761,TOR,Toronto Raptors,0021501218,2016-04-13,TOR @ BKN,W,35,1,9,0.111,1,7,0.143,0,0,,1,0,1,1,1,1,3,2,3,6,8.7,1,2015-16
22015,1713,Vince Carter,1610612763,MEM,Memphis Grizzlies,0021501227,2016-04-13,MEM @ GSW,L,23,3,8,0.375,3,3,1.0,0,0,,0,2,2,1,0,0,0,1,9,-10,12.9,1,2015-16
22015,2216,Zach Randolph,1610612763,MEM,Memphis Grizzlies,0021501227,2016-04-13,MEM @ GSW,L,26,11,21,0.524,0,2,0.0,2,2,1.0,5,1,6,4,2,0,4,1,24,-13,39.2,1,2015-16
22015,203798,PJ Hairston,1610612763,MEM,Memphis Grizzlies,0021501227,2016-04-13,MEM @ GSW,L,17,2,8,0.25,1,5,0.2,0,0,,0,3,3,0,1,0,0,0,5,-7,11.6,1,2015-16
22015,2403,Nene,1610612764,WAS,Washington Wizards,0021501221,2016-04-13,WAS vs. ATL,W,29,8,12,0.667,0,0,,3,5,0.6,3,5,8,8,3,0,3,3,19,22,46.6,1,2015-16
22015,101187,Alan Anderson,1610612764,WAS,Washington Wizards,0021501221,2016-04-13,WAS vs. ATL,W,12,1,4,0.25,1,3,0.333,0,0,,0,4,4,1,1,0,0,4,3,-16,12.3,1,2015-16
22015,201977,Marcus Thornton,1610612764,WAS,Washington Wizards,0021501221,2016-04-13,WAS vs. ATL,W,26,6,14,0.429,1,4,0.25,1,1,1.0,0,5,5,2,1,0,1,1,14,16,25.0,1,2015-16
22015,203490,Otto Porter Jr.,1610612764,WAS,Washington Wizards,0021501221,2016-04-13,WAS vs. ATL,W,22,2,7,0.286,0,4,0.0,1,1,1.0,0,3,3,1,3,1,0,1,5,14,22.1,1,2015-16
22015,203915,Spencer Dinwiddie,1610612765,DET,Detroit Pistons,0021501220,2016-04-13,DET @ CLE,W,29,3,12,0.25,0,2,0.0,6,10,0.6,2,3,5,5,0,0,0,0,12,1,25.5,1,2015-16
22015,1626199,Darrun Hilliard,1610612765,DET,Detroit Pistons,0021501220,2016-04-13,DET @ CLE,W,24,1,7,0.143,0,1,0.0,2,2,1.0,0,4,4,2,1,1,3,2,4,3,14.8,1,2015-16
22015,202689,Kemba Walker,1610612766,CHA,Charlotte Hornets,0021501219,2016-04-13,CHA vs. ORL,W,18,1,6,0.167,0,4,0.0,0,0,,0,1,1,8,0,0,0,1,2,16,15.2,1,2015-16
22015,2594,Kyle Korver,1610612737,ATL,Atlanta Hawks,0021501221,2016-04-13,ATL @ WAS,L,29,1,5,0.2,1,4,0.25,0,0,,0,0,0,1,0,0,2,2,3,-22,2.5,1,2015-16
22015,203501,Tim Hardaway Jr.,1610612737,ATL,Atlanta Hawks,0021501221,2016-04-13,ATL @ WAS,L,16,4,7,0.571,3,4,0.75,2,2,1.0,0,4,4,1,0,0,1,0,13,5,18.3,1,2015-16
22015,203935,Marcus Smart,1610612738,BOS,Boston Celtics,0021501217,2016-04-13,BOS vs. MIA,W,23,0,5,0.0,0,0,,0,0,,0,2,2,0,0,0,1,0,0,-2,1.4,1,2015-16
22015,2210,Richard Jefferson,1610612739,CLE,Cleveland Cavaliers,0021501220,2016-04-13,CLE vs. DET,L,33,5,11,0.455,1,2,0.5,5,6,0.833,0,2,2,2,0,0,1,3,16,-12,20.4,1,2015-16
22015,201619,Sasha Kaun,1610612739,CLE,Cleveland Cavaliers,0021501220,2016-04-13,CLE vs. DET,L,23,1,6,0.167,0,0,,0,0,,2,3,5,0,1,2,0,0,2,5,17.0,1,2015-16
22015,203516,James Ennis III,1610612740,NOP,New Orleans Pelicans,0021501226,2016-04-13,NOP @ MIN,L,40,11,20,0.55,6,11,0.545,0,0,,1,1,2,0,1,0,0,4,28,-16,33.4,1,2015-16
22015,204025,Tim Frazier,1610612740,NOP,New Orleans Pelicans,0021501226,2016-04-13,NOP @ MIN,L,36,3,15,0.2,0,2,0.0,0,0,,1,3,4,15,1,0,3,4,6,-21,33.3,1,2015-16
22015,201166,Aaron Brooks,1610612741,CHI,Chicago Bulls,0021501222,2016-04-13,CHI vs. PHI,W,3,0,0,,0,0,,0,0,,0,0,0,0,0,0,0,1,0,-8,0.0,1,2015-16
22015,203503,Tony Snell,1610612741,CHI,Chicago Bulls,0021501222,2016-04-13,CHI vs. PHI,W,44,4,11,0.364,2,3,0.667,3,3,1.0,0,7,7,0,0,1,1,1,13,22,23.4,1,2015-16
22015,1626245,Cristiano Felicio,1610612741,CHI,Chicago Bulls,0021501222,2016-04-13,CHI vs. PHI,W,29,2,8,0.25,0,1,0.0,2,2,1.0,4,5,9,4,0,2,2,2,6,20,26.8,1,2015-16
22015,2585,Zaza Pachulia,1610612742,DAL,Dallas Mavericks,0021501223,2016-04-13,DAL vs. SAS,L,30,3,4,0.75,0,0,,2,2,1.0,5,7,12,2,0,0,3,5,8,-14,22.4,1,2015-16
22015,2034,Mike Miller,1610612743,DEN,Denver Nuggets,0021501230,2016-04-13,DEN @ POR,L,18,2,6,0.333,1,4,0.25,0,0,,0,4,4,3,2,0,0,2,5,-9,20.3,1,2015-16
22015,202702,Kenneth Faried,1610612743,DEN,Denver Nuggets,0021501230,2016-04-13,DEN @ POR,L,19,4,9,0.444,1,1,1.0,3,5,0.6,5,3,8,0,1,2,2,3,12,-1,28.6,1,2015-16
22015,203914,Gary Harris,1610612743,DEN,Denver Nuggets,0021501230,2016-04-13,DEN @ POR,L,37,6,15,0.4,2,5,0.4,2,2,1.0,1,3,4,1,0,0,3,1,16,3,19.3,1,2015-16
22015,2760,Anderson Varejao,1610612744,GSW,Golden State Warriors,0021501227,2016-04-13,GSW vs. MEM,W,2,0,2,0.0,0,0,,0,0,,2,1,3,0,0,0,0,0,0,1,3.6,1,2015-16
22015,202691,Klay Thompson,1610612744,GSW,Golden State Warriors,0021501227,2016-04-13,GSW vs. MEM,W,28,6,13,0.462,4,10,0.4,0,0,,0,2,2,2,0,1,0,1,16,9,24.4,1,2015-16
22015,203110,Draymond Green,1610612744,GSW,Golden State Warriors,0021501227,2016-04-13,GSW vs. MEM,W,30,4,8,0.5,2,4,0.5,1,2,0.5,3,6,9,7,1,1,5,1,11,19,33.3,1,2015-16
22015,2730,Dwight Howard,1610612745,HOU,Houston Rockets,0021501224,2016-04-13,HOU vs. SAC,W,25,7,9,0.778,0,1,0.0,0,0,,2,8,10,0,0,1,0,1,14,10,29.0,1,2015-16
22015,203909,KJ McDaniels,1610612745,HOU,Houston Rockets,0021501224,2016-04-13,HOU vs. SAC,W,12,4,4,1.0,1,1,1.0,2,4,0.5,1,3,4,0,0,0,0,0,11,7,15.8,1,2015-16
22015,201965,Jeff Ayres,1610612746,LAC,LA Clippers,0021501229,2016-04-13,LAC @ PHX,L,19,3,8,0.375,0,0,,2,2,1.0,0,5,5,1,0,0,2,3,8,-12,13.5,1,2015-16
22015,202325,Wesley Johnson,1610612746,LAC,LA Clippers,0021501229,2016-04-13,LAC @ PHX,L,35,7,16,0.438,5,8,0.625,0,0,,1,1,2,0,2,1,1,3,19,5,29.4,1,2015-16
22015,201177,Josh McRoberts,1610612748,MIA,Miami Heat,0021501217,2016-04-13,MIA @ BOS,L,16,1,6,0.167,0,1,0.0,0,0,,1,3,4,1,1,0,0,0,2,2,11.3,1,2015-16
22015,203507,Giannis Antetokounmpo,1610612749,MIL,Milwaukee Bucks,0021501225,2016-04-13,MIL vs. IND,L,29,7,14,0.5,1,5,0.2,4,4,1.0,2,7,9,5,0,1,4,2,19,-1,36.3,1,2015-16
22015,203953,Jabari Parker,1610612749,MIL,Milwaukee Bucks,0021501225,2016-04-13,MIL vs. IND,L,25,7,17,0.412,0,1,0.0,3,4,0.75,2,5,7,1,1,0,0,1,17,-9,29.9,1,2015-16
22015,203996,Damien Inglis,1610612749,MIL,Milwaukee Bucks,0021501225,2016-04-13,MIL vs. IND,L,20,4,5,0.8,2,2,1.0,0,0,,0,4,4,1,1,0,2,1,10,-2,17.3,1,2015-16
22015,202357,Nemanja Bjelica,1610612750,MIN,Minnesota Timberwolves,0021501226,2016-04-13,MIN vs. NOP,W,19,4,5,0.8,2,3,0.667,0,0,,0,3,3,3,3,1,1,4,10,16,29.1,1,2015-16
22015,203897,Zach LaVine,1610612750,MIN,Minnesota Timberwolves,0021501226,2016-04-13,MIN vs. NOP,W,31,8,16,0.5,3,9,0.333,0,0,,0,2,2,5,2,1,3,1,19,26,34.9,1,2015-16
22015,202388,Donald Sloan,1610612751,BKN,Brooklyn Nets,0021501218,2016-04-13,BKN vs. TOR,L,26,5,12,0.417,1,3,0.333,0,0,,1,2,3,10,0,0,0,4,11,-5,29.6,1,2015-16
22015,202711,Bojan Bogdanovic,1610612751,BKN,Brooklyn Nets,0021501218,2016-04-13,BKN vs. TOR,L,37,10,17,0.588,7,10,0.7,2,3,0.667,0,6,6,2,1,0,3,3,29,-5,39.2,1,2015-16
22015,201160,Jason Smith,1610612753,ORL,Orlando Magic,0021501219,2016-04-13,ORL @ CHA,L,16,3,7,0.429,0,0,,0,0,,0,1,1,1,0,1,0,3,6,-8,11.7,1,2015-16
22015,203095,Evan Fournier,1610612753,ORL,Orlando Magic,0021501219,2016-04-13,ORL @ CHA,L,34,8,14,0.571,4,5,0.8,2,2,1.0,0,2,2,3,2,0,2,3,22,-12,32.9,1,2015-16
22015,203894,Shabazz Napier,1610612753,ORL,Orlando Magic,0021501219,2016-04-13,ORL @ CHA,L,4,1,2,0.5,1,2,0.5,1,2,0.5,0,0,0,0,0,0,0,0,4,-3,4.0,1,2015-16
22015,1626167,Myles Turner,1610612754,IND,Indiana Pacers,0021501225,2016-04-13,IND @ MIL,W,22,2,5,0.4,0,0,,0,0,,1,4,5,1,2,2,2,4,4,-1,21.5,1,2015-16
22015,1626176,Rakeem Christmas,1610612754,IND,Indiana Pacers,0021501225,2016-04-13,IND @ MIL,W,6,2,2,1.0,0,0,,0,0,,1,0,1,0,0,0,0,1,4,-10,5.2,1,2015-16
22015,202397,Ish Smith,1610612755,PHI,Philadelphia 76ers,0021501222,2016-04-13,PHI @ CHI,L,38,4,13,0.308,2,6,0.333,0,0,,0,5,5,8,0,1,3,5,10,-17,28.0,1,2015-16
22015,203138,Hollis Thompson,1610612755,PHI,Philadelphia 76ers,0021501222,2016-04-13,PHI @ CHI,L,31,8,13,0.615,3,6,0.5,2,3,0.667,0,2,2,1,1,1,1,4,21,6,29.9,1,2015-16
22015,203924,Jerami Grant,1610612755,PHI,Philadelphia 76ers,0021501222,2016-04-13,PHI @ CHI,L,38,7,14,0.5,2,4,0.5,4,6,0.667,1,5,6,1,1,2,1,3,20,-5,36.7,1,2015-16
22015,1626210,Alan Williams,1610612756,PHX,Phoenix Suns,0021501229,2016-04-13,PHX vs. LAC,W,22,5,9,0.556,0,0,,4,5,0.8,3,9,12,2,1,3,2,4,14,2,41.4,1,2015-16
22015,203081,Damian Lillard,1610612757,POR,Portland Trail Blazers,0021501230,2016-04-13,POR vs. DEN,W,24,8,17,0.471,3,8,0.375,2,2,1.0,0,3,3,5,2,0,2,1,21,0,36.1,1,2015-16
22015,203459,Allen Crabbe,1610612757,POR,Portland Trail Blazers,0021501230,2016-04-13,POR vs. DEN,W,25,4,7,0.571,2,3,0.667,6,7,0.857,1,2,3,2,1,0,0,0,16,15,25.6,1,2015-16
22015,202341,James Anderson,1610612758,SAC,Sacramento Kings,0021501224,2016-04-13,SAC @ HOU,L,37,5,12,0.417,1,5,0.2,2,6,0.333,1,3,4,5,3,0,6,3,13,-18,28.3,1,2015-16
22015,201988,Patty Mills,1610612759,SAS,San Antonio Spurs,0021501223,2016-04-13,SAS @ DAL,W,20,1,4,0.25,1,3,0.333,0,0,,0,0,0,1,0,0,3,2,3,-12,1.5,1,2015-16
22015,1626153,Delon Wright,1610612761,TOR,Toronto Raptors,0021501218,2016-04-13,TOR @ BKN,W,37,7,14,0.5,0,3,0.0,4,4,1.0,2,3,5,7,0,2,1,1,18,8,39.5,1,2015-16
22015,202344,Trevor Booker,1610612762,UTA,Utah Jazz,0021501228,2016-04-13,UTA @ LAL,L,29,4,7,0.571,0,0,,0,2,0.0,2,3,5,2,1,0,1,3,8,-1,19.0,1,2015-16
22015,203918,Rodney Hood,1610612762,UTA,Utah Jazz,0021501228,2016-04-13,UTA @ LAL,L,18,2,7,0.286,0,2,0.0,0,0,,1,1,2,3,1,0,1,1,4,-18,12.9,1,2015-16
22015,2440,Matt Barnes,1610612763,MEM,Memphis Grizzlies,0021501227,2016-04-13,MEM @ GSW,L,32,2,11,0.182,0,5,0.0,2,3,0.667,2,7,9,6,2,0,2,2,6,-15,29.8,1,2015-16
22015,204098,Xavier Munford,1610612763,MEM,Memphis Grizzlies,0021501227,2016-04-13,MEM @ GSW,L,26,2,10,0.2,0,2,0.0,0,1,0.0,0,2,2,4,2,1,0,3,4,-16,21.4,1,2015-16
22015,2400,Drew Gooden,1610612764,WAS,Washington Wizards,0021501221,2016-04-13,WAS vs. ATL,W,2,0,0,,0,0,,1,2,0.5,0,0,0,0,1,0,0,0,1,-3,4.0,1,2015-16
22015,204067,Jarell Eddie,1610612764,WAS,Washington Wizards,0021501221,2016-04-13,WAS vs. ATL,W,21,2,5,0.4,1,3,0.333,2,2,1.0,1,4,5,1,1,0,0,1,7,-3,17.5,1,2015-16
22015,201584,Courtney Lee,1610612766,CHA,Charlotte Hornets,0021501219,2016-04-13,CHA vs. ORL,W,14,3,9,0.333,1,3,0.333,0,0,,0,1,1,2,2,0,0,0,7,13,17.2,1,2015-16
22015,203268,Jorge Gutierrez,1610612766,CHA,Charlotte Hornets,0021501219,2016-04-13,CHA vs. ORL,W,18,2,6,0.333,0,2,0.0,0,0,,0,4,4,4,0,0,1,1,4,6,13.8,1,2015-16
22015,1626151,Aaron Harrison,1610612766,CHA,Charlotte Hornets,0021501219,2016-04-13,CHA vs. ORL,W,16,2,3,0.667,1,1,1.0,1,2,0.5,0,5,5,1,1,0,0,3,6,3,16.5,1,2015-16
22015,200757,Thabo Sefolosha,1610612737,ATL,Atlanta Hawks,0021501221,2016-04-13,ATL @ WAS,L,24,0,5,0.0,0,1,0.0,0,2,0.0,1,6,7,2,2,0,1,1,0,13,16.4,1,2015-16
22015,200794,Paul Millsap,1610612737,ATL,Atlanta Hawks,0021501221,2016-04-13,ATL @ WAS,L,31,4,14,0.286,0,2,0.0,5,6,0.833,4,7,11,1,2,3,4,3,13,-21,38.7,1,2015-16
22015,203471,Dennis Schröder,1610612737,ATL,Atlanta Hawks,0021501221,2016-04-13,ATL @ WAS,L,21,4,11,0.364,1,3,0.333,2,6,0.333,0,0,0,3,1,0,3,1,11,9,15.5,1,2015-16
22015,202323,Evan Turner,1610612738,BOS,Boston Celtics,0021501217,2016-04-13,BOS vs. MIA,W,29,7,13,0.538,0,0,,2,3,0.667,0,3,3,4,1,0,1,3,16,3,27.6,1,2015-16
22015,2592,James Jones,1610612739,CLE,Cleveland Cavaliers,0021501220,2016-04-13,CLE vs. DET,L,36,4,10,0.4,1,5,0.2,0,0,,1,4,5,1,1,1,3,5,9,-4,19.5,1,2015-16
22015,203895,Jordan McRae,1610612739,CLE,Cleveland Cavaliers,0021501220,2016-04-13,CLE vs. DET,L,47,14,29,0.483,3,5,0.6,5,8,0.625,1,3,4,7,0,0,5,5,36,3,46.3,1,2015-16
22015,201967,Dante Cunningham,1610612740,NOP,New Orleans Pelicans,0021501226,2016-04-13,NOP @ MIN,L,35,6,14,0.429,2,6,0.333,3,4,0.75,0,0,0,2,0,0,1,3,17,-28,19.0,1,2015-16
22015,202706,Jordan Hamilton,1610612740,NOP,New Orleans Pelicans,0021501226,2016-04-13,NOP @ MIN,L,35,2,10,0.2,1,6,0.167,1,2,0.5,1,6,7,5,0,0,1,1,6,-44,20.9,1,2015-16
22015,202703,Nikola Mirotic,1610612741,CHI,Chicago Bulls,0021501222,2016-04-13,CHI vs. PHI,W,39,10,17,0.588,7,11,0.636,5,6,0.833,2,5,7,4,5,3,2,4,32,9,68.4,1,2015-16
22015,1717,Dirk Nowitzki,1610612742,DAL,Dallas Mavericks,0021501223,2016-04-13,DAL vs. SAS,L,34,5,17,0.294,1,7,0.143,8,10,0.8,3,4,7,1,1,0,1,2,19,-3,30.9,1,2015-16
22015,203999,Nikola Jokić,1610612743,DEN,Denver Nuggets,0021501230,2016-04-13,DEN @ POR,L,35,7,10,0.7,1,2,0.5,3,3,1.0,6,7,13,5,0,0,2,3,18,4,39.1,1,2015-16
22015,201575,Brandon Rush,1610612744,GSW,Golden State Warriors,0021501227,2016-04-13,GSW vs. MEM,W,4,1,1,1.0,1,1,1.0,0,0,,0,0,0,0,0,0,0,0,3,-1,3.0,1,2015-16
22015,201578,Marreese Speights,1610612744,GSW,Golden State Warriors,0021501227,2016-04-13,GSW vs. MEM,W,12,5,9,0.556,0,2,0.0,2,2,1.0,1,3,4,0,2,0,0,2,12,6,22.8,1,2015-16
22015,201939,Stephen Curry,1610612744,GSW,Golden State Warriors,0021501227,2016-04-13,GSW vs. MEM,W,30,15,24,0.625,10,19,0.526,6,6,1.0,1,3,4,6,2,0,2,2,46,19,63.8,1,2015-16
22015,201935,James Harden,1610612745,HOU,Houston Rockets,0021501224,2016-04-13,HOU vs. SAC,W,30,13,27,0.481,5,10,0.5,7,8,0.875,2,2,4,4,0,0,1,3,38,21,47.8,1,2015-16
22015,201601,Luc Mbah a Moute,1610612746,LAC,LA Clippers,0021501229,2016-04-13,LAC @ PHX,L,9,0,2,0.0,0,0,,0,0,,0,0,0,1,0,0,0,1,0,-8,1.5,1,2015-16
22015,203085,Austin Rivers,1610612746,LAC,LA Clippers,0021501229,2016-04-13,LAC @ PHX,L,31,7,17,0.412,1,5,0.2,1,3,0.333,1,3,4,5,2,0,0,2,16,-9,34.3,1,2015-16
22015,203527,Ryan Kelly,1610612747,LAL,Los Angeles Lakers,0021501228,2016-04-13,LAL vs. UTA,W,1,0,0,,0,0,,0,0,,0,0,0,0,0,0,0,0,0,0,0.0,1,2015-16
22015,204028,Tarik Black,1610612747,LAL,Los Angeles Lakers,0021501228,2016-04-13,LAL vs. UTA,W,18,2,3,0.667,0,0,,0,0,,2,5,7,0,0,1,2,4,4,-8,13.4,1,2015-16
22015,1626156,D'Angelo Russell,1610612747,LAL,Los Angeles Lakers,0021501228,2016-04-13,LAL vs. UTA,W,36,4,10,0.4,0,3,0.0,1,1,1.0,0,4,4,5,2,0,2,3,9,1,25.3,1,2015-16
22015,2548,Dwyane Wade,1610612748,MIA,Miami Heat,0021501217,2016-04-13,MIA @ BOS,L,31,7,16,0.438,0,1,0.0,3,3,1.0,0,3,3,5,0,1,3,2,17,-21,28.1,1,2015-16
22015,101123,Gerald Green,1610612748,MIA,Miami Heat,0021501217,2016-04-13,MIA @ BOS,L,5,0,1,0.0,0,0,,0,0,,0,0,0,0,0,0,0,3,0,-1,0.0,1,2015-16
22015,201609,Goran Dragic,1610612748,MIA,Miami Heat,0021501217,2016-04-13,MIA @ BOS,L,33,9,16,0.563,0,1,0.0,0,0,,2,0,2,3,1,2,0,5,18,-6,33.9,1,2015-16
22015,203948,Johnny O'Bryant III,1610612749,MIL,Milwaukee Bucks,0021501225,2016-04-13,MIL vs. IND,L,16,4,7,0.571,0,0,,0,0,,0,6,6,0,0,0,0,0,8,2,15.2,1,2015-16
22015,1626173,Rashad Vaughn,1610612749,MIL,Milwaukee Bucks,0021501225,2016-04-13,MIL vs. IND,L,36,4,14,0.286,2,8,0.25,0,0,,1,3,4,2,1,1,1,3,10,7,22.8,1,2015-16
22015,203498,Shabazz Muhammad,1610612750,MIN,Minnesota Timberwolves,0021501226,2016-04-13,MIN vs. NOP,W,23,12,16,0.75,1,3,0.333,3,3,1.0,0,0,0,3,1,0,1,1,28,20,34.5,1,2015-16
22015,203952,Andrew Wiggins,1610612750,MIN,Minnesota Timberwolves,0021501226,2016-04-13,MIN vs. NOP,W,33,8,14,0.571,1,2,0.5,4,6,0.667,1,3,4,0,0,2,0,1,21,27,31.8,1,2015-16
22015,204014,Damjan Rudez,1610612750,MIN,Minnesota Timberwolves,0021501226,2016-04-13,MIN vs. NOP,W,9,0,0,,0,0,,0,0,,0,2,2,0,0,0,0,2,0,-3,2.4,1,2015-16
22015,1626191,Chris McCullough,1610612751,BKN,Brooklyn Nets,0021501218,2016-04-13,BKN vs. TOR,L,22,3,7,0.429,0,3,0.0,0,0,,2,3,5,1,3,1,1,0,6,-1,24.5,1,2015-16
22015,202696,Nikola Vučević,1610612753,ORL,Orlando Magic,0021501219,2016-04-13,ORL @ CHA,L,20,8,13,0.615,0,0,,1,2,0.5,0,4,4,1,0,0,0,2,17,-3,23.3,1,2015-16
22015,203901,Elfrid Payton,1610612753,ORL,Orlando Magic,0021501219,2016-04-13,ORL @ CHA,L,25,1,5,0.2,0,2,0.0,0,2,0.0,1,3,4,7,1,0,2,1,2,-5,18.3,1,2015-16
22015,1626209,Mario Hezonja,1610612753,ORL,Orlando Magic,0021501219,2016-04-13,ORL @ CHA,L,42,3,11,0.273,1,7,0.143,3,3,1.0,0,5,5,4,1,0,0,2,10,-13,25.0,1,2015-16
22015,201155,Rodney Stuckey,1610612754,IND,Indiana Pacers,0021501225,2016-04-13,IND @ MIL,W,23,4,8,0.5,0,2,0.0,4,4,1.0,0,4,4,6,0,0,2,0,12,1,23.8,1,2015-16
22015,203524,Solomon Hill,1610612754,IND,Indiana Pacers,0021501225,2016-04-13,IND @ MIL,W,33,8,15,0.533,7,11,0.636,2,2,1.0,0,6,6,3,4,0,2,2,25,7,46.7,1,2015-16
22015,203922,Glenn Robinson III,1610612754,IND,Indiana Pacers,0021501225,2016-04-13,IND @ MIL,W,28,6,12,0.5,2,3,0.667,0,0,,0,2,2,2,1,0,1,0,14,3,21.4,1,2015-16
22015,203963,Shayne Whittington,1610612754,IND,Indiana Pacers,0021501225,2016-04-13,IND @ MIL,W,24,3,7,0.429,0,1,0.0,1,2,0.5,4,4,8,0,0,0,3,2,7,0,13.6,1,2015-16
22015,204456,T.J. McConnell,1610612755,PHI,Philadelphia 76ers,0021501222,2016-04-13,PHI @ CHI,L,22,4,6,0.667,1,1,1.0,0,0,,0,3,3,9,3,0,4,1,9,-2,31.1,1,2015-16
22015,201978,Chase Budinger,1610612756,PHX,Phoenix Suns,0021501229,2016-04-13,PHX vs. LAC,W,16,3,5,0.6,0,1,0.0,0,0,,3,2,5,2,2,0,0,0,6,0,21.0,1,2015-16
22015,202720,Jon Leuer,1610612756,PHX,Phoenix Suns,0021501229,2016-04-13,PHX vs. LAC,W,20,7,8,0.875,0,0,,2,2,1.0,6,8,14,2,2,1,1,1,16,7,43.8,1,2015-16
22015,203458,Alex Len,1610612756,PHX,Phoenix Suns,0021501229,2016-04-13,PHX vs. LAC,W,28,4,10,0.4,0,0,,2,4,0.5,0,3,3,1,0,0,1,0,10,11,14.1,1,2015-16
22015,203090,Maurice Harkless,1610612757,POR,Portland Trail Blazers,0021501230,2016-04-13,POR vs. DEN,W,18,1,5,0.2,1,2,0.5,0,0,,1,0,1,1,1,2,0,3,3,2,14.7,1,2015-16
22015,203468,CJ McCollum,1610612757,POR,Portland Trail Blazers,0021501230,2016-04-13,POR vs. DEN,W,27,8,17,0.471,1,6,0.167,0,0,,0,3,3,5,1,1,1,0,17,9,33.1,1,2015-16
22015,1626242,Luis Montero,1610612757,POR,Portland Trail Blazers,0021501230,2016-04-13,POR vs. DEN,W,9,0,3,0.0,0,2,0.0,0,0,,0,1,1,0,0,0,1,0,0,-10,0.2,1,2015-16
22015,203961,Eric Moreland,1610612758,SAC,Sacramento Kings,0021501224,2016-04-13,SAC @ HOU,L,4,0,1,0.0,0,0,,0,0,,2,1,3,1,0,0,0,1,0,-8,5.1,1,2015-16
22015,1626251,Duje Dukan,1610612758,SAC,Sacramento Kings,0021501224,2016-04-13,SAC @ HOU,L,24,2,10,0.2,2,5,0.4,0,0,,2,2,4,1,1,0,0,2,6,-8,15.3,1,2015-16
22015,2588,Matt Bonner,1610612759,SAS,San Antonio Spurs,0021501223,2016-04-13,SAS @ DAL,W,23,2,6,0.333,2,4,0.5,0,0,,0,1,1,1,0,1,0,2,6,10,11.7,1,2015-16
22015,203613,Jonathon Simmons,1610612759,SAS,San Antonio Spurs,0021501223,2016-04-13,SAS @ DAL,W,31,7,14,0.5,0,3,0.0,5,9,0.556,1,6,7,2,2,0,2,2,19,-9,34.4,1,2015-16
22015,202330,Gordon Hayward,1610612762,UTA,Utah Jazz,0021501228,2016-04-13,UTA @ LAL,L,32,6,16,0.375,2,6,0.333,3,5,0.6,1,1,2,3,0,0,2,2,17,-12,21.9,1,2015-16
22015,202714,Shelvin Mack,1610612762,UTA,Utah Jazz,0021501228,2016-04-13,UTA @ LAL,L,35,5,12,0.417,0,4,0.0,2,2,1.0,1,4,5,6,0,0,3,2,12,-1,24.0,1,2015-16
22015,203526,Raul Neto,1610612762,UTA,Utah Jazz,0021501228,2016-04-13,UTA @ LAL,L,19,4,7,0.571,0,2,0.0,0,0,,0,1,1,4,0,0,0,0,8,5,15.2,1,2015-16
22015,1626168,Trey Lyles,1610612762,UTA,Utah Jazz,0021501228,2016-04-13,UTA @ LAL,L,39,7,15,0.467,2,6,0.333,2,3,0.667,2,9,11,3,5,0,3,2,18,-6,47.7,1,2015-16
22015,2365,Chris Andersen,1610612763,MEM,Memphis Grizzlies,0021501227,2016-04-13,MEM @ GSW,L,8,0,0,,0,0,,0,0,,0,1,1,0,0,0,0,0,0,-2,1.2,1,2015-16
22015,200770,Jordan Farmar,1610612763,MEM,Memphis Grizzlies,0021501227,2016-04-13,MEM @ GSW,L,21,4,9,0.444,1,4,0.25,0,0,,0,2,2,4,2,0,1,3,9,-4,22.4,1,2015-16
22015,203210,JaMychal Green,1610612763,MEM,Memphis Grizzlies,0021501227,2016-04-13,MEM @ GSW,L,26,5,8,0.625,0,0,,2,3,0.667,4,4,8,2,0,0,2,2,12,-13,22.6,1,2015-16
22015,203955,Bryce Cotton,1610612763,MEM,Memphis Grizzlies,0021501227,2016-04-13,MEM @ GSW,L,2,1,1,1.0,0,0,,0,0,,0,0,0,0,0,0,0,0,2,-1,2.0,1,2015-16
22015,1626162,Kelly Oubre Jr.,1610612764,WAS,Washington Wizards,0021501221,2016-04-13,WAS vs. ATL,W,26,3,8,0.375,0,1,0.0,0,2,0.0,0,3,3,0,0,1,2,3,6,-3,10.6,1,2015-16
22015,201229,Anthony Tolliver,1610612765,DET,Detroit Pistons,0021501220,2016-04-13,DET @ CLE,W,39,5,10,0.5,5,9,0.556,0,0,,1,7,8,1,0,0,2,1,15,4,24.1,1,2015-16
22015,202391,Jeremy Lin,1610612766,CHA,Charlotte Hornets,0021501219,2016-04-13,CHA vs. ORL,W,21,4,7,0.571,2,3,0.667,0,0,,1,3,4,4,0,0,1,1,10,5,19.8,1,2015-16
22015,1626163,Frank Kaminsky,1610612766,CHA,Charlotte Hornets,0021501219,2016-04-13,CHA vs. ORL,W,20,1,5,0.2,0,1,0.0,1,2,0.5,0,2,2,1,0,0,1,0,3,5,5.9,1,2015-16
22015,201973,Jonas Jerebko,1610612738,BOS,Boston Celtics,0021501217,2016-04-13,BOS vs. MIA,W,16,1,4,0.25,1,1,1.0,1,2,0.5,2,3,5,1,0,1,1,2,4,9,13.5,1,2015-16
22015,202340,Avery Bradley,1610612738,BOS,Boston Celtics,0021501217,2016-04-13,BOS vs. MIA,W,31,8,12,0.667,1,2,0.5,0,0,,1,6,7,0,1,0,1,2,17,2,27.4,1,2015-16
22015,202738,Isaiah Thomas,1610612738,BOS,Boston Celtics,0021501217,2016-04-13,BOS vs. MIA,W,34,4,15,0.267,2,4,0.5,11,12,0.917,0,4,4,6,1,0,1,2,21,5,36.8,1,2015-16
22015,203482,Kelly Olynyk,1610612738,BOS,Boston Celtics,0021501217,2016-04-13,BOS vs. MIA,W,18,4,9,0.444,0,2,0.0,3,3,1.0,0,1,1,3,3,0,0,1,11,14,25.7,1,2015-16
22015,202389,Timofey Mozgov,1610612739,CLE,Cleveland Cavaliers,0021501220,2016-04-13,CLE vs. DET,L,37,7,12,0.583,0,0,,0,0,,1,11,12,3,0,2,1,2,14,1,37.9,1,2015-16
22015,201600,Omer Asik,1610612740,NOP,New Orleans Pelicans,0021501226,2016-04-13,NOP @ MIN,L,32,10,13,0.769,0,0,,4,6,0.667,3,8,11,1,1,0,2,1,24,-14,39.7,1,2015-16
22015,201962,Toney Douglas,1610612740,NOP,New Orleans Pelicans,0021501226,2016-04-13,NOP @ MIN,L,42,6,13,0.462,2,5,0.4,8,8,1.0,3,1,4,5,4,0,3,2,22,-21,43.3,1,2015-16
22015,203926,Doug McDermott,1610612741,CHI,Chicago Bulls,0021501222,2016-04-13,CHI vs. PHI,W,34,7,11,0.636,0,1,0.0,2,3,0.667,0,1,1,3,0,0,0,2,16,0,21.7,1,2015-16
22015,1626171,Bobby Portis,1610612741,CHI,Chicago Bulls,0021501222,2016-04-13,CHI vs. PHI,W,28,3,9,0.333,1,1,1.0,2,2,1.0,4,10,14,1,1,0,5,0,9,-9,25.3,1,2015-16
22015,101109,Raymond Felton,1610612742,DAL,Dallas Mavericks,0021501223,2016-04-13,DAL vs. SAS,L,33,9,16,0.563,2,6,0.333,2,2,1.0,1,3,4,2,1,0,3,2,22,4,29.8,1,2015-16
22015,101114,Deron Williams,1610612742,DAL,Dallas Mavericks,0021501223,2016-04-13,DAL vs. SAS,L,37,4,13,0.308,2,7,0.286,3,3,1.0,0,2,2,7,0,0,3,3,13,-15,22.9,1,2015-16
22015,201571,D.J. Augustin,1610612743,DEN,Denver Nuggets,0021501230,2016-04-13,DEN @ POR,L,15,2,6,0.333,0,2,0.0,0,1,0.0,0,1,1,3,1,1,1,2,4,-9,14.7,1,2015-16
22015,203115,Will Barton,1610612743,DEN,Denver Nuggets,0021501230,2016-04-13,DEN @ POR,L,25,3,8,0.375,1,5,0.2,1,1,1.0,1,2,3,2,0,0,0,0,8,3,14.6,1,2015-16
22015,203960,JaKarr Sampson,1610612743,DEN,Denver Nuggets,0021501230,2016-04-13,DEN @ POR,L,9,0,2,0.0,0,0,,0,0,,1,0,1,0,1,0,0,1,0,1,4.2,1,2015-16
22015,1626144,Emmanuel Mudiay,1610612743,DEN,Denver Nuggets,0021501230,2016-04-13,DEN @ POR,L,37,11,23,0.478,1,4,0.25,2,2,1.0,0,4,4,6,0,0,4,1,25,-1,34.8,1,2015-16
22015,2571,Leandro Barbosa,1610612744,GSW,Golden State Warriors,0021501227,2016-04-13,GSW vs. MEM,W,18,2,5,0.4,1,2,0.5,0,0,,1,5,6,1,0,1,2,1,5,2,14.7,1,2015-16
22015,203949,James Michael McAdoo,1610612744,GSW,Golden State Warriors,0021501227,2016-04-13,GSW vs. MEM,W,3,0,2,0.0,0,1,0.0,0,0,,0,0,0,0,0,1,0,0,0,1,3.0,1,2015-16
22015,2772,Trevor Ariza,1610612745,HOU,Houston Rockets,0021501224,2016-04-13,HOU vs. SAC,W,22,2,9,0.222,0,5,0.0,0,0,,2,2,4,2,0,0,3,0,4,8,8.8,1,2015-16
22015,201563,Michael Beasley,1610612745,HOU,Houston Rockets,0021501224,2016-04-13,HOU vs. SAC,W,17,4,8,0.5,0,0,,2,2,1.0,0,5,5,2,1,1,1,0,10,13,24.0,1,2015-16
22015,203991,Clint Capela,1610612745,HOU,Houston Rockets,0021501224,2016-04-13,HOU vs. SAC,W,23,3,5,0.6,0,0,,0,3,0.0,5,12,17,1,0,3,1,2,6,25,35.9,1,2015-16
22015,201145,Jeff Green,1610612746,LAC,LA Clippers,0021501229,2016-04-13,LAC @ PHX,L,25,5,11,0.455,0,2,0.0,2,2,1.0,1,6,7,5,0,0,3,2,12,-6,24.9,1,2015-16
22015,203912,C.J. Wilcox,1610612746,LAC,LA Clippers,0021501229,2016-04-13,LAC @ PHX,L,29,8,13,0.615,3,6,0.5,0,0,,0,3,3,1,0,1,0,3,19,4,27.1,1,2015-16
22015,1626196,Josh Richardson,1610612748,MIA,Miami Heat,0021501217,2016-04-13,MIA @ BOS,L,27,0,6,0.0,0,4,0.0,0,0,,2,2,4,1,0,1,0,3,0,-4,9.3,1,2015-16
22015,202349,Greivis Vasquez,1610612749,MIL,Milwaukee Bucks,0021501225,2016-04-13,MIL vs. IND,L,22,1,5,0.2,1,4,0.25,0,0,,0,1,1,4,1,0,1,2,3,-8,12.2,1,2015-16
22015,203114,Khris Middleton,1610612749,MIL,Milwaukee Bucks,0021501225,2016-04-13,MIL vs. IND,L,8,0,3,0.0,0,1,0.0,0,0,,0,0,0,2,0,0,0,1,0,-10,3.0,1,2015-16
22015,201937,Ricky Rubio,1610612750,MIN,Minnesota Timberwolves,0021501226,2016-04-13,MIN vs. NOP,W,22,1,3,0.333,1,2,0.5,4,4,1.0,0,4,4,10,5,0,2,3,7,21,39.8,1,2015-16
22015,203499,Shane Larkin,1610612751,BKN,Brooklyn Nets,0021501218,2016-04-13,BKN vs. TOR,L,28,3,7,0.429,0,0,,0,1,0.0,0,3,3,4,2,0,2,1,6,-1,19.6,1,2015-16
22015,1626178,Rondae Hollis-Jefferson,1610612751,BKN,Brooklyn Nets,0021501218,2016-04-13,BKN vs. TOR,L,24,3,5,0.6,0,0,,2,4,0.5,0,3,3,1,1,2,1,1,8,-4,21.1,1,2015-16
22015,101141,Ersan Ilyasova,1610612753,ORL,Orlando Magic,0021501219,2016-04-13,ORL @ CHA,L,20,3,8,0.375,1,2,0.5,0,0,,2,5,7,0,0,0,2,1,7,-11,13.4,1,2015-16
22015,203094,Andrew Nicholson,1610612753,ORL,Orlando Magic,0021501219,2016-04-13,ORL @ CHA,L,4,0,1,0.0,0,0,,0,0,,1,0,1,0,0,0,0,0,0,-3,1.2,1,2015-16
22015,203473,Dewayne Dedmon,1610612753,ORL,Orlando Magic,0021501219,2016-04-13,ORL @ CHA,L,12,2,2,1.0,0,0,,0,0,,0,4,4,0,0,2,2,3,4,-3,12.8,1,2015-16
22015,203932,Aaron Gordon,1610612753,ORL,Orlando Magic,0021501219,2016-04-13,ORL @ CHA,L,24,9,17,0.529,1,4,0.25,3,4,0.75,1,4,5,1,2,1,0,1,22,0,38.5,1,2015-16
22015,201951,Ty Lawson,1610612754,IND,Indiana Pacers,0021501225,2016-04-13,IND @ MIL,W,26,3,7,0.429,1,2,0.5,1,2,0.5,0,1,1,6,0,0,3,0,8,3,15.2,1,2015-16
22015,202730,Lavoy Allen,1610612754,IND,Indiana Pacers,0021501225,2016-04-13,IND @ MIL,W,25,7,12,0.583,0,0,,0,0,,3,3,6,0,0,0,0,4,14,18,21.2,1,2015-16
22015,203457,Nerlens Noel,1610612755,PHI,Philadelphia 76ers,0021501222,2016-04-13,PHI @ CHI,L,33,3,10,0.3,0,1,0.0,1,2,0.5,1,5,6,2,3,3,1,5,7,-13,34.2,1,2015-16
22015,101179,Ronnie Price,1610612756,PHX,Phoenix Suns,0021501229,2016-04-13,PHX vs. LAC,W,18,1,4,0.25,1,4,0.25,0,0,,0,1,1,4,1,0,2,0,3,13,11.2,1,2015-16
22015,203098,John Jenkins,1610612756,PHX,Phoenix Suns,0021501229,2016-04-13,PHX vs. LAC,W,21,3,5,0.6,1,2,0.5,0,0,,0,2,2,3,0,0,0,1,7,-4,13.9,1,2015-16
22015,203463,Ben McLemore,1610612758,SAC,Sacramento Kings,0021501224,2016-04-13,SAC @ HOU,L,40,10,20,0.5,4,9,0.444,0,0,,2,3,5,3,2,0,3,2,24,-35,37.5,1,2015-16
22015,203552,Seth Curry,1610612758,SAC,Sacramento Kings,0021501224,2016-04-13,SAC @ HOU,L,40,3,18,0.167,3,12,0.25,1,1,1.0,1,5,6,5,0,0,5,1,10,-37,19.7,1,2015-16
22015,2755,Kevin Martin,1610612759,SAS,San Antonio Spurs,0021501223,2016-04-13,SAS @ DAL,W,24,2,9,0.222,0,5,0.0,3,3,1.0,1,1,2,0,0,0,1,2,7,-19,8.4,1,2015-16
22015,201980,Danny Green,1610612759,SAS,San Antonio Spurs,0021501223,2016-04-13,SAS @ DAL,W,27,5,11,0.455,2,5,0.4,0,1,0.0,0,2,2,3,1,0,0,2,12,21,21.9,1,2015-16
22015,202687,Bismack Biyombo,1610612761,TOR,Toronto Raptors,0021501218,2016-04-13,TOR @ BKN,W,12,1,3,0.333,0,0,,1,2,0.5,3,2,5,1,0,2,0,1,3,3,16.5,1,2015-16
22015,202362,Lance Stephenson,1610612763,MEM,Memphis Grizzlies,0021501227,2016-04-13,MEM @ GSW,L,35,8,14,0.571,3,3,1.0,3,3,1.0,0,2,2,4,2,0,1,2,22,-18,35.4,1,2015-16
22015,1626185,Jarell Martin,1610612763,MEM,Memphis Grizzlies,0021501227,2016-04-13,MEM @ GSW,L,24,4,8,0.5,0,0,,3,4,0.75,2,3,5,0,1,0,3,4,11,-6,17.0,1,2015-16
22015,201162,Jared Dudley,1610612764,WAS,Washington Wizards,0021501221,2016-04-13,WAS vs. ATL,W,33,5,8,0.625,1,4,0.25,3,4,0.75,2,4,6,4,2,0,1,3,14,30,32.2,1,2015-16
22015,2581,Steve Blake,1610612765,DET,Detroit Pistons,0021501220,2016-04-13,DET @ CLE,W,24,5,7,0.714,3,4,0.75,0,0,,0,2,2,6,1,1,2,1,13,1,28.4,1,2015-16
22015,201202,Joel Anthony,1610612765,DET,Detroit Pistons,0021501220,2016-04-13,DET @ CLE,W,25,3,3,1.0,0,0,,1,2,0.5,1,3,4,0,0,8,0,2,7,3,35.8,1,2015-16
22015,203493,Reggie Bullock Jr.,1610612765,DET,Detroit Pistons,0021501220,2016-04-13,DET @ CLE,W,38,5,8,0.625,3,5,0.6,2,2,1.0,0,8,8,4,0,0,1,1,15,12,29.6,1,2015-16
22015,101107,Marvin Williams,1610612766,CHA,Charlotte Hornets,0021501219,2016-04-13,CHA vs. ORL,W,10,4,5,0.8,2,3,0.667,1,1,1.0,0,4,4,0,0,0,0,0,11,12,15.8,1,2015-16
22015,203087,Jeremy Lamb,1610612766,CHA,Charlotte Hornets,0021501219,2016-04-13,CHA vs. ORL,W,30,6,10,0.6,0,3,0.0,0,0,,1,8,9,2,1,3,3,2,12,-4,34.8,1,2015-16
22015,203469,Cody Zeller,1610612766,CHA,Charlotte Hornets,0021501219,2016-04-13,CHA vs. ORL,W,13,1,2,0.5,0,0,,1,2,0.5,1,2,3,0,1,0,0,1,3,6,9.6,1,2015-16
22015,201143,Al Horford,1610612737,ATL,Atlanta Hawks,0021501221,2016-04-13,ATL @ WAS,L,30,6,10,0.6,2,5,0.4,5,5,1.0,0,8,8,2,1,1,2,2,19,-10,35.6,1,2015-16
22015,203145,Kent Bazemore,1610612737,ATL,Atlanta Hawks,0021501221,2016-04-13,ATL @ WAS,L,21,1,7,0.143,0,4,0.0,2,2,1.0,0,8,8,4,2,0,4,3,4,-24,21.6,1,2015-16
22015,203488,Mike Muscala,1610612737,ATL,Atlanta Hawks,0021501221,2016-04-13,ATL @ WAS,L,10,2,4,0.5,0,0,,2,2,1.0,1,0,1,1,0,1,0,3,6,7,11.7,1,2015-16
22015,202710,Jimmy Butler III,1610612741,CHI,Chicago Bulls,0021501222,2016-04-13,CHI vs. PHI,W,26,4,12,0.333,0,0,,2,3,0.667,5,7,12,10,0,1,3,1,10,14,39.4,1,2015-16
22015,203156,Henry Sims,1610612751,BKN,Brooklyn Nets,0021501218,2016-04-13,BKN vs. TOR,L,23,5,7,0.714,0,0,,0,0,,2,5,7,1,0,3,0,3,10,-2,28.9,1,2015-16
22015,203900,Markel Brown,1610612751,BKN,Brooklyn Nets,0021501218,2016-04-13,BKN vs. TOR,L,32,4,14,0.286,1,5,0.2,0,0,,0,6,6,0,0,2,1,1,9,-10,21.2,1,2015-16
22015,201228,C.J. Watson,1610612753,ORL,Orlando Magic,0021501219,2016-04-13,ORL @ CHA,L,19,3,5,0.6,0,1,0.0,1,1,1.0,0,0,0,3,0,0,2,0,7,-6,9.5,1,2015-16
22015,200782,P.J. Tucker,1610612756,PHX,Phoenix Suns,0021501229,2016-04-13,PHX vs. LAC,W,30,5,9,0.556,1,3,0.333,3,4,0.75,1,6,7,3,1,0,2,3,14,5,27.9,1,2015-16
22015,203486,Mason Plumlee,1610612757,POR,Portland Trail Blazers,0021501230,2016-04-13,POR vs. DEN,W,24,2,4,0.5,0,0,,4,4,1.0,2,6,8,1,2,2,4,0,8,7,27.1,1,2015-16
22015,203082,Terrence Ross,1610612761,TOR,Toronto Raptors,0021501218,2016-04-13,TOR @ BKN,W,29,9,21,0.429,5,12,0.417,1,2,0.5,2,8,10,2,0,1,0,1,24,5,42.0,1,2015-16
22015,1626181,Norman Powell,1610612761,TOR,Toronto Raptors,0021501218,2016-04-13,TOR @ BKN,W,37,12,18,0.667,5,6,0.833,1,3,0.333,1,8,9,5,1,0,1,2,30,0,50.3,1,2015-16
22015,203187,Chris Johnson,1610612762,UTA,Utah Jazz,0021501228,2016-04-13,UTA @ LAL,L,20,3,5,0.6,1,3,0.333,0,0,,0,2,2,1,0,0,2,2,7,19,8.9,1,2015-16
22015,203382,Aron Baynes,1610612765,DET,Detroit Pistons,0021501220,2016-04-13,DET @ CLE,W,28,5,9,0.556,0,0,,4,4,1.0,3,2,5,1,0,0,3,3,14,-1,18.5,1,2015-16
22015,201946,Tyler Hansbrough,1610612766,CHA,Charlotte Hornets,0021501219,2016-04-13,CHA vs. ORL,W,12,2,3,0.667,0,0,,4,6,0.667,0,1,1,1,0,0,1,2,8,7,9.7,1,2015-16
